Date,Open,High,Low,Close,Volume,Adj Close
2008-10-20,418,424,398,420,5704000,420
2008-10-21,441,447,424,439,4518000,439
2008-10-22,424,428,401,401,3136000,401
2008-10-23,390,413,376,410,6244000,410
2008-10-24,411,418,392,395,6815000,395
2008-10-27,420,421,382,385,7818000,385
2008-10-28,387,415,380,415,6752000,415
2008-10-29,436,445,409,445,6613000,445
2008-10-30,450,489,443,488,6304000,488
2008-10-31,478,500,461,473,6882000,473
2008-11-04,500,515,496,515,4380000,515
2008-11-05,520,528,495,506,4031000,506
2008-11-06,491,499,462,467,4185000,467
2008-11-07,448,471,441,457,4115000,457
2008-11-10,472,489,471,485,2981000,485
2008-11-11,486,494,467,467,3713000,467
2008-11-12,452,471,433,434,6185000,434
2008-11-13,435,503,428,492,14709000,492
2008-11-14,502,506,485,491,5793000,491
2008-11-17,486,515,476,497,6412000,497
2008-11-18,495,504,487,497,3790000,497
2008-11-19,501,503,483,485,3641000,485
2008-11-20,471,473,452,452,4050000,452
2008-11-21,446,488,440,486,4824000,486
2008-11-25,508,510,469,490,7050000,490
2008-11-26,486,512,484,506,6312000,506
2008-11-27,507,516,502,505,3147000,505
2008-11-28,495,503,492,502,4272000,502
2008-12-01,499,499,484,485,2126000,485
2008-12-02,470,493,462,477,3751000,477
2008-12-03,477,487,470,486,2270000,486
2008-12-04,484,494,477,478,3524000,478
2008-12-05,479,489,476,480,2987000,480
2008-12-08,479,510,479,508,3044000,508
2008-12-09,503,515,503,515,3281000,515
2008-12-10,517,527,514,522,4338000,522
2008-12-11,511,519,504,515,3387000,515
2008-12-12,490,512,479,488,8632000,488
2008-12-15,508,515,506,509,2685000,509
2008-12-16,508,511,498,506,2190000,506
2008-12-17,512,517,494,510,2997000,510
2008-12-18,504,520,504,513,3239000,513
2008-12-19,514,524,512,513,2634000,513
2008-12-22,513,519,497,500,3787000,500
2008-12-24,495,495,484,492,1089000,492
2008-12-25,501,503,493,501,1175000,501
2008-12-26,501,509,498,509,936000,509
2008-12-29,506,513,503,513,997000,513
2008-12-30,505,520,505,520,890000,520
2009-01-05,530,530,517,517,707000,517
2009-01-06,517,521,493,496,2523000,496
2009-01-07,496,498,479,481,3795000,481
2009-01-08,480,481,455,460,4104000,460
2009-01-09,470,476,454,455,3572000,455
2009-01-13,451,451,431,432,2986000,432
2009-01-14,437,442,430,436,2865000,436
2009-01-15,424,434,416,427,3738000,427
2009-01-16,432,440,425,437,2467000,437
2009-01-19,442,446,437,437,1759000,437
2009-01-20,438,439,424,429,1956000,429
2009-01-21,425,433,422,422,2852000,422
2009-01-22,422,430,417,430,2528000,430
2009-01-23,430,430,412,414,2362000,414
2009-01-26,403,404,394,396,3570000,396
2009-01-27,392,402,385,400,4785000,400
2009-01-28,405,407,388,399,2259000,399
2009-01-29,407,411,393,407,3643000,407
2009-01-30,392,412,392,412,2859000,412
2009-02-02,400,400,387,388,3142000,388
2009-02-03,389,399,379,380,3037000,380
2009-02-04,380,394,376,394,3113000,394
2009-02-05,399,399,384,387,3093000,387
2009-02-06,390,393,375,380,3829000,380
2009-02-09,390,390,362,364,3798000,364
2009-02-10,369,383,363,366,4875000,366
2009-02-12,348,354,339,341,4715000,341
2009-02-13,345,360,343,352,3870000,352
2009-02-16,376,382,366,374,6365000,374
2009-02-17,370,389,369,373,7466000,373
2009-02-18,382,414,376,408,12666000,408
2009-02-19,410,419,398,403,7527000,403
2009-02-20,398,405,378,380,5090000,380
2009-02-23,377,381,367,378,3565000,378
2009-02-24,373,382,368,377,5072000,377
2009-02-25,392,395,367,370,4478000,370
2009-02-26,367,370,354,356,7745000,356
2009-02-27,357,374,351,371,6258000,371
2009-03-02,359,366,357,362,2852000,362
2009-03-03,357,367,355,360,2842000,360
2009-03-04,355,372,353,368,3385000,368
2009-03-05,375,397,374,392,6976000,392
2009-03-06,382,393,375,381,6038000,381
2009-03-09,381,393,375,378,4227000,378
2009-03-10,375,386,373,378,3388000,378
2009-03-11,386,391,366,367,6282000,367
2009-03-12,362,370,349,356,5159000,356
2009-03-13,364,378,364,371,5671000,371
2009-03-16,375,398,375,390,4447000,390
2009-03-17,389,407,386,405,4532000,405
2009-03-18,409,415,406,413,4939000,413
2009-03-19,418,420,409,415,2601000,415
2009-03-23,408,422,406,420,3490000,420
2009-03-24,429,440,424,439,4847000,439
2009-03-25,440,442,426,431,3539000,431
2009-03-26,437,440,425,439,2602000,439
2009-03-27,438,444,420,422,3880000,422
2009-03-30,427,433,405,406,3594000,406
2009-03-31,411,425,406,409,3507000,409
2009-04-01,406,418,398,417,3742000,417
2009-04-02,427,446,418,446,4015000,446
2009-04-03,449,450,431,434,2864000,434
2009-04-06,444,444,425,427,3629000,427
2009-04-07,429,437,428,431,4325000,431
2009-04-08,430,434,412,420,4171000,420
2009-04-09,435,447,428,446,5932000,446
2009-04-10,456,456,439,453,5143000,453
2009-04-13,456,465,450,452,3211000,452
2009-04-14,459,461,449,451,4028000,451
2009-04-15,451,454,446,452,2124000,452
2009-04-16,462,470,446,449,3828000,449
2009-04-17,459,464,455,461,2804000,461
2009-04-20,464,466,454,455,2707000,455
2009-04-21,454,454,439,446,2602000,446
2009-04-22,447,450,436,437,2947000,437
2009-04-23,449,457,440,454,3239000,454
2009-04-24,459,460,449,453,2649000,453
2009-04-27,458,465,454,464,2710000,464
2009-04-28,462,472,457,457,3738000,457
2009-04-30,473,474,466,472,1835000,472
2009-05-01,470,470,458,464,1868000,464
2009-05-07,482,482,468,476,2520000,476
2009-05-08,477,477,464,473,3977000,473
2009-05-11,471,475,465,468,2080000,468
2009-05-12,463,465,450,451,4065000,451
2009-05-13,456,461,449,452,3240000,452
2009-05-14,445,447,439,441,2233000,441
2009-05-15,446,466,442,458,6465000,458
2009-05-18,459,459,443,448,3291000,448
2009-05-19,449,451,438,445,3717000,445
2009-05-20,440,441,428,429,4149000,429
2009-05-21,430,432,422,431,4054000,431
2009-05-22,422,431,422,428,2524000,428
2009-05-25,429,432,424,427,2538000,427
2009-05-26,428,428,418,424,2969000,424
2009-05-27,429,437,428,437,3869000,437
2009-05-28,432,438,432,435,2626000,435
2009-05-29,432,434,425,429,2436000,429
2009-06-01,430,441,427,439,2584000,439
2009-06-02,443,445,433,435,3461000,435
2009-06-03,428,432,422,424,3573000,424
2009-06-04,420,421,409,411,5566000,411
2009-06-05,414,414,408,413,2022000,413
2009-06-08,409,413,405,408,2849000,408
2009-06-09,403,406,398,399,3042000,399
2009-06-10,403,411,402,411,3598000,411
2009-06-11,410,420,409,413,3677000,413
2009-06-12,418,418,408,417,8101000,417
2009-06-15,419,428,418,428,3900000,428
2009-06-16,420,422,411,412,2903000,412
2009-06-17,408,418,408,413,2552000,413
2009-06-18,410,412,404,405,3216000,405
2009-06-19,400,404,394,400,4997000,400
2009-06-22,404,411,400,409,2711000,409
2009-06-23,402,405,396,398,4273000,398
2009-06-24,398,399,390,395,4437000,395
2009-06-25,400,409,398,406,3609000,406
2009-06-26,407,408,403,407,2516000,407
2009-06-29,406,413,404,406,3469000,406
2009-06-30,406,422,406,420,4990000,420
2009-07-01,419,423,414,418,3868000,418
2009-07-02,423,423,411,413,3587000,413
2009-07-03,405,406,397,399,4526000,399
2009-07-06,393,394,386,388,4774000,388
2009-07-07,389,395,387,390,2513000,390
2009-07-08,385,388,381,381,2575000,381
2009-07-09,378,379,373,373,1818000,373
2009-07-10,378,385,375,381,3285000,381
2009-07-13,375,380,356,356,4537000,356
2009-07-14,366,368,360,365,3720000,365
2009-07-15,371,373,359,361,3209000,361
2009-07-16,370,370,357,357,2492000,357
2009-07-17,358,369,358,365,2339000,365
2009-07-21,375,376,368,375,2253000,375
2009-07-22,372,384,371,380,2202000,380
2009-07-23,380,381,371,373,2209000,373
2009-07-24,382,382,371,375,2066000,375
2009-07-27,376,379,375,376,1874000,376
2009-07-28,379,379,373,375,1388000,375
2009-07-29,375,376,371,374,1924000,374
2009-07-30,372,373,366,368,1073000,368
2009-07-31,375,389,374,389,4798000,389
2009-08-03,390,390,382,387,2130000,387
2009-08-04,390,393,386,393,2848000,393
2009-08-05,394,397,390,395,2492000,395
2009-08-06,390,395,383,394,2209000,394
2009-08-07,389,391,374,380,4144000,380
2009-08-10,385,391,380,388,2138000,388
2009-08-11,391,403,390,402,3371000,402
2009-08-12,400,400,393,394,2308000,394
2009-08-13,398,402,395,401,1697000,401
2009-08-14,398,398,393,395,2946000,395
2009-08-17,390,392,379,379,3429000,379
2009-08-18,379,382,375,379,2274000,379
2009-08-19,379,379,371,371,2223000,371
2009-08-20,372,380,367,379,2030000,379
2009-08-21,376,378,370,374,2406000,374
2009-08-24,384,385,382,384,1700000,384
2009-08-25,385,385,379,383,1451000,383
2009-08-26,383,390,383,390,1425000,390
2009-08-27,387,390,381,388,2467000,388
2009-08-28,387,387,382,382,1387000,382
2009-08-31,385,390,379,384,1717000,384
2009-09-01,379,387,377,385,1776000,385
2009-09-02,375,376,371,371,1882000,371
2009-09-03,370,370,365,366,1416000,366
2009-09-04,367,367,353,356,2427000,356
2009-09-07,361,366,358,364,2533000,364
2009-09-08,364,370,363,368,2051000,368
2009-09-09,369,369,361,362,2584000,362
2009-09-10,365,370,364,367,2589000,367
2009-09-11,377,379,370,379,10558000,379
2009-09-14,374,375,366,368,2095000,368
2009-09-15,368,371,363,365,1911000,365
2009-09-16,366,382,365,372,3869000,372
2009-09-17,371,380,365,367,2712000,367
2009-09-18,367,374,363,374,3373000,374
2009-09-24,377,378,367,375,2885000,375
2009-09-25,375,375,356,362,2842000,362
2009-09-28,356,358,351,357,2590000,357
2009-09-29,363,363,356,360,3760000,360
2009-09-30,355,356,350,353,2683000,353
2009-10-01,350,351,338,341,4179000,341
2009-10-02,344,350,341,345,7803000,345
2009-10-05,331,344,331,344,4737000,344
2009-10-06,342,344,328,337,4263000,337
2009-10-07,334,354,330,348,8276000,348
2009-10-08,345,366,339,364,8483000,364
2009-10-09,374,375,354,363,10149000,363
2009-10-13,360,363,351,359,4986000,359
2009-10-14,360,362,355,358,2214000,358
2009-10-15,359,362,355,357,2667000,357
2009-10-16,359,359,347,351,3872000,351
2009-10-19,347,351,343,347,3183000,347
2009-10-20,349,354,348,352,2568000,352
2009-10-21,349,360,349,356,3287000,356
2009-10-22,357,369,357,368,6162000,368
2009-10-23,370,376,367,368,4595000,368
2009-10-26,364,372,360,367,2947000,367
2009-10-27,364,367,357,358,2677000,358
2009-10-28,353,354,348,350,2277000,350
2009-10-29,345,352,342,352,2804000,352
2009-10-30,353,357,348,351,2060000,351
2009-11-02,349,349,342,345,2187000,345
2009-11-04,342,344,336,344,3303000,344
2009-11-05,345,351,343,350,2641000,350
2009-11-06,350,350,343,344,2567000,344
2009-11-09,348,352,345,348,2423000,348
2009-11-10,348,352,348,350,2835000,350
2009-11-11,352,356,350,352,1511000,352
2009-11-12,353,356,333,339,5918000,339
2009-11-13,339,340,332,333,3585000,333
2009-11-16,332,333,327,330,3394000,330
2009-11-17,331,331,322,325,3365000,325
2009-11-18,325,327,316,318,3683000,318
2009-11-19,317,318,305,310,4373000,310
2009-11-20,305,315,305,312,3092000,312
2009-11-24,315,316,302,306,2439000,306
2009-11-25,308,308,300,302,3299000,302
2009-11-26,297,306,296,302,2755000,302
2009-11-27,282,293,262,290,16151000,290
2009-11-30,291,299,287,299,6977000,299
2009-12-01,295,304,293,301,5905000,301
2009-12-02,299,303,293,294,3722000,294
2009-12-03,297,316,295,315,5337000,315
2009-12-04,310,315,309,312,4736000,312
2009-12-07,320,324,316,318,3856000,318
2009-12-08,313,319,310,312,2479000,312
2009-12-09,307,310,300,301,3503000,301
2009-12-10,310,310,297,299,3211000,299
2009-12-11,297,309,296,308,5886000,308
2009-12-14,304,321,301,314,6009000,314
2009-12-15,310,313,302,303,3044000,303
2009-12-16,313,317,310,312,2784000,312
2009-12-17,316,319,314,317,2004000,317
2009-12-18,312,318,311,314,2330000,314
2009-12-21,315,317,312,314,1407000,314
2009-12-22,317,325,316,324,2923000,324
2009-12-24,332,334,329,331,3000000,331
2009-12-25,335,335,326,329,2036000,329
2009-12-28,328,338,327,335,1802000,335
2009-12-29,337,340,334,334,1839000,334
2009-12-30,335,336,330,333,1346000,333
2010-01-04,333,337,332,333,1041000,333
2010-01-05,341,342,336,339,3737000,339
2010-01-06,342,352,341,351,3684000,351
2010-01-07,350,357,347,352,3565000,352
2010-01-08,360,368,353,364,7319000,364
2010-01-12,367,369,360,366,4288000,366
2010-01-13,363,368,361,364,3379000,364
2010-01-14,369,372,366,370,3251000,370
2010-01-15,375,379,363,367,5726000,367
2010-01-18,363,365,355,364,3370000,364
2010-01-19,365,366,359,360,2135000,360
2010-01-20,367,368,363,365,2136000,365
2010-01-21,365,375,360,367,5919000,367
2010-01-22,359,368,357,360,4191000,360
2010-01-25,355,364,350,360,4593000,360
2010-01-26,356,361,346,348,4779000,348
2010-01-27,348,352,344,345,1983000,345
2010-01-28,345,353,342,351,1932000,351
2010-01-29,346,347,341,344,2918000,344
2010-02-01,344,348,338,347,2500000,347
2010-02-02,346,348,341,344,2123000,344
2010-02-03,346,355,345,351,2230000,351
2010-02-04,352,358,350,353,1828000,353
2010-02-05,342,345,336,339,3462000,339
2010-02-08,335,340,331,337,2375000,337
2010-02-09,329,336,329,332,2250000,332
2010-02-10,330,351,326,343,6318000,343
2010-02-12,348,348,339,342,3521000,342
2010-02-15,342,345,335,337,2183000,337
2010-02-16,335,338,332,335,1865000,335
2010-02-17,339,353,338,351,3428000,351
2010-02-18,347,351,344,350,2949000,350
2010-02-19,347,348,336,338,3086000,338
2010-02-22,345,349,341,343,3248000,343
2010-02-23,340,353,340,353,3397000,353
2010-02-24,345,352,342,344,2708000,344
2010-02-25,346,348,342,346,3127000,346
2010-02-26,345,349,341,344,2387000,344
2010-03-01,348,350,345,345,1887000,345
2010-03-02,347,350,344,350,1541000,350
2010-03-03,347,350,346,347,1253000,347
2010-03-04,348,349,343,344,1822000,344
2010-03-05,348,354,347,352,2352000,352
2010-03-08,362,362,356,357,2777000,357
2010-03-09,357,357,353,354,1104000,354
2010-03-10,355,362,355,359,2006000,359
2010-03-11,359,368,359,365,2068000,365
2010-03-12,371,377,365,374,6382000,374
2010-03-15,379,379,370,375,1900000,375
2010-03-16,373,380,371,378,1874000,378
2010-03-17,379,396,379,394,4145000,394
2010-03-18,390,392,380,381,2745000,381
2010-03-19,387,388,379,383,1561000,383
2010-03-23,381,381,374,377,1986000,377
2010-03-24,378,385,378,384,1720000,384
2010-03-25,385,387,380,385,2017000,385
2010-03-26,386,393,383,392,3445000,392
2010-03-29,389,395,384,394,1818000,394
2010-03-30,394,398,390,392,2031000,392
2010-03-31,393,396,387,390,3591000,390
2010-04-01,395,397,390,392,3194000,392
2010-04-02,392,394,391,394,2134000,394
2010-04-05,399,408,397,406,2495000,406
2010-04-06,406,406,398,400,1787000,400
2010-04-07,404,410,403,405,2423000,405
2010-04-08,406,413,402,402,4051000,402
2010-04-09,400,403,399,400,3323000,400
2010-04-12,402,408,401,402,2397000,402
2010-04-13,401,402,394,395,3495000,395
2010-04-14,398,401,393,397,3847000,397
2010-04-15,390,396,382,395,6250000,395
2010-04-16,390,391,379,380,5974000,380
2010-04-19,378,379,373,374,4042000,374
2010-04-20,373,377,370,371,3245000,371
2010-04-21,375,378,373,378,3841000,378
2010-04-22,373,376,368,374,3813000,374
2010-04-23,370,373,368,370,2366000,370
2010-04-26,376,381,375,376,3233000,376
2010-04-27,378,384,377,383,4533000,383
2010-04-28,373,374,365,366,3841000,366
2010-04-30,372,377,368,377,3775000,377
2010-05-06,369,370,361,362,2483000,362
2010-05-07,354,355,348,350,3165000,350
2010-05-10,348,356,346,355,2630000,355
2010-05-11,361,361,344,347,3283000,347
2010-05-12,348,355,348,349,2256000,349
2010-05-13,354,356,348,348,2925000,348
2010-05-14,344,345,332,335,7941000,335
2010-05-17,329,330,323,329,3996000,329
2010-05-18,330,331,321,322,3137000,322
2010-05-19,321,331,320,331,4686000,331
2010-05-20,326,328,320,322,3764000,322
2010-05-21,315,316,309,312,5334000,312
2010-05-24,310,310,304,308,4138000,308
2010-05-25,309,309,301,303,2828000,303
2010-05-26,310,318,308,313,5753000,313
2010-05-27,308,314,306,311,4899000,311
2010-05-28,315,318,312,313,3575000,313
2010-05-31,311,322,311,319,3242000,319
2010-06-01,319,322,314,319,2684000,319
2010-06-02,314,315,307,309,4153000,309
2010-06-03,313,318,313,316,4388000,316
2010-06-04,316,320,313,314,2584000,314
2010-06-07,307,310,304,306,3215000,306
2010-06-08,301,305,301,303,1673000,303
2010-06-09,303,307,302,306,3831000,306
2010-06-10,305,308,303,307,1877000,307
2010-06-11,314,317,310,310,5395000,310
2010-06-14,313,318,313,317,1989000,317
2010-06-15,320,320,316,318,1981000,318
2010-06-16,322,327,320,324,2654000,324
2010-06-17,321,328,321,322,2641000,322
2010-06-18,324,324,318,320,1741000,320
2010-06-21,326,334,324,333,2791000,333
2010-06-22,332,336,331,332,2588000,332
2010-06-23,332,333,325,327,1505000,327
2010-06-24,327,332,327,329,1105000,329
2010-06-25,325,325,319,322,1808000,322
2010-06-28,322,324,320,322,1167000,322
2010-06-29,321,322,313,314,1653000,314
2010-06-30,307,309,306,306,1474000,306
2010-07-01,305,307,301,306,2671000,306
2010-07-02,309,310,304,305,1699000,305
2010-07-05,305,308,303,303,1129000,303
2010-07-06,303,310,301,308,1540000,308
2010-07-07,308,309,304,306,1279000,306
2010-07-08,314,319,312,319,1514000,319
2010-07-09,324,325,320,324,2483000,324
2010-07-12,324,326,318,320,2814000,320
2010-07-13,324,325,321,324,1399000,324
2010-07-14,330,333,329,333,1586000,333
2010-07-15,331,331,327,329,1281000,329
2010-07-16,325,326,321,323,1768000,323
2010-07-20,320,327,317,325,2269000,325
2010-07-21,325,326,318,319,1684000,319
2010-07-22,316,324,315,323,2154000,323
2010-07-23,331,333,328,331,2798000,331
2010-07-26,333,338,331,334,1372000,334
2010-07-27,334,336,332,333,1053000,333
2010-07-28,336,339,334,338,2536000,338
2010-07-29,332,338,331,334,2008000,334
2010-07-30,334,334,326,327,1852000,327
2010-08-02,326,332,323,324,1836000,324
2010-08-03,327,332,326,330,1346000,330
2010-08-04,326,326,321,321,1522000,321
2010-08-05,326,333,321,331,2568000,331
2010-08-06,328,339,327,336,2172000,336
2010-08-09,332,335,330,333,1015000,333
2010-08-10,328,336,326,330,2958000,330
2010-08-11,325,329,318,322,1234000,322
2010-08-12,316,320,314,320,1387000,320
2010-08-13,318,323,316,319,1706000,319
2010-08-16,316,316,311,315,2389000,315
2010-08-17,310,316,310,315,1454000,315
2010-08-18,319,322,314,320,1655000,320
2010-08-19,318,324,318,321,1324000,321
2010-08-20,317,319,311,311,1392000,311
2010-08-23,310,310,306,306,1809000,306
2010-08-24,302,305,300,303,1540000,303
2010-08-25,304,308,298,301,2596000,301
2010-08-26,304,304,294,298,2506000,298
2010-08-27,295,307,294,306,2042000,306
2010-08-30,311,316,309,310,1248000,310
2010-08-31,303,305,297,298,1329000,298
2010-09-01,301,306,298,306,1849000,306
2010-09-02,309,311,304,310,2418000,310
2010-09-03,314,316,310,315,1720000,315
2010-09-06,318,321,314,321,1416000,321
2010-09-07,317,320,317,318,997000,318
2010-09-08,312,314,308,309,1340000,309
2010-09-09,314,314,310,312,1016000,312
2010-09-10,311,319,310,316,3592000,316
2010-09-13,319,322,317,317,1186000,317
2010-09-14,316,317,311,312,1357000,312
2010-09-15,311,318,306,314,2755000,314
2010-09-16,317,318,307,308,3469000,308
2010-09-17,310,316,308,313,1612000,313
2010-09-21,315,315,308,309,1349000,309
2010-09-22,310,314,310,312,1411000,312
2010-09-24,312,312,305,306,3086000,306
2010-09-27,308,310,307,310,1043000,310
2010-09-28,309,310,307,310,827000,310
2010-09-29,310,314,309,311,2919000,311
2010-09-30,310,313,307,309,1644000,309
2010-10-01,310,312,306,311,2497000,311
2010-10-04,312,313,303,304,1888000,304
2010-10-05,304,308,297,303,3516000,303
2010-10-06,303,320,303,319,3186000,319
2010-10-07,322,331,320,329,4323000,329
2010-10-08,330,332,325,327,2590000,327
2010-10-12,333,334,321,327,4071000,327
2010-10-13,329,332,318,321,3516000,321
2010-10-14,327,330,324,329,2446000,329
2010-10-15,329,329,320,324,1763000,324
2010-10-18,324,326,323,325,1227000,325
2010-10-19,326,330,323,325,1823000,325
2010-10-20,319,324,317,322,2199000,322
2010-10-21,322,324,318,321,1769000,321
2010-10-22,324,329,323,327,1668000,327
2010-10-25,329,329,323,324,1673000,324
2010-10-26,325,329,324,325,1293000,325
2010-10-27,328,328,319,320,2918000,320
2010-10-28,318,320,314,317,2764000,317
2010-10-29,317,317,308,311,2722000,311
2010-11-01,309,314,307,308,2030000,308
2010-11-02,306,309,304,308,1807000,308
2010-11-04,311,320,311,315,2526000,315
2010-11-05,321,329,320,324,2313000,324
2010-11-08,326,328,324,328,1551000,328
2010-11-09,324,327,318,320,2946000,320
2010-11-10,324,335,322,332,4535000,332
2010-11-11,330,333,326,327,2845000,327
2010-11-12,326,330,322,325,3052000,325
2010-11-15,325,327,323,323,2144000,323
2010-11-16,326,327,320,323,2720000,323
2010-11-17,320,326,320,325,1565000,325
2010-11-18,326,336,325,335,3846000,335
2010-11-19,339,340,333,334,1493000,334
2010-11-22,339,341,336,336,1225000,336
2010-11-24,335,337,333,335,1697000,335
2010-11-25,339,339,334,337,1767000,337
2010-11-26,337,342,336,337,1758000,337
2010-11-29,336,348,336,346,2858000,346
2010-11-30,348,350,335,336,3232000,336
2010-12-01,336,341,334,341,1820000,341
2010-12-02,346,346,340,343,2118000,343
2010-12-03,343,347,342,344,1571000,344
2010-12-06,344,345,341,343,1127000,343
2010-12-07,340,344,338,342,1273000,342
2010-12-08,343,348,342,347,2854000,347
2010-12-09,347,350,345,347,2070000,347
2010-12-10,352,352,345,348,5809000,348
2010-12-13,349,349,345,348,1351000,348
2010-12-14,347,349,345,349,2572000,349
2010-12-15,350,350,347,348,1847000,348
2010-12-16,350,354,348,351,3684000,351
2010-12-17,350,354,350,351,1921000,351
2010-12-20,352,353,347,349,1467000,349
2010-12-21,349,354,349,352,1390000,352
2010-12-22,351,357,350,356,2001000,356
2010-12-24,357,357,346,347,1957000,347
2010-12-27,347,350,346,348,1013000,348
2010-12-28,348,348,345,346,840000,346
2010-12-29,346,353,345,352,1185000,352
2010-12-30,348,350,346,347,1172000,347
2011-01-04,353,357,351,353,2026000,353
2011-01-05,352,355,350,352,1840000,352
2011-01-06,359,366,358,364,3352000,364
2011-01-07,367,371,363,368,2875000,368
2011-01-11,366,368,363,367,1670000,367
2011-01-12,370,370,363,364,2094000,364
2011-01-13,366,367,363,366,1617000,366
2011-01-14,361,365,359,361,3106000,361
2011-01-17,363,366,360,362,1191000,362
2011-01-18,361,366,361,363,1170000,363
2011-01-19,366,366,360,363,1081000,363
2011-01-20,360,366,360,365,1310000,365
2011-01-21,367,367,360,360,1752000,360
2011-01-24,364,365,358,363,1670000,363
2011-01-25,365,367,361,366,1657000,366
2011-01-26,362,365,361,362,1361000,362
2011-01-27,366,368,363,367,1437000,367
2011-01-28,367,367,356,360,2433000,360
2011-01-31,354,355,349,349,1947000,349
2011-02-01,352,353,346,348,2313000,348
2011-02-02,349,357,349,352,3510000,352
2011-02-03,350,354,347,347,1445000,347
2011-02-04,351,354,348,353,2261000,353
2011-02-07,354,357,352,353,1870000,353
2011-02-08,354,361,351,359,3518000,359
2011-02-09,363,363,350,352,4174000,352
2011-02-10,350,359,350,357,2250000,357
2011-02-14,358,359,350,351,2630000,351
2011-02-15,350,350,343,343,5247000,343
2011-02-16,344,347,343,344,1841000,344
2011-02-17,347,349,344,348,2543000,348
2011-02-18,348,349,345,346,2504000,346
2011-02-21,344,347,340,347,2581000,347
2011-02-22,344,344,338,341,2359000,341
2011-02-23,340,345,337,339,3781000,339
2011-02-24,340,343,337,339,4449000,339
2011-02-25,344,348,341,346,3264000,346
2011-02-28,347,352,343,350,2656000,350
2011-03-01,351,353,349,352,1735000,352
2011-03-02,350,350,342,346,2760000,346
2011-03-03,347,349,344,348,2088000,348
2011-03-04,354,354,349,352,2385000,352
2011-03-07,351,351,340,342,3439000,342
2011-03-08,342,343,339,340,3348000,340
2011-03-09,341,343,338,339,1891000,339
2011-03-10,337,338,331,332,2033000,332
2011-03-11,330,341,327,336,7633000,336
2011-03-14,408,410,369,373,17781000,373
2011-03-15,378,380,315,333,13359000,333
2011-03-16,334,352,333,349,9557000,349
2011-03-17,351,374,341,368,9666000,368
2011-03-18,370,388,367,373,9164000,373
2011-03-22,383,398,380,397,9941000,397
2011-03-23,398,398,376,382,10128000,382
2011-03-24,386,391,383,388,4805000,388
2011-03-25,395,395,378,384,4830000,384
2011-03-28,381,382,374,381,3428000,381
2011-03-29,375,375,364,371,5646000,371
2011-03-30,372,372,366,370,5015000,370
2011-03-31,374,375,367,370,4033000,370
2011-04-01,371,373,365,366,7714000,366
2011-04-04,369,369,363,365,4489000,365
2011-04-05,366,366,352,357,5266000,357
2011-04-06,364,365,355,359,7740000,359
2011-04-07,360,362,351,354,4024000,354
2011-04-08,357,359,351,356,4992000,356
2011-04-11,356,362,355,358,3182000,358
2011-04-12,357,360,353,356,6713000,356
2011-04-13,353,358,353,356,6227000,356
2011-04-14,354,358,353,357,3894000,357
2011-04-15,354,356,348,354,3864000,354
2011-04-18,353,353,348,348,2589000,348
2011-04-19,345,349,340,345,4211000,345
2011-04-20,349,349,342,342,3050000,342
2011-04-21,346,347,343,345,2924000,345
2011-04-22,344,346,341,342,2826000,342
2011-04-25,343,345,341,341,1499000,341
2011-04-26,341,341,334,337,2004000,337
2011-04-27,340,342,339,341,3673000,341
2011-04-28,340,345,338,342,2432000,342
2011-05-02,342,347,342,347,1591000,347
2011-05-06,346,349,343,345,2621000,345
2011-05-09,345,350,344,349,2380000,349
2011-05-10,352,353,348,351,2811000,351
2011-05-11,354,355,350,353,3175000,353
2011-05-12,349,352,347,347,2455000,347
2011-05-13,346,346,339,340,4511000,340
2011-05-16,343,350,341,347,5237000,347
2011-05-17,342,345,340,345,3424000,345
2011-05-18,346,348,342,346,2865000,346
2011-05-19,347,348,341,342,2014000,342
2011-05-20,342,343,340,340,2091000,340
2011-05-23,341,342,334,337,3336000,337
2011-05-24,337,338,334,337,1657000,337
2011-05-25,339,339,332,333,2161000,333
2011-05-26,337,340,335,337,2509000,337
2011-05-27,336,338,335,335,1202000,335
2011-05-30,334,336,333,334,1613000,334
2011-05-31,335,338,334,337,3320000,337
2011-06-01,340,345,337,345,3811000,345
2011-06-02,337,342,336,340,6744000,340
2011-06-03,340,346,337,338,3156000,338
2011-06-06,339,340,334,335,2550000,335
2011-06-07,333,343,333,342,2979000,342
2011-06-08,343,346,341,345,2708000,345
2011-06-09,345,345,339,343,2208000,343
2011-06-10,346,348,343,344,4848000,344
2011-06-13,341,347,340,345,1467000,345
2011-06-14,344,352,344,351,3268000,351
2011-06-15,351,351,347,348,1748000,348
2011-06-16,346,347,341,341,1646000,341
2011-06-17,334,334,318,318,11509000,318
2011-06-20,318,324,318,320,6258000,320
2011-06-21,320,323,315,321,4631000,321
2011-06-22,324,329,323,327,6053000,327
2011-06-23,328,334,327,329,3216000,329
2011-06-24,330,331,327,330,2164000,330
2011-06-27,331,331,327,328,1972000,328
2011-06-28,330,333,329,330,1940000,330
2011-06-29,333,334,330,332,1930000,332
2011-06-30,335,336,332,334,3817000,334
2011-07-01,335,337,331,333,3831000,333
2011-07-04,336,341,335,338,2931000,338
2011-07-05,339,339,336,337,1707000,337
2011-07-06,338,339,335,339,1870000,339
2011-07-07,336,339,333,337,3989000,337
2011-07-08,341,345,340,343,4276000,343
2011-07-11,340,341,337,337,1925000,337
2011-07-12,332,335,332,334,1619000,334
2011-07-13,333,340,333,337,3463000,337
2011-07-14,336,339,334,335,1761000,335
2011-07-15,336,341,336,340,1710000,340
2011-07-19,338,342,335,339,2685000,339
2011-07-20,341,342,336,339,1829000,339
2011-07-21,339,344,339,341,3488000,341
2011-07-22,344,349,343,349,2201000,349
2011-07-25,352,354,348,350,3059000,350
2011-07-26,351,355,349,353,2301000,353
2011-07-27,350,351,346,349,1998000,349
2011-07-28,344,346,342,344,1716000,344
2011-07-29,344,345,339,341,2222000,341
2011-08-01,346,352,346,348,2954000,348
2011-08-02,342,345,341,342,1915000,342
2011-08-03,335,336,332,333,1568000,333
2011-08-04,337,343,335,338,2872000,338
2011-08-05,326,330,323,325,3398000,325
2011-08-08,321,323,313,314,5873000,314
2011-08-09,306,313,298,311,5094000,311
2011-08-10,319,319,312,314,4572000,314
2011-08-11,308,324,305,324,6036000,324
2011-08-12,325,327,318,322,6324000,322
2011-08-15,324,329,322,328,3616000,328
2011-08-16,330,336,327,329,3110000,329
2011-08-17,335,341,333,341,4371000,341
2011-08-18,341,342,335,339,6141000,339
2011-08-19,331,335,330,330,6173000,330
2011-08-22,332,336,324,328,7965000,328
2011-08-23,331,334,328,333,4940000,333
2011-08-24,340,341,330,333,7828000,333
2011-08-25,338,341,333,336,7232000,336
2011-08-26,333,334,330,332,4713000,332
2011-08-29,332,336,328,335,5837000,335
2011-08-30,338,342,336,341,6514000,341
2011-08-31,343,344,338,342,3269000,342
2011-09-01,342,342,336,339,4945000,339
2011-09-02,337,343,336,339,3705000,339
2011-09-05,336,343,336,342,5447000,342
2011-09-06,342,342,337,338,2303000,338
2011-09-07,341,344,339,343,3958000,343
2011-09-08,344,347,341,346,4734000,346
2011-09-09,346,348,341,343,4890000,343
2011-09-12,336,339,334,334,2268000,334
2011-09-13,333,333,327,331,5786000,331
2011-09-14,329,331,320,323,4228000,323
2011-09-15,327,331,326,329,3972000,329
2011-09-16,332,334,330,331,2726000,331
2011-09-20,323,328,322,327,3181000,327
2011-09-21,324,327,322,324,2963000,324
2011-09-22,320,324,317,322,4788000,322
2011-09-26,325,326,317,317,3203000,317
2011-09-27,322,328,322,328,1841000,328
2011-09-28,331,344,330,342,4518000,342
2011-09-29,338,346,338,345,2774000,345
2011-09-30,349,351,341,344,3418000,344
2011-10-03,336,365,336,363,8830000,363
2011-10-04,358,365,351,364,7020000,364
2011-10-05,363,364,356,359,3671000,359
2011-10-06,362,364,351,355,7134000,355
2011-10-07,356,359,354,355,1885000,355
2011-10-11,365,365,357,359,2069000,359
2011-10-12,359,359,351,352,2246000,352
2011-10-13,353,353,342,345,3202000,345
2011-10-14,344,346,337,342,3765000,342
2011-10-17,345,347,342,345,2133000,345
2011-10-18,342,349,336,338,3229000,338
2011-10-19,340,342,325,328,4055000,328
2011-10-20,328,334,326,333,2919000,333
2011-10-21,333,333,328,331,1242000,331
2011-10-24,335,344,335,341,2535000,341
2011-10-25,340,340,335,338,2527000,338
2011-10-26,337,337,332,335,1566000,335
2011-10-27,334,339,333,338,1542000,338
2011-10-28,343,343,335,340,3226000,340
2011-10-31,340,346,338,338,2331000,338
2011-11-01,337,341,334,337,1318000,337
2011-11-02,335,336,330,334,2431000,334
2011-11-04,338,340,335,340,1660000,340
2011-11-07,338,344,337,341,2112000,341
2011-11-08,339,343,333,333,2274000,333
2011-11-09,337,346,335,341,2782000,341
2011-11-10,333,340,333,336,2475000,336
2011-11-11,337,339,329,335,2304000,335
2011-11-14,339,339,331,332,1380000,332
2011-11-15,332,333,329,329,1282000,329
2011-11-16,330,333,323,324,1920000,324
2011-11-17,323,327,321,322,3169000,322
2011-11-18,320,321,314,318,3499000,318
2011-11-21,314,316,310,316,3162000,316
2011-11-22,314,315,310,313,2576000,313
2011-11-24,309,312,308,309,3147000,309
2011-11-25,310,314,309,314,2337000,314
2011-11-28,315,317,312,314,1930000,314
2011-11-29,313,314,306,311,3267000,311
2011-11-30,309,314,308,311,3357000,311
2011-12-01,315,316,312,313,2834000,313
2011-12-02,313,321,313,320,3425000,320
2011-12-05,321,323,318,322,1266000,322
2011-12-06,319,322,316,317,2584000,317
2011-12-07,318,325,317,323,2148000,323
2011-12-08,319,324,319,323,1587000,323
2011-12-09,317,323,317,321,5278000,321
2011-12-12,328,328,319,324,2873000,324
2011-12-13,320,322,313,317,2462000,317
2011-12-14,315,317,313,314,1791000,314
2011-12-15,314,314,310,313,2445000,313
2011-12-16,313,316,312,315,2259000,315
2011-12-19,315,315,306,307,2018000,307
2011-12-20,312,314,309,312,1926000,312
2011-12-21,314,315,312,315,2537000,315
2011-12-22,316,316,311,312,1825000,312
2011-12-26,314,314,312,313,861000,313
2011-12-27,311,320,311,317,2442000,317
2011-12-28,318,319,316,318,1331000,318
2011-12-29,317,317,314,316,784000,316
2011-12-30,319,323,317,323,1689000,323
2012-01-04,326,329,325,326,1263000,326
2012-01-05,326,326,320,323,2951000,323
2012-01-06,322,326,319,325,2450000,325
2012-01-10,327,335,327,335,3268000,335
2012-01-11,335,336,332,336,2282000,336
2012-01-12,333,334,330,333,1561000,333
2012-01-13,335,336,333,335,2155000,335
2012-01-16,334,339,330,337,3302000,337
2012-01-17,341,352,340,349,4476000,349
2012-01-18,352,353,345,345,3350000,345
2012-01-19,348,348,342,344,3929000,344
2012-01-20,345,347,338,345,3858000,345
2012-01-23,344,349,343,348,2262000,348
2012-01-24,350,350,346,349,2135000,349
2012-01-25,350,350,345,346,2915000,346
2012-01-26,348,349,346,347,1979000,347
2012-01-27,347,349,344,348,1930000,348
2012-01-30,349,349,343,344,1216000,344
2012-01-31,342,350,342,349,2001000,349
2012-02-01,349,352,346,346,1871000,346
2012-02-02,347,349,346,348,978000,348
2012-02-03,347,353,346,348,1921000,348
2012-02-06,349,353,347,350,2320000,350
2012-02-07,349,355,346,349,4070000,349
2012-02-08,346,346,335,336,6444000,336
2012-02-09,336,337,329,330,6742000,330
2012-02-10,331,335,325,331,7500000,331
2012-02-13,331,333,329,333,2983000,333
2012-02-14,331,333,329,331,3668000,331
2012-02-15,332,335,330,331,5420000,331
2012-02-16,332,335,330,335,3901000,335
2012-02-17,336,336,329,331,4447000,331
2012-02-20,331,332,322,323,6599000,323
2012-02-21,322,329,322,328,5044000,328
2012-02-22,329,334,326,331,5032000,331
2012-02-23,331,333,330,332,2882000,332
2012-02-24,332,333,330,331,3627000,331
2012-02-27,331,331,326,329,5622000,329
2012-02-28,327,330,326,329,5249000,329
2012-02-29,328,332,328,329,5040000,329
2012-03-01,330,330,325,327,4537000,327
2012-03-02,328,332,327,329,3582000,329
2012-03-05,330,330,327,328,1998000,328
2012-03-06,329,336,329,335,7363000,335
2012-03-07,335,336,327,330,4324000,330
2012-03-08,331,334,330,334,3070000,334
2012-03-09,339,339,334,336,5877000,336
2012-03-12,338,339,334,334,3111000,334
2012-03-13,334,336,331,331,3621000,331
2012-03-14,334,337,334,334,2236000,334
2012-03-15,336,336,334,335,1950000,335
2012-03-16,335,336,333,333,2299000,333
2012-03-19,334,335,333,333,1044000,333
2012-03-21,333,338,333,336,3895000,336
2012-03-22,335,336,333,335,2589000,335
2012-03-23,334,334,330,330,2171000,330
2012-03-26,331,331,328,329,2071000,329
2012-03-27,330,334,330,334,2119000,334
2012-03-28,330,331,327,330,2360000,330
2012-03-29,330,332,328,332,2637000,332
2012-03-30,331,333,330,332,2672000,332
2012-04-02,333,333,326,326,2817000,326
2012-04-03,326,327,322,323,2032000,323
2012-04-04,321,321,316,317,6458000,317
2012-04-05,317,319,317,319,4041000,319
2012-04-06,320,320,317,317,2225000,317
2012-04-09,317,319,314,316,3425000,316
2012-04-10,316,317,313,314,3845000,314
2012-04-11,313,313,309,312,3145000,312
2012-04-12,313,315,312,314,1856000,314
2012-04-13,315,317,310,316,5167000,316
2012-04-16,315,318,314,315,2958000,315
2012-04-17,315,318,313,316,2488000,316
2012-04-18,317,320,315,317,2886000,317
2012-04-19,317,317,310,310,4175000,310
2012-04-20,311,311,308,308,1753000,308
2012-04-23,308,310,307,309,1693000,309
2012-04-24,308,308,305,306,2376000,306
2012-04-25,309,310,307,308,1742000,308
2012-04-26,311,314,309,312,2270000,312
2012-04-27,310,310,303,304,3676000,304
2012-05-01,303,305,300,300,1998000,300
2012-05-02,299,300,296,299,3355000,299
2012-05-07,294,294,290,292,3117000,292
2012-05-08,292,293,290,291,2678000,291
2012-05-09,288,289,283,285,3230000,285
2012-05-10,278,283,277,281,7605000,281
2012-05-11,280,283,272,274,5597000,274
2012-05-14,274,279,274,277,3432000,277
2012-05-15,274,278,269,275,2875000,275
2012-05-16,274,276,269,270,2950000,270
2012-05-17,269,275,269,274,3336000,274
2012-05-18,271,271,265,267,4043000,267
2012-05-21,266,270,265,269,1837000,269
2012-05-22,273,274,269,274,3021000,274
2012-05-23,271,273,264,265,4008000,265
2012-05-24,266,269,265,268,4161000,268
2012-05-25,275,275,267,268,2258000,268
2012-05-28,265,265,261,263,1939000,263
2012-05-29,261,264,258,263,2378000,263
2012-05-30,261,262,258,260,2860000,260
2012-05-31,257,260,256,260,2521000,260
2012-06-01,257,258,252,254,2715000,254
2012-06-04,249,249,246,248,3206000,248
2012-06-05,249,256,249,255,2731000,255
2012-06-06,256,257,253,255,2958000,255
2012-06-07,256,260,254,260,3243000,260
2012-06-08,257,257,248,251,7305000,251
2012-06-11,256,258,253,257,3469000,257
2012-06-12,252,257,250,256,3823000,256
2012-06-13,256,258,253,255,2536000,255
2012-06-14,254,255,253,254,2837000,254
2012-06-15,257,258,254,256,1618000,256
2012-06-18,259,260,257,257,2090000,257
2012-06-19,256,259,254,255,3202000,255
2012-06-20,256,259,255,258,2640000,258
2012-06-21,258,258,254,256,3895000,256
2012-06-22,253,260,252,257,3493000,257
2012-06-25,262,265,260,260,5819000,260
2012-06-26,261,264,257,261,4157000,261
2012-06-27,259,273,259,272,6355000,272
2012-06-28,275,275,270,273,3605000,273
2012-06-29,273,278,272,276,4303000,276
2012-07-02,281,281,275,278,2794000,278
2012-07-03,281,281,279,280,2934000,280
2012-07-04,280,280,274,275,3053000,275
2012-07-05,275,278,272,273,2771000,273
2012-07-06,272,273,264,268,9464000,268
2012-07-09,266,272,264,268,4210000,268
2012-07-10,268,273,268,271,3047000,271
2012-07-11,270,271,266,267,2109000,267
2012-07-12,268,271,265,266,3927000,266
2012-07-13,264,268,264,265,2108000,265
2012-07-17,265,270,262,264,3133000,264
2012-07-18,265,267,259,259,2745000,259
2012-07-19,259,264,257,257,2558000,257
2012-07-20,256,259,250,251,3037000,251
2012-07-23,247,250,242,243,3397000,243
2012-07-24,243,246,240,244,4195000,244
2012-07-25,245,245,237,237,2606000,237
2012-07-26,242,243,238,241,3759000,241
2012-07-27,241,245,240,242,3051000,242
2012-07-30,244,246,240,243,2562000,243
2012-07-31,243,247,242,245,2245000,245
2012-08-01,244,245,239,241,2837000,241
2012-08-02,241,241,238,239,1968000,239
2012-08-03,238,238,232,233,1858000,233
2012-08-06,236,239,235,237,2357000,237
2012-08-07,237,241,237,240,3334000,240
2012-08-08,245,252,245,251,6475000,251
2012-08-09,253,259,252,257,4763000,257
2012-08-10,259,260,254,255,3705000,255
2012-08-13,256,260,255,258,2701000,258
2012-08-14,258,260,257,258,1888000,258
2012-08-15,259,259,249,252,2932000,252
2012-08-16,253,257,253,256,1724000,256
2012-08-17,256,257,254,257,1116000,257
2012-08-20,260,263,258,261,2060000,261
2012-08-21,262,263,259,263,1981000,263
2012-08-22,261,262,256,259,1707000,259
2012-08-23,259,261,256,261,2619000,261
2012-08-24,257,259,256,258,1608000,258
2012-08-27,260,261,258,259,1037000,259
2012-08-28,260,261,257,259,2589000,259
2012-08-29,261,261,259,261,1567000,261
2012-08-30,261,261,256,257,1429000,257
2012-08-31,255,256,249,250,2454000,250
2012-09-03,248,253,248,248,2288000,248
2012-09-04,249,249,245,247,1568000,247
2012-09-05,249,250,245,246,1421000,246
2012-09-06,244,245,240,243,1923000,243
2012-09-07,247,249,245,247,2326000,247
2012-09-10,246,252,245,252,1208000,252
2012-09-11,252,252,246,248,2517000,248
2012-09-12,250,257,249,257,2962000,257
2012-09-13,257,260,255,258,2743000,258
2012-09-14,261,262,258,260,4083000,260
2012-09-18,262,263,259,262,2606000,262
2012-09-19,261,263,258,260,3644000,260
2012-09-20,258,259,255,257,4092000,257
2012-09-21,256,262,256,262,2843000,262
2012-09-24,262,265,261,264,3705000,264
2012-09-25,266,266,263,266,1732000,266
2012-09-26,262,266,261,264,1839000,264
2012-09-27,263,266,260,266,2275000,266
2012-09-28,267,267,259,263,1816000,263
2012-10-01,263,263,257,261,1519000,261
2012-10-02,261,263,259,260,2216000,260
2012-10-03,260,263,258,261,1802000,261
2012-10-04,263,265,260,263,1279000,263
2012-10-05,263,266,260,266,1796000,266
2012-10-09,266,268,263,263,1315000,263
2012-10-10,260,261,255,257,2860000,257
2012-10-11,251,255,251,253,1722000,253
2012-10-12,254,259,254,258,1791000,258
2012-10-15,257,258,254,256,1695000,256
2012-10-16,257,258,255,256,1910000,256
2012-10-17,257,267,257,266,2973000,266
2012-10-18,267,267,260,260,3858000,260
2012-10-19,260,264,259,261,2133000,261
2012-10-22,261,265,260,264,1595000,264
2012-10-23,266,267,261,262,1874000,262
2012-10-24,261,264,261,263,2008000,263
2012-10-25,264,268,262,268,1990000,268
2012-10-26,268,268,262,264,1826000,264
2012-10-29,263,267,263,267,1394000,267
2012-10-30,267,269,264,264,2267000,264
2012-10-31,265,268,264,267,1180000,267
2012-11-01,266,267,257,260,2553000,260
2012-11-02,263,263,258,260,1485000,260
2012-11-05,258,260,257,257,732000,257
2012-11-06,258,258,254,255,1128000,255
2012-11-07,256,256,250,253,2356000,253
2012-11-08,248,251,246,249,1786000,249
2012-11-09,245,248,244,247,1837000,247
2012-11-12,245,246,237,239,4077000,239
2012-11-13,232,233,224,226,6575000,226
2012-11-14,226,229,223,227,6384000,227
2012-11-15,239,247,230,245,8135000,245
2012-11-16,248,249,241,248,4951000,248
2012-11-19,250,252,247,250,3375000,250
2012-11-20,250,251,244,245,3347000,245
2012-11-21,246,248,243,245,2137000,245
2012-11-22,245,247,244,247,3088000,247
2012-11-26,248,249,247,248,2823000,248
2012-11-27,247,252,246,250,3178000,250
2012-11-28,250,250,245,246,3196000,246
2012-11-29,247,249,246,248,2029000,248
2012-11-30,250,252,247,248,3201000,248
2012-12-03,253,262,253,258,4866000,258
2012-12-04,257,258,251,253,4172000,253
2012-12-05,253,257,253,256,1864000,256
2012-12-06,258,259,256,258,3017000,258
2012-12-07,260,265,260,263,3184000,263
2012-12-10,266,268,265,266,3636000,266
2012-12-11,269,269,265,267,3204000,267
2012-12-12,270,272,268,269,2788000,269
2012-12-13,272,273,270,273,2969000,273
2012-12-14,273,281,272,279,11045000,279
2012-12-17,288,291,283,283,5595000,283
2012-12-18,285,299,285,294,9455000,294
2012-12-19,304,311,304,311,9386000,311
2012-12-20,313,314,302,308,10349000,308
2012-12-21,314,317,303,312,9596000,312
2012-12-25,321,321,317,318,5735000,318
2012-12-26,322,323,318,322,4273000,322
2012-12-27,324,326,322,324,5257000,324
2012-12-28,325,325,315,323,5562000,323
2013-01-04,330,331,326,329,3940000,329
2013-01-07,331,332,327,329,5511000,329
2013-01-08,327,331,324,328,5139000,328
2013-01-09,326,331,323,330,7800000,330
2013-01-10,332,338,332,337,5293000,337
2013-01-11,336,340,335,338,6544000,338
2013-01-15,341,341,329,332,8780000,332
2013-01-16,330,331,316,319,9175000,319
2013-01-17,317,318,307,312,7961000,312
2013-01-18,316,318,310,312,6302000,312
2013-01-21,312,314,307,311,4720000,311
2013-01-22,312,317,309,312,6099000,312
2013-01-23,310,310,301,302,4337000,302
2013-01-24,300,307,300,307,5442000,307
2013-01-25,310,311,306,307,2812000,307
2013-01-28,310,311,302,303,5420000,303
2013-01-29,300,303,290,295,16078000,295
2013-01-30,296,302,294,301,8240000,301
2013-01-31,298,301,292,296,9106000,296
2013-02-01,300,302,297,299,7493000,299
2013-02-04,300,303,297,298,6040000,298
2013-02-05,295,300,295,295,5249000,295
2013-02-06,300,307,298,301,6750000,301
2013-02-07,301,333,300,314,22044000,314
2013-02-08,310,310,301,304,10362000,304
2013-02-12,307,310,303,304,5865000,304
2013-02-13,301,303,295,297,6998000,297
2013-02-14,296,296,290,291,7179000,291
2013-02-15,291,292,279,282,9839000,282
2013-02-18,284,286,281,283,7966000,283
2013-02-19,283,287,282,286,8682000,286
2013-02-20,288,291,287,288,5777000,288
2013-02-21,289,291,286,288,4018000,288
2013-02-22,288,297,286,296,8242000,296
2013-02-25,298,299,296,296,3926000,296
2013-02-26,293,296,292,294,3538000,294
2013-02-27,296,304,295,301,5197000,301
2013-02-28,301,301,295,298,6566000,298
2013-03-01,298,299,296,296,4499000,296
2013-03-04,298,300,297,298,4263000,298
2013-03-05,299,312,299,309,13816000,309
2013-03-06,313,314,307,310,5567000,310
2013-03-07,310,311,303,310,5903000,310
2013-03-08,311,312,307,312,9143000,312
2013-03-11,315,319,313,317,6047000,317
2013-03-12,319,320,310,313,6535000,313
2013-03-13,312,314,306,310,6512000,310
2013-03-14,314,318,313,314,4259000,314
2013-03-15,315,317,313,317,3719000,317
2013-03-18,315,315,307,309,4371000,309
2013-03-19,312,312,309,309,2076000,309
2013-03-21,310,313,308,312,3367000,312
2013-03-22,312,314,311,312,3091000,312
2013-03-25,313,314,310,311,3834000,311
2013-03-26,307,313,307,310,3499000,310
2013-03-27,308,309,305,308,2444000,308
2013-03-28,308,308,305,308,3108000,308
2013-03-29,308,308,304,306,2526000,306
2013-04-01,304,306,303,305,2925000,305
2013-04-02,303,304,294,296,4464000,296
2013-04-03,298,302,295,302,3862000,302
2013-04-04,297,308,295,307,4684000,307
2013-04-05,311,317,305,308,7052000,308
2013-04-08,314,321,311,320,6745000,320
2013-04-09,324,333,323,329,9644000,329
2013-04-10,331,345,327,342,9169000,342
2013-04-11,345,350,336,339,6332000,339
2013-04-12,341,342,336,341,4446000,341
2013-04-15,341,345,339,343,4471000,343
2013-04-16,337,345,333,341,5349000,341
2013-04-17,342,343,336,342,3738000,342
2013-04-18,340,344,338,342,2514000,342
2013-04-19,343,346,335,344,4020000,344
2013-04-22,350,379,348,377,20834000,377
2013-04-23,381,404,380,395,18600000,395
2013-04-24,395,397,378,388,8246000,388
2013-04-25,388,392,383,390,4649000,390
2013-04-26,392,397,386,390,5644000,390
2013-04-30,394,397,388,392,2930000,392
2013-05-01,390,399,385,397,4833000,397
2013-05-02,394,395,383,384,4211000,384
2013-05-07,392,394,386,390,3484000,390
2013-05-08,393,400,392,396,5010000,396
2013-05-09,400,404,391,392,3566000,392
2013-05-10,400,400,391,393,3989000,393
2013-05-13,401,405,396,403,4351000,403
2013-05-14,402,428,399,416,13019000,416
2013-05-15,412,419,399,400,6930000,400
2013-05-16,403,404,380,390,7055000,390
2013-05-17,390,415,387,411,7313000,411
2013-05-20,416,427,410,425,7038000,425
2013-05-21,422,428,416,419,4691000,419
2013-05-22,422,432,416,425,4192000,425
2013-05-23,426,428,392,393,7337000,393
2013-05-24,395,410,381,395,5649000,395
2013-05-27,388,391,374,376,4051000,376
2013-05-28,370,377,365,366,5322000,366
2013-05-29,374,374,366,366,4773000,366
2013-05-30,360,366,351,352,5490000,352
2013-05-31,360,368,357,360,5720000,360
2013-06-03,358,362,351,354,5491000,354
2013-06-04,352,363,346,357,7040000,357
2013-06-05,360,380,343,344,11561000,344
2013-06-06,337,352,330,330,7258000,330
2013-06-07,329,340,328,333,6815000,333
2013-06-10,341,349,341,348,2498000,348
2013-06-11,354,376,353,371,10473000,371
2013-06-12,362,372,354,369,5516000,369
2013-06-13,362,364,345,351,4589000,351
2013-06-14,352,363,347,356,7461000,356
2013-06-17,355,371,355,370,3485000,370
2013-06-18,374,377,368,373,3660000,373
2013-06-19,377,383,373,378,3350000,378
2013-06-20,373,382,368,375,3283000,375
2013-06-21,365,383,364,380,3690000,380
2013-06-24,388,391,384,387,3861000,387
2013-06-25,386,393,378,387,4778000,387
2013-06-26,394,395,377,378,3068000,378
2013-06-27,380,388,372,387,4626000,387
2013-06-28,391,400,390,399,4258000,399
2013-07-01,403,420,398,419,6553000,419
2013-07-02,425,427,416,426,5085000,426
2013-07-03,427,428,417,424,3464000,424
2013-07-04,420,426,419,421,4019000,421
2013-07-05,425,429,421,427,4318000,427
2013-07-08,435,442,360,415,9079000,415
2013-07-09,422,437,420,436,4333000,436
2013-07-10,435,439,430,436,3830000,436
2013-07-11,430,442,426,441,3593000,441
2013-07-12,442,446,437,445,5188000,445
2013-07-16,449,450,430,443,3931000,443
2013-07-17,440,441,433,440,3159000,440
2013-07-18,440,450,436,449,4018000,449
2013-07-19,447,450,437,445,4634000,445
2013-07-22,448,450,440,449,5700000,449
2013-07-23,447,455,446,452,3736000,452
2013-07-24,451,451,436,443,3949000,443
2013-07-25,442,442,423,427,7613000,427
2013-07-26,420,426,413,416,6880000,416
2013-07-29,410,411,402,403,4172000,403
2013-07-30,403,415,401,412,4765000,412
2013-07-31,405,413,399,408,4305000,408
2013-08-01,408,421,404,420,3093000,420
2013-08-02,421,431,416,430,3573000,430
2013-08-05,430,434,423,425,2506000,425
2013-08-06,421,431,415,431,4133000,431
2013-08-07,420,426,415,416,3620000,416
2013-08-08,415,442,407,431,11545000,431
2013-08-09,433,441,427,431,5449000,431
2013-08-12,426,431,424,428,3156000,428
2013-08-13,430,441,428,440,3620000,440
2013-08-14,444,452,443,451,5063000,451
2013-08-15,446,449,440,442,3357000,442
2013-08-16,434,440,431,437,3016000,437
2013-08-19,436,449,436,449,2975000,449
2013-08-20,446,451,442,443,3087000,443
2013-08-21,444,445,431,438,5827000,438
2013-08-22,438,447,434,444,3932000,444
2013-08-23,451,457,446,450,7264000,450
2013-08-26,457,464,453,457,4605000,457
2013-08-27,458,459,451,452,2951000,452
2013-08-28,441,447,437,443,4272000,443
2013-08-29,444,444,437,441,2741000,441
2013-08-30,440,441,430,432,4545000,432
2013-09-02,434,457,434,451,5222000,451
2013-09-03,458,459,448,452,5647000,452
2013-09-04,451,453,445,448,4765000,448
2013-09-05,452,455,448,452,5656000,452
2013-09-06,449,450,431,445,8196000,445
2013-09-09,493,498,473,483,22311000,483
2013-09-10,491,536,490,510,26493000,510
2013-09-11,520,521,490,493,14729000,493
2013-09-12,490,499,481,491,9305000,491
2013-09-13,489,495,486,490,6672000,490
2013-09-17,496,497,485,487,4147000,487
2013-09-18,485,490,477,487,5512000,487
2013-09-19,495,496,489,495,5391000,495
2013-09-20,499,502,493,497,5282000,497
2013-09-24,498,501,493,496,3901000,496
2013-09-25,491,492,481,486,5331000,486
2013-09-26,475,487,468,486,8749000,486
2013-09-27,488,489,477,478,5689000,478
2013-09-30,472,486,468,479,4462000,479
2013-10-01,478,485,472,474,4821000,474
2013-10-02,475,484,465,467,6903000,467
2013-10-03,465,474,463,468,3867000,468
2013-10-04,462,468,456,461,4374000,461
2013-10-07,457,459,444,447,3727000,447
2013-10-08,445,456,443,453,4154000,453
2013-10-09,450,468,449,466,5277000,466
2013-10-10,471,473,463,467,3338000,467
2013-10-11,471,479,469,478,5192000,478
2013-10-15,486,490,482,486,6540000,486
2013-10-16,483,488,482,486,3763000,486
2013-10-17,489,492,484,487,4364000,487
2013-10-18,486,489,481,486,3847000,486
2013-10-21,486,490,480,485,5913000,485
2013-10-22,487,492,484,488,3390000,488
2013-10-23,490,496,485,487,7305000,487
2013-10-24,490,505,484,503,7513000,503
2013-10-25,506,506,493,494,4353000,494
2013-10-28,499,505,495,503,4831000,503
2013-10-29,499,501,493,497,4186000,497
2013-10-30,503,511,501,509,7838000,509
2013-10-31,506,512,500,502,4349000,502
2013-11-01,503,504,491,499,4178000,499
2013-11-05,504,507,499,503,3500000,503
2013-11-06,501,501,493,497,4295000,497
2013-11-07,497,504,492,492,4071000,492
2013-11-08,490,494,488,492,3096000,492
2013-11-11,497,498,488,494,3622000,494
2013-11-12,486,501,478,492,16483000,492
2013-11-13,486,490,476,483,8608000,483
2013-11-14,488,495,485,492,6928000,492
2013-11-15,494,495,488,493,6111000,493
2013-11-18,493,494,486,491,5984000,491
2013-11-19,488,500,488,499,4631000,499
2013-11-20,499,499,491,494,3366000,494
2013-11-21,494,499,490,498,4329000,498
2013-11-22,500,500,491,496,4591000,496
2013-11-25,497,497,490,495,3559000,495
2013-11-26,493,496,490,492,3900000,492
2013-11-27,490,492,481,482,3964000,482
2013-11-28,488,489,482,485,2482000,485
2013-11-29,482,487,478,479,5119000,479
2013-12-02,476,481,473,479,4326000,479
2013-12-03,481,484,479,480,2789000,480
2013-12-04,475,476,467,470,3718000,470
2013-12-05,470,477,467,468,3650000,468
2013-12-06,466,469,460,466,3685000,466
2013-12-09,473,474,462,467,3837000,467
2013-12-10,475,487,473,476,7454000,476
2013-12-11,471,484,469,481,4941000,481
2013-12-12,480,487,479,483,4693000,483
2013-12-13,489,496,483,484,12327000,484
2013-12-16,486,490,482,485,4634000,485
2013-12-17,485,493,483,490,3933000,490
2013-12-18,489,502,488,501,6745000,501
2013-12-19,509,510,502,505,5029000,505
2013-12-20,506,506,500,505,5569000,505
2013-12-24,505,505,501,503,4096000,503
2013-12-25,502,506,501,505,5441000,505
2013-12-26,507,523,506,521,7093000,521
2013-12-27,522,525,515,525,3524000,525
2013-12-30,527,533,527,531,4198000,531
2014-01-06,531,531,517,523,5038000,523
2014-01-07,522,532,520,520,5937000,520
2014-01-08,529,556,529,555,9761000,555
2014-01-09,551,552,546,548,5954000,548
2014-01-10,545,559,545,559,5865000,559
2014-01-14,547,548,538,539,6151000,539
2014-01-15,548,550,542,550,3651000,550
2014-01-16,555,555,547,551,2596000,551
2014-01-17,551,551,545,549,3323000,549
2014-01-20,550,550,542,544,2467000,544
2014-01-21,541,548,537,542,3910000,542
2014-01-22,545,551,541,549,4492000,549
2014-01-23,552,554,548,548,4075000,548
2014-01-24,540,548,535,546,5394000,546
2014-01-27,538,551,533,547,7071000,547
2014-01-28,546,547,536,539,3606000,539
2014-01-29,549,569,549,567,6928000,567
2014-01-30,558,566,544,548,7797000,548
2014-01-31,558,565,552,558,6395000,558
2014-02-03,556,562,539,542,4904000,542
2014-02-04,518,522,493,493,9870000,493
2014-02-05,506,512,491,506,5484000,506
2014-02-06,509,525,505,513,4654000,513
2014-02-07,521,525,503,508,5001000,508
2014-02-10,520,523,513,522,4363000,522
2014-02-12,525,536,506,512,11501000,512
2014-02-13,520,533,517,519,7355000,519
2014-02-14,516,522,505,508,4696000,508
2014-02-17,504,510,497,509,2965000,509
2014-02-18,513,529,512,522,4522000,522
2014-02-19,525,529,518,526,4956000,526
2014-02-20,526,526,515,520,3548000,520
2014-02-21,526,540,524,539,3996000,539
2014-02-24,535,543,533,543,7179000,543
2014-02-25,548,558,544,557,5158000,557
2014-02-26,549,559,547,552,3309000,552
2014-02-27,553,557,549,552,2889000,552
2014-02-28,551,552,544,549,2731000,549
2014-03-03,539,540,530,535,4699000,535
2014-03-04,528,539,527,535,3054000,535
2014-03-05,541,546,539,541,2020000,541
2014-03-06,543,547,533,544,3058000,544
2014-03-07,549,554,545,549,2589000,549
2014-03-10,551,570,550,565,7256000,565
2014-03-11,565,568,561,567,5146000,567
2014-03-12,559,565,549,549,4829000,549
2014-03-13,549,554,547,549,2750000,549
2014-03-14,540,547,522,523,8495000,523
2014-03-17,524,531,510,512,4063000,512
2014-03-18,528,538,527,531,4158000,531
2014-03-19,535,538,525,529,3407000,529
2014-03-20,531,533,512,512,3735000,512
2014-03-24,510,518,506,510,6111000,510
2014-03-25,510,516,505,511,3453000,511
2014-03-26,511,530,508,527,5642000,527
2014-03-27,520,536,516,533,3899000,533
2014-03-28,532,534,524,534,3930000,534
2014-03-31,541,543,527,535,4641000,535
2014-04-01,537,548,532,547,3676000,547
2014-04-02,550,559,548,549,3160000,549
2014-04-03,550,553,545,550,2505000,550
2014-04-04,546,549,542,547,1899000,547
2014-04-07,541,544,535,538,2904000,538
2014-04-08,536,540,530,531,2465000,531
2014-04-09,525,526,516,516,3039000,516
2014-04-10,527,529,517,518,2508000,518
2014-04-11,502,510,501,507,5223000,507
2014-04-14,509,515,505,508,2931000,508
2014-04-15,515,518,506,514,4446000,514
2014-04-16,518,529,517,528,3668000,528
2014-04-17,527,537,526,534,3587000,534
2014-04-18,534,541,532,540,2488000,540
2014-04-21,543,545,537,537,1858000,537
2014-04-22,537,542,531,532,2546000,532
2014-04-23,532,540,530,538,1977000,538
2014-04-24,541,559,535,546,8723000,546
2014-04-25,550,569,545,566,9819000,566
2014-04-28,570,579,568,573,6200000,573
2014-04-30,575,587,575,579,6351000,579
2014-05-01,580,585,569,584,4885000,584
2014-05-02,581,583,576,580,4209000,580
2014-05-07,573,577,563,563,4964000,563
2014-05-08,568,569,558,563,3026000,563
2014-05-09,559,569,558,563,2717000,563
2014-05-12,563,567,556,559,3164000,559
2014-05-13,569,600,567,596,11389000,596
2014-05-14,596,608,587,603,8723000,603
2014-05-15,600,611,596,603,5954000,603
2014-05-16,593,599,587,591,4093000,591
2014-05-19,590,594,584,586,3497000,586
2014-05-20,591,601,581,599,4279000,599
2014-05-21,598,612,596,605,5956000,605
2014-05-22,608,618,607,613,4643000,613
2014-05-23,620,633,619,628,8534000,628
2014-05-26,636,638,621,625,5100000,625
2014-05-27,627,633,624,625,3833000,625
2014-05-28,640,667,640,660,10731000,660
2014-05-29,659,666,658,662,6007000,662
2014-05-30,668,675,664,674,7913000,674
2014-06-02,675,684,673,677,4888000,677
2014-06-03,687,688,678,684,4751000,684
2014-06-04,682,694,680,687,6209000,687
2014-06-05,694,699,690,693,6082000,693
2014-06-06,696,696,687,690,4647000,690
2014-06-09,695,695,682,687,3543000,687
2014-06-10,688,692,678,680,6168000,680
2014-06-11,680,694,677,694,5121000,694
2014-06-12,689,694,680,693,5283000,693
2014-06-13,690,697,681,695,6934000,695
2014-06-16,692,692,681,683,4047000,683
2014-06-17,683,687,678,680,3041000,680
2014-06-18,682,684,679,682,2308000,682
2014-06-19,683,695,683,693,4362000,693
2014-06-20,698,715,695,711,8404000,711
2014-06-23,718,720,704,710,4909000,710
2014-06-24,708,717,701,716,4884000,716
2014-06-25,714,723,708,720,4313000,720
2014-06-26,724,730,719,730,4435000,730
2014-06-27,735,735,711,717,4983000,717
2014-06-30,721,722,711,717,3151000,717
2014-07-01,716,729,712,728,4423000,728
2014-07-02,733,734,715,717,3861000,717
2014-07-03,720,723,711,712,2122000,712
2014-07-04,716,717,701,704,3406000,704
2014-07-07,699,708,694,702,2948000,702
2014-07-08,697,705,691,703,2854000,703
2014-07-09,692,697,690,696,2793000,696
2014-07-10,686,692,680,681,4203000,681
2014-07-11,676,697,676,697,3926000,697
2014-07-14,704,707,692,706,2819000,706
2014-07-15,708,709,703,707,2193000,707
2014-07-16,710,717,707,716,2701000,716
2014-07-17,720,727,718,725,5480000,725
2014-07-18,718,728,714,727,4213000,727
2014-07-22,732,766,732,762,10338000,762
2014-07-23,765,773,756,763,7173000,763
2014-07-24,762,767,746,754,3830000,754
2014-07-25,780,808,778,805,14044000,805
2014-07-28,804,819,801,802,7916000,802
2014-07-29,802,809,798,809,4960000,809
2014-07-30,807,810,802,804,4233000,804
2014-07-31,803,803,794,796,4648000,796
2014-08-01,791,808,788,803,4592000,803
2014-08-04,804,810,800,808,3834000,808
2014-08-05,810,814,790,790,8297000,790
2014-08-06,797,810,796,803,6155000,803
2014-08-07,806,824,799,815,11136000,815
2014-08-08,805,822,794,805,6769000,805
2014-08-11,810,829,809,829,7757000,829
2014-08-12,830,839,825,828,5855000,828
2014-08-13,829,831,817,830,4809000,830
2014-08-14,837,859,832,856,9096000,856
2014-08-15,855,859,845,849,6447000,849
2014-08-18,856,864,846,863,5727000,863
2014-08-19,873,874,856,859,7047000,859
2014-08-20,861,861,848,850,5416000,850
2014-08-21,856,856,839,843,6652000,843
2014-08-22,844,844,817,820,9610000,820
2014-08-25,829,839,821,833,5244000,833
2014-08-26,838,863,837,857,9513000,857
2014-08-27,854,874,854,864,7680000,864
2014-08-28,872,882,864,871,8812000,871
2014-08-29,868,870,856,860,6032000,860
2014-09-01,867,871,858,871,5318000,871
2014-09-02,875,876,865,865,5340000,865
2014-09-03,869,875,856,867,6045000,867
2014-09-04,867,868,845,846,6466000,846
2014-09-05,851,858,836,840,7147000,840
2014-09-08,838,857,835,852,4852000,852
2014-09-09,854,862,844,845,5553000,845
2014-09-10,845,846,828,840,5243000,840
2014-09-11,839,840,823,824,7478000,824
2014-09-12,823,830,810,818,7770000,818
2014-09-16,830,838,813,817,9376000,817
2014-09-17,827,832,822,824,4382000,824
2014-09-18,831,834,817,820,5002000,820
2014-09-19,826,829,818,820,6074000,820
2014-09-22,819,826,813,819,4187000,819
2014-09-24,820,855,820,849,9364000,849
2014-09-25,858,858,843,851,4611000,851
2014-09-26,836,857,836,852,5337000,852
2014-09-29,858,871,845,869,7068000,869
2014-09-30,868,872,853,865,6648000,865
2014-10-01,862,865,846,846,6643000,846
2014-10-02,834,834,812,815,8186000,815
2014-10-03,815,829,812,822,6669000,822
2014-10-06,830,846,820,838,7829000,838
2014-10-07,837,839,820,820,4512000,820
2014-10-08,812,824,807,821,5114000,821
2014-10-09,822,824,781,784,8615000,784
2014-10-10,767,778,754,764,12275000,764
2014-10-14,732,742,723,732,12405000,732
2014-10-15,740,752,732,750,9551000,750
2014-10-16,730,738,726,733,10808000,733
2014-10-17,738,744,718,720,7812000,720
2014-10-20,747,766,745,765,8472000,765
2014-10-21,768,775,752,756,5976000,756
2014-10-22,783,791,775,789,7895000,789
2014-10-23,778,787,766,780,10142000,780
2014-10-24,792,794,780,786,4769000,786
2014-10-27,788,797,786,794,3027000,794
2014-10-28,795,799,783,787,5927000,787
2014-10-29,792,802,790,795,3582000,795
2014-10-30,794,796,783,783,4027000,783
2014-10-31,795,815,792,807,8387000,807
2014-11-04,830,830,805,806,8593000,806
2014-11-05,802,805,794,802,6083000,802
2014-11-06,807,825,804,807,6563000,807
2014-11-07,817,818,800,803,4318000,803
2014-11-10,810,810,795,800,6529000,800
2014-11-11,811,824,806,822,9484000,822
2014-11-12,827,835,795,799,13161000,799
2014-11-13,799,808,789,799,9937000,799
2014-11-14,805,806,791,799,7472000,799
2014-11-17,794,794,764,768,8944000,768
2014-11-18,777,795,777,793,5967000,793
2014-11-19,801,826,801,816,7660000,816
2014-11-20,824,828,808,814,4498000,814
2014-11-21,817,818,801,813,4631000,813
2014-11-25,817,817,804,806,3514000,806
2014-11-26,803,805,800,802,3053000,802
2014-11-27,797,811,796,802,4263000,802
2014-11-28,807,814,802,810,3985000,810
2014-12-01,811,812,803,808,3804000,808
2014-12-02,802,813,800,813,3633000,813
2014-12-03,816,822,808,809,3782000,809
2014-12-04,811,814,802,806,3847000,806
2014-12-05,802,802,790,794,4737000,794
2014-12-08,795,800,792,795,3290000,795
2014-12-09,789,791,783,785,3502000,785
2014-12-10,779,797,767,791,7505000,791
2014-12-11,782,788,770,783,4552000,783
2014-12-12,781,812,781,803,8477000,803
2014-12-15,791,820,790,809,8144000,809
2014-12-16,800,802,788,789,5847000,789
2014-12-17,786,797,784,792,3712000,792
2014-12-18,805,814,801,811,6891000,811
2014-12-19,821,823,814,818,6255000,818
2014-12-22,818,822,808,819,3612000,819
2014-12-24,823,824,818,820,2504000,820
2014-12-25,816,823,814,818,3318000,818
2014-12-26,822,839,820,832,5227000,832
2014-12-29,837,850,821,835,6529000,835
2014-12-30,835,835,818,823,3710000,823
2015-01-05,820,827,810,823,3600000,823
2015-01-06,812,812,800,800,5091000,800
2015-01-07,799,810,793,795,4023000,795
2015-01-08,804,806,797,801,3456000,801
2015-01-09,804,806,792,795,3558000,795
2015-01-13,789,789,776,787,3791000,787
2015-01-14,780,786,777,780,3031000,780
2015-01-15,784,808,784,804,4741000,804
2015-01-16,795,796,781,795,4167000,795
2015-01-19,799,807,794,803,3035000,803
2015-01-20,806,819,804,815,3070000,815
2015-01-21,813,818,808,815,2823000,815
2015-01-22,814,814,801,811,3104000,811
2015-01-23,819,820,801,816,4432000,816
2015-01-26,809,816,807,814,1691000,814
2015-01-27,818,822,813,822,2827000,822
2015-01-28,814,824,813,820,2469000,820
2015-01-29,813,822,811,814,2255000,814
2015-01-30,823,828,810,818,3851000,818
2015-02-02,809,810,798,806,3265000,806
2015-02-03,805,808,790,794,3448000,794
2015-02-04,803,818,803,811,3588000,811
2015-02-05,809,816,805,807,2284000,807
2015-02-06,810,814,801,802,2978000,802
2015-02-09,808,810,801,806,3097000,806
2015-02-10,809,822,791,793,8314000,793
2015-02-12,807,817,803,813,4547000,813
2015-02-13,815,829,812,823,5957000,823
2015-02-16,827,828,808,808,4353000,808
2015-02-17,807,814,803,812,5527000,812
2015-02-18,815,827,813,822,5296000,822
2015-02-19,820,829,818,824,4916000,824
2015-02-20,826,854,822,851,8981000,851
2015-02-23,858,862,848,859,5997000,859
2015-02-24,852,860,849,858,3574000,858
2015-02-25,861,867,856,859,4812000,859
2015-02-26,855,861,854,860,2926000,860
2015-02-27,860,872,851,853,6919000,853
2015-03-02,850,852,840,848,3702000,848
2015-03-03,848,857,841,842,3254000,842
2015-03-04,838,838,821,831,4278000,831
2015-03-05,832,834,826,828,2456000,828
2015-03-06,830,830,822,826,2832000,826
2015-03-09,821,822,808,814,3697000,814
2015-03-10,815,817,803,810,4908000,810
2015-03-11,811,829,809,825,3709000,825
2015-03-12,830,836,826,833,3521000,833
2015-03-13,839,840,822,825,5649000,825
2015-03-16,824,825,820,822,2615000,822
2015-03-17,826,827,818,825,3338000,825
2015-03-18,823,830,818,823,2457000,823
2015-03-19,816,819,810,815,3777000,815
2015-03-20,815,821,813,819,2909000,819
2015-03-23,820,826,819,824,3076000,824
2015-03-24,819,847,819,845,6537000,845
2015-03-25,845,857,843,852,5999000,852
2015-03-26,843,850,836,842,3400000,842
2015-03-27,832,844,812,820,6140000,820
2015-03-30,817,822,812,819,2991000,819
2015-03-31,828,830,813,813,3300000,813
2015-04-01,812,819,800,814,4698000,814
2015-04-02,815,829,812,822,3202000,822
2015-04-03,822,825,812,815,2186000,815
2015-04-06,812,812,805,808,1886000,808
2015-04-07,812,822,811,821,2774000,821
2015-04-08,825,829,821,823,2055000,823
2015-04-09,825,827,820,826,2731000,826
2015-04-10,826,827,817,824,3109000,824
2015-04-13,827,834,824,831,2945000,831
2015-04-14,831,838,828,838,3643000,838
2015-04-15,848,877,847,873,13725000,873
2015-04-16,873,884,860,876,9138000,876
2015-04-17,880,880,867,867,3755000,867
2015-04-20,858,872,857,866,3423000,866
2015-04-21,867,879,867,872,3393000,872
2015-04-22,874,888,873,887,5816000,887
2015-04-23,889,898,885,889,4562000,889
2015-04-24,889,893,883,890,3471000,890
2015-04-27,889,889,877,883,2215000,883
2015-04-28,877,887,871,879,2996000,879
2015-04-30,866,872,859,865,3985000,865
2015-05-01,859,860,851,856,2569000,856
2015-05-07,843,844,834,836,3470000,836
2015-05-08,836,843,827,828,4975000,828
2015-05-11,840,841,835,838,4298000,838
2015-05-12,836,844,831,841,3220000,841
2015-05-13,839,898,834,896,12239000,896
2015-05-14,900,917,895,912,9294000,912
2015-05-15,913,924,906,917,4853000,917
2015-05-18,912,924,912,920,4386000,920
2015-05-19,922,938,921,934,4602000,934
2015-05-20,934,937,920,929,4031000,929
2015-05-21,925,930,925,928,2621000,928
2015-05-22,924,929,918,923,2024000,923
2015-05-25,922,925,916,921,1978000,921
2015-05-26,921,932,919,929,3029000,929
2015-05-27,925,953,924,942,5610000,942
2015-05-28,954,957,946,949,2979000,949
2015-05-29,944,960,943,952,3212000,952
2015-06-01,955,977,954,972,4255000,972
2015-06-02,974,978,962,967,2701000,967
2015-06-03,982,985,962,962,4006000,962
2015-06-04,962,979,956,975,3629000,975
2015-06-05,968,980,964,975,2189000,975
2015-06-08,997,998,981,993,5431000,993
2015-06-09,987,990,976,979,3627000,979
2015-06-10,990,1005,980,988,6055000,988
2015-06-11,1000,1019,999,1015,4289000,1015
2015-06-12,1014,1014,996,998,4642000,998
2015-06-15,993,996,985,993,2163000,993
2015-06-16,988,998,982,987,2667000,987
2015-06-17,988,994,982,990,2944000,990
2015-06-18,990,990,974,975,2298000,975
2015-06-19,994,997,979,979,3278000,979
2015-06-22,985,1005,980,995,3111000,995
2015-06-23,1003,1004,988,995,3492000,995
2015-06-24,1000,1001,992,999,2975000,999
2015-06-25,1000,1024,999,1019,5072000,1019
2015-06-26,1029,1037,1013,1030,4797000,1030
2015-06-29,1000,1029,1000,1013,4514000,1013
2015-06-30,1028,1056,1025,1031,7062000,1031
2015-07-01,1031,1050,1027,1047,3393000,1047
2015-07-02,1068,1086,1068,1077,6110000,1077
2015-07-03,1079,1083,1063,1080,3324000,1080
2015-07-06,1063,1072,1050,1056,3588000,1056
2015-07-07,1071,1073,1053,1059,3563000,1059
2015-07-08,1056,1056,1028,1029,3947000,1029
2015-07-09,1007,1034,979,1031,5583000,1031
2015-07-10,1029,1047,1018,1034,4620000,1034
2015-07-13,1043,1059,1031,1057,3496000,1057
2015-07-14,1057,1057,1036,1047,5713000,1047
2015-07-15,1053,1062,1047,1049,2540000,1049
2015-07-16,1060,1070,1053,1068,2646000,1068
2015-07-17,1071,1082,1063,1070,2696000,1070
2015-07-21,1070,1083,1065,1079,2068000,1079
2015-07-22,1075,1082,1071,1076,1988000,1076
2015-07-23,1081,1086,1073,1082,2113000,1082
2015-07-24,1091,1095,1076,1078,2741000,1078
2015-07-27,1074,1086,1068,1074,3018000,1074
2015-07-28,1071,1090,1064,1085,3323000,1085
2015-07-29,1098,1099,1082,1088,2470000,1088
2015-07-30,1094,1097,1072,1078,3223000,1078
2015-07-31,1078,1088,1068,1088,3017000,1088
2015-08-03,1084,1090,1073,1080,2036000,1080
2015-08-04,1080,1090,1050,1090,5225000,1090
2015-08-05,1098,1152,1096,1136,7611000,1136
2015-08-06,1149,1198,1097,1107,15251000,1107
2015-08-07,1096,1130,1076,1124,6948000,1124
2015-08-10,1138,1166,1129,1165,5349000,1165
2015-08-11,1180,1189,1150,1163,4755000,1163
2015-08-12,1169,1182,1153,1161,4584000,1161
2015-08-13,1163,1199,1161,1194,6362000,1194
2015-08-14,1194,1207,1184,1195,4803000,1195
2015-08-17,1200,1219,1196,1216,4062000,1216
2015-08-18,1222,1237,1215,1222,4935000,1222
2015-08-19,1212,1223,1193,1195,3739000,1195
2015-08-20,1186,1213,1182,1186,3791000,1186
2015-08-21,1153,1185,1153,1175,5944000,1175
2015-08-24,1152,1185,1106,1107,8024000,1107
2015-08-25,1077,1143,1054,1080,9191000,1080
2015-08-26,1100,1109,1083,1101,6815000,1101
2015-08-27,1141,1170,1133,1158,6865000,1158
2015-08-28,1188,1208,1171,1180,10616000,1180
2015-08-31,1181,1208,1175,1187,5985000,1187
2015-09-01,1180,1196,1153,1153,5821000,1153
2015-09-02,1131,1170,1121,1134,5666000,1134
2015-09-03,1158,1162,1122,1125,4341000,1125
2015-09-04,1132,1149,1107,1121,5107000,1121
2015-09-07,1119,1132,1102,1116,3558000,1116
2015-09-08,1123,1125,1040,1048,6947000,1048
2015-09-09,1082,1098,1057,1098,6025000,1098
2015-09-10,1073,1115,1062,1111,4571000,1111
2015-09-11,1102,1120,1102,1113,4898000,1113
2015-09-14,1120,1137,1110,1112,2697000,1112
2015-09-15,1113,1115,1076,1077,4207000,1077
2015-09-16,1088,1092,1055,1063,3891000,1063
2015-09-17,1073,1089,1054,1084,3668000,1084
2015-09-18,1068,1082,1057,1063,6701000,1063
2015-09-24,1050,1050,1025,1030,5970000,1030
2015-09-25,1036,1061,1026,1058,4713000,1058
2015-09-28,1051,1073,1050,1062,3666000,1062
2015-09-29,1047,1059,1021,1023,4207000,1023
2015-09-30,1030,1035,1005,1024,5557000,1024
2015-10-01,994,999,976,995,10687000,995
2015-10-02,999,1019,989,999,5586000,999
2015-10-05,1011,1011,994,1006,2999000,1006
2015-10-06,1013,1018,998,1004,4329000,1004
2015-10-07,1009,1009,980,995,4570000,995
2015-10-08,994,1004,987,994,3004000,994
2015-10-09,999,1063,989,1060,9494000,1060
2015-10-13,1056,1080,1042,1045,7460000,1045
2015-10-14,1044,1056,1030,1031,4065000,1031
2015-10-15,1037,1060,1031,1053,4061000,1053
2015-10-16,1061,1069,1044,1046,3367000,1046
2015-10-19,1046,1076,1039,1066,3862000,1066
2015-10-20,1070,1076,1030,1042,4784000,1042
2015-10-21,1043,1072,1043,1069,2788000,1069
2015-10-22,1063,1064,1033,1038,4279000,1038
2015-10-23,1052,1063,1028,1032,6256000,1032
2015-10-26,1045,1052,1037,1046,3265000,1046
2015-10-27,1046,1046,1031,1035,2752000,1035
2015-10-28,1033,1047,1023,1039,2664000,1039
2015-10-29,1055,1056,1035,1035,2597000,1035
2015-10-30,1035,1067,1030,1063,5171000,1063
2015-11-02,1046,1049,1020,1022,4841000,1022
2015-11-04,1026,1029,966,970,10894000,970
2015-11-05,955,988,947,978,7761000,978
2015-11-06,980,996,975,990,5173000,990
2015-11-09,1015,1055,1011,1043,9932000,1043
2015-11-10,1055,1074,1045,1062,6089000,1062
2015-11-11,1070,1084,1064,1075,4827000,1075
2015-11-12,1082,1094,1071,1073,3945000,1073
2015-11-13,1063,1075,1056,1071,3161000,1071
2015-11-16,1055,1068,1047,1058,2822000,1058
2015-11-17,1064,1066,1049,1057,4455000,1057
2015-11-18,1062,1067,1047,1051,3900000,1051
2015-11-19,1062,1064,1046,1050,2637000,1050
2015-11-20,1054,1062,1041,1062,3184000,1062
2015-11-24,1053,1077,1051,1075,3760000,1075
2015-11-25,1070,1071,1057,1060,2660000,1060
2015-11-26,1062,1077,1060,1071,3295000,1071
2015-11-27,1076,1076,1053,1055,2397000,1055
2015-11-30,1052,1055,1033,1033,2963000,1033
2015-12-01,1026,1049,1026,1049,4859000,1049
2015-12-02,1048,1057,1039,1055,4755000,1055
2015-12-03,1048,1058,1039,1045,3186000,1045
2015-12-04,1032,1032,1018,1024,3513000,1024
2015-12-07,1033,1042,1023,1023,3694000,1023
2015-12-08,1024,1024,1003,1009,3750000,1009
2015-12-09,1002,1018,999,1005,2685000,1005
2015-12-10,1008,1030,1005,1015,4170000,1015
2015-12-11,1002,1022,1002,1016,3918000,1016
2015-12-14,1003,1024,1002,1022,3353000,1022
2015-12-15,1023,1036,1006,1009,3794000,1009
2015-12-16,1029,1041,1023,1040,4214000,1040
2015-12-17,1054,1068,1054,1062,4087000,1062
2015-12-18,1059,1067,1035,1036,4159000,1036
2015-12-21,1029,1030,1004,1014,3792000,1014
2015-12-22,1011,1015,1002,1006,3797000,1006
2015-12-24,1008,1012,985,987,4022000,987
2015-12-25,995,996,976,979,2407000,979
2015-12-28,980,985,972,981,1781000,981
2015-12-29,984,997,976,996,1884000,996
2015-12-30,999,1002,988,990,2131000,990
2016-01-04,986,990,964,969,3075000,969
2016-01-05,971,987,962,979,3671000,979
2016-01-06,985,989,965,976,3182000,976
2016-01-07,975,987,967,972,4554000,972
2016-01-08,960,980,955,958,4068000,958
2016-01-12,945,955,915,919,4153000,919
2016-01-13,927,953,927,953,2923000,953
2016-01-14,923,929,905,923,4369000,923
2016-01-15,937,940,907,910,2521000,910
2016-01-18,887,893,875,890,3187000,890
2016-01-19,890,895,876,886,3252000,886
2016-01-20,881,881,835,838,4872000,838
2016-01-21,836,858,817,817,5828000,817
2016-01-22,843,862,834,860,3817000,860
2016-01-25,871,874,853,861,2432000,861
2016-01-26,854,864,846,849,2717000,849
2016-01-27,864,883,859,875,3007000,875
2016-01-28,867,885,857,877,2430000,877
2016-01-29,887,929,876,927,7419000,927
2016-02-01,965,979,962,978,5333000,978
2016-02-02,992,992,965,970,4401000,970
2016-02-03,940,943,920,935,3805000,935
2016-02-04,922,940,920,922,2767000,922
2016-02-05,908,916,891,906,3550000,906
2016-02-08,891,930,887,926,4296000,926
2016-02-09,896,904,865,890,7633000,890
2016-02-10,895,907,855,868,7168000,868
2016-02-12,838,857,823,833,7090000,833
2016-02-15,862,908,856,900,6267000,900
2016-02-16,888,905,881,881,4354000,881
2016-02-17,875,891,842,856,4475000,856
2016-02-18,872,879,860,864,3728000,864
2016-02-19,858,865,846,855,2574000,855
2016-02-22,853,874,851,865,2366000,865
2016-02-23,871,876,848,851,2593000,851
2016-02-24,840,845,831,839,3272000,839
2016-02-25,842,885,842,872,6028000,872
2016-02-26,879,888,877,877,2617000,877
2016-02-29,874,879,858,858,3924000,858
2016-03-01,858,881,858,875,2776000,875
2016-03-02,900,920,898,912,4461000,912
2016-03-03,910,912,902,909,4230000,909
2016-03-04,911,924,898,922,4512000,922
2016-03-07,915,921,908,920,3156000,920
2016-03-08,914,922,899,916,2782000,916
2016-03-09,909,917,898,908,2373000,908
2016-03-10,909,915,899,913,3140000,913
2016-03-11,912,942,909,940,6980000,940
2016-03-14,937,958,936,948,4365000,948
2016-03-15,944,956,936,945,2944000,945
2016-03-16,938,953,936,944,2723000,944
2016-03-17,949,954,935,943,3188000,943
2016-03-18,940,941,931,935,2949000,935
2016-03-22,945,972,941,970,4946000,970
2016-03-23,969,994,968,989,6097000,989
2016-03-24,988,997,985,988,3162000,988
2016-03-25,992,992,951,959,4468000,959
2016-03-28,965,974,950,966,3166000,966
2016-03-29,955,987,955,985,3311000,985
2016-03-30,981,987,970,972,2245000,972
2016-03-31,978,982,952,954,3793000,954
2016-04-01,951,954,924,924,3332000,924
2016-04-04,919,945,918,930,3001000,930
2016-04-05,924,927,903,909,3043000,909
2016-04-06,906,918,893,910,3146000,910
2016-04-07,913,952,913,949,5716000,949
2016-04-08,941,973,936,959,4881000,959
2016-04-11,958,958,937,949,2462000,949
2016-04-12,943,951,939,948,1683000,948
2016-04-13,956,964,945,960,2072000,960
2016-04-14,972,989,958,971,8897000,971
2016-04-15,984,1008,982,1007,9093000,1007
2016-04-18,997,1019,993,1009,6910000,1009
2016-04-19,1007,1014,1001,1010,4685000,1010
2016-04-20,1020,1024,1001,1006,3634000,1006
2016-04-21,1021,1023,1012,1021,3442000,1021
2016-04-22,1013,1024,1007,1024,3416000,1024
2016-04-25,1024,1028,990,994,3487000,994
2016-04-26,996,1009,995,1004,2889000,1004
2016-04-27,1010,1014,1002,1012,2418000,1012
2016-04-28,1015,1015,981,983,3779000,983
2016-05-02,950,958,946,952,3136000,952
2016-05-06,953,958,931,940,3053000,940
2016-05-09,945,971,945,968,3907000,968
2016-05-10,966,986,962,982,3141000,982
2016-05-11,996,1034,974,1015,9269000,1015
2016-05-12,1009,1019,1001,1011,4277000,1011
2016-05-13,1015,1015,999,999,4154000,999
2016-05-16,999,1018,991,996,2885000,996
2016-05-17,1000,1015,991,1009,3033000,1009
2016-05-18,1007,1017,989,1003,4046000,1003
2016-05-19,1009,1011,992,996,3395000,996
2016-05-20,992,996,975,981,4261000,981
2016-05-23,978,984,972,982,2426000,982
2016-05-24,981,993,981,982,2819000,982
2016-05-25,993,994,981,983,1826000,983
2016-05-26,994,1007,991,993,4236000,993
2016-05-27,997,1012,994,997,3150000,997
2016-05-30,997,1000,989,997,2766000,997
2016-05-31,993,997,986,992,7635000,992
2016-06-01,994,994,971,976,4528000,976
2016-06-02,975,980,962,963,2701000,963
2016-06-03,957,962,952,960,5288000,960
2016-06-06,966,978,958,965,5256000,965
2016-06-07,964,967,959,963,2489000,963
2016-06-08,965,974,956,974,2234000,974
2016-06-09,970,980,969,976,2276000,976
2016-06-10,981,982,964,969,3538000,969
2016-06-13,960,960,935,935,2895000,935
2016-06-14,937,948,924,933,3345000,933
2016-06-15,928,938,920,921,3096000,921
2016-06-16,926,932,891,895,4482000,895
2016-06-17,901,913,893,895,2923000,895
2016-06-20,906,921,906,912,2511000,912
2016-06-21,910,930,908,929,2385000,929
2016-06-22,929,932,914,925,2407000,925
2016-06-23,925,934,924,931,2191000,931
2016-06-24,938,941,868,883,6525000,883
2016-06-27,887,925,887,923,4420000,923
2016-06-28,910,946,908,935,3476000,935
2016-06-29,947,953,937,950,3242000,950
2016-06-30,959,977,956,956,3376000,956
2016-07-01,956,959,945,953,2152000,953
2016-07-04,946,957,943,956,2241000,956
2016-07-05,951,959,949,956,1760000,956
2016-07-06,946,954,928,952,3271000,952
2016-07-07,953,953,937,940,2591000,940
2016-07-08,942,952,931,931,2467000,931
2016-07-11,953,992,951,986,4723000,986
2016-07-12,1001,1023,995,998,5936000,998
2016-07-13,1011,1015,995,1004,3304000,1004
2016-07-14,1002,1016,1001,1010,3053000,1010
2016-07-15,1015,1020,1006,1007,2892000,1007
2016-07-19,1010,1018,1000,1018,2918000,1018
2016-07-20,1013,1037,1012,1037,3480000,1037
2016-07-21,1047,1060,1043,1054,4551000,1054
2016-07-22,1042,1050,1033,1043,2596000,1043
2016-07-25,1050,1056,1039,1039,2808000,1039
2016-07-26,1041,1046,1030,1037,2604000,1037
2016-07-27,1047,1061,1042,1055,4076000,1055
2016-07-28,1046,1049,1032,1038,2533000,1038
2016-07-29,1050,1055,1028,1050,4653000,1050
2016-08-01,1034,1045,1025,1044,2607000,1044
2016-08-02,1033,1036,1027,1031,1859000,1031
2016-08-03,1020,1023,1004,1006,2860000,1006
2016-08-04,1001,1002,985,988,2700000,988
2016-08-05,991,999,960,961,4907000,961
2016-08-08,971,973,942,953,4612000,953
2016-08-09,950,959,923,928,10177000,928
2016-08-10,942,988,939,984,8884000,984
2016-08-12,991,1003,984,993,4308000,993
2016-08-15,988,991,975,976,1832000,976
2016-08-16,975,981,965,965,3239000,965
2016-08-17,961,965,943,950,3420000,950
2016-08-18,943,960,941,950,3197000,950
2016-08-19,950,951,928,935,2468000,935
2016-08-22,939,942,932,941,2025000,941
2016-08-23,941,958,941,946,2246000,946
2016-08-24,954,954,942,950,1930000,950
2016-08-25,947,948,932,932,3106000,932
2016-08-26,927,930,922,923,2108000,923
2016-08-29,930,933,920,922,2512000,922
2016-08-30,924,924,912,916,2035000,916
2016-08-31,920,926,912,923,2406000,923
2016-09-01,922,927,913,924,1824000,924
2016-09-02,928,943,928,935,2931000,935
2016-09-05,944,944,926,929,1803000,929
2016-09-06,925,950,923,947,2642000,947
2016-09-07,941,953,941,946,3877000,946
2016-09-08,955,957,935,940,3491000,940
2016-09-09,937,944,930,933,2888000,933
2016-09-12,925,926,912,917,2141000,917
2016-09-13,913,920,912,919,1580000,919
2016-09-14,912,923,909,920,1785000,920
2016-09-15,914,914,903,906,1965000,906
2016-09-16,906,908,892,898,2927000,898
2016-09-20,896,904,888,890,2961000,890
2016-09-21,898,919,890,918,2833000,918
2016-09-23,910,918,907,916,2775000,916
2016-09-26,914,917,904,907,1717000,907
2016-09-27,900,919,892,918,2953000,918
2016-09-28,905,910,893,900,3023000,900
2016-09-29,908,911,903,907,2019000,907
2016-09-30,898,907,893,900,2112000,900
2016-10-03,909,922,905,908,2187000,908
2016-10-04,912,913,905,908,1385000,908
2016-10-05,906,906,895,897,2019000,897
2016-10-06,897,899,891,893,2808000,893
2016-10-07,895,895,880,883,1980000,883
2016-10-11,884,895,880,895,3001000,895
2016-10-12,895,904,890,895,2818000,895
2016-10-13,896,897,886,888,1561000,888
2016-10-14,883,890,881,889,2058000,889
2016-10-17,887,890,877,881,2439000,881
2016-10-18,879,890,876,888,2397000,888
2016-10-19,886,900,886,897,2025000,897
2016-10-20,900,909,898,905,2315000,905
2016-10-21,909,909,894,898,2429000,898
2016-10-24,899,912,897,910,2723000,910
2016-10-25,909,922,908,919,2434000,919
2016-10-26,917,924,914,923,2802000,923
2016-10-27,926,935,925,931,2304000,931
2016-10-28,935,940,933,936,3314000,936
2016-10-31,930,934,925,934,1834000,934
2016-11-01,930,939,926,939,1947000,939
2016-11-02,929,931,917,921,2227000,921
2016-11-04,916,920,904,911,2071000,911
2016-11-07,920,927,911,921,2183000,921
2016-11-08,921,951,916,935,5277000,935
2016-11-09,936,958,894,903,7107000,903
2016-11-10,950,960,940,958,6315000,958
2016-11-11,980,999,977,989,6990000,989
2016-11-14,991,996,983,984,3895000,984
2016-11-15,989,993,983,991,2379000,991
2016-11-16,1000,1010,996,1001,4447000,1001
2016-11-17,990,995,976,979,6134000,979
2016-11-18,990,1002,984,995,4174000,995
2016-11-21,998,1010,996,1007,2671000,1007
2016-11-22,1007,1021,1006,1020,3632000,1020
2016-11-24,1026,1029,1022,1023,2671000,1023
2016-11-25,1026,1028,1013,1017,2451000,1017
2016-11-28,1017,1028,1017,1027,2834000,1027
2016-11-29,1028,1041,1026,1039,2843000,1039
2016-11-30,1045,1055,1044,1054,4518000,1054
2016-12-01,1059,1065,1051,1053,3954000,1053
2016-12-02,1050,1057,1046,1052,2444000,1052
2016-12-05,1038,1044,1025,1033,3410000,1033
2016-12-06,1045,1060,1043,1059,5017000,1059
2016-12-07,1054,1058,1049,1054,2809000,1054
2016-12-08,1061,1069,1055,1067,3223000,1067
2016-12-09,1069,1080,1067,1073,4662000,1073
2016-12-12,1079,1084,1071,1076,2938000,1076
2016-12-13,1079,1090,1077,1089,3060000,1089
2016-12-14,1094,1095,1085,1088,1971000,1088
2016-12-15,1092,1096,1078,1082,2422000,1082
2016-12-16,1094,1100,1088,1100,3307000,1100
2016-12-19,1092,1096,1084,1094,2010000,1094
2016-12-20,1096,1105,1092,1103,3327000,1103
2016-12-21,1103,1105,1091,1097,2173000,1097
2016-12-22,1094,1098,1086,1096,1930000,1096
2016-12-26,1093,1094,1088,1089,1372000,1089
2016-12-27,1085,1089,1078,1079,2142000,1079
2016-12-28,1079,1089,1075,1083,1827000,1083
2016-12-29,1074,1078,1068,1073,2757000,1073
2016-12-30,1066,1072,1058,1069,2281000,1069
2017-01-04,1079,1105,1077,1101,3793000,1101
