Date,Open,High,Low,Close,Volume,Adj Close
2008-10-20,66,68.0,63.0,65.0,34587500.0,325.0
2008-10-21,67,68.0,65.0,66.0,22199500.0,330.0
2008-10-22,64,66.0,60.0,60.0,25811000.0,300.0
2008-10-23,57,60.0,56.0,60.0,27037000.0,300.0
2008-10-24,66,68.0,63.0,68.0,66729500.0,340.0
2008-10-27,66,69.0,64.0,65.0,25474500.0,325.0
2008-10-28,64,68.0,63.0,67.0,23370500.0,335.0
2008-10-29,74,75.0,69.0,72.0,26089000.0,360.0
2008-10-30,73,89.0,72.0,86.0,57608000.0,430.0
2008-10-31,91,92.0,87.0,87.0,33175000.0,435.0
2008-11-04,92,95.0,90.0,93.0,24033500.0,465.0
2008-11-05,98,106.0,97.0,105.0,44470000.0,525.0
2008-11-06,100,101.0,95.0,95.0,38411000.0,475.0
2008-11-07,88,99.0,87.0,98.0,27022000.0,490.0
2008-11-10,102,104.0,94.0,97.0,30733500.0,485.0
2008-11-11,96,99.0,95.0,97.0,14817500.0,485.0
2008-11-12,95,96.0,93.0,93.0,13186500.0,465.0
2008-11-13,89,93.0,88.0,91.0,14033500.0,455.0
2008-11-14,96,97.0,85.0,87.0,19952500.0,435.0
2008-11-17,84,86.0,80.0,83.0,18834500.0,415.0
2008-11-18,82,88.0,81.0,87.0,23490000.0,435.0
2008-11-19,89,93.0,88.0,90.0,20441000.0,450.0
2008-11-20,88,89.0,83.0,85.0,15031000.0,425.0
2008-11-21,83,85.0,79.0,85.0,24269500.0,425.0
2008-11-25,89,90.0,78.0,80.0,26566500.0,400.0
2008-11-26,79,82.0,77.0,78.0,13460500.0,390.0
2008-11-27,80,81.0,77.0,79.0,7496000.0,395.0
2008-11-28,78,81.0,77.0,81.0,7727000.0,405.0
2008-12-01,80,84.0,80.0,84.0,9351500.0,420.0
2008-12-02,80,83.0,79.0,80.0,11904000.0,400.0
2008-12-03,82,87.0,82.0,86.0,16099000.0,430.0
2008-12-04,87,90.0,85.0,86.0,18503500.0,430.0
2008-12-05,86,87.0,81.0,82.0,16745500.0,410.0
2008-12-08,82,83.0,78.0,79.0,16148000.0,395.0
2008-12-09,79,80.0,74.0,77.0,17492000.0,385.0
2008-12-10,77,83.0,75.0,80.0,21147500.0,400.0
2008-12-11,81,88.0,81.0,88.0,18336500.0,440.0
2008-12-12,88,89.0,84.0,87.0,15927000.0,435.0
2008-12-15,89,100.0,88.0,98.0,38964000.0,490.0
2008-12-16,97,103.0,95.0,99.0,24622500.0,495.0
2008-12-17,103,106.0,98.0,101.0,27921000.0,505.0
2008-12-18,101,102.0,98.0,98.0,8741500.0,490.0
2008-12-19,98,100.0,97.0,97.0,9009500.0,485.0
2008-12-22,96,98.0,92.0,93.0,8784000.0,465.0
2008-12-24,92,93.0,87.0,87.0,9656500.0,435.0
2008-12-25,88,92.0,87.0,91.0,5659500.0,455.0
2008-12-26,90,92.0,88.0,89.0,5539500.0,445.0
2008-12-29,90,90.0,88.0,90.0,2951500.0,450.0
2008-12-30,90,94.0,89.0,94.0,3324500.0,470.0
2009-01-05,100,100.0,95.0,96.0,5315500.0,480.0
2009-01-06,98,100.0,95.0,96.0,16461000.0,480.0
2009-01-07,97,98.0,90.0,93.0,15878500.0,465.0
2009-01-08,92,93.0,88.0,89.0,12756500.0,445.0
2009-01-09,89,90.0,87.0,87.0,9066500.0,435.0
2009-01-13,89,89.0,78.0,79.0,24427000.0,395.0
2009-01-14,81,83.0,80.0,83.0,10645000.0,415.0
2009-01-15,80,84.0,79.0,81.0,10722500.0,405.0
2009-01-16,85,88.0,83.0,86.0,13966000.0,430.0
2009-01-19,90,90.0,88.0,89.0,6982000.0,445.0
2009-01-20,89,89.0,84.0,86.0,7291000.0,430.0
2009-01-21,83,88.0,82.0,83.0,11715000.0,415.0
2009-01-22,85,85.0,81.0,82.0,9502500.0,410.0
2009-01-23,81,85.0,81.0,82.0,5660000.0,410.0
2009-01-26,83,85.0,82.0,83.0,5221000.0,415.0
2009-01-27,84,88.0,83.0,87.0,10264500.0,435.0
2009-01-28,87,89.0,84.0,84.0,9189500.0,420.0
2009-01-29,86,87.0,81.0,82.0,14701500.0,410.0
2009-01-30,82,85.0,81.0,85.0,9824500.0,425.0
2009-02-02,83,85.0,81.0,81.0,6812500.0,405.0
2009-02-03,81,83.0,80.0,80.0,7566500.0,400.0
2009-02-04,82,82.0,80.0,82.0,6410000.0,410.0
2009-02-05,81,84.0,80.0,81.0,7783500.0,405.0
2009-02-06,78,80.0,77.0,78.0,18691000.0,390.0
2009-02-09,76,76.0,66.0,66.0,48591500.0,330.0
2009-02-10,69,71.0,68.0,70.0,24102500.0,350.0
2009-02-12,70,70.0,65.0,68.0,14191000.0,340.0
2009-02-13,64,67.0,61.0,61.0,27547000.0,305.0
2009-02-16,60,60.0,56.0,56.0,25143500.0,280.0
2009-02-17,55,58.0,54.0,55.0,18584500.0,275.0
2009-02-18,54,55.0,52.0,53.0,17929500.0,265.0
2009-02-19,53,55.0,49.0,49.0,25954500.0,245.0
2009-02-20,49,50.0,43.0,43.0,29658000.0,215.0
2009-02-23,41,43.0,36.0,36.0,50559500.0,180.0
2009-02-24,34,39.0,31.0,34.0,103343500.0,170.0
2009-02-25,37,38.0,31.0,31.0,62969000.0,155.0
2009-02-26,32,35.0,29.0,34.0,80968000.0,170.0
2009-02-27,34,36.0,33.0,34.0,40349500.0,170.0
2009-03-02,34,37.0,33.0,36.0,41603000.0,180.0
2009-03-03,36,44.0,35.0,42.0,75308500.0,210.0
2009-03-04,45,46.0,41.0,44.0,62843000.0,220.0
2009-03-05,45,47.0,43.0,44.0,35533000.0,220.0
2009-03-06,43,44.0,40.0,40.0,24104500.0,200.0
2009-03-09,40,42.0,37.0,37.0,30359000.0,185.0
2009-03-10,38,40.0,37.0,39.0,20568500.0,195.0
2009-03-11,41,42.0,39.0,40.0,16647500.0,200.0
2009-03-12,41,41.0,39.0,39.0,12409500.0,195.0
2009-03-13,41,41.0,39.0,41.0,16474500.0,205.0
2009-03-16,42,46.0,41.0,45.0,31840000.0,225.0
2009-03-17,48,49.0,47.0,48.0,32404500.0,240.0
2009-03-18,51,54.0,50.0,51.0,36390500.0,255.0
2009-03-19,53,55.0,51.0,54.0,26945000.0,270.0
2009-03-23,53,55.0,51.0,52.0,34545500.0,260.0
2009-03-24,56,57.0,53.0,54.0,19631000.0,270.0
2009-03-25,53,54.0,51.0,52.0,17177500.0,260.0
2009-03-26,52,52.0,48.0,50.0,16286000.0,250.0
2009-03-27,52,53.0,50.0,51.0,17990500.0,255.0
2009-03-30,50,51.0,48.0,48.0,13321000.0,240.0
2009-03-31,46,49.0,46.0,46.0,17022500.0,230.0
2009-04-01,48,49.0,47.0,49.0,10103000.0,245.0
2009-04-02,50,52.0,48.0,49.0,33669500.0,245.0
2009-04-03,50,51.0,48.0,49.0,14064500.0,245.0
2009-04-06,49,50.0,48.0,48.0,17832000.0,240.0
2009-04-07,49,54.0,48.0,53.0,44299500.0,265.0
2009-04-08,51,55.0,51.0,53.0,43120500.0,265.0
2009-04-09,55,56.0,52.0,54.0,33389000.0,270.0
2009-04-10,59,64.0,58.0,63.0,87936500.0,315.0
2009-04-13,68,75.0,67.0,73.0,94798500.0,365.0
2009-04-14,76,78.0,66.0,70.0,77966500.0,350.0
2009-04-15,66,71.0,64.0,70.0,47810000.0,350.0
2009-04-16,72,75.0,68.0,69.0,40711500.0,345.0
2009-04-17,68,69.0,62.0,64.0,44731500.0,320.0
2009-04-20,64,65.0,61.0,64.0,28282000.0,320.0
2009-04-21,62,63.0,60.0,63.0,26811000.0,315.0
2009-04-22,65,66.0,62.0,62.0,18857000.0,310.0
2009-04-23,62,63.0,60.0,61.0,19610500.0,305.0
2009-04-24,62,64.0,61.0,62.0,25177000.0,310.0
2009-04-27,64,67.0,63.0,65.0,32110000.0,325.0
2009-04-28,64,64.0,61.0,61.0,18305000.0,305.0
2009-04-30,62,63.0,61.0,62.0,12778000.0,310.0
2009-05-01,61,63.0,61.0,62.0,13582500.0,310.0
2009-05-07,66,68.0,64.0,65.0,38860500.0,325.0
2009-05-08,65,66.0,64.0,66.0,13374500.0,330.0
2009-05-11,69,71.0,68.0,70.0,57380500.0,350.0
2009-05-12,70,71.0,67.0,67.0,20783500.0,335.0
2009-05-13,68,68.0,65.0,66.0,19498000.0,330.0
2009-05-14,64,65.0,61.0,62.0,34101000.0,310.0
2009-05-15,64,68.0,63.0,67.0,41501000.0,335.0
2009-05-18,68,70.0,66.0,69.0,34397500.0,345.0
2009-05-19,72,73.0,68.0,70.0,37893000.0,350.0
2009-05-20,69,72.0,68.0,72.0,35502000.0,360.0
2009-05-21,72,77.0,70.0,74.0,65263000.0,370.0
2009-05-22,72,80.0,72.0,79.0,89688000.0,395.0
2009-05-25,81,87.0,80.0,86.0,97921000.0,430.0
2009-05-26,87,88.0,82.0,84.0,63607500.0,420.0
2009-05-27,85,86.0,81.0,82.0,38993500.0,410.0
2009-05-28,81,83.0,79.0,80.0,25366000.0,400.0
2009-05-29,82,82.0,78.0,78.0,56599000.0,390.0
2009-06-01,76,79.0,75.0,77.0,49823000.0,385.0
2009-06-02,80,86.0,79.0,85.0,68492000.0,425.0
2009-06-03,86,90.0,85.0,85.0,86320000.0,425.0
2009-06-04,85,89.0,84.0,89.0,44274500.0,445.0
2009-06-05,92,93.0,87.0,88.0,48052000.0,440.0
2009-06-08,92,93.0,90.0,92.0,41302500.0,460.0
2009-06-09,94,97.0,91.0,91.0,77088500.0,455.0
2009-06-10,93,95.0,92.0,94.0,31353000.0,470.0
2009-06-11,95,99.0,93.0,99.0,70399500.0,495.0
2009-06-12,100,109.0,99.0,109.0,110894500.0,545.0
2009-06-15,112,116.0,111.0,113.0,93531000.0,565.0
2009-06-16,110,111.0,105.0,105.0,49585500.0,525.0
2009-06-17,102,109.0,102.0,108.0,36649500.0,540.0
2009-06-18,108,110.0,104.0,106.0,24717000.0,530.0
2009-06-19,107,109.0,102.0,102.0,30359500.0,510.0
2009-06-22,102,107.0,98.0,107.0,37082500.0,535.0
2009-06-23,102,105.0,99.0,100.0,50530500.0,500.0
2009-06-24,101,102.0,96.0,97.0,32491000.0,485.0
2009-06-25,98,105.0,96.0,104.0,35214000.0,520.0
2009-06-26,106,107.0,102.0,103.0,22638000.0,515.0
2009-06-29,103,104.0,99.0,99.0,16485500.0,495.0
2009-06-30,101,102.0,99.0,100.0,14599000.0,500.0
2009-07-01,99,103.0,98.0,101.0,18905500.0,505.0
2009-07-02,102,104.0,101.0,103.0,16317500.0,515.0
2009-07-03,100,103.0,99.0,102.0,14249500.0,510.0
2009-07-06,101,102.0,99.0,99.0,13173500.0,495.0
2009-07-07,100,101.0,92.0,92.0,42309000.0,460.0
2009-07-08,88,89.0,83.0,85.0,47511500.0,425.0
2009-07-09,82,89.0,80.0,85.0,38941000.0,425.0
2009-07-10,88,89.0,84.0,84.0,28415000.0,420.0
2009-07-13,83,85.0,76.0,76.0,34678500.0,380.0
2009-07-14,80,83.0,80.0,82.0,30014000.0,410.0
2009-07-15,80,81.0,78.0,78.0,27865500.0,390.0
2009-07-16,83,84.0,81.0,82.0,22348500.0,410.0
2009-07-17,83,87.0,83.0,86.0,20839000.0,430.0
2009-07-21,89,91.0,88.0,91.0,20581000.0,455.0
2009-07-22,91,91.0,87.0,88.0,19882000.0,440.0
2009-07-23,88,89.0,85.0,86.0,20543500.0,430.0
2009-07-24,90,90.0,86.0,87.0,15929000.0,435.0
2009-07-27,87,89.0,87.0,88.0,9066000.0,440.0
2009-07-28,88,88.0,86.0,86.0,11708000.0,430.0
2009-07-29,87,91.0,86.0,90.0,29454000.0,450.0
2009-07-30,89,89.0,86.0,87.0,15360500.0,435.0
2009-07-31,88,91.0,88.0,90.0,21151000.0,450.0
2009-08-03,91,97.0,90.0,96.0,34730000.0,480.0
2009-08-04,98,101.0,96.0,97.0,30625500.0,485.0
2009-08-05,99,101.0,96.0,99.0,41382000.0,495.0
2009-08-06,98,103.0,97.0,100.0,35860500.0,500.0
2009-08-07,102,103.0,97.0,97.0,30211000.0,485.0
2009-08-10,99,101.0,98.0,99.0,14063000.0,495.0
2009-08-11,99,100.0,98.0,98.0,12838000.0,490.0
2009-08-12,97,99.0,96.0,99.0,11473000.0,495.0
2009-08-13,99,103.0,98.0,103.0,43694000.0,515.0
2009-08-14,103,108.0,102.0,106.0,55904500.0,530.0
2009-08-17,105,106.0,102.0,102.0,26165000.0,510.0
2009-08-18,99,103.0,98.0,102.0,31994000.0,510.0
2009-08-19,102,103.0,98.0,99.0,15012500.0,495.0
2009-08-20,99,103.0,98.0,103.0,27626000.0,515.0
2009-08-21,102,105.0,101.0,102.0,28349000.0,510.0
2009-08-24,104,104.0,101.0,102.0,19337000.0,510.0
2009-08-25,102,104.0,101.0,104.0,24426500.0,520.0
2009-08-26,104,108.0,104.0,107.0,42443500.0,535.0
2009-08-27,106,107.0,103.0,105.0,25897000.0,525.0
2009-08-28,106,107.0,103.0,104.0,22542500.0,520.0
2009-08-31,106,109.0,104.0,105.0,48818500.0,525.0
2009-09-01,105,106.0,104.0,106.0,14737000.0,530.0
2009-09-02,104,105.0,103.0,105.0,17071500.0,525.0
2009-09-03,105,105.0,103.0,105.0,20755000.0,525.0
2009-09-04,105,109.0,105.0,107.0,37162000.0,535.0
2009-09-07,111,113.0,107.0,112.0,65884000.0,560.0
2009-09-08,112,113.0,107.0,107.0,51401500.0,535.0
2009-09-09,108,113.0,107.0,113.0,40989500.0,565.0
2009-09-10,115,121.0,115.0,121.0,80769504.0,605.0
2009-09-11,106,107.0,93.0,94.0,248928496.0,470.0
2009-09-14,92,97.0,91.0,94.0,76669504.0,470.0
2009-09-15,94,95.0,87.0,89.0,46608500.0,445.0
2009-09-16,88,94.0,86.0,93.0,56644500.0,465.0
2009-09-17,96,96.0,91.0,92.0,37707500.0,460.0
2009-09-18,91,91.0,87.0,91.0,33875000.0,455.0
2009-09-24,90,91.0,86.0,87.0,20407500.0,435.0
2009-09-25,87,89.0,85.0,86.0,22580000.0,430.0
2009-09-28,84,85.0,81.0,85.0,28351500.0,425.0
2009-09-29,86,89.0,85.0,88.0,24488500.0,440.0
2009-09-30,88,90.0,85.0,88.0,26213500.0,440.0
2009-10-01,87,87.0,83.0,83.0,14000500.0,415.0
2009-10-02,79,81.0,77.0,78.0,26630500.0,390.0
2009-10-05,77,78.0,70.0,72.0,46448000.0,360.0
2009-10-06,73,75.0,70.0,72.0,40034500.0,360.0
2009-10-07,73,78.0,71.0,76.0,59058000.0,380.0
2009-10-08,77,79.0,74.0,78.0,41956500.0,390.0
2009-10-09,80,83.0,80.0,82.0,30739000.0,410.0
2009-10-13,83,83.0,79.0,79.0,26062500.0,395.0
2009-10-14,78,79.0,73.0,77.0,51642000.0,385.0
2009-10-15,78,80.0,77.0,79.0,40522000.0,395.0
2009-10-16,79,79.0,75.0,75.0,16090500.0,375.0
2009-10-19,75,77.0,74.0,75.0,22844500.0,375.0
2009-10-20,76,78.0,75.0,76.0,20165500.0,380.0
2009-10-21,76,78.0,75.0,78.0,25697000.0,390.0
2009-10-22,78,78.0,76.0,76.0,15459000.0,380.0
2009-10-23,77,78.0,76.0,76.0,18551000.0,380.0
2009-10-26,76,77.0,75.0,77.0,10252500.0,385.0
2009-10-27,76,76.0,74.0,74.0,11593500.0,370.0
2009-10-28,75,76.0,72.0,72.0,20107000.0,360.0
2009-10-29,70,73.0,70.0,72.0,23613000.0,360.0
2009-10-30,73,73.0,71.0,71.0,12693000.0,355.0
2009-11-02,70,72.0,69.0,71.0,14570500.0,355.0
2009-11-04,72,76.0,72.0,75.0,21946500.0,375.0
2009-11-05,74,74.0,71.0,72.0,21967500.0,360.0
2009-11-06,72,73.0,69.0,70.0,17815000.0,350.0
2009-11-09,70,70.0,67.0,67.0,21761500.0,335.0
2009-11-10,68,70.0,68.0,68.0,13047000.0,340.0
2009-11-11,69,70.0,68.0,68.0,14165000.0,340.0
2009-11-12,70,74.0,69.0,70.0,34132500.0,350.0
2009-11-13,70,73.0,69.0,71.0,19288000.0,355.0
2009-11-16,72,72.0,68.0,70.0,17558000.0,350.0
2009-11-17,70,70.0,68.0,70.0,13827000.0,350.0
2009-11-18,69,70.0,67.0,67.0,16554000.0,335.0
2009-11-19,66,66.0,61.0,63.0,34681500.0,315.0
2009-11-20,61,66.0,59.0,66.0,30425500.0,330.0
2009-11-24,65,66.0,62.0,62.0,13598000.0,310.0
2009-11-25,61,62.0,59.0,61.0,23320500.0,305.0
2009-11-26,59,61.0,57.0,60.0,42100000.0,300.0
2009-11-27,58,61.0,57.0,58.0,21853000.0,290.0
2009-11-30,59,64.0,59.0,64.0,33858000.0,320.0
2009-12-01,62,68.0,62.0,68.0,33430500.0,340.0
2009-12-02,67,68.0,65.0,66.0,21705500.0,330.0
2009-12-03,67,69.0,66.0,69.0,24653500.0,345.0
2009-12-04,68,69.0,65.0,66.0,27664500.0,330.0
2009-12-07,67,68.0,65.0,65.0,18607000.0,325.0
2009-12-08,64,66.0,64.0,65.0,14773500.0,325.0
2009-12-09,63,64.0,62.0,63.0,16338000.0,315.0
2009-12-10,63,66.0,62.0,65.0,21745500.0,325.0
2009-12-11,66,67.0,64.0,66.0,20342000.0,330.0
2009-12-14,66,66.0,64.0,66.0,19313500.0,330.0
2009-12-15,66,68.0,66.0,68.0,23538500.0,340.0
2009-12-16,68,70.0,68.0,68.0,17312000.0,340.0
2009-12-17,68,69.0,66.0,66.0,16642000.0,330.0
2009-12-18,66,66.0,65.0,66.0,5561000.0,330.0
2009-12-21,66,68.0,66.0,66.0,13927500.0,330.0
2009-12-22,67,68.0,66.0,67.0,12258500.0,335.0
2009-12-24,68,68.0,66.0,66.0,12448000.0,330.0
2009-12-25,66,66.0,64.0,66.0,11954000.0,330.0
2009-12-28,65,67.0,65.0,67.0,12512500.0,335.0
2009-12-29,66,67.0,65.0,67.0,7275500.0,335.0
2009-12-30,66,67.0,66.0,66.0,5362500.0,330.0
2010-01-04,66,67.0,65.0,65.0,4440000.0,325.0
2010-01-05,66,67.0,65.0,66.0,6103000.0,330.0
2010-01-06,66,73.0,65.0,73.0,41124000.0,365.0
2010-01-07,73,74.0,70.0,72.0,23221000.0,360.0
2010-01-08,72,73.0,70.0,73.0,19221000.0,365.0
2010-01-12,73,76.0,71.0,76.0,42962500.0,380.0
2010-01-13,76,84.0,75.0,81.0,113478000.0,405.0
2010-01-14,81,83.0,78.0,82.0,49650000.0,410.0
2010-01-15,82,83.0,80.0,83.0,22830500.0,415.0
2010-01-18,82,84.0,81.0,82.0,34089000.0,410.0
2010-01-19,83,87.0,82.0,84.0,57602000.0,420.0
2010-01-20,86,87.0,78.0,81.0,72917000.0,405.0
2010-01-21,80,81.0,78.0,81.0,29252500.0,405.0
2010-01-22,84,86.0,80.0,82.0,92098500.0,410.0
2010-01-25,81,83.0,81.0,82.0,25410500.0,410.0
2010-01-26,83,84.0,78.0,78.0,29294000.0,390.0
2010-01-27,80,80.0,77.0,77.0,18671500.0,385.0
2010-01-28,78,81.0,77.0,79.0,21829000.0,395.0
2010-01-29,76,78.0,75.0,76.0,22509500.0,380.0
2010-02-01,78,78.0,75.0,75.0,20808500.0,375.0
2010-02-02,76,78.0,76.0,77.0,12803500.0,385.0
2010-02-03,79,80.0,78.0,79.0,10724000.0,395.0
2010-02-04,80,80.0,77.0,78.0,14362000.0,390.0
2010-02-05,77,78.0,75.0,76.0,17957500.0,380.0
2010-02-08,76,79.0,75.0,77.0,15724000.0,385.0
2010-02-09,78,79.0,77.0,78.0,12586000.0,390.0
2010-02-10,80,81.0,79.0,81.0,20609500.0,405.0
2010-02-12,81,81.0,78.0,78.0,20231500.0,390.0
2010-02-15,82,84.0,80.0,84.0,61567500.0,420.0
2010-02-16,84,84.0,81.0,83.0,31641500.0,415.0
2010-02-17,83,84.0,81.0,82.0,16699500.0,410.0
2010-02-18,82,82.0,80.0,80.0,16037500.0,400.0
2010-02-19,82,83.0,81.0,82.0,17594000.0,410.0
2010-02-22,83,84.0,82.0,83.0,14456500.0,415.0
2010-02-23,83,87.0,83.0,86.0,38453500.0,430.0
2010-02-24,86,89.0,85.0,89.0,24840000.0,445.0
2010-02-25,90,92.0,84.0,87.0,53609500.0,435.0
2010-02-26,88,89.0,87.0,87.0,20602500.0,435.0
2010-03-01,88,89.0,87.0,88.0,9261000.0,440.0
2010-03-02,88,89.0,87.0,89.0,10209000.0,445.0
2010-03-03,89,90.0,87.0,89.0,9160500.0,445.0
2010-03-04,88,89.0,84.0,84.0,23358000.0,420.0
2010-03-05,86,87.0,85.0,85.0,9299000.0,425.0
2010-03-08,86,87.0,86.0,87.0,7411000.0,435.0
2010-03-09,86,86.0,85.0,85.0,9228000.0,425.0
2010-03-10,85,86.0,84.0,85.0,14566500.0,425.0
2010-03-11,85,88.0,85.0,88.0,28527500.0,440.0
2010-03-12,88,88.0,86.0,88.0,16462500.0,440.0
2010-03-15,88,89.0,86.0,87.0,22808500.0,435.0
2010-03-16,88,91.0,88.0,90.0,37334000.0,450.0
2010-03-17,90,91.0,89.0,91.0,24077000.0,455.0
2010-03-18,91,92.0,88.0,88.0,16163500.0,440.0
2010-03-19,89,90.0,88.0,88.0,11005000.0,440.0
2010-03-23,88,89.0,86.0,86.0,12748500.0,430.0
2010-03-24,87,88.0,85.0,87.0,12156500.0,435.0
2010-03-25,87,88.0,86.0,87.0,10317500.0,435.0
2010-03-26,86,87.0,86.0,87.0,12254000.0,435.0
2010-03-29,86,88.0,86.0,87.0,15994000.0,435.0
2010-03-30,87,89.0,86.0,89.0,29769500.0,445.0
2010-03-31,89,90.0,86.0,87.0,23080000.0,435.0
2010-04-01,87,89.0,87.0,88.0,10694500.0,440.0
2010-04-02,88,88.0,87.0,87.0,12225500.0,435.0
2010-04-05,88,90.0,87.0,88.0,17304500.0,440.0
2010-04-06,89,91.0,88.0,91.0,24148000.0,455.0
2010-04-07,90,91.0,89.0,90.0,17406500.0,450.0
2010-04-08,90,96.0,89.0,93.0,58577000.0,465.0
2010-04-09,94,97.0,92.0,95.0,33561500.0,475.0
2010-04-12,96,96.0,93.0,94.0,22347500.0,470.0
2010-04-13,94,95.0,92.0,94.0,28816500.0,470.0
2010-04-14,96,100.0,95.0,100.0,91238500.0,500.0
2010-04-15,100,101.0,96.0,97.0,50454000.0,485.0
2010-04-16,96,98.0,95.0,96.0,22832000.0,480.0
2010-04-19,95,98.0,94.0,96.0,31299000.0,480.0
2010-04-20,96,97.0,93.0,93.0,30123000.0,465.0
2010-04-21,94,97.0,94.0,97.0,18122500.0,485.0
2010-04-22,97,98.0,95.0,97.0,33514500.0,485.0
2010-04-23,96,98.0,96.0,98.0,12074500.0,490.0
2010-04-26,98,100.0,98.0,100.0,16452500.0,500.0
2010-04-27,99,99.0,96.0,96.0,21123000.0,480.0
2010-04-28,95,97.0,95.0,96.0,18456000.0,480.0
2010-04-30,97,100.0,96.0,99.0,25371000.0,495.0
2010-05-06,97,98.0,95.0,95.0,20653000.0,475.0
2010-05-07,91,92.0,88.0,91.0,33976000.0,455.0
2010-05-10,93,95.0,93.0,93.0,17366000.0,465.0
2010-05-11,96,98.0,92.0,92.0,39751000.0,460.0
2010-05-12,94,95.0,92.0,94.0,18194500.0,470.0
2010-05-13,95,97.0,94.0,97.0,13470000.0,485.0
2010-05-14,97,99.0,96.0,97.0,33351500.0,485.0
2010-05-17,97,97.0,94.0,94.0,23147000.0,470.0
2010-05-18,96,96.0,89.0,91.0,33063500.0,455.0
2010-05-19,88,91.0,85.0,89.0,38709000.0,445.0
2010-05-20,90,94.0,90.0,93.0,24861500.0,465.0
2010-05-21,87,90.0,87.0,89.0,15896000.0,445.0
2010-05-24,91,92.0,89.0,92.0,21250500.0,460.0
2010-05-25,91,92.0,89.0,89.0,18639000.0,445.0
2010-05-26,89,90.0,86.0,87.0,21940000.0,435.0
2010-05-27,85,88.0,84.0,88.0,26595000.0,440.0
2010-05-28,90,92.0,89.0,89.0,24706500.0,445.0
2010-05-31,89,90.0,88.0,90.0,11170500.0,450.0
2010-06-01,90,90.0,87.0,88.0,10084500.0,440.0
2010-06-02,87,89.0,87.0,87.0,10688000.0,435.0
2010-06-03,88,90.0,88.0,89.0,11527000.0,445.0
2010-06-04,89,89.0,88.0,89.0,10616000.0,445.0
2010-06-07,86,87.0,86.0,86.0,5741000.0,430.0
2010-06-08,85,87.0,85.0,85.0,7804500.0,425.0
2010-06-09,84,84.0,78.0,79.0,42377000.0,395.0
2010-06-10,79,81.0,76.0,77.0,32333000.0,385.0
2010-06-11,80,81.0,78.0,80.0,19678500.0,400.0
2010-06-14,81,83.0,81.0,82.0,10418000.0,410.0
2010-06-15,83,84.0,82.0,83.0,13870000.0,415.0
2010-06-16,84,85.0,83.0,84.0,10967000.0,420.0
2010-06-17,83,83.0,80.0,80.0,18194500.0,400.0
2010-06-18,80,81.0,75.0,78.0,39767500.0,390.0
2010-06-21,78,81.0,77.0,81.0,16669500.0,405.0
2010-06-22,80,83.0,79.0,82.0,12850000.0,410.0
2010-06-23,80,81.0,77.0,77.0,18657000.0,385.0
2010-06-24,78,80.0,77.0,78.0,9133500.0,390.0
2010-06-25,77,79.0,77.0,77.0,10326000.0,385.0
2010-06-28,77,78.0,75.0,75.0,10167500.0,375.0
2010-06-29,75,76.0,71.0,73.0,18450500.0,365.0
2010-06-30,70,71.0,68.0,71.0,33554500.0,355.0
2010-07-01,70,71.0,65.0,66.0,26224000.0,330.0
2010-07-02,67,69.0,65.0,68.0,26759000.0,340.0
2010-07-05,68,72.0,67.0,72.0,19281000.0,360.0
2010-07-06,71,73.0,69.0,73.0,27324000.0,365.0
2010-07-07,73,73.0,70.0,70.0,12932000.0,350.0
2010-07-08,73,74.0,71.0,72.0,15884000.0,360.0
2010-07-09,72,72.0,68.0,68.0,29496500.0,340.0
2010-07-12,71,71.0,68.0,69.0,16019500.0,345.0
2010-07-13,68,70.0,67.0,67.0,10088500.0,335.0
2010-07-14,68,70.0,68.0,69.0,13973500.0,345.0
2010-07-15,69,70.0,67.0,68.0,16858500.0,340.0
2010-07-16,67,68.0,65.0,67.0,15709000.0,335.0
2010-07-20,66,69.0,65.0,67.0,18517500.0,335.0
2010-07-21,68,69.0,66.0,66.0,7002000.0,330.0
2010-07-22,66,67.0,66.0,66.0,9229000.0,330.0
2010-07-23,68,68.0,65.0,66.0,16851500.0,330.0
2010-07-26,66,68.0,65.0,66.0,12880500.0,330.0
2010-07-27,66,69.0,66.0,68.0,20878500.0,340.0
2010-07-28,69,69.0,67.0,69.0,15765000.0,345.0
2010-07-29,68,70.0,67.0,70.0,13112500.0,350.0
2010-07-30,70,70.0,67.0,70.0,22230000.0,350.0
2010-08-02,70,72.0,69.0,72.0,20218000.0,360.0
2010-08-03,73,74.0,71.0,73.0,15707000.0,365.0
2010-08-04,72,72.0,70.0,70.0,11375500.0,350.0
2010-08-05,71,73.0,71.0,72.0,16668000.0,360.0
2010-08-06,71,75.0,71.0,74.0,25554000.0,370.0
2010-08-09,76,78.0,75.0,78.0,21919500.0,390.0
2010-08-10,78,79.0,77.0,77.0,15912000.0,385.0
2010-08-11,77,79.0,72.0,74.0,39969000.0,370.0
2010-08-12,72,73.0,71.0,72.0,18859000.0,360.0
2010-08-13,73,75.0,73.0,74.0,16860500.0,370.0
2010-08-16,73,75.0,72.0,73.0,16299500.0,365.0
2010-08-17,73,75.0,72.0,75.0,12942000.0,375.0
2010-08-18,75,78.0,75.0,78.0,21473000.0,390.0
2010-08-19,78,79.0,76.0,77.0,20525500.0,385.0
2010-08-20,75,77.0,75.0,75.0,14444500.0,375.0
2010-08-23,75,76.0,73.0,74.0,9582000.0,370.0
2010-08-24,73,74.0,71.0,72.0,18176500.0,360.0
2010-08-25,70,73.0,69.0,71.0,21881500.0,355.0
2010-08-26,71,72.0,68.0,69.0,13456000.0,345.0
2010-08-27,69,72.0,68.0,72.0,11865000.0,360.0
2010-08-30,73,74.0,72.0,74.0,16049000.0,370.0
2010-08-31,73,73.0,70.0,70.0,6412000.0,350.0
2010-09-01,70,71.0,69.0,70.0,10661500.0,350.0
2010-09-02,73,73.0,70.0,70.0,12342000.0,350.0
2010-09-03,71,72.0,69.0,69.0,10302500.0,345.0
2010-09-06,70,72.0,69.0,72.0,11929000.0,360.0
2010-09-07,71,72.0,70.0,72.0,6952000.0,360.0
2010-09-08,70,71.0,70.0,71.0,7812000.0,355.0
2010-09-09,73,74.0,71.0,73.0,20948500.0,365.0
2010-09-10,73,73.0,71.0,72.0,12798500.0,360.0
2010-09-13,73,73.0,71.0,72.0,11969000.0,360.0
2010-09-14,72,72.0,71.0,72.0,4584500.0,360.0
2010-09-15,71,72.0,70.0,72.0,13546000.0,360.0
2010-09-16,72,72.0,70.0,70.0,8903000.0,350.0
2010-09-17,71,72.0,70.0,70.0,12222500.0,350.0
2010-09-21,70,71.0,69.0,69.0,12608500.0,345.0
2010-09-22,69,70.0,68.0,69.0,13231000.0,345.0
2010-09-24,68,70.0,68.0,68.0,11911500.0,340.0
2010-09-27,68,69.0,67.0,68.0,8090000.0,340.0
2010-09-28,67,69.0,66.0,68.0,20966500.0,340.0
2010-09-29,68,70.0,67.0,70.0,8532500.0,350.0
2010-09-30,69,70.0,66.0,67.0,14483000.0,335.0
2010-10-01,67,68.0,66.0,66.0,7000500.0,330.0
2010-10-04,67,68.0,65.0,65.0,8934500.0,325.0
2010-10-05,65,65.0,61.0,65.0,25079500.0,325.0
2010-10-06,65,70.0,65.0,69.0,34939000.0,345.0
2010-10-07,68,74.0,68.0,72.0,41700500.0,360.0
2010-10-08,71,73.0,71.0,71.0,12125500.0,355.0
2010-10-12,73,73.0,70.0,71.0,17635500.0,355.0
2010-10-13,71,72.0,67.0,67.0,17893000.0,335.0
2010-10-14,68,72.0,68.0,71.0,25280500.0,355.0
2010-10-15,70,71.0,68.0,68.0,11352000.0,340.0
2010-10-18,68,70.0,68.0,68.0,8695000.0,340.0
2010-10-19,69,70.0,69.0,70.0,5303000.0,350.0
2010-10-20,68,70.0,68.0,68.0,10468500.0,340.0
2010-10-21,69,71.0,67.0,68.0,20313000.0,340.0
2010-10-22,70,71.0,69.0,69.0,16144000.0,345.0
2010-10-25,69,70.0,68.0,69.0,8287500.0,345.0
2010-10-26,69,70.0,68.0,68.0,6096000.0,340.0
2010-10-27,68,70.0,68.0,69.0,11893000.0,345.0
2010-10-28,69,70.0,68.0,68.0,12668500.0,340.0
2010-10-29,68,69.0,68.0,69.0,6654000.0,345.0
2010-11-01,69,69.0,67.0,68.0,5658500.0,340.0
2010-11-02,68,68.0,66.0,66.0,7884000.0,330.0
2010-11-04,67,69.0,67.0,69.0,8038000.0,345.0
2010-11-05,69,70.0,69.0,70.0,11068000.0,350.0
2010-11-08,70,71.0,69.0,70.0,10600000.0,350.0
2010-11-09,70,71.0,69.0,70.0,7300500.0,350.0
2010-11-10,71,72.0,70.0,70.0,15710500.0,350.0
2010-11-11,71,72.0,70.0,70.0,10479000.0,350.0
2010-11-12,71,71.0,69.0,71.0,15978500.0,355.0
2010-11-15,71,72.0,70.0,70.0,5307000.0,350.0
2010-11-16,70,71.0,69.0,69.0,8091500.0,345.0
2010-11-17,69,70.0,68.0,69.0,12148000.0,345.0
2010-11-18,70,71.0,69.0,69.0,11833000.0,345.0
2010-11-19,70,72.0,70.0,70.0,15689500.0,350.0
2010-11-22,71,74.0,71.0,74.0,21848500.0,370.0
2010-11-24,71,73.0,71.0,73.0,18016500.0,365.0
2010-11-25,73,76.0,73.0,75.0,30276000.0,375.0
2010-11-26,77,77.0,73.0,74.0,22885500.0,370.0
2010-11-29,74,76.0,73.0,76.0,16899000.0,380.0
2010-11-30,75,76.0,74.0,75.0,16018000.0,375.0
2010-12-01,74,75.0,73.0,75.0,7366500.0,375.0
2010-12-02,76,77.0,75.0,75.0,22224500.0,375.0
2010-12-03,76,76.0,74.0,74.0,9914000.0,370.0
2010-12-06,74,75.0,73.0,74.0,12130000.0,370.0
2010-12-07,74,76.0,74.0,76.0,10475000.0,380.0
2010-12-08,76,77.0,74.0,76.0,17281000.0,380.0
2010-12-09,76,76.0,75.0,75.0,7806500.0,375.0
2010-12-10,75,75.0,74.0,74.0,8471000.0,370.0
2010-12-13,75,76.0,74.0,75.0,14105000.0,375.0
2010-12-14,75,77.0,75.0,76.0,24258500.0,380.0
2010-12-15,77,78.0,76.0,77.0,17152000.0,385.0
2010-12-16,77,78.0,76.0,77.0,18447000.0,385.0
2010-12-17,77,78.0,76.0,76.0,16761000.0,380.0
2010-12-20,77,77.0,73.0,75.0,19414000.0,375.0
2010-12-21,75,76.0,74.0,75.0,14072500.0,375.0
2010-12-22,75,76.0,74.0,74.0,9291000.0,370.0
2010-12-24,74,75.0,73.0,73.0,11768000.0,365.0
2010-12-27,73,74.0,72.0,73.0,14167000.0,365.0
2010-12-28,74,74.0,73.0,73.0,4093000.0,365.0
2010-12-29,73,74.0,72.0,73.0,11242500.0,365.0
2010-12-30,72,73.0,72.0,72.0,6455000.0,360.0
2011-01-04,74,74.0,73.0,74.0,5979000.0,370.0
2011-01-05,74,76.0,74.0,75.0,16538000.0,375.0
2011-01-06,77,78.0,75.0,76.0,31631000.0,380.0
2011-01-07,76,77.0,74.0,76.0,29555500.0,380.0
2011-01-11,77,77.0,76.0,77.0,9097500.0,385.0
2011-01-12,77,78.0,75.0,76.0,20185500.0,380.0
2011-01-13,77,78.0,75.0,78.0,32611500.0,390.0
2011-01-14,78,82.0,78.0,81.0,61547500.0,405.0
2011-01-17,82,83.0,79.0,79.0,30130000.0,395.0
2011-01-18,79,82.0,78.0,82.0,33467000.0,410.0
2011-01-19,82,82.0,78.0,81.0,31599000.0,405.0
2011-01-20,80,81.0,78.0,78.0,34928000.0,390.0
2011-01-21,79,80.0,76.0,76.0,40661000.0,380.0
2011-01-24,77,78.0,76.0,78.0,13901500.0,390.0
2011-01-25,78,79.0,77.0,79.0,12175500.0,395.0
2011-01-26,80,81.0,79.0,80.0,14443000.0,400.0
2011-01-27,80,81.0,78.0,79.0,21058500.0,395.0
2011-01-28,78,79.0,76.0,78.0,18601000.0,390.0
2011-01-31,76,77.0,75.0,76.0,14476000.0,380.0
2011-02-01,76,78.0,76.0,77.0,8910000.0,385.0
2011-02-02,77,79.0,76.0,78.0,22502500.0,390.0
2011-02-03,77,78.0,76.0,78.0,7196000.0,390.0
2011-02-04,78,79.0,77.0,78.0,11831000.0,390.0
2011-02-07,78,79.0,77.0,77.0,5881000.0,385.0
2011-02-08,79,82.0,79.0,80.0,42400500.0,400.0
2011-02-09,80,81.0,77.0,77.0,33430500.0,385.0
2011-02-10,78,81.0,77.0,80.0,30210000.0,400.0
2011-02-14,80,82.0,78.0,78.0,32476500.0,390.0
2011-02-15,79,80.0,78.0,79.0,13454000.0,395.0
2011-02-16,79,80.0,78.0,79.0,17340500.0,395.0
2011-02-17,80,80.0,77.0,78.0,21469500.0,390.0
2011-02-18,78,79.0,78.0,78.0,13965000.0,390.0
2011-02-21,78,79.0,77.0,79.0,14750000.0,395.0
2011-02-22,79,79.0,76.0,76.0,23324500.0,380.0
2011-02-23,76,77.0,75.0,76.0,17955500.0,380.0
2011-02-24,75,76.0,74.0,74.0,19025000.0,370.0
2011-02-25,74,75.0,73.0,75.0,11951000.0,375.0
2011-02-28,75,76.0,74.0,76.0,14534000.0,380.0
2011-03-01,76,78.0,75.0,76.0,21010000.0,380.0
2011-03-02,76,76.0,75.0,75.0,11971500.0,375.0
2011-03-03,76,77.0,74.0,76.0,17200000.0,380.0
2011-03-04,76,77.0,75.0,75.0,20380000.0,375.0
2011-03-07,75,76.0,74.0,74.0,9967000.0,370.0
2011-03-08,75,76.0,74.0,74.0,13077000.0,370.0
2011-03-09,75,76.0,74.0,74.0,15843000.0,370.0
2011-03-10,74,75.0,72.0,72.0,18247000.0,360.0
2011-03-11,71,73.0,70.0,71.0,31537000.0,355.0
2011-03-14,66,71.0,63.0,66.0,40200500.0,330.0
2011-03-15,66,68.0,47.0,57.0,49784500.0,285.0
2011-03-16,57,62.0,57.0,60.0,27329500.0,300.0
2011-03-17,57,62.0,56.0,60.0,19879000.0,300.0
2011-03-18,61,66.0,61.0,62.0,37638000.0,310.0
2011-03-22,67,68.0,64.0,66.0,36074500.0,330.0
2011-03-23,67,67.0,64.0,65.0,38059000.0,325.0
2011-03-24,65,66.0,63.0,63.0,26667000.0,315.0
2011-03-25,64,65.0,63.0,65.0,19186500.0,325.0
2011-03-28,65,65.0,61.0,62.0,21795000.0,310.0
2011-03-29,61,62.0,60.0,62.0,18467500.0,310.0
2011-03-30,62,63.0,61.0,63.0,10425500.0,315.0
2011-03-31,63,65.0,63.0,64.0,14159500.0,320.0
2011-04-01,65,66.0,64.0,65.0,19409500.0,325.0
2011-04-04,64,65.0,62.0,62.0,14970500.0,310.0
2011-04-05,62,63.0,59.0,61.0,23124000.0,305.0
2011-04-06,61,62.0,59.0,61.0,19476500.0,305.0
2011-04-07,61,62.0,60.0,60.0,10096000.0,300.0
2011-04-08,60,63.0,59.0,62.0,27218000.0,310.0
2011-04-11,63,64.0,61.0,62.0,17177500.0,310.0
2011-04-12,62,62.0,60.0,61.0,11767000.0,305.0
2011-04-13,60,60.0,59.0,60.0,16416500.0,300.0
2011-04-14,59,60.0,58.0,60.0,24404000.0,300.0
2011-04-15,59,60.0,58.0,59.0,18652000.0,295.0
2011-04-18,58,59.0,58.0,58.0,7676500.0,290.0
2011-04-19,57,58.0,56.0,56.0,12744500.0,280.0
2011-04-20,57,58.0,56.0,58.0,12371000.0,290.0
2011-04-21,58,58.0,56.0,56.0,16684000.0,280.0
2011-04-22,56,57.0,55.0,56.0,15995500.0,280.0
2011-04-25,56,57.0,55.0,56.0,9289500.0,280.0
2011-04-26,55,57.0,55.0,56.0,9850000.0,280.0
2011-04-27,56,57.0,53.0,53.0,26609000.0,265.0
2011-04-28,53,55.0,52.0,54.0,23662500.0,270.0
2011-05-02,55,59.0,55.0,57.0,28165500.0,285.0
2011-05-06,55,57.0,55.0,56.0,11583500.0,280.0
2011-05-09,58,59.0,56.0,56.0,19146500.0,280.0
2011-05-10,57,59.0,56.0,59.0,15612000.0,295.0
2011-05-11,60,60.0,59.0,60.0,10885500.0,300.0
2011-05-12,60,62.0,60.0,61.0,17625500.0,305.0
2011-05-13,60,60.0,57.0,59.0,22873000.0,295.0
2011-05-16,59,59.0,58.0,58.0,7998500.0,290.0
2011-05-17,58,59.0,57.0,57.0,5796500.0,285.0
2011-05-18,58,59.0,57.0,59.0,14592000.0,295.0
2011-05-19,58,59.0,57.0,57.0,7451500.0,285.0
2011-05-20,57,58.0,56.0,56.0,7252000.0,280.0
2011-05-23,56,57.0,55.0,55.0,9410500.0,275.0
2011-05-24,55,57.0,55.0,57.0,9583500.0,285.0
2011-05-25,56,57.0,55.0,55.0,7062000.0,275.0
2011-05-26,55,57.0,55.0,55.0,8225500.0,275.0
2011-05-27,55,57.0,55.0,56.0,9060500.0,280.0
2011-05-30,56,57.0,56.0,56.0,4252000.0,280.0
2011-05-31,56,57.0,55.0,57.0,12188500.0,285.0
2011-06-01,57,57.0,55.0,56.0,13049000.0,280.0
2011-06-02,55,56.0,55.0,55.0,5978000.0,275.0
2011-06-03,56,57.0,55.0,55.0,6981000.0,275.0
2011-06-06,55,56.0,54.0,54.0,7731000.0,270.0
2011-06-07,54,56.0,54.0,56.0,9181000.0,280.0
2011-06-08,55,56.0,54.0,54.0,10947000.0,270.0
2011-06-09,54,55.0,54.0,55.0,4641500.0,275.0
2011-06-10,55,56.0,54.0,55.0,9781500.0,275.0
2011-06-13,55,55.0,54.0,55.0,3838000.0,275.0
2011-06-14,55,55.0,54.0,54.0,8942500.0,270.0
2011-06-15,55,58.0,54.0,57.0,24223000.0,285.0
2011-06-16,56,57.0,55.0,55.0,18684000.0,275.0
2011-06-17,55,56.0,54.0,54.0,7607000.0,270.0
2011-06-20,54,55.0,53.0,53.0,5853000.0,265.0
2011-06-21,54,55.0,53.0,54.0,6771500.0,270.0
2011-06-22,54,55.0,53.0,55.0,9205000.0,275.0
2011-06-23,54,55.0,54.0,55.0,3306500.0,275.0
2011-06-24,54,56.0,54.0,56.0,22292000.0,280.0
2011-06-27,56,56.0,55.0,55.0,5458500.0,275.0
2011-06-28,55,57.0,55.0,56.0,12425000.0,280.0
2011-06-29,56,57.0,56.0,57.0,7906500.0,285.0
2011-06-30,57,58.0,56.0,58.0,13275500.0,290.0
2011-07-01,58,59.0,57.0,57.0,6244000.0,285.0
2011-07-04,58,60.0,57.0,60.0,18076500.0,300.0
2011-07-05,62,63.0,61.0,62.0,43094500.0,310.0
2011-07-06,61,62.0,59.0,62.0,23404500.0,310.0
2011-07-07,62,62.0,60.0,60.0,8390500.0,300.0
2011-07-08,61,62.0,60.0,62.0,8301000.0,310.0
2011-07-11,62,63.0,60.0,63.0,12343500.0,315.0
2011-07-12,62,63.0,60.0,60.0,14621500.0,300.0
2011-07-13,60,62.0,60.0,62.0,18227500.0,310.0
2011-07-14,62,62.0,60.0,62.0,13468000.0,310.0
2011-07-15,61,63.0,61.0,63.0,13933500.0,315.0
2011-07-19,63,65.0,62.0,65.0,18059500.0,325.0
2011-07-20,66,66.0,64.0,65.0,18734500.0,325.0
2011-07-21,65,66.0,62.0,64.0,16079500.0,320.0
2011-07-22,64,65.0,63.0,65.0,6971500.0,325.0
2011-07-25,64,65.0,64.0,65.0,2986500.0,325.0
2011-07-26,64,65.0,64.0,64.0,4736000.0,320.0
2011-07-27,64,64.0,62.0,64.0,11436500.0,320.0
2011-07-28,64,65.0,63.0,63.0,15679500.0,315.0
2011-07-29,64,65.0,63.0,63.0,7586000.0,315.0
2011-08-01,63,65.0,63.0,65.0,10513500.0,325.0
2011-08-02,64,65.0,64.0,65.0,8403000.0,325.0
2011-08-03,64,64.0,62.0,62.0,9861500.0,310.0
2011-08-04,63,64.0,62.0,63.0,9730000.0,315.0
2011-08-05,59,61.0,58.0,61.0,14539000.0,305.0
2011-08-08,60,60.0,57.0,57.0,20236500.0,285.0
2011-08-09,55,57.0,52.0,57.0,30612000.0,285.0
2011-08-10,59,59.0,57.0,58.0,6216000.0,290.0
2011-08-11,56,59.0,56.0,59.0,13346500.0,295.0
2011-08-12,59,60.0,56.0,56.0,12206000.0,280.0
2011-08-15,56,57.0,55.0,55.0,15322000.0,275.0
2011-08-16,56,57.0,55.0,56.0,8580000.0,280.0
2011-08-17,55,56.0,54.0,55.0,11413000.0,275.0
2011-08-18,55,56.0,54.0,54.0,13007000.0,270.0
2011-08-19,54,56.0,53.0,55.0,12925000.0,275.0
2011-08-22,54,55.0,52.0,52.0,10179000.0,260.0
2011-08-23,53,54.0,52.0,54.0,11538500.0,270.0
2011-08-24,55,55.0,52.0,53.0,8573500.0,265.0
2011-08-25,53,55.0,53.0,54.0,6522500.0,270.0
2011-08-26,54,55.0,53.0,54.0,9720000.0,270.0
2011-08-29,54,56.0,54.0,55.0,6745000.0,275.0
2011-08-30,55,56.0,54.0,55.0,5560500.0,275.0
2011-08-31,54,56.0,54.0,54.0,8027000.0,270.0
2011-09-01,54,55.0,53.0,53.0,8761500.0,265.0
2011-09-02,53,54.0,52.0,53.0,8430500.0,265.0
2011-09-05,52,53.0,52.0,52.0,3881000.0,260.0
2011-09-06,52,53.0,49.0,51.0,20950000.0,255.0
2011-09-07,51,52.0,50.0,51.0,18318500.0,255.0
2011-09-08,52,52.0,50.0,50.0,6198000.0,250.0
2011-09-09,50,51.0,50.0,51.0,9353000.0,255.0
2011-09-12,52,52.0,51.0,51.0,6695000.0,255.0
2011-09-13,52,53.0,51.0,52.0,12472500.0,260.0
2011-09-14,53,53.0,50.0,50.0,11778500.0,250.0
2011-09-15,50,51.0,50.0,51.0,9856500.0,255.0
2011-09-16,51,53.0,51.0,53.0,12383000.0,265.0
2011-09-20,52,53.0,51.0,51.0,3584000.0,255.0
2011-09-21,51,52.0,51.0,51.0,2398000.0,255.0
2011-09-22,51,51.0,50.0,50.0,3805500.0,250.0
2011-09-26,50,51.0,47.0,48.0,17129500.0,240.0
2011-09-27,48,49.0,48.0,49.0,4719500.0,245.0
2011-09-28,49,50.0,48.0,50.0,7052000.0,250.0
2011-09-29,49,51.0,48.0,51.0,10807000.0,255.0
2011-09-30,50,51.0,49.0,49.0,6820000.0,245.0
2011-10-03,49,50.0,48.0,49.0,10872500.0,245.0
2011-10-04,48,49.0,47.0,47.0,9617500.0,235.0
2011-10-05,47,48.0,45.0,46.0,13552500.0,230.0
2011-10-06,46,46.0,44.0,44.0,9582000.0,220.0
2011-10-07,45,48.0,45.0,47.0,13895500.0,235.0
2011-10-11,49,49.0,48.0,49.0,4578500.0,245.0
2011-10-12,49,49.0,48.0,49.0,2593500.0,245.0
2011-10-13,49,50.0,48.0,49.0,5460000.0,245.0
2011-10-14,49,49.0,48.0,48.0,1502500.0,240.0
2011-10-17,49,51.0,49.0,51.0,6356000.0,255.0
2011-10-18,49,50.0,49.0,49.0,4219500.0,245.0
2011-10-19,50,50.0,49.0,50.0,3725500.0,250.0
2011-10-20,50,51.0,49.0,50.0,2698500.0,250.0
2011-10-21,50,50.0,48.0,48.0,10222000.0,240.0
2011-10-24,49,50.0,49.0,50.0,2287500.0,250.0
2011-10-25,50,50.0,49.0,50.0,1881000.0,250.0
2011-10-26,49,50.0,48.0,50.0,5230500.0,250.0
2011-10-27,50,51.0,49.0,51.0,5872500.0,255.0
2011-10-28,51,52.0,50.0,50.0,9223500.0,250.0
2011-10-31,50,51.0,50.0,50.0,4198000.0,250.0
2011-11-01,50,51.0,50.0,51.0,3594000.0,255.0
2011-11-02,50,51.0,48.0,48.0,7505000.0,240.0
2011-11-04,49,50.0,49.0,50.0,2723000.0,250.0
2011-11-07,49,50.0,49.0,50.0,2295500.0,250.0
2011-11-08,50,51.0,48.0,49.0,8054500.0,245.0
2011-11-09,49,50.0,48.0,50.0,5488000.0,250.0
2011-11-10,48,50.0,47.0,49.0,9674000.0,245.0
2011-11-11,49,50.0,49.0,49.0,5450000.0,245.0
2011-11-14,50,50.0,49.0,50.0,2615500.0,250.0
2011-11-15,50,52.0,49.0,50.0,19333000.0,250.0
2011-11-16,50,50.0,48.0,48.0,5267000.0,240.0
2011-11-17,49,50.0,48.0,50.0,6150500.0,250.0
2011-11-18,49,50.0,49.0,49.0,2975000.0,245.0
2011-11-21,49,49.0,48.0,48.0,4627500.0,240.0
2011-11-22,48,49.0,47.0,49.0,7557500.0,245.0
2011-11-24,48,49.0,47.0,48.0,3543500.0,240.0
2011-11-25,48,49.0,47.0,47.0,4299500.0,235.0
2011-11-28,48,49.0,47.0,49.0,5952500.0,245.0
2011-11-29,49,50.0,49.0,49.0,4059500.0,245.0
2011-11-30,49,50.0,49.0,49.0,4298500.0,245.0
2011-12-01,50,51.0,49.0,51.0,11252500.0,255.0
2011-12-02,51,52.0,50.0,52.0,14650500.0,260.0
2011-12-05,52,54.0,52.0,53.0,20116000.0,265.0
2011-12-06,53,55.0,50.0,51.0,26351000.0,255.0
2011-12-07,52,54.0,51.0,52.0,13715000.0,260.0
2011-12-08,53,54.0,52.0,54.0,10567000.0,270.0
2011-12-09,53,54.0,52.0,53.0,17393500.0,265.0
2011-12-12,55,55.0,53.0,54.0,11143000.0,270.0
2011-12-13,52,54.0,52.0,54.0,10071000.0,270.0
2011-12-14,53,54.0,52.0,52.0,13276500.0,260.0
2011-12-15,52,52.0,49.0,51.0,25097000.0,255.0
2011-12-16,51,52.0,50.0,52.0,8830000.0,260.0
2011-12-19,51,52.0,50.0,51.0,5270000.0,255.0
2011-12-20,51,52.0,50.0,51.0,11635500.0,255.0
2011-12-21,52,52.0,51.0,51.0,4916500.0,255.0
2011-12-22,52,52.0,50.0,51.0,7832500.0,255.0
2011-12-26,52,52.0,50.0,50.0,4035500.0,250.0
2011-12-27,50,51.0,50.0,51.0,1964500.0,255.0
2011-12-28,51,52.0,50.0,50.0,3253500.0,250.0
2011-12-29,51,51.0,50.0,51.0,2176500.0,255.0
2011-12-30,51,51.0,50.0,51.0,1732500.0,255.0
2012-01-04,51,53.0,51.0,53.0,7335500.0,265.0
2012-01-05,53,53.0,51.0,51.0,6567500.0,255.0
2012-01-06,52,52.0,51.0,51.0,3375000.0,255.0
2012-01-10,52,52.0,51.0,52.0,3767000.0,260.0
2012-01-11,52,54.0,52.0,54.0,12140500.0,270.0
2012-01-12,53,54.0,52.0,53.0,4250000.0,265.0
2012-01-13,54,54.0,53.0,53.0,5267000.0,265.0
2012-01-16,52,53.0,52.0,52.0,3898500.0,260.0
2012-01-17,52,54.0,52.0,54.0,11385000.0,270.0
2012-01-18,54,55.0,53.0,54.0,27735500.0,270.0
2012-01-19,54,55.0,52.0,53.0,12320000.0,265.0
2012-01-20,53,54.0,53.0,53.0,16922000.0,265.0
2012-01-23,54,58.0,54.0,57.0,41511000.0,285.0
2012-01-24,56,57.0,54.0,55.0,35604500.0,275.0
2012-01-25,55,56.0,54.0,55.0,10373000.0,275.0
2012-01-26,56,57.0,55.0,55.0,14425000.0,275.0
2012-01-27,56,57.0,55.0,55.0,11492000.0,275.0
2012-01-30,56,57.0,55.0,56.0,9391000.0,280.0
2012-01-31,55,56.0,54.0,55.0,11358000.0,275.0
2012-02-01,54,55.0,53.0,55.0,13542500.0,275.0
2012-02-02,55,56.0,55.0,55.0,9677000.0,275.0
2012-02-03,56,56.0,55.0,55.0,5892500.0,275.0
2012-02-06,57,57.0,56.0,56.0,6015000.0,280.0
2012-02-07,56,60.0,56.0,58.0,41607500.0,290.0
2012-02-08,59,59.0,58.0,59.0,15953000.0,295.0
2012-02-09,59,59.0,57.0,59.0,22599000.0,295.0
2012-02-10,60,66.0,59.0,62.0,146430500.0,310.0
2012-02-13,61,62.0,59.0,60.0,33578500.0,300.0
2012-02-14,60,61.0,58.0,60.0,32008500.0,300.0
2012-02-15,60,60.0,58.0,59.0,25158500.0,295.0
2012-02-16,59,60.0,58.0,58.0,31059500.0,290.0
2012-02-17,60,62.0,59.0,60.0,33270500.0,300.0
2012-02-20,61,62.0,60.0,60.0,19011000.0,300.0
2012-02-21,60,61.0,59.0,59.0,24353500.0,295.0
2012-02-22,59,61.0,59.0,61.0,21114500.0,305.0
2012-02-23,60,62.0,59.0,62.0,21259500.0,310.0
2012-02-24,62,63.0,61.0,62.0,10362500.0,310.0
2012-02-27,62,63.0,61.0,62.0,21945000.0,310.0
2012-02-28,61,61.0,59.0,61.0,20294000.0,305.0
2012-02-29,61,62.0,60.0,60.0,14094500.0,300.0
2012-03-01,60,61.0,59.0,60.0,10600000.0,300.0
2012-03-02,60,61.0,59.0,61.0,9149000.0,305.0
2012-03-05,61,62.0,60.0,60.0,11714000.0,300.0
2012-03-06,60,62.0,60.0,61.0,28022000.0,305.0
2012-03-07,60,61.0,59.0,61.0,15331000.0,305.0
2012-03-08,61,63.0,61.0,63.0,24315000.0,315.0
2012-03-09,64,67.0,64.0,67.0,69392000.0,335.0
2012-03-12,68,71.0,67.0,68.0,56337500.0,340.0
2012-03-13,68,69.0,66.0,68.0,42301500.0,340.0
2012-03-14,71,72.0,70.0,70.0,46725000.0,350.0
2012-03-15,71,72.0,67.0,68.0,66824500.0,340.0
2012-03-16,69,71.0,66.0,69.0,57589500.0,345.0
2012-03-19,70,70.0,69.0,69.0,7489500.0,345.0
2012-03-21,69,69.0,67.0,67.0,27644500.0,335.0
2012-03-22,67,69.0,67.0,68.0,9953500.0,340.0
2012-03-23,67,68.0,66.0,67.0,10347500.0,335.0
2012-03-26,67,68.0,66.0,66.0,6691500.0,330.0
2012-03-27,67,69.0,67.0,68.0,26023000.0,340.0
2012-03-28,67,69.0,67.0,69.0,16754500.0,345.0
2012-03-29,68,69.0,67.0,67.0,7140000.0,335.0
2012-03-30,68,69.0,66.0,67.0,19189000.0,335.0
2012-04-02,68,69.0,68.0,69.0,16632500.0,345.0
2012-04-03,68,69.0,67.0,67.0,5693000.0,335.0
2012-04-04,68,68.0,66.0,66.0,11415000.0,330.0
2012-04-05,66,67.0,65.0,67.0,15111500.0,335.0
2012-04-06,66,68.0,66.0,66.0,9787000.0,330.0
2012-04-09,66,66.0,63.0,63.0,24635500.0,315.0
2012-04-10,63,64.0,62.0,63.0,30826000.0,315.0
2012-04-11,61,62.0,61.0,61.0,9561500.0,305.0
2012-04-12,62,63.0,61.0,61.0,6778000.0,305.0
2012-04-13,62,63.0,61.0,61.0,6801500.0,305.0
2012-04-16,61,61.0,59.0,60.0,8485500.0,300.0
2012-04-17,59,60.0,58.0,58.0,8155000.0,290.0
2012-04-18,59,62.0,59.0,62.0,22759000.0,310.0
2012-04-19,61,62.0,60.0,61.0,11393000.0,305.0
2012-04-20,61,61.0,59.0,59.0,8005500.0,295.0
2012-04-23,60,60.0,59.0,59.0,5532000.0,295.0
2012-04-24,59,60.0,58.0,60.0,5346500.0,300.0
2012-04-25,60,61.0,60.0,61.0,6217000.0,305.0
2012-04-26,61,61.0,60.0,60.0,5903500.0,300.0
2012-04-27,60,61.0,58.0,58.0,14487500.0,290.0
2012-05-01,58,59.0,57.0,57.0,7508500.0,285.0
2012-05-02,57,58.0,56.0,58.0,7867500.0,290.0
2012-05-07,56,57.0,53.0,53.0,17375000.0,265.0
2012-05-08,54,56.0,53.0,55.0,18110500.0,275.0
2012-05-09,54,54.0,53.0,53.0,13196500.0,265.0
2012-05-10,53,55.0,52.0,53.0,21731000.0,265.0
2012-05-11,54,55.0,52.0,53.0,11209000.0,265.0
2012-05-14,53,54.0,52.0,52.0,7741500.0,260.0
2012-05-15,52,52.0,49.0,51.0,19926000.0,255.0
2012-05-16,51,51.0,49.0,49.0,11439000.0,245.0
2012-05-17,49,51.0,48.0,50.0,13830500.0,250.0
2012-05-18,49,50.0,48.0,50.0,9643500.0,250.0
2012-05-21,50,52.0,50.0,50.0,8966000.0,250.0
2012-05-22,52,52.0,50.0,52.0,6587500.0,260.0
2012-05-23,52,52.0,50.0,50.0,4308000.0,250.0
2012-05-24,50,52.0,50.0,52.0,4549000.0,260.0
2012-05-25,52,52.0,50.0,51.0,9703000.0,255.0
2012-05-28,51,51.0,50.0,50.0,3047000.0,250.0
2012-05-29,51,53.0,50.0,52.0,12230500.0,260.0
2012-05-30,53,53.0,51.0,51.0,6399500.0,255.0
2012-05-31,51,52.0,50.0,51.0,5731500.0,255.0
2012-06-01,51,52.0,50.0,50.0,9061000.0,250.0
2012-06-04,50,50.0,48.0,48.0,10302000.0,240.0
2012-06-05,48,50.0,48.0,50.0,3882000.0,250.0
2012-06-06,50,52.0,49.0,51.0,12766500.0,255.0
2012-06-07,52,53.0,50.0,51.0,12490500.0,255.0
2012-06-08,50,51.0,50.0,50.0,5321000.0,250.0
2012-06-11,52,52.0,50.0,51.0,4387500.0,255.0
2012-06-12,51,52.0,50.0,52.0,4226000.0,260.0
2012-06-13,52,54.0,52.0,53.0,24327500.0,265.0
2012-06-14,52,53.0,51.0,51.0,11711500.0,255.0
2012-06-15,51,52.0,51.0,52.0,7821000.0,260.0
2012-06-18,52,53.0,52.0,53.0,7941000.0,265.0
2012-06-19,52,53.0,51.0,52.0,6506500.0,260.0
2012-06-20,52,53.0,52.0,53.0,4789500.0,265.0
2012-06-21,53,54.0,52.0,53.0,15767500.0,265.0
2012-06-22,52,54.0,51.0,52.0,18551500.0,260.0
2012-06-25,53,54.0,52.0,53.0,11978000.0,265.0
2012-06-26,53,54.0,52.0,54.0,6527000.0,270.0
2012-06-27,54,56.0,53.0,56.0,20711500.0,280.0
2012-06-28,57,57.0,55.0,56.0,12704000.0,280.0
2012-06-29,57,59.0,56.0,58.0,20147500.0,290.0
2012-07-02,59,60.0,57.0,57.0,10894000.0,285.0
2012-07-03,57,58.0,56.0,57.0,14400500.0,285.0
2012-07-04,57,58.0,56.0,56.0,3200000.0,280.0
2012-07-05,57,57.0,54.0,54.0,14699000.0,270.0
2012-07-06,55,56.0,55.0,56.0,9617500.0,280.0
2012-07-09,55,56.0,55.0,56.0,2405000.0,280.0
2012-07-10,56,57.0,55.0,56.0,6191000.0,280.0
2012-07-11,55,55.0,53.0,53.0,8886000.0,265.0
2012-07-12,54,54.0,52.0,54.0,12371500.0,270.0
2012-07-13,53,57.0,53.0,56.0,13535000.0,280.0
2012-07-17,56,57.0,54.0,55.0,11884000.0,275.0
2012-07-18,54,56.0,54.0,54.0,6838000.0,270.0
2012-07-19,55,56.0,54.0,55.0,3704500.0,275.0
2012-07-20,55,55.0,53.0,53.0,12440000.0,265.0
2012-07-23,53,55.0,53.0,54.0,13642500.0,270.0
2012-07-24,54,55.0,53.0,55.0,6190500.0,275.0
2012-07-25,54,55.0,51.0,51.0,10412500.0,255.0
2012-07-26,51,53.0,51.0,53.0,13120500.0,265.0
2012-07-27,53,54.0,51.0,52.0,20414500.0,260.0
2012-07-30,53,53.0,52.0,53.0,6736000.0,265.0
2012-07-31,52,54.0,52.0,54.0,8113000.0,270.0
2012-08-01,53,54.0,52.0,52.0,5752500.0,260.0
2012-08-02,53,54.0,52.0,54.0,9214000.0,270.0
2012-08-03,53,54.0,52.0,52.0,3785000.0,260.0
2012-08-06,53,54.0,52.0,53.0,2119500.0,265.0
2012-08-07,52,53.0,52.0,53.0,1670000.0,265.0
2012-08-08,53,54.0,51.0,51.0,10144500.0,255.0
2012-08-09,51,53.0,50.0,52.0,13693000.0,260.0
2012-08-10,51,52.0,50.0,50.0,9296000.0,250.0
2012-08-13,51,53.0,51.0,52.0,6449500.0,260.0
2012-08-14,52,53.0,51.0,51.0,10158500.0,255.0
2012-08-15,51,52.0,50.0,52.0,7382000.0,260.0
2012-08-16,51,52.0,51.0,52.0,4756000.0,260.0
2012-08-17,52,53.0,51.0,52.0,8787500.0,260.0
2012-08-20,53,53.0,52.0,53.0,2611000.0,265.0
2012-08-21,52,53.0,52.0,53.0,1755000.0,265.0
2012-08-22,52,52.0,51.0,52.0,2705500.0,260.0
2012-08-23,52,53.0,51.0,52.0,7058500.0,260.0
2012-08-24,51,52.0,51.0,51.0,5817500.0,255.0
2012-08-27,51,52.0,50.0,50.0,5864500.0,250.0
2012-08-28,51,51.0,50.0,50.0,2126000.0,250.0
2012-08-29,50,51.0,50.0,50.0,2152000.0,250.0
2012-08-30,50,51.0,49.0,49.0,6018500.0,245.0
2012-08-31,49,50.0,49.0,49.0,1994500.0,245.0
2012-09-03,49,50.0,49.0,49.0,3556000.0,245.0
2012-09-04,49,50.0,48.0,49.0,11075500.0,245.0
2012-09-05,49,49.0,48.0,48.0,5043000.0,240.0
2012-09-06,48,48.0,45.0,47.0,23451500.0,235.0
2012-09-07,48,49.0,48.0,48.0,13156500.0,240.0
2012-09-10,49,50.0,48.0,49.0,5530500.0,245.0
2012-09-11,48,49.0,46.0,47.0,11764000.0,235.0
2012-09-12,47,49.0,46.0,48.0,11395500.0,240.0
2012-09-13,49,49.0,47.0,48.0,6276000.0,240.0
2012-09-14,49,50.0,48.0,49.0,17544000.0,245.0
2012-09-18,48,50.0,48.0,49.0,8090500.0,245.0
2012-09-19,50,51.0,49.0,50.0,8572500.0,250.0
2012-09-20,51,52.0,50.0,50.0,10404000.0,250.0
2012-09-21,50,51.0,50.0,51.0,4911000.0,255.0
2012-09-24,51,52.0,50.0,51.0,9408500.0,255.0
2012-09-25,51,51.0,50.0,51.0,2934000.0,255.0
2012-09-26,50,52.0,50.0,51.0,6089000.0,255.0
2012-09-27,50,51.0,50.0,50.0,2476000.0,250.0
2012-09-28,50,51.0,49.0,50.0,9379000.0,250.0
2012-10-01,49,51.0,49.0,51.0,7660500.0,255.0
2012-10-02,51,51.0,50.0,50.0,3772500.0,250.0
2012-10-03,50,51.0,50.0,50.0,1894000.0,250.0
2012-10-04,50,51.0,49.0,50.0,11186500.0,250.0
2012-10-05,50,50.0,49.0,50.0,7481500.0,250.0
2012-10-09,49,50.0,49.0,49.0,2113000.0,245.0
2012-10-10,49,50.0,49.0,49.0,5316500.0,245.0
2012-10-11,49,50.0,48.0,48.0,3956500.0,240.0
2012-10-12,49,50.0,48.0,50.0,6838000.0,250.0
2012-10-15,50,50.0,49.0,49.0,1231000.0,245.0
2012-10-16,50,51.0,50.0,51.0,10643000.0,255.0
2012-10-17,51,52.0,50.0,51.0,10367000.0,255.0
2012-10-18,51,52.0,50.0,52.0,15292000.0,260.0
2012-10-19,52,53.0,52.0,53.0,8011500.0,265.0
2012-10-22,52,53.0,51.0,53.0,7907000.0,265.0
2012-10-23,53,54.0,51.0,51.0,21028500.0,255.0
2012-10-24,51,53.0,50.0,52.0,9094000.0,260.0
2012-10-25,52,53.0,51.0,53.0,7532000.0,265.0
2012-10-26,53,53.0,51.0,51.0,6420500.0,255.0
2012-10-29,51,52.0,51.0,52.0,1940500.0,260.0
2012-10-30,51,53.0,51.0,52.0,8685000.0,260.0
2012-10-31,51,52.0,51.0,51.0,3161500.0,255.0
2012-11-01,51,52.0,50.0,50.0,8471500.0,250.0
2012-11-02,51,52.0,51.0,52.0,5498000.0,260.0
2012-11-05,52,53.0,52.0,52.0,7114000.0,260.0
2012-11-06,53,53.0,52.0,53.0,7912500.0,265.0
2012-11-07,53,54.0,51.0,51.0,13830500.0,255.0
2012-11-08,51,52.0,50.0,50.0,7340000.0,250.0
2012-11-09,51,52.0,50.0,51.0,20175500.0,255.0
2012-11-12,52,52.0,50.0,50.0,6159000.0,250.0
2012-11-13,51,52.0,50.0,50.0,4214000.0,250.0
2012-11-14,50,51.0,50.0,50.0,3990500.0,250.0
2012-11-15,50,53.0,50.0,53.0,10935500.0,265.0
2012-11-16,53,53.0,51.0,52.0,12416000.0,260.0
2012-11-19,53,53.0,51.0,53.0,9655000.0,265.0
2012-11-20,53,54.0,52.0,53.0,12083500.0,265.0
2012-11-21,53,53.0,52.0,52.0,9116000.0,260.0
2012-11-22,54,54.0,53.0,54.0,5150500.0,270.0
2012-11-26,54,56.0,53.0,54.0,40442000.0,270.0
2012-11-27,54,54.0,53.0,54.0,5704500.0,270.0
2012-11-28,54,55.0,53.0,54.0,5414000.0,270.0
2012-11-29,54,56.0,54.0,56.0,21411000.0,280.0
2012-11-30,56,56.0,54.0,54.0,15568000.0,270.0
2012-12-03,56,58.0,55.0,58.0,23591000.0,290.0
2012-12-04,58,58.0,56.0,56.0,15139500.0,280.0
2012-12-05,56,57.0,56.0,57.0,6851500.0,285.0
2012-12-06,56,59.0,56.0,59.0,17705500.0,295.0
2012-12-07,58,59.0,57.0,59.0,12804500.0,295.0
2012-12-10,60,60.0,57.0,59.0,35616000.0,295.0
2012-12-11,58,59.0,57.0,58.0,11798500.0,290.0
2012-12-12,58,59.0,57.0,58.0,6115000.0,290.0
2012-12-13,57,59.0,57.0,58.0,16162500.0,290.0
2012-12-14,58,59.0,57.0,57.0,20775000.0,285.0
2012-12-17,59,59.0,57.0,57.0,17187000.0,285.0
2012-12-18,58,64.0,57.0,62.0,70353500.0,310.0
2012-12-19,64,68.0,64.0,68.0,70773000.0,340.0
2012-12-20,68,69.0,66.0,68.0,46276500.0,340.0
2012-12-21,69,73.0,67.0,70.0,70354500.0,350.0
2012-12-25,71,71.0,67.0,69.0,44370000.0,345.0
2012-12-26,70,71.0,68.0,71.0,27919500.0,355.0
2012-12-27,71,72.0,68.0,69.0,53884000.0,345.0
2012-12-28,70,70.0,68.0,68.0,24792500.0,340.0
2013-01-04,72,78.0,71.0,77.0,77616500.0,385.0
2013-01-07,82,86.0,78.0,81.0,161882000.0,405.0
2013-01-08,80,83.0,77.0,79.0,79731000.0,395.0
2013-01-09,78,86.0,78.0,86.0,75544500.0,430.0
2013-01-10,87,90.0,85.0,85.0,132908500.0,425.0
2013-01-11,89,90.0,86.0,87.0,63131000.0,435.0
2013-01-15,91,100.0,90.0,100.0,225033500.0,500.0
2013-01-16,98,100.0,94.0,95.0,130443000.0,475.0
2013-01-17,96,97.0,86.0,90.0,97469500.0,450.0
2013-01-18,95,96.0,92.0,92.0,54754000.0,460.0
2013-01-21,93,93.0,90.0,93.0,26083000.0,465.0
2013-01-22,93,94.0,91.0,93.0,31609500.0,465.0
2013-01-23,91,92.0,86.0,86.0,56698000.0,430.0
2013-01-24,84,87.0,82.0,87.0,54121000.0,435.0
2013-01-25,89,90.0,85.0,86.0,38252000.0,430.0
2013-01-28,86,87.0,83.0,83.0,36844000.0,415.0
2013-01-29,83,86.0,82.0,84.0,35124000.0,420.0
2013-01-30,84,89.0,84.0,89.0,55762500.0,445.0
2013-01-31,89,89.0,85.0,88.0,30762000.0,440.0
2013-02-01,88,88.0,86.0,86.0,24891000.0,430.0
2013-02-04,88,88.0,86.0,86.0,19554000.0,430.0
2013-02-05,85,87.0,83.0,83.0,39346500.0,415.0
2013-02-06,86,88.0,84.0,85.0,48130500.0,425.0
2013-02-07,85,90.0,85.0,89.0,65713500.0,445.0
2013-02-08,91,92.0,86.0,87.0,46774000.0,435.0
2013-02-12,89,89.0,86.0,86.0,38758500.0,430.0
2013-02-13,87,88.0,84.0,84.0,38610500.0,420.0
2013-02-14,83,85.0,82.0,82.0,24627500.0,410.0
2013-02-15,79,79.0,73.0,76.0,86533000.0,380.0
2013-02-18,78,81.0,77.0,79.0,50508000.0,395.0
2013-02-19,79,81.0,78.0,79.0,30977000.0,395.0
2013-02-20,81,81.0,79.0,80.0,19327500.0,400.0
2013-02-21,80,81.0,78.0,79.0,24411000.0,395.0
2013-02-22,78,79.0,77.0,79.0,17839500.0,395.0
2013-02-25,80,81.0,79.0,81.0,30041000.0,405.0
2013-02-26,79,80.0,78.0,80.0,21780500.0,400.0
2013-02-27,82,84.0,80.0,80.0,71233000.0,400.0
2013-02-28,81,83.0,79.0,82.0,33527000.0,410.0
2013-03-01,82,89.0,81.0,88.0,71404500.0,440.0
2013-03-04,89,93.0,89.0,90.0,65637500.0,450.0
2013-03-05,92,92.0,88.0,89.0,38314000.0,445.0
2013-03-06,89,91.0,88.0,90.0,36452000.0,450.0
2013-03-07,90,91.0,87.0,88.0,24035500.0,440.0
2013-03-08,88,90.0,88.0,90.0,18563000.0,450.0
2013-03-11,90,91.0,85.0,88.0,40918000.0,440.0
2013-03-12,88,89.0,87.0,87.0,26298500.0,435.0
2013-03-13,87,89.0,86.0,88.0,18216000.0,440.0
2013-03-14,88,92.0,88.0,92.0,43360000.0,460.0
2013-03-15,91,92.0,88.0,89.0,29924500.0,445.0
2013-03-18,88,89.0,86.0,87.0,27621000.0,435.0
2013-03-19,88,89.0,87.0,87.0,12035500.0,435.0
2013-03-21,88,89.0,86.0,88.0,27518000.0,440.0
2013-03-22,88,88.0,86.0,86.0,24368000.0,430.0
2013-03-25,86,88.0,86.0,88.0,17946500.0,440.0
2013-03-26,86,88.0,86.0,87.0,13546000.0,435.0
2013-03-27,87,89.0,86.0,88.0,32374500.0,440.0
2013-03-28,88,89.0,86.0,87.0,20054500.0,435.0
2013-03-29,87,87.0,85.0,86.0,13329000.0,430.0
2013-04-01,86,87.0,84.0,84.0,14950500.0,420.0
2013-04-02,82,85.0,80.0,84.0,27145500.0,420.0
2013-04-03,85,90.0,84.0,90.0,35678500.0,450.0
2013-04-04,88,91.0,86.0,91.0,37873000.0,455.0
2013-04-05,94,98.0,92.0,94.0,103192500.0,470.0
2013-04-08,98,114.0,96.0,110.0,238154500.0,550.0
2013-04-09,117,119.0,110.0,113.0,204369500.0,565.0
2013-04-10,114,116.0,111.0,114.0,94668500.0,570.0
2013-04-11,115,117.0,110.0,111.0,58247000.0,555.0
2013-04-12,111,115.0,110.0,112.0,39912500.0,560.0
2013-04-15,111,114.0,107.0,108.0,64171500.0,540.0
2013-04-16,104,111.0,103.0,109.0,59881500.0,545.0
2013-04-17,110,120.0,109.0,120.0,105800000.0,600.0
2013-04-18,119,123.0,116.0,117.0,159358500.0,585.0
2013-04-19,121,133.0,120.0,133.0,302830000.0,665.0
2013-04-22,137,162.0,136.0,159.0,469690000.0,795.0
2013-04-23,165,167.0,153.0,155.0,299692500.0,775.0
2013-04-24,160,165.0,152.0,156.0,141509500.0,780.0
2013-04-25,153,154.0,143.0,146.0,136936500.0,730.0
2013-04-26,145,157.0,142.0,147.0,229065000.0,735.0
2013-04-30,147,148.0,140.0,142.0,70496500.0,710.0
2013-05-01,145,152.0,143.0,147.0,126842000.0,735.0
2013-05-02,146,148.0,143.0,146.0,59829000.0,730.0
2013-05-07,152,153.0,149.0,150.0,49377500.0,750.0
2013-05-08,151,151.0,146.0,149.0,60045500.0,745.0
2013-05-09,148,149.0,146.0,147.0,50352000.0,735.0
2013-05-10,145,146.0,136.0,139.0,132486500.0,695.0
2013-05-13,137,141.0,135.0,140.0,57335000.0,700.0
2013-05-14,141,149.0,141.0,144.0,114015500.0,720.0
2013-05-15,147,148.0,137.0,137.0,64445500.0,685.0
2013-05-16,136,141.0,130.0,135.0,48448000.0,675.0
2013-05-17,134,144.0,132.0,143.0,54668500.0,715.0
2013-05-20,145,146.0,141.0,141.0,28999500.0,705.0
2013-05-21,141,142.0,138.0,139.0,24551500.0,695.0
2013-05-22,140,165.0,140.0,146.0,345576500.0,730.0
2013-05-23,146,155.0,135.0,136.0,134661500.0,680.0
2013-05-24,141,146.0,133.0,140.0,87439500.0,700.0
2013-05-27,134,143.0,132.0,137.0,63315000.0,685.0
2013-05-28,137,140.0,134.0,138.0,43015500.0,690.0
2013-05-29,140,143.0,136.0,139.0,54994000.0,695.0
2013-05-30,138,139.0,133.0,134.0,41243000.0,670.0
2013-05-31,137,144.0,135.0,135.0,95818500.0,675.0
2013-06-03,133,135.0,125.0,127.0,60764500.0,635.0
2013-06-04,123,131.0,117.0,129.0,80122500.0,645.0
2013-06-05,134,140.0,124.0,127.0,113817500.0,635.0
2013-06-06,122,127.0,116.0,117.0,66711500.0,585.0
2013-06-07,112,118.0,111.0,114.0,57818500.0,570.0
2013-06-10,123,125.0,120.0,123.0,43944500.0,615.0
2013-06-11,123,127.0,121.0,123.0,51948500.0,615.0
2013-06-12,118,123.0,116.0,120.0,45982500.0,600.0
2013-06-13,118,120.0,114.0,114.0,39910000.0,570.0
2013-06-14,118,120.0,114.0,115.0,55367500.0,575.0
2013-06-17,116,121.0,115.0,120.0,42116500.0,600.0
2013-06-18,121,123.0,119.0,121.0,29662000.0,605.0
2013-06-19,122,123.0,119.0,120.0,17573000.0,600.0
2013-06-20,122,128.0,121.0,127.0,115060500.0,635.0
2013-06-21,122,125.0,118.0,122.0,61441000.0,610.0
2013-06-24,124,126.0,123.0,124.0,27875000.0,620.0
2013-06-25,121,124.0,119.0,120.0,24710500.0,600.0
2013-06-26,122,123.0,111.0,112.0,53954500.0,560.0
2013-06-27,113,117.0,104.0,116.0,76086500.0,580.0
2013-06-28,120,123.0,118.0,121.0,57809000.0,605.0
2013-07-01,123,126.0,122.0,125.0,32969000.0,625.0
2013-07-02,128,130.0,125.0,130.0,51871500.0,650.0
2013-07-03,132,132.0,128.0,131.0,32829000.0,655.0
2013-07-04,130,136.0,129.0,135.0,35011000.0,675.0
2013-07-05,136,139.0,134.0,138.0,34842500.0,690.0
2013-07-08,140,141.0,134.0,134.0,35545000.0,670.0
2013-07-09,135,137.0,132.0,135.0,41778500.0,675.0
2013-07-10,135,137.0,132.0,133.0,23218500.0,665.0
2013-07-11,132,137.0,131.0,136.0,37091000.0,680.0
2013-07-12,137,137.0,132.0,133.0,23763000.0,665.0
2013-07-16,135,138.0,134.0,136.0,28171500.0,680.0
2013-07-17,134,136.0,133.0,135.0,22585000.0,675.0
2013-07-18,135,137.0,134.0,136.0,23912000.0,680.0
2013-07-19,137,137.0,133.0,134.0,22732000.0,670.0
2013-07-22,135,138.0,134.0,137.0,44639500.0,685.0
2013-07-23,135,137.0,135.0,135.0,14487500.0,675.0
2013-07-24,135,135.0,133.0,133.0,12010000.0,665.0
2013-07-25,133,134.0,132.0,132.0,7135500.0,660.0
2013-07-26,131,131.0,126.0,128.0,26310000.0,640.0
2013-07-29,123,124.0,118.0,120.0,27986500.0,600.0
2013-07-30,120,124.0,119.0,123.0,30971500.0,615.0
2013-07-31,123,125.0,122.0,122.0,17663500.0,610.0
2013-08-01,121,125.0,120.0,124.0,12138000.0,620.0
2013-08-02,126,133.0,125.0,131.0,30913500.0,655.0
2013-08-05,130,135.0,129.0,132.0,17924000.0,660.0
2013-08-06,133,134.0,130.0,134.0,16792000.0,670.0
2013-08-07,132,133.0,129.0,129.0,14130500.0,645.0
2013-08-08,128,130.0,126.0,127.0,11482500.0,635.0
2013-08-09,128,131.0,127.0,131.0,19669500.0,655.0
2013-08-12,129,130.0,125.0,125.0,14191000.0,625.0
2013-08-13,127,129.0,126.0,129.0,17278500.0,645.0
2013-08-14,129,130.0,125.0,128.0,13114000.0,640.0
2013-08-15,126,128.0,126.0,126.0,7627000.0,630.0
2013-08-16,125,127.0,124.0,127.0,13788500.0,635.0
2013-08-19,126,129.0,126.0,129.0,10002500.0,645.0
2013-08-20,127,129.0,125.0,126.0,15915000.0,630.0
2013-08-21,124,125.0,119.0,121.0,19227500.0,605.0
2013-08-22,120,123.0,119.0,120.0,18252500.0,600.0
2013-08-23,122,125.0,120.0,121.0,25684500.0,605.0
2013-08-26,121,124.0,120.0,124.0,13450500.0,620.0
2013-08-27,122,123.0,121.0,122.0,5117000.0,610.0
2013-08-28,119,120.0,114.0,115.0,32542000.0,575.0
2013-08-29,116,117.0,115.0,117.0,9679000.0,585.0
2013-08-30,118,119.0,115.0,115.0,6897000.0,575.0
2013-09-02,115,119.0,115.0,119.0,9082500.0,595.0
2013-09-03,121,122.0,119.0,121.0,12784000.0,605.0
2013-09-04,121,123.0,119.0,122.0,11450500.0,610.0
2013-09-05,124,124.0,121.0,123.0,8937000.0,615.0
2013-09-06,122,122.0,119.0,121.0,11344000.0,605.0
2013-09-09,130,130.0,125.0,126.0,46726500.0,630.0
2013-09-10,129,141.0,129.0,139.0,101548500.0,695.0
2013-09-11,142,143.0,136.0,139.0,40639000.0,695.0
2013-09-12,140,142.0,135.0,139.0,38447500.0,695.0
2013-09-13,138,145.0,137.0,145.0,74441500.0,725.0
2013-09-17,146,147.0,141.0,141.0,72361500.0,705.0
2013-09-18,143,147.0,142.0,143.0,59600000.0,715.0
2013-09-19,146,148.0,143.0,146.0,42990000.0,730.0
2013-09-20,148,149.0,146.0,147.0,44456000.0,735.0
2013-09-24,144,146.0,140.0,143.0,39580500.0,715.0
2013-09-25,141,142.0,137.0,138.0,26058500.0,690.0
2013-09-26,665,709.0,656.0,707.0,10545200.0,707.0
2013-09-27,707,707.0,690.0,699.0,4633000.0,699.0
2013-09-30,688,711.0,685.0,703.0,4403400.0,703.0
2013-10-01,700,707.0,691.0,694.0,4265100.0,694.0
2013-10-02,695,704.0,681.0,684.0,4781500.0,684.0
2013-10-03,680,685.0,664.0,665.0,4241900.0,665.0
2013-10-04,695,695.0,664.0,683.0,7977100.0,683.0
2013-10-07,677,680.0,646.0,648.0,3756100.0,648.0
2013-10-08,636,664.0,633.0,660.0,3755100.0,660.0
2013-10-09,650,673.0,649.0,669.0,3123800.0,669.0
2013-10-10,673,680.0,665.0,675.0,3537500.0,675.0
2013-10-11,693,707.0,685.0,704.0,6094800.0,704.0
2013-10-15,707,708.0,695.0,698.0,2418000.0,698.0
2013-10-16,696,703.0,695.0,702.0,2589500.0,702.0
2013-10-17,708,714.0,703.0,711.0,5125400.0,711.0
2013-10-18,708,720.0,708.0,716.0,3984300.0,716.0
2013-10-21,713,722.0,710.0,714.0,2991100.0,714.0
2013-10-22,714,724.0,712.0,722.0,3630600.0,722.0
2013-10-23,722,740.0,717.0,731.0,7854600.0,731.0
2013-10-24,725,739.0,721.0,736.0,3620000.0,736.0
2013-10-25,735,735.0,723.0,725.0,3129300.0,725.0
2013-10-28,730,736.0,723.0,736.0,2652000.0,736.0
2013-10-29,731,734.0,725.0,726.0,2276100.0,726.0
2013-10-30,733,739.0,725.0,735.0,5119600.0,735.0
2013-10-31,736,741.0,721.0,724.0,3783500.0,724.0
2013-11-01,728,730.0,712.0,724.0,2815200.0,724.0
2013-11-05,718,731.0,718.0,728.0,2686700.0,728.0
2013-11-06,722,735.0,721.0,734.0,2438600.0,734.0
2013-11-07,736,736.0,723.0,724.0,2241800.0,724.0
2013-11-08,711,721.0,710.0,715.0,2251900.0,715.0
2013-11-11,725,725.0,700.0,704.0,2249300.0,704.0
2013-11-12,704,714.0,690.0,709.0,3713600.0,709.0
2013-11-13,710,715.0,692.0,701.0,3736400.0,701.0
2013-11-14,710,724.0,705.0,718.0,5275400.0,718.0
2013-11-15,720,745.0,714.0,742.0,9071000.0,742.0
2013-11-18,751,781.0,751.0,772.0,8941900.0,772.0
2013-11-19,764,793.0,763.0,786.0,10447700.0,786.0
2013-11-20,787,788.0,768.0,773.0,5485100.0,773.0
2013-11-21,770,774.0,759.0,770.0,4016000.0,770.0
2013-11-22,777,787.0,765.0,769.0,3322700.0,769.0
2013-11-25,770,772.0,757.0,760.0,2405800.0,760.0
2013-11-26,745,751.0,735.0,747.0,4238000.0,747.0
2013-11-27,752,772.0,749.0,761.0,4430400.0,761.0
2013-11-28,768,772.0,755.0,764.0,2615400.0,764.0
2013-11-29,770,771.0,761.0,765.0,4120000.0,765.0
2013-12-02,765,770.0,756.0,760.0,2251200.0,760.0
2013-12-03,759,772.0,756.0,768.0,3786000.0,768.0
2013-12-04,760,770.0,752.0,767.0,4025100.0,767.0
2013-12-05,769,777.0,760.0,763.0,4480000.0,763.0
2013-12-06,760,767.0,750.0,755.0,2283400.0,755.0
2013-12-09,763,764.0,749.0,751.0,2273500.0,751.0
2013-12-10,758,758.0,742.0,743.0,2834200.0,743.0
2013-12-11,741,769.0,741.0,763.0,5764400.0,763.0
2013-12-12,760,764.0,751.0,753.0,2381700.0,753.0
2013-12-13,754,755.0,742.0,747.0,2828100.0,747.0
2013-12-16,747,750.0,732.0,736.0,3413000.0,736.0
2013-12-17,739,742.0,733.0,735.0,2091000.0,735.0
2013-12-18,731,748.0,731.0,747.0,3099700.0,747.0
2013-12-19,749,759.0,748.0,756.0,3466000.0,756.0
2013-12-20,757,763.0,753.0,760.0,3312600.0,760.0
2013-12-24,761,765.0,756.0,757.0,3025000.0,757.0
2013-12-25,755,758.0,753.0,757.0,3110900.0,757.0
2013-12-26,760,790.0,759.0,787.0,3712900.0,787.0
2013-12-27,791,794.0,777.0,792.0,3157600.0,792.0
2013-12-30,795,805.0,791.0,800.0,3193000.0,800.0
2014-01-06,796,800.0,786.0,790.0,2491600.0,790.0
2014-01-07,794,805.0,791.0,795.0,2393700.0,795.0
2014-01-08,804,814.0,801.0,814.0,2890800.0,814.0
2014-01-09,813,813.0,804.0,807.0,2656700.0,807.0
2014-01-10,810,834.0,808.0,833.0,5321900.0,833.0
2014-01-14,816,818.0,805.0,812.0,2934200.0,812.0
2014-01-15,823,829.0,812.0,828.0,2573800.0,828.0
2014-01-16,834,842.0,827.0,828.0,2456700.0,828.0
2014-01-17,826,844.0,822.0,842.0,2452200.0,842.0
2014-01-20,847,858.0,840.0,853.0,2466600.0,853.0
2014-01-21,854,860.0,845.0,848.0,2200900.0,848.0
2014-01-22,850,850.0,831.0,845.0,2252400.0,845.0
2014-01-23,847,848.0,828.0,830.0,2381600.0,830.0
2014-01-24,817,823.0,807.0,812.0,2538800.0,812.0
2014-01-27,797,803.0,790.0,790.0,2816200.0,790.0
2014-01-28,800,819.0,780.0,780.0,3462500.0,780.0
2014-01-29,793,812.0,785.0,803.0,2804900.0,803.0
2014-01-30,785,785.0,766.0,774.0,3572400.0,774.0
2014-01-31,783,790.0,763.0,775.0,2601200.0,775.0
2014-02-03,765,771.0,748.0,748.0,2378000.0,748.0
2014-02-04,721,723.0,692.0,699.0,4442500.0,699.0
2014-02-05,710,722.0,700.0,710.0,4585800.0,710.0
2014-02-06,717,723.0,706.0,715.0,2381100.0,715.0
2014-02-07,730,736.0,722.0,729.0,2280800.0,729.0
2014-02-10,751,755.0,737.0,746.0,2482200.0,746.0
2014-02-12,758,758.0,739.0,749.0,2058100.0,749.0
2014-02-13,762,768.0,722.0,728.0,4876200.0,728.0
2014-02-14,727,732.0,663.0,679.0,11131200.0,679.0
2014-02-17,675,686.0,636.0,680.0,5886600.0,680.0
2014-02-18,681,698.0,670.0,696.0,3753200.0,696.0
2014-02-19,696,704.0,685.0,691.0,2292300.0,691.0
2014-02-20,690,695.0,673.0,676.0,2573700.0,676.0
2014-02-21,685,693.0,679.0,688.0,2049100.0,688.0
2014-02-24,681,700.0,670.0,678.0,4070800.0,678.0
2014-02-25,683,696.0,678.0,695.0,3266600.0,695.0
2014-02-26,690,695.0,686.0,688.0,1888400.0,688.0
2014-02-27,689,692.0,671.0,673.0,2687300.0,673.0
2014-02-28,663,666.0,645.0,650.0,4974500.0,650.0
2014-03-03,642,650.0,637.0,650.0,2628900.0,650.0
2014-03-04,647,670.0,644.0,658.0,2791800.0,658.0
2014-03-05,672,679.0,671.0,673.0,2979800.0,673.0
2014-03-06,675,697.0,671.0,693.0,2732900.0,693.0
2014-03-07,701,709.0,697.0,706.0,3176500.0,706.0
2014-03-10,708,711.0,701.0,704.0,2500200.0,704.0
2014-03-11,709,729.0,704.0,728.0,5055000.0,728.0
2014-03-12,727,728.0,698.0,700.0,3885000.0,700.0
2014-03-13,700,709.0,695.0,706.0,2666000.0,706.0
2014-03-14,685,686.0,669.0,678.0,4341700.0,678.0
2014-03-17,671,677.0,641.0,648.0,4119000.0,648.0
2014-03-18,666,670.0,655.0,657.0,2874300.0,657.0
2014-03-19,660,670.0,642.0,646.0,3308600.0,646.0
2014-03-20,644,647.0,611.0,612.0,3651700.0,612.0
2014-03-24,608,620.0,598.0,601.0,6094900.0,601.0
2014-03-25,600,603.0,584.0,589.0,4723700.0,589.0
2014-03-26,594,604.0,591.0,604.0,3641000.0,604.0
2014-03-27,605,630.0,598.0,629.0,6514300.0,629.0
2014-03-28,629,629.0,613.0,628.0,2412100.0,628.0
2014-03-31,637,647.0,634.0,646.0,3076600.0,646.0
2014-04-01,653,657.0,644.0,655.0,3105500.0,655.0
2014-04-02,665,687.0,665.0,678.0,4615500.0,678.0
2014-04-03,682,684.0,670.0,682.0,2747900.0,682.0
2014-04-04,678,684.0,673.0,682.0,2253100.0,682.0
2014-04-07,672,677.0,665.0,669.0,1849100.0,669.0
2014-04-08,656,664.0,653.0,655.0,2249800.0,655.0
2014-04-09,642,649.0,633.0,640.0,2451200.0,640.0
2014-04-10,650,660.0,642.0,649.0,4123900.0,649.0
2014-04-11,633,641.0,628.0,640.0,4434100.0,640.0
2014-04-14,635,649.0,630.0,637.0,2343200.0,637.0
2014-04-15,641,645.0,604.0,619.0,2844300.0,619.0
2014-04-16,631,643.0,627.0,643.0,2120900.0,643.0
2014-04-17,646,661.0,644.0,655.0,1895200.0,655.0
2014-04-18,660,661.0,653.0,660.0,958600.0,660.0
2014-04-21,660,665.0,648.0,648.0,1351600.0,648.0
2014-04-22,653,657.0,645.0,645.0,1612800.0,645.0
2014-04-23,650,665.0,647.0,655.0,1545100.0,655.0
2014-04-24,654,661.0,646.0,652.0,1320400.0,652.0
2014-04-25,646,655.0,641.0,646.0,1111400.0,646.0
2014-04-28,640,643.0,633.0,640.0,1243500.0,640.0
2014-04-30,653,660.0,640.0,647.0,1762500.0,647.0
2014-05-01,659,661.0,648.0,660.0,1999500.0,660.0
2014-05-02,661,683.0,656.0,682.0,3085400.0,682.0
2014-05-07,663,671.0,652.0,660.0,3379500.0,660.0
2014-05-08,665,677.0,658.0,671.0,2693100.0,671.0
2014-05-09,662,677.0,661.0,671.0,1565000.0,671.0
2014-05-12,675,676.0,657.0,665.0,2346500.0,665.0
2014-05-13,673,687.0,669.0,685.0,2357800.0,685.0
2014-05-14,688,713.0,685.0,709.0,4511800.0,709.0
2014-05-15,708,729.0,701.0,727.0,5066500.0,727.0
2014-05-16,713,719.0,703.0,714.0,2631300.0,714.0
2014-05-19,715,720.0,702.0,708.0,2333000.0,708.0
2014-05-20,708,718.0,699.0,700.0,2416800.0,700.0
2014-05-21,685,693.0,671.0,673.0,4121800.0,673.0
2014-05-22,683,700.0,680.0,698.0,2727500.0,698.0
2014-05-23,700,714.0,699.0,704.0,2176400.0,704.0
2014-05-26,708,711.0,700.0,705.0,2179100.0,705.0
2014-05-27,708,729.0,704.0,721.0,2832300.0,721.0
2014-05-28,728,756.0,724.0,749.0,5435700.0,749.0
2014-05-29,749,756.0,740.0,748.0,3035700.0,748.0
2014-05-30,748,753.0,735.0,736.0,3053000.0,736.0
2014-06-02,742,761.0,738.0,754.0,3108700.0,754.0
2014-06-03,767,771.0,761.0,767.0,3086200.0,767.0
2014-06-04,771,783.0,760.0,764.0,3700600.0,764.0
2014-06-05,773,780.0,767.0,773.0,2785600.0,773.0
2014-06-06,779,785.0,773.0,775.0,2281200.0,775.0
2014-06-09,783,786.0,777.0,780.0,2134900.0,780.0
2014-06-10,784,791.0,781.0,783.0,2690600.0,783.0
2014-06-11,782,790.0,781.0,788.0,1903300.0,788.0
2014-06-12,788,790.0,782.0,786.0,2388200.0,786.0
2014-06-13,784,806.0,783.0,803.0,3562900.0,803.0
2014-06-16,805,823.0,801.0,809.0,2965700.0,809.0
2014-06-17,805,807.0,791.0,794.0,3578200.0,794.0
2014-06-18,796,803.0,792.0,798.0,1969800.0,798.0
2014-06-19,805,814.0,801.0,813.0,2687800.0,813.0
2014-06-20,814,843.0,811.0,841.0,7244400.0,841.0
2014-06-23,846,849.0,823.0,824.0,3540300.0,824.0
2014-06-24,825,832.0,814.0,827.0,2165000.0,827.0
2014-06-25,818,827.0,810.0,810.0,2100500.0,810.0
2014-06-26,815,829.0,813.0,814.0,2323300.0,814.0
2014-06-27,810,820.0,801.0,805.0,2019000.0,805.0
2014-06-30,808,818.0,806.0,815.0,2099200.0,815.0
2014-07-01,814,824.0,812.0,821.0,1834400.0,821.0
2014-07-02,825,827.0,816.0,818.0,1322900.0,818.0
2014-07-03,820,822.0,816.0,818.0,1820000.0,818.0
2014-07-04,825,826.0,817.0,817.0,1389600.0,817.0
2014-07-07,815,816.0,801.0,803.0,1917800.0,803.0
2014-07-08,800,817.0,788.0,815.0,2477800.0,815.0
2014-07-09,800,805.0,790.0,797.0,2763300.0,797.0
2014-07-10,793,798.0,774.0,776.0,3990000.0,776.0
2014-07-11,769,788.0,768.0,786.0,1675600.0,786.0
2014-07-14,796,796.0,779.0,787.0,2209800.0,787.0
2014-07-15,791,800.0,787.0,795.0,1864800.0,795.0
2014-07-16,799,800.0,788.0,790.0,2358200.0,790.0
2014-07-17,793,805.0,791.0,799.0,2044600.0,799.0
2014-07-18,786,795.0,765.0,793.0,2368400.0,793.0
2014-07-22,800,812.0,797.0,809.0,2629000.0,809.0
2014-07-23,808,811.0,802.0,804.0,1122200.0,804.0
2014-07-24,811,814.0,795.0,801.0,2496300.0,801.0
2014-07-25,805,820.0,805.0,819.0,4556000.0,819.0
2014-07-28,820,839.0,816.0,839.0,4242500.0,839.0
2014-07-29,838,839.0,826.0,836.0,2828200.0,836.0
2014-07-30,832,834.0,822.0,832.0,1809500.0,832.0
2014-07-31,834,841.0,828.0,829.0,3394200.0,829.0
2014-08-01,816,830.0,814.0,824.0,1448500.0,824.0
2014-08-04,825,829.0,810.0,824.0,1953500.0,824.0
2014-08-05,820,824.0,801.0,803.0,2268300.0,803.0
2014-08-06,796,801.0,784.0,790.0,2634600.0,790.0
2014-08-07,788,800.0,786.0,800.0,1729200.0,800.0
2014-08-08,811,829.0,791.0,799.0,5203200.0,799.0
2014-08-11,819,830.0,811.0,823.0,3388300.0,823.0
2014-08-12,830,838.0,829.0,832.0,2420600.0,832.0
2014-08-13,826,830.0,817.0,826.0,1782200.0,826.0
2014-08-14,829,834.0,826.0,833.0,1538900.0,833.0
2014-08-15,835,835.0,822.0,828.0,1634600.0,828.0
2014-08-18,836,837.0,820.0,826.0,1715600.0,826.0
2014-08-19,827,838.0,825.0,829.0,2982500.0,829.0
2014-08-20,830,833.0,808.0,811.0,2591300.0,811.0
2014-08-21,815,823.0,810.0,821.0,2184800.0,821.0
2014-08-22,823,824.0,817.0,819.0,1542200.0,819.0
2014-08-25,825,878.0,823.0,869.0,7536600.0,869.0
2014-08-26,870,884.0,866.0,871.0,5229400.0,871.0
2014-08-27,866,878.0,864.0,874.0,2589300.0,874.0
2014-08-28,877,887.0,872.0,881.0,3238300.0,881.0
2014-08-29,875,879.0,858.0,861.0,2648000.0,861.0
2014-09-01,872,897.0,872.0,895.0,3828500.0,895.0
2014-09-02,899,910.0,892.0,904.0,3102000.0,904.0
2014-09-03,908,908.0,890.0,896.0,2511500.0,896.0
2014-09-04,897,898.0,879.0,885.0,2025200.0,885.0
2014-09-05,890,897.0,875.0,881.0,1352300.0,881.0
2014-09-08,866,880.0,863.0,879.0,2088100.0,879.0
2014-09-09,885,889.0,872.0,873.0,1355800.0,873.0
2014-09-10,871,873.0,862.0,872.0,1635300.0,872.0
2014-09-11,876,877.0,852.0,860.0,2406100.0,860.0
2014-09-12,857,859.0,850.0,852.0,2063600.0,852.0
2014-09-16,856,861.0,843.0,845.0,1668200.0,845.0
2014-09-17,841,843.0,816.0,819.0,4048700.0,819.0
2014-09-18,820,840.0,820.0,835.0,2602000.0,835.0
2014-09-19,839,840.0,825.0,826.0,2207000.0,826.0
2014-09-22,825,832.0,812.0,822.0,2510600.0,822.0
2014-09-24,811,844.0,811.0,836.0,3001900.0,836.0
2014-09-25,844,848.0,838.0,845.0,1724700.0,845.0
2014-09-26,838,857.0,833.0,851.0,1555600.0,851.0
2014-09-29,859,862.0,852.0,859.0,1641100.0,859.0
2014-09-30,857,859.0,841.0,847.0,2176000.0,847.0
2014-10-01,848,858.0,837.0,837.0,1740500.0,837.0
2014-10-02,827,828.0,811.0,814.0,2520300.0,814.0
2014-10-03,815,832.0,807.0,819.0,2770600.0,819.0
2014-10-06,830,834.0,816.0,819.0,1900200.0,819.0
2014-10-07,820,828.0,814.0,817.0,1929800.0,817.0
2014-10-08,807,808.0,801.0,801.0,1809200.0,801.0
2014-10-09,806,810.0,771.0,779.0,3622600.0,779.0
2014-10-10,768,774.0,746.0,758.0,5360100.0,758.0
2014-10-14,743,744.0,712.0,715.0,6182500.0,715.0
2014-10-15,730,739.0,722.0,736.0,3423200.0,736.0
2014-10-16,713,731.0,712.0,723.0,4032400.0,723.0
2014-10-17,726,733.0,713.0,713.0,2766500.0,713.0
2014-10-20,743,770.0,741.0,770.0,5836500.0,770.0
2014-10-21,799,818.0,740.0,743.0,8945800.0,743.0
2014-10-22,768,774.0,756.0,764.0,3599100.0,764.0
2014-10-23,752,761.0,745.0,753.0,2894400.0,753.0
2014-10-24,766,768.0,745.0,746.0,3037600.0,746.0
2014-10-27,752,755.0,747.0,754.0,1796700.0,754.0
2014-10-28,753,758.0,733.0,740.0,2874400.0,740.0
2014-10-29,748,761.0,745.0,760.0,2272800.0,760.0
2014-10-30,762,777.0,760.0,768.0,3838500.0,768.0
2014-10-31,778,813.0,774.0,806.0,5560500.0,806.0
2014-11-04,870,875.0,837.0,870.0,10320400.0,870.0
2014-11-05,859,865.0,838.0,846.0,4107400.0,846.0
2014-11-06,851,856.0,828.0,829.0,2750400.0,829.0
2014-11-07,838,842.0,824.0,825.0,2237600.0,825.0
2014-11-10,825,831.0,821.0,827.0,1979800.0,827.0
2014-11-11,829,839.0,821.0,833.0,2647900.0,833.0
2014-11-12,846,865.0,840.0,844.0,4381000.0,844.0
2014-11-13,855,858.0,841.0,856.0,2556300.0,856.0
2014-11-14,894,902.0,872.0,898.0,8531700.0,898.0
2014-11-17,900,900.0,873.0,877.0,3852100.0,877.0
2014-11-18,875,883.0,860.0,864.0,4157300.0,864.0
2014-11-19,867,897.0,867.0,891.0,3962300.0,891.0
2014-11-20,891,897.0,876.0,877.0,2102300.0,877.0
2014-11-21,880,890.0,878.0,889.0,2890000.0,889.0
2014-11-25,900,927.0,897.0,924.0,5948400.0,924.0
2014-11-26,934,951.0,933.0,945.0,4923300.0,945.0
2014-11-27,941,941.0,921.0,927.0,3636900.0,927.0
2014-11-28,937,994.0,937.0,987.0,7347900.0,987.0
2014-12-01,987,1025.0,987.0,1014.0,5641400.0,1014.0
2014-12-02,1003,1018.0,997.0,1008.0,3606200.0,1008.0
2014-12-03,1012,1018.0,980.0,983.0,3666100.0,983.0
2014-12-04,992,1011.0,991.0,995.0,2615900.0,995.0
2014-12-05,993,998.0,983.0,995.0,1924900.0,995.0
2014-12-08,998,1004.0,986.0,1000.0,2294400.0,1000.0
2014-12-09,996,1004.0,988.0,993.0,2047400.0,993.0
2014-12-10,980,982.0,967.0,975.0,2931400.0,975.0
2014-12-11,950,1013.0,950.0,1009.0,4237000.0,1009.0
2014-12-12,1013,1025.0,1004.0,1013.0,3933000.0,1013.0
2014-12-15,996,1000.0,978.0,979.0,2370600.0,979.0
2014-12-16,955,963.0,940.0,942.0,3682700.0,942.0
2014-12-17,933,945.0,926.0,929.0,3872500.0,929.0
2014-12-18,956,958.0,945.0,952.0,2803500.0,952.0
2014-12-19,977,985.0,971.0,981.0,3234100.0,981.0
2014-12-22,980,981.0,963.0,969.0,1666300.0,969.0
2014-12-24,981,989.0,969.0,971.0,1924800.0,971.0
2014-12-25,959,966.0,955.0,963.0,1420400.0,963.0
2014-12-26,963,1008.0,960.0,995.0,2492200.0,995.0
2014-12-29,997,1020.0,985.0,997.0,2174300.0,997.0
2014-12-30,992,996.0,973.0,976.0,1900600.0,976.0
2015-01-05,973,978.0,960.0,967.0,1523100.0,967.0
2015-01-06,952,969.0,942.0,943.0,1832800.0,943.0
2015-01-07,934,952.0,933.0,940.0,1469400.0,940.0
2015-01-08,948,958.0,945.0,950.0,1768300.0,950.0
2015-01-09,954,966.0,949.0,964.0,2146200.0,964.0
2015-01-13,958,963.0,941.0,955.0,1725800.0,955.0
2015-01-14,948,951.0,932.0,934.0,2065000.0,934.0
2015-01-15,941,958.0,940.0,956.0,2203700.0,956.0
2015-01-16,938,944.0,925.0,943.0,2921000.0,943.0
2015-01-19,950,956.0,925.0,931.0,1759500.0,931.0
2015-01-20,933,955.0,931.0,955.0,1581800.0,955.0
2015-01-21,950,951.0,933.0,937.0,1287400.0,937.0
2015-01-22,936,940.0,925.0,931.0,1538600.0,931.0
2015-01-23,939,939.0,925.0,935.0,1702000.0,935.0
2015-01-26,926,944.0,925.0,944.0,954900.0,944.0
2015-01-27,950,975.0,947.0,974.0,1987400.0,974.0
2015-01-28,975,989.0,967.0,986.0,2420300.0,986.0
2015-01-29,975,981.0,961.0,963.0,1482900.0,963.0
2015-01-30,975,983.0,964.0,965.0,1635200.0,965.0
2015-02-02,953,962.0,945.0,957.0,1667500.0,957.0
2015-02-03,958,959.0,923.0,930.0,2241000.0,930.0
2015-02-04,939,949.0,931.0,939.0,1798300.0,939.0
2015-02-05,932,941.0,926.0,933.0,1429000.0,933.0
2015-02-06,945,952.0,938.0,946.0,1780000.0,946.0
2015-02-09,946,952.0,932.0,938.0,1472600.0,938.0
2015-02-10,941,964.0,937.0,962.0,1895800.0,962.0
2015-02-12,984,991.0,968.0,974.0,2877600.0,974.0
2015-02-13,986,1034.0,982.0,1013.0,6189900.0,1013.0
2015-02-16,1016,1040.0,1015.0,1031.0,2466000.0,1031.0
2015-02-17,1030,1037.0,1016.0,1025.0,2530400.0,1025.0
2015-02-18,1042,1057.0,1033.0,1045.0,2978300.0,1045.0
2015-02-19,1055,1065.0,1047.0,1062.0,2053800.0,1062.0
2015-02-20,1074,1117.0,1073.0,1114.0,4372100.0,1114.0
2015-02-23,1140,1164.0,1095.0,1118.0,5018600.0,1118.0
2015-02-24,1104,1119.0,1090.0,1118.0,2547000.0,1118.0
2015-02-25,1138,1149.0,1113.0,1117.0,2991100.0,1117.0
2015-02-26,1115,1122.0,1102.0,1121.0,2693600.0,1121.0
2015-02-27,1125,1138.0,1107.0,1115.0,2173700.0,1115.0
2015-03-02,1127,1131.0,1119.0,1125.0,1912100.0,1125.0
2015-03-03,1132,1141.0,1121.0,1128.0,2420400.0,1128.0
2015-03-04,1125,1130.0,1111.0,1121.0,2121100.0,1121.0
2015-03-05,1106,1109.0,1085.0,1093.0,2161300.0,1093.0
2015-03-06,1091,1095.0,1082.0,1090.0,2649100.0,1090.0
2015-03-09,1080,1081.0,1067.0,1075.0,2206500.0,1075.0
2015-03-10,1093,1097.0,1078.0,1083.0,4666100.0,1083.0
2015-03-11,1080,1098.0,1078.0,1085.0,2912000.0,1085.0
2015-03-12,1091,1092.0,1079.0,1083.0,2582800.0,1083.0
2015-03-13,1087,1128.0,1078.0,1112.0,4899300.0,1112.0
2015-03-16,1116,1144.0,1112.0,1116.0,2058900.0,1116.0
2015-03-17,1131,1169.0,1126.0,1156.0,3129500.0,1156.0
2015-03-18,1165,1186.0,1163.0,1176.0,1931300.0,1176.0
2015-03-19,1178,1188.0,1148.0,1154.0,2459500.0,1154.0
2015-03-20,1162,1177.0,1148.0,1158.0,2468000.0,1158.0
2015-03-23,1170,1173.0,1157.0,1166.0,1655500.0,1166.0
2015-03-24,1160,1178.0,1143.0,1149.0,1629500.0,1149.0
2015-03-25,1143,1155.0,1133.0,1153.0,1358200.0,1153.0
2015-03-26,1140,1142.0,1116.0,1122.0,1492200.0,1122.0
2015-03-27,1120,1173.0,1120.0,1153.0,2936300.0,1153.0
2015-03-30,1150,1183.0,1143.0,1176.0,2654000.0,1176.0
2015-03-31,1195,1198.0,1165.0,1172.0,2580100.0,1172.0
2015-04-01,1168,1178.0,1144.0,1160.0,2092100.0,1160.0
2015-04-02,1165,1193.0,1158.0,1186.0,2558600.0,1186.0
2015-04-03,1189,1207.0,1182.0,1207.0,2079600.0,1207.0
2015-04-06,1200,1215.0,1195.0,1205.0,2102400.0,1205.0
2015-04-07,1222,1257.0,1222.0,1243.0,2972400.0,1243.0
2015-04-08,1250,1255.0,1221.0,1241.0,2839000.0,1241.0
2015-04-09,1247,1250.0,1226.0,1237.0,2517500.0,1237.0
2015-04-10,1249,1249.0,1226.0,1228.0,1607600.0,1228.0
2015-04-13,1237,1237.0,1212.0,1224.0,1406000.0,1224.0
2015-04-14,1215,1238.0,1213.0,1222.0,1421500.0,1222.0
2015-04-15,1221,1231.0,1205.0,1212.0,1919900.0,1212.0
2015-04-16,1221,1257.0,1221.0,1241.0,2770700.0,1241.0
2015-04-17,1237,1246.0,1221.0,1221.0,2149300.0,1221.0
2015-04-20,1212,1212.0,1179.0,1184.0,2657600.0,1184.0
2015-04-21,1192,1197.0,1181.0,1195.0,1637200.0,1195.0
2015-04-22,1195,1233.0,1191.0,1230.0,2108200.0,1230.0
2015-04-23,1225,1230.0,1200.0,1208.0,1503100.0,1208.0
2015-04-24,1208,1218.0,1185.0,1192.0,2187300.0,1192.0
2015-04-27,1191,1201.0,1182.0,1190.0,1287900.0,1190.0
2015-04-28,1190,1201.0,1189.0,1198.0,1353200.0,1198.0
2015-04-30,1191,1197.0,1175.0,1191.0,2003600.0,1191.0
2015-05-01,1190,1194.0,1156.0,1167.0,1538200.0,1167.0
2015-05-07,1160,1169.0,1153.0,1163.0,1328300.0,1163.0
2015-05-08,1168,1193.0,1163.0,1190.0,1203900.0,1190.0
2015-05-11,1210,1212.0,1194.0,1195.0,1293400.0,1195.0
2015-05-12,1197,1198.0,1177.0,1193.0,1216700.0,1193.0
2015-05-13,1193,1230.0,1171.0,1224.0,3064000.0,1224.0
2015-05-14,1350,1387.0,1320.0,1353.0,14776100.0,1353.0
2015-05-15,1350,1407.0,1350.0,1403.0,5685200.0,1403.0
2015-05-18,1386,1388.0,1338.0,1349.0,4573300.0,1349.0
2015-05-19,1364,1387.0,1354.0,1360.0,2656300.0,1360.0
2015-05-20,1380,1435.0,1367.0,1420.0,4559300.0,1420.0
2015-05-21,1419,1440.0,1405.0,1412.0,3577600.0,1412.0
2015-05-22,1439,1464.0,1413.0,1435.0,3018700.0,1435.0
2015-05-25,1450,1469.0,1432.0,1450.0,2450800.0,1450.0
2015-05-26,1449,1454.0,1432.0,1444.0,1808800.0,1444.0
2015-05-27,1444,1444.0,1423.0,1428.0,2015500.0,1428.0
2015-05-28,1442,1454.0,1431.0,1438.0,1935400.0,1438.0
2015-05-29,1450,1467.0,1438.0,1455.0,2553300.0,1455.0
2015-06-01,1455,1514.0,1455.0,1508.0,3913800.0,1508.0
2015-06-02,1500,1515.0,1485.0,1490.0,2633600.0,1490.0
2015-06-03,1490,1498.0,1455.0,1465.0,2610400.0,1465.0
2015-06-04,1481,1491.0,1467.0,1473.0,1781800.0,1473.0
2015-06-05,1473,1482.0,1461.0,1473.0,1473200.0,1473.0
2015-06-08,1488,1492.0,1460.0,1470.0,1468300.0,1470.0
2015-06-09,1449,1449.0,1404.0,1410.0,2483700.0,1410.0
2015-06-10,1407,1438.0,1393.0,1398.0,2780300.0,1398.0
2015-06-11,1407,1423.0,1402.0,1421.0,1745800.0,1421.0
2015-06-12,1437,1440.0,1414.0,1423.0,1993000.0,1423.0
2015-06-15,1419,1427.0,1405.0,1420.0,1231600.0,1420.0
2015-06-16,1418,1428.0,1408.0,1415.0,1341700.0,1415.0
2015-06-17,1410,1425.0,1393.0,1405.0,1650400.0,1405.0
2015-06-18,1407,1423.0,1387.0,1387.0,1376100.0,1387.0
2015-06-19,1412,1412.0,1394.0,1399.0,1422400.0,1399.0
2015-06-22,1400,1412.0,1397.0,1412.0,1219300.0,1412.0
2015-06-23,1435,1483.0,1427.0,1457.0,3148100.0,1457.0
2015-06-24,1470,1484.0,1462.0,1481.0,2151100.0,1481.0
2015-06-25,1477,1493.0,1463.0,1488.0,1692000.0,1488.0
2015-06-26,1486,1492.0,1466.0,1479.0,1429200.0,1479.0
2015-06-29,1410,1437.0,1405.0,1417.0,2550000.0,1417.0
2015-06-30,1417,1447.0,1417.0,1444.0,2118500.0,1444.0
2015-07-01,1468,1522.0,1460.0,1520.0,2952600.0,1520.0
2015-07-02,1560,1601.0,1556.0,1572.0,4562900.0,1572.0
2015-07-03,1551,1559.0,1509.0,1542.0,3000500.0,1542.0
2015-07-06,1512,1524.0,1484.0,1508.0,2511100.0,1508.0
2015-07-07,1527,1540.0,1510.0,1537.0,2550400.0,1537.0
2015-07-08,1542,1582.0,1534.0,1538.0,5371500.0,1538.0
2015-07-09,1500,1563.0,1435.0,1563.0,5046600.0,1563.0
2015-07-10,1583,1593.0,1541.0,1562.0,3186500.0,1562.0
2015-07-13,1590,1590.0,1506.0,1540.0,5766300.0,1540.0
2015-07-14,1553,1583.0,1527.0,1562.0,3694500.0,1562.0
2015-07-15,1550,1556.0,1533.0,1543.0,3503100.0,1543.0
2015-07-16,1548,1555.0,1511.0,1536.0,3445900.0,1536.0
2015-07-17,1526,1533.0,1500.0,1500.0,3165400.0,1500.0
2015-07-21,1522,1542.0,1515.0,1533.0,2411800.0,1533.0
2015-07-22,1522,1527.0,1497.0,1512.0,2341000.0,1512.0
2015-07-23,1531,1538.0,1513.0,1515.0,1971200.0,1515.0
2015-07-24,1516,1542.0,1508.0,1533.0,3062000.0,1533.0
2015-07-27,1528,1529.0,1490.0,1497.0,2236400.0,1497.0
2015-07-28,1478,1528.0,1460.0,1512.0,3075900.0,1512.0
2015-07-29,1528,1580.0,1513.0,1576.0,4349700.0,1576.0
2015-07-30,1580,1606.0,1580.0,1600.0,4090900.0,1600.0
2015-07-31,1598,1598.0,1553.0,1571.0,3103900.0,1571.0
2015-08-03,1575,1579.0,1541.0,1560.0,3265600.0,1560.0
2015-08-04,1575,1637.0,1562.0,1635.0,4447700.0,1635.0
2015-08-05,1637,1665.0,1627.0,1650.0,3925400.0,1650.0
2015-08-06,1675,1699.0,1652.0,1653.0,4024500.0,1653.0
2015-08-07,1651,1676.0,1635.0,1667.0,3047800.0,1667.0
2015-08-10,1600,1643.0,1566.0,1612.0,4341500.0,1612.0
2015-08-11,1614,1626.0,1585.0,1623.0,3383500.0,1623.0
2015-08-12,1621,1680.0,1614.0,1629.0,3865000.0,1629.0
2015-08-13,1620,1652.0,1592.0,1639.0,2941100.0,1639.0
2015-08-14,1632,1650.0,1612.0,1619.0,1665500.0,1619.0
2015-08-17,1619,1629.0,1604.0,1623.0,2175300.0,1623.0
2015-08-18,1635,1665.0,1624.0,1635.0,2254200.0,1635.0
2015-08-19,1628,1633.0,1555.0,1560.0,5061800.0,1560.0
2015-08-20,1552,1560.0,1503.0,1508.0,4169000.0,1508.0
2015-08-21,1463,1486.0,1452.0,1478.0,3919500.0,1478.0
2015-08-24,1422,1460.0,1351.0,1357.0,4788000.0,1357.0
2015-08-25,1310,1438.0,1308.0,1346.0,6368500.0,1346.0
2015-08-26,1413,1420.0,1364.0,1412.0,3634300.0,1412.0
2015-08-27,1447,1484.0,1445.0,1458.0,4257200.0,1458.0
2015-08-28,1484,1490.0,1439.0,1462.0,3408100.0,1462.0
2015-08-31,1446,1448.0,1413.0,1427.0,3206900.0,1427.0
2015-09-01,1415,1454.0,1373.0,1375.0,3723500.0,1375.0
2015-09-02,1326,1366.0,1312.0,1324.0,4915400.0,1324.0
2015-09-03,1349,1373.0,1344.0,1351.0,3449700.0,1351.0
2015-09-04,1352,1363.0,1296.0,1308.0,2188300.0,1308.0
2015-09-07,1358,1359.0,1303.0,1329.0,5313800.0,1329.0
2015-09-08,1330,1339.0,1252.0,1262.0,4392100.0,1262.0
2015-09-09,1322,1356.0,1283.0,1353.0,4207900.0,1353.0
2015-09-10,1300,1348.0,1290.0,1343.0,3277100.0,1343.0
2015-09-11,1329,1369.0,1326.0,1361.0,2708700.0,1361.0
2015-09-14,1373,1377.0,1334.0,1334.0,2198000.0,1334.0
2015-09-15,1354,1390.0,1351.0,1360.0,3115700.0,1360.0
2015-09-16,1371,1373.0,1335.0,1346.0,1823900.0,1346.0
2015-09-17,1342,1345.0,1300.0,1335.0,4329100.0,1335.0
2015-09-18,1322,1330.0,1308.0,1323.0,3051600.0,1323.0
2015-09-24,1310,1321.0,1300.0,1309.0,2363100.0,1309.0
2015-09-25,1324,1403.0,1324.0,1403.0,4881200.0,1403.0
2015-09-28,1416,1440.0,1390.0,1418.0,3120300.0,1418.0
2015-09-29,1382,1398.0,1369.0,1387.0,4294500.0,1387.0
2015-09-30,1417,1421.0,1330.0,1350.0,12884500.0,1350.0
2015-10-01,1338,1347.0,1284.0,1340.0,7228400.0,1340.0
2015-10-02,1332,1352.0,1306.0,1323.0,3816900.0,1323.0
2015-10-05,1344,1376.0,1327.0,1368.0,3917300.0,1368.0
2015-10-06,1388,1405.0,1378.0,1389.0,3316200.0,1389.0
2015-10-07,1382,1384.0,1328.0,1363.0,3592000.0,1363.0
2015-10-08,1363,1367.0,1327.0,1332.0,2816800.0,1332.0
2015-10-09,1354,1432.0,1330.0,1426.0,5098200.0,1426.0
2015-10-13,1419,1472.0,1405.0,1440.0,3910600.0,1440.0
2015-10-14,1440,1452.0,1387.0,1396.0,2876500.0,1396.0
2015-10-15,1380,1419.0,1366.0,1405.0,2725700.0,1405.0
2015-10-16,1413,1427.0,1356.0,1366.0,4333100.0,1366.0
2015-10-19,1367,1379.0,1337.0,1343.0,4236600.0,1343.0
2015-10-20,1350,1356.0,1208.0,1248.0,12895900.0,1248.0
2015-10-21,1235,1244.0,1156.0,1242.0,21534700.0,1242.0
2015-10-22,1251,1281.0,1212.0,1222.0,9160400.0,1222.0
2015-10-23,1270,1285.0,1250.0,1264.0,7907400.0,1264.0
2015-10-26,1264,1272.0,1223.0,1227.0,4898200.0,1227.0
2015-10-27,1224,1274.0,1224.0,1253.0,5719700.0,1253.0
2015-10-28,1256,1281.0,1246.0,1267.0,4913300.0,1267.0
2015-10-29,1270,1283.0,1252.0,1266.0,6658600.0,1266.0
2015-10-30,1250,1265.0,1224.0,1241.0,5642900.0,1241.0
2015-11-02,1238,1265.0,1201.0,1209.0,5278500.0,1209.0
2015-11-04,1219,1223.0,1103.0,1121.0,11039600.0,1121.0
2015-11-05,1153,1186.0,1134.0,1167.0,7538400.0,1167.0
2015-11-06,1176,1206.0,1159.0,1203.0,4014500.0,1203.0
2015-11-09,1221,1234.0,1216.0,1229.0,4481700.0,1229.0
2015-11-10,1211,1259.0,1194.0,1252.0,4853300.0,1252.0
2015-11-11,1255,1299.0,1246.0,1287.0,5330400.0,1287.0
2015-11-12,1365,1365.0,1292.0,1312.0,10929000.0,1312.0
2015-11-13,1298,1344.0,1291.0,1330.0,7116200.0,1330.0
2015-11-16,1300,1343.0,1299.0,1339.0,5073200.0,1339.0
2015-11-17,1351,1378.0,1351.0,1362.0,4017900.0,1362.0
2015-11-18,1361,1365.0,1303.0,1312.0,5259200.0,1312.0
2015-11-19,1338,1339.0,1303.0,1319.0,3819300.0,1319.0
2015-11-20,1313,1314.0,1281.0,1304.0,4310800.0,1304.0
2015-11-24,1310,1349.0,1303.0,1346.0,3718200.0,1346.0
2015-11-25,1335,1349.0,1323.0,1327.0,2600600.0,1327.0
2015-11-26,1343,1381.0,1342.0,1359.0,4701900.0,1359.0
2015-11-27,1373,1373.0,1337.0,1354.0,2411200.0,1354.0
2015-11-30,1354,1388.0,1354.0,1376.0,3947900.0,1376.0
2015-12-01,1381,1405.0,1364.0,1402.0,3940500.0,1402.0
2015-12-02,1400,1435.0,1396.0,1419.0,3443200.0,1419.0
2015-12-03,1404,1426.0,1404.0,1414.0,2825900.0,1414.0
2015-12-04,1385,1391.0,1367.0,1373.0,2813600.0,1373.0
2015-12-07,1382,1399.0,1381.0,1384.0,2119900.0,1384.0
2015-12-08,1388,1408.0,1358.0,1363.0,2520500.0,1363.0
2015-12-09,1350,1371.0,1345.0,1346.0,2944200.0,1346.0
2015-12-10,1320,1352.0,1313.0,1318.0,3015000.0,1318.0
2015-12-11,1338,1348.0,1323.0,1341.0,4760000.0,1341.0
2015-12-14,1305,1316.0,1296.0,1316.0,2835500.0,1316.0
2015-12-15,1324,1335.0,1296.0,1301.0,2510800.0,1301.0
2015-12-16,1329,1341.0,1315.0,1340.0,2200100.0,1340.0
2015-12-17,1362,1382.0,1355.0,1370.0,2287900.0,1370.0
2015-12-18,1370,1418.0,1348.0,1360.0,3441400.0,1360.0
2015-12-21,1340,1342.0,1315.0,1340.0,2070800.0,1340.0
2015-12-22,1350,1365.0,1342.0,1346.0,2107700.0,1346.0
2015-12-24,1355,1355.0,1320.0,1321.0,1477900.0,1321.0
2015-12-25,1311,1322.0,1307.0,1312.0,1022800.0,1312.0
2015-12-28,1310,1329.0,1308.0,1325.0,1365400.0,1325.0
2015-12-29,1315,1343.0,1307.0,1337.0,1356700.0,1337.0
2015-12-30,1341,1358.0,1339.0,1348.0,1824400.0,1348.0
2016-01-04,1326,1334.0,1282.0,1289.0,3713200.0,1289.0
2016-01-05,1276,1298.0,1270.0,1289.0,2242300.0,1289.0
2016-01-06,1298,1303.0,1256.0,1265.0,2524500.0,1265.0
2016-01-07,1252,1274.0,1237.0,1241.0,2450200.0,1241.0
2016-01-08,1220,1262.0,1220.0,1236.0,2849700.0,1236.0
2016-01-12,1230,1241.0,1200.0,1207.0,2853600.0,1207.0
2016-01-13,1247,1273.0,1236.0,1269.0,3548900.0,1269.0
2016-01-14,1228,1229.0,1195.0,1222.0,2824600.0,1222.0
2016-01-15,1249,1258.0,1187.0,1194.0,2901100.0,1194.0
2016-01-18,1158,1176.0,1145.0,1171.0,2390100.0,1171.0
2016-01-19,1157,1175.0,1152.0,1163.0,1980300.0,1163.0
2016-01-20,1155,1155.0,1069.0,1073.0,4950400.0,1073.0
2016-01-21,1101,1123.0,1063.0,1063.0,7367700.0,1063.0
2016-01-22,1115,1133.0,1085.0,1131.0,3410200.0,1131.0
2016-01-25,1151,1160.0,1110.0,1134.0,3515800.0,1134.0
2016-01-26,1121,1141.0,1113.0,1124.0,2498700.0,1124.0
2016-01-27,1150,1172.0,1140.0,1157.0,2153200.0,1157.0
2016-01-28,1141,1158.0,1129.0,1147.0,1508200.0,1147.0
2016-01-29,1148,1249.0,1141.0,1245.0,5256400.0,1245.0
2016-02-01,1290,1339.0,1288.0,1333.0,5950800.0,1333.0
2016-02-02,1303,1325.0,1266.0,1277.0,3487400.0,1277.0
2016-02-03,1235,1244.0,1216.0,1237.0,2475200.0,1237.0
2016-02-04,1215,1225.0,1191.0,1197.0,2613700.0,1197.0
2016-02-05,1178,1179.0,1129.0,1145.0,3189700.0,1145.0
2016-02-08,1129,1188.0,1117.0,1177.0,2468500.0,1177.0
2016-02-09,1113,1124.0,1092.0,1102.0,2703200.0,1102.0
2016-02-10,1102,1111.0,1041.0,1062.0,3222800.0,1062.0
2016-02-12,960,1001.0,940.0,946.0,8810200.0,946.0
2016-02-15,1006,1045.0,990.0,1040.0,3593200.0,1040.0
2016-02-16,1015,1072.0,1003.0,1038.0,4745800.0,1038.0
2016-02-17,1030,1046.0,976.0,990.0,5237200.0,990.0
2016-02-18,1020,1022.0,1001.0,1005.0,3650000.0,1005.0
2016-02-19,987,990.0,969.0,977.0,3158500.0,977.0
2016-02-22,947,969.0,941.0,946.0,4380900.0,946.0
2016-02-23,960,963.0,917.0,925.0,4746100.0,925.0
2016-02-24,913,927.0,891.0,919.0,4427900.0,919.0
2016-02-25,920,972.0,920.0,964.0,5464600.0,964.0
2016-02-26,975,989.0,966.0,966.0,4270200.0,966.0
2016-02-29,989,1019.0,975.0,977.0,3893500.0,977.0
2016-03-01,970,1016.0,968.0,1013.0,4022100.0,1013.0
2016-03-02,1040,1050.0,1031.0,1045.0,4648900.0,1045.0
2016-03-03,1035,1049.0,1025.0,1045.0,3331700.0,1045.0
2016-03-04,1050,1068.0,1048.0,1057.0,2473000.0,1057.0
2016-03-07,1056,1059.0,1037.0,1038.0,2191600.0,1038.0
2016-03-08,1028,1045.0,1003.0,1018.0,3009700.0,1018.0
2016-03-09,1002,1016.0,991.0,1008.0,2265200.0,1008.0
2016-03-10,1016,1033.0,995.0,1023.0,2720100.0,1023.0
2016-03-11,1011,1053.0,1008.0,1048.0,4142900.0,1048.0
2016-03-14,1070,1116.0,1069.0,1097.0,3828300.0,1097.0
2016-03-15,1102,1122.0,1065.0,1085.0,4246500.0,1085.0
2016-03-16,1071,1093.0,1070.0,1083.0,2179100.0,1083.0
2016-03-17,1095,1119.0,1073.0,1088.0,3231900.0,1088.0
2016-03-18,1088,1098.0,1066.0,1084.0,3106500.0,1084.0
2016-03-22,1104,1116.0,1075.0,1094.0,2352300.0,1094.0
2016-03-23,1097,1099.0,1081.0,1087.0,1937300.0,1087.0
2016-03-24,1088,1094.0,1077.0,1082.0,1858300.0,1082.0
2016-03-25,1081,1082.0,1026.0,1035.0,3847100.0,1035.0
2016-03-28,1058,1084.0,1055.0,1082.0,3483100.0,1082.0
2016-03-29,1080,1109.0,1073.0,1097.0,3096000.0,1097.0
2016-03-30,1096,1100.0,1072.0,1075.0,2047500.0,1075.0
2016-03-31,1084,1088.0,1045.0,1048.0,2277400.0,1048.0
2016-04-01,1045,1045.0,1001.0,1006.0,3193200.0,1006.0
2016-04-04,997,1018.0,987.0,998.0,2109800.0,998.0
2016-04-05,990,998.0,964.0,972.0,2936100.0,972.0
2016-04-06,958,972.0,943.0,971.0,2718000.0,971.0
2016-04-07,971,993.0,961.0,989.0,2472300.0,989.0
2016-04-08,974,1013.0,964.0,997.0,2533100.0,997.0
2016-04-11,1000,1001.0,971.0,992.0,1739500.0,992.0
2016-04-12,994,1012.0,991.0,1010.0,2015100.0,1010.0
2016-04-13,1026,1049.0,1022.0,1045.0,2671900.0,1045.0
2016-04-14,1068,1076.0,1060.0,1070.0,2208000.0,1070.0
2016-04-15,1059,1071.0,1051.0,1056.0,1947700.0,1056.0
2016-04-18,1011,1040.0,1011.0,1029.0,1748100.0,1029.0
2016-04-19,1053,1058.0,1037.0,1051.0,1694100.0,1051.0
2016-04-20,1056,1066.0,1034.0,1040.0,1781700.0,1040.0
2016-04-21,1060,1089.0,1054.0,1081.0,2805200.0,1081.0
2016-04-22,1071,1114.0,1068.0,1111.0,2666300.0,1111.0
2016-04-25,1125,1130.0,1090.0,1093.0,1769700.0,1093.0
2016-04-26,1090,1099.0,1057.0,1063.0,2100300.0,1063.0
2016-04-27,1069,1078.0,1063.0,1074.0,1359200.0,1074.0
2016-04-28,1083,1086.0,1017.0,1020.0,2682800.0,1020.0
2016-05-02,971,989.0,971.0,978.0,2059200.0,978.0
2016-05-06,980,991.0,962.0,967.0,1970700.0,967.0
2016-05-09,970,990.0,967.0,985.0,2174400.0,985.0
2016-05-10,992,1018.0,986.0,1015.0,1893700.0,1015.0
2016-05-11,1028,1034.0,1009.0,1024.0,1791500.0,1024.0
2016-05-12,1022,1032.0,1009.0,1030.0,1321700.0,1030.0
2016-05-13,1038,1107.0,1007.0,1061.0,5211900.0,1061.0
2016-05-16,1075,1088.0,1043.0,1049.0,4088600.0,1049.0
2016-05-17,1057,1083.0,1050.0,1083.0,3435500.0,1083.0
2016-05-18,1090,1158.0,1085.0,1137.0,6398100.0,1137.0
2016-05-19,1145,1169.0,1126.0,1138.0,3871100.0,1138.0
2016-05-20,1151,1191.0,1148.0,1188.0,4151200.0,1188.0
2016-05-23,1186,1187.0,1162.0,1182.0,1978000.0,1182.0
2016-05-24,1174,1179.0,1163.0,1166.0,2137300.0,1166.0
2016-05-25,1180,1184.0,1171.0,1175.0,1654800.0,1175.0
2016-05-26,1211,1245.0,1202.0,1236.0,5251700.0,1236.0
2016-05-27,1251,1266.0,1232.0,1235.0,3596900.0,1235.0
2016-05-30,1241,1248.0,1216.0,1232.0,2527600.0,1232.0
2016-05-31,1223,1229.0,1211.0,1220.0,3054000.0,1220.0
2016-06-01,1201,1214.0,1191.0,1201.0,2990300.0,1201.0
2016-06-02,1186,1192.0,1158.0,1164.0,2428600.0,1164.0
2016-06-03,1164,1172.0,1156.0,1164.0,1878400.0,1164.0
2016-06-06,1132,1157.0,1125.0,1153.0,1679200.0,1153.0
2016-06-07,1155,1164.0,1138.0,1153.0,1843900.0,1153.0
2016-06-08,1160,1190.0,1156.0,1189.0,2375300.0,1189.0
2016-06-09,1185,1187.0,1159.0,1165.0,1902700.0,1165.0
2016-06-10,1165,1170.0,1153.0,1167.0,2203100.0,1167.0
2016-06-13,1154,1157.0,1119.0,1119.0,2366500.0,1119.0
2016-06-14,1106,1125.0,1086.0,1109.0,2235900.0,1109.0
2016-06-15,1102,1112.0,1090.0,1097.0,1749900.0,1097.0
2016-06-16,1097,1114.0,1059.0,1064.0,2227600.0,1064.0
2016-06-17,1077,1084.0,1038.0,1044.0,2809300.0,1044.0
2016-06-20,1070,1091.0,1067.0,1079.0,1778500.0,1079.0
2016-06-21,1062,1097.0,1057.0,1093.0,1694500.0,1093.0
2016-06-22,1090,1092.0,1061.0,1063.0,1716800.0,1063.0
2016-06-23,1050,1059.0,1041.0,1052.0,2068000.0,1052.0
2016-06-24,1072,1073.0,955.0,979.0,3797400.0,979.0
2016-06-27,970,995.0,969.0,988.0,3460900.0,988.0
2016-06-28,951,975.0,931.0,970.0,3952300.0,970.0
2016-06-29,992,998.0,977.0,991.0,2159400.0,991.0
2016-06-30,1006,1037.0,1006.0,1021.0,3432300.0,1021.0
2016-07-01,1030,1033.0,1006.0,1012.0,1629300.0,1012.0
2016-07-04,999,1012.0,991.0,1008.0,2183900.0,1008.0
2016-07-05,1005,1008.0,988.0,999.0,1958100.0,999.0
2016-07-06,973,980.0,953.0,972.0,2383300.0,972.0
2016-07-07,987,998.0,958.0,963.0,3086700.0,963.0
2016-07-08,963,971.0,927.0,928.0,3370500.0,928.0
2016-07-11,965,989.0,959.0,983.0,3573800.0,983.0
2016-07-12,1025,1054.0,1022.0,1048.0,5181600.0,1048.0
2016-07-13,1086,1088.0,1057.0,1061.0,3840400.0,1061.0
2016-07-14,1041,1064.0,1038.0,1060.0,1791800.0,1060.0
2016-07-15,1064,1083.0,1057.0,1068.0,2009500.0,1068.0
2016-07-19,1080,1080.0,1060.0,1066.0,1776000.0,1066.0
2016-07-20,1066,1082.0,1061.0,1078.0,1842600.0,1078.0
2016-07-21,1107,1155.0,1107.0,1121.0,4015500.0,1121.0
2016-07-22,1096,1100.0,1081.0,1085.0,2140500.0,1085.0
2016-07-25,1082,1099.0,1082.0,1086.0,1697900.0,1086.0
2016-07-26,1080,1080.0,1051.0,1064.0,2120900.0,1064.0
2016-07-27,1075,1113.0,1075.0,1111.0,3530300.0,1111.0
2016-07-28,1100,1108.0,1081.0,1093.0,1400200.0,1093.0
2016-07-29,1091,1122.0,1073.0,1099.0,3615400.0,1099.0
2016-08-01,1080,1084.0,1057.0,1079.0,1856100.0,1079.0
2016-08-02,1062,1072.0,1057.0,1057.0,1505300.0,1057.0
2016-08-03,1029,1049.0,1017.0,1019.0,2607300.0,1019.0
2016-08-04,1023,1038.0,1009.0,1034.0,1675600.0,1034.0
2016-08-05,1029,1037.0,1011.0,1021.0,1782200.0,1021.0
2016-08-08,1041,1098.0,1039.0,1094.0,2904200.0,1094.0
2016-08-09,1090,1093.0,1061.0,1079.0,1845100.0,1079.0
2016-08-10,1096,1107.0,1080.0,1100.0,3071700.0,1100.0
2016-08-12,1125,1125.0,1028.0,1043.0,6609500.0,1043.0
2016-08-15,1042,1045.0,1032.0,1039.0,1763900.0,1039.0
2016-08-16,1037,1041.0,1019.0,1019.0,2280000.0,1019.0
2016-08-17,1019,1021.0,979.0,983.0,5188900.0,983.0
2016-08-18,970,973.0,957.0,964.0,3434800.0,964.0
2016-08-19,968,971.0,948.0,959.0,2072100.0,959.0
2016-08-22,961,972.0,953.0,971.0,1670100.0,971.0
2016-08-23,965,997.0,964.0,984.0,2456700.0,984.0
2016-08-24,994,1003.0,990.0,996.0,1769300.0,996.0
2016-08-25,988,995.0,978.0,983.0,1354300.0,983.0
2016-08-26,980,982.0,971.0,973.0,1385000.0,973.0
2016-08-29,988,993.0,981.0,987.0,2258400.0,987.0
2016-08-30,983,983.0,966.0,969.0,1888300.0,969.0
2016-08-31,970,983.0,957.0,979.0,3412300.0,979.0
2016-09-01,979,981.0,964.0,979.0,2504200.0,979.0
2016-09-02,970,989.0,967.0,980.0,2049300.0,980.0
2016-09-05,995,999.0,981.0,985.0,1907400.0,985.0
2016-09-06,978,1001.0,976.0,998.0,2024400.0,998.0
2016-09-07,988,1017.0,988.0,1007.0,2335000.0,1007.0
2016-09-08,1011,1011.0,996.0,1004.0,1422100.0,1004.0
2016-09-09,1005,1014.0,996.0,996.0,1620300.0,996.0
2016-09-12,981,985.0,973.0,983.0,2458300.0,983.0
2016-09-13,986,988.0,975.0,977.0,1424700.0,977.0
2016-09-14,971,985.0,968.0,973.0,1455400.0,973.0
2016-09-15,965,970.0,958.0,962.0,1499600.0,962.0
2016-09-16,967,970.0,953.0,963.0,1716700.0,963.0
2016-09-20,953,957.0,934.0,937.0,3169700.0,937.0
2016-09-21,937,959.0,918.0,957.0,4345500.0,957.0
2016-09-23,946,958.0,934.0,956.0,1949000.0,956.0
2016-09-26,948,952.0,941.0,944.0,1722800.0,944.0
2016-09-27,930,958.0,923.0,958.0,2159100.0,958.0
2016-09-28,958,970.0,950.0,967.0,2336600.0,967.0
2016-09-29,976,988.0,970.0,987.0,2742100.0,987.0
2016-09-30,974,974.0,953.0,965.0,2508400.0,965.0
2016-10-03,968,972.0,952.0,956.0,1732500.0,956.0
2016-10-04,952,958.0,944.0,947.0,2033900.0,947.0
2016-10-05,956,956.0,942.0,945.0,1683000.0,945.0
2016-10-06,955,962.0,949.0,950.0,1965100.0,950.0
2016-10-07,950,951.0,937.0,938.0,2321500.0,938.0
2016-10-11,947,956.0,943.0,950.0,1422700.0,950.0
2016-10-12,949,949.0,935.0,942.0,1833800.0,942.0
2016-10-13,946,954.0,938.0,945.0,1758300.0,945.0
2016-10-14,946,953.0,939.0,948.0,1887700.0,948.0
2016-10-17,944,945.0,933.0,935.0,2465600.0,935.0
2016-10-18,940,952.0,932.0,940.0,3018600.0,940.0
2016-10-19,941,982.0,939.0,980.0,4175200.0,980.0
2016-10-20,979,1019.0,976.0,1015.0,4432300.0,1015.0
2016-10-21,1003,1026.0,1001.0,1019.0,2729000.0,1019.0
2016-10-24,1016,1017.0,995.0,1009.0,1850300.0,1009.0
2016-10-25,1008,1023.0,993.0,1017.0,3207000.0,1017.0
2016-10-26,1017,1030.0,1009.0,1021.0,1757100.0,1021.0
2016-10-27,1025,1040.0,1022.0,1027.0,1847300.0,1027.0
2016-10-28,1040,1041.0,1021.0,1028.0,2216500.0,1028.0
2016-10-31,1025,1029.0,1017.0,1023.0,1369600.0,1023.0
2016-11-01,1021,1036.0,1017.0,1034.0,1242000.0,1034.0
2016-11-02,1018,1026.0,1006.0,1010.0,2662900.0,1010.0
2016-11-04,998,1007.0,986.0,999.0,2341200.0,999.0
2016-11-07,1014,1023.0,1011.0,1020.0,1745300.0,1020.0
2016-11-08,1012,1025.0,1011.0,1020.0,1204400.0,1020.0
2016-11-09,1020,1028.0,934.0,950.0,4635200.0,950.0
2016-11-10,1001,1024.0,990.0,1023.0,3014300.0,1023.0
2016-11-11,1045,1089.0,1040.0,1051.0,5713100.0,1051.0
2016-11-14,1065,1077.0,1061.0,1070.0,2553200.0,1070.0
2016-11-15,1071,1076.0,1038.0,1050.0,4035200.0,1050.0
2016-11-16,1060,1069.0,1052.0,1061.0,2621200.0,1061.0
2016-11-17,1080,1107.0,1079.0,1087.0,3338100.0,1087.0
2016-11-18,1105,1114.0,1094.0,1094.0,2586000.0,1094.0
2016-11-21,1093,1119.0,1088.0,1117.0,2943800.0,1117.0
2016-11-22,1125,1137.0,1119.0,1131.0,2880200.0,1131.0
2016-11-24,1150,1153.0,1137.0,1146.0,3104300.0,1146.0
2016-11-25,1155,1162.0,1141.0,1157.0,3287700.0,1157.0
2016-11-28,1161,1183.0,1150.0,1175.0,3746600.0,1175.0
2016-11-29,1170,1175.0,1160.0,1170.0,2962300.0,1170.0
2016-11-30,1175,1193.0,1169.0,1184.0,2810000.0,1184.0
2016-12-01,1199,1212.0,1184.0,1189.0,2958600.0,1189.0
2016-12-02,1182,1199.0,1182.0,1196.0,2348000.0,1196.0
2016-12-05,1193,1197.0,1163.0,1173.0,2367700.0,1173.0
2016-12-06,1190,1199.0,1182.0,1188.0,1917900.0,1188.0
2016-12-07,1200,1229.0,1199.0,1228.0,3308800.0,1228.0
2016-12-08,1254,1270.0,1220.0,1236.0,3206400.0,1236.0
2016-12-09,1234,1234.0,1212.0,1230.0,2798900.0,1230.0
2016-12-12,1243,1243.0,1220.0,1237.0,2075600.0,1237.0
2016-12-13,1239,1241.0,1224.0,1236.0,2251600.0,1236.0
2016-12-14,1239,1239.0,1218.0,1221.0,1572100.0,1221.0
2016-12-15,1203,1208.0,1173.0,1179.0,4604600.0,1179.0
2016-12-16,1182,1207.0,1173.0,1204.0,2563100.0,1204.0
2016-12-19,1200,1200.0,1185.0,1193.0,1329600.0,1193.0
2016-12-20,1188,1198.0,1182.0,1198.0,1940800.0,1198.0
2016-12-21,1192,1196.0,1172.0,1179.0,1972200.0,1179.0
2016-12-22,1183,1202.0,1176.0,1199.0,2406100.0,1199.0
2016-12-26,1195,1206.0,1185.0,1202.0,1295400.0,1202.0
2016-12-27,1196,1200.0,1182.0,1198.0,1784600.0,1198.0
2016-12-28,1201,1219.0,1198.0,1212.0,1572800.0,1212.0
2016-12-29,1212,1212.0,1180.0,1189.0,2304400.0,1189.0
2016-12-30,1178,1194.0,1174.0,1189.0,1238300.0,1189.0
2017-01-04,1190,1225.0,1188.0,1218.0,2785800.0,1218.0
