Date,Open,High,Low,Close,Volume,Adj Close
2008-10-20,255,257,245,255,5452000,255
2008-10-21,263,270,260,269,5037000,269
2008-10-22,249,257,239,239,12544000,239
2008-10-23,229,240,220,240,10811000,240
2008-10-24,241,256,235,241,16230000,241
2008-10-27,242,259,235,240,16853000,240
2008-10-28,235,246,225,244,10184000,244
2008-10-29,264,266,248,262,10794000,262
2008-10-30,262,291,260,291,11163000,291
2008-10-31,286,293,276,277,7122000,277
2008-11-04,283,302,283,300,6723000,300
2008-11-05,310,311,296,303,5425000,303
2008-11-06,283,288,269,269,8169000,269
2008-11-07,262,278,254,270,8047000,270
2008-11-10,280,293,277,291,7924000,291
2008-11-11,287,294,281,282,4297000,282
2008-11-12,278,281,273,275,3883000,275
2008-11-13,270,302,262,297,15415000,297
2008-11-14,298,303,277,284,10675000,284
2008-11-17,282,294,276,284,5510000,284
2008-11-18,283,287,275,281,7464000,281
2008-11-19,277,284,268,273,5808000,273
2008-11-20,268,270,258,260,5422000,260
2008-11-21,250,269,247,267,6682000,267
2008-11-25,285,285,266,279,7418000,279
2008-11-26,270,285,270,281,4535000,281
2008-11-27,280,287,277,284,3438000,284
2008-11-28,284,285,275,277,4421000,277
2008-12-01,275,275,266,266,3057000,266
2008-12-02,250,257,248,248,7297000,248
2008-12-03,253,256,249,254,6317000,254
2008-12-04,259,266,257,262,7654000,262
2008-12-05,263,267,261,264,4511000,264
2008-12-08,272,281,270,278,5345000,278
2008-12-09,280,293,279,292,6723000,292
2008-12-10,283,296,283,295,4854000,295
2008-12-11,289,295,285,295,5255000,295
2008-12-12,290,295,277,286,8084000,286
2008-12-15,295,304,291,302,5758000,302
2008-12-16,300,302,290,291,4272000,291
2008-12-17,296,302,288,295,3896000,295
2008-12-18,290,307,290,304,7052000,304
2008-12-19,302,310,300,300,4209000,300
2008-12-22,300,308,297,302,2871000,302
2008-12-24,303,303,295,298,2138000,298
2008-12-25,300,300,295,298,1349000,298
2008-12-26,298,300,294,298,1619000,298
2008-12-29,299,303,296,303,2447000,303
2008-12-30,304,310,302,310,1527000,310
2009-01-05,320,323,308,309,1637000,309
2009-01-06,312,313,301,304,3744000,304
2009-01-07,308,312,301,306,5634000,306
2009-01-08,301,303,286,288,5093000,288
2009-01-09,286,287,276,279,5229000,279
2009-01-13,274,275,259,261,6035000,261
2009-01-14,264,268,259,266,5633000,266
2009-01-15,254,264,254,258,4656000,258
2009-01-16,262,268,259,266,3249000,266
2009-01-19,270,270,258,259,3590000,259
2009-01-20,255,257,249,252,5928000,252
2009-01-21,242,245,240,242,5798000,242
2009-01-22,245,250,242,250,3443000,250
2009-01-23,248,248,238,239,4746000,239
2009-01-26,236,238,231,234,3705000,234
2009-01-27,238,248,236,244,4179000,244
2009-01-28,240,244,235,238,6004000,238
2009-01-29,245,246,240,244,3329000,244
2009-01-30,239,242,236,242,3047000,242
2009-02-02,237,237,230,233,2826000,233
2009-02-03,232,242,230,230,3126000,230
2009-02-04,234,243,231,242,4874000,242
2009-02-05,241,243,233,233,4641000,233
2009-02-06,236,242,235,241,4542000,241
2009-02-09,241,242,222,222,5961000,222
2009-02-10,223,231,222,224,5218000,224
2009-02-12,210,212,204,208,8653000,208
2009-02-13,208,219,208,217,5116000,217
2009-02-16,217,218,210,213,4233000,213
2009-02-17,211,217,209,210,5364000,210
2009-02-18,215,230,214,227,10735000,227
2009-02-19,224,228,220,223,6151000,223
2009-02-20,222,224,211,212,5042000,212
2009-02-23,208,209,203,207,4061000,207
2009-02-24,204,204,200,202,4592000,202
2009-02-25,212,213,202,206,3396000,206
2009-02-26,207,210,203,204,2611000,204
2009-02-27,204,208,202,206,3100000,206
2009-03-02,203,205,201,201,2905000,201
2009-03-03,198,203,197,200,3118000,200
2009-03-04,198,207,197,206,4851000,206
2009-03-05,210,216,208,212,4297000,212
2009-03-06,206,211,204,205,4283000,205
2009-03-09,212,214,205,206,6007000,206
2009-03-10,207,216,206,214,4672000,214
2009-03-11,222,222,207,210,6824000,210
2009-03-12,209,210,200,201,5024000,201
2009-03-13,205,211,204,210,7116000,210
2009-03-16,212,219,210,217,4521000,217
2009-03-17,214,224,213,223,5764000,223
2009-03-18,233,235,223,228,6156000,228
2009-03-19,230,232,224,227,4480000,227
2009-03-23,225,236,219,236,5963000,236
2009-03-24,244,246,239,246,5079000,246
2009-03-25,249,255,246,253,6563000,253
2009-03-26,251,257,247,254,4797000,254
2009-03-27,255,259,250,252,3888000,252
2009-03-30,245,249,236,236,4679000,236
2009-03-31,235,245,235,242,7226000,242
2009-04-01,243,251,243,251,5580000,251
2009-04-02,257,265,252,263,5572000,263
2009-04-03,266,268,256,257,4694000,257
2009-04-06,262,264,256,258,4074000,258
2009-04-07,259,264,258,262,3085000,262
2009-04-08,260,261,247,250,4251000,250
2009-04-09,254,262,253,262,5261000,262
2009-04-10,267,267,257,263,3686000,263
2009-04-13,263,272,261,268,3585000,268
2009-04-14,270,270,260,263,3860000,263
2009-04-15,260,264,258,259,2772000,259
2009-04-16,265,269,261,263,3122000,263
2009-04-17,266,269,263,268,2429000,268
2009-04-20,265,267,260,261,2798000,261
2009-04-21,256,259,250,258,3468000,258
2009-04-22,260,261,253,255,3695000,255
2009-04-23,257,272,254,271,6576000,271
2009-04-24,271,279,265,276,9128000,276
2009-04-27,274,281,274,276,4097000,276
2009-04-28,273,278,272,272,3620000,272
2009-04-30,280,289,280,284,7023000,284
2009-05-01,287,287,283,286,2877000,286
2009-05-07,293,294,290,294,4292000,294
2009-05-08,289,292,286,292,4954000,292
2009-05-11,288,291,283,285,4658000,285
2009-05-12,284,288,283,284,3678000,284
2009-05-13,287,296,287,294,4114000,294
2009-05-14,288,292,283,283,2440000,283
2009-05-15,287,321,286,321,15134000,321
2009-05-18,312,317,301,302,6324000,302
2009-05-19,308,309,303,305,4808000,305
2009-05-20,305,311,298,303,4801000,303
2009-05-21,298,300,294,300,7142000,300
2009-05-22,291,301,291,300,4266000,300
2009-05-25,304,308,300,302,4286000,302
2009-05-26,305,308,301,306,3439000,306
2009-05-27,309,313,308,311,4196000,311
2009-05-28,306,312,306,306,2904000,306
2009-05-29,301,301,294,295,9628000,295
2009-06-01,297,307,295,306,4308000,306
2009-06-02,309,310,305,305,4395000,305
2009-06-03,306,308,303,303,2309000,303
2009-06-04,300,309,297,305,4845000,305
2009-06-05,307,308,297,300,5591000,300
2009-06-08,300,303,296,296,4147000,296
2009-06-09,294,295,287,290,4362000,290
2009-06-10,291,296,287,293,5020000,293
2009-06-11,298,300,296,297,4253000,297
2009-06-12,298,305,295,304,9667000,304
2009-06-15,302,314,302,312,6495000,312
2009-06-16,306,307,297,299,4611000,299
2009-06-17,299,304,298,299,4125000,299
2009-06-18,299,299,287,289,5312000,289
2009-06-19,290,292,281,287,6108000,287
2009-06-22,288,294,286,290,3165000,290
2009-06-23,283,284,280,284,6298000,284
2009-06-24,283,284,274,277,5556000,277
2009-06-25,278,290,278,286,7246000,286
2009-06-26,289,291,285,289,4293000,289
2009-06-29,299,302,291,293,8525000,293
2009-06-30,293,302,292,301,6995000,301
2009-07-01,301,304,297,298,4199000,298
2009-07-02,299,299,289,289,3989000,289
2009-07-03,286,292,286,289,5847000,289
2009-07-06,286,287,277,281,3982000,281
2009-07-07,280,281,278,279,3336000,279
2009-07-08,275,275,268,271,2757000,271
2009-07-09,266,269,264,264,3755000,264
2009-07-10,267,273,264,269,6925000,269
2009-07-13,264,268,252,253,4745000,253
2009-07-14,261,262,256,260,4689000,260
2009-07-15,260,260,254,254,3678000,254
2009-07-16,261,262,251,252,3704000,252
2009-07-17,256,261,255,259,3493000,259
2009-07-21,263,265,258,262,3529000,262
2009-07-22,265,270,264,268,5337000,268
2009-07-23,265,268,262,264,3566000,264
2009-07-24,268,269,262,266,3415000,266
2009-07-27,268,271,265,267,6161000,267
2009-07-28,266,267,262,264,3234000,264
2009-07-29,261,263,258,261,4556000,261
2009-07-30,260,260,255,257,2654000,257
2009-07-31,260,269,260,267,5675000,267
2009-08-03,267,271,264,270,4712000,270
2009-08-04,272,275,271,275,4197000,275
2009-08-05,279,279,272,273,6378000,273
2009-08-06,280,288,279,283,10223000,283
2009-08-07,280,281,275,280,3477000,280
2009-08-10,283,285,280,282,4707000,282
2009-08-11,283,289,283,289,5532000,289
2009-08-12,285,287,282,283,2108000,283
2009-08-13,287,288,285,287,1741000,287
2009-08-14,288,288,284,285,2965000,285
2009-08-17,283,283,275,276,2552000,276
2009-08-18,270,273,269,273,4002000,273
2009-08-19,271,273,269,269,2195000,269
2009-08-20,269,272,264,271,3312000,271
2009-08-21,270,271,263,267,3910000,267
2009-08-24,268,271,267,270,4663000,270
2009-08-25,269,269,264,266,3530000,266
2009-08-26,267,271,266,269,3486000,269
2009-08-27,267,269,262,266,4865000,266
2009-08-28,267,267,263,265,2531000,265
2009-08-31,265,267,260,261,6611000,261
2009-09-01,261,264,259,262,2802000,262
2009-09-02,258,258,253,255,4621000,255
2009-09-03,252,253,247,248,5309000,248
2009-09-04,248,248,241,245,5438000,245
2009-09-07,245,249,244,248,3471000,248
2009-09-08,248,250,246,249,3872000,249
2009-09-09,250,252,248,250,4298000,250
2009-09-10,250,254,249,254,3432000,254
2009-09-11,254,256,249,252,7803000,252
2009-09-14,252,252,246,248,2787000,248
2009-09-15,249,251,248,248,2517000,248
2009-09-16,251,260,251,253,7025000,253
2009-09-17,256,257,250,253,3181000,253
2009-09-18,249,250,242,244,6912000,244
2009-09-24,244,246,242,244,4732000,244
2009-09-25,240,240,234,236,4552000,236
2009-09-28,232,233,228,232,4248000,232
2009-09-29,235,237,232,234,3040000,234
2009-09-30,231,234,227,230,4675000,230
2009-10-01,228,229,226,228,3754000,228
2009-10-02,225,231,224,225,7334000,225
2009-10-05,220,221,214,219,6026000,219
2009-10-06,218,219,213,219,5373000,219
2009-10-07,220,228,217,225,7341000,225
2009-10-08,226,226,221,225,8857000,225
2009-10-09,227,229,222,224,6243000,224
2009-10-13,225,227,220,221,3562000,221
2009-10-14,223,225,222,225,4920000,225
2009-10-15,225,228,223,224,2770000,224
2009-10-16,224,224,221,222,2180000,222
2009-10-19,220,222,217,219,3155000,219
2009-10-20,221,224,220,222,6125000,222
2009-10-21,221,226,221,224,3199000,224
2009-10-22,235,237,226,229,11849000,229
2009-10-23,231,233,227,227,4981000,227
2009-10-26,225,228,223,228,5194000,228
2009-10-27,228,228,222,224,2848000,224
2009-10-28,221,222,215,217,6583000,217
2009-10-29,213,216,211,216,5762000,216
2009-10-30,220,220,214,215,2978000,215
2009-11-02,210,213,210,213,3411000,213
2009-11-04,212,212,209,211,3264000,211
2009-11-05,210,211,208,209,3019000,209
2009-11-06,212,212,208,210,2437000,210
2009-11-09,210,212,208,211,2072000,211
2009-11-10,213,216,212,214,3427000,214
2009-11-11,213,217,213,214,2358000,214
2009-11-12,214,216,210,213,3992000,213
2009-11-13,208,210,205,207,6086000,207
2009-11-16,204,205,201,203,4055000,203
2009-11-17,203,204,198,200,3144000,200
2009-11-18,200,201,194,195,5407000,195
2009-11-19,194,194,188,190,6583000,190
2009-11-20,187,193,186,192,5364000,192
2009-11-24,190,190,184,187,6069000,187
2009-11-25,187,190,186,188,5162000,188
2009-11-26,187,192,187,189,3415000,189
2009-11-27,174,176,162,162,38799000,162
2009-11-30,167,169,164,167,17500000,167
2009-12-01,168,172,165,171,11743000,171
2009-12-02,173,176,171,171,6839000,171
2009-12-03,173,186,172,183,15972000,183
2009-12-04,181,188,180,185,13893000,185
2009-12-07,198,199,190,191,12134000,191
2009-12-08,189,193,186,186,4515000,186
2009-12-09,183,184,176,176,8869000,176
2009-12-10,176,179,171,173,8397000,173
2009-12-11,174,182,173,182,11514000,182
2009-12-14,177,193,172,184,16044000,184
2009-12-15,179,182,177,179,8263000,179
2009-12-16,183,187,179,181,8886000,181
2009-12-17,182,184,181,183,5134000,183
2009-12-18,182,184,180,184,3466000,184
2009-12-21,185,185,182,182,4227000,182
2009-12-22,183,184,180,182,3982000,182
2009-12-24,185,189,184,189,4833000,189
2009-12-25,189,190,182,183,5370000,183
2009-12-28,184,190,184,189,4320000,189
2009-12-29,190,192,185,188,4089000,188
2009-12-30,190,190,186,187,3700000,187
2010-01-04,187,189,185,185,2813000,185
2010-01-05,187,190,185,188,4098000,188
2010-01-06,189,196,186,195,9284000,195
2010-01-07,198,202,188,191,18401000,191
2010-01-08,196,205,195,204,18671000,204
2010-01-12,200,210,200,210,11292000,210
2010-01-13,206,213,203,207,12995000,207
2010-01-14,200,208,199,206,13568000,206
2010-01-15,207,208,203,206,7032000,206
2010-01-18,205,207,203,204,4609000,204
2010-01-19,205,206,202,204,4628000,204
2010-01-20,205,207,201,202,4236000,202
2010-01-21,200,201,196,199,12063000,199
2010-01-22,195,197,194,194,5300000,194
2010-01-25,192,192,189,189,7393000,189
2010-01-26,190,194,186,187,6993000,187
2010-01-27,188,190,186,186,3994000,186
2010-01-28,187,193,186,192,6116000,192
2010-01-29,190,191,185,189,7372000,189
2010-02-01,188,189,185,185,5244000,185
2010-02-02,186,187,182,184,4956000,184
2010-02-03,186,192,186,190,7478000,190
2010-02-04,195,198,190,193,9497000,193
2010-02-05,190,191,186,191,5319000,191
2010-02-08,190,194,188,190,5970000,190
2010-02-09,190,195,188,192,7504000,192
2010-02-10,195,203,190,201,12557000,201
2010-02-12,202,204,197,200,8522000,200
2010-02-15,200,202,196,200,6348000,200
2010-02-16,200,201,198,200,2138000,200
2010-02-17,202,214,202,214,13183000,214
2010-02-18,213,216,207,216,12925000,216
2010-02-19,213,216,203,203,11482000,203
2010-02-22,209,210,205,206,7065000,206
2010-02-23,207,216,205,215,9469000,215
2010-02-24,212,218,211,214,7974000,214
2010-02-25,215,215,210,211,3903000,211
2010-02-26,207,210,204,208,9339000,208
2010-03-01,208,210,207,207,2912000,207
2010-03-02,208,208,205,207,2316000,207
2010-03-03,204,207,204,206,4442000,206
2010-03-04,207,210,204,204,6462000,204
2010-03-05,206,208,203,205,9502000,205
2010-03-08,210,211,207,210,7197000,210
2010-03-09,211,212,208,208,3609000,208
2010-03-10,207,210,207,209,4641000,209
2010-03-11,210,214,209,213,6439000,213
2010-03-12,215,225,213,221,12703000,221
2010-03-15,220,223,220,221,4790000,221
2010-03-16,220,223,219,221,4355000,221
2010-03-17,223,226,221,224,8358000,224
2010-03-18,226,231,221,222,10238000,222
2010-03-19,225,227,220,220,6185000,220
2010-03-23,220,221,217,218,4173000,218
2010-03-24,219,221,217,219,3569000,219
2010-03-25,215,216,208,209,15531000,209
2010-03-26,216,220,214,219,10701000,219
2010-03-29,216,220,216,219,4979000,219
2010-03-30,222,224,219,224,6951000,224
2010-03-31,225,230,224,229,11187000,229
2010-04-01,230,234,227,232,7072000,232
2010-04-02,233,233,229,230,3386000,230
2010-04-05,233,239,231,239,5101000,239
2010-04-06,239,239,234,235,2788000,235
2010-04-07,236,241,235,240,4422000,240
2010-04-08,238,239,233,234,3440000,234
2010-04-09,234,237,230,232,8023000,232
2010-04-12,234,238,234,237,3878000,237
2010-04-13,239,239,227,230,13235000,230
2010-04-14,235,244,234,242,17893000,242
2010-04-15,243,244,238,239,6324000,239
2010-04-16,240,241,232,235,6562000,235
2010-04-19,231,232,228,228,3335000,228
2010-04-20,230,232,226,227,4573000,227
2010-04-21,233,238,232,237,7189000,237
2010-04-22,238,244,235,243,8115000,243
2010-04-23,242,242,236,238,4370000,238
2010-04-26,240,243,240,241,2417000,241
2010-04-27,240,240,237,239,1863000,239
2010-04-28,235,236,232,234,4697000,234
2010-04-30,237,239,236,239,3186000,239
2010-05-06,233,233,228,229,4291000,229
2010-05-07,219,222,218,221,6224000,221
2010-05-10,219,226,219,224,4645000,224
2010-05-11,228,229,220,221,3659000,221
2010-05-12,224,227,224,226,4145000,226
2010-05-13,228,231,224,227,5470000,227
2010-05-14,226,232,224,228,5092000,228
2010-05-17,225,225,216,219,7126000,219
2010-05-18,220,222,211,213,6149000,213
2010-05-19,210,216,209,216,4449000,216
2010-05-20,212,219,210,214,6191000,214
2010-05-21,206,209,205,208,4932000,208
2010-05-24,205,210,203,210,4952000,210
2010-05-25,205,207,201,202,5292000,202
2010-05-26,203,206,200,204,5683000,204
2010-05-27,201,208,201,208,3949000,208
2010-05-28,212,217,212,215,7558000,215
2010-05-31,216,218,212,215,5955000,215
2010-06-01,215,216,212,215,4753000,215
2010-06-02,210,213,208,211,3855000,211
2010-06-03,212,216,212,214,4669000,214
2010-06-04,213,216,211,213,2418000,213
2010-06-07,206,206,203,205,3421000,205
2010-06-08,202,205,202,204,3363000,204
2010-06-09,203,204,197,202,6975000,202
2010-06-10,201,205,200,205,4668000,205
2010-06-11,208,209,203,205,8403000,205
2010-06-14,207,212,207,212,2724000,212
2010-06-15,214,215,211,212,2527000,212
2010-06-16,215,220,214,218,3406000,218
2010-06-17,219,220,215,215,2886000,215
2010-06-18,215,217,213,215,3157000,215
2010-06-21,217,223,217,222,3243000,222
2010-06-22,220,221,218,219,3176000,219
2010-06-23,212,215,210,211,5783000,211
2010-06-24,212,217,211,216,2706000,216
2010-06-25,214,214,208,210,3009000,210
2010-06-28,209,210,207,210,3646000,210
2010-06-29,208,210,204,206,3319000,206
2010-06-30,204,206,202,203,4135000,203
2010-07-01,199,202,198,201,4128000,201
2010-07-02,201,203,199,200,2448000,200
2010-07-05,199,201,198,199,2580000,199
2010-07-06,198,202,196,202,3738000,202
2010-07-07,203,205,200,201,4069000,201
2010-07-08,208,215,207,212,7529000,212
2010-07-09,211,212,209,211,2893000,211
2010-07-12,210,211,207,209,4563000,209
2010-07-13,210,211,207,209,2323000,209
2010-07-14,213,215,212,215,2160000,215
2010-07-15,211,213,211,212,1881000,212
2010-07-16,210,211,206,209,2122000,209
2010-07-20,204,208,202,206,3116000,206
2010-07-21,206,207,201,203,2362000,203
2010-07-22,200,204,200,204,2269000,204
2010-07-23,210,210,205,207,2896000,207
2010-07-26,209,210,207,208,1268000,208
2010-07-27,207,210,207,209,1228000,209
2010-07-28,210,211,207,211,4671000,211
2010-07-29,208,210,207,208,1614000,208
2010-07-30,209,209,206,206,3277000,206
2010-08-02,206,210,204,207,2530000,207
2010-08-03,208,209,207,209,1746000,209
2010-08-04,207,207,203,203,1564000,203
2010-08-05,206,211,205,211,3374000,211
2010-08-06,214,219,213,218,7756000,218
2010-08-09,215,217,213,216,2095000,216
2010-08-10,217,220,215,216,3519000,216
2010-08-11,212,213,208,209,2895000,209
2010-08-12,202,206,202,205,4693000,205
2010-08-13,204,206,203,205,2791000,205
2010-08-16,203,205,202,204,2692000,204
2010-08-17,202,205,201,205,2290000,205
2010-08-18,206,208,202,207,4012000,207
2010-08-19,205,208,205,207,1969000,207
2010-08-20,205,206,203,203,1684000,203
2010-08-23,202,203,201,202,2784000,202
2010-08-24,201,205,201,203,2958000,203
2010-08-25,203,203,198,200,3892000,200
2010-08-26,200,200,196,197,3338000,197
2010-08-27,197,203,196,202,4313000,202
2010-08-30,205,208,203,204,2875000,204
2010-08-31,201,202,196,197,3994000,197
2010-09-01,198,199,196,199,4076000,199
2010-09-02,202,204,200,204,4359000,204
2010-09-03,204,205,202,205,2862000,205
2010-09-06,206,210,205,209,2698000,209
2010-09-07,208,211,205,208,3223000,208
2010-09-08,205,207,201,203,2863000,203
2010-09-09,204,205,196,198,10623000,198
2010-09-10,199,203,198,200,8640000,200
2010-09-13,203,205,202,203,2645000,203
2010-09-14,205,205,200,201,2793000,201
2010-09-15,200,205,199,203,4041000,203
2010-09-16,205,206,202,203,4510000,203
2010-09-17,204,207,204,205,3526000,205
2010-09-21,206,207,205,206,2198000,206
2010-09-22,206,208,204,206,3000000,206
2010-09-24,206,207,204,204,4340000,204
2010-09-27,205,206,204,204,1473000,204
2010-09-28,202,204,202,204,1198000,204
2010-09-29,205,206,202,205,2254000,205
2010-09-30,205,207,200,201,6419000,201
2010-10-01,201,201,191,193,10613000,193
2010-10-04,193,194,186,186,7983000,186
2010-10-05,185,190,184,188,9093000,188
2010-10-06,189,196,188,194,6967000,194
2010-10-07,195,202,194,199,7319000,199
2010-10-08,200,202,197,197,7404000,197
2010-10-12,198,199,192,193,5167000,193
2010-10-13,193,195,183,183,12956000,183
2010-10-14,187,191,185,190,9698000,190
2010-10-15,190,193,187,188,6606000,188
2010-10-18,191,194,190,192,6255000,192
2010-10-19,192,196,192,194,5184000,194
2010-10-20,191,194,187,193,6800000,193
2010-10-21,193,194,189,191,3407000,191
2010-10-22,191,194,191,193,2783000,193
2010-10-25,195,195,192,192,2164000,192
2010-10-26,193,194,190,192,3131000,192
2010-10-27,195,198,188,190,10993000,190
2010-10-28,190,192,189,190,4681000,190
2010-10-29,190,190,186,189,4339000,189
2010-11-01,190,195,189,192,5655000,192
2010-11-02,191,192,187,189,6032000,189
2010-11-04,192,196,191,194,4956000,194
2010-11-05,197,200,196,198,5410000,198
2010-11-08,198,204,198,202,4572000,202
2010-11-09,201,203,200,201,2611000,201
2010-11-10,197,203,196,202,4306000,202
2010-11-11,201,203,200,202,4793000,202
2010-11-12,200,202,199,200,5117000,200
2010-11-15,201,202,199,200,3753000,200
2010-11-16,199,201,198,200,6686000,200
2010-11-17,199,200,197,200,3698000,200
2010-11-18,200,205,199,204,6297000,204
2010-11-19,205,206,204,205,4696000,205
2010-11-22,207,210,207,207,3870000,207
2010-11-24,202,208,202,207,5897000,207
2010-11-25,209,210,207,209,3634000,209
2010-11-26,210,214,209,210,6047000,210
2010-11-29,212,217,212,216,5050000,216
2010-11-30,214,216,209,209,5273000,209
2010-12-01,206,213,206,212,4937000,212
2010-12-02,216,220,215,218,7622000,218
2010-12-03,219,220,217,219,2562000,219
2010-12-06,218,221,218,220,4346000,220
2010-12-07,221,222,219,221,5198000,221
2010-12-08,224,226,221,224,6002000,224
2010-12-09,225,226,222,222,4471000,222
2010-12-10,222,222,217,219,10919000,219
2010-12-13,219,220,217,219,3615000,219
2010-12-14,216,218,216,217,5456000,217
2010-12-15,219,223,219,221,5899000,221
2010-12-16,218,220,215,219,7204000,219
2010-12-17,220,220,218,220,3040000,220
2010-12-20,220,223,219,220,3602000,220
2010-12-21,220,222,218,221,3205000,221
2010-12-22,219,220,218,218,2797000,218
2010-12-24,219,219,216,216,3034000,216
2010-12-27,215,218,215,218,2511000,218
2010-12-28,217,218,216,216,946000,216
2010-12-29,216,221,216,220,2472000,220
2010-12-30,219,219,216,216,2371000,216
2011-01-04,218,221,218,220,3300000,220
2011-01-05,221,221,218,221,3184000,221
2011-01-06,222,229,222,228,7797000,228
2011-01-07,227,229,225,225,4071000,225
2011-01-11,226,231,225,230,4166000,230
2011-01-12,230,233,229,229,2943000,229
2011-01-13,230,232,230,230,2382000,230
2011-01-14,228,231,228,230,3306000,230
2011-01-17,231,234,228,230,3221000,230
2011-01-18,230,233,230,233,1744000,233
2011-01-19,233,233,229,231,1778000,231
2011-01-20,230,231,229,230,1772000,230
2011-01-21,230,230,225,226,4665000,226
2011-01-24,228,229,225,228,3197000,228
2011-01-25,229,232,228,231,2779000,231
2011-01-26,229,231,228,228,3070000,228
2011-01-27,229,230,227,229,1877000,229
2011-01-28,227,228,222,224,3066000,224
2011-01-31,221,222,215,216,6471000,216
2011-02-01,217,218,214,217,4142000,217
2011-02-02,219,222,219,220,3039000,220
2011-02-03,220,222,219,221,2616000,221
2011-02-04,219,223,219,221,4441000,221
2011-02-07,222,226,220,221,4654000,221
2011-02-08,222,237,221,231,16981000,231
2011-02-09,229,231,218,218,10561000,218
2011-02-10,219,222,218,221,6287000,221
2011-02-14,222,222,218,219,4473000,219
2011-02-15,219,220,216,218,4770000,218
2011-02-16,219,220,217,217,3763000,217
2011-02-17,218,218,215,217,3236000,217
2011-02-18,219,220,217,220,3857000,220
2011-02-21,220,220,217,219,3819000,219
2011-02-22,216,217,212,213,3757000,213
2011-02-23,212,216,211,211,6569000,211
2011-02-24,212,214,209,210,6832000,210
2011-02-25,211,215,209,214,5468000,214
2011-02-28,215,218,213,218,4824000,218
2011-03-01,219,220,216,217,5161000,217
2011-03-02,215,216,212,213,3436000,213
2011-03-03,213,215,213,213,4141000,213
2011-03-04,216,217,213,214,3118000,214
2011-03-07,214,214,209,209,4639000,209
2011-03-08,209,212,207,210,4776000,210
2011-03-09,214,214,211,212,7493000,212
2011-03-10,212,212,207,208,2673000,208
2011-03-11,206,215,206,212,11940000,212
2011-03-14,284,292,236,259,84636000,259
2011-03-15,264,264,204,225,41655000,225
2011-03-16,226,246,220,230,31966000,230
2011-03-17,225,241,224,236,19140000,236
2011-03-18,242,244,231,238,30865000,238
2011-03-22,257,265,247,262,36858000,262
2011-03-23,262,262,247,252,34415000,252
2011-03-24,255,257,250,254,18529000,254
2011-03-25,260,261,245,249,18320000,249
2011-03-28,248,249,240,244,14889000,244
2011-03-29,239,242,231,241,24235000,241
2011-03-30,241,242,233,235,20028000,235
2011-03-31,236,237,231,233,15935000,233
2011-04-01,235,244,232,237,22223000,237
2011-04-04,233,240,233,235,14086000,235
2011-04-05,236,237,230,231,13545000,231
2011-04-06,232,232,226,227,15624000,227
2011-04-07,228,233,225,226,13570000,226
2011-04-08,225,228,220,227,16585000,227
2011-04-11,229,235,228,231,11982000,231
2011-04-12,231,236,229,232,22595000,232
2011-04-13,230,239,230,239,19238000,239
2011-04-14,236,237,232,235,15689000,235
2011-04-15,235,235,228,231,12569000,231
2011-04-18,232,232,227,230,5835000,230
2011-04-19,226,228,222,228,13992000,228
2011-04-20,235,237,228,229,19466000,229
2011-04-21,231,237,229,234,13768000,234
2011-04-22,233,236,232,234,7720000,234
2011-04-25,236,236,232,233,5266000,233
2011-04-26,233,233,229,231,4877000,231
2011-04-27,230,232,228,229,5621000,229
2011-04-28,229,232,228,231,6095000,231
2011-05-02,233,236,232,235,3942000,235
2011-05-06,233,240,232,238,9365000,238
2011-05-09,239,240,235,237,5359000,237
2011-05-10,236,238,235,238,4986000,238
2011-05-11,239,239,235,236,3278000,236
2011-05-12,234,236,231,231,6906000,231
2011-05-13,232,241,228,235,16016000,235
2011-05-16,234,241,233,240,13831000,240
2011-05-17,240,245,238,241,10773000,241
2011-05-18,244,246,242,243,8092000,243
2011-05-19,243,246,237,237,7058000,237
2011-05-20,238,240,236,237,6792000,237
2011-05-23,237,237,233,235,3709000,235
2011-05-24,234,237,234,236,3802000,236
2011-05-25,236,237,231,233,4275000,233
2011-05-26,234,236,233,234,3365000,234
2011-05-27,234,235,232,232,3854000,232
2011-05-30,231,231,224,227,10221000,227
2011-05-31,226,229,226,227,8269000,227
2011-06-01,227,233,226,232,11398000,232
2011-06-02,229,232,228,229,9736000,229
2011-06-03,229,232,226,226,7636000,226
2011-06-06,227,229,223,223,4434000,223
2011-06-07,223,233,223,230,8570000,230
2011-06-08,229,232,227,230,7234000,230
2011-06-09,231,232,228,230,4624000,230
2011-06-10,231,234,230,232,7654000,232
2011-06-13,230,234,230,232,5626000,232
2011-06-14,231,235,230,234,7649000,234
2011-06-15,235,237,234,237,6523000,237
2011-06-16,235,237,230,231,5382000,231
2011-06-17,229,229,220,222,15989000,222
2011-06-20,223,226,223,224,5481000,224
2011-06-21,224,224,221,224,5889000,224
2011-06-22,227,230,225,230,3843000,230
2011-06-23,228,231,227,227,6493000,227
2011-06-24,228,231,227,228,6590000,228
2011-06-27,228,228,222,224,7447000,224
2011-06-28,227,230,225,227,7222000,227
2011-06-29,228,230,227,229,4986000,229
2011-06-30,232,232,228,230,7448000,230
2011-07-01,231,232,228,231,3582000,231
2011-07-04,233,234,232,233,3377000,233
2011-07-05,232,235,232,233,2588000,233
2011-07-06,232,235,232,234,3082000,234
2011-07-07,235,238,232,238,5783000,238
2011-07-08,242,246,241,245,12186000,245
2011-07-11,243,247,240,241,7479000,241
2011-07-12,239,242,238,238,6936000,238
2011-07-13,238,242,236,238,7091000,238
2011-07-14,238,240,237,238,4046000,238
2011-07-15,239,242,239,241,4185000,241
2011-07-19,239,243,239,240,3779000,240
2011-07-20,241,243,239,240,2414000,240
2011-07-21,241,242,239,240,4052000,240
2011-07-22,242,245,242,245,6211000,245
2011-07-25,245,249,245,246,6341000,246
2011-07-26,248,248,244,246,4873000,246
2011-07-27,244,245,240,244,3638000,244
2011-07-28,240,242,240,242,3983000,242
2011-07-29,240,241,237,239,4659000,239
2011-08-01,239,243,239,240,3437000,240
2011-08-02,237,238,236,236,5965000,236
2011-08-03,234,234,230,231,3971000,231
2011-08-04,233,238,233,235,6084000,235
2011-08-05,225,229,223,227,5902000,227
2011-08-08,224,225,220,222,7243000,222
2011-08-09,214,219,208,217,10508000,217
2011-08-10,221,222,215,217,8518000,217
2011-08-11,210,225,210,224,10840000,224
2011-08-12,225,228,222,226,12950000,226
2011-08-15,227,229,225,228,6502000,228
2011-08-16,229,233,229,231,7094000,231
2011-08-17,235,239,234,238,11319000,238
2011-08-18,235,238,232,235,13986000,235
2011-08-19,228,232,227,229,11955000,229
2011-08-22,229,231,225,227,8019000,227
2011-08-23,229,234,229,232,14442000,232
2011-08-24,238,242,227,235,26146000,235
2011-08-25,235,238,232,235,12375000,235
2011-08-26,231,234,230,233,7507000,233
2011-08-29,234,242,233,239,13631000,239
2011-08-30,245,249,243,246,13845000,246
2011-08-31,246,246,239,242,11995000,242
2011-09-01,245,245,240,241,7324000,241
2011-09-02,239,241,237,240,6230000,240
2011-09-05,238,247,237,246,12222000,246
2011-09-06,246,248,244,246,9739000,246
2011-09-07,251,253,247,249,13310000,249
2011-09-08,250,253,249,253,9990000,253
2011-09-09,249,252,249,251,15470000,251
2011-09-12,248,251,241,242,14105000,242
2011-09-13,244,245,239,244,7351000,244
2011-09-14,241,246,240,241,5380000,241
2011-09-15,244,249,243,249,5220000,249
2011-09-16,251,254,249,253,9264000,253
2011-09-20,249,250,245,246,6710000,246
2011-09-21,246,248,244,245,4241000,245
2011-09-22,245,247,243,245,5982000,245
2011-09-26,245,245,233,233,10202000,233
2011-09-27,238,247,238,247,7873000,247
2011-09-28,245,251,245,250,7882000,250
2011-09-29,246,256,246,256,7110000,256
2011-09-30,258,258,252,257,7057000,257
2011-10-03,256,272,253,269,20800000,269
2011-10-04,266,274,264,272,21258000,272
2011-10-05,270,271,262,265,11173000,265
2011-10-06,264,269,262,265,9696000,265
2011-10-07,266,270,265,268,6184000,268
2011-10-11,273,274,270,271,4470000,271
2011-10-12,268,272,266,267,7165000,267
2011-10-13,267,267,255,257,13505000,257
2011-10-14,255,260,254,259,8990000,259
2011-10-17,257,262,257,260,5131000,260
2011-10-18,258,266,254,256,9012000,256
2011-10-19,258,260,231,242,30665000,242
2011-10-20,244,250,242,246,13469000,246
2011-10-21,243,245,241,245,5718000,245
2011-10-24,247,254,247,251,8464000,251
2011-10-25,252,253,249,251,5385000,251
2011-10-26,252,252,248,249,5944000,249
2011-10-27,251,255,248,253,5219000,253
2011-10-28,256,256,251,254,4904000,254
2011-10-31,253,258,253,253,4277000,253
2011-11-01,253,254,250,250,3356000,250
2011-11-02,244,252,244,251,5528000,251
2011-11-04,253,256,251,256,4843000,256
2011-11-07,256,260,255,258,5349000,258
2011-11-08,258,260,249,251,6227000,251
2011-11-09,254,258,252,255,5518000,255
2011-11-10,251,256,250,255,6416000,255
2011-11-11,253,254,247,252,5125000,252
2011-11-14,254,255,247,249,3826000,249
2011-11-15,247,249,244,245,4017000,245
2011-11-16,248,249,242,246,5739000,246
2011-11-17,245,246,243,246,5408000,246
2011-11-18,244,245,240,241,4938000,241
2011-11-21,237,237,233,236,7449000,236
2011-11-22,235,238,233,234,6168000,234
2011-11-24,232,235,231,232,6871000,232
2011-11-25,232,234,230,231,4707000,231
2011-11-28,233,233,229,232,3766000,232
2011-11-29,233,234,231,233,4947000,233
2011-11-30,232,233,228,229,7256000,229
2011-12-01,233,234,229,230,8232000,230
2011-12-02,232,241,231,240,8857000,240
2011-12-05,241,245,240,242,6502000,242
2011-12-06,241,244,239,240,6278000,240
2011-12-07,243,247,241,244,9924000,244
2011-12-08,244,249,243,243,7801000,243
2011-12-09,243,245,242,243,8362000,243
2011-12-12,245,245,238,240,7852000,240
2011-12-13,236,237,231,236,8301000,236
2011-12-14,234,235,230,231,7195000,231
2011-12-15,229,230,225,230,5811000,230
2011-12-16,231,232,228,229,4642000,229
2011-12-19,229,230,223,226,5663000,226
2011-12-20,226,232,226,228,4913000,228
2011-12-21,230,231,229,230,3187000,230
2011-12-22,230,230,228,228,2626000,228
2011-12-26,231,231,228,228,1568000,228
2011-12-27,230,234,229,233,5022000,233
2011-12-28,233,235,233,235,1919000,235
2011-12-29,235,236,234,235,1773000,235
2011-12-30,234,236,234,236,2827000,236
2012-01-04,239,240,237,239,3141000,239
2012-01-05,239,239,236,237,3755000,237
2012-01-06,239,243,238,241,8246000,241
2012-01-10,244,249,243,248,7623000,248
2012-01-11,248,253,247,250,6688000,250
2012-01-12,248,249,245,246,3250000,246
2012-01-13,248,249,246,247,4123000,247
2012-01-16,246,250,244,250,5370000,250
2012-01-17,252,263,251,259,14829000,259
2012-01-18,261,262,258,258,7521000,258
2012-01-19,259,259,251,252,11711000,252
2012-01-20,258,265,251,259,16202000,259
2012-01-23,258,262,258,261,6592000,261
2012-01-24,263,263,258,260,5080000,260
2012-01-25,260,262,256,257,8927000,257
2012-01-26,256,258,254,256,6468000,256
2012-01-27,255,258,254,258,4298000,258
2012-01-30,256,259,255,257,3402000,257
2012-01-31,256,259,256,258,6103000,258
2012-02-01,258,260,257,258,5555000,258
2012-02-02,259,261,258,260,3669000,260
2012-02-03,260,265,259,263,9741000,263
2012-02-06,264,267,261,263,7300000,263
2012-02-07,264,268,263,264,8728000,264
2012-02-08,259,261,249,253,25290000,253
2012-02-09,249,250,244,246,23905000,246
2012-02-10,246,252,246,249,13765000,249
2012-02-13,249,251,247,250,6569000,250
2012-02-14,250,251,246,250,8803000,250
2012-02-15,251,254,250,253,7547000,253
2012-02-16,251,253,247,250,9092000,250
2012-02-17,250,251,246,246,9757000,246
2012-02-20,248,248,241,242,11430000,242
2012-02-21,242,248,242,247,9016000,247
2012-02-22,247,253,245,251,10818000,251
2012-02-23,251,252,249,251,6503000,251
2012-02-24,252,252,249,251,5980000,251
2012-02-27,252,252,249,250,5621000,250
2012-02-28,248,250,246,250,5220000,250
2012-02-29,251,253,248,251,10069000,251
2012-03-01,251,252,247,247,7032000,247
2012-03-02,248,251,246,250,5479000,250
2012-03-05,250,251,248,249,5102000,249
2012-03-06,251,259,250,257,14941000,257
2012-03-07,256,257,253,253,6287000,253
2012-03-08,255,256,254,256,4733000,256
2012-03-09,259,259,256,257,7398000,257
2012-03-12,258,258,254,255,7299000,255
2012-03-13,255,259,253,256,7928000,256
2012-03-14,258,259,257,258,3681000,258
2012-03-15,260,261,257,259,7526000,259
2012-03-16,259,259,257,257,4747000,257
2012-03-19,259,259,257,257,2380000,257
2012-03-21,256,259,255,256,5820000,256
2012-03-22,256,258,254,255,4368000,255
2012-03-23,255,255,252,252,4099000,252
2012-03-26,253,254,252,253,2560000,253
2012-03-27,254,255,252,254,8015000,254
2012-03-28,251,251,248,250,7302000,250
2012-03-29,251,254,250,253,3942000,253
2012-03-30,253,254,252,252,4384000,252
2012-04-02,254,254,247,247,7840000,247
2012-04-03,248,248,244,244,6122000,244
2012-04-04,243,244,240,240,5504000,240
2012-04-05,240,242,238,240,7353000,240
2012-04-06,240,242,238,238,3856000,238
2012-04-09,236,240,236,239,4896000,239
2012-04-10,239,241,237,237,2902000,237
2012-04-11,235,236,232,233,4818000,233
2012-04-12,234,240,234,238,6472000,238
2012-04-13,239,242,235,242,9292000,242
2012-04-16,240,241,238,239,7002000,239
2012-04-17,239,241,237,239,3072000,239
2012-04-18,242,243,233,237,12990000,237
2012-04-19,235,236,227,230,13138000,230
2012-04-20,228,230,228,229,6117000,229
2012-04-23,230,231,229,230,4159000,230
2012-04-24,229,229,226,226,3811000,226
2012-04-25,229,231,227,230,4084000,230
2012-04-26,232,234,231,232,3846000,232
2012-04-27,232,233,227,228,6818000,228
2012-05-01,228,229,225,225,3156000,225
2012-05-02,227,228,223,227,5164000,227
2012-05-07,222,223,219,220,4515000,220
2012-05-08,220,222,219,221,2860000,221
2012-05-09,220,220,213,213,3739000,213
2012-05-10,212,214,210,212,5158000,212
2012-05-11,211,213,208,208,5722000,208
2012-05-14,208,212,207,210,6422000,210
2012-05-15,210,213,205,211,6333000,211
2012-05-16,211,212,207,208,4318000,208
2012-05-17,206,213,206,211,5095000,211
2012-05-18,205,206,202,204,7894000,204
2012-05-21,201,207,201,204,5258000,204
2012-05-22,206,211,206,210,3892000,210
2012-05-23,211,211,205,205,4576000,205
2012-05-24,205,208,205,207,4642000,207
2012-05-25,209,209,206,207,2394000,207
2012-05-28,206,207,203,203,2909000,203
2012-05-29,203,204,201,204,3805000,204
2012-05-30,204,204,201,204,2670000,204
2012-05-31,202,205,201,205,3621000,205
2012-06-01,202,203,196,199,8651000,199
2012-06-04,193,195,191,193,5615000,193
2012-06-05,193,201,193,200,6280000,200
2012-06-06,199,202,197,200,6767000,200
2012-06-07,202,205,199,203,10154000,203
2012-06-08,202,202,197,199,10391000,199
2012-06-11,203,205,202,204,4025000,204
2012-06-12,199,207,199,206,6381000,206
2012-06-13,205,209,202,205,5436000,205
2012-06-14,204,205,201,202,3780000,202
2012-06-15,203,207,203,205,6526000,205
2012-06-18,207,209,206,207,3687000,207
2012-06-19,208,214,207,209,8655000,209
2012-06-20,211,212,209,210,5986000,210
2012-06-21,210,211,204,204,7665000,204
2012-06-22,203,211,202,207,9666000,207
2012-06-25,210,211,207,209,4736000,209
2012-06-26,207,211,207,210,7755000,210
2012-06-27,211,225,210,224,13186000,224
2012-06-28,225,228,223,227,9119000,227
2012-06-29,229,234,227,233,9779000,233
2012-07-02,231,233,230,231,4727000,231
2012-07-03,230,233,230,232,2631000,232
2012-07-04,234,234,228,231,5282000,231
2012-07-05,231,231,226,227,4743000,227
2012-07-06,226,231,225,227,7800000,227
2012-07-09,227,232,226,230,5632000,230
2012-07-10,230,234,230,232,7208000,232
2012-07-11,232,232,228,230,2443000,230
2012-07-12,230,235,228,232,7282000,232
2012-07-13,229,233,229,231,3638000,231
2012-07-17,231,236,230,233,5093000,233
2012-07-18,234,234,228,229,3876000,229
2012-07-19,227,230,225,227,5448000,227
2012-07-20,226,229,220,222,3920000,222
2012-07-23,218,221,216,217,5521000,217
2012-07-24,217,218,215,217,4127000,217
2012-07-25,215,215,208,210,4890000,210
2012-07-26,211,213,209,213,4240000,213
2012-07-27,215,220,215,219,4476000,219
2012-07-30,220,222,219,221,1651000,221
2012-07-31,222,226,221,225,3515000,225
2012-08-01,223,223,220,221,2103000,221
2012-08-02,222,222,217,218,4125000,218
2012-08-03,216,217,215,215,1983000,215
2012-08-06,220,220,216,218,1352000,218
2012-08-07,216,226,216,224,5856000,224
2012-08-08,228,234,228,233,5700000,233
2012-08-09,234,234,231,234,6736000,234
2012-08-10,233,233,228,229,2886000,229
2012-08-13,228,228,226,226,2275000,226
2012-08-14,225,231,221,223,7223000,223
2012-08-15,224,225,221,222,3944000,222
2012-08-16,223,227,223,226,2014000,226
2012-08-17,228,228,225,225,2736000,225
2012-08-20,228,229,226,228,1914000,228
2012-08-21,230,231,227,231,3218000,231
2012-08-22,230,230,226,229,2844000,229
2012-08-23,228,230,227,230,2451000,230
2012-08-24,227,228,225,227,2879000,227
2012-08-27,230,231,226,226,3062000,226
2012-08-28,228,228,222,224,2980000,224
2012-08-29,223,224,222,224,2071000,224
2012-08-30,223,223,220,221,2561000,221
2012-08-31,218,221,217,217,2478000,217
2012-09-03,217,220,216,217,2329000,217
2012-09-04,217,218,214,216,2595000,216
2012-09-05,216,217,211,212,3883000,212
2012-09-06,213,213,210,212,2714000,212
2012-09-07,215,216,212,215,2984000,215
2012-09-10,213,216,213,215,1386000,215
2012-09-11,215,215,211,213,3219000,213
2012-09-12,213,217,213,216,2814000,216
2012-09-13,213,216,213,214,2575000,214
2012-09-14,215,216,214,216,4004000,216
2012-09-18,216,218,216,216,2158000,216
2012-09-19,219,220,212,213,7496000,213
2012-09-20,213,218,213,214,7346000,214
2012-09-21,214,219,214,217,5086000,217
2012-09-24,216,217,213,215,3194000,215
2012-09-25,217,220,216,218,3445000,218
2012-09-26,215,218,214,215,3918000,215
2012-09-27,215,216,213,216,2367000,216
2012-09-28,214,216,211,213,4922000,213
2012-10-01,213,213,210,212,4046000,212
2012-10-02,212,215,212,213,3649000,213
2012-10-03,215,217,213,216,5325000,216
2012-10-04,217,219,215,218,4040000,218
2012-10-05,219,224,218,224,9072000,224
2012-10-09,221,228,221,226,5317000,226
2012-10-10,222,223,215,217,6419000,217
2012-10-11,214,215,212,213,4676000,213
2012-10-12,213,217,212,215,5236000,215
2012-10-15,216,216,212,213,4383000,213
2012-10-16,215,216,214,216,3220000,216
2012-10-17,216,219,215,219,2636000,219
2012-10-18,219,219,216,218,3483000,218
2012-10-19,216,217,213,214,3380000,214
2012-10-22,212,217,212,216,3609000,216
2012-10-23,215,216,213,213,4345000,213
2012-10-24,212,216,212,214,3865000,214
2012-10-25,215,222,214,222,7829000,222
2012-10-26,221,222,218,220,4644000,220
2012-10-29,220,223,219,223,3491000,223
2012-10-30,222,224,221,221,7055000,221
2012-10-31,220,222,219,221,2591000,221
2012-11-01,219,220,216,219,2253000,219
2012-11-02,220,222,217,218,2734000,218
2012-11-05,218,219,217,217,1559000,217
2012-11-06,217,218,215,218,2034000,218
2012-11-07,218,218,213,216,4614000,216
2012-11-08,212,213,211,212,3460000,212
2012-11-09,210,210,208,210,3005000,210
2012-11-12,209,210,205,206,2253000,206
2012-11-13,203,212,200,211,8036000,211
2012-11-14,214,220,212,218,5810000,218
2012-11-15,228,235,224,232,12433000,232
2012-11-16,236,237,233,236,7758000,236
2012-11-19,235,238,235,237,3935000,237
2012-11-20,237,237,232,234,5629000,234
2012-11-21,234,236,233,234,2991000,234
2012-11-22,235,236,233,236,2323000,236
2012-11-26,238,238,235,236,2232000,236
2012-11-27,234,237,233,236,4395000,236
2012-11-28,238,238,233,235,2712000,235
2012-11-29,235,237,234,237,3024000,237
2012-11-30,237,239,234,237,5328000,237
2012-12-03,240,249,239,246,7390000,246
2012-12-04,242,245,241,242,5004000,242
2012-12-05,240,242,237,239,5794000,239
2012-12-06,241,245,241,244,5386000,244
2012-12-07,245,248,244,245,4312000,245
2012-12-10,248,249,245,246,2558000,246
2012-12-11,246,246,242,244,2669000,244
2012-12-12,245,246,243,245,2785000,245
2012-12-13,246,248,245,247,4648000,247
2012-12-14,245,256,245,254,14643000,254
2012-12-17,258,261,256,259,10996000,259
2012-12-18,262,272,261,270,15415000,270
2012-12-19,275,283,274,278,19608000,278
2012-12-20,279,279,273,277,11453000,277
2012-12-21,280,283,271,274,13597000,274
2012-12-25,282,283,279,282,7708000,282
2012-12-26,282,285,280,285,9534000,285
2012-12-27,289,290,285,286,11144000,286
2012-12-28,287,288,280,284,7952000,284
2013-01-04,292,293,287,289,10813000,289
2013-01-07,290,294,287,290,12940000,290
2013-01-08,290,292,284,286,9698000,286
2013-01-09,283,292,279,291,8802000,291
2013-01-10,292,297,291,296,10430000,296
2013-01-11,299,299,295,296,7052000,296
2013-01-15,298,299,294,295,7910000,295
2013-01-16,295,297,286,290,8770000,290
2013-01-17,288,289,272,278,18670000,278
2013-01-18,281,282,274,278,13550000,278
2013-01-21,278,279,271,275,8760000,275
2013-01-22,276,278,270,273,14177000,273
2013-01-23,270,271,263,264,7623000,264
2013-01-24,261,271,261,270,6704000,270
2013-01-25,273,276,272,276,8050000,276
2013-01-28,279,279,271,271,6649000,271
2013-01-29,269,271,263,266,11045000,266
2013-01-30,265,276,264,273,15407000,273
2013-01-31,272,276,270,274,12687000,274
2013-02-01,278,278,270,271,7643000,271
2013-02-04,273,274,270,270,6405000,270
2013-02-05,269,274,268,272,11340000,272
2013-02-06,275,281,274,277,13431000,277
2013-02-07,274,297,272,291,30229000,291
2013-02-08,289,290,280,287,11302000,287
2013-02-12,287,288,283,284,9827000,284
2013-02-13,283,284,276,277,8985000,277
2013-02-14,275,277,269,273,6773000,273
2013-02-15,271,272,261,266,10850000,266
2013-02-18,268,273,267,271,6957000,271
2013-02-19,269,275,269,272,7397000,272
2013-02-20,273,273,264,266,13679000,266
2013-02-21,264,269,264,267,6009000,267
2013-02-22,263,268,260,268,7042000,268
2013-02-25,271,273,269,273,7513000,273
2013-02-26,266,271,266,267,6581000,267
2013-02-27,270,276,268,272,11768000,272
2013-02-28,276,278,271,274,10065000,274
2013-03-01,279,279,272,274,5960000,274
2013-03-04,274,276,271,271,5828000,271
2013-03-05,271,276,271,275,8293000,275
2013-03-06,277,278,273,278,11064000,278
2013-03-07,277,277,272,273,5481000,273
2013-03-08,273,274,270,272,11708000,272
2013-03-11,273,277,272,274,9734000,274
2013-03-12,277,278,266,267,21719000,267
2013-03-13,265,268,262,264,12282000,264
2013-03-14,264,265,262,263,8642000,263
2013-03-15,263,265,262,264,5053000,264
2013-03-18,261,261,255,256,12700000,256
2013-03-19,258,261,257,258,13646000,258
2013-03-21,260,266,258,266,16901000,266
2013-03-22,264,265,258,259,8914000,259
2013-03-25,262,264,261,262,6161000,262
2013-03-26,261,264,261,264,5379000,264
2013-03-27,262,263,260,262,2162000,262
2013-03-28,260,260,254,255,4319000,255
2013-03-29,256,257,254,256,4164000,256
2013-04-01,257,263,257,258,7646000,258
2013-04-02,257,257,247,253,9559000,253
2013-04-03,256,257,250,253,5331000,253
2013-04-04,250,262,247,262,6846000,262
2013-04-05,267,269,258,260,12795000,260
2013-04-08,266,266,259,264,12265000,264
2013-04-09,266,276,265,272,22505000,272
2013-04-10,277,286,274,284,21257000,284
2013-04-11,287,288,279,283,12465000,283
2013-04-12,282,286,281,283,11156000,283
2013-04-15,282,283,280,282,5304000,282
2013-04-16,276,284,275,281,7139000,281
2013-04-17,285,286,282,284,5223000,284
2013-04-18,284,290,282,288,8005000,288
2013-04-19,285,286,277,283,8883000,283
2013-04-22,288,307,287,307,28894000,307
2013-04-23,311,324,311,322,30542000,322
2013-04-24,322,322,307,311,17894000,311
2013-04-25,312,313,307,310,7894000,310
2013-04-26,310,314,309,311,8362000,311
2013-04-30,312,315,310,311,8844000,311
2013-05-01,311,317,308,315,8611000,315
2013-05-02,314,315,306,307,5504000,307
2013-05-07,313,315,310,312,6794000,312
2013-05-08,315,323,314,321,12275000,321
2013-05-09,325,330,318,320,9158000,320
2013-05-10,329,329,310,311,12796000,311
2013-05-13,314,320,312,319,8971000,319
2013-05-14,324,360,321,347,32478000,347
2013-05-15,355,359,339,339,22021000,339
2013-05-16,341,342,323,329,11904000,329
2013-05-17,330,349,329,347,10331000,347
2013-05-20,355,360,350,359,10192000,359
2013-05-21,358,364,353,357,8691000,357
2013-05-22,360,376,356,364,12352000,364
2013-05-23,364,366,332,333,12945000,333
2013-05-24,337,346,321,333,14219000,333
2013-05-27,322,325,312,312,7944000,312
2013-05-28,307,316,306,310,7074000,310
2013-05-29,317,322,313,315,7198000,315
2013-05-30,309,312,297,298,9105000,298
2013-05-31,304,310,298,300,6890000,300
2013-06-03,295,299,290,291,7362000,291
2013-06-04,291,298,286,296,7275000,296
2013-06-05,300,316,291,292,11846000,292
2013-06-06,289,303,286,288,10185000,288
2013-06-07,283,291,278,286,10865000,286
2013-06-10,294,299,292,295,4522000,295
2013-06-11,296,310,295,306,8594000,306
2013-06-12,300,302,288,297,7672000,297
2013-06-13,291,292,280,282,7484000,282
2013-06-14,292,297,286,291,11597000,291
2013-06-17,289,308,289,307,6758000,307
2013-06-18,314,316,308,309,6983000,309
2013-06-19,315,319,313,315,5227000,315
2013-06-20,312,316,305,310,5719000,310
2013-06-21,303,321,300,316,9307000,316
2013-06-24,323,328,318,323,9555000,323
2013-06-25,322,328,308,316,10249000,316
2013-06-26,322,323,303,306,7496000,306
2013-06-27,310,323,304,323,9401000,323
2013-06-28,326,329,320,329,7514000,329
2013-07-01,339,349,338,348,15453000,348
2013-07-02,351,363,351,362,13820000,362
2013-07-03,362,362,353,361,10108000,361
2013-07-04,359,365,358,363,5888000,363
2013-07-05,368,377,365,374,13605000,374
2013-07-08,383,385,356,357,16213000,357
2013-07-09,365,375,361,373,8894000,373
2013-07-10,373,379,368,375,9169000,375
2013-07-11,371,389,367,387,16787000,387
2013-07-12,389,395,384,391,15170000,391
2013-07-16,395,397,388,391,8674000,391
2013-07-17,390,392,385,388,6924000,388
2013-07-18,389,390,385,389,6008000,389
2013-07-19,387,390,376,385,10774000,385
2013-07-22,388,388,379,384,7930000,384
2013-07-23,379,388,378,387,5934000,387
2013-07-24,380,381,371,372,9971000,372
2013-07-25,367,368,348,354,19232000,354
2013-07-26,347,355,343,346,12234000,346
2013-07-29,341,346,337,339,7236000,339
2013-07-30,339,353,338,349,8112000,349
2013-07-31,344,350,339,345,9356000,345
2013-08-01,344,356,342,356,6782000,356
2013-08-02,359,372,358,371,10151000,371
2013-08-05,375,376,364,367,7133000,367
2013-08-06,366,374,360,374,7130000,374
2013-08-07,369,380,361,364,16249000,364
2013-08-08,361,364,351,354,11475000,354
2013-08-09,356,358,350,354,8309000,354
2013-08-12,353,357,350,352,3027000,352
2013-08-13,353,363,351,362,5066000,362
2013-08-14,366,367,359,366,6348000,366
2013-08-15,360,367,359,361,4887000,361
2013-08-16,357,361,356,359,3752000,359
2013-08-19,360,375,360,374,9798000,374
2013-08-20,371,376,370,370,11302000,370
2013-08-21,372,373,361,367,7288000,367
2013-08-22,363,371,361,370,7579000,370
2013-08-23,378,386,373,378,14746000,378
2013-08-26,382,394,381,385,12259000,385
2013-08-27,383,384,374,375,7141000,375
2013-08-28,365,370,362,366,6788000,366
2013-08-29,368,369,356,361,8783000,361
2013-08-30,361,363,351,351,11403000,351
2013-09-02,354,372,351,369,11995000,369
2013-09-03,378,380,366,371,13391000,371
2013-09-04,374,377,368,371,10666000,371
2013-09-05,373,374,365,369,9948000,369
2013-09-06,367,368,351,361,17015000,361
2013-09-09,409,410,388,396,54820000,396
2013-09-10,410,443,407,427,84747000,427
2013-09-11,435,436,410,413,33225000,413
2013-09-12,406,418,405,411,24224000,411
2013-09-13,405,412,403,409,16648000,409
2013-09-17,414,417,402,404,13270000,404
2013-09-18,400,404,395,401,19202000,401
2013-09-19,406,410,401,405,15724000,405
2013-09-20,408,409,402,406,12957000,406
2013-09-24,406,408,401,403,6706000,403
2013-09-25,400,401,391,395,11300000,395
2013-09-26,391,410,389,409,15833000,409
2013-09-27,405,408,400,404,8877000,404
2013-09-30,397,402,395,399,7113000,399
2013-10-01,396,401,395,396,9040000,396
2013-10-02,394,399,382,385,10470000,385
2013-10-03,384,392,383,388,8625000,388
2013-10-04,383,386,380,382,7782000,382
2013-10-07,382,384,372,374,7688000,374
2013-10-08,370,379,370,376,10230000,376
2013-10-09,374,387,374,387,6351000,387
2013-10-10,387,392,384,388,7616000,388
2013-10-11,395,400,393,399,9586000,399
2013-10-15,404,407,400,403,9964000,403
2013-10-16,400,404,399,401,4612000,401
2013-10-17,405,405,400,402,6883000,402
2013-10-18,401,408,400,407,6132000,407
2013-10-21,407,408,404,408,4709000,408
2013-10-22,408,410,405,408,8567000,408
2013-10-23,409,411,401,407,11600000,407
2013-10-24,408,412,402,411,12259000,411
2013-10-25,411,411,406,406,7000000,406
2013-10-28,408,413,406,413,9530000,413
2013-10-29,411,414,409,413,7045000,413
2013-10-30,413,417,412,417,10099000,417
2013-10-31,416,422,412,415,11130000,415
2013-11-01,415,416,408,413,6482000,413
2013-11-05,414,418,411,418,6961000,418
2013-11-06,415,419,412,417,5248000,417
2013-11-07,416,418,412,413,4712000,413
2013-11-08,408,413,408,411,3902000,411
2013-11-11,417,417,410,413,4212000,413
2013-11-12,406,415,384,389,38235000,389
2013-11-13,383,385,370,372,23644000,372
2013-11-14,373,382,372,376,14561000,376
2013-11-15,382,387,381,385,13243000,385
2013-11-18,389,391,386,390,7988000,390
2013-11-19,391,396,390,391,8891000,391
2013-11-20,391,393,388,391,6109000,391
2013-11-21,391,393,386,390,6844000,390
2013-11-22,393,393,387,388,6220000,388
2013-11-25,387,389,383,385,5154000,385
2013-11-26,382,387,380,382,8589000,382
2013-11-27,381,383,374,375,8396000,375
2013-11-28,378,380,375,378,4702000,378
2013-11-29,377,384,377,383,6277000,383
2013-12-02,380,384,380,383,4175000,383
2013-12-03,383,385,379,380,5203000,380
2013-12-04,378,380,372,373,6619000,373
2013-12-05,372,375,367,367,5482000,367
2013-12-06,366,371,363,370,6841000,370
2013-12-09,373,374,367,373,7258000,373
2013-12-10,374,378,370,373,7195000,373
2013-12-11,371,374,366,373,8109000,373
2013-12-12,371,374,366,369,5146000,369
2013-12-13,366,370,360,367,11380000,367
2013-12-16,368,368,357,358,8011000,358
2013-12-17,360,363,355,358,7132000,358
2013-12-18,358,368,357,367,7522000,367
2013-12-19,372,374,370,373,6955000,373
2013-12-20,373,377,371,375,7797000,375
2013-12-24,376,378,372,373,4107000,373
2013-12-25,371,378,371,378,7302000,378
2013-12-26,380,388,379,388,8011000,388
2013-12-27,390,391,383,390,5740000,390
2013-12-30,390,396,388,395,6655000,395
2014-01-06,395,395,385,388,8310000,388
2014-01-07,387,393,386,387,8071000,387
2014-01-08,391,408,390,405,15342000,405
2014-01-09,406,408,397,400,7739000,400
2014-01-10,398,402,395,398,7805000,398
2014-01-14,390,396,385,390,8178000,390
2014-01-15,394,395,391,395,5196000,395
2014-01-16,397,402,394,396,5706000,396
2014-01-17,398,398,394,396,5163000,396
2014-01-20,397,400,392,399,5048000,399
2014-01-21,399,402,397,400,4946000,400
2014-01-22,399,401,395,400,6685000,400
2014-01-23,402,407,401,403,10732000,403
2014-01-24,400,407,398,404,10093000,404
2014-01-27,398,407,396,402,20634000,402
2014-01-28,400,401,388,391,10905000,391
2014-01-29,396,404,395,400,10341000,400
2014-01-30,394,396,388,390,10255000,390
2014-01-31,391,391,380,382,15042000,382
2014-02-03,375,376,352,358,27519000,358
2014-02-04,348,349,335,336,19739000,336
2014-02-05,348,351,338,345,9714000,345
2014-02-06,347,363,345,353,12485000,353
2014-02-07,360,361,349,355,8143000,355
2014-02-10,363,364,355,362,7787000,362
2014-02-12,366,369,355,356,14473000,356
2014-02-13,358,358,346,351,8833000,351
2014-02-14,348,355,344,347,9273000,347
2014-02-17,347,350,343,350,6885000,350
2014-02-18,352,361,350,357,9829000,357
2014-02-19,357,364,356,362,5994000,362
2014-02-20,361,362,354,358,8150000,358
2014-02-21,363,367,360,366,5488000,366
2014-02-24,364,370,360,364,6269000,364
2014-02-25,365,367,362,365,5297000,365
2014-02-26,365,373,364,369,6665000,369
2014-02-27,366,367,358,359,8396000,359
2014-02-28,360,361,354,358,5168000,358
2014-03-03,351,353,344,349,7723000,349
2014-03-04,345,351,345,348,5102000,348
2014-03-05,352,353,348,349,3994000,349
2014-03-06,349,355,345,352,3761000,352
2014-03-07,356,360,355,357,5795000,357
2014-03-10,360,369,360,368,12826000,368
2014-03-11,369,379,369,378,15022000,378
2014-03-12,375,378,370,370,9028000,370
2014-03-13,366,368,363,367,6454000,367
2014-03-14,364,366,357,359,11606000,359
2014-03-17,362,371,351,353,11833000,353
2014-03-18,360,363,356,358,6514000,358
2014-03-19,359,360,345,351,6553000,351
2014-03-20,352,353,342,342,5114000,342
2014-03-24,346,355,344,352,8829000,352
2014-03-25,353,355,347,350,6110000,350
2014-03-26,360,362,352,360,8373000,360
2014-03-27,358,369,354,367,8585000,367
2014-03-28,361,363,358,362,8408000,362
2014-03-31,363,365,358,362,6169000,362
2014-04-01,369,381,365,379,12057000,379
2014-04-02,381,388,380,381,7809000,381
2014-04-03,382,386,379,382,6114000,382
2014-04-04,381,385,378,382,4260000,382
2014-04-07,378,381,375,377,4083000,377
2014-04-08,375,376,371,372,5244000,372
2014-04-09,370,375,369,371,7887000,371
2014-04-10,374,381,373,377,8046000,377
2014-04-11,371,378,370,376,8353000,376
2014-04-14,374,377,370,375,5735000,375
2014-04-15,375,380,368,377,10298000,377
2014-04-16,378,388,376,388,8705000,388
2014-04-17,386,388,382,386,6323000,386
2014-04-18,389,393,386,391,5218000,391
2014-04-21,392,393,386,388,3580000,388
2014-04-22,387,392,386,388,5055000,388
2014-04-23,389,394,387,394,4657000,394
2014-04-24,395,395,388,394,5531000,394
2014-04-25,394,397,391,396,8815000,396
2014-04-28,391,396,389,395,5515000,395
2014-04-30,397,397,389,389,6934000,389
2014-05-01,390,393,387,390,4469000,390
2014-05-02,389,391,383,391,4304000,391
2014-05-07,386,388,380,380,5960000,380
2014-05-08,382,385,379,380,4878000,380
2014-05-09,378,382,377,380,5540000,380
2014-05-12,379,384,378,378,4185000,378
2014-05-13,385,391,376,388,9863000,388
2014-05-14,383,397,382,396,7632000,396
2014-05-15,393,394,386,391,5416000,391
2014-05-16,386,388,383,385,5141000,385
2014-05-19,385,389,384,384,3676000,384
2014-05-20,384,388,381,384,3050000,384
2014-05-21,380,391,380,389,4753000,389
2014-05-22,392,399,388,398,6962000,398
2014-05-23,398,400,392,392,6275000,392
2014-05-26,395,396,392,392,3703000,392
2014-05-27,390,398,390,394,4696000,394
2014-05-28,400,412,400,404,26015000,404
2014-05-29,406,420,406,420,16255000,420
2014-05-30,420,427,420,422,13059000,422
2014-06-02,422,428,420,422,7802000,422
2014-06-03,425,427,421,427,7610000,427
2014-06-04,425,436,424,432,11278000,432
2014-06-05,432,435,430,433,8215000,433
2014-06-06,435,439,433,437,7266000,437
2014-06-09,440,443,435,436,5645000,436
2014-06-10,435,437,428,430,4642000,430
2014-06-11,426,434,426,433,5132000,433
2014-06-12,430,432,423,432,5003000,432
2014-06-13,432,439,428,439,8368000,439
2014-06-16,437,437,431,432,4479000,432
2014-06-17,429,435,427,428,5900000,428
2014-06-18,428,431,426,428,3698000,428
2014-06-19,429,435,429,433,5211000,433
2014-06-20,433,444,433,439,8928000,439
2014-06-23,442,447,442,444,6085000,444
2014-06-24,442,449,439,448,7325000,448
2014-06-25,450,451,443,449,8821000,449
2014-06-26,452,453,446,450,3049000,450
2014-06-27,451,451,441,443,5954000,443
2014-06-30,446,449,444,448,5248000,448
2014-07-01,449,456,446,455,6083000,455
2014-07-02,456,457,450,453,6343000,453
2014-07-03,451,451,444,445,4543000,445
2014-07-04,446,446,436,439,6095000,439
2014-07-07,436,440,436,438,2503000,438
2014-07-08,437,440,432,439,4005000,439
2014-07-09,435,436,431,435,4358000,435
2014-07-10,435,437,430,430,2592000,430
2014-07-11,425,438,425,438,5302000,438
2014-07-14,440,440,434,439,3291000,439
2014-07-15,439,441,436,439,3759000,439
2014-07-16,440,445,438,443,3614000,443
2014-07-17,446,455,446,451,8153000,451
2014-07-18,445,459,443,459,11505000,459
2014-07-22,460,470,459,468,8466000,468
2014-07-23,468,470,462,466,5008000,466
2014-07-24,464,467,457,459,6208000,459
2014-07-25,465,477,464,475,9486000,475
2014-07-28,475,481,474,480,6329000,480
2014-07-29,482,490,480,489,9275000,489
2014-07-30,490,493,487,488,6944000,488
2014-07-31,489,490,482,484,5981000,484
2014-08-01,478,489,477,485,5874000,485
2014-08-04,485,487,482,483,2550000,483
2014-08-05,485,497,481,482,11664000,482
2014-08-06,490,500,477,480,11202000,480
2014-08-07,483,497,482,492,11805000,492
2014-08-08,488,495,478,480,9735000,480
2014-08-11,488,489,479,483,7569000,483
2014-08-12,485,491,484,490,5754000,490
2014-08-13,488,496,486,496,6162000,496
2014-08-14,498,509,496,507,12013000,507
2014-08-15,509,514,503,509,10884000,509
2014-08-18,511,518,506,516,8400000,516
2014-08-19,520,522,514,519,8543000,519
2014-08-20,518,518,508,509,8667000,509
2014-08-21,514,515,508,511,10367000,511
2014-08-22,513,513,502,503,6841000,503
2014-08-25,503,511,499,505,8636000,505
2014-08-26,513,531,511,526,22034000,526
2014-08-27,528,545,528,537,17995000,537
2014-08-28,538,541,531,535,12268000,535
2014-08-29,535,535,527,532,8768000,532
2014-09-01,534,549,530,546,12734000,546
2014-09-02,549,549,536,542,11792000,542
2014-09-03,544,545,536,542,8746000,542
2014-09-04,542,545,534,536,7196000,536
2014-09-05,536,539,531,536,5699000,536
2014-09-08,542,550,539,549,11334000,549
2014-09-09,549,555,543,547,10674000,547
2014-09-10,544,546,532,537,10591000,537
2014-09-11,537,538,528,529,7523000,529
2014-09-12,525,529,515,520,15661000,520
2014-09-16,524,537,521,534,11623000,534
2014-09-17,538,539,526,529,5762000,529
2014-09-18,530,531,515,517,10337000,517
2014-09-19,517,519,509,513,13687000,513
2014-09-22,509,511,495,504,15625000,504
2014-09-24,505,523,504,521,10387000,521
2014-09-25,525,526,519,526,6015000,526
2014-09-26,517,529,516,525,6453000,525
2014-09-29,526,540,523,533,13338000,533
2014-09-30,530,532,520,525,6859000,525
2014-10-01,527,530,520,522,6621000,522
2014-10-02,510,515,503,503,7659000,503
2014-10-03,502,513,501,512,5541000,512
2014-10-06,516,519,508,515,6968000,515
2014-10-07,513,514,504,504,6305000,504
2014-10-08,495,501,492,499,8025000,499
2014-10-09,502,504,484,485,8243000,485
2014-10-10,479,484,475,481,11372000,481
2014-10-14,466,470,462,463,11166000,463
2014-10-15,466,476,466,475,6807000,475
2014-10-16,462,471,460,466,8265000,466
2014-10-17,469,474,460,460,7356000,460
2014-10-20,476,486,474,483,8321000,483
2014-10-21,484,490,476,478,7521000,478
2014-10-22,494,503,493,501,9544000,501
2014-10-23,502,508,496,503,8166000,503
2014-10-24,507,508,501,504,5798000,504
2014-10-27,508,514,506,513,6191000,513
2014-10-28,513,516,475,482,32164000,482
2014-10-29,492,498,485,491,19623000,491
2014-10-30,488,488,476,476,9946000,476
2014-10-31,480,498,476,492,15924000,492
2014-11-04,505,507,490,492,12096000,492
2014-11-05,490,491,481,483,10265000,483
2014-11-06,485,492,481,482,9367000,482
2014-11-07,487,488,480,484,7322000,484
2014-11-10,482,483,474,479,8180000,479
2014-11-11,480,486,474,481,10304000,481
2014-11-12,483,483,462,466,16587000,466
2014-11-13,462,469,455,465,11334000,465
2014-11-14,472,472,465,469,9304000,469
2014-11-17,466,467,453,454,13055000,454
2014-11-18,457,465,457,465,7774000,465
2014-11-19,466,472,465,468,7832000,468
2014-11-20,469,469,461,466,6396000,466
2014-11-21,466,471,461,469,5685000,469
2014-11-25,472,473,467,471,6451000,471
2014-11-26,468,471,467,468,4578000,468
2014-11-27,466,467,459,459,6624000,459
2014-11-28,461,469,461,469,5142000,469
2014-12-01,472,472,466,469,5053000,469
2014-12-02,466,472,463,472,4328000,472
2014-12-03,472,473,470,472,4421000,472
2014-12-04,474,477,469,469,6027000,469
2014-12-05,466,467,460,462,6724000,462
2014-12-08,466,467,461,463,7011000,463
2014-12-09,462,464,459,461,4323000,461
2014-12-10,458,470,454,467,8108000,467
2014-12-11,460,466,456,464,4830000,464
2014-12-12,471,485,469,479,14228000,479
2014-12-15,477,486,476,480,10357000,480
2014-12-16,478,480,466,470,8881000,470
2014-12-17,468,477,465,472,5799000,472
2014-12-18,482,491,479,491,13501000,491
2014-12-19,496,498,490,491,8460000,491
2014-12-22,491,493,485,492,6809000,492
2014-12-24,495,496,490,491,4423000,491
2014-12-25,490,494,489,492,3213000,492
2014-12-26,491,504,490,501,7312000,501
2014-12-29,503,507,494,503,6141000,503
2014-12-30,502,503,496,499,4924000,499
2015-01-05,498,500,490,496,4467000,496
2015-01-06,488,491,483,483,8497000,483
2015-01-07,480,483,471,471,10068000,471
2015-01-08,468,473,463,469,8156000,469
2015-01-09,472,472,461,467,7572000,467
2015-01-13,462,463,456,462,3963000,462
2015-01-14,462,466,458,459,4766000,459
2015-01-15,465,480,464,476,9264000,476
2015-01-16,469,474,463,473,8400000,473
2015-01-19,476,478,470,477,4326000,477
2015-01-20,476,480,474,476,5117000,476
2015-01-21,476,477,471,475,4019000,475
2015-01-22,472,473,463,466,6052000,466
2015-01-23,469,469,462,465,4440000,465
2015-01-26,463,467,461,464,2214000,464
2015-01-27,467,473,465,472,4091000,472
2015-01-28,468,474,464,469,3472000,469
2015-01-29,464,471,464,465,2846000,465
2015-01-30,472,473,466,469,4311000,469
2015-02-02,464,469,464,466,4157000,466
2015-02-03,468,471,465,467,4421000,467
2015-02-04,472,478,469,472,4898000,472
2015-02-05,472,473,465,468,4563000,468
2015-02-06,471,472,462,463,5258000,463
2015-02-09,465,466,455,455,8558000,455
2015-02-10,457,489,449,484,24208000,484
2015-02-12,484,495,481,494,14088000,494
2015-02-13,495,512,493,511,14955000,511
2015-02-16,515,528,514,524,12647000,524
2015-02-17,526,532,524,528,8044000,528
2015-02-18,526,533,522,528,8766000,528
2015-02-19,528,537,526,534,9321000,534
2015-02-20,533,537,528,536,7188000,536
2015-02-23,540,545,538,544,7319000,544
2015-02-24,542,544,538,544,5124000,544
2015-02-25,545,553,544,549,12183000,549
2015-02-26,549,557,549,556,8638000,556
2015-02-27,560,572,559,567,13784000,567
2015-03-02,564,566,556,558,7230000,558
2015-03-03,558,564,552,558,6353000,558
2015-03-04,554,559,544,549,7775000,549
2015-03-05,544,550,542,549,5028000,549
2015-03-06,550,551,538,540,8208000,540
2015-03-09,536,540,533,536,5391000,536
2015-03-10,540,542,535,539,5071000,539
2015-03-11,534,551,534,545,5408000,545
2015-03-12,548,553,547,548,3468000,548
2015-03-13,550,551,538,541,9361000,541
2015-03-16,542,547,538,539,4283000,539
2015-03-17,544,544,536,543,4715000,543
2015-03-18,542,545,537,540,3868000,540
2015-03-19,540,542,532,536,4257000,536
2015-03-20,535,535,528,532,4276000,532
2015-03-23,533,535,531,534,3265000,534
2015-03-24,533,550,532,548,9103000,548
2015-03-25,553,577,552,574,20859000,574
2015-03-26,573,585,568,577,14300000,577
2015-03-27,575,585,568,572,12364000,572
2015-03-30,565,566,545,556,9208000,556
2015-03-31,565,569,556,558,6223000,558
2015-04-01,560,567,552,564,9983000,564
2015-04-02,560,571,556,564,8479000,564
2015-04-03,561,564,556,559,3631000,559
2015-04-06,555,559,551,555,3051000,555
2015-04-07,561,568,560,567,4298000,567
2015-04-08,570,578,563,563,5180000,563
2015-04-09,569,569,560,563,4059000,563
2015-04-10,565,565,558,559,3460000,559
2015-04-13,562,562,554,556,5808000,556
2015-04-14,555,564,553,564,5027000,564
2015-04-15,566,571,561,564,6685000,564
2015-04-16,563,570,559,570,5298000,570
2015-04-17,566,567,556,558,6046000,558
2015-04-20,552,557,544,553,4151000,553
2015-04-21,559,564,557,562,5532000,562
2015-04-22,565,570,542,559,23889000,559
2015-04-23,560,577,554,574,15835000,574
2015-04-24,570,576,566,572,6969000,572
2015-04-27,569,573,566,569,3609000,569
2015-04-28,571,581,568,573,7663000,573
2015-04-30,569,577,565,573,6048000,573
2015-05-01,566,570,562,569,3919000,569
2015-05-07,563,563,554,555,5272000,555
2015-05-08,549,550,540,547,7766000,547
2015-05-11,551,554,547,551,7106000,551
2015-05-12,546,553,539,550,8879000,550
2015-05-13,548,562,547,560,9304000,560
2015-05-14,554,556,547,550,6450000,550
2015-05-15,551,553,545,550,5078000,550
2015-05-18,550,552,545,548,4104000,548
2015-05-19,549,552,547,550,4432000,550
2015-05-20,550,552,545,547,5660000,547
2015-05-21,549,553,547,549,4701000,549
2015-05-22,549,550,547,549,2394000,549
2015-05-25,550,550,546,550,3605000,550
2015-05-26,549,551,546,547,2870000,547
2015-05-27,546,547,543,543,3861000,543
2015-05-28,547,551,547,551,5842000,551
2015-05-29,548,551,547,547,3883000,547
2015-06-01,546,556,546,551,5903000,551
2015-06-02,549,560,549,558,6150000,558
2015-06-03,559,571,558,566,7614000,566
2015-06-04,566,573,560,570,5736000,570
2015-06-05,565,570,565,568,2973000,568
2015-06-08,568,568,561,562,2969000,562
2015-06-09,560,560,550,550,3363000,550
2015-06-10,553,556,550,550,4290000,550
2015-06-11,557,575,556,575,11512000,575
2015-06-12,579,581,570,574,8102000,574
2015-06-15,567,569,562,567,3238000,567
2015-06-16,566,583,566,581,7686000,581
2015-06-17,581,594,580,591,9173000,591
2015-06-18,593,596,581,589,8960000,589
2015-06-19,594,595,587,590,4244000,590
2015-06-22,593,605,591,599,8430000,599
2015-06-23,598,598,589,596,5112000,596
2015-06-24,599,601,586,586,5773000,586
2015-06-25,586,590,581,582,4423000,582
2015-06-26,582,584,572,581,4170000,581
2015-06-29,571,578,568,575,5010000,575
2015-06-30,573,584,572,575,7199000,575
2015-07-01,579,589,574,587,5153000,587
2015-07-02,594,609,594,606,10678000,606
2015-07-03,605,613,602,612,7960000,612
2015-07-06,602,611,601,604,5864000,604
2015-07-07,611,615,605,607,5071000,607
2015-07-08,605,610,589,589,8683000,589
2015-07-09,579,593,565,592,10011000,592
2015-07-10,593,596,586,591,8370000,591
2015-07-13,599,608,596,606,5548000,606
2015-07-14,610,613,602,604,6706000,604
2015-07-15,604,607,598,600,4604000,600
2015-07-16,604,609,595,608,4792000,608
2015-07-17,605,612,604,608,4017000,608
2015-07-21,611,613,607,611,3867000,611
2015-07-22,607,608,603,606,3067000,606
2015-07-23,607,609,602,603,1664000,603
2015-07-24,601,604,598,604,2670000,604
2015-07-27,600,602,594,595,2870000,595
2015-07-28,590,605,586,601,4815000,601
2015-07-29,602,605,599,602,2571000,602
2015-07-30,606,618,605,607,5967000,607
2015-07-31,607,616,604,616,4633000,616
2015-08-03,616,621,611,614,4880000,614
2015-08-04,620,652,606,650,16122000,650
2015-08-05,655,708,653,694,21096000,694
2015-08-06,696,705,672,676,13325000,676
2015-08-07,677,700,669,695,6879000,695
2015-08-10,695,718,691,713,8086000,713
2015-08-11,713,720,693,700,10496000,700
2015-08-12,696,707,694,700,7224000,700
2015-08-13,695,714,695,706,7579000,706
2015-08-14,707,712,703,709,4505000,709
2015-08-17,715,722,710,719,6419000,719
2015-08-18,725,730,717,724,6286000,724
2015-08-19,721,726,707,708,5065000,708
2015-08-20,704,718,699,701,5643000,701
2015-08-21,684,699,681,683,7126000,683
2015-08-24,669,685,643,643,10597000,643
2015-08-25,628,659,617,624,11487000,624
2015-08-26,634,649,627,646,7721000,646
2015-08-27,657,668,653,661,8672000,661
2015-08-28,678,685,671,685,8197000,685
2015-08-31,695,695,673,682,6934000,682
2015-09-01,679,680,661,661,5206000,661
2015-09-02,648,676,644,660,6342000,660
2015-09-03,675,687,669,670,8464000,670
2015-09-04,680,685,664,675,11426000,675
2015-09-07,670,678,657,667,8371000,667
2015-09-08,670,671,613,617,12022000,617
2015-09-09,638,643,621,643,10260000,643
2015-09-10,626,655,624,653,8028000,653
2015-09-11,646,659,646,655,7809000,655
2015-09-14,657,669,653,655,4643000,655
2015-09-15,657,661,630,634,8198000,634
2015-09-16,642,645,627,631,4805000,631
2015-09-17,640,647,625,645,8068000,645
2015-09-18,636,646,634,635,5386000,635
2015-09-24,625,633,619,624,4993000,624
2015-09-25,634,646,628,646,5965000,646
2015-09-28,646,655,637,648,5112000,648
2015-09-29,635,644,622,624,7800000,624
2015-09-30,634,639,616,633,5625000,633
2015-10-01,637,639,617,624,6929000,624
2015-10-02,620,633,618,632,4938000,632
2015-10-05,635,637,625,629,3503000,629
2015-10-06,639,648,625,628,5618000,628
2015-10-07,633,636,615,629,5901000,629
2015-10-08,630,633,623,629,4843000,629
2015-10-09,636,683,627,678,14683000,678
2015-10-13,676,700,674,687,11885000,687
2015-10-14,682,699,676,684,7463000,684
2015-10-15,684,699,677,693,5842000,693
2015-10-16,695,703,691,695,7619000,695
2015-10-19,698,719,690,709,8942000,709
2015-10-20,713,717,695,702,6910000,702
2015-10-21,699,708,690,703,7087000,703
2015-10-22,700,708,677,679,10770000,679
2015-10-23,694,694,675,681,7713000,681
2015-10-26,694,705,692,697,5916000,697
2015-10-27,694,700,684,687,4464000,687
2015-10-28,691,698,687,696,4291000,696
2015-10-29,700,701,686,689,7534000,689
2015-10-30,689,701,682,697,5328000,697
2015-11-02,681,689,665,667,9231000,667
2015-11-04,677,678,632,643,14577000,643
2015-11-05,645,651,633,643,11960000,643
2015-11-06,641,651,626,648,14755000,648
2015-11-09,658,687,655,682,11454000,682
2015-11-10,684,698,674,684,12278000,684
2015-11-11,697,706,694,699,8460000,699
2015-11-12,699,712,697,707,8741000,707
2015-11-13,700,713,696,711,6988000,711
2015-11-16,695,699,687,690,6722000,690
2015-11-17,695,706,693,703,7612000,703
2015-11-18,703,706,698,700,5189000,700
2015-11-19,707,709,697,702,5744000,702
2015-11-20,702,709,696,709,4630000,709
2015-11-24,708,719,707,719,6991000,719
2015-11-25,715,715,699,703,7324000,703
2015-11-26,707,715,703,705,5594000,705
2015-11-27,706,708,693,695,6407000,695
2015-11-30,692,693,676,676,6972000,676
2015-12-01,696,703,689,702,8506000,702
2015-12-02,710,729,709,726,12286000,726
2015-12-03,725,734,715,720,6422000,720
2015-12-04,710,718,707,712,4657000,712
2015-12-07,720,731,715,718,5537000,718
2015-12-08,720,720,706,709,3722000,709
2015-12-09,708,715,703,708,3766000,708
2015-12-10,709,723,708,710,6797000,710
2015-12-11,711,722,711,722,6580000,722
2015-12-14,712,730,708,726,7450000,726
2015-12-15,723,735,713,715,6321000,715
2015-12-16,719,730,718,729,5826000,729
2015-12-17,735,747,734,741,8157000,741
2015-12-18,738,747,726,726,7495000,726
2015-12-21,722,728,713,724,5114000,724
2015-12-22,725,738,715,731,8712000,731
2015-12-24,742,742,712,715,4559000,715
2015-12-25,720,722,710,713,3221000,713
2015-12-28,714,716,705,710,3584000,710
2015-12-29,712,727,702,727,5153000,727
2015-12-30,729,731,720,724,3245000,724
2016-01-04,718,722,703,705,4407000,705
2016-01-05,701,709,698,702,4984000,702
2016-01-06,702,710,695,699,5030000,699
2016-01-07,694,706,686,695,6784000,695
2016-01-08,685,699,679,681,6872000,681
2016-01-12,672,678,655,659,6326000,659
2016-01-13,665,692,665,690,7399000,690
2016-01-14,670,674,656,670,8082000,670
2016-01-15,682,686,659,664,6287000,664
2016-01-18,644,652,630,647,8404000,647
2016-01-19,646,648,636,645,6945000,645
2016-01-20,649,650,613,613,8233000,613
2016-01-21,610,621,588,588,9969000,588
2016-01-22,607,624,599,623,6943000,623
2016-01-25,634,635,623,629,6106000,629
2016-01-26,619,628,614,619,4059000,619
2016-01-27,635,639,625,636,4609000,636
2016-01-28,631,645,626,639,4544000,639
2016-01-29,653,678,641,676,9687000,676
2016-02-01,706,722,699,716,10260000,716
2016-02-02,711,731,708,715,9104000,715
2016-02-03,700,703,681,692,7771000,692
2016-02-04,686,696,680,682,3862000,682
2016-02-05,673,684,661,669,5256000,669
2016-02-08,659,696,658,690,6037000,690
2016-02-09,670,681,652,673,11111000,673
2016-02-10,690,714,653,670,12726000,670
2016-02-12,635,648,623,629,11045000,629
2016-02-15,665,706,654,701,12147000,701
2016-02-16,690,699,672,672,9782000,672
2016-02-17,674,684,643,658,7639000,658
2016-02-18,673,673,650,651,7125000,651
2016-02-19,649,656,634,643,5788000,643
2016-02-22,639,658,638,644,6019000,644
2016-02-23,650,654,635,637,4049000,637
2016-02-24,625,635,618,633,5572000,633
2016-02-25,643,677,643,667,12695000,667
2016-02-26,667,675,659,663,5126000,663
2016-02-29,667,669,648,648,5437000,648
2016-03-01,645,665,645,663,4490000,663
2016-03-02,675,679,666,674,6173000,674
2016-03-03,669,670,660,667,6100000,667
2016-03-04,663,669,659,669,6561000,669
2016-03-07,670,676,667,672,3996000,672
2016-03-08,670,671,653,666,4962000,666
2016-03-09,659,666,651,658,3532000,658
2016-03-10,665,674,658,672,5604000,672
2016-03-11,663,688,660,685,9149000,685
2016-03-14,695,707,693,695,5790000,695
2016-03-15,693,705,691,698,4800000,698
2016-03-16,689,702,689,690,4022000,690
2016-03-17,697,705,689,695,5255000,695
2016-03-18,693,698,688,694,5177000,694
2016-03-22,700,732,693,727,16859000,727
2016-03-23,730,751,723,738,13764000,738
2016-03-24,741,755,736,743,8505000,743
2016-03-25,742,748,714,720,9474000,720
2016-03-28,727,727,704,715,8199000,715
2016-03-29,718,733,716,726,6688000,726
2016-03-30,723,729,715,720,4626000,720
2016-03-31,724,727,705,706,6382000,706
2016-04-01,705,705,686,690,8329000,690
2016-04-04,687,695,679,685,6875000,685
2016-04-05,684,684,665,668,8396000,668
2016-04-06,668,675,658,667,9198000,667
2016-04-07,667,682,664,672,7504000,672
2016-04-08,662,687,661,678,7584000,678
2016-04-11,679,684,670,681,5026000,681
2016-04-12,679,681,671,676,5846000,676
2016-04-13,681,685,674,684,6054000,684
2016-04-14,696,703,691,701,7968000,701
2016-04-15,705,713,692,699,7554000,699
2016-04-18,689,718,686,713,11266000,713
2016-04-19,719,725,706,712,11729000,712
2016-04-20,720,726,712,714,7459000,714
2016-04-21,723,723,713,721,6090000,721
2016-04-22,719,729,716,728,8482000,728
2016-04-25,728,730,697,699,9656000,699
2016-04-26,699,708,697,701,6014000,701
2016-04-27,707,710,701,703,4672000,703
2016-04-28,706,707,681,685,7067000,685
2016-05-02,666,680,666,670,4905000,670
2016-05-06,668,674,657,662,5044000,662
2016-05-09,675,684,674,681,6328000,681
2016-05-10,681,699,681,697,5563000,697
2016-05-11,700,711,691,702,5742000,702
2016-05-12,700,712,697,707,4870000,707
2016-05-13,714,717,685,692,10312000,692
2016-05-16,689,705,686,689,5312000,689
2016-05-17,690,703,685,701,5516000,701
2016-05-18,705,722,699,720,10181000,720
2016-05-19,730,740,722,735,14581000,735
2016-05-20,726,737,726,733,6000000,733
2016-05-23,729,736,724,730,5259000,730
2016-05-24,730,743,730,737,7322000,737
2016-05-25,746,747,729,731,5324000,731
2016-05-26,738,745,736,739,9679000,739
2016-05-27,744,752,742,750,7182000,750
2016-05-30,755,758,750,752,10201000,752
2016-05-31,752,755,748,755,8055000,755
2016-06-01,750,752,727,732,8434000,732
2016-06-02,732,740,723,725,6996000,725
2016-06-03,730,733,723,733,3388000,733
2016-06-06,703,709,681,694,18837000,694
2016-06-07,693,695,688,693,7533000,693
2016-06-08,703,706,697,706,6511000,706
2016-06-09,700,714,699,711,6266000,711
2016-06-10,714,714,705,710,6054000,710
2016-06-13,707,707,691,692,5390000,692
2016-06-14,691,700,685,696,8200000,696
2016-06-15,696,703,684,686,6553000,686
2016-06-16,683,689,669,672,5367000,672
2016-06-17,678,683,667,672,7411000,672
2016-06-20,682,692,675,685,5425000,685
2016-06-21,682,698,674,695,5411000,695
2016-06-22,691,696,682,687,3586000,687
2016-06-23,686,689,681,688,2833000,688
2016-06-24,696,696,635,646,7636000,646
2016-06-27,654,686,654,679,8207000,679
2016-06-28,669,700,669,692,5704000,692
2016-06-29,710,710,697,705,5995000,705
2016-06-30,713,719,707,708,5662000,708
2016-07-01,708,710,701,709,3884000,709
2016-07-04,706,714,702,706,5562000,706
2016-07-05,710,717,708,716,4584000,716
2016-07-06,708,714,702,714,6375000,714
2016-07-07,712,713,698,705,5085000,705
2016-07-08,708,710,694,694,4416000,694
2016-07-11,710,736,708,731,9808000,731
2016-07-12,745,751,724,726,9646000,726
2016-07-13,734,736,721,727,7641000,727
2016-07-14,729,745,726,743,6691000,743
2016-07-15,746,749,730,731,7246000,731
2016-07-19,733,734,721,734,5800000,734
2016-07-20,732,748,729,747,5900000,747
2016-07-21,754,765,750,757,12117000,757
2016-07-22,750,756,743,748,4498000,748
2016-07-25,750,756,744,751,4871000,751
2016-07-26,748,755,739,751,6463000,751
2016-07-27,759,769,755,763,10596000,763
2016-07-28,757,763,749,760,6592000,760
2016-07-29,757,763,744,762,8359000,762
2016-08-01,755,775,749,770,8252000,770
2016-08-02,762,766,758,758,3895000,758
2016-08-03,758,766,751,756,7653000,756
2016-08-04,756,756,731,736,6389000,736
2016-08-05,728,738,710,713,9484000,713
2016-08-08,714,718,690,702,10969000,702
2016-08-09,685,735,677,729,19468000,729
2016-08-10,729,756,729,751,11159000,751
2016-08-12,755,758,746,750,8129000,750
2016-08-15,750,750,738,739,2738000,739
2016-08-16,742,744,732,732,3604000,732
2016-08-17,729,730,709,714,6861000,714
2016-08-18,710,722,707,711,5361000,711
2016-08-19,709,711,692,697,5828000,697
2016-08-22,702,702,691,700,7560000,700
2016-08-23,702,726,702,716,8128000,716
2016-08-24,719,721,709,712,4233000,712
2016-08-25,710,713,699,701,5016000,701
2016-08-26,701,702,694,696,4286000,696
2016-08-29,706,708,693,695,3786000,695
2016-08-30,696,698,690,694,3716000,694
2016-08-31,697,699,688,695,6139000,695
2016-09-01,701,702,691,699,6508000,699
2016-09-02,703,711,703,706,4802000,706
2016-09-05,709,709,695,698,5086000,698
2016-09-06,700,718,700,717,4774000,717
2016-09-07,713,725,713,721,6289000,721
2016-09-08,718,723,713,717,5268000,717
2016-09-09,710,717,706,708,4996000,708
2016-09-12,697,702,696,698,3945000,698
2016-09-13,700,705,698,700,4905000,700
2016-09-14,700,706,698,702,3580000,702
2016-09-15,699,700,692,694,4767000,694
2016-09-16,704,709,695,699,7701000,699
2016-09-20,699,706,691,698,6333000,698
2016-09-21,699,710,695,708,4312000,708
2016-09-23,709,716,705,711,3941000,711
2016-09-26,711,713,706,707,2546000,707
2016-09-27,704,719,697,719,4030000,719
2016-09-28,715,717,704,713,4437000,713
2016-09-29,714,716,704,711,4576000,711
2016-09-30,701,708,698,704,3914000,704
2016-10-03,708,711,700,701,3379000,701
2016-10-04,708,708,701,704,2894000,704
2016-10-05,707,708,695,696,4075000,696
2016-10-06,698,698,693,694,3796000,694
2016-10-07,697,697,692,694,3561000,694
2016-10-11,710,713,694,696,11121000,696
2016-10-12,699,712,697,702,9202000,702
2016-10-13,702,703,692,697,6785000,697
2016-10-14,697,698,691,696,5515000,696
2016-10-17,694,694,681,684,8187000,684
2016-10-18,686,700,684,700,7830000,700
2016-10-19,696,700,695,699,3834000,699
2016-10-20,698,703,696,701,4446000,701
2016-10-21,688,690,685,688,6915000,688
2016-10-24,688,693,685,691,6059000,691
2016-10-25,691,697,690,695,4856000,695
2016-10-26,697,701,693,699,5000000,699
2016-10-27,702,711,702,707,6641000,707
2016-10-28,710,710,701,705,7065000,705
2016-10-31,705,710,700,709,5890000,709
2016-11-01,707,711,703,710,4635000,710
2016-11-02,705,708,696,700,4187000,700
2016-11-04,695,700,685,692,5102000,692
2016-11-07,699,700,690,699,4182000,699
2016-11-08,700,710,698,707,6838000,707
2016-11-09,699,706,666,677,12310000,677
2016-11-10,694,699,681,694,9451000,694
2016-11-11,702,708,691,694,9132000,694
2016-11-14,700,704,694,697,6072000,697
2016-11-15,705,714,701,712,7643000,712
2016-11-16,715,732,710,729,9662000,729
2016-11-17,740,760,740,757,15054000,757
2016-11-18,757,760,752,757,6417000,757
2016-11-21,760,768,759,766,6706000,766
2016-11-22,768,777,767,775,8937000,775
2016-11-24,780,785,776,780,6379000,780
2016-11-25,780,781,771,776,5493000,776
2016-11-28,774,789,773,786,7734000,786
2016-11-29,790,798,789,794,7469000,794
2016-11-30,796,814,791,802,27456000,802
2016-12-01,805,815,798,805,9498000,805
2016-12-02,804,811,799,802,5374000,802
2016-12-05,807,810,798,803,5214000,803
2016-12-06,807,814,805,812,7720000,812
2016-12-07,811,818,805,815,7452000,815
2016-12-08,816,821,812,818,7361000,818
2016-12-09,818,821,815,818,6405000,818
2016-12-12,818,837,813,827,7851000,827
2016-12-13,824,832,824,831,4174000,831
2016-12-14,835,843,829,830,4111000,830
2016-12-15,833,834,822,826,6792000,826
2016-12-16,829,835,824,833,7156000,833
2016-12-19,824,826,816,822,5622000,822
2016-12-20,820,825,814,824,7519000,824
2016-12-21,823,823,812,816,7378000,816
2016-12-22,812,817,809,816,5555000,816
2016-12-26,814,814,807,807,4222000,807
2016-12-27,804,810,803,805,3952000,805
2016-12-28,809,820,808,813,5213000,813
2016-12-29,807,810,804,808,4129000,808
2016-12-30,806,811,802,809,3883000,809
2017-01-04,816,832,812,830,5659000,830
