Date,Open,High,Low,Close,Volume,Adj Close
2008-10-20,1350,1351,1271,1324,3189000,1324
2008-10-21,1330,1338,1307,1326,2040000,1326
2008-10-22,1253,1306,1251,1253,1753000,1253
2008-10-23,1193,1242,1164,1235,3756000,1235
2008-10-24,1155,1319,1140,1168,5296000,1168
2008-10-27,1237,1265,1162,1176,5986000,1176
2008-10-28,1216,1290,1154,1276,3797000,1276
2008-10-29,1256,1344,1241,1341,3535000,1341
2008-10-30,1342,1442,1320,1442,2436000,1442
2008-10-31,1330,1410,1301,1322,2590000,1322
2008-11-04,1361,1422,1352,1405,2016000,1405
2008-11-05,1425,1426,1347,1377,2628000,1377
2008-11-06,1297,1329,1244,1283,3083000,1283
2008-11-07,1224,1282,1224,1260,3115000,1260
2008-11-10,1330,1341,1255,1294,2383000,1294
2008-11-11,1294,1320,1264,1297,1949000,1297
2008-11-12,1217,1289,1217,1266,1927000,1266
2008-11-13,1202,1269,1200,1229,2529000,1229
2008-11-14,1283,1296,1263,1280,2504000,1280
2008-11-17,1260,1295,1237,1266,1541000,1266
2008-11-18,1266,1300,1251,1292,1901000,1292
2008-11-19,1253,1272,1228,1256,2098000,1256
2008-11-20,1205,1229,1187,1187,1839000,1187
2008-11-21,1150,1200,1150,1182,1673000,1182
2008-11-25,1222,1275,1192,1233,1924000,1233
2008-11-26,1213,1250,1206,1229,1279000,1229
2008-11-27,1249,1262,1238,1252,882000,1252
2008-11-28,1225,1232,1184,1196,1933000,1196
2008-12-01,1186,1211,1180,1195,942000,1195
2008-12-02,1115,1184,1112,1155,1818000,1155
2008-12-03,1203,1215,1185,1205,1533000,1205
2008-12-04,1222,1228,1195,1208,1325000,1208
2008-12-05,1207,1210,1185,1190,1058000,1190
2008-12-08,1187,1242,1185,1234,1186000,1234
2008-12-09,1240,1267,1218,1245,1259000,1245
2008-12-10,1265,1282,1244,1280,1252000,1280
2008-12-11,1260,1270,1225,1266,1663000,1266
2008-12-12,1214,1229,1172,1202,3780000,1202
2008-12-15,1225,1272,1207,1264,1092000,1264
2008-12-16,1268,1288,1262,1269,1065000,1269
2008-12-17,1289,1308,1264,1285,1666000,1285
2008-12-18,1286,1299,1266,1287,1565000,1287
2008-12-19,1267,1315,1256,1286,1181000,1286
2008-12-22,1326,1348,1322,1334,857000,1334
2008-12-24,1300,1323,1288,1319,693000,1319
2008-12-25,1299,1319,1299,1318,287000,1318
2008-12-26,1319,1339,1318,1339,424000,1339
2008-12-29,1325,1327,1303,1313,345000,1313
2008-12-30,1322,1350,1309,1347,449000,1347
2009-01-05,1348,1348,1309,1312,329000,1312
2009-01-06,1332,1335,1288,1298,1028000,1298
2009-01-07,1314,1315,1228,1234,1585000,1234
2009-01-08,1236,1250,1201,1204,1447000,1204
2009-01-09,1224,1237,1198,1200,1347000,1200
2009-01-13,1192,1211,1181,1187,1818000,1187
2009-01-14,1178,1188,1161,1169,2211000,1169
2009-01-15,1130,1144,1115,1120,2235000,1120
2009-01-16,1140,1160,1132,1149,1835000,1149
2009-01-19,1169,1185,1120,1128,1895000,1128
2009-01-20,1116,1133,1105,1124,2364000,1124
2009-01-21,1103,1129,1100,1104,2986000,1104
2009-01-22,1124,1142,1105,1141,1920000,1141
2009-01-23,1141,1141,1116,1126,1093000,1126
2009-01-26,1120,1156,1108,1137,1283000,1137
2009-01-27,1146,1179,1144,1173,1491000,1173
2009-01-28,1153,1168,1132,1138,1287000,1138
2009-01-29,1152,1167,1133,1166,1633000,1166
2009-01-30,1146,1152,1129,1152,908000,1152
2009-02-02,1123,1143,1116,1135,1389000,1135
2009-02-03,1148,1148,1108,1110,1269000,1110
2009-02-04,1110,1135,1096,1130,1527000,1130
2009-02-05,1130,1130,1106,1113,1147000,1113
2009-02-06,1128,1141,1118,1128,843000,1128
2009-02-09,1133,1133,1056,1059,1535000,1059
2009-02-10,1060,1077,1049,1057,1385000,1057
2009-02-12,1038,1058,1012,1054,1937000,1054
2009-02-13,1074,1110,1066,1077,2098000,1077
2009-02-16,1020,1052,1020,1037,1981000,1037
2009-02-17,1030,1047,1029,1042,902000,1042
2009-02-18,1020,1020,1006,1007,1073000,1007
2009-02-19,1025,1025,1001,1010,796000,1010
2009-02-20,1000,1011,975,979,1359000,979
2009-02-23,959,994,957,994,1239000,994
2009-02-24,964,970,940,945,1567000,945
2009-02-25,946,952,923,947,2092000,947
2009-02-26,948,970,943,956,1438000,956
2009-02-27,946,974,938,960,1376000,960
2009-03-02,931,934,908,914,1466000,914
2009-03-03,900,925,885,919,1817000,919
2009-03-04,929,969,925,966,3526000,966
2009-03-05,961,977,955,968,2493000,968
2009-03-06,950,952,935,935,1889000,935
2009-03-09,962,962,932,945,1510000,945
2009-03-10,946,951,923,924,1315000,924
2009-03-11,953,964,934,953,1606000,953
2009-03-12,947,957,935,948,1706000,948
2009-03-13,968,979,947,958,4016000,958
2009-03-16,968,989,959,974,1293000,974
2009-03-17,983,1020,973,1012,1423000,1012
2009-03-18,1012,1018,992,1013,1207000,1013
2009-03-19,1014,1033,996,1022,1390000,1022
2009-03-23,1000,1045,994,1041,2510000,1041
2009-03-24,1055,1114,1048,1108,2611000,1108
2009-03-25,1130,1147,1109,1129,1996000,1129
2009-03-26,1073,1090,1045,1086,1940000,1086
2009-03-27,1087,1109,1052,1097,1401000,1097
2009-03-30,1077,1102,1052,1052,1561000,1052
2009-03-31,1040,1064,1025,1025,2760000,1025
2009-04-01,1045,1078,1020,1073,1661000,1073
2009-04-02,1075,1099,1066,1082,1364000,1082
2009-04-03,1089,1097,1068,1073,1184000,1073
2009-04-06,1105,1106,1082,1099,1304000,1099
2009-04-07,1079,1104,1077,1099,993000,1099
2009-04-08,1081,1084,1062,1075,1448000,1075
2009-04-09,1065,1093,1061,1089,881000,1089
2009-04-10,1122,1130,1085,1103,1459000,1103
2009-04-13,1112,1112,1086,1094,660000,1094
2009-04-14,1114,1114,1082,1095,1078000,1095
2009-04-15,1087,1119,1086,1116,1140000,1116
2009-04-16,1134,1140,1114,1117,1471000,1117
2009-04-17,1118,1122,1080,1083,1666000,1083
2009-04-20,1073,1077,1056,1066,1123000,1066
2009-04-21,1026,1044,1026,1039,1205000,1039
2009-04-22,1040,1054,1013,1054,1703000,1054
2009-04-23,1055,1064,1023,1061,1199000,1061
2009-04-24,1069,1071,1038,1056,1029000,1056
2009-04-27,996,1029,996,1010,1802000,1010
2009-04-28,1010,1020,998,1010,1527000,1010
2009-04-30,1011,1020,1004,1013,1046000,1013
2009-05-01,1000,1007,987,1003,1773000,1003
2009-05-07,1033,1033,1017,1028,1176000,1028
2009-05-08,1011,1059,1000,1051,1814000,1051
2009-05-11,1058,1079,1055,1076,991000,1076
2009-05-12,1074,1086,1035,1048,1566000,1048
2009-05-13,1056,1102,1050,1096,1691000,1096
2009-05-14,1070,1100,1070,1087,1412000,1087
2009-05-15,1082,1093,1075,1079,960000,1079
2009-05-18,1081,1099,1073,1099,1142000,1099
2009-05-19,1103,1113,1091,1106,1010000,1106
2009-05-20,1115,1115,1089,1091,946000,1091
2009-05-21,1072,1083,1068,1080,1076000,1080
2009-05-22,1080,1119,1075,1115,1533000,1115
2009-05-25,1116,1160,1116,1156,1582000,1156
2009-05-26,1156,1165,1140,1157,1002000,1157
2009-05-27,1161,1186,1156,1171,1104000,1171
2009-05-28,1164,1177,1144,1144,1268000,1144
2009-05-29,1145,1157,1133,1147,1126000,1147
2009-06-01,1146,1172,1142,1161,854000,1161
2009-06-02,1161,1174,1129,1164,1242000,1164
2009-06-03,1144,1163,1141,1143,851000,1143
2009-06-04,1139,1142,1121,1128,927000,1128
2009-06-05,1143,1147,1111,1121,1365000,1121
2009-06-08,1132,1150,1125,1142,797000,1142
2009-06-09,1129,1170,1128,1164,1216000,1164
2009-06-10,1184,1187,1167,1181,995000,1181
2009-06-11,1218,1239,1181,1181,1659000,1181
2009-06-12,1205,1206,1166,1182,4223000,1182
2009-06-15,1197,1205,1181,1195,1064000,1195
2009-06-16,1179,1195,1170,1175,1094000,1175
2009-06-17,1198,1213,1184,1204,1306000,1204
2009-06-18,1193,1232,1193,1217,979000,1217
2009-06-19,1210,1218,1182,1204,1895000,1204
2009-06-22,1194,1232,1190,1214,1601000,1214
2009-06-23,1194,1208,1184,1193,1427000,1193
2009-06-24,1180,1193,1174,1179,987000,1179
2009-06-25,1191,1208,1188,1196,939000,1196
2009-06-26,1190,1198,1170,1183,1306000,1183
2009-06-29,1203,1226,1200,1213,1200000,1213
2009-06-30,1212,1230,1212,1219,1017000,1219
2009-07-01,1218,1221,1203,1210,1050000,1210
2009-07-02,1221,1223,1202,1206,1328000,1206
2009-07-03,1183,1186,1147,1169,1546000,1169
2009-07-06,1169,1184,1140,1151,1338000,1151
2009-07-07,1145,1160,1135,1147,1929000,1147
2009-07-08,1137,1159,1132,1136,1387000,1136
2009-07-09,1126,1128,1076,1085,2452000,1085
2009-07-10,1100,1107,1083,1098,2076000,1098
2009-07-13,1078,1096,1070,1072,1039000,1072
2009-07-14,1089,1092,1051,1078,1596000,1078
2009-07-15,1068,1105,1060,1093,1552000,1093
2009-07-16,1094,1097,1070,1082,1541000,1082
2009-07-17,1076,1082,1055,1071,1151000,1071
2009-07-21,1105,1121,1097,1111,1387000,1111
2009-07-22,1108,1111,1089,1109,861000,1109
2009-07-23,1095,1118,1094,1101,1110000,1101
2009-07-24,1112,1112,1085,1103,1533000,1103
2009-07-27,1104,1112,1096,1107,1190000,1107
2009-07-28,1108,1118,1102,1118,1054000,1118
2009-07-29,1126,1128,1102,1108,1260000,1108
2009-07-30,1126,1126,1105,1116,903000,1116
2009-07-31,1128,1160,1120,1160,1857000,1160
2009-08-03,1169,1172,1145,1151,1234000,1151
2009-08-04,1152,1155,1134,1142,1878000,1142
2009-08-05,1151,1186,1146,1170,1481000,1170
2009-08-06,1150,1168,1145,1164,1237000,1164
2009-08-07,1152,1175,1152,1170,1063000,1170
2009-08-10,1171,1175,1154,1169,775000,1169
2009-08-11,1174,1198,1167,1197,988000,1197
2009-08-12,1177,1190,1155,1160,1346000,1160
2009-08-13,1161,1162,1141,1150,895000,1150
2009-08-14,1159,1159,1136,1151,1516000,1151
2009-08-17,1140,1141,1116,1119,863000,1119
2009-08-18,1103,1113,1096,1105,1299000,1105
2009-08-19,1106,1111,1097,1099,1077000,1099
2009-08-20,1100,1107,1088,1106,1083000,1106
2009-08-21,1096,1100,1082,1093,1412000,1093
2009-08-24,1153,1168,1146,1155,1829000,1155
2009-08-25,1135,1145,1121,1123,1094000,1123
2009-08-26,1132,1136,1122,1133,1080000,1133
2009-08-27,1130,1139,1117,1123,1012000,1123
2009-08-28,1132,1132,1111,1117,1122000,1117
2009-08-31,1134,1146,1116,1126,1264000,1126
2009-09-01,1134,1137,1116,1120,838000,1120
2009-09-02,1100,1101,1086,1091,1423000,1091
2009-09-03,1072,1087,1068,1078,1051000,1078
2009-09-04,1089,1090,1067,1072,1440000,1072
2009-09-07,1087,1087,1060,1064,676000,1064
2009-09-08,1072,1072,1045,1051,1223000,1051
2009-09-09,1052,1056,1036,1050,1579000,1050
2009-09-10,1055,1058,1045,1056,1756000,1056
2009-09-11,1068,1068,1042,1053,4284000,1053
2009-09-14,1053,1060,1043,1054,1772000,1054
2009-09-15,1055,1060,1048,1060,1242000,1060
2009-09-16,1061,1080,1057,1069,2268000,1069
2009-09-17,1070,1090,1070,1090,1832000,1090
2009-09-18,1095,1098,1079,1080,1338000,1080
2009-09-24,1062,1088,1060,1071,1453000,1071
2009-09-25,1074,1082,1051,1074,1326000,1074
2009-09-28,1109,1123,1092,1098,2193000,1098
2009-09-29,1118,1134,1108,1126,1898000,1126
2009-09-30,1134,1155,1129,1154,1638000,1154
2009-10-01,1120,1153,1117,1135,2255000,1135
2009-10-02,1130,1150,1104,1107,1697000,1107
2009-10-05,1108,1149,1107,1142,2038000,1142
2009-10-06,1146,1146,1110,1113,1560000,1113
2009-10-07,1107,1116,1088,1108,1335000,1108
2009-10-08,1109,1120,1101,1104,1080000,1104
2009-10-09,1112,1112,1097,1105,1499000,1105
2009-10-13,1099,1108,1083,1094,1175000,1094
2009-10-14,1108,1124,1100,1113,1524000,1113
2009-10-15,1122,1128,1111,1118,1013000,1118
2009-10-16,1115,1126,1114,1118,1191000,1118
2009-10-19,1110,1112,1097,1098,1411000,1098
2009-10-20,1102,1133,1100,1130,1313000,1130
2009-10-21,1122,1136,1122,1128,901000,1128
2009-10-22,1128,1129,1108,1113,772000,1113
2009-10-23,1123,1131,1112,1114,831000,1114
2009-10-26,1107,1116,1101,1109,782000,1109
2009-10-27,1096,1110,1089,1091,898000,1091
2009-10-28,1085,1104,1081,1093,1381000,1093
2009-10-29,1091,1108,1069,1072,1951000,1072
2009-10-30,1092,1093,1072,1073,1240000,1073
2009-11-02,1053,1057,1043,1049,1566000,1049
2009-11-04,1043,1048,1027,1045,1215000,1045
2009-11-05,1046,1049,1028,1038,875000,1038
2009-11-06,1058,1063,1020,1028,2212000,1028
2009-11-09,1037,1041,1006,1015,2124000,1015
2009-11-10,1035,1040,1021,1026,1583000,1026
2009-11-11,1046,1057,1038,1044,1507000,1044
2009-11-12,1041,1041,1008,1009,1273000,1009
2009-11-13,1015,1039,1015,1030,1588000,1030
2009-11-16,1040,1060,1040,1044,1810000,1044
2009-11-17,1064,1065,1052,1054,1916000,1054
2009-11-18,1066,1098,1065,1083,3081000,1083
2009-11-19,1085,1092,1075,1080,1679000,1080
2009-11-20,1073,1087,1073,1084,1312000,1084
2009-11-24,1064,1078,1047,1074,1366000,1074
2009-11-25,1075,1082,1059,1063,890000,1063
2009-11-26,1040,1062,1040,1058,1101000,1058
2009-11-27,1051,1063,1045,1047,921000,1047
2009-11-30,1065,1073,1045,1070,1215000,1070
2009-12-01,1060,1070,1053,1062,2001000,1062
2009-12-02,1060,1068,1046,1067,1112000,1067
2009-12-03,1073,1092,1066,1092,1220000,1092
2009-12-04,1091,1100,1064,1075,1353000,1075
2009-12-07,1078,1081,1062,1071,999000,1071
2009-12-08,1067,1086,1064,1081,1142000,1081
2009-12-09,1084,1086,1075,1079,929000,1079
2009-12-10,1080,1080,1049,1052,846000,1052
2009-12-11,1063,1063,1026,1048,3622000,1048
2009-12-14,1050,1051,1030,1036,933000,1036
2009-12-15,1028,1030,1016,1024,1099000,1024
2009-12-16,1038,1038,1019,1024,1509000,1024
2009-12-17,1034,1037,1019,1028,1351000,1028
2009-12-18,1029,1036,1023,1036,844000,1036
2009-12-21,1051,1052,1043,1046,656000,1046
2009-12-22,1042,1047,1030,1037,1088000,1037
2009-12-24,1042,1060,1041,1058,1331000,1058
2009-12-25,1046,1059,1040,1056,696000,1056
2009-12-28,1061,1078,1057,1075,868000,1075
2009-12-29,1081,1085,1069,1080,1083000,1080
2009-12-30,1090,1093,1074,1074,870000,1074
2010-01-04,1072,1072,1054,1057,1047000,1057
2010-01-05,1065,1065,1035,1038,1300000,1038
2010-01-06,1038,1052,1033,1048,1066000,1048
2010-01-07,1053,1053,1039,1048,1062000,1048
2010-01-08,1063,1064,1044,1055,2084000,1055
2010-01-12,1056,1066,1052,1063,746000,1063
2010-01-13,1061,1085,1055,1076,1520000,1076
2010-01-14,1094,1095,1075,1086,1604000,1086
2010-01-15,1109,1140,1082,1136,2932000,1136
2010-01-18,1150,1158,1120,1137,2004000,1137
2010-01-19,1138,1147,1136,1139,938000,1139
2010-01-20,1145,1152,1134,1139,941000,1139
2010-01-21,1169,1178,1145,1176,2250000,1176
2010-01-22,1152,1153,1116,1123,1716000,1123
2010-01-25,1093,1126,1093,1109,901000,1109
2010-01-26,1119,1129,1110,1118,1362000,1118
2010-01-27,1133,1150,1118,1134,1489000,1134
2010-01-28,1140,1149,1127,1141,1030000,1141
2010-01-29,1142,1154,1136,1140,1115000,1140
2010-02-01,1153,1153,1134,1149,1197000,1149
2010-02-02,1153,1155,1142,1145,847000,1145
2010-02-03,1143,1147,1123,1130,1022000,1130
2010-02-04,1131,1135,1113,1120,1360000,1120
2010-02-05,1093,1103,1090,1096,1139000,1096
2010-02-08,1096,1136,1094,1130,1387000,1130
2010-02-09,1105,1118,1103,1112,1105000,1112
2010-02-10,1108,1116,1099,1100,819000,1100
2010-02-12,1122,1135,1109,1127,1323000,1127
2010-02-15,1068,1097,1055,1058,2583000,1058
2010-02-16,1063,1070,1051,1051,1198000,1051
2010-02-17,1065,1082,1058,1078,1215000,1078
2010-02-18,1077,1090,1070,1089,899000,1089
2010-02-19,1092,1092,1071,1073,986000,1073
2010-02-22,1086,1097,1078,1082,1498000,1082
2010-02-23,1063,1079,1063,1073,1156000,1073
2010-02-24,1065,1074,1060,1074,787000,1074
2010-02-25,1070,1074,1065,1069,767000,1069
2010-02-26,1075,1090,1071,1087,1619000,1087
2010-03-01,1096,1099,1075,1078,1081000,1078
2010-03-02,1079,1096,1077,1093,884000,1093
2010-03-03,1093,1098,1086,1093,806000,1093
2010-03-04,1094,1094,1078,1079,954000,1079
2010-03-05,1089,1115,1084,1111,1590000,1111
2010-03-08,1115,1120,1108,1112,879000,1112
2010-03-09,1113,1134,1113,1130,1121000,1130
2010-03-10,1140,1146,1128,1129,988000,1129
2010-03-11,1127,1141,1125,1141,649000,1141
2010-03-12,1160,1160,1148,1156,4371000,1156
2010-03-15,1165,1165,1147,1151,750000,1151
2010-03-16,1146,1150,1136,1138,889000,1138
2010-03-17,1144,1145,1122,1140,2251000,1140
2010-03-18,1144,1168,1144,1161,1040000,1161
2010-03-19,1168,1169,1159,1164,652000,1164
2010-03-23,1169,1171,1164,1167,575000,1167
2010-03-24,1169,1179,1158,1166,743000,1166
2010-03-25,1161,1167,1154,1154,701000,1154
2010-03-26,1165,1178,1162,1178,1055000,1178
2010-03-29,1164,1172,1154,1165,713000,1165
2010-03-30,1168,1191,1168,1186,1239000,1186
2010-03-31,1195,1196,1178,1183,997000,1183
2010-04-01,1198,1213,1185,1210,1866000,1210
2010-04-02,1199,1203,1191,1193,1112000,1193
2010-04-05,1210,1220,1205,1209,1044000,1209
2010-04-06,1203,1216,1202,1216,1140000,1216
2010-04-07,1222,1240,1220,1222,1548000,1222
2010-04-08,1223,1238,1222,1233,1406000,1233
2010-04-09,1234,1252,1232,1239,3022000,1239
2010-04-12,1245,1267,1244,1251,1246000,1251
2010-04-13,1258,1260,1235,1242,999000,1242
2010-04-14,1253,1256,1228,1235,1201000,1235
2010-04-15,1241,1242,1220,1223,1275000,1223
2010-04-16,1230,1233,1209,1229,1358000,1229
2010-04-19,1213,1233,1211,1216,1107000,1216
2010-04-20,1229,1230,1201,1208,1605000,1208
2010-04-21,1211,1227,1210,1217,1043000,1217
2010-04-22,1205,1208,1198,1204,895000,1204
2010-04-23,1192,1206,1166,1202,887000,1202
2010-04-26,1204,1228,1204,1218,1000000,1218
2010-04-27,1209,1230,1203,1205,1311000,1205
2010-04-28,1180,1190,1173,1178,1413000,1178
2010-04-30,1202,1216,1186,1190,1618000,1190
2010-05-06,1160,1171,1152,1170,1569000,1170
2010-05-07,1125,1137,1109,1121,2131000,1121
2010-05-10,1133,1154,1122,1152,1546000,1152
2010-05-11,1156,1158,1141,1144,1153000,1144
2010-05-12,1145,1154,1130,1140,917000,1140
2010-05-13,1155,1179,1151,1160,1415000,1160
2010-05-14,1133,1145,1128,1140,1936000,1140
2010-05-17,1120,1126,1107,1116,1778000,1116
2010-05-18,1129,1142,1126,1138,1446000,1138
2010-05-19,1130,1155,1123,1154,2301000,1154
2010-05-20,1184,1188,1162,1166,2313000,1166
2010-05-21,1137,1142,1117,1120,1467000,1120
2010-05-24,1110,1125,1110,1115,1283000,1115
2010-05-25,1104,1105,1095,1100,1120000,1100
2010-05-26,1123,1129,1109,1117,1686000,1117
2010-05-27,1118,1127,1103,1120,1682000,1120
2010-05-28,1130,1132,1106,1113,1793000,1113
2010-05-31,1111,1141,1108,1137,865000,1137
2010-06-01,1141,1141,1126,1130,889000,1130
2010-06-02,1118,1146,1118,1131,1023000,1131
2010-06-03,1142,1145,1126,1139,737000,1139
2010-06-04,1139,1150,1137,1142,853000,1142
2010-06-07,1112,1114,1104,1106,970000,1106
2010-06-08,1076,1097,1070,1091,1350000,1091
2010-06-09,1065,1091,1059,1087,1717000,1087
2010-06-10,1107,1113,1101,1106,734000,1106
2010-06-11,1125,1126,1106,1114,4145000,1114
2010-06-14,1117,1132,1117,1132,730000,1132
2010-06-15,1122,1125,1117,1125,558000,1125
2010-06-16,1151,1152,1130,1142,968000,1142
2010-06-17,1134,1160,1126,1158,1130000,1158
2010-06-18,1162,1166,1150,1164,773000,1164
2010-06-21,1166,1176,1157,1172,789000,1172
2010-06-22,1160,1177,1160,1171,953000,1171
2010-06-23,1169,1173,1159,1163,885000,1163
2010-06-24,1157,1172,1154,1156,806000,1156
2010-06-25,1140,1151,1136,1143,488000,1143
2010-06-28,1142,1153,1141,1145,544000,1145
2010-06-29,1140,1144,1126,1129,559000,1129
2010-06-30,1099,1108,1094,1104,1418000,1104
2010-07-01,1088,1101,1085,1088,624000,1088
2010-07-02,1092,1097,1088,1093,1010000,1093
2010-07-05,1101,1112,1096,1112,670000,1112
2010-07-06,1099,1114,1098,1110,752000,1110
2010-07-07,1111,1115,1105,1114,676000,1114
2010-07-08,1136,1136,1125,1132,780000,1132
2010-07-09,1151,1155,1136,1151,1534000,1151
2010-07-12,1145,1156,1143,1146,702000,1146
2010-07-13,1153,1153,1140,1142,568000,1142
2010-07-14,1155,1163,1149,1153,1029000,1153
2010-07-15,1139,1153,1139,1150,802000,1150
2010-07-16,1145,1160,1122,1123,856000,1123
2010-07-20,1112,1140,1112,1129,627000,1129
2010-07-21,1146,1167,1137,1140,1116000,1140
2010-07-22,1141,1155,1136,1141,924000,1141
2010-07-23,1161,1171,1149,1164,718000,1164
2010-07-26,1168,1170,1159,1164,418000,1164
2010-07-27,1162,1162,1148,1152,626000,1152
2010-07-28,1163,1177,1158,1172,962000,1172
2010-07-29,1174,1188,1162,1164,1252000,1164
2010-07-30,1165,1166,1135,1137,1092000,1137
2010-08-02,1138,1147,1123,1123,1219000,1123
2010-08-03,1129,1142,1121,1129,1312000,1129
2010-08-04,1120,1125,1105,1111,970000,1111
2010-08-05,1126,1141,1116,1121,1409000,1121
2010-08-06,1108,1132,1108,1123,994000,1123
2010-08-09,1066,1104,1037,1046,4361000,1046
2010-08-10,1063,1079,1055,1067,2278000,1067
2010-08-11,1063,1065,1040,1042,1454000,1042
2010-08-12,1036,1050,1036,1047,1519000,1047
2010-08-13,1046,1063,1046,1058,1733000,1058
2010-08-16,1040,1058,1037,1053,1247000,1053
2010-08-17,1049,1054,1047,1048,834000,1048
2010-08-18,1060,1063,1047,1050,941000,1050
2010-08-19,1049,1053,1042,1052,1049000,1052
2010-08-20,1050,1052,1028,1028,1076000,1028
2010-08-23,1029,1043,1029,1034,758000,1034
2010-08-24,1030,1033,1018,1026,662000,1026
2010-08-25,1007,1016,996,1000,1760000,1000
2010-08-26,1010,1010,991,996,1161000,996
2010-08-27,990,1010,990,1005,1003000,1005
2010-08-30,1019,1035,1013,1022,1121000,1022
2010-08-31,1004,1013,997,1009,1173000,1009
2010-09-01,1003,1014,995,1010,1294000,1010
2010-09-02,1020,1030,1003,1026,924000,1026
2010-09-03,1032,1032,1022,1029,662000,1029
2010-09-06,1033,1040,1024,1039,520000,1039
2010-09-07,1037,1038,1028,1038,858000,1038
2010-09-08,1030,1033,1012,1018,626000,1018
2010-09-09,1035,1047,1030,1045,871000,1045
2010-09-10,1046,1056,1039,1051,2345000,1051
2010-09-13,1062,1064,1045,1046,845000,1046
2010-09-14,1047,1051,1039,1044,595000,1044
2010-09-15,1041,1063,1040,1057,1347000,1057
2010-09-16,1061,1064,1045,1047,884000,1047
2010-09-17,1050,1062,1046,1058,850000,1058
2010-09-21,1058,1058,1037,1045,998000,1045
2010-09-22,1038,1040,1024,1024,1301000,1024
2010-09-24,1025,1052,1024,1039,1194000,1039
2010-09-27,1053,1060,1051,1057,914000,1057
2010-09-28,1050,1051,1038,1043,672000,1043
2010-09-29,1024,1047,1023,1043,1194000,1043
2010-09-30,1042,1048,1022,1022,775000,1022
2010-10-01,1034,1035,1024,1030,986000,1030
2010-10-04,1031,1037,1019,1022,720000,1022
2010-10-05,1016,1028,1012,1028,647000,1028
2010-10-06,1030,1042,1022,1040,703000,1040
2010-10-07,1041,1050,1035,1039,866000,1039
2010-10-08,1040,1043,1027,1027,1650000,1027
2010-10-12,1051,1051,991,993,2031000,993
2010-10-13,1004,1008,986,988,1737000,988
2010-10-14,992,1000,986,996,829000,996
2010-10-15,991,996,986,988,884000,988
2010-10-18,988,996,985,985,639000,985
2010-10-19,991,1002,989,991,765000,991
2010-10-20,985,988,972,977,1265000,977
2010-10-21,982,988,972,978,737000,978
2010-10-22,981,990,977,977,633000,977
2010-10-25,972,976,966,971,981000,971
2010-10-26,962,972,956,966,1178000,966
2010-10-27,968,974,960,966,736000,966
2010-10-28,962,967,949,949,1089000,949
2010-10-29,954,956,932,936,1244000,936
2010-11-01,937,941,930,931,758000,931
2010-11-02,934,939,925,928,885000,928
2010-11-04,943,948,938,942,856000,942
2010-11-05,961,967,953,957,1055000,957
2010-11-08,963,975,957,975,956000,975
2010-11-09,961,970,956,965,1571000,965
2010-11-10,974,981,969,971,1142000,971
2010-11-11,975,986,973,986,965000,986
2010-11-12,985,990,980,983,1061000,983
2010-11-15,994,997,984,995,762000,995
2010-11-16,992,996,966,970,1049000,970
2010-11-17,961,978,961,977,665000,977
2010-11-18,972,1019,972,1018,1784000,1018
2010-11-19,1020,1023,1009,1021,763000,1021
2010-11-22,1039,1039,1020,1023,777000,1023
2010-11-24,1020,1032,1014,1026,1195000,1026
2010-11-25,1027,1035,1023,1029,1120000,1029
2010-11-26,1033,1043,1030,1035,1074000,1035
2010-11-29,1030,1033,1020,1020,1109000,1020
2010-11-30,1026,1031,1001,1001,1584000,1001
2010-12-01,1006,1016,1004,1010,701000,1010
2010-12-02,1029,1029,1015,1022,680000,1022
2010-12-03,1030,1038,1023,1025,533000,1025
2010-12-06,1023,1026,1014,1017,561000,1017
2010-12-07,1018,1019,1006,1016,930000,1016
2010-12-08,1030,1040,1023,1037,1101000,1037
2010-12-09,1044,1049,1040,1047,699000,1047
2010-12-10,1063,1064,1037,1052,4118000,1052
2010-12-13,1055,1060,1051,1057,595000,1057
2010-12-14,1054,1060,1048,1058,672000,1058
2010-12-15,1051,1058,1047,1056,500000,1056
2010-12-16,1064,1072,1059,1070,769000,1070
2010-12-17,1072,1078,1061,1076,952000,1076
2010-12-20,1074,1080,1065,1076,893000,1076
2010-12-21,1091,1095,1077,1091,1213000,1091
2010-12-22,1095,1097,1077,1078,1025000,1078
2010-12-24,1066,1068,1060,1063,756000,1063
2010-12-27,1069,1073,1068,1071,325000,1071
2010-12-28,1062,1066,1060,1063,601000,1063
2010-12-29,1069,1073,1063,1072,376000,1072
2010-12-30,1064,1072,1058,1061,554000,1061
2011-01-04,1070,1079,1064,1078,620000,1078
2011-01-05,1082,1082,1070,1078,674000,1078
2011-01-06,1088,1089,1077,1084,940000,1084
2011-01-07,1088,1090,1085,1088,592000,1088
2011-01-11,1085,1091,1080,1085,631000,1085
2011-01-12,1087,1090,1081,1083,893000,1083
2011-01-13,1102,1126,1097,1122,1498000,1122
2011-01-14,1110,1122,1100,1105,1921000,1105
2011-01-17,1133,1148,1129,1139,2122000,1139
2011-01-18,1146,1151,1136,1139,1418000,1139
2011-01-19,1143,1149,1135,1137,746000,1137
2011-01-20,1122,1135,1121,1135,785000,1135
2011-01-21,1131,1133,1113,1118,1145000,1118
2011-01-24,1122,1132,1121,1131,824000,1131
2011-01-25,1131,1134,1120,1130,741000,1130
2011-01-26,1121,1133,1108,1126,1206000,1126
2011-01-27,1130,1133,1115,1116,1208000,1116
2011-01-28,1113,1128,1105,1107,874000,1107
2011-01-31,1096,1096,1081,1085,1209000,1085
2011-02-01,1083,1094,1081,1094,1233000,1094
2011-02-02,1103,1112,1101,1105,718000,1105
2011-02-03,1098,1100,1087,1096,985000,1096
2011-02-04,1112,1117,1105,1106,896000,1106
2011-02-07,1118,1128,1115,1122,727000,1122
2011-02-08,1200,1239,1184,1196,3495000,1196
2011-02-09,1214,1214,1175,1180,1767000,1180
2011-02-10,1177,1182,1169,1176,1171000,1176
2011-02-14,1179,1180,1166,1173,965000,1173
2011-02-15,1177,1177,1168,1171,795000,1171
2011-02-16,1170,1185,1165,1175,1192000,1175
2011-02-17,1175,1184,1168,1171,1074000,1171
2011-02-18,1165,1169,1159,1161,914000,1161
2011-02-21,1145,1158,1139,1149,1485000,1149
2011-02-22,1141,1149,1137,1143,1051000,1143
2011-02-23,1142,1147,1131,1133,1033000,1133
2011-02-24,1139,1147,1115,1120,1413000,1120
2011-02-25,1129,1152,1125,1148,1318000,1148
2011-02-28,1144,1147,1123,1144,1095000,1144
2011-03-01,1148,1158,1144,1155,870000,1155
2011-03-02,1139,1149,1129,1130,675000,1130
2011-03-03,1144,1156,1138,1152,1010000,1152
2011-03-04,1166,1175,1162,1165,676000,1165
2011-03-07,1153,1156,1134,1137,657000,1137
2011-03-08,1130,1133,1126,1129,785000,1129
2011-03-09,1139,1153,1137,1145,593000,1145
2011-03-10,1146,1153,1136,1146,819000,1146
2011-03-11,1129,1138,1123,1123,3236000,1123
2011-03-14,1085,1103,1054,1056,1401000,1056
2011-03-15,1038,1048,861,865,2876000,865
2011-03-16,895,925,880,895,4011000,895
2011-03-17,854,897,851,883,3464000,883
2011-03-18,898,956,898,932,2672000,932
2011-03-22,956,984,950,980,2607000,980
2011-03-23,986,1003,971,992,3153000,992
2011-03-24,983,991,970,977,1633000,977
2011-03-25,994,996,983,994,1108000,994
2011-03-28,1000,1000,980,996,1367000,996
2011-03-29,991,1011,982,1007,2356000,1007
2011-03-30,1006,1022,993,1020,1441000,1020
2011-03-31,1029,1054,1014,1049,2655000,1049
2011-04-01,1053,1053,1022,1032,1252000,1032
2011-04-04,1032,1034,1016,1028,1163000,1028
2011-04-05,1028,1038,1012,1021,1185000,1021
2011-04-06,1026,1037,1018,1025,1065000,1025
2011-04-07,1046,1054,1036,1046,1415000,1046
2011-04-08,1050,1091,1046,1085,3323000,1085
2011-04-11,1090,1112,1084,1094,2307000,1094
2011-04-12,1078,1088,1055,1067,1748000,1067
2011-04-13,1066,1086,1060,1081,968000,1081
2011-04-14,1079,1095,1071,1085,1247000,1085
2011-04-15,1082,1088,1073,1083,957000,1083
2011-04-18,1087,1120,1083,1108,1603000,1108
2011-04-19,1099,1102,1080,1090,1525000,1090
2011-04-20,1128,1132,1117,1120,1420000,1120
2011-04-21,1122,1128,1111,1115,861000,1115
2011-04-22,1099,1113,1091,1093,1573000,1093
2011-04-25,1107,1121,1094,1097,955000,1097
2011-04-26,1100,1106,1088,1092,1038000,1092
2011-04-27,1104,1125,1104,1111,1104000,1111
2011-04-28,1116,1127,1106,1118,1561000,1118
2011-05-02,1129,1139,1124,1137,644000,1137
2011-05-06,1110,1131,1095,1125,1808000,1125
2011-05-09,1110,1125,1103,1112,1627000,1112
2011-05-10,1124,1133,1111,1129,1265000,1129
2011-05-11,1142,1161,1140,1156,1684000,1156
2011-05-12,1139,1150,1131,1131,754000,1131
2011-05-13,1137,1140,1103,1108,1568000,1108
2011-05-16,1101,1112,1095,1097,1183000,1097
2011-05-17,1090,1099,1082,1092,1169000,1092
2011-05-18,1102,1135,1101,1124,1385000,1124
2011-05-19,1144,1150,1131,1137,1572000,1137
2011-05-20,1127,1135,1115,1118,914000,1118
2011-05-23,1108,1118,1100,1103,795000,1103
2011-05-24,1099,1102,1088,1101,1109000,1101
2011-05-25,1105,1116,1097,1106,713000,1106
2011-05-26,1115,1131,1112,1123,1179000,1123
2011-05-27,1115,1119,1102,1105,1089000,1105
2011-05-30,1118,1118,1100,1115,1063000,1115
2011-05-31,1119,1144,1113,1142,1333000,1142
2011-06-01,1142,1142,1123,1137,1583000,1137
2011-06-02,1125,1133,1113,1117,2016000,1117
2011-06-03,1117,1123,1101,1104,1424000,1104
2011-06-06,1105,1108,1080,1088,1277000,1088
2011-06-07,1085,1093,1076,1093,1308000,1093
2011-06-08,1094,1094,1067,1075,2005000,1075
2011-06-09,1079,1080,1063,1075,1550000,1075
2011-06-10,1088,1099,1082,1092,3215000,1092
2011-06-13,1080,1090,1073,1090,759000,1090
2011-06-14,1087,1096,1078,1088,1242000,1088
2011-06-15,1085,1104,1078,1103,1040000,1103
2011-06-16,1102,1107,1074,1082,1071000,1082
2011-06-17,1104,1104,1086,1098,2045000,1098
2011-06-20,1110,1120,1105,1117,1310000,1117
2011-06-21,1121,1133,1117,1124,1177000,1124
2011-06-22,1133,1144,1130,1144,1373000,1144
2011-06-23,1127,1132,1119,1121,1188000,1121
2011-06-24,1120,1129,1116,1124,818000,1124
2011-06-27,1115,1118,1110,1112,794000,1112
2011-06-28,1112,1124,1107,1111,710000,1111
2011-06-29,1123,1129,1118,1128,652000,1128
2011-06-30,1135,1152,1128,1150,1686000,1150
2011-07-01,1160,1167,1150,1165,1408000,1165
2011-07-04,1175,1175,1148,1152,1119000,1152
2011-07-05,1146,1155,1146,1147,732000,1147
2011-07-06,1141,1156,1141,1156,1351000,1156
2011-07-07,1143,1165,1143,1161,1207000,1161
2011-07-08,1180,1180,1152,1156,1787000,1156
2011-07-11,1148,1156,1141,1146,1109000,1146
2011-07-12,1130,1145,1127,1144,1185000,1144
2011-07-13,1140,1144,1132,1142,972000,1142
2011-07-14,1131,1140,1123,1136,1151000,1136
2011-07-15,1125,1136,1122,1129,1853000,1129
2011-07-19,1125,1125,1073,1082,4336000,1082
2011-07-20,1083,1088,1063,1068,3272000,1068
2011-07-21,1069,1086,1059,1078,3356000,1078
2011-07-22,1070,1078,1061,1074,2303000,1074
2011-07-25,1065,1075,1065,1069,1073000,1069
2011-07-26,1067,1076,1067,1069,1546000,1069
2011-07-27,1074,1090,1073,1088,2293000,1088
2011-07-28,1077,1080,1069,1073,1258000,1073
2011-07-29,1078,1091,1071,1075,2192000,1075
2011-08-01,1083,1083,1072,1076,979000,1076
2011-08-02,1077,1101,1073,1096,2692000,1096
2011-08-03,1011,1036,1011,1023,4623000,1023
2011-08-04,1027,1035,1021,1031,1988000,1031
2011-08-05,1016,1017,1003,1009,2205000,1009
2011-08-08,1000,1016,998,1006,2109000,1006
2011-08-09,976,988,960,987,2461000,987
2011-08-10,1005,1018,998,1012,1991000,1012
2011-08-11,990,1025,984,1022,1829000,1022
2011-08-12,1020,1022,1007,1017,2057000,1017
2011-08-15,1032,1045,1017,1025,1685000,1025
2011-08-16,1024,1025,1014,1020,789000,1020
2011-08-17,1004,1012,1000,1006,1508000,1006
2011-08-18,1006,1007,993,996,1655000,996
2011-08-19,978,990,978,979,1103000,979
2011-08-22,967,979,963,970,1309000,970
2011-08-23,969,979,964,976,1889000,976
2011-08-24,975,977,963,968,1538000,968
2011-08-25,980,983,968,970,1304000,970
2011-08-26,963,973,955,959,1046000,959
2011-08-29,959,975,950,966,1421000,966
2011-08-30,966,972,959,963,1052000,963
2011-08-31,952,955,944,948,1596000,948
2011-09-01,950,963,949,963,1596000,963
2011-09-02,951,956,947,949,1146000,949
2011-09-05,948,965,948,961,1412000,961
2011-09-06,953,968,950,950,1330000,950
2011-09-07,957,963,946,955,1013000,955
2011-09-08,960,970,957,970,662000,970
2011-09-09,963,984,962,978,3564000,978
2011-09-12,963,964,954,957,1066000,957
2011-09-13,968,982,961,978,1302000,978
2011-09-14,971,979,960,963,1074000,963
2011-09-15,975,977,964,969,685000,969
2011-09-16,980,983,973,978,583000,978
2011-09-20,966,979,965,977,772000,977
2011-09-21,977,988,976,985,788000,985
2011-09-22,972,994,971,974,1514000,974
2011-09-26,976,989,961,963,1363000,963
2011-09-27,976,980,966,980,1241000,980
2011-09-28,975,993,974,989,1359000,989
2011-09-29,988,1017,988,1017,1019000,1017
2011-09-30,1021,1025,1011,1013,1104000,1013
2011-10-03,1004,1023,1003,1020,975000,1020
2011-10-04,1010,1020,1001,1017,1128000,1017
2011-10-05,1020,1030,1018,1028,1332000,1028
2011-10-06,1040,1040,996,1002,1617000,1002
2011-10-07,995,1004,961,965,1748000,965
2011-10-11,988,991,972,975,1294000,975
2011-10-12,970,978,958,960,1112000,960
2011-10-13,961,961,940,945,1686000,945
2011-10-14,938,957,936,951,2595000,951
2011-10-17,956,970,955,967,1060000,967
2011-10-18,957,964,956,958,789000,958
2011-10-19,971,980,967,977,1241000,977
2011-10-20,977,977,957,957,1242000,957
2011-10-21,957,958,946,948,700000,948
2011-10-24,952,969,951,957,1077000,957
2011-10-25,950,965,949,958,984000,958
2011-10-26,958,958,936,952,880000,952
2011-10-27,943,947,937,947,916000,947
2011-10-28,961,989,956,985,1997000,985
2011-10-31,990,1007,986,989,1121000,989
2011-11-01,964,992,961,988,1673000,988
2011-11-02,986,986,949,949,1331000,949
2011-11-04,946,954,944,953,1108000,953
2011-11-07,946,948,934,936,888000,936
2011-11-08,934,951,932,944,920000,944
2011-11-09,959,980,951,979,1043000,979
2011-11-10,970,985,960,968,1486000,968
2011-11-11,974,984,949,957,1678000,957
2011-11-14,978,997,970,987,1215000,987
2011-11-15,995,1001,978,988,1465000,988
2011-11-16,989,990,967,975,1221000,975
2011-11-17,976,980,960,968,856000,968
2011-11-18,956,968,954,960,908000,960
2011-11-21,961,984,961,968,822000,968
2011-11-22,962,973,948,957,1076000,957
2011-11-24,945,956,943,948,656000,948
2011-11-25,945,952,934,935,940000,935
2011-11-28,937,938,918,934,718000,934
2011-11-29,930,945,921,945,824000,945
2011-11-30,937,959,937,957,925000,957
2011-12-01,967,974,951,958,976000,958
2011-12-02,964,977,959,976,981000,976
2011-12-05,977,991,976,991,622000,991
2011-12-06,983,991,946,955,1309000,955
2011-12-07,960,976,959,973,810000,973
2011-12-08,958,971,951,967,643000,967
2011-12-09,951,971,951,966,3704000,966
2011-12-12,975,977,962,964,1030000,964
2011-12-13,960,962,946,949,1116000,949
2011-12-14,944,948,936,941,1270000,941
2011-12-15,941,947,939,946,766000,946
2011-12-16,950,958,945,949,1046000,949
2011-12-19,945,954,943,946,719000,946
2011-12-20,950,958,943,958,614000,958
2011-12-21,972,975,964,968,1105000,968
2011-12-22,959,973,952,969,1302000,969
2011-12-26,983,983,974,975,453000,975
2011-12-27,975,976,970,971,316000,971
2011-12-28,965,967,956,960,913000,960
2011-12-29,955,957,948,955,571000,955
2011-12-30,961,963,954,956,466000,956
2012-01-04,965,970,959,966,841000,966
2012-01-05,963,966,957,960,764000,960
2012-01-06,954,962,942,943,824000,943
2012-01-10,948,952,938,940,834000,940
2012-01-11,941,944,934,937,1128000,937
2012-01-12,935,937,930,931,1030000,931
2012-01-13,944,945,932,938,1822000,938
2012-01-16,932,933,923,927,863000,927
2012-01-17,928,931,921,923,725000,923
2012-01-18,922,931,919,931,958000,931
2012-01-19,931,938,927,930,973000,930
2012-01-20,945,961,943,957,1673000,957
2012-01-23,956,968,954,963,1172000,963
2012-01-24,965,979,961,973,1346000,973
2012-01-25,978,979,973,975,966000,975
2012-01-26,976,980,966,969,1062000,969
2012-01-27,976,983,973,978,1087000,978
2012-01-30,971,980,964,970,796000,970
2012-01-31,975,977,958,968,1087000,968
2012-02-01,972,990,970,983,1257000,983
2012-02-02,986,989,980,985,1117000,985
2012-02-03,982,985,978,981,646000,981
2012-02-06,986,988,973,974,581000,974
2012-02-07,973,975,962,964,884000,964
2012-02-08,968,971,962,965,819000,965
2012-02-09,966,976,964,972,1138000,972
2012-02-10,976,983,970,980,979000,980
2012-02-13,978,980,970,974,539000,974
2012-02-14,970,974,962,971,917000,971
2012-02-15,972,994,971,988,1126000,988
2012-02-16,985,989,975,977,975000,977
2012-02-17,990,992,978,988,832000,988
2012-02-20,998,1007,991,1006,1052000,1006
2012-02-21,998,1010,998,1005,731000,1005
2012-02-22,1009,1033,1009,1029,1204000,1029
2012-02-23,1031,1031,1014,1018,1145000,1018
2012-02-24,1015,1021,1005,1016,1084000,1016
2012-02-27,1016,1024,1014,1021,689000,1021
2012-02-28,1025,1039,1019,1039,848000,1039
2012-02-29,1045,1061,1042,1045,1366000,1045
2012-03-01,1051,1054,1030,1042,1426000,1042
2012-03-02,1050,1060,1045,1056,747000,1056
2012-03-05,1053,1062,1049,1053,714000,1053
2012-03-06,1052,1057,1030,1035,1515000,1035
2012-03-07,1029,1051,1029,1041,1091000,1041
2012-03-08,1054,1065,1049,1065,876000,1065
2012-03-09,1085,1090,1068,1081,3476000,1081
2012-03-12,1089,1089,1074,1075,814000,1075
2012-03-13,1079,1087,1073,1076,975000,1076
2012-03-14,1087,1089,1076,1076,683000,1076
2012-03-15,1077,1088,1073,1080,636000,1080
2012-03-16,1085,1085,1069,1071,595000,1071
2012-03-19,1073,1080,1071,1077,548000,1077
2012-03-21,1076,1078,1069,1072,806000,1072
2012-03-22,1075,1086,1074,1086,964000,1086
2012-03-23,1087,1087,1075,1077,807000,1077
2012-03-26,1076,1078,1069,1070,681000,1070
2012-03-27,1079,1094,1073,1089,916000,1089
2012-03-28,1067,1068,1058,1064,994000,1064
2012-03-29,1056,1070,1047,1059,1584000,1059
2012-03-30,1051,1056,1042,1051,1420000,1051
2012-04-02,1061,1061,1042,1044,1024000,1044
2012-04-03,1048,1048,1037,1042,625000,1042
2012-04-04,1041,1047,1027,1029,869000,1029
2012-04-05,1026,1032,1018,1021,859000,1021
2012-04-06,1021,1024,1010,1020,662000,1020
2012-04-09,1013,1022,1008,1014,845000,1014
2012-04-10,1024,1024,1006,1023,700000,1023
2012-04-11,1005,1005,987,992,1489000,992
2012-04-12,990,1005,985,992,1171000,992
2012-04-13,1001,1003,991,999,2327000,999
2012-04-16,984,1000,984,992,790000,992
2012-04-17,992,998,984,996,925000,996
2012-04-18,998,1007,988,1002,942000,1002
2012-04-19,996,997,987,992,929000,992
2012-04-20,992,997,985,987,723000,987
2012-04-23,991,998,982,984,572000,984
2012-04-24,985,993,976,990,1064000,990
2012-04-25,1004,1016,1002,1012,1902000,1012
2012-04-26,1028,1038,1026,1030,1345000,1030
2012-04-27,1019,1039,1013,1025,1787000,1025
2012-05-01,1025,1037,1018,1030,1000000,1030
2012-05-02,1030,1031,1018,1024,766000,1024
2012-05-07,1007,1028,1007,1019,847000,1019
2012-05-08,1021,1028,1014,1020,813000,1020
2012-05-09,1010,1017,1006,1006,1070000,1006
2012-05-10,1006,1006,993,996,866000,996
2012-05-11,1000,1008,998,1000,947000,1000
2012-05-14,1004,1005,981,984,835000,984
2012-05-15,980,1005,980,998,1345000,998
2012-05-16,998,1005,969,973,1565000,973
2012-05-17,971,975,958,972,1271000,972
2012-05-18,961,993,961,986,1849000,986
2012-05-21,987,987,975,984,1425000,984
2012-05-22,987,994,972,976,890000,976
2012-05-23,977,979,960,964,954000,964
2012-05-24,960,968,953,959,1022000,959
2012-05-25,960,967,953,960,1476000,960
2012-05-28,963,971,954,955,681000,955
2012-05-29,954,958,948,956,928000,956
2012-05-30,949,956,944,948,632000,948
2012-05-31,938,942,928,936,1252000,936
2012-06-01,931,940,928,937,895000,937
2012-06-04,924,950,923,949,1158000,949
2012-06-05,972,978,958,974,1844000,974
2012-06-06,979,1000,978,989,1809000,989
2012-06-07,994,995,977,985,1050000,985
2012-06-08,990,995,987,991,3463000,991
2012-06-11,996,996,988,988,838000,988
2012-06-12,977,982,971,978,752000,978
2012-06-13,982,995,977,992,714000,992
2012-06-14,993,997,985,988,1043000,988
2012-06-15,987,999,984,988,916000,988
2012-06-18,1000,1009,993,998,1018000,998
2012-06-19,997,1002,993,995,912000,995
2012-06-20,1002,1016,999,1014,994000,1014
2012-06-21,1008,1012,1004,1010,975000,1010
2012-06-22,1001,1016,1000,1010,699000,1010
2012-06-25,1017,1029,1016,1019,1057000,1019
2012-06-26,1019,1023,1009,1012,1063000,1012
2012-06-27,1009,1025,1007,1024,733000,1024
2012-06-28,1030,1046,1026,1044,802000,1044
2012-06-29,1034,1058,1034,1053,1726000,1053
2012-07-02,1057,1057,1036,1040,757000,1040
2012-07-03,1046,1079,1046,1072,1480000,1072
2012-07-04,1083,1097,1077,1095,1799000,1095
2012-07-05,1092,1096,1082,1085,1258000,1085
2012-07-06,1086,1092,1061,1071,1471000,1071
2012-07-09,1063,1073,1063,1065,763000,1065
2012-07-10,1084,1096,1081,1082,953000,1082
2012-07-11,1085,1089,1067,1077,645000,1077
2012-07-12,1078,1078,1066,1071,1033000,1071
2012-07-13,1064,1074,1063,1063,869000,1063
2012-07-17,1059,1071,1049,1068,1048000,1068
2012-07-18,1072,1076,1050,1053,1032000,1053
2012-07-19,1050,1063,1048,1051,804000,1051
2012-07-20,1044,1056,1039,1040,791000,1040
2012-07-23,1033,1039,1028,1031,772000,1031
2012-07-24,1026,1041,1026,1034,632000,1034
2012-07-25,1023,1035,1021,1027,993000,1027
2012-07-26,1041,1043,1005,1021,1485000,1021
2012-07-27,1022,1030,1020,1027,611000,1027
2012-07-30,1035,1038,1029,1035,496000,1035
2012-07-31,1031,1040,1028,1029,765000,1029
2012-08-01,1046,1059,1037,1055,1332000,1055
2012-08-02,1060,1067,1053,1056,958000,1056
2012-08-03,1038,1047,1026,1047,1444000,1047
2012-08-06,1057,1066,1047,1055,628000,1055
2012-08-07,1054,1057,1036,1042,1116000,1042
2012-08-08,1045,1062,1045,1058,1368000,1058
2012-08-09,1062,1068,1049,1065,1130000,1065
2012-08-10,1060,1070,1055,1065,1069000,1065
2012-08-13,1067,1080,1066,1075,453000,1075
2012-08-14,1074,1075,1030,1037,2470000,1037
2012-08-15,1039,1045,1028,1037,1315000,1037
2012-08-16,1041,1054,1037,1052,1037000,1052
2012-08-17,1052,1061,1047,1056,650000,1056
2012-08-20,1059,1062,1054,1061,481000,1061
2012-08-21,1060,1067,1055,1056,585000,1056
2012-08-22,1054,1054,1038,1054,747000,1054
2012-08-23,1052,1060,1048,1058,822000,1058
2012-08-24,1050,1056,1047,1054,460000,1054
2012-08-27,1064,1066,1055,1060,569000,1060
2012-08-28,1067,1069,1061,1063,701000,1063
2012-08-29,1070,1078,1067,1075,759000,1075
2012-08-30,1073,1074,1065,1070,601000,1070
2012-08-31,1065,1071,1051,1053,831000,1053
2012-09-03,1055,1056,1044,1047,791000,1047
2012-09-04,1045,1047,1037,1040,758000,1040
2012-09-05,1046,1055,1036,1051,1249000,1051
2012-09-06,1048,1052,1030,1036,1329000,1036
2012-09-07,1051,1051,1035,1044,751000,1044
2012-09-10,1049,1049,1033,1033,707000,1033
2012-09-11,1026,1032,1022,1027,574000,1027
2012-09-12,1035,1057,1032,1051,1341000,1051
2012-09-13,1046,1047,1030,1031,817000,1031
2012-09-14,1032,1035,995,1002,3590000,1002
2012-09-18,1009,1022,994,994,1621000,994
2012-09-19,990,1008,988,1000,1598000,1000
2012-09-20,1002,1029,999,1001,1867000,1001
2012-09-21,998,1018,998,1014,754000,1014
2012-09-24,1011,1026,1010,1021,1066000,1021
2012-09-25,1015,1028,1014,1028,898000,1028
2012-09-26,1024,1028,1014,1017,758000,1017
2012-09-27,1016,1023,1007,1020,542000,1020
2012-09-28,1018,1019,995,1002,1679000,1002
2012-10-01,994,997,985,990,938000,990
2012-10-02,985,986,968,978,1480000,978
2012-10-03,983,986,971,977,1345000,977
2012-10-04,982,994,972,990,1347000,990
2012-10-05,986,1005,983,1002,1186000,1002
2012-10-09,1003,1014,997,1002,1156000,1002
2012-10-10,1007,1009,990,998,1298000,998
2012-10-11,994,997,979,983,856000,983
2012-10-12,1005,1013,1001,1008,1704000,1008
2012-10-15,997,1001,985,993,1599000,993
2012-10-16,999,1010,999,1004,757000,1004
2012-10-17,1010,1018,1004,1010,1006000,1010
2012-10-18,1015,1027,1011,1023,758000,1023
2012-10-19,1027,1030,1017,1029,1487000,1029
2012-10-22,1020,1034,1019,1022,983000,1022
2012-10-23,1025,1029,1018,1025,607000,1025
2012-10-24,1019,1027,1017,1019,620000,1019
2012-10-25,1017,1028,1013,1026,585000,1026
2012-10-26,1030,1038,1020,1021,664000,1021
2012-10-29,1019,1021,1005,1007,1044000,1007
2012-10-30,1005,1016,997,998,968000,998
2012-10-31,1004,1004,990,990,867000,990
2012-11-01,1090,1119,1069,1114,4402000,1114
2012-11-02,1120,1135,1116,1120,3408000,1120
2012-11-05,1112,1120,1108,1113,1904000,1113
2012-11-06,1115,1122,1112,1118,1530000,1118
2012-11-07,1124,1124,1107,1116,1356000,1116
2012-11-08,1116,1116,1101,1110,1264000,1110
2012-11-09,1105,1111,1093,1107,1783000,1107
2012-11-12,1105,1114,1102,1110,861000,1110
2012-11-13,1114,1115,1105,1108,1050000,1108
2012-11-14,1108,1140,1108,1133,1704000,1133
2012-11-15,1135,1137,1119,1130,1456000,1130
2012-11-16,1127,1144,1120,1143,1556000,1143
2012-11-19,1145,1166,1145,1160,996000,1160
2012-11-20,1165,1184,1161,1178,1424000,1178
2012-11-21,1182,1183,1167,1175,1549000,1175
2012-11-22,1190,1190,1176,1179,1206000,1179
2012-11-26,1182,1187,1172,1178,1343000,1178
2012-11-27,1178,1182,1171,1174,1769000,1174
2012-11-28,1174,1195,1174,1189,1302000,1189
2012-11-29,1190,1217,1185,1210,1963000,1210
2012-11-30,1220,1239,1216,1229,1614000,1229
2012-12-03,1230,1234,1205,1208,1901000,1208
2012-12-04,1210,1215,1203,1207,1824000,1207
2012-12-05,1206,1217,1205,1211,1295000,1211
2012-12-06,1212,1222,1212,1219,1000000,1219
2012-12-07,1219,1224,1203,1204,1885000,1204
2012-12-10,1216,1216,1207,1211,964000,1211
2012-12-11,1211,1211,1192,1192,1426000,1192
2012-12-12,1192,1195,1176,1180,1765000,1180
2012-12-13,1187,1192,1167,1172,2142000,1172
2012-12-14,1172,1187,1171,1172,3388000,1172
2012-12-17,1190,1192,1179,1187,1271000,1187
2012-12-18,1187,1189,1173,1177,1121000,1177
2012-12-19,1184,1189,1174,1184,1556000,1184
2012-12-20,1184,1185,1164,1175,1544000,1175
2012-12-21,1183,1185,1150,1150,1772000,1150
2012-12-25,1162,1178,1161,1171,1040000,1171
2012-12-26,1182,1186,1161,1185,1231000,1185
2012-12-27,1194,1200,1187,1195,1103000,1195
2012-12-28,1200,1202,1186,1195,963000,1195
2013-01-04,1222,1224,1201,1209,961000,1209
2013-01-07,1209,1218,1204,1211,845000,1211
2013-01-08,1211,1213,1181,1184,1522000,1184
2013-01-09,1177,1193,1173,1186,1445000,1186
2013-01-10,1188,1206,1186,1200,753000,1200
2013-01-11,1202,1208,1199,1202,1482000,1202
2013-01-15,1212,1237,1210,1230,1542000,1230
2013-01-16,1239,1248,1221,1223,1896000,1223
2013-01-17,1218,1222,1209,1218,1257000,1218
2013-01-18,1231,1250,1231,1250,1175000,1250
2013-01-21,1253,1263,1244,1244,1137000,1244
2013-01-22,1252,1254,1221,1232,1218000,1232
2013-01-23,1222,1233,1211,1220,1061000,1220
2013-01-24,1220,1239,1219,1235,754000,1235
2013-01-25,1260,1267,1248,1267,1468000,1267
2013-01-28,1271,1278,1250,1252,956000,1252
2013-01-29,1222,1244,1217,1236,1559000,1236
2013-01-30,1237,1249,1228,1249,1318000,1249
2013-01-31,1236,1246,1224,1237,1294000,1237
2013-02-01,1246,1326,1246,1316,2107000,1316
2013-02-04,1322,1333,1309,1311,906000,1311
2013-02-05,1300,1311,1285,1290,1332000,1290
2013-02-06,1313,1353,1313,1346,1354000,1346
2013-02-07,1335,1346,1325,1331,1075000,1331
2013-02-08,1302,1334,1298,1318,1907000,1318
2013-02-12,1350,1357,1332,1341,908000,1341
2013-02-13,1335,1355,1335,1349,1038000,1349
2013-02-14,1350,1358,1340,1350,1041000,1350
2013-02-15,1344,1348,1316,1322,1077000,1322
2013-02-18,1349,1385,1347,1376,1097000,1376
2013-02-19,1371,1392,1360,1385,776000,1385
2013-02-20,1390,1396,1371,1396,1100000,1396
2013-02-21,1393,1399,1375,1376,677000,1376
2013-02-22,1371,1396,1370,1393,1151000,1393
2013-02-25,1425,1465,1425,1463,2181000,1463
2013-02-26,1433,1447,1422,1433,1340000,1433
2013-02-27,1434,1434,1402,1402,1136000,1402
2013-02-28,1422,1450,1418,1448,1151000,1448
2013-03-01,1437,1482,1430,1482,911000,1482
2013-03-04,1483,1488,1467,1484,845000,1484
2013-03-05,1493,1496,1468,1480,1191000,1480
2013-03-06,1488,1495,1481,1489,723000,1489
2013-03-07,1498,1504,1474,1490,1024000,1490
2013-03-08,1506,1557,1501,1544,4566000,1544
2013-03-11,1544,1549,1510,1529,1139000,1529
2013-03-12,1518,1518,1464,1473,2363000,1473
2013-03-13,1470,1483,1459,1479,1214000,1479
2013-03-14,1480,1485,1436,1457,1657000,1457
2013-03-15,1451,1599,1449,1552,7523000,1552
2013-03-18,1504,1537,1488,1509,1556000,1509
2013-03-19,1529,1538,1510,1523,967000,1523
2013-03-21,1526,1545,1522,1545,833000,1545
2013-03-22,1543,1544,1514,1516,990000,1516
2013-03-25,1541,1570,1539,1548,1206000,1548
2013-03-26,1550,1565,1541,1553,1150000,1553
2013-03-27,1548,1558,1530,1552,826000,1552
2013-03-28,1545,1548,1502,1517,1641000,1517
2013-03-29,1534,1552,1516,1551,805000,1551
2013-04-01,1550,1550,1487,1488,1307000,1488
2013-04-02,1489,1490,1440,1458,1224000,1458
2013-04-03,1467,1490,1457,1483,931000,1483
2013-04-04,1460,1512,1452,1512,1228000,1512
2013-04-05,1551,1568,1512,1513,2130000,1513
2013-04-08,1550,1565,1509,1530,1659000,1530
2013-04-09,1537,1541,1494,1500,1783000,1500
2013-04-10,1501,1510,1473,1481,2171000,1481
2013-04-11,1471,1489,1466,1475,2059000,1475
2013-04-12,1480,1480,1418,1430,3068000,1430
2013-04-15,1430,1445,1423,1430,1514000,1430
2013-04-16,1402,1434,1394,1422,1660000,1422
2013-04-17,1422,1436,1416,1431,737000,1431
2013-04-18,1427,1427,1379,1379,1965000,1379
2013-04-19,1379,1397,1367,1391,1046000,1391
2013-04-22,1421,1423,1393,1399,1365000,1399
2013-04-23,1401,1432,1400,1427,1403000,1427
2013-04-24,1439,1478,1434,1477,1758000,1477
2013-04-25,1466,1480,1466,1476,836000,1476
2013-04-26,1480,1480,1463,1473,1124000,1473
2013-04-30,1490,1502,1474,1496,1492000,1496
2013-05-01,1496,1500,1471,1479,765000,1479
2013-05-02,1497,1508,1472,1490,1251000,1490
2013-05-07,1522,1529,1510,1520,1137000,1520
2013-05-08,1517,1522,1496,1507,1134000,1507
2013-05-09,1547,1567,1532,1539,2133000,1539
2013-05-10,1578,1585,1549,1582,1644000,1582
2013-05-13,1600,1637,1600,1620,1566000,1620
2013-05-14,1638,1644,1590,1610,1708000,1610
2013-05-15,1626,1644,1598,1618,1524000,1618
2013-05-16,1610,1627,1580,1596,1030000,1596
2013-05-17,1565,1611,1551,1607,870000,1607
2013-05-20,1626,1629,1603,1608,744000,1608
2013-05-21,1584,1604,1567,1604,673000,1604
2013-05-22,1612,1623,1591,1615,665000,1615
2013-05-23,1621,1642,1509,1509,1728000,1509
2013-05-24,1510,1549,1462,1518,1523000,1518
2013-05-27,1458,1497,1447,1483,766000,1483
2013-05-28,1464,1523,1456,1497,1901000,1497
2013-05-29,1511,1511,1473,1480,1401000,1480
2013-05-30,1450,1478,1402,1409,2272000,1409
2013-05-31,1433,1458,1415,1437,2449000,1437
2013-06-03,1407,1417,1382,1385,1776000,1385
2013-06-04,1400,1441,1386,1433,1887000,1433
2013-06-05,1439,1480,1413,1413,1737000,1413
2013-06-06,1407,1438,1392,1417,1683000,1417
2013-06-07,1400,1425,1378,1404,2079000,1404
2013-06-10,1456,1457,1398,1448,1474000,1448
2013-06-11,1443,1472,1426,1439,819000,1439
2013-06-12,1420,1450,1412,1445,677000,1445
2013-06-13,1416,1430,1361,1365,1779000,1365
2013-06-14,1389,1425,1389,1403,2592000,1403
2013-06-17,1403,1453,1390,1449,1137000,1449
2013-06-18,1446,1451,1410,1426,1435000,1426
2013-06-19,1440,1452,1428,1448,579000,1448
2013-06-20,1422,1461,1410,1439,1056000,1439
2013-06-21,1427,1490,1411,1484,3425000,1484
2013-06-24,1482,1492,1442,1448,941000,1448
2013-06-25,1459,1475,1433,1450,1259000,1450
2013-06-26,1470,1471,1424,1428,883000,1428
2013-06-27,1446,1477,1431,1477,900000,1477
2013-06-28,1480,1522,1480,1517,1122000,1517
2013-07-01,1517,1563,1517,1558,926000,1558
2013-07-02,1578,1578,1532,1546,909000,1546
2013-07-03,1546,1553,1537,1548,1162000,1548
2013-07-04,1548,1588,1547,1583,1244000,1583
2013-07-05,1582,1602,1573,1588,1356000,1588
2013-07-08,1589,1599,1572,1574,658000,1574
2013-07-09,1591,1621,1585,1617,939000,1617
2013-07-10,1600,1605,1574,1586,1006000,1586
2013-07-11,1578,1610,1571,1607,760000,1607
2013-07-12,1620,1638,1607,1620,1518000,1620
2013-07-16,1644,1644,1610,1636,726000,1636
2013-07-17,1633,1647,1616,1647,775000,1647
2013-07-18,1637,1661,1630,1661,1546000,1661
2013-07-19,1663,1678,1618,1630,1734000,1630
2013-07-22,1641,1655,1614,1637,971000,1637
2013-07-23,1627,1666,1625,1645,1004000,1645
2013-07-24,1625,1625,1598,1605,1350000,1605
2013-07-25,1598,1601,1571,1588,1356000,1588
2013-07-26,1574,1581,1548,1565,1266000,1565
2013-07-29,1543,1554,1530,1533,904000,1533
2013-07-30,1534,1546,1522,1534,875000,1534
2013-07-31,1506,1534,1492,1510,1169000,1510
2013-08-01,1470,1471,1396,1429,3200000,1429
2013-08-02,1472,1526,1463,1520,2259000,1520
2013-08-05,1506,1512,1491,1496,894000,1496
2013-08-06,1498,1520,1467,1498,1117000,1498
2013-08-07,1461,1481,1450,1456,958000,1456
2013-08-08,1457,1480,1441,1447,712000,1447
2013-08-09,1455,1460,1435,1451,942000,1451
2013-08-12,1447,1449,1430,1440,530000,1440
2013-08-13,1462,1489,1458,1488,628000,1488
2013-08-14,1489,1508,1480,1504,910000,1504
2013-08-15,1491,1498,1468,1475,612000,1475
2013-08-16,1456,1475,1456,1463,619000,1463
2013-08-19,1467,1469,1441,1454,851000,1454
2013-08-20,1445,1450,1416,1419,1167000,1419
2013-08-21,1426,1428,1402,1424,614000,1424
2013-08-22,1414,1418,1391,1414,1080000,1414
2013-08-23,1430,1436,1417,1423,686000,1423
2013-08-26,1425,1433,1401,1406,519000,1406
2013-08-27,1406,1421,1391,1398,729000,1398
2013-08-28,1391,1397,1361,1385,1210000,1385
2013-08-29,1384,1390,1371,1385,531000,1385
2013-08-30,1398,1400,1362,1381,903000,1381
2013-09-02,1395,1423,1379,1417,797000,1417
2013-09-03,1428,1470,1428,1469,1710000,1469
2013-09-04,1445,1470,1432,1466,902000,1466
2013-09-05,1466,1466,1437,1448,672000,1448
2013-09-06,1447,1447,1398,1411,1223000,1411
2013-09-09,1438,1445,1405,1411,1591000,1411
2013-09-10,1428,1430,1414,1422,794000,1422
2013-09-11,1425,1433,1409,1410,669000,1410
2013-09-12,1410,1419,1401,1404,711000,1404
2013-09-13,1396,1415,1392,1410,2237000,1410
2013-09-17,1411,1422,1393,1395,751000,1395
2013-09-18,1406,1420,1397,1410,524000,1410
2013-09-19,1426,1426,1410,1418,733000,1418
2013-09-20,1423,1432,1418,1424,1184000,1424
2013-09-24,1420,1428,1407,1416,501000,1416
2013-09-25,1417,1429,1409,1420,854000,1420
2013-09-26,1422,1447,1404,1447,949000,1447
2013-09-27,1431,1441,1406,1417,1485000,1417
2013-09-30,1402,1415,1380,1405,1570000,1405
2013-10-01,1409,1409,1383,1387,1183000,1387
2013-10-02,1395,1398,1364,1371,1630000,1371
2013-10-03,1363,1378,1342,1343,1692000,1343
2013-10-04,1331,1345,1326,1331,1313000,1331
2013-10-07,1334,1340,1310,1323,1520000,1323
2013-10-08,1309,1313,1292,1308,1180000,1308
2013-10-09,1309,1344,1299,1342,1549000,1342
2013-10-10,1349,1353,1335,1352,1099000,1352
2013-10-11,1374,1384,1362,1368,1825000,1368
2013-10-15,1372,1392,1372,1389,1070000,1389
2013-10-16,1388,1403,1376,1396,749000,1396
2013-10-17,1407,1420,1397,1417,844000,1417
2013-10-18,1413,1420,1405,1415,657000,1415
2013-10-21,1413,1432,1411,1427,709000,1427
2013-10-22,1423,1441,1419,1432,565000,1432
2013-10-23,1432,1439,1409,1412,1089000,1412
2013-10-24,1407,1416,1397,1416,635000,1416
2013-10-25,1410,1413,1378,1379,889000,1379
2013-10-28,1384,1419,1380,1417,960000,1417
2013-10-29,1404,1429,1401,1424,1116000,1424
2013-10-30,1430,1451,1419,1446,2147000,1446
2013-10-31,1423,1444,1422,1434,1366000,1434
2013-11-01,1485,1541,1475,1524,2946000,1524
2013-11-05,1517,1523,1495,1500,1192000,1500
2013-11-06,1484,1504,1472,1485,1014000,1485
2013-11-07,1491,1498,1481,1482,536000,1482
2013-11-08,1469,1485,1458,1476,904000,1476
2013-11-11,1486,1520,1480,1516,1723000,1516
2013-11-12,1519,1547,1510,1547,2172000,1547
2013-11-13,1533,1547,1533,1543,1034000,1543
2013-11-14,1550,1590,1544,1570,1338000,1570
2013-11-15,1580,1584,1549,1578,1620000,1578
2013-11-18,1582,1591,1551,1561,1851000,1561
2013-11-19,1552,1569,1545,1566,1395000,1566
2013-11-20,1570,1570,1550,1554,649000,1554
2013-11-21,1570,1595,1570,1592,1075000,1592
2013-11-22,1598,1603,1580,1594,1126000,1594
2013-11-25,1605,1610,1595,1610,551000,1610
2013-11-26,1592,1604,1580,1581,682000,1581
2013-11-27,1600,1618,1594,1616,1699000,1616
2013-11-28,1629,1672,1622,1662,1726000,1662
2013-11-29,1661,1672,1645,1654,1271000,1654
2013-12-02,1640,1659,1625,1652,1472000,1652
2013-12-03,1687,1695,1651,1665,1703000,1665
2013-12-04,1641,1662,1630,1636,1571000,1636
2013-12-05,1625,1641,1615,1622,1115000,1622
2013-12-06,1611,1658,1611,1651,1105000,1651
2013-12-09,1673,1675,1658,1670,859000,1670
2013-12-10,1673,1680,1662,1675,1054000,1675
2013-12-11,1666,1687,1666,1678,1071000,1678
2013-12-12,1664,1681,1664,1671,666000,1671
2013-12-13,1670,1710,1670,1697,2883000,1697
2013-12-16,1699,1708,1693,1695,1520000,1695
2013-12-17,1713,1731,1709,1723,1852000,1723
2013-12-18,1721,1730,1711,1729,1317000,1729
2013-12-19,1750,1766,1737,1760,1239000,1760
2013-12-20,1770,1770,1729,1746,1430000,1746
2013-12-24,1745,1764,1738,1757,1050000,1757
2013-12-25,1792,1833,1783,1818,1572000,1818
2013-12-26,1812,1830,1807,1826,800000,1826
2013-12-27,1831,1844,1803,1814,754000,1814
2013-12-30,1814,1814,1791,1806,1049000,1806
2014-01-06,1771,1799,1762,1788,1335000,1788
2014-01-07,1774,1792,1767,1785,1074000,1785
2014-01-08,1847,1863,1828,1862,1732000,1862
2014-01-09,1850,1854,1821,1833,1254000,1833
2014-01-10,1809,1835,1801,1825,1962000,1825
2014-01-14,1800,1814,1769,1775,1426000,1775
2014-01-15,1808,1823,1783,1820,1616000,1820
2014-01-16,1813,1826,1762,1775,2018000,1775
2014-01-17,1757,1797,1740,1772,2454000,1772
2014-01-20,1785,1822,1768,1805,2163000,1805
2014-01-21,1808,1840,1798,1832,1083000,1832
2014-01-22,1816,1835,1802,1827,1128000,1827
2014-01-23,1842,1857,1820,1822,916000,1822
2014-01-24,1791,1803,1765,1779,956000,1779
2014-01-27,1739,1779,1716,1749,1427000,1749
2014-01-28,1721,1749,1717,1738,1121000,1738
2014-01-29,1795,1819,1779,1819,1489000,1819
2014-01-30,1761,1788,1745,1774,1308000,1774
2014-01-31,1760,1790,1737,1765,1095000,1765
2014-02-03,1745,1804,1741,1741,1193000,1741
2014-02-04,1685,1720,1661,1667,1751000,1667
2014-02-05,1671,1716,1665,1698,1870000,1698
2014-02-06,1695,1714,1672,1674,1114000,1674
2014-02-07,1698,1710,1679,1694,1217000,1694
2014-02-10,1710,1745,1690,1711,1368000,1711
2014-02-12,1671,1679,1645,1663,2051000,1663
2014-02-13,1647,1653,1587,1596,3468000,1596
2014-02-14,1566,1588,1513,1538,5285000,1538
2014-02-17,1547,1598,1543,1571,3295000,1571
2014-02-18,1578,1613,1573,1609,2500000,1609
2014-02-19,1607,1620,1593,1616,1652000,1616
2014-02-20,1626,1626,1573,1582,1829000,1582
2014-02-21,1603,1642,1601,1637,1472000,1637
2014-02-24,1637,1644,1612,1631,1257000,1631
2014-02-25,1626,1637,1621,1632,1172000,1632
2014-02-26,1622,1658,1619,1639,1232000,1639
2014-02-27,1648,1665,1632,1644,1492000,1644
2014-02-28,1653,1655,1621,1632,884000,1632
2014-03-03,1620,1624,1591,1619,1347000,1619
2014-03-04,1610,1630,1603,1625,773000,1625
2014-03-05,1645,1669,1629,1636,1171000,1636
2014-03-06,1659,1667,1635,1659,1083000,1659
2014-03-07,1656,1662,1646,1659,796000,1659
2014-03-10,1699,1718,1655,1672,4531000,1672
2014-03-11,1681,1702,1680,1694,1277000,1694
2014-03-12,1689,1689,1644,1649,1698000,1649
2014-03-13,1649,1676,1635,1657,1134000,1657
2014-03-14,1630,1659,1610,1614,3698000,1614
2014-03-17,1614,1654,1607,1638,1709000,1638
2014-03-18,1647,1659,1578,1582,2460000,1582
2014-03-19,1600,1603,1560,1569,2163000,1569
2014-03-20,1587,1593,1536,1549,1740000,1549
2014-03-24,1575,1587,1534,1537,2128000,1537
2014-03-25,1467,1518,1466,1504,2324000,1504
2014-03-26,1526,1548,1501,1535,2722000,1535
2014-03-27,1516,1533,1495,1526,1241000,1526
2014-03-28,1533,1570,1524,1566,1258000,1566
2014-03-31,1568,1569,1530,1537,1187000,1537
2014-04-01,1528,1534,1505,1511,1469000,1511
2014-04-02,1528,1532,1516,1523,945000,1523
2014-04-03,1538,1553,1529,1540,1127000,1540
2014-04-04,1572,1595,1545,1591,2335000,1591
2014-04-07,1561,1588,1556,1587,1623000,1587
2014-04-08,1592,1636,1591,1602,2184000,1602
2014-04-09,1601,1626,1567,1616,2856000,1616
2014-04-10,1643,1664,1635,1638,2460000,1638
2014-04-11,1622,1658,1603,1653,3084000,1653
2014-04-14,1688,1723,1672,1674,2411000,1674
2014-04-15,1698,1708,1682,1704,1478000,1704
2014-04-16,1729,1753,1720,1744,1934000,1744
2014-04-17,1731,1759,1727,1748,1773000,1748
2014-04-18,1764,1776,1749,1752,1396000,1752
2014-04-21,1744,1759,1722,1735,797000,1735
2014-04-22,1735,1746,1720,1720,671000,1720
2014-04-23,1716,1746,1709,1745,866000,1745
2014-04-24,1761,1780,1709,1727,1405000,1727
2014-04-25,1739,1766,1734,1752,847000,1752
2014-04-28,1724,1759,1722,1754,433000,1754
2014-04-30,1752,1773,1745,1771,647000,1771
2014-05-01,1767,1775,1744,1762,1020000,1762
2014-05-02,1733,1742,1711,1725,1600000,1725
2014-05-07,1721,1725,1701,1704,1356000,1704
2014-05-08,1722,1754,1706,1744,1151000,1744
2014-05-09,1890,1890,1779,1805,2557000,1805
2014-05-12,1804,1819,1773,1780,980000,1780
2014-05-13,1802,1831,1791,1800,1317000,1800
2014-05-14,1824,1850,1791,1808,1338000,1808
2014-05-15,1796,1843,1781,1829,1411000,1829
2014-05-16,1794,1809,1791,1806,1043000,1806
2014-05-19,1818,1821,1788,1790,810000,1790
2014-05-20,1814,1849,1813,1827,1180000,1827
2014-05-21,1827,1860,1819,1854,2131000,1854
2014-05-22,1870,1885,1856,1884,1663000,1884
2014-05-23,1914,1954,1914,1943,2858000,1943
2014-05-26,1980,1989,1962,1973,2003000,1973
2014-05-27,1982,2028,1974,1975,1705000,1975
2014-05-28,1967,2009,1964,1991,1358000,1991
2014-05-29,1951,1987,1950,1980,1730000,1980
2014-05-30,1980,1989,1955,1980,2255000,1980
2014-06-02,2012,2055,2007,2030,1752000,2030
2014-06-03,2053,2067,2028,2042,1436000,2042
2014-06-04,2032,2034,2004,2016,1258000,2016
2014-06-05,2020,2025,1993,2006,1164000,2006
2014-06-06,2005,2021,1987,2014,979000,2014
2014-06-09,2016,2016,1988,1991,911000,1991
2014-06-10,2002,2002,1961,1965,1052000,1965
2014-06-11,1959,1987,1959,1963,966000,1963
2014-06-12,1966,1984,1960,1967,931000,1967
2014-06-13,1954,2011,1954,2005,1945000,2005
2014-06-16,1987,1993,1960,1968,674000,1968
2014-06-17,1986,1987,1963,1981,1180000,1981
2014-06-18,1990,1997,1975,1975,912000,1975
2014-06-19,1966,2009,1959,2007,1691000,2007
2014-06-20,1985,2018,1980,1988,2165000,1988
2014-06-23,2001,2021,1984,2021,1146000,2021
2014-06-24,1994,2040,1994,2017,921000,2017
2014-06-25,2006,2023,1989,1992,673000,1992
2014-06-26,2015,2044,2008,2027,1337000,2027
2014-06-27,2019,2020,1952,1957,1780000,1957
2014-06-30,1961,1979,1954,1979,1692000,1979
2014-07-01,1991,2018,1976,2013,1118000,2013
2014-07-02,2036,2062,2025,2042,1364000,2042
2014-07-03,2069,2081,2027,2034,1063000,2034
2014-07-04,2058,2060,2023,2027,506000,2027
2014-07-07,2050,2064,2040,2042,780000,2042
2014-07-08,2030,2037,2011,2018,904000,2018
2014-07-09,2017,2055,2010,2050,858000,2050
2014-07-10,2062,2083,2060,2066,1248000,2066
2014-07-11,2078,2171,2078,2159,3376000,2159
2014-07-14,2143,2156,2119,2121,1122000,2121
2014-07-15,2121,2130,2104,2122,713000,2122
2014-07-16,2116,2135,2110,2118,571000,2118
2014-07-17,2118,2136,2111,2135,777000,2135
2014-07-18,2102,2117,2085,2109,792000,2109
2014-07-22,2108,2140,2108,2124,900000,2124
2014-07-23,2124,2134,2119,2127,387000,2127
2014-07-24,2127,2132,2110,2115,699000,2115
2014-07-25,2138,2158,2124,2138,754000,2138
2014-07-28,2120,2156,2118,2142,613000,2142
2014-07-29,2127,2159,2126,2151,935000,2151
2014-07-30,2137,2158,2127,2142,924000,2142
2014-07-31,2142,2144,2111,2122,1156000,2122
2014-08-01,2180,2283,2170,2261,2362000,2261
2014-08-04,2250,2334,2247,2325,1943000,2325
2014-08-05,2225,2277,2212,2215,2524000,2215
2014-08-06,2180,2225,2180,2204,988000,2204
2014-08-07,2221,2237,2205,2221,896000,2221
2014-08-08,2189,2234,2156,2166,1196000,2166
2014-08-11,2216,2257,2192,2252,793000,2252
2014-08-12,2258,2272,2239,2245,525000,2245
2014-08-13,2250,2253,2223,2238,621000,2238
2014-08-14,2242,2346,2242,2339,1482000,2339
2014-08-15,2325,2330,2284,2291,971000,2291
2014-08-18,2298,2302,2270,2273,801000,2273
2014-08-19,2318,2342,2266,2281,1573000,2281
2014-08-20,2283,2300,2254,2279,745000,2279
2014-08-21,2288,2304,2267,2279,824000,2279
2014-08-22,2258,2281,2242,2273,846000,2273
2014-08-25,2258,2273,2205,2220,1692000,2220
2014-08-26,2205,2215,2169,2195,2218000,2195
2014-08-27,2195,2232,2183,2213,1203000,2213
2014-08-28,2190,2226,2186,2223,1129000,2223
2014-08-29,2205,2223,2197,2202,850000,2202
2014-09-01,2199,2208,2165,2177,960000,2177
2014-09-02,2192,2208,2169,2200,1012000,2200
2014-09-03,2218,2225,2196,2210,1156000,2210
2014-09-04,2192,2232,2189,2227,1056000,2227
2014-09-05,2240,2246,2213,2219,623000,2219
2014-09-08,2207,2215,2169,2175,952000,2175
2014-09-09,2181,2191,2116,2121,1526000,2121
2014-09-10,2112,2133,2103,2128,1440000,2128
2014-09-11,2123,2132,2092,2112,1447000,2112
2014-09-12,2118,2171,2112,2160,2718000,2160
2014-09-16,2170,2170,2136,2144,767000,2144
2014-09-17,2165,2179,2159,2170,755000,2170
2014-09-18,2201,2210,2172,2197,1092000,2197
2014-09-19,2220,2256,2214,2249,1881000,2249
2014-09-22,2228,2303,2228,2280,1918000,2280
2014-09-24,2239,2277,2223,2263,1512000,2263
2014-09-25,2305,2312,2281,2310,1205000,2310
2014-09-26,2255,2296,2243,2286,1253000,2286
2014-09-29,2309,2319,2285,2294,672000,2294
2014-09-30,2297,2334,2295,2326,1438000,2326
2014-10-01,2309,2352,2304,2338,1024000,2338
2014-10-02,2330,2330,2272,2272,1202000,2272
2014-10-03,2261,2301,2248,2297,1501000,2297
2014-10-06,2310,2329,2272,2314,1070000,2314
2014-10-07,2296,2401,2296,2379,1533000,2379
2014-10-08,2376,2408,2358,2366,1516000,2366
2014-10-09,2395,2410,2334,2338,1325000,2338
2014-10-10,2338,2358,2302,2313,1574000,2313
2014-10-14,2295,2387,2292,2352,2226000,2352
2014-10-15,2356,2370,2337,2364,1184000,2364
2014-10-16,2303,2374,2302,2353,1263000,2353
2014-10-17,2395,2434,2354,2354,1834000,2354
2014-10-20,2410,2430,2395,2429,1623000,2429
2014-10-21,2404,2425,2363,2376,1478000,2376
2014-10-22,2396,2436,2375,2435,1204000,2435
2014-10-23,2441,2464,2418,2431,1081000,2431
2014-10-24,2437,2457,2409,2456,1004000,2456
2014-10-27,2487,2503,2460,2486,930000,2486
2014-10-28,2470,2497,2450,2472,1041000,2472
2014-10-29,2489,2503,2463,2485,1161000,2485
2014-10-30,2491,2500,2453,2479,2886000,2479
2014-10-31,2478,2562,2456,2535,2315000,2535
2014-11-04,2636,2636,2380,2383,4798000,2383
2014-11-05,2384,2407,2372,2398,2341000,2398
2014-11-06,2365,2409,2341,2387,2661000,2387
2014-11-07,2390,2417,2375,2413,1969000,2413
2014-11-10,2414,2442,2409,2432,1550000,2432
2014-11-11,2427,2462,2409,2456,1264000,2456
2014-11-12,2476,2485,2448,2462,1878000,2462
2014-11-13,2450,2498,2446,2496,1126000,2496
2014-11-14,2509,2510,2463,2492,2353000,2492
2014-11-17,2481,2488,2403,2429,1424000,2429
2014-11-18,2479,2529,2474,2528,1969000,2528
2014-11-19,2523,2540,2487,2493,1519000,2493
2014-11-20,2528,2561,2515,2549,1153000,2549
2014-11-21,2575,2575,2514,2546,1406000,2546
2014-11-25,2538,2541,2483,2507,2164000,2507
2014-11-26,2509,2517,2441,2441,2038000,2441
2014-11-27,2428,2450,2403,2407,1002000,2407
2014-11-28,2397,2408,2373,2383,1569000,2383
2014-12-01,2378,2415,2378,2393,1301000,2393
2014-12-02,2355,2437,2352,2428,1419000,2428
2014-12-03,2456,2468,2423,2467,1420000,2467
2014-12-04,2479,2485,2445,2452,662000,2452
2014-12-05,2420,2444,2413,2423,854000,2423
2014-12-08,2427,2467,2425,2460,815000,2460
2014-12-09,2447,2474,2439,2473,637000,2473
2014-12-10,2474,2487,2444,2467,1206000,2467
2014-12-11,2428,2436,2412,2428,1269000,2428
2014-12-12,2432,2458,2421,2421,2723000,2421
2014-12-15,2408,2455,2400,2442,1073000,2442
2014-12-16,2426,2456,2412,2448,1685000,2448
2014-12-17,2455,2477,2424,2461,1648000,2461
2014-12-18,2463,2477,2445,2477,1604000,2477
2014-12-19,2500,2618,2496,2610,2482000,2610
2014-12-22,2609,2627,2595,2607,863000,2607
2014-12-24,2637,2689,2620,2668,1150000,2668
2014-12-25,2695,2742,2665,2742,1216000,2742
2014-12-26,2724,2743,2675,2691,1037000,2691
2014-12-29,2732,2732,2647,2671,1078000,2671
2014-12-30,2652,2664,2636,2638,688000,2638
2015-01-05,2613,2658,2609,2627,977000,2627
2015-01-06,2595,2615,2563,2569,1062000,2569
2015-01-07,2607,2743,2607,2730,2117000,2730
2015-01-08,2720,2811,2720,2801,1675000,2801
2015-01-09,2797,2808,2745,2774,1955000,2774
2015-01-13,2730,2786,2707,2786,1533000,2786
2015-01-14,2770,2847,2754,2794,1638000,2794
2015-01-15,2770,2818,2757,2815,1219000,2815
2015-01-16,2742,2774,2700,2754,2002000,2754
2015-01-19,2784,2842,2773,2840,967000,2840
2015-01-20,2849,2912,2842,2911,1195000,2911
2015-01-21,2880,2921,2880,2898,1279000,2898
2015-01-22,2909,2943,2871,2943,1440000,2943
2015-01-23,2941,2950,2847,2859,1982000,2859
2015-01-26,2847,2904,2840,2898,1045000,2898
2015-01-27,2913,2953,2898,2944,1645000,2944
2015-01-28,2922,2999,2922,2977,1673000,2977
2015-01-29,2927,2998,2927,2931,1541000,2931
2015-01-30,2970,2996,2921,2921,1345000,2921
2015-02-02,2750,2910,2732,2847,2388000,2847
2015-02-03,2868,2895,2800,2815,1467000,2815
2015-02-04,2775,2818,2740,2770,2781000,2770
2015-02-05,2775,2807,2738,2740,1849000,2740
2015-02-06,2741,2757,2661,2676,2302000,2676
2015-02-09,2702,2710,2661,2687,1855000,2687
2015-02-10,2689,2702,2605,2640,2304000,2640
2015-02-12,2694,2775,2663,2733,3893000,2733
2015-02-13,2709,2746,2661,2687,1541000,2687
2015-02-16,2724,2724,2634,2642,1115000,2642
2015-02-17,2630,2673,2602,2671,892000,2671
2015-02-18,2691,2731,2667,2726,1059000,2726
2015-02-19,2750,2795,2746,2780,1700000,2780
2015-02-20,2793,2798,2739,2744,925000,2744
2015-02-23,2771,2771,2747,2766,790000,2766
2015-02-24,2776,2777,2743,2763,824000,2763
2015-02-25,2777,2777,2737,2747,722000,2747
2015-02-26,2741,2788,2721,2777,909000,2777
2015-02-27,2810,2822,2721,2723,2130000,2723
2015-03-02,2727,2760,2727,2736,855000,2736
2015-03-03,2760,2832,2745,2826,1782000,2826
2015-03-04,2812,2867,2762,2778,2668000,2778
2015-03-05,2795,2817,2784,2813,956000,2813
2015-03-06,2813,2895,2808,2884,2071000,2884
2015-03-09,2851,2878,2810,2853,1676000,2853
2015-03-10,2831,2865,2794,2807,1690000,2807
2015-03-11,2784,2815,2769,2775,1363000,2775
2015-03-12,2789,2813,2756,2807,1169000,2807
2015-03-13,2808,2822,2773,2785,2604000,2785
2015-03-16,2812,2829,2787,2813,1003000,2813
2015-03-17,2822,2833,2805,2811,767000,2811
2015-03-18,2820,2862,2807,2857,914000,2857
2015-03-19,2832,2850,2791,2802,1234000,2802
2015-03-20,2822,2826,2771,2786,1038000,2786
2015-03-23,2800,2834,2796,2830,812000,2830
2015-03-24,2833,2840,2794,2804,922000,2804
2015-03-25,2813,2840,2811,2838,1175000,2838
2015-03-26,2837,2853,2818,2836,1293000,2836
2015-03-27,2812,2867,2790,2825,1879000,2825
2015-03-30,2840,2890,2830,2880,1248000,2880
2015-03-31,2900,2914,2767,2768,1976000,2768
2015-04-01,2817,2827,2740,2752,1448000,2752
2015-04-02,2778,2808,2752,2762,1279000,2762
2015-04-03,2754,2815,2749,2813,808000,2813
2015-04-06,2800,2844,2780,2804,481000,2804
2015-04-07,2816,2829,2783,2813,961000,2813
2015-04-08,2818,2904,2811,2897,1643000,2897
2015-04-09,2859,2945,2859,2916,1213000,2916
2015-04-10,2899,2945,2867,2941,1636000,2941
2015-04-13,2940,2940,2851,2856,988000,2856
2015-04-14,2846,2872,2825,2830,620000,2830
2015-04-15,2815,2824,2761,2765,1179000,2765
2015-04-16,2790,2791,2741,2767,1353000,2767
2015-04-17,2750,2759,2698,2701,1089000,2701
2015-04-20,2638,2721,2627,2664,1688000,2664
2015-04-21,2666,2746,2652,2734,1487000,2734
2015-04-22,2721,2724,2680,2699,1166000,2699
2015-04-23,2700,2726,2683,2711,1283000,2711
2015-04-24,2701,2742,2688,2731,1433000,2731
2015-04-27,2743,2745,2708,2715,978000,2715
2015-04-28,2745,2767,2719,2754,1293000,2754
2015-04-30,2704,2708,2610,2616,2640000,2616
2015-05-01,2629,2654,2593,2645,1260000,2645
2015-05-07,2630,2670,2590,2599,1459000,2599
2015-05-08,2582,2616,2573,2601,1378000,2601
2015-05-11,2660,2665,2600,2620,1808000,2620
2015-05-12,2608,2636,2544,2551,2352000,2551
2015-05-13,2541,2584,2510,2566,1833000,2566
2015-05-14,2550,2564,2487,2495,1726000,2495
2015-05-15,2507,2536,2464,2491,1881000,2491
2015-05-18,2518,2547,2511,2542,1226000,2542
2015-05-19,2560,2564,2532,2557,990000,2557
2015-05-20,2573,2639,2572,2607,1813000,2607
2015-05-21,2617,2638,2595,2601,957000,2601
2015-05-22,2679,2726,2653,2701,2593000,2701
2015-05-25,2736,2740,2703,2722,1688000,2722
2015-05-26,2696,2698,2667,2684,1577000,2684
2015-05-27,2665,2677,2629,2664,1641000,2664
2015-05-28,2689,2705,2650,2676,1550000,2676
2015-05-29,2679,2725,2677,2696,2220000,2696
2015-06-01,2670,2705,2663,2686,983000,2686
2015-06-02,2671,2707,2665,2691,797000,2691
2015-06-03,2660,2682,2639,2646,1155000,2646
2015-06-04,2663,2663,2602,2604,1588000,2604
2015-06-05,2610,2652,2605,2626,1115000,2626
2015-06-08,2629,2647,2606,2625,910000,2625
2015-06-09,2601,2659,2601,2634,1339000,2634
2015-06-10,2640,2679,2625,2662,1269000,2662
2015-06-11,2681,2711,2681,2699,1015000,2699
2015-06-12,2725,2725,2650,2659,2018000,2659
2015-06-15,2619,2643,2610,2623,769000,2623
2015-06-16,2635,2666,2626,2656,999000,2656
2015-06-17,2652,2721,2652,2707,1117000,2707
2015-06-18,2694,2722,2657,2665,1182000,2665
2015-06-19,2735,2837,2732,2797,2715000,2797
2015-06-22,2800,2809,2765,2788,970000,2788
2015-06-23,2821,2850,2800,2847,1388000,2847
2015-06-24,2850,2878,2821,2867,1214000,2867
2015-06-25,2840,2878,2817,2859,825000,2859
2015-06-26,2860,2888,2847,2873,796000,2873
2015-06-29,2832,2860,2806,2827,1209000,2827
2015-06-30,2820,2852,2790,2794,1754000,2794
2015-07-01,2850,2871,2826,2849,959000,2849
2015-07-02,2899,2924,2855,2859,1440000,2859
2015-07-03,2884,2896,2866,2869,731000,2869
2015-07-06,2823,2847,2800,2805,906000,2805
2015-07-07,2843,2868,2814,2850,1049000,2850
2015-07-08,2860,2860,2813,2813,1034000,2813
2015-07-09,2772,2833,2753,2832,1643000,2832
2015-07-10,2851,2938,2839,2916,1905000,2916
2015-07-13,2945,2988,2929,2970,1001000,2970
2015-07-14,2987,3005,2941,2951,959000,2951
2015-07-15,2970,3020,2962,3005,1332000,3005
2015-07-16,3025,3050,3010,3035,1052000,3035
2015-07-17,3010,3055,3010,3050,835000,3050
2015-07-21,3040,3065,3040,3050,762000,3050
2015-07-22,3020,3065,3015,3050,725000,3050
2015-07-23,3065,3135,3050,3105,851000,3105
2015-07-24,3105,3110,3075,3080,586000,3080
2015-07-27,3085,3095,3040,3055,821000,3055
2015-07-28,3055,3075,3030,3065,939000,3065
2015-07-29,3095,3140,3065,3130,699000,3130
2015-07-30,3125,3135,3060,3070,1266000,3070
2015-07-31,3015,3075,2985,3015,1269000,3015
2015-08-03,2991,3175,2991,3165,1314000,3165
2015-08-04,3155,3235,3150,3190,1542000,3190
2015-08-05,3160,3230,3150,3160,1201000,3160
2015-08-06,3090,3140,3050,3065,1284000,3065
2015-08-07,3040,3050,2957,2979,1632000,2979
2015-08-10,2979,2990,2936,2968,1321000,2968
2015-08-11,2951,2952,2889,2900,1332000,2900
2015-08-12,2950,2995,2926,2958,1506000,2958
2015-08-13,2970,3060,2966,3035,1568000,3035
2015-08-14,3000,3035,2974,2998,1018000,2998
2015-08-17,3025,3045,2995,3010,498000,3010
2015-08-18,2999,3025,2965,2966,809000,2966
2015-08-19,2954,2966,2898,2900,920000,2900
2015-08-20,2904,2911,2851,2853,940000,2853
2015-08-21,2800,2836,2774,2798,1114000,2798
2015-08-24,2771,2826,2721,2724,2089000,2724
2015-08-25,2681,2780,2634,2636,2061000,2636
2015-08-26,2652,2711,2648,2665,1528000,2665
2015-08-27,2707,2789,2707,2772,1090000,2772
2015-08-28,2822,2822,2732,2798,1482000,2798
2015-08-31,2810,2812,2778,2800,726000,2800
2015-09-01,2807,2815,2665,2665,1487000,2665
2015-09-02,2641,2704,2625,2655,1355000,2655
2015-09-03,2696,2751,2656,2659,1079000,2659
2015-09-04,2655,2657,2588,2606,1188000,2606
2015-09-07,2600,2614,2574,2594,736000,2594
2015-09-08,2618,2639,2521,2526,775000,2526
2015-09-09,2593,2702,2557,2696,1335000,2696
2015-09-10,2620,2641,2575,2606,1236000,2606
2015-09-11,2578,2617,2576,2600,2321000,2600
2015-09-14,2608,2615,2556,2562,655000,2562
2015-09-15,2594,2630,2566,2571,1295000,2571
2015-09-16,2573,2585,2494,2522,1684000,2522
2015-09-17,2549,2549,2484,2519,1388000,2519
2015-09-18,2497,2512,2455,2470,1409000,2470
2015-09-24,2452,2491,2420,2420,1524000,2420
2015-09-25,2438,2547,2438,2538,2191000,2538
2015-09-28,2500,2538,2483,2497,917000,2497
2015-09-29,2454,2465,2401,2420,1164000,2420
2015-09-30,2430,2450,2406,2436,1541000,2436
2015-10-01,2424,2472,2395,2455,1157000,2455
2015-10-02,2483,2584,2483,2509,1291000,2509
2015-10-05,2559,2565,2493,2537,1115000,2537
2015-10-06,2558,2567,2483,2490,1683000,2490
2015-10-07,2490,2490,2391,2428,2271000,2428
2015-10-08,2433,2433,2373,2401,1598000,2401
2015-10-09,2424,2481,2378,2480,2164000,2480
2015-10-13,2475,2499,2455,2487,1105000,2487
2015-10-14,2468,2498,2430,2441,1076000,2441
2015-10-15,2463,2468,2413,2446,754000,2446
2015-10-16,2460,2492,2430,2479,785000,2479
2015-10-19,2474,2503,2460,2475,1201000,2475
2015-10-20,2509,2517,2474,2489,868000,2489
2015-10-21,2466,2494,2415,2477,1121000,2477
2015-10-22,2469,2513,2461,2480,961000,2480
2015-10-23,2512,2545,2470,2539,1256000,2539
2015-10-26,2550,2559,2507,2531,1034000,2531
2015-10-27,2498,2505,2461,2468,1622000,2468
2015-10-28,2487,2499,2463,2495,1048000,2495
2015-10-29,2517,2517,2481,2495,721000,2495
2015-10-30,2510,2549,2481,2531,1217000,2531
2015-11-02,2460,2480,2357,2369,2730000,2369
2015-11-04,2400,2401,2293,2308,2903000,2308
2015-11-05,2309,2332,2263,2324,2056000,2324
2015-11-06,2345,2411,2341,2372,1766000,2372
2015-11-09,2405,2411,2375,2400,1789000,2400
2015-11-10,2389,2401,2371,2395,886000,2395
2015-11-11,2413,2432,2394,2432,1276000,2432
2015-11-12,2412,2468,2405,2430,2152000,2430
2015-11-13,2436,2492,2420,2475,1821000,2475
2015-11-16,2426,2456,2426,2437,1036000,2437
2015-11-17,2444,2465,2433,2433,1770000,2433
2015-11-18,2446,2457,2413,2436,1325000,2436
2015-11-19,2466,2494,2458,2466,1441000,2466
2015-11-20,2431,2446,2383,2412,2087000,2412
2015-11-24,2395,2416,2376,2387,1670000,2387
2015-11-25,2397,2432,2389,2419,1385000,2419
2015-11-26,2433,2458,2430,2442,1224000,2442
2015-11-27,2465,2489,2451,2465,1483000,2465
2015-11-30,2464,2470,2379,2379,2894000,2379
2015-12-01,2385,2409,2371,2408,1524000,2408
2015-12-02,2409,2417,2387,2389,1219000,2389
2015-12-03,2397,2417,2391,2409,951000,2409
2015-12-04,2378,2385,2345,2346,1220000,2346
2015-12-07,2369,2419,2363,2395,1096000,2395
2015-12-08,2377,2432,2374,2392,1458000,2392
2015-12-09,2380,2386,2339,2340,1363000,2340
2015-12-10,2339,2347,2310,2317,1073000,2317
2015-12-11,2335,2360,2321,2342,2217000,2342
2015-12-14,2300,2333,2292,2324,856000,2324
2015-12-15,2321,2334,2285,2285,765000,2285
2015-12-16,2305,2330,2291,2329,960000,2329
2015-12-17,2355,2376,2333,2369,1602000,2369
2015-12-18,2370,2402,2308,2309,1889000,2309
2015-12-21,2303,2335,2276,2332,846000,2332
2015-12-22,2345,2345,2305,2316,691000,2316
2015-12-24,2330,2354,2308,2311,714000,2311
2015-12-25,2309,2317,2291,2302,538000,2302
2015-12-28,2314,2341,2293,2333,590000,2333
2015-12-29,2311,2374,2308,2373,945000,2373
2015-12-30,2373,2408,2369,2378,1061000,2378
2016-01-04,2358,2365,2300,2310,1200000,2310
2016-01-05,2310,2322,2284,2298,802000,2298
2016-01-06,2294,2319,2263,2282,954000,2282
2016-01-07,2289,2312,2270,2271,1082000,2271
2016-01-08,2239,2301,2239,2264,1448000,2264
2016-01-12,2220,2237,2205,2212,1354000,2212
2016-01-13,2219,2268,2217,2267,1088000,2267
2016-01-14,2224,2238,2193,2231,1834000,2231
2016-01-15,2252,2284,2219,2226,1070000,2226
2016-01-18,2199,2205,2172,2198,1188000,2198
2016-01-19,2197,2213,2173,2189,887000,2189
2016-01-20,2187,2200,2132,2137,1101000,2137
2016-01-21,2137,2175,2085,2087,1182000,2087
2016-01-22,2130,2167,2104,2163,1493000,2163
2016-01-25,2175,2224,2170,2218,1086000,2218
2016-01-26,2197,2204,2162,2172,870000,2172
2016-01-27,2186,2219,2180,2217,769000,2217
2016-01-28,2183,2231,2158,2197,1443000,2197
2016-01-29,2235,2337,2221,2321,2085000,2321
2016-02-01,2340,2406,2340,2402,1523000,2402
2016-02-02,2539,2594,2514,2543,3993000,2543
2016-02-03,2521,2550,2490,2529,2329000,2529
2016-02-04,2512,2576,2501,2567,2206000,2567
2016-02-05,2541,2584,2528,2559,1809000,2559
2016-02-08,2558,2620,2540,2610,1064000,2610
2016-02-09,2524,2552,2500,2536,1364000,2536
2016-02-10,2595,2599,2474,2518,2027000,2518
2016-02-12,2469,2518,2433,2472,2332000,2472
2016-02-15,2531,2635,2531,2617,1888000,2617
2016-02-16,2552,2571,2492,2499,1877000,2499
2016-02-17,2503,2512,2420,2456,1773000,2456
2016-02-18,2529,2534,2494,2506,1150000,2506
2016-02-19,2493,2508,2458,2496,856000,2496
2016-02-22,2486,2557,2486,2538,984000,2538
2016-02-23,2530,2537,2473,2480,970000,2480
2016-02-24,2458,2474,2423,2444,1004000,2444
2016-02-25,2429,2482,2429,2463,859000,2463
2016-02-26,2503,2541,2495,2497,900000,2497
2016-02-29,2472,2491,2375,2375,2247000,2375
2016-03-01,2380,2400,2355,2385,1521000,2385
2016-03-02,2408,2442,2374,2438,1558000,2438
2016-03-03,2426,2458,2404,2445,1037000,2445
2016-03-04,2435,2491,2409,2487,1464000,2487
2016-03-07,2494,2557,2468,2548,1866000,2548
2016-03-08,2554,2565,2527,2544,1533000,2544
2016-03-09,2566,2599,2538,2550,1543000,2550
2016-03-10,2577,2594,2550,2586,1154000,2586
2016-03-11,2536,2607,2532,2590,2754000,2590
2016-03-14,2609,2622,2593,2616,690000,2616
2016-03-15,2591,2600,2529,2532,1380000,2532
2016-03-16,2519,2534,2483,2503,1205000,2503
2016-03-17,2521,2547,2470,2482,1107000,2482
2016-03-18,2479,2494,2439,2455,1152000,2455
2016-03-22,2455,2524,2448,2520,1332000,2520
2016-03-23,2540,2595,2540,2590,1361000,2590
2016-03-24,2584,2654,2582,2636,1599000,2636
2016-03-25,2634,2636,2563,2571,1122000,2571
2016-03-28,2582,2595,2557,2587,893000,2587
2016-03-29,2561,2593,2542,2558,1006000,2558
2016-03-30,2546,2576,2540,2544,723000,2544
2016-03-31,2546,2549,2470,2480,1445000,2480
2016-04-01,2478,2482,2389,2400,1060000,2400
2016-04-04,2401,2445,2401,2417,880000,2417
2016-04-05,2400,2405,2348,2348,1014000,2348
2016-04-06,2334,2374,2325,2363,936000,2363
2016-04-07,2347,2360,2327,2349,814000,2349
2016-04-08,2339,2413,2330,2387,1143000,2387
2016-04-11,2399,2401,2361,2380,623000,2380
2016-04-12,2364,2392,2347,2347,729000,2347
2016-04-13,2354,2380,2334,2340,1138000,2340
2016-04-14,2362,2413,2326,2411,1015000,2411
2016-04-15,2417,2431,2408,2415,623000,2415
2016-04-18,2373,2379,2346,2346,688000,2346
2016-04-19,2415,2434,2374,2429,829000,2429
2016-04-20,2456,2463,2430,2445,574000,2445
2016-04-21,2491,2503,2476,2495,822000,2495
2016-04-22,2479,2510,2463,2507,809000,2507
2016-04-25,2508,2508,2480,2492,591000,2492
2016-04-26,2507,2535,2487,2522,688000,2522
2016-04-27,2518,2543,2510,2521,1281000,2521
2016-04-28,2514,2543,2430,2431,1185000,2431
2016-05-02,2381,2403,2358,2379,1564000,2379
2016-05-06,2450,2467,2367,2396,1925000,2396
2016-05-09,2420,2459,2400,2451,1062000,2451
2016-05-10,2530,2641,2513,2629,3634000,2629
2016-05-11,2628,2663,2512,2520,2513000,2520
2016-05-12,2555,2600,2522,2568,1481000,2568
2016-05-13,2610,2615,2547,2559,1539000,2559
2016-05-16,2531,2595,2531,2563,826000,2563
2016-05-17,2579,2600,2552,2599,916000,2599
2016-05-18,2591,2601,2538,2566,985000,2566
2016-05-19,2544,2575,2535,2540,643000,2540
2016-05-20,2537,2559,2525,2550,676000,2550
2016-05-23,2534,2534,2478,2486,956000,2486
2016-05-24,2486,2495,2456,2461,1053000,2461
2016-05-25,2511,2511,2460,2496,1163000,2496
2016-05-26,2518,2523,2496,2507,746000,2507
2016-05-27,2508,2532,2507,2519,603000,2519
2016-05-30,2525,2552,2520,2552,431000,2552
2016-05-31,2567,2595,2551,2588,1485000,2588
2016-06-01,2543,2562,2501,2507,1158000,2507
2016-06-02,2506,2506,2445,2454,1096000,2454
2016-06-03,2431,2455,2424,2453,826000,2453
2016-06-06,2426,2471,2425,2471,620000,2471
2016-06-07,2471,2480,2457,2474,585000,2474
2016-06-08,2485,2497,2460,2479,770000,2479
2016-06-09,2471,2473,2403,2425,1381000,2425
2016-06-10,2438,2452,2418,2452,1879000,2452
2016-06-13,2429,2431,2393,2393,806000,2393
2016-06-14,2390,2414,2365,2386,961000,2386
2016-06-15,2390,2433,2389,2422,937000,2422
2016-06-16,2401,2429,2337,2339,990000,2339
2016-06-17,2387,2387,2345,2353,1030000,2353
2016-06-20,2384,2401,2378,2384,879000,2384
2016-06-21,2373,2433,2373,2428,671000,2428
2016-06-22,2406,2453,2401,2440,570000,2440
2016-06-23,2425,2438,2395,2403,439000,2403
2016-06-24,2401,2410,2234,2274,1395000,2274
2016-06-27,2324,2363,2274,2354,1164000,2354
2016-06-28,2425,2519,2402,2483,2040000,2483
2016-06-29,2484,2504,2460,2494,1132000,2494
2016-06-30,2526,2542,2486,2493,1186000,2493
2016-07-01,2492,2548,2490,2542,685000,2542
2016-07-04,2518,2599,2518,2588,1107000,2588
2016-07-05,2558,2596,2558,2596,704000,2596
2016-07-06,2560,2619,2547,2607,1523000,2607
2016-07-07,2581,2606,2558,2566,1132000,2566
2016-07-08,2584,2584,2514,2517,1431000,2517
2016-07-11,2540,2627,2540,2612,1013000,2612
2016-07-12,2600,2618,2578,2579,1329000,2579
2016-07-13,2587,2597,2554,2577,805000,2577
2016-07-14,2577,2624,2577,2614,812000,2614
2016-07-15,2580,2588,2528,2539,915000,2539
2016-07-19,2558,2660,2541,2659,1370000,2659
2016-07-20,2612,2634,2492,2505,2891000,2505
2016-07-21,2545,2545,2487,2499,878000,2499
2016-07-22,2506,2525,2473,2501,657000,2501
2016-07-25,2475,2514,2459,2478,719000,2478
2016-07-26,2469,2489,2457,2469,715000,2469
2016-07-27,2495,2506,2447,2454,1166000,2454
2016-07-28,2463,2491,2433,2485,1319000,2485
2016-07-29,2515,2548,2451,2503,1667000,2503
2016-08-01,2436,2460,2421,2436,1845000,2436
2016-08-02,2447,2472,2431,2436,1215000,2436
2016-08-03,2400,2403,2328,2329,1757000,2329
2016-08-04,2331,2344,2291,2340,1815000,2340
2016-08-05,2310,2359,2306,2357,1304000,2357
2016-08-08,2361,2365,2304,2313,1144000,2313
2016-08-09,2316,2373,2313,2371,1126000,2371
2016-08-10,2400,2403,2352,2387,987000,2387
2016-08-12,2420,2420,2382,2410,909000,2410
2016-08-15,2419,2419,2389,2394,606000,2394
2016-08-16,2386,2386,2329,2339,1046000,2339
2016-08-17,2329,2352,2319,2326,793000,2326
2016-08-18,2300,2315,2252,2255,1290000,2255
2016-08-19,2261,2271,2231,2263,1196000,2263
2016-08-22,2274,2298,2257,2274,1046000,2274
2016-08-23,2283,2305,2274,2288,816000,2288
2016-08-24,2256,2291,2255,2289,846000,2289
2016-08-25,2288,2308,2284,2291,1444000,2291
2016-08-26,2269,2282,2235,2256,1408000,2256
2016-08-29,2265,2283,2245,2271,773000,2271
2016-08-30,2274,2276,2245,2248,744000,2248
2016-08-31,2254,2270,2236,2265,781000,2265
2016-09-01,2291,2303,2272,2295,998000,2295
2016-09-02,2302,2339,2291,2300,1015000,2300
2016-09-05,2350,2386,2339,2380,1241000,2380
2016-09-06,2389,2412,2385,2411,1025000,2411
2016-09-07,2382,2402,2367,2392,937000,2392
2016-09-08,2377,2397,2367,2389,840000,2389
2016-09-09,2405,2410,2350,2360,1302000,2360
2016-09-12,2352,2388,2348,2386,701000,2386
2016-09-13,2387,2399,2375,2380,775000,2380
2016-09-14,2378,2402,2356,2383,930000,2383
2016-09-15,2380,2386,2367,2375,758000,2375
2016-09-16,2387,2412,2387,2411,880000,2411
2016-09-20,2411,2435,2400,2425,827000,2425
2016-09-21,2425,2462,2425,2460,1092000,2460
2016-09-23,2440,2487,2439,2461,1076000,2461
2016-09-26,2451,2476,2442,2447,842000,2447
2016-09-27,2419,2475,2418,2475,1400000,2475
2016-09-28,2439,2456,2430,2450,802000,2450
2016-09-29,2454,2456,2441,2444,540000,2444
2016-09-30,2427,2449,2416,2436,636000,2436
2016-10-03,2449,2461,2430,2452,626000,2452
2016-10-04,2452,2459,2434,2440,605000,2440
2016-10-05,2434,2434,2396,2396,910000,2396
2016-10-06,2396,2437,2386,2425,759000,2425
2016-10-07,2434,2440,2416,2419,646000,2419
2016-10-11,2416,2442,2409,2424,751000,2424
2016-10-12,2420,2434,2413,2414,674000,2414
2016-10-13,2418,2418,2390,2397,691000,2397
2016-10-14,2390,2415,2389,2400,1200000,2400
2016-10-17,2418,2418,2395,2412,585000,2412
2016-10-18,2398,2427,2398,2424,546000,2424
2016-10-19,2415,2455,2407,2448,963000,2448
2016-10-20,2430,2496,2422,2491,1214000,2491
2016-10-21,2490,2497,2474,2479,1022000,2479
2016-10-24,2493,2523,2486,2523,1107000,2523
2016-10-25,2548,2556,2519,2523,855000,2523
2016-10-26,2519,2539,2512,2531,887000,2531
2016-10-27,2509,2539,2508,2515,790000,2515
2016-10-28,2518,2538,2510,2527,1315000,2527
2016-10-31,2526,2532,2504,2514,821000,2514
2016-11-01,2489,2528,2464,2523,1072000,2523
2016-11-02,2657,2761,2657,2759,4289000,2759
2016-11-04,2745,2781,2704,2770,2637000,2770
2016-11-07,2780,2840,2757,2823,2092000,2823
2016-11-08,2823,2844,2779,2817,1426000,2817
2016-11-09,2781,2840,2706,2708,2202000,2708
2016-11-10,2757,2769,2669,2679,3026000,2679
2016-11-11,2685,2685,2640,2671,1974000,2671
2016-11-14,2687,2728,2683,2703,1231000,2703
2016-11-15,2709,2720,2681,2714,1151000,2714
2016-11-16,2730,2738,2688,2724,1270000,2724
2016-11-17,2725,2756,2716,2746,1095000,2746
2016-11-18,2746,2776,2735,2768,1143000,2768
2016-11-21,2768,2853,2768,2841,1569000,2841
2016-11-22,2900,2968,2886,2895,1904000,2895
2016-11-24,2889,2892,2866,2869,969000,2869
2016-11-25,2866,2866,2836,2860,1200000,2860
2016-11-28,2875,2906,2873,2893,797000,2893
2016-11-29,2900,2928,2875,2903,1620000,2903
2016-11-30,2933,2946,2911,2946,1245000,2946
2016-12-01,2960,2983,2929,2942,1450000,2942
2016-12-02,2945,2979,2935,2952,1222000,2952
2016-12-05,2968,2973,2937,2949,980000,2949
2016-12-06,2961,2961,2921,2949,1411000,2949
2016-12-07,2932,2937,2888,2896,1037000,2896
2016-12-08,2917,2958,2887,2958,1169000,2958
2016-12-09,2947,2988,2935,2962,1906000,2962
2016-12-12,2992,3070,2971,3035,1394000,3035
2016-12-13,3035,3060,3005,3055,1098000,3055
2016-12-14,3070,3070,2999,3015,1179000,3015
2016-12-15,3020,3100,3015,3080,1144000,3080
2016-12-16,3115,3145,3090,3090,1219000,3090
2016-12-19,3095,3125,3070,3120,642000,3120
2016-12-20,3130,3130,3080,3095,1128000,3095
2016-12-21,3140,3180,3110,3155,1334000,3155
2016-12-22,3175,3175,3120,3135,955000,3135
2016-12-26,3160,3160,3130,3135,618000,3135
2016-12-27,3140,3175,3120,3140,873000,3140
2016-12-28,3150,3200,3140,3180,663000,3180
2016-12-29,3180,3195,3145,3155,700000,3155
2016-12-30,3145,3180,3140,3155,594000,3155
2017-01-04,3160,3255,3155,3235,1284000,3235
