Date,Open,High,Low,Close,Volume,Adj Close
2008-10-20,171,181,169,179,19318200,179
2008-10-21,190,196,187,190,22657100,190
2008-10-22,181,187,175,175,19832200,175
2008-10-23,165,168,156,168,22357400,168
2008-10-24,165,165,157,158,13906500,158
2008-10-27,153,160,140,140,23246200,140
2008-10-28,135,149,131,147,35017500,147
2008-10-29,167,168,143,150,35542400,150
2008-10-30,156,167,153,163,65084300,163
2008-10-31,160,167,156,160,36229200,160
2008-11-04,167,168,159,161,25390300,161
2008-11-05,169,180,167,178,47223200,178
2008-11-06,165,172,164,165,27578800,165
2008-11-07,156,161,153,157,34243000,157
2008-11-10,163,165,160,163,19738600,163
2008-11-11,161,168,160,162,19274700,162
2008-11-12,159,160,156,156,14320300,156
2008-11-13,151,153,149,151,12240200,151
2008-11-14,158,159,151,152,16881100,152
2008-11-17,150,153,147,147,14837300,147
2008-11-18,145,150,143,145,16884500,145
2008-11-19,146,147,140,141,10730500,141
2008-11-20,132,134,125,127,27521500,127
2008-11-21,118,135,117,134,21392700,134
2008-11-25,144,144,135,137,16403000,137
2008-11-26,135,139,133,134,8713100,134
2008-11-27,138,141,136,138,11981000,138
2008-11-28,139,146,138,145,17358700,145
2008-12-01,145,147,142,144,9693800,144
2008-12-02,136,138,133,133,13159000,133
2008-12-03,135,136,131,131,8932600,131
2008-12-04,130,131,123,124,20760400,124
2008-12-05,125,127,123,126,10542800,126
2008-12-08,128,130,124,130,11498000,130
2008-12-09,132,135,130,131,10268400,131
2008-12-10,131,138,131,138,11446700,138
2008-12-11,137,147,135,146,22345600,146
2008-12-12,145,146,136,137,19012700,137
2008-12-15,141,146,140,144,9263300,144
2008-12-16,145,150,142,146,15854100,146
2008-12-17,150,152,137,142,17361800,142
2008-12-18,139,145,138,144,8841500,144
2008-12-19,143,144,137,139,10077700,139
2008-12-22,146,147,142,143,11178600,143
2008-12-24,141,142,139,139,6824300,139
2008-12-25,141,142,140,140,3667600,140
2008-12-26,141,146,141,146,7863800,146
2008-12-29,146,148,144,147,6849900,147
2008-12-30,147,149,146,147,5592100,147
2009-01-05,155,158,154,156,12248200,156
2009-01-06,158,159,154,156,11174700,156
2009-01-07,160,165,159,165,22962900,165
2009-01-08,158,161,157,160,11515100,160
2009-01-09,163,165,159,159,11884000,159
2009-01-13,153,153,150,151,9786000,151
2009-01-14,152,153,147,149,11792300,149
2009-01-15,144,146,142,145,10151500,145
2009-01-16,147,148,145,148,10948500,148
2009-01-19,150,152,149,149,7460100,149
2009-01-20,148,149,144,146,7456400,146
2009-01-21,142,144,141,143,6218000,143
2009-01-22,145,146,140,141,9667700,141
2009-01-23,140,140,137,137,7350900,137
2009-01-26,136,138,135,135,5987000,135
2009-01-27,137,147,137,144,13261400,144
2009-01-28,144,148,143,147,10789700,147
2009-01-29,150,151,146,149,9136700,149
2009-01-30,145,146,138,141,10831500,141
2009-02-02,137,139,134,136,11867700,136
2009-02-03,137,142,136,137,12595900,137
2009-02-04,138,139,133,134,19360600,134
2009-02-05,135,138,134,136,9784800,136
2009-02-06,138,140,133,134,9576900,134
2009-02-09,137,138,133,134,5710700,134
2009-02-10,133,134,128,128,9810400,128
2009-02-12,126,127,123,125,10394600,125
2009-02-13,127,129,122,123,11014000,123
2009-02-16,123,124,121,122,6478600,122
2009-02-17,121,122,119,119,6806500,119
2009-02-18,117,119,116,118,6132600,118
2009-02-19,120,124,119,123,9303000,123
2009-02-20,121,122,118,119,5668100,119
2009-02-23,117,117,113,115,8033900,115
2009-02-24,111,111,107,109,14968300,109
2009-02-25,112,112,103,107,19234400,107
2009-02-26,108,113,107,110,12201100,110
2009-02-27,110,112,109,112,7075900,112
2009-03-02,110,112,109,111,5794200,111
2009-03-03,109,111,108,111,8240000,111
2009-03-04,110,113,109,111,6830400,111
2009-03-05,116,119,114,117,12265400,117
2009-03-06,114,116,110,110,7802100,110
2009-03-09,112,114,110,110,3887600,110
2009-03-10,110,111,108,108,4384500,108
2009-03-11,112,112,111,111,4929200,111
2009-03-12,111,112,108,109,6311300,109
2009-03-13,109,110,108,109,11369600,109
2009-03-16,110,113,110,112,10146000,112
2009-03-17,113,119,113,118,12414400,118
2009-03-18,118,121,117,120,10838500,120
2009-03-19,120,121,118,120,4985000,120
2009-03-23,121,127,119,126,17430000,126
2009-03-24,131,132,128,130,15816500,130
2009-03-25,131,135,129,134,11133700,134
2009-03-26,132,134,130,134,7925000,134
2009-03-27,136,136,129,129,12684800,129
2009-03-30,129,131,121,122,7430200,122
2009-03-31,120,123,117,117,9655300,117
2009-04-01,122,129,120,129,11605700,129
2009-04-02,128,130,127,129,17945600,129
2009-04-03,133,134,128,130,17650300,130
2009-04-06,131,134,130,131,13821100,131
2009-04-07,132,132,129,130,8135200,130
2009-04-08,128,130,127,128,8308300,128
2009-04-09,130,138,129,137,18388700,137
2009-04-10,140,145,139,145,23601900,145
2009-04-13,147,158,145,157,29433500,157
2009-04-14,158,159,151,153,17574000,153
2009-04-15,149,152,147,150,17557400,150
2009-04-16,155,158,147,147,18125100,147
2009-04-17,153,154,151,153,8533000,153
2009-04-20,153,156,150,154,9512500,154
2009-04-21,148,149,145,148,9451800,148
2009-04-22,150,151,142,144,12220600,144
2009-04-23,145,145,139,144,13833500,144
2009-04-24,145,151,144,145,13606000,145
2009-04-27,148,150,146,148,8537600,148
2009-04-28,146,149,140,140,10930700,140
2009-04-30,143,153,143,152,24265800,152
2009-05-01,156,168,156,168,55464200,168
2009-05-07,178,181,175,179,32736100,179
2009-05-08,179,185,177,180,27011900,180
2009-05-11,187,194,186,193,34909600,193
2009-05-12,188,189,183,183,22289600,183
2009-05-13,187,191,182,189,20997800,189
2009-05-14,181,182,177,178,22078900,178
2009-05-15,180,184,179,182,16008300,182
2009-05-18,179,180,176,177,8656100,177
2009-05-19,185,186,180,181,15145700,181
2009-05-20,184,192,184,190,33737500,190
2009-05-21,190,193,187,191,20764400,191
2009-05-22,187,191,184,187,18673900,187
2009-05-25,190,193,189,190,10427900,190
2009-05-26,192,193,188,189,12698900,189
2009-05-27,194,195,191,191,17119700,191
2009-05-28,190,193,189,192,14670800,192
2009-05-29,194,195,190,190,17008100,190
2009-06-01,192,204,191,203,32820500,203
2009-06-02,212,216,205,206,36052100,206
2009-06-03,207,210,206,208,19959300,208
2009-06-04,206,208,203,205,15662500,205
2009-06-05,209,211,207,208,16891800,208
2009-06-08,211,217,210,215,24808700,215
2009-06-09,215,220,213,213,24823800,213
2009-06-10,218,228,217,227,38707000,227
2009-06-11,230,234,226,232,29116700,232
2009-06-12,236,237,233,234,20649900,234
2009-06-15,236,239,234,237,19356400,237
2009-06-16,226,229,220,221,23588700,221
2009-06-17,218,226,217,218,25604900,218
2009-06-18,217,218,207,209,24848300,209
2009-06-19,214,221,212,214,24689400,214
2009-06-22,212,215,207,214,15483400,214
2009-06-23,204,207,201,203,21271000,203
2009-06-24,205,208,202,204,16160600,204
2009-06-25,207,217,206,215,20957000,215
2009-06-26,220,222,215,216,14899800,216
2009-06-29,216,216,205,206,14120900,206
2009-06-30,211,214,210,212,11800100,212
2009-07-01,208,214,207,212,11215800,212
2009-07-02,213,214,209,210,6870300,210
2009-07-03,204,208,203,208,9846600,208
2009-07-06,205,207,201,204,13101600,204
2009-07-07,204,205,198,199,13585200,199
2009-07-08,193,194,186,189,23272900,189
2009-07-09,186,191,182,186,18010900,186
2009-07-10,187,190,183,184,11607400,184
2009-07-13,180,185,170,171,23276400,171
2009-07-14,179,182,174,177,26460600,177
2009-07-15,181,184,179,180,13169300,180
2009-07-16,190,191,185,185,18956400,185
2009-07-17,189,191,185,187,9428000,187
2009-07-21,195,197,193,196,17684200,196
2009-07-22,197,197,193,194,12093400,194
2009-07-23,194,198,193,198,13384400,198
2009-07-24,203,204,198,199,15049000,199
2009-07-27,204,204,196,198,12114600,198
2009-07-28,199,199,195,199,8401900,199
2009-07-29,195,200,194,199,8506000,199
2009-07-30,200,200,194,198,10112400,198
2009-07-31,201,202,196,198,13337000,198
2009-08-03,199,200,198,198,6321800,198
2009-08-04,203,205,202,203,16424100,203
2009-08-05,204,205,200,201,8325800,201
2009-08-06,201,202,197,200,8274500,200
2009-08-07,198,200,196,198,6738600,198
2009-08-10,202,203,201,202,7888400,202
2009-08-11,201,202,200,202,3987100,202
2009-08-12,200,200,198,199,4047000,199
2009-08-13,202,202,199,200,5785200,200
2009-08-14,201,210,200,209,28685900,209
2009-08-17,209,209,201,201,13494800,201
2009-08-18,197,203,196,201,12212600,201
2009-08-19,201,203,198,198,12204800,198
2009-08-20,200,205,198,204,15008200,204
2009-08-21,205,206,202,203,13004700,203
2009-08-24,207,209,205,206,10247200,206
2009-08-25,205,206,201,203,10721300,203
2009-08-26,203,205,201,204,8776700,204
2009-08-27,203,203,200,202,8534500,202
2009-08-28,203,204,199,200,9800400,200
2009-08-31,202,204,199,199,9946400,199
2009-09-01,199,200,197,199,7002200,199
2009-09-02,196,197,194,194,10161100,194
2009-09-03,194,196,193,194,8875300,194
2009-09-04,195,196,190,191,7598500,191
2009-09-07,192,194,191,193,5526900,193
2009-09-08,194,194,192,194,3923400,194
2009-09-09,195,197,190,191,9502500,191
2009-09-10,193,193,188,190,18707000,190
2009-09-11,189,189,184,186,16615500,186
2009-09-14,185,188,184,186,6187000,186
2009-09-15,186,188,183,184,6127000,184
2009-09-16,185,190,185,186,9290000,186
2009-09-17,190,193,189,190,10267200,190
2009-09-18,193,193,190,190,8434300,190
2009-09-24,191,192,189,191,6529000,191
2009-09-25,188,189,183,183,7647100,183
2009-09-28,178,178,171,173,9569200,173
2009-09-29,175,177,171,174,6690200,174
2009-09-30,172,174,170,171,5294800,171
2009-10-01,174,179,173,175,13525600,175
2009-10-02,171,172,169,172,7897700,172
2009-10-05,172,174,171,172,5732200,172
2009-10-06,174,175,170,172,5712200,172
2009-10-07,175,176,172,173,18515700,173
2009-10-08,176,180,174,179,10427800,179
2009-10-09,180,182,179,180,8652100,180
2009-10-13,183,184,181,182,10629600,182
2009-10-14,183,184,178,179,6927000,179
2009-10-15,182,183,180,180,6275900,180
2009-10-16,181,182,175,177,8133000,177
2009-10-19,176,177,173,174,7656500,174
2009-10-20,176,179,174,174,17591600,174
2009-10-21,173,176,172,174,11468900,174
2009-10-22,174,175,172,174,8294900,174
2009-10-23,175,175,171,172,5999000,172
2009-10-26,171,173,171,173,3492200,173
2009-10-27,173,173,170,170,5847700,170
2009-10-28,174,176,171,172,7378900,172
2009-10-29,171,171,165,169,16657100,169
2009-10-30,172,173,170,171,5210400,171
2009-11-02,166,169,164,168,6080000,168
2009-11-04,168,172,167,171,6572600,171
2009-11-05,171,173,169,170,4262700,170
2009-11-06,170,171,168,169,3928200,169
2009-11-09,170,170,166,167,5232000,167
2009-11-10,168,174,167,173,11047900,173
2009-11-11,172,173,169,170,5247800,170
2009-11-12,170,171,164,166,9060900,166
2009-11-13,166,166,161,166,7204100,166
2009-11-16,164,167,163,164,3806400,164
2009-11-17,164,164,158,160,7052600,160
2009-11-18,158,158,153,156,10309700,156
2009-11-19,155,156,151,151,7598100,151
2009-11-20,148,157,148,154,7165800,154
2009-11-24,156,159,151,153,9224200,153
2009-11-25,152,154,150,154,4168300,154
2009-11-26,153,157,152,155,4281600,155
2009-11-27,151,153,145,146,9872200,146
2009-11-30,148,151,148,151,5357800,151
2009-12-01,150,162,149,162,12992600,162
2009-12-02,160,165,158,162,8995900,162
2009-12-03,164,171,164,170,9446500,170
2009-12-04,171,173,169,173,8305000,173
2009-12-07,175,177,173,174,6551800,174
2009-12-08,172,172,168,170,6395400,170
2009-12-09,167,167,163,164,6619200,164
2009-12-10,162,166,161,161,6586500,161
2009-12-11,162,167,161,165,8971400,165
2009-12-14,165,167,162,163,5200400,163
2009-12-15,162,165,162,162,4388500,162
2009-12-16,164,167,163,165,5542000,165
2009-12-17,165,169,165,166,5773300,166
2009-12-18,164,165,162,165,4100500,165
2009-12-21,165,167,164,166,3769100,166
2009-12-22,166,168,166,166,3592600,166
2009-12-24,170,175,170,173,14226100,173
2009-12-25,173,174,171,173,4000400,173
2009-12-28,174,177,173,176,4911200,176
2009-12-29,176,177,173,175,4385800,175
2009-12-30,175,176,173,175,4858500,175
2010-01-04,174,175,173,173,3944200,173
2010-01-05,177,179,176,178,15949700,178
2010-01-06,179,183,179,181,9850900,181
2010-01-07,184,186,182,182,8979100,182
2010-01-08,183,186,183,185,6244600,185
2010-01-12,182,186,182,186,7850500,186
2010-01-13,184,186,183,184,5519400,184
2010-01-14,184,191,183,188,18093700,188
2010-01-15,189,192,186,192,14786000,192
2010-01-18,190,190,187,188,6137400,188
2010-01-19,188,189,183,184,7852700,184
2010-01-20,186,187,180,183,9205300,183
2010-01-21,178,180,177,178,12045000,178
2010-01-22,175,176,173,174,9338500,174
2010-01-25,171,176,171,174,7067400,174
2010-01-26,175,178,170,170,10314300,170
2010-01-27,172,174,169,170,6646500,170
2010-01-28,171,174,169,174,9071000,174
2010-01-29,171,173,165,166,11305400,166
2010-02-01,164,165,158,159,11276300,159
2010-02-02,160,164,159,162,10017600,162
2010-02-03,164,165,160,161,8420500,161
2010-02-04,162,162,157,159,8615100,159
2010-02-05,155,155,153,154,9188700,154
2010-02-08,153,156,152,152,5914800,152
2010-02-09,153,156,153,153,6874700,153
2010-02-10,155,156,151,153,9399900,153
2010-02-12,156,159,155,156,13748300,156
2010-02-15,157,158,154,154,3485300,154
2010-02-16,154,156,154,154,3791000,154
2010-02-17,156,159,156,159,6588200,159
2010-02-18,161,161,158,159,5478000,159
2010-02-19,161,161,155,156,5420800,156
2010-02-22,157,159,157,158,3389400,158
2010-02-23,157,158,156,158,4550000,158
2010-02-24,155,157,155,157,4894600,157
2010-02-25,158,159,156,157,4638200,157
2010-02-26,157,158,155,158,5335600,158
2010-03-01,157,158,156,157,4517500,157
2010-03-02,156,157,155,156,3836300,156
2010-03-03,156,157,155,157,3125600,157
2010-03-04,157,159,155,156,8213300,156
2010-03-05,157,158,156,158,6076100,158
2010-03-08,161,162,159,161,9138600,161
2010-03-09,161,161,158,160,6073100,160
2010-03-10,161,161,159,160,5427900,160
2010-03-11,162,167,162,165,14055500,165
2010-03-12,166,167,165,166,7857500,166
2010-03-15,168,168,165,166,5496000,166
2010-03-16,166,168,165,166,5395900,166
2010-03-17,166,167,165,165,6247600,165
2010-03-18,166,168,165,167,5981900,167
2010-03-19,168,170,167,169,8486700,169
2010-03-23,170,174,170,172,9438400,172
2010-03-24,175,177,174,176,13488700,176
2010-03-25,176,177,172,174,9205300,174
2010-03-26,174,175,172,175,6565600,175
2010-03-29,172,175,172,173,6023000,173
2010-03-30,176,179,176,178,13011900,178
2010-03-31,178,182,177,181,14038000,181
2010-04-01,182,184,181,182,9518100,182
2010-04-02,182,183,180,182,8482100,182
2010-04-05,183,184,181,182,5045000,182
2010-04-06,183,183,180,182,6072900,182
2010-04-07,182,183,180,183,11031100,183
2010-04-08,182,184,181,183,6171600,183
2010-04-09,183,184,181,183,4867400,183
2010-04-12,183,185,183,184,8153200,184
2010-04-13,184,185,183,184,9080900,184
2010-04-14,185,186,182,182,6530600,182
2010-04-15,184,186,181,182,20100200,182
2010-04-16,181,182,179,180,5519000,180
2010-04-19,176,176,172,173,10308400,173
2010-04-20,174,177,174,174,7581000,174
2010-04-21,176,177,175,177,6212000,177
2010-04-22,175,176,171,174,10204800,174
2010-04-23,174,175,172,174,6568500,174
2010-04-26,175,177,174,176,6197400,176
2010-04-27,174,175,173,175,6339100,175
2010-04-28,174,174,172,173,5356300,173
2010-04-30,173,175,170,171,16548800,171
2010-05-06,166,167,163,164,13979200,164
2010-05-07,157,161,155,161,13728500,161
2010-05-10,161,163,161,162,7411700,162
2010-05-11,165,166,160,161,6835100,161
2010-05-12,162,163,159,160,6490400,160
2010-05-13,163,164,162,163,8590800,163
2010-05-14,162,164,161,162,6814400,162
2010-05-17,160,160,157,158,6524300,158
2010-05-18,158,159,154,155,7592800,155
2010-05-19,151,154,151,154,10058500,154
2010-05-20,152,155,149,151,14146300,151
2010-05-21,146,149,145,147,10054600,147
2010-05-24,148,148,145,147,5525900,147
2010-05-25,146,147,143,144,6321800,144
2010-05-26,145,147,143,145,9051500,145
2010-05-27,145,149,144,148,5868600,148
2010-05-28,152,153,151,151,7203600,151
2010-05-31,152,156,151,155,5735100,155
2010-06-01,154,155,152,153,3612000,153
2010-06-02,150,151,148,148,7579600,148
2010-06-03,152,153,150,151,7609200,151
2010-06-04,151,153,150,151,4273500,151
2010-06-07,148,148,145,145,5183000,145
2010-06-08,144,147,144,145,4342400,145
2010-06-09,145,146,144,144,4221600,144
2010-06-10,144,145,142,144,6765700,144
2010-06-11,148,151,147,148,11213100,148
2010-06-14,150,152,149,150,3230500,150
2010-06-15,150,151,148,150,5085500,150
2010-06-16,152,154,151,152,6090400,152
2010-06-17,153,155,151,152,5319300,152
2010-06-18,152,152,149,150,4750800,150
2010-06-21,152,155,152,155,6363800,155
2010-06-22,153,156,152,154,5768200,154
2010-06-23,152,153,150,150,4581300,150
2010-06-24,151,153,150,150,4372000,150
2010-06-25,149,150,147,148,2964800,148
2010-06-28,148,149,146,147,2166500,147
2010-06-29,146,147,142,143,5407000,143
2010-06-30,141,141,138,140,5824700,140
2010-07-01,140,140,138,139,5962300,139
2010-07-02,139,140,137,138,4066600,138
2010-07-05,138,139,136,139,3281900,139
2010-07-06,138,141,136,141,6154500,141
2010-07-07,140,143,139,142,6560900,142
2010-07-08,145,146,144,144,4611500,144
2010-07-09,144,144,142,144,3175300,144
2010-07-12,144,146,143,144,2955600,144
2010-07-13,144,145,140,142,4974400,142
2010-07-14,145,146,143,146,4620400,146
2010-07-15,145,145,144,144,2808600,144
2010-07-16,143,144,141,141,2348400,141
2010-07-20,139,139,138,139,4793200,139
2010-07-21,139,140,136,136,4671000,136
2010-07-22,135,136,133,133,6119300,133
2010-07-23,137,138,135,137,5199300,137
2010-07-26,138,139,137,138,4255900,138
2010-07-27,138,139,137,137,2969600,137
2010-07-28,139,142,138,141,6313900,141
2010-07-29,139,140,139,140,2024000,140
2010-07-30,139,140,136,137,5137100,137
2010-08-02,137,139,135,137,7604000,137
2010-08-03,139,141,138,138,5342100,138
2010-08-04,139,140,138,140,4515300,140
2010-08-05,141,142,140,141,3707800,141
2010-08-06,140,144,139,143,6038100,143
2010-08-09,141,143,140,142,3648800,142
2010-08-10,142,144,141,142,5168400,142
2010-08-11,141,142,137,138,4404800,138
2010-08-12,136,138,135,137,4730800,137
2010-08-13,137,139,136,138,4991000,138
2010-08-16,137,138,136,138,4606000,138
2010-08-17,136,138,136,137,4516900,137
2010-08-18,138,141,137,140,5058100,140
2010-08-19,140,143,140,143,5041800,143
2010-08-20,141,142,139,139,2592800,139
2010-08-23,139,142,138,140,4168700,140
2010-08-24,138,139,137,139,3275600,139
2010-08-25,137,138,136,136,3660900,136
2010-08-26,137,138,136,137,4034100,137
2010-08-27,136,138,135,138,3951700,138
2010-08-30,140,143,139,140,5849100,140
2010-08-31,137,138,135,135,4600300,135
2010-09-01,135,136,134,136,8756400,136
2010-09-02,137,138,134,135,6587900,135
2010-09-03,134,137,134,137,4781800,137
2010-09-06,138,141,137,141,5976200,141
2010-09-07,140,142,139,142,6247400,142
2010-09-08,139,140,138,138,1955400,138
2010-09-09,139,141,139,141,3499000,141
2010-09-10,141,145,141,143,9828800,143
2010-09-13,145,148,145,146,8252200,146
2010-09-14,148,150,147,150,9390800,150
2010-09-15,149,152,147,150,8025500,150
2010-09-16,152,153,148,149,4882400,149
2010-09-17,149,150,148,150,4660700,150
2010-09-21,152,152,149,149,4718400,149
2010-09-22,148,151,146,151,7312700,151
2010-09-24,149,152,149,151,7417500,151
2010-09-27,152,153,150,151,8557300,151
2010-09-28,150,153,150,152,8744400,152
2010-09-29,152,156,152,154,13493000,154
2010-09-30,154,154,149,150,9223900,150
2010-10-01,150,151,144,147,10505900,147
2010-10-04,147,148,145,146,6982000,146
2010-10-05,145,147,143,146,10992400,146
2010-10-06,147,159,147,159,21887600,159
2010-10-07,157,160,157,158,9850300,158
2010-10-08,156,157,153,154,12973600,154
2010-10-12,155,155,147,147,13894500,147
2010-10-13,148,153,148,148,12401700,148
2010-10-14,151,156,150,155,18207000,155
2010-10-15,153,154,152,152,5676700,152
2010-10-18,152,155,151,152,4505700,152
2010-10-19,153,155,151,151,9798300,151
2010-10-20,149,149,145,148,10539400,148
2010-10-21,149,150,146,146,9985500,146
2010-10-22,147,149,146,146,6811700,146
2010-10-25,148,148,146,148,5910600,148
2010-10-26,146,148,143,143,10041000,143
2010-10-27,144,146,142,142,10002700,142
2010-10-28,141,142,139,139,11212000,139
2010-10-29,140,149,139,148,15798000,148
2010-11-01,145,147,144,146,8880700,146
2010-11-02,145,146,142,144,6559100,144
2010-11-04,145,147,144,145,6464400,145
2010-11-05,148,151,148,150,12601900,150
2010-11-08,151,152,150,151,5210300,151
2010-11-09,151,152,150,152,4487000,152
2010-11-10,151,153,148,149,13860100,149
2010-11-11,150,152,149,152,7491600,152
2010-11-12,151,153,150,151,6690700,151
2010-11-15,151,152,149,152,5805700,152
2010-11-16,151,152,148,149,5859400,149
2010-11-17,148,150,147,148,6289500,148
2010-11-18,149,151,148,151,6748900,151
2010-11-19,152,153,150,150,7962700,150
2010-11-22,151,154,151,154,7103100,154
2010-11-24,159,170,158,168,60719700,168
2010-11-25,173,174,165,169,49578900,169
2010-11-26,168,169,161,162,18248400,162
2010-11-29,165,169,164,168,18150500,168
2010-11-30,167,168,162,162,14689100,162
2010-12-01,163,166,162,166,9966700,166
2010-12-02,169,170,167,167,12749500,167
2010-12-03,168,169,166,168,7391900,168
2010-12-06,167,168,166,168,4376000,168
2010-12-07,168,168,166,167,5458500,167
2010-12-08,168,169,167,169,6321400,169
2010-12-09,168,169,166,168,7026700,168
2010-12-10,168,169,166,167,10578000,167
2010-12-13,166,170,166,170,11898000,170
2010-12-14,170,171,169,171,9357300,171
2010-12-15,172,173,170,172,18959100,172
2010-12-16,172,172,170,172,7702700,172
2010-12-17,171,172,168,170,8351800,170
2010-12-20,170,171,167,167,8317200,167
2010-12-21,168,169,167,169,5444800,169
2010-12-22,169,172,169,170,12417800,170
2010-12-24,170,171,168,170,5094700,170
2010-12-27,170,171,169,170,5232600,170
2010-12-28,171,172,170,171,4997500,171
2010-12-29,172,179,172,177,37752800,177
2010-12-30,177,180,175,178,22126400,178
2011-01-04,183,186,181,185,32923400,185
2011-01-05,184,187,183,186,25278600,186
2011-01-06,189,190,188,188,26494800,188
2011-01-07,187,188,186,186,9755500,186
2011-01-11,185,192,184,191,20784700,191
2011-01-12,194,196,189,190,31125300,190
2011-01-13,193,195,190,192,17849800,192
2011-01-14,191,192,189,189,10771500,189
2011-01-17,191,192,188,188,8011900,188
2011-01-18,188,192,187,192,10406400,192
2011-01-19,192,193,188,192,14567200,192
2011-01-20,190,192,189,190,11803000,190
2011-01-21,189,190,182,183,23368400,183
2011-01-24,183,185,182,184,9927200,184
2011-01-25,186,190,185,189,12790700,189
2011-01-26,188,189,186,187,7751100,187
2011-01-27,187,189,184,188,16450000,188
2011-01-28,188,188,184,185,7895700,185
2011-01-31,181,185,180,181,13834400,181
2011-02-01,183,184,182,183,7644600,183
2011-02-02,185,190,185,188,17976900,188
2011-02-03,188,189,186,188,6541400,188
2011-02-04,189,190,187,188,5140600,188
2011-02-07,190,192,188,189,17159200,189
2011-02-08,189,190,188,188,6800300,188
2011-02-09,189,190,188,189,8490500,189
2011-02-10,188,189,187,189,5406600,189
2011-02-14,190,190,188,190,9253200,190
2011-02-15,190,195,189,194,23880800,194
2011-02-16,195,196,193,195,15861000,195
2011-02-17,197,198,194,196,15879600,196
2011-02-18,195,196,192,193,7531700,193
2011-02-21,192,193,191,192,6939000,192
2011-02-22,191,191,187,187,8515200,187
2011-02-23,184,187,182,182,16714900,182
2011-02-24,181,183,179,180,12017000,180
2011-02-25,181,183,180,183,9244600,183
2011-02-28,183,186,180,184,10166500,184
2011-03-01,187,190,186,190,13191100,190
2011-03-02,186,188,184,184,8527900,184
2011-03-03,185,187,184,186,7620700,186
2011-03-04,188,189,186,187,9432700,187
2011-03-07,186,186,184,184,5487700,184
2011-03-08,184,186,184,184,3936200,184
2011-03-09,186,187,184,184,4675300,184
2011-03-10,184,184,178,179,9721000,179
2011-03-11,177,178,175,176,9976600,176
2011-03-14,146,160,145,156,25980100,156
2011-03-15,150,152,116,131,36250900,131
2011-03-16,156,158,141,148,25208200,148
2011-03-17,138,153,137,148,24733100,148
2011-03-18,153,156,152,153,12762200,153
2011-03-22,160,165,159,164,10824700,164
2011-03-23,164,168,161,165,12538000,165
2011-03-24,166,170,164,167,10224500,167
2011-03-25,169,170,164,165,8578800,165
2011-03-28,165,166,163,164,5795900,164
2011-03-29,162,167,160,166,6673600,166
2011-03-30,166,168,162,168,12185400,168
2011-03-31,169,170,164,166,6719000,166
2011-04-01,166,168,164,164,8556800,164
2011-04-04,165,167,164,166,5087900,166
2011-04-05,165,166,160,160,8994800,160
2011-04-06,160,161,156,158,8803500,158
2011-04-07,158,161,157,157,3407400,157
2011-04-08,156,162,155,160,7330000,160
2011-04-11,160,163,160,161,5404500,161
2011-04-12,159,160,157,157,5278200,157
2011-04-13,158,160,157,159,5354000,159
2011-04-14,159,160,157,158,4591000,158
2011-04-15,158,159,157,157,5046900,157
2011-04-18,157,159,156,156,3291700,156
2011-04-19,154,157,154,155,4912100,155
2011-04-20,157,157,154,155,6899800,155
2011-04-21,157,158,155,157,3687100,157
2011-04-22,156,158,156,158,2252800,158
2011-04-25,157,159,157,157,2223900,157
2011-04-26,157,158,156,156,3737200,156
2011-04-27,157,158,156,157,3934600,157
2011-04-28,158,159,153,154,12652300,154
2011-05-02,155,156,152,153,10549200,153
2011-05-06,151,153,150,152,7493300,152
2011-05-09,154,155,152,153,6142400,153
2011-05-10,154,155,151,151,8460000,151
2011-05-11,152,153,151,152,6678200,152
2011-05-12,151,152,146,147,9734900,147
2011-05-13,149,150,143,147,10553000,147
2011-05-16,146,147,142,142,7948900,142
2011-05-17,142,145,141,145,7590500,145
2011-05-18,146,147,143,146,6572200,146
2011-05-19,148,148,143,144,5269700,144
2011-05-20,144,146,143,144,5445300,144
2011-05-23,145,145,143,143,5496900,143
2011-05-24,142,143,141,142,4046700,142
2011-05-25,142,144,141,141,2568700,141
2011-05-26,142,144,141,141,4653600,141
2011-05-27,141,145,140,144,7050300,144
2011-05-30,143,145,142,144,5776800,144
2011-05-31,146,151,146,151,20066000,151
2011-06-01,151,152,149,149,7060400,149
2011-06-02,146,147,145,146,4502300,146
2011-06-03,147,148,144,144,4897400,144
2011-06-06,143,144,141,141,4340400,141
2011-06-07,141,144,141,142,6782400,142
2011-06-08,142,145,142,144,4858600,144
2011-06-09,143,144,141,141,4589500,141
2011-06-10,142,143,141,142,6380300,142
2011-06-13,141,142,140,141,3005100,141
2011-06-14,140,143,140,142,4700700,142
2011-06-15,144,144,141,143,4102600,143
2011-06-16,141,143,140,140,5397800,140
2011-06-17,140,141,138,139,3658800,139
2011-06-20,139,140,138,140,2376500,140
2011-06-21,141,142,139,141,4588100,141
2011-06-22,141,143,141,143,7417700,143
2011-06-23,141,143,141,142,4916300,142
2011-06-24,142,145,141,144,7803400,144
2011-06-27,146,147,143,147,8570000,147
2011-06-28,148,149,146,146,7043100,146
2011-06-29,149,149,146,148,5344400,148
2011-06-30,149,150,148,150,6156800,150
2011-07-01,150,152,149,150,6879500,150
2011-07-04,152,155,152,153,11239700,153
2011-07-05,155,156,153,153,6510800,153
2011-07-06,153,156,153,156,5691100,156
2011-07-07,157,159,156,158,10017000,158
2011-07-08,160,161,157,157,7761500,157
2011-07-11,156,157,154,155,4840900,155
2011-07-12,152,154,152,153,4063400,153
2011-07-13,154,156,154,154,7085200,154
2011-07-14,154,155,151,152,11601100,152
2011-07-15,152,153,149,151,8974300,151
2011-07-19,151,153,150,151,5383800,151
2011-07-20,153,154,151,151,5221300,151
2011-07-21,151,153,151,153,5134200,153
2011-07-22,154,158,153,156,11488600,156
2011-07-25,156,157,154,155,4058800,155
2011-07-26,156,157,155,157,3632400,157
2011-07-27,157,157,154,154,4418300,154
2011-07-28,154,154,151,151,4435200,151
2011-07-29,152,155,152,152,9326800,152
2011-08-01,153,155,153,154,3072400,154
2011-08-02,152,153,149,150,6662500,150
2011-08-03,148,148,146,147,5625800,147
2011-08-04,148,150,147,148,3484600,148
2011-08-05,141,144,140,144,9755000,144
2011-08-08,142,143,140,140,4303300,140
2011-08-09,134,136,129,136,20635500,136
2011-08-10,140,142,139,140,5546900,140
2011-08-11,136,140,135,140,9168500,140
2011-08-12,145,146,141,143,13468400,143
2011-08-15,145,146,143,144,5984100,144
2011-08-16,144,146,143,144,5171100,144
2011-08-17,144,145,142,143,3609100,143
2011-08-18,144,144,141,141,4841300,141
2011-08-19,137,140,136,138,6511400,138
2011-08-22,138,140,137,138,4518500,138
2011-08-23,138,139,137,139,6126900,139
2011-08-24,140,143,138,138,4858900,138
2011-08-25,140,142,139,141,7375200,141
2011-08-26,140,141,139,140,2194800,140
2011-08-29,141,143,140,141,5744100,141
2011-08-30,143,144,142,143,3369700,143
2011-08-31,144,145,141,143,6771400,143
2011-09-01,144,144,141,142,3724000,142
2011-09-02,141,142,140,141,4632200,141
2011-09-05,139,140,137,138,3787900,138
2011-09-06,136,137,133,133,4538600,133
2011-09-07,135,136,132,133,7633300,133
2011-09-08,135,136,131,132,6153500,132
2011-09-09,134,137,133,134,8524600,134
2011-09-12,132,135,132,133,4812200,133
2011-09-13,135,137,133,136,5100600,136
2011-09-14,135,136,134,134,2694500,134
2011-09-15,135,138,134,138,6951700,138
2011-09-16,140,143,138,141,7208100,141
2011-09-20,140,141,139,139,2318600,139
2011-09-21,140,141,138,141,4685200,141
2011-09-22,139,141,138,139,4240200,139
2011-09-26,140,140,133,134,6083400,134
2011-09-27,136,139,136,139,4204700,139
2011-09-28,139,143,138,142,5528400,142
2011-09-29,141,144,139,144,7402000,144
2011-09-30,144,144,141,143,7268200,143
2011-10-03,139,140,135,137,7194800,137
2011-10-04,135,135,132,135,6943700,135
2011-10-05,136,136,131,131,7837800,131
2011-10-06,133,136,133,134,3338000,134
2011-10-07,135,137,134,134,4963200,134
2011-10-11,137,138,134,135,4593000,135
2011-10-12,135,137,134,136,6806100,136
2011-10-13,137,138,136,138,2511400,138
2011-10-14,137,138,136,137,2049900,137
2011-10-17,139,141,138,141,5310300,141
2011-10-18,138,139,137,137,1633200,137
2011-10-19,138,139,135,136,2690700,136
2011-10-20,136,137,135,135,1875000,135
2011-10-21,136,136,135,136,2721000,136
2011-10-24,136,138,135,138,4103100,138
2011-10-25,138,138,135,135,4707600,135
2011-10-26,134,136,134,134,3220200,134
2011-10-27,135,138,133,137,10610100,137
2011-10-28,139,140,135,135,6923600,135
2011-10-31,135,138,134,135,6739700,135
2011-11-01,135,135,132,133,9470200,133
2011-11-02,132,134,131,134,6612800,134
2011-11-04,136,137,134,134,5767900,134
2011-11-07,134,135,133,135,2658600,135
2011-11-08,134,135,131,131,6732700,131
2011-11-09,133,134,132,133,5228100,133
2011-11-10,128,130,127,128,9434700,128
2011-11-11,128,128,124,125,10480200,125
2011-11-14,127,128,127,128,2933600,128
2011-11-15,127,129,126,127,4637100,127
2011-11-16,127,128,124,124,5790100,124
2011-11-17,124,126,123,123,9173400,123
2011-11-18,122,122,115,116,22532400,116
2011-11-21,115,116,114,116,6592200,116
2011-11-22,115,118,114,116,10601900,116
2011-11-24,115,115,114,115,3654700,115
2011-11-25,115,116,114,115,7859500,115
2011-11-28,115,118,115,116,12146400,116
2011-11-29,118,120,117,120,12941700,120
2011-11-30,120,121,118,119,6739200,119
2011-12-01,124,125,122,124,10986400,124
2011-12-02,125,125,122,123,3175800,123
2011-12-05,125,126,123,125,4099200,125
2011-12-06,125,126,124,124,4704600,124
2011-12-07,124,130,124,129,6926400,129
2011-12-08,129,131,127,129,5690300,129
2011-12-09,127,129,126,127,5645800,127
2011-12-12,124,126,123,125,6133000,125
2011-12-13,124,125,123,124,5971900,124
2011-12-14,124,125,123,123,2788800,123
2011-12-15,121,122,120,120,3449200,120
2011-12-16,120,122,119,120,4678100,120
2011-12-19,120,120,117,118,6826500,118
2011-12-20,118,119,117,118,4240800,118
2011-12-21,119,120,117,117,3556700,117
2011-12-22,117,118,117,117,1824600,117
2011-12-26,118,119,117,118,2588200,118
2011-12-27,118,118,117,117,1414000,117
2011-12-28,117,118,117,117,1130600,117
2011-12-29,117,118,116,117,3081800,117
2011-12-30,117,119,116,119,2880400,119
2012-01-04,120,122,120,120,6029600,120
2012-01-05,121,122,120,121,4102500,121
2012-01-06,120,121,119,119,5087400,119
2012-01-10,120,122,119,122,4263200,122
2012-01-11,122,126,122,123,6458300,123
2012-01-12,123,123,121,121,2303700,121
2012-01-13,122,124,121,124,4550500,124
2012-01-16,123,124,122,123,2012200,123
2012-01-17,123,125,122,125,6048200,125
2012-01-18,124,126,123,126,3834100,126
2012-01-19,126,127,125,126,5660500,126
2012-01-20,128,132,127,131,11546900,131
2012-01-23,131,134,130,134,6623500,134
2012-01-24,134,135,132,133,3463800,133
2012-01-25,133,135,132,134,4757900,134
2012-01-26,134,136,133,136,6906500,136
2012-01-27,135,138,134,134,8132100,134
2012-01-30,133,134,132,133,1947100,133
2012-01-31,132,133,130,131,6164500,131
2012-02-01,131,134,129,132,9532400,132
2012-02-02,132,135,132,134,3391100,134
2012-02-03,134,135,133,134,2934700,134
2012-02-06,136,137,135,137,7374800,137
2012-02-07,137,139,136,139,6672400,139
2012-02-08,139,141,138,139,7027300,139
2012-02-09,139,140,136,138,6421100,138
2012-02-10,138,139,136,137,3137100,137
2012-02-13,137,140,136,138,6067600,138
2012-02-14,138,140,137,139,5940600,139
2012-02-15,140,143,139,141,14084900,141
2012-02-16,141,144,140,140,5899200,140
2012-02-17,143,144,142,144,3762100,144
2012-02-20,145,147,145,146,5691900,146
2012-02-21,147,150,146,146,8805400,146
2012-02-22,147,151,147,151,8955300,151
2012-02-23,151,153,150,152,4832200,152
2012-02-24,153,155,152,153,6915700,153
2012-02-27,154,156,151,152,6882900,152
2012-02-28,149,153,148,152,9882700,152
2012-02-29,152,155,151,151,4366600,151
2012-03-01,151,153,146,148,8862200,148
2012-03-02,148,153,148,153,6944600,153
2012-03-05,152,153,149,150,2712700,150
2012-03-06,150,151,145,148,5612400,148
2012-03-07,145,148,144,147,4628200,147
2012-03-08,149,152,148,152,5668300,152
2012-03-09,153,154,151,153,10982900,153
2012-03-12,154,154,150,150,4883600,150
2012-03-13,150,152,150,152,3359400,152
2012-03-14,154,155,152,152,7145100,152
2012-03-15,153,154,151,151,4009900,151
2012-03-16,151,152,150,151,3576400,151
2012-03-19,153,155,152,153,6196400,153
2012-03-21,152,153,150,150,4868000,150
2012-03-22,149,151,149,150,4493700,150
2012-03-23,149,149,147,149,3422800,149
2012-03-26,149,150,148,148,4955200,148
2012-03-27,150,152,150,152,4497200,152
2012-03-28,151,153,150,151,5282800,151
2012-03-29,149,150,148,150,4798200,150
2012-03-30,149,150,148,148,2809200,148
2012-04-02,148,150,146,147,5529600,147
2012-04-03,147,148,144,144,3930200,144
2012-04-04,144,145,140,140,5471200,140
2012-04-05,138,142,138,142,5994900,142
2012-04-06,140,141,139,139,2922300,139
2012-04-09,136,138,135,135,7425300,135
2012-04-10,135,137,134,135,5485500,135
2012-04-11,133,137,133,136,8755000,136
2012-04-12,136,147,135,143,14868100,143
2012-04-13,142,145,142,143,6684300,143
2012-04-16,143,143,140,140,4573200,140
2012-04-17,140,143,139,140,4845100,140
2012-04-18,142,146,141,145,5765800,145
2012-04-19,144,145,141,142,4322800,142
2012-04-20,142,142,139,140,4597200,140
2012-04-23,141,146,138,140,10190900,140
2012-04-24,138,140,137,138,5019200,138
2012-04-25,140,141,138,139,2536700,139
2012-04-26,139,140,137,138,4168100,138
2012-04-27,138,138,134,135,7014700,135
2012-05-01,135,135,133,133,3690800,133
2012-05-02,134,135,133,134,2804900,134
2012-05-07,131,132,128,129,4279300,129
2012-05-08,131,133,128,132,11299200,132
2012-05-09,130,131,126,126,6802200,126
2012-05-10,126,128,124,124,7853300,124
2012-05-11,125,127,120,121,8040100,121
2012-05-14,121,126,121,121,9021800,121
2012-05-15,122,123,119,120,10541000,120
2012-05-16,121,123,119,119,8873900,119
2012-05-17,119,124,119,122,8648600,122
2012-05-18,120,120,116,117,8145200,117
2012-05-21,118,121,118,118,8357600,118
2012-05-22,120,121,119,119,4626800,119
2012-05-23,120,120,118,118,4992000,118
2012-05-24,120,121,118,119,6259200,119
2012-05-25,121,121,119,120,2560300,120
2012-05-28,120,121,116,117,6660100,117
2012-05-29,117,123,115,121,7341600,121
2012-05-30,121,122,119,119,3456000,119
2012-05-31,118,124,117,124,11321100,124
2012-06-01,122,123,120,121,6064600,121
2012-06-04,118,120,118,119,5909700,119
2012-06-05,118,122,118,121,5818100,121
2012-06-06,121,124,120,122,6233300,122
2012-06-07,124,127,123,126,7410900,126
2012-06-08,126,126,121,122,5106700,122
2012-06-11,124,126,124,125,4014700,125
2012-06-12,123,125,121,124,7264800,124
2012-06-13,124,125,123,125,2971300,125
2012-06-14,124,125,123,124,2433000,124
2012-06-15,124,124,122,123,3019600,123
2012-06-18,125,126,124,125,3777400,125
2012-06-19,125,130,124,127,5974800,127
2012-06-20,128,130,128,129,2852500,129
2012-06-21,129,132,127,128,9427300,128
2012-06-22,127,130,126,128,3921200,128
2012-06-25,129,130,126,126,2870800,126
2012-06-26,126,128,124,126,4212600,126
2012-06-27,126,127,124,127,2542600,127
2012-06-28,127,130,127,129,5394800,129
2012-06-29,128,132,127,131,8119700,131
2012-07-02,134,135,132,132,4223300,132
2012-07-03,134,136,131,134,10433400,134
2012-07-04,135,136,133,134,7060300,134
2012-07-05,132,133,130,131,6366500,131
2012-07-06,131,132,128,130,6286500,130
2012-07-09,128,130,128,130,2560400,130
2012-07-10,130,132,128,130,3848800,130
2012-07-11,129,129,127,128,3321900,128
2012-07-12,129,129,123,124,7972400,124
2012-07-13,124,127,123,125,3362200,125
2012-07-17,125,126,122,122,5406000,122
2012-07-18,122,122,121,122,4011100,122
2012-07-19,122,125,121,123,8606000,123
2012-07-20,122,122,116,118,8858900,118
2012-07-23,115,117,114,114,7655700,114
2012-07-24,114,115,113,114,7794400,114
2012-07-25,112,118,112,114,8283100,114
2012-07-26,114,117,113,116,8422200,116
2012-07-27,117,119,116,117,4495900,117
2012-07-30,118,119,117,119,5351000,119
2012-07-31,119,122,118,122,7026500,122
2012-08-01,121,121,119,120,6139700,120
2012-08-02,121,122,118,119,5870200,119
2012-08-03,118,118,110,111,9337500,111
2012-08-06,113,115,112,114,3211600,114
2012-08-07,113,114,110,111,8041000,111
2012-08-08,112,117,112,115,12576600,115
2012-08-09,115,116,113,115,5735500,115
2012-08-10,116,117,115,117,7207000,117
2012-08-13,117,117,115,115,2479700,115
2012-08-14,116,117,115,117,3541000,117
2012-08-15,118,119,116,117,5000800,117
2012-08-16,118,119,117,118,3016500,118
2012-08-17,118,119,117,118,2565800,118
2012-08-20,118,118,116,117,2898900,117
2012-08-21,116,117,116,117,988700,117
2012-08-22,117,118,116,116,1125100,116
2012-08-23,116,117,115,117,1953400,117
2012-08-24,116,116,114,114,2805400,114
2012-08-27,114,115,113,113,3237500,113
2012-08-28,113,114,110,112,5839700,112
2012-08-29,111,112,110,110,3377000,110
2012-08-30,110,111,106,106,10195500,106
2012-08-31,105,107,104,105,6277400,105
2012-09-03,105,106,101,101,8885100,101
2012-09-04,102,103,101,101,4862500,101
2012-09-05,101,102,98,98,6697500,98
2012-09-06,98,99,97,97,8972000,97
2012-09-07,100,101,99,99,9766400,99
2012-09-10,100,101,98,100,9877400,100
2012-09-11,99,100,99,100,2666400,100
2012-09-12,100,101,99,100,12091200,100
2012-09-13,100,101,99,99,6376700,99
2012-09-14,101,106,101,104,18815700,104
2012-09-18,105,107,104,107,8079700,107
2012-09-19,107,111,106,110,15243100,110
2012-09-20,108,110,106,106,6395500,106
2012-09-21,106,108,104,107,6551100,107
2012-09-24,107,108,106,107,3243500,107
2012-09-25,107,108,105,106,5871500,106
2012-09-26,104,104,102,104,3346300,104
2012-09-27,103,104,102,102,5333000,102
2012-09-28,102,103,101,101,4121400,101
2012-10-01,101,101,100,100,2246200,100
2012-10-02,101,102,100,100,2715200,100
2012-10-03,101,101,100,100,3195900,100
2012-10-04,101,102,100,100,3653400,100
2012-10-05,101,102,100,100,2531400,100
2012-10-09,100,101,99,99,4759800,99
2012-10-10,99,99,97,97,4450800,97
2012-10-11,97,99,96,96,6151900,96
2012-10-12,97,98,96,96,4861900,96
2012-10-15,96,97,95,96,8930600,96
2012-10-16,97,98,96,98,5401000,98
2012-10-17,99,99,97,98,6349000,98
2012-10-18,98,102,98,102,10882200,102
2012-10-19,101,102,100,101,3953000,101
2012-10-22,98,102,98,101,8521800,101
2012-10-23,102,103,99,100,4455500,100
2012-10-24,99,102,98,99,6272500,99
2012-10-25,100,100,98,99,5774700,99
2012-10-26,99,100,98,98,5744400,98
2012-10-29,99,99,97,97,3489300,97
2012-10-30,98,100,97,98,9113600,98
2012-10-31,99,100,98,99,4306400,99
2012-11-01,99,99,98,99,1454500,99
2012-11-02,99,103,99,103,15852000,103
2012-11-05,103,103,100,101,4464600,101
2012-11-06,100,101,99,99,3818400,99
2012-11-07,100,101,99,99,6789800,99
2012-11-08,98,99,98,99,3158900,99
2012-11-09,98,99,98,98,1724500,98
2012-11-12,99,99,97,97,5991800,97
2012-11-13,98,98,95,95,4763500,95
2012-11-14,96,96,95,96,2124800,96
2012-11-15,96,100,96,100,9683200,100
2012-11-16,101,102,100,101,5429800,101
2012-11-19,102,103,101,102,5551000,102
2012-11-20,103,103,101,102,4414300,102
2012-11-21,103,106,102,103,10428000,103
2012-11-22,104,105,103,104,3093200,104
2012-11-26,105,107,104,106,11247300,106
2012-11-27,105,106,105,106,2924500,106
2012-11-28,105,105,102,103,4671400,103
2012-11-29,104,105,102,104,5983800,104
2012-11-30,104,105,103,104,6789200,104
2012-12-03,105,105,103,105,3484200,105
2012-12-04,105,105,104,105,2047600,105
2012-12-05,104,106,103,104,9701500,104
2012-12-06,105,107,104,106,7860200,106
2012-12-07,108,108,106,108,7188900,108
2012-12-10,108,110,107,109,8282300,109
2012-12-11,109,110,106,109,9820700,109
2012-12-12,110,112,109,110,12825000,110
2012-12-13,111,113,111,113,9168000,113
2012-12-14,113,114,111,113,9273100,113
2012-12-17,114,115,111,111,14286700,111
2012-12-18,112,117,111,116,16361800,116
2012-12-19,118,121,117,120,14423500,120
2012-12-20,121,122,119,121,10655900,121
2012-12-21,123,124,120,123,17246000,123
2012-12-25,123,125,121,121,10844100,121
2012-12-26,122,124,122,124,6690400,124
2012-12-27,125,132,124,129,16367900,129
2012-12-28,130,131,125,127,15882400,127
2013-01-04,131,135,131,135,16237900,135
2013-01-07,137,138,133,133,14504800,133
2013-01-08,133,134,130,130,11070400,130
2013-01-09,129,132,127,131,14610800,131
2013-01-10,133,137,132,136,15775000,136
2013-01-11,138,140,136,137,14954500,137
2013-01-15,139,139,137,139,11316000,139
2013-01-16,138,139,136,136,14064700,136
2013-01-17,136,138,130,133,11604300,133
2013-01-18,137,138,135,137,9577000,137
2013-01-21,136,137,133,136,10118100,136
2013-01-22,136,136,133,134,9951000,134
2013-01-23,132,134,130,131,7362300,131
2013-01-24,130,134,130,133,9157400,133
2013-01-25,134,135,133,134,7327500,134
2013-01-28,135,136,132,132,6764300,132
2013-01-29,132,134,131,133,10017400,133
2013-01-30,134,135,133,134,4246000,134
2013-01-31,135,137,134,137,13926200,137
2013-02-01,137,138,136,137,12524700,137
2013-02-04,138,148,138,145,26899200,145
2013-02-05,142,145,138,140,17199500,140
2013-02-06,143,144,141,141,19275200,141
2013-02-07,142,149,142,149,28037600,149
2013-02-08,149,149,144,145,12753700,145
2013-02-12,148,150,145,147,16966400,147
2013-02-13,147,148,142,144,16518000,144
2013-02-14,144,145,140,141,12190100,141
2013-02-15,139,140,136,138,10605300,138
2013-02-18,138,141,138,139,11525000,139
2013-02-19,138,141,137,138,10725200,138
2013-02-20,140,141,138,140,11385600,140
2013-02-21,139,140,137,139,8661100,139
2013-02-22,139,139,136,138,6688100,138
2013-02-25,140,143,139,143,12222600,143
2013-02-26,138,142,136,139,17634900,139
2013-02-27,140,141,138,139,5318500,139
2013-02-28,141,142,139,142,7818100,142
2013-03-01,141,145,140,144,13330400,144
2013-03-04,145,147,144,146,12323600,146
2013-03-05,146,148,145,147,8689400,147
2013-03-06,148,149,146,148,13201000,148
2013-03-07,148,149,144,146,12829600,146
2013-03-08,146,147,145,147,10514500,147
2013-03-11,147,151,146,149,18733800,149
2013-03-12,150,153,148,149,20410500,149
2013-03-13,149,151,146,147,7391600,147
2013-03-14,150,152,147,152,9198200,152
2013-03-15,153,154,151,151,10996300,151
2013-03-18,150,150,148,148,6685600,148
2013-03-19,150,152,149,152,5552200,152
2013-03-21,152,154,151,153,7137800,153
2013-03-22,152,153,150,151,7908600,151
2013-03-25,151,152,150,151,7447000,151
2013-03-26,151,151,149,149,3829300,149
2013-03-27,149,150,148,150,5813400,150
2013-03-28,150,150,145,147,7271300,147
2013-03-29,147,148,143,145,6461400,145
2013-04-01,144,144,139,140,5318100,140
2013-04-02,137,139,134,139,10328000,139
2013-04-03,139,140,138,140,5299300,140
2013-04-04,138,142,136,142,8885600,142
2013-04-05,145,148,141,142,17317800,142
2013-04-08,145,146,143,146,9902400,146
2013-04-09,147,149,145,148,12594400,148
2013-04-10,147,153,147,152,16824700,152
2013-04-11,154,156,153,155,13534100,155
2013-04-12,154,155,152,153,7960200,153
2013-04-15,151,152,149,151,5130500,151
2013-04-16,147,147,142,145,13417600,145
2013-04-17,150,151,148,151,13563000,151
2013-04-18,148,149,146,147,8111000,147
2013-04-19,148,148,146,148,5144700,148
2013-04-22,150,151,149,150,6366800,150
2013-04-23,151,151,149,149,4219800,149
2013-04-24,150,152,149,152,7696800,152
2013-04-25,152,156,151,154,16936600,154
2013-04-26,155,155,151,151,9120900,151
2013-04-30,153,154,152,153,8399300,153
2013-05-01,154,154,152,153,3706200,153
2013-05-02,153,153,152,152,2607400,152
2013-05-07,156,157,154,156,13229600,156
2013-05-08,157,166,157,161,33986200,161
2013-05-09,163,165,161,161,12058200,161
2013-05-10,169,171,167,168,29157800,168
2013-05-13,171,176,170,170,22046600,170
2013-05-14,171,171,168,170,10282500,170
2013-05-15,173,173,171,171,10292600,171
2013-05-16,172,172,165,166,13601200,166
2013-05-17,165,170,165,169,10769400,169
2013-05-20,173,180,172,179,29854900,179
2013-05-21,179,199,178,198,53598200,198
2013-05-22,218,248,216,224,205912400,224
2013-05-23,220,229,201,201,70470100,201
2013-05-24,209,211,190,202,45566100,202
2013-05-27,195,196,188,188,24345500,188
2013-05-28,185,194,183,189,24224700,189
2013-05-29,197,198,192,192,23074500,192
2013-05-30,190,190,180,182,19858500,182
2013-05-31,185,187,178,178,17685800,178
2013-06-03,175,184,175,177,22414100,177
2013-06-04,176,181,167,179,31082700,179
2013-06-05,180,182,171,171,23498600,171
2013-06-06,168,174,165,167,19042700,167
2013-06-07,162,167,158,162,17809400,162
2013-06-10,171,171,167,171,11222100,171
2013-06-11,171,175,166,168,21659000,168
2013-06-12,165,172,161,170,12180200,170
2013-06-13,165,166,161,161,16085200,161
2013-06-14,167,167,161,162,13687700,162
2013-06-17,161,166,160,166,8891100,166
2013-06-18,167,167,164,166,6706200,166
2013-06-19,169,173,168,171,15689100,171
2013-06-20,169,171,166,167,9920800,167
2013-06-21,163,168,160,167,18225200,167
2013-06-24,169,170,164,165,7000300,165
2013-06-25,163,166,161,163,12718000,163
2013-06-26,165,165,156,156,15165000,156
2013-06-27,158,159,152,158,9781200,158
2013-06-28,160,166,159,165,11227200,165
2013-07-01,168,168,165,168,6607100,168
2013-07-02,170,175,169,175,8977300,175
2013-07-03,175,178,173,177,15014200,177
2013-07-04,176,178,174,175,5349900,175
2013-07-05,177,181,176,181,9302000,181
2013-07-08,184,187,177,178,16577100,178
2013-07-09,181,183,178,180,11427400,180
2013-07-10,181,182,177,178,9202700,178
2013-07-11,175,180,173,179,9308500,179
2013-07-12,179,180,176,177,11342600,177
2013-07-16,179,181,178,179,7451900,179
2013-07-17,177,179,176,178,9936200,178
2013-07-18,178,180,178,178,4554300,178
2013-07-19,180,181,175,177,12402200,177
2013-07-22,179,179,176,177,4750700,177
2013-07-23,177,180,177,179,7250300,179
2013-07-24,178,180,177,180,5182200,180
2013-07-25,180,181,178,179,5495100,179
2013-07-26,178,179,175,175,6544900,175
2013-07-29,173,173,165,165,8103400,165
2013-07-30,165,171,164,169,6855100,169
2013-07-31,168,171,167,167,5229900,167
2013-08-01,168,172,168,172,4607800,172
2013-08-02,174,180,173,180,10244300,180
2013-08-05,179,179,177,179,4314500,179
2013-08-06,179,186,176,184,21834300,184
2013-08-07,180,184,178,180,12470800,180
2013-08-08,179,182,177,178,10038000,178
2013-08-09,180,186,180,185,18388900,185
2013-08-12,183,184,179,184,19190300,184
2013-08-13,185,189,184,189,11603900,189
2013-08-14,190,191,186,190,13310300,190
2013-08-15,188,191,187,188,8562900,188
2013-08-16,185,190,185,188,8015100,188
2013-08-19,187,189,185,186,4042200,186
2013-08-20,183,187,183,183,8344400,183
2013-08-21,184,185,180,182,7507200,182
2013-08-22,180,184,180,182,7915800,182
2013-08-23,184,187,183,185,10525600,185
2013-08-26,186,187,183,183,4575500,183
2013-08-27,183,186,182,183,3984500,183
2013-08-28,180,180,175,177,8724900,177
2013-08-29,177,179,176,176,5802400,176
2013-08-30,177,179,175,176,9131400,176
2013-09-02,175,176,171,174,5031300,174
2013-09-03,176,181,176,180,7342000,180
2013-09-04,180,184,178,184,5663000,184
2013-09-05,185,185,181,183,7106000,183
2013-09-06,183,184,180,182,6294200,182
2013-09-09,186,187,184,186,6889300,186
2013-09-10,187,192,186,191,10677800,191
2013-09-11,194,194,191,192,9677000,192
2013-09-12,192,193,189,191,5040600,191
2013-09-13,191,192,190,192,5898000,192
2013-09-17,193,197,192,194,8227900,194
2013-09-18,195,200,194,194,11259500,194
2013-09-19,196,198,195,197,8583300,197
2013-09-20,198,198,196,197,4281200,197
2013-09-24,196,198,195,198,5000600,198
2013-09-25,197,198,193,194,7083000,194
2013-09-26,193,195,190,195,4999900,195
2013-09-27,195,195,193,194,3285200,194
2013-09-30,192,192,190,192,5375800,192
2013-10-01,191,192,188,189,7448200,189
2013-10-02,190,191,187,188,5569500,188
2013-10-03,188,190,187,187,5749300,187
2013-10-04,185,186,183,185,6331200,185
2013-10-07,185,186,181,182,4839400,182
2013-10-08,181,185,180,183,7135900,183
2013-10-09,181,189,180,188,8847800,188
2013-10-10,189,193,187,192,8928200,192
2013-10-11,194,195,192,193,5781800,193
2013-10-15,193,195,192,194,4111000,194
2013-10-16,192,194,191,192,3373500,192
2013-10-17,194,195,191,193,6610400,193
2013-10-18,192,193,190,192,2954500,192
2013-10-21,193,196,192,193,6002800,193
2013-10-22,193,194,192,193,2231000,193
2013-10-23,193,194,190,190,4563700,190
2013-10-24,189,191,188,191,4154600,191
2013-10-25,190,191,187,187,4992300,187
2013-10-28,190,192,189,192,6882400,192
2013-10-29,191,193,189,190,6647200,190
2013-10-30,192,193,191,193,6594000,193
2013-10-31,193,193,189,190,5086700,190
2013-11-01,190,191,186,187,6195600,187
2013-11-05,188,189,185,186,5605200,186
2013-11-06,187,193,186,188,6652200,188
2013-11-07,190,190,187,189,4663300,189
2013-11-08,186,189,186,186,3761300,186
2013-11-11,188,188,184,185,4920300,185
2013-11-12,186,189,185,189,6036300,189
2013-11-13,189,189,187,188,2887400,188
2013-11-14,188,190,187,190,10524100,190
2013-11-15,191,192,189,191,8926400,191
2013-11-18,192,193,190,192,7140400,192
2013-11-19,191,192,188,191,4654300,191
2013-11-20,191,191,188,188,4870300,188
2013-11-21,190,193,190,193,13718000,193
2013-11-22,193,195,190,192,14700500,192
2013-11-25,192,192,190,192,9469000,192
2013-11-26,190,191,188,189,7200000,189
2013-11-27,190,192,189,189,8866500,189
2013-11-28,191,191,189,189,4042400,189
2013-11-29,190,191,189,189,4666900,189
2013-12-02,190,191,188,188,5873200,188
2013-12-03,189,190,187,187,6466700,187
2013-12-04,186,187,183,184,6663800,184
2013-12-05,184,185,182,182,11309300,182
2013-12-06,182,185,181,184,7114800,184
2013-12-09,187,187,185,185,5252600,185
2013-12-10,186,187,184,186,5097100,186
2013-12-11,185,186,183,185,4744200,185
2013-12-12,184,185,182,185,6607200,185
2013-12-13,185,185,181,183,8627300,183
2013-12-16,182,183,178,179,10977200,179
2013-12-17,180,181,179,181,5042200,181
2013-12-18,180,184,180,183,5597300,183
2013-12-19,184,185,182,183,10011000,183
2013-12-20,182,183,181,181,7995400,181
2013-12-24,181,183,179,179,8791900,179
2013-12-25,178,180,178,179,7307300,179
2013-12-26,180,185,179,183,10490800,183
2013-12-27,184,186,181,186,9320400,186
2013-12-30,188,189,186,187,11464700,187
2014-01-06,187,188,185,188,10533200,188
2014-01-07,188,190,186,189,7203100,189
2014-01-08,189,193,188,193,15638900,193
2014-01-09,192,192,189,191,15675400,191
2014-01-10,190,192,189,191,5548700,191
2014-01-14,187,189,185,186,10580800,186
2014-01-15,189,193,188,192,11457000,192
2014-01-16,192,194,190,191,13700000,191
2014-01-17,192,197,190,196,23342000,196
2014-01-20,197,202,194,200,25617700,200
2014-01-21,201,204,196,196,23172700,196
2014-01-22,196,199,194,198,16267700,198
2014-01-23,199,200,194,194,18251600,194
2014-01-24,192,194,190,192,12026000,192
2014-01-27,186,188,185,185,13587900,185
2014-01-28,186,188,185,185,10356400,185
2014-01-29,188,190,187,189,6092900,189
2014-01-30,185,185,181,182,16635500,182
2014-01-31,183,184,178,178,20114400,178
2014-02-03,177,179,175,175,8740100,175
2014-02-04,167,172,164,167,23056900,167
2014-02-05,169,171,163,169,23101300,169
2014-02-06,169,174,168,171,13157700,171
2014-02-07,176,182,175,179,23794900,179
2014-02-10,181,182,177,179,12685200,179
2014-02-12,182,185,180,182,16080600,182
2014-02-13,181,184,179,180,11703500,180
2014-02-14,181,183,175,178,10665600,178
2014-02-17,179,181,177,180,7602300,180
2014-02-18,182,185,181,184,12480000,184
2014-02-19,183,185,182,184,6385500,184
2014-02-20,183,184,179,180,10059700,180
2014-02-21,182,184,181,183,5978500,183
2014-02-24,183,185,181,182,6864600,182
2014-02-25,183,184,182,184,2643500,184
2014-02-26,183,184,182,182,3821600,182
2014-02-27,182,183,181,181,2876500,181
2014-02-28,180,182,178,180,13162100,180
2014-03-03,178,179,176,178,7630500,178
2014-03-04,176,179,176,179,8781400,179
2014-03-05,180,182,179,180,8587000,180
2014-03-06,180,183,179,183,7069700,183
2014-03-07,184,187,182,187,9861500,187
2014-03-10,186,186,183,185,5274100,185
2014-03-11,185,186,183,186,4265000,186
2014-03-12,183,183,180,180,6247300,180
2014-03-13,180,182,179,181,4862600,181
2014-03-14,177,177,174,175,10343400,175
2014-03-17,173,174,169,170,6937800,170
2014-03-18,174,174,171,172,5229300,172
2014-03-19,174,175,171,172,6882800,172
2014-03-20,172,172,167,167,10861500,167
2014-03-24,166,174,166,171,13712200,171
2014-03-25,170,173,169,170,8887200,170
2014-03-26,170,171,166,168,9667800,168
2014-03-27,165,168,162,167,13662700,167
2014-03-28,168,171,166,170,9664000,170
2014-03-31,172,176,171,176,8165400,176
2014-04-01,176,176,174,176,3952600,176
2014-04-02,177,179,175,176,7377400,176
2014-04-03,178,179,176,177,5933200,177
2014-04-04,178,178,175,176,3290600,176
2014-04-07,173,174,171,173,4733700,173
2014-04-08,172,173,171,171,7001800,171
2014-04-09,170,171,167,167,6435400,167
2014-04-10,170,170,165,165,7372900,165
2014-04-11,162,165,162,164,8416500,164
2014-04-14,162,164,161,162,7487100,162
2014-04-15,163,165,161,165,11264300,165
2014-04-16,165,166,164,166,8201400,166
2014-04-17,165,167,164,166,7482100,166
2014-04-18,167,168,166,167,4340100,167
2014-04-21,167,168,165,166,3976200,166
2014-04-22,166,167,164,164,7121300,164
2014-04-23,166,168,165,165,6897600,165
2014-04-24,166,167,164,166,5490300,166
2014-04-25,166,168,165,166,3952600,166
2014-04-28,165,166,164,165,2802800,165
2014-04-30,166,166,161,161,9431700,161
2014-05-01,161,164,160,163,15275600,163
2014-05-02,164,166,163,164,8116600,164
2014-05-07,162,162,157,159,10157200,159
2014-05-08,160,169,160,163,19078400,163
2014-05-09,163,168,163,165,13665700,165
2014-05-12,165,167,161,162,11544400,162
2014-05-13,164,166,163,166,7094400,166
2014-05-14,165,167,164,166,11805500,166
2014-05-15,163,164,160,162,21399100,162
2014-05-16,160,161,159,160,10651700,160
2014-05-19,161,162,159,161,13563600,161
2014-05-20,161,164,159,161,10549400,161
2014-05-21,160,161,158,158,11557700,158
2014-05-22,160,162,158,160,13473000,160
2014-05-23,160,163,160,161,6694300,161
2014-05-26,163,164,161,163,8123500,163
2014-05-27,164,165,162,162,10254300,162
2014-05-28,162,163,161,161,9107500,161
2014-05-29,161,165,161,164,15830700,164
2014-05-30,163,166,160,162,83651700,162
2014-06-02,164,167,162,166,26177800,166
2014-06-03,167,168,165,168,17873900,168
2014-06-04,167,168,166,166,10330300,166
2014-06-05,166,167,164,165,9671100,165
2014-06-06,166,171,165,171,15023100,171
2014-06-09,172,174,169,169,18736700,169
2014-06-10,170,172,168,168,10737300,168
2014-06-11,169,171,168,168,9698800,168
2014-06-12,169,172,168,172,16917200,172
2014-06-13,172,175,171,174,30685700,174
2014-06-16,175,175,172,173,11061900,173
2014-06-17,174,175,173,175,12074700,175
2014-06-18,175,179,175,179,18088000,179
2014-06-19,179,182,179,180,25352200,180
2014-06-20,181,183,179,183,19955000,183
2014-06-23,183,184,181,182,9553600,182
2014-06-24,180,182,178,181,9092100,181
2014-06-25,180,182,178,179,9008400,179
2014-06-26,180,181,179,181,5985100,181
2014-06-27,180,181,177,178,11510300,178
2014-06-30,179,180,178,179,8957900,179
2014-07-01,179,182,178,180,11436500,180
2014-07-02,181,183,179,180,10761400,180
2014-07-03,181,182,179,179,5478800,179
2014-07-04,180,181,180,181,5523600,181
2014-07-07,180,181,178,178,13309600,178
2014-07-08,178,179,178,179,13387100,179
2014-07-09,177,179,174,175,13919900,175
2014-07-10,176,177,174,174,13276800,174
2014-07-11,173,176,172,175,12333300,175
2014-07-14,175,176,174,176,4744300,176
2014-07-15,176,177,175,175,5926700,175
2014-07-16,175,176,174,174,5598400,174
2014-07-17,174,176,173,174,6282500,174
2014-07-18,172,174,171,173,9162300,173
2014-07-22,174,176,174,176,5116700,176
2014-07-23,176,176,174,176,7350000,176
2014-07-24,175,176,174,174,5366900,174
2014-07-25,175,177,175,176,6745900,176
2014-07-28,177,178,176,178,5860800,178
2014-07-29,178,179,177,178,3830000,178
2014-07-30,177,178,176,177,5210300,177
2014-07-31,178,179,177,177,7621900,177
2014-08-01,175,177,174,176,6310600,176
2014-08-04,176,177,174,175,11132900,175
2014-08-05,176,176,172,172,10632300,172
2014-08-06,172,173,170,170,10388600,170
2014-08-07,170,172,169,171,10776900,171
2014-08-08,170,171,166,168,20322300,168
2014-08-11,170,172,169,171,15889800,171
2014-08-12,171,173,170,170,8878300,170
2014-08-13,170,172,170,172,6366700,172
2014-08-14,172,173,171,173,6121000,173
2014-08-15,172,174,171,172,6947200,172
2014-08-18,172,174,172,174,4568200,174
2014-08-19,175,176,173,173,6108200,173
2014-08-20,173,175,173,173,11948300,173
2014-08-21,173,175,173,175,13751600,175
2014-08-22,175,175,171,173,13203000,173
2014-08-25,173,174,172,174,2970500,174
2014-08-26,174,174,172,172,6436100,172
2014-08-27,173,174,172,174,7502900,174
2014-08-28,173,174,172,172,11969000,172
2014-08-29,172,173,171,172,4656300,172
2014-09-01,172,175,172,174,6999900,174
2014-09-02,175,177,175,176,14081700,176
2014-09-03,178,179,176,178,16544400,178
2014-09-04,178,179,175,176,11050400,176
2014-09-05,177,178,175,176,8862100,176
2014-09-08,177,178,176,178,4690300,178
2014-09-09,179,179,177,178,8729500,178
2014-09-10,177,180,176,180,9515600,180
2014-09-11,180,182,180,180,7704600,180
2014-09-12,179,180,177,177,11280900,177
2014-09-16,178,179,177,178,13119300,178
2014-09-17,178,179,176,176,10000600,176
2014-09-18,177,179,177,178,7395600,178
2014-09-19,178,180,177,180,12116900,180
2014-09-22,179,181,179,180,16989300,180
2014-09-24,180,182,179,180,9755600,180
2014-09-25,181,182,179,180,11072300,180
2014-09-26,176,178,176,178,4782900,178
2014-09-29,179,179,176,177,4805000,177
2014-09-30,175,175,172,172,19090500,172
2014-10-01,174,174,171,171,12199100,171
2014-10-02,170,170,167,167,11297300,167
2014-10-03,167,168,164,166,19855000,166
2014-10-06,168,169,167,168,7102400,168
2014-10-07,168,169,166,166,8355000,166
2014-10-08,164,166,163,165,9070200,165
2014-10-09,165,166,162,162,15296400,162
2014-10-10,160,161,158,159,20435600,159
2014-10-14,156,159,155,155,21305700,155
2014-10-15,157,157,155,157,16477200,157
2014-10-16,154,155,151,152,22643700,152
2014-10-17,153,155,150,150,19283900,150
2014-10-20,154,156,153,153,16484200,153
2014-10-21,154,154,150,151,19387900,151
2014-10-22,153,156,153,156,9282400,156
2014-10-23,156,157,153,154,20840400,154
2014-10-24,156,157,154,156,6513400,156
2014-10-27,157,160,156,159,15872400,159
2014-10-28,158,159,156,157,11297200,157
2014-10-29,158,161,157,160,13547400,160
2014-10-30,161,161,159,159,11451900,159
2014-10-31,161,165,160,164,18931900,164
2014-11-04,169,171,167,169,23281500,169
2014-11-05,169,173,167,172,26291500,172
2014-11-06,173,174,168,169,16352200,169
2014-11-07,170,172,169,171,13012500,171
2014-11-10,170,172,169,172,5265900,172
2014-11-11,172,173,169,169,14627100,169
2014-11-12,170,170,167,167,11538500,167
2014-11-13,168,172,168,171,19770200,171
2014-11-14,173,173,170,172,16619600,172
2014-11-17,171,172,166,167,19747900,167
2014-11-18,168,170,167,169,10556200,169
2014-11-19,172,173,171,171,15523800,171
2014-11-20,172,172,170,171,7770300,171
2014-11-21,171,173,170,171,12102400,171
2014-11-25,172,173,171,171,11050100,171
2014-11-26,171,173,170,172,8618900,172
2014-11-27,172,175,171,171,17280300,171
2014-11-28,172,172,169,170,10360600,170
2014-12-01,171,172,169,169,6828400,169
2014-12-02,169,171,169,171,10760100,171
2014-12-03,171,172,170,170,10370000,170
2014-12-04,171,172,170,172,4626900,172
2014-12-05,171,172,170,170,8173700,170
2014-12-08,171,171,169,169,8822000,169
2014-12-09,169,171,168,171,16453400,171
2014-12-10,170,170,168,168,10039700,168
2014-12-11,167,168,165,166,18114200,166
2014-12-12,165,169,165,166,21322900,166
2014-12-15,165,166,160,162,23628600,162
2014-12-16,161,162,158,158,17165900,158
2014-12-17,158,159,157,158,13328400,158
2014-12-18,160,162,158,158,19410100,158
2014-12-19,161,161,159,161,13275300,161
2014-12-22,162,166,161,165,17229200,165
2014-12-24,166,168,165,166,11452600,166
2014-12-25,165,166,163,165,12837800,165
2014-12-26,166,168,165,167,9808300,167
2014-12-29,168,169,166,169,13969000,169
2014-12-30,168,171,168,169,16673700,169
2015-01-05,168,169,166,168,11255100,168
2015-01-06,166,166,163,163,14892000,163
2015-01-07,162,165,162,163,9828100,163
2015-01-08,165,165,162,162,15096200,162
2015-01-09,163,164,161,162,10255300,162
2015-01-13,161,161,159,160,11230100,160
2015-01-14,159,160,158,158,11022000,158
2015-01-15,159,160,156,158,9550500,158
2015-01-16,157,158,155,157,12758600,157
2015-01-19,159,161,158,161,14676500,161
2015-01-20,159,160,156,159,16531900,159
2015-01-21,158,159,155,156,15160200,156
2015-01-22,156,157,154,156,17281500,156
2015-01-23,157,162,156,161,18678500,161
2015-01-26,159,161,158,159,11766000,159
2015-01-27,158,159,157,158,7603200,158
2015-01-28,157,158,156,158,8594300,158
2015-01-29,157,157,154,155,11603400,155
2015-01-30,156,157,153,153,14668200,153
2015-02-02,153,155,152,153,10901500,153
2015-02-03,154,156,153,154,13782000,154
2015-02-04,156,158,155,157,7668800,157
2015-02-05,156,162,155,160,15551200,160
2015-02-06,163,169,162,167,23889200,167
2015-02-09,168,171,167,170,17055100,170
2015-02-10,170,171,169,171,10464500,171
2015-02-12,171,172,169,171,19489500,171
2015-02-13,170,172,169,170,14926200,170
2015-02-16,171,174,171,173,20575500,173
2015-02-17,173,175,172,175,11262600,175
2015-02-18,174,177,173,176,12894700,176
2015-02-19,174,179,174,178,16860600,178
2015-02-20,179,179,176,179,14062700,179
2015-02-23,180,181,177,179,24225400,179
2015-02-24,179,182,177,181,15217200,181
2015-02-25,180,181,179,181,9926200,181
2015-02-26,180,182,180,182,17645100,182
2015-02-27,182,185,181,183,24635500,183
2015-03-02,183,187,183,186,31981000,186
2015-03-03,184,185,180,183,20851600,183
2015-03-04,180,184,179,183,17069300,183
2015-03-05,181,183,180,183,17333500,183
2015-03-06,184,184,181,183,18162700,183
2015-03-09,181,182,180,181,14040300,181
2015-03-10,182,184,180,181,20936700,181
2015-03-11,180,192,179,192,95856500,192
2015-03-12,192,195,190,192,61928200,192
2015-03-13,192,195,190,191,34784500,191
2015-03-16,191,192,189,190,14431400,190
2015-03-17,191,193,190,192,11577800,192
2015-03-18,192,193,190,192,11776800,192
2015-03-19,192,195,192,193,21172000,193
2015-03-20,193,195,190,195,20663700,195
2015-03-23,195,197,194,196,15583700,196
2015-03-24,196,199,195,198,26831600,198
2015-03-25,199,213,198,210,122010600,210
2015-03-26,207,211,203,209,77537400,209
2015-03-27,205,206,200,202,25786200,202
2015-03-30,201,203,200,203,11855000,203
2015-03-31,203,204,201,201,11165600,201
2015-04-01,201,203,200,201,15063900,201
2015-04-02,201,203,201,202,8130400,202
2015-04-03,202,203,201,202,10134300,202
2015-04-06,202,206,200,204,18157100,204
2015-04-07,206,207,203,204,21490500,204
2015-04-08,204,207,203,206,20046400,206
2015-04-09,206,208,205,205,16053200,205
2015-04-10,205,207,204,204,7155200,204
2015-04-13,204,205,201,204,11645600,204
2015-04-14,204,210,203,209,29962400,209
2015-04-15,210,218,208,210,41275200,210
2015-04-16,210,218,210,217,33505000,217
2015-04-17,216,222,214,221,36036500,221
2015-04-20,221,226,218,221,29884200,221
2015-04-21,223,225,220,222,20503000,222
2015-04-22,223,228,221,225,32839500,225
2015-04-23,227,235,226,233,64994800,233
2015-04-24,232,236,231,234,59947900,234
2015-04-27,236,239,232,234,49409600,234
2015-04-28,234,235,231,232,21629600,232
2015-04-30,231,238,228,235,45611100,235
2015-05-01,234,236,230,233,20909600,233
2015-05-07,231,244,230,241,61752000,241
2015-05-08,245,261,244,258,80664400,258
2015-05-11,265,271,259,262,56301000,262
2015-05-12,266,283,264,282,59960600,282
2015-05-13,283,291,280,288,82583900,288
2015-05-14,287,288,276,287,57071500,287
2015-05-15,288,289,280,283,34665400,283
2015-05-18,279,287,277,286,31215300,286
2015-05-19,287,289,282,283,31067500,283
2015-05-20,283,285,279,281,22592900,281
2015-05-21,279,284,276,282,34512800,282
2015-05-22,280,286,279,285,21364500,285
2015-05-25,287,308,287,306,80603600,306
2015-05-26,308,311,304,306,45097400,306
2015-05-27,305,320,303,320,66723500,320
2015-05-28,326,329,310,314,70165900,314
2015-05-29,313,313,306,310,45336700,310
2015-06-01,307,316,307,313,33087600,313
2015-06-02,313,314,307,310,32601400,310
2015-06-03,308,319,307,311,43522600,311
2015-06-04,315,315,311,313,22935700,313
2015-06-05,311,312,302,302,34717100,302
2015-06-08,306,312,305,311,30136100,311
2015-06-09,308,311,300,302,28747800,302
2015-06-10,302,307,302,303,24670700,303
2015-06-11,307,310,305,307,18958400,307
2015-06-12,308,314,306,309,36562400,309
2015-06-15,308,309,305,307,12713700,307
2015-06-16,307,310,304,305,15734400,305
2015-06-17,306,307,299,300,25477200,300
2015-06-18,298,298,286,287,39337000,287
2015-06-19,290,292,283,284,41304300,284
2015-06-22,287,294,286,292,30356800,292
2015-06-23,294,296,291,294,23135500,294
2015-06-24,299,313,298,306,72427300,306
2015-06-25,304,312,304,308,36479900,308
2015-06-26,309,310,303,304,22249700,304
2015-06-29,291,299,290,295,23893400,295
2015-06-30,294,298,294,297,13162500,297
2015-07-01,302,309,299,307,21097500,307
2015-07-02,310,314,305,309,31122800,309
2015-07-03,307,307,303,305,13008800,305
2015-07-06,300,304,296,297,18219900,297
2015-07-07,302,303,294,294,16544500,294
2015-07-08,292,293,279,280,36310000,280
2015-07-09,271,286,262,284,59780600,284
2015-07-10,285,289,284,285,25582600,285
2015-07-13,287,291,287,291,15501800,291
2015-07-14,298,304,297,300,23985600,300
2015-07-15,303,306,295,298,20755200,298
2015-07-16,300,303,297,303,17283700,303
2015-07-17,304,305,301,303,8304300,303
2015-07-21,303,304,298,298,13451700,298
2015-07-22,296,299,296,297,9070400,297
2015-07-23,297,298,289,292,19695900,292
2015-07-24,289,290,284,285,12955700,285
2015-07-27,285,288,281,284,10161500,284
2015-07-28,280,288,278,284,15137500,284
2015-07-29,287,290,283,285,8625800,285
2015-07-30,286,294,286,294,12001900,294
2015-07-31,291,293,285,286,14870200,286
2015-08-03,285,286,280,281,10366600,281
2015-08-04,281,284,270,277,31627900,277
2015-08-05,280,280,270,271,20968000,271
2015-08-06,275,280,274,276,18072900,276
2015-08-07,274,283,274,280,9831400,280
2015-08-10,279,279,274,278,7549300,278
2015-08-11,281,283,279,281,11389600,281
2015-08-12,278,279,271,272,28765800,272
2015-08-13,273,276,270,274,25752100,274
2015-08-14,273,274,271,273,13973400,273
2015-08-17,273,275,272,273,9694200,273
2015-08-18,274,278,274,276,11433500,276
2015-08-19,275,276,270,271,21208100,271
2015-08-20,270,271,266,266,26753300,266
2015-08-21,258,265,257,261,44665300,261
2015-08-24,255,258,243,246,44731100,246
2015-08-25,230,252,225,234,52589700,234
2015-08-26,242,247,235,245,25670200,245
2015-08-27,253,254,245,246,17402800,246
2015-08-28,254,266,253,262,31542600,262
2015-08-31,261,261,253,257,17673500,257
2015-09-01,254,257,248,248,25211200,248
2015-09-02,240,247,239,241,20850600,241
2015-09-03,245,248,241,242,15261000,242
2015-09-04,243,244,234,237,15982400,237
2015-09-07,235,239,231,237,15426100,237
2015-09-08,237,244,234,235,15343100,235
2015-09-09,244,253,243,252,18856000,252
2015-09-10,247,250,242,249,13580500,249
2015-09-11,247,250,245,246,12841000,246
2015-09-14,246,247,238,239,13084300,239
2015-09-15,242,246,237,238,11856900,238
2015-09-16,241,242,238,239,9540200,239
2015-09-17,243,246,242,244,9547100,244
2015-09-18,242,243,238,240,9389200,240
2015-09-24,238,239,230,231,16823400,231
2015-09-25,233,238,228,237,24648200,237
2015-09-28,235,235,229,231,17202700,231
2015-09-29,227,227,218,219,25424900,219
2015-09-30,223,226,221,222,14622500,222
2015-10-01,226,229,223,226,11825300,226
2015-10-02,225,228,223,227,8578100,227
2015-10-05,231,238,231,234,15829800,234
2015-10-06,240,241,237,238,21478700,238
2015-10-07,240,253,239,253,28478000,253
2015-10-08,251,256,250,251,23009500,251
2015-10-09,255,259,254,259,21207800,259
2015-10-13,259,259,252,254,17156400,254
2015-10-14,250,253,247,250,14117000,250
2015-10-15,247,256,246,254,13011700,254
2015-10-16,255,256,252,255,13399700,255
2015-10-19,257,257,250,253,11976700,253
2015-10-20,255,256,251,253,8744400,253
2015-10-21,253,260,252,260,16750000,260
2015-10-22,259,264,258,261,23486200,261
2015-10-23,268,268,262,265,13402100,265
2015-10-26,267,268,264,265,8306900,265
2015-10-27,265,265,260,261,11254700,261
2015-10-28,262,264,260,263,9767600,263
2015-10-29,266,267,262,265,15678700,265
2015-10-30,265,268,261,268,16303600,268
2015-11-02,263,264,261,262,11355700,262
2015-11-04,267,267,261,264,12335500,264
2015-11-05,263,275,262,274,24493400,274
2015-11-06,273,274,269,272,14184600,272
2015-11-09,274,280,274,279,15470800,279
2015-11-10,275,280,274,278,10803000,278
2015-11-11,279,282,277,278,11035000,278
2015-11-12,278,279,274,278,7045400,278
2015-11-13,274,277,272,276,9422900,276
2015-11-16,270,274,267,272,8148100,272
2015-11-17,276,278,274,277,8843500,277
2015-11-18,278,281,274,274,20519100,274
2015-11-19,278,279,275,276,10781300,276
2015-11-20,276,277,273,277,6145400,277
2015-11-24,277,278,275,277,5001000,277
2015-11-25,277,281,276,278,12362800,278
2015-11-26,276,279,276,277,9878500,277
2015-11-27,276,277,273,274,11099000,274
2015-11-30,275,275,269,270,11943700,270
2015-12-01,270,276,270,276,9643400,276
2015-12-02,274,278,274,277,10168700,277
2015-12-03,277,280,276,278,8235600,278
2015-12-04,275,278,274,275,12947900,275
2015-12-07,278,279,275,275,7180300,275
2015-12-08,276,276,268,270,12335000,270
2015-12-09,268,272,267,270,9864600,270
2015-12-10,267,271,264,264,9227900,264
2015-12-11,263,268,263,265,12863300,265
2015-12-14,260,261,257,260,11435800,260
2015-12-15,261,265,256,257,12138900,257
2015-12-16,260,266,259,264,9269100,264
2015-12-17,267,269,265,267,7741300,267
2015-12-18,264,269,260,261,12970900,261
2015-12-21,257,261,256,260,12431000,260
2015-12-22,259,262,255,256,11956300,256
2015-12-24,257,260,255,256,15508800,256
2015-12-25,255,256,246,248,13084000,248
2015-12-28,248,257,247,256,11906000,256
2015-12-29,254,259,252,258,6930000,258
2015-12-30,258,261,256,256,8078700,256
2016-01-04,254,259,249,252,12922900,252
2016-01-05,252,259,251,255,14118200,255
2016-01-06,255,257,251,255,9919300,255
2016-01-07,253,255,247,248,11753000,248
2016-01-08,243,251,242,246,13372800,246
2016-01-12,243,244,236,236,15158500,236
2016-01-13,240,246,238,245,16973900,245
2016-01-14,239,241,235,239,25635200,239
2016-01-15,243,245,235,237,22586900,237
2016-01-18,229,238,229,236,31943000,236
2016-01-19,236,238,231,236,24437500,236
2016-01-20,234,234,225,226,17788800,226
2016-01-21,225,232,218,220,23393100,220
2016-01-22,228,233,224,233,27514400,233
2016-01-25,239,242,235,241,27832800,241
2016-01-26,237,237,232,233,39576400,233
2016-01-27,238,246,237,246,27915800,246
2016-01-28,244,249,241,244,29932700,244
2016-01-29,246,257,243,257,46682500,257
2016-02-01,260,264,257,260,31317600,260
2016-02-02,257,261,255,255,15135400,255
2016-02-03,249,253,236,241,48561900,241
2016-02-04,236,237,229,231,29734300,231
2016-02-05,227,233,224,230,54481600,230
2016-02-08,227,234,226,233,48920000,233
2016-02-09,223,226,217,219,46715600,219
2016-02-10,219,220,204,209,61004400,209
2016-02-12,198,201,192,194,62405400,194
2016-02-15,205,214,203,211,41554000,211
2016-02-16,209,219,208,214,33202300,214
2016-02-17,215,222,213,216,48670800,216
2016-02-18,224,231,223,229,41807600,229
2016-02-19,225,226,220,223,32925900,223
2016-02-22,228,229,223,225,17744700,225
2016-02-23,229,233,226,227,18883600,227
2016-02-24,223,226,220,224,14220000,224
2016-02-25,222,226,221,224,16334700,224
2016-02-26,226,229,221,221,14750400,221
2016-02-29,224,225,217,217,14274600,217
2016-03-01,215,218,212,218,13834100,218
2016-03-02,223,230,220,227,16487300,227
2016-03-03,229,235,228,234,30386500,234
2016-03-04,234,240,233,240,13107900,240
2016-03-07,242,245,238,243,31935700,243
2016-03-08,245,249,237,239,15820400,239
2016-03-09,235,239,231,238,11913300,238
2016-03-10,242,243,234,241,14822000,241
2016-03-11,238,246,238,245,11306100,245
2016-03-14,248,249,245,247,8338200,247
2016-03-15,245,246,240,242,10961200,242
2016-03-16,240,244,239,241,10916300,241
2016-03-17,242,243,236,239,12989800,239
2016-03-18,237,242,235,239,28564800,239
2016-03-22,242,244,238,242,13754700,242
2016-03-23,240,242,238,239,8782700,239
2016-03-24,236,237,231,232,14717600,232
2016-03-25,233,236,232,235,5699900,235
2016-03-28,237,238,236,238,7424900,238
2016-03-29,234,238,233,236,7791600,236
2016-03-30,234,235,229,230,8359100,230
2016-03-31,232,233,230,231,12400300,231
2016-04-01,228,229,221,222,17502600,222
2016-04-04,219,227,218,223,28462600,223
2016-04-05,219,221,211,213,15030500,213
2016-04-06,210,214,206,210,12532300,210
2016-04-07,210,213,207,209,8798600,209
2016-04-08,205,216,204,212,10316200,212
2016-04-11,213,214,206,212,14665900,212
2016-04-12,214,221,213,218,19352500,218
2016-04-13,223,227,219,226,17910500,226
2016-04-14,230,234,229,233,10135700,233
2016-04-15,231,235,228,230,10207100,230
2016-04-18,222,225,219,220,11935300,220
2016-04-19,225,227,223,227,7971400,227
2016-04-20,230,231,225,227,7769700,227
2016-04-21,230,232,229,231,10412600,231
2016-04-22,229,233,228,233,8386400,233
2016-04-25,236,238,232,236,19892800,236
2016-04-26,233,234,227,229,10273000,229
2016-04-27,230,232,228,230,8726900,230
2016-04-28,232,236,222,223,12359200,223
2016-05-02,214,217,213,215,10488500,215
2016-05-06,215,217,211,213,8470800,213
2016-05-09,215,242,212,230,33297200,230
2016-05-10,227,235,225,234,19426100,234
2016-05-11,239,242,237,240,19150400,240
2016-05-12,239,243,238,241,12982700,241
2016-05-13,240,240,230,230,12433800,230
2016-05-16,230,234,229,231,7599100,231
2016-05-17,234,238,231,238,7564100,238
2016-05-18,237,242,236,240,14438800,240
2016-05-19,241,242,235,236,11005700,236
2016-05-20,236,244,234,243,13574000,243
2016-05-23,243,246,238,243,11338400,243
2016-05-24,243,243,239,240,7189200,240
2016-05-25,244,244,240,240,7523400,240
2016-05-26,242,242,237,238,6063800,238
2016-05-27,243,246,241,245,12234100,245
2016-05-30,248,249,245,249,6936000,249
2016-05-31,248,251,246,248,8495200,248
2016-06-01,247,250,244,246,9967900,246
2016-06-02,245,245,241,242,8789600,242
2016-06-03,240,243,239,242,6177200,242
2016-06-06,242,252,241,252,15393000,252
2016-06-07,253,259,251,258,15730100,258
2016-06-08,260,260,255,258,7357500,258
2016-06-09,258,263,256,258,15662400,258
2016-06-10,257,259,252,258,10344200,258
2016-06-13,251,252,246,247,7695800,247
2016-06-14,245,250,245,250,8466800,250
2016-06-15,248,250,243,244,9203200,244
2016-06-16,244,246,235,237,9170000,237
2016-06-17,240,243,238,241,10245100,241
2016-06-20,244,248,244,246,7605900,246
2016-06-21,244,246,241,245,8183900,245
2016-06-22,244,247,242,245,6669200,245
2016-06-23,245,249,244,248,6054100,248
2016-06-24,250,252,229,234,15264800,234
2016-06-27,236,238,231,235,8728100,235
2016-06-28,230,238,229,233,8287700,233
2016-06-29,235,241,235,237,11935100,237
2016-06-30,243,246,241,241,8682900,241
2016-07-01,243,243,238,241,5756800,241
2016-07-04,240,245,238,243,5638900,243
2016-07-05,242,248,241,246,6119300,246
2016-07-06,243,245,240,245,10007300,245
2016-07-07,243,245,238,240,9221400,240
2016-07-08,239,242,237,238,7649700,238
2016-07-11,242,249,241,246,10161600,246
2016-07-12,251,254,248,250,7994300,250
2016-07-13,255,257,253,256,11546000,256
2016-07-14,256,258,253,256,7688900,256
2016-07-15,257,262,256,260,10521700,260
2016-07-19,260,263,258,261,8644700,261
2016-07-20,260,260,254,257,8701600,257
2016-07-21,260,261,256,258,6378400,258
2016-07-22,254,258,253,256,5516400,256
2016-07-25,256,258,254,255,5238300,255
2016-07-26,253,255,249,253,7024600,253
2016-07-27,254,257,252,254,8641400,254
2016-07-28,253,257,252,254,4467300,254
2016-07-29,255,255,247,249,12294900,249
2016-08-01,245,247,241,243,8416500,243
2016-08-02,241,245,227,227,27459300,227
2016-08-03,227,227,223,225,11398600,225
2016-08-04,227,233,226,231,12022900,231
2016-08-05,232,233,227,228,7510700,228
2016-08-08,231,232,229,232,4258300,232
2016-08-09,232,241,230,240,8650300,240
2016-08-10,240,242,237,239,6584300,239
2016-08-12,241,241,236,239,7885000,239
2016-08-15,237,239,236,237,2324000,237
2016-08-16,240,240,235,235,5818800,235
2016-08-17,234,242,233,241,5823000,241
2016-08-18,241,243,237,240,7938200,240
2016-08-19,242,246,241,245,7076600,245
2016-08-22,245,247,243,245,3526900,245
2016-08-23,243,245,240,240,5718700,240
2016-08-24,243,245,242,243,3699400,243
2016-08-25,242,246,241,243,6483200,243
2016-08-26,245,245,242,242,4754200,242
2016-08-29,247,248,246,247,3894800,247
2016-08-30,247,247,244,244,3220600,244
2016-08-31,246,248,245,248,3720700,248
2016-09-01,249,253,248,252,6139700,252
2016-09-02,253,256,252,254,7019900,254
2016-09-05,259,260,256,256,5974900,256
2016-09-06,254,256,253,255,4261200,255
2016-09-07,251,254,251,253,5458600,253
2016-09-08,253,257,253,255,5362300,255
2016-09-09,257,258,255,257,5263000,257
2016-09-12,252,256,252,253,4761400,253
2016-09-13,253,255,250,252,4476100,252
2016-09-14,251,255,251,251,5401900,251
2016-09-15,250,251,247,250,5454000,250
2016-09-16,253,253,249,252,3751000,252
2016-09-20,250,255,250,253,6080600,253
2016-09-21,253,258,250,257,6000100,257
2016-09-23,257,258,256,258,4397700,258
2016-09-26,257,260,256,259,4323300,259
2016-09-27,255,259,253,259,7556500,259
2016-09-28,255,256,251,254,5962900,254
2016-09-29,257,260,257,259,9266500,259
2016-09-30,257,263,255,257,10724900,257
2016-10-03,262,262,258,259,3780000,259
2016-10-04,259,262,258,262,5456700,262
2016-10-05,262,265,261,265,11009400,265
2016-10-06,268,271,267,269,8598800,269
2016-10-07,270,270,264,270,7571200,270
2016-10-11,272,274,270,270,7694900,270
2016-10-12,266,268,264,264,7300800,264
2016-10-13,263,265,261,263,7259700,263
2016-10-14,263,271,262,271,10453500,271
2016-10-17,269,277,269,275,13549800,275
2016-10-18,277,277,274,276,6650400,276
2016-10-19,277,277,273,274,7623700,274
2016-10-20,272,274,270,272,6617300,272
2016-10-21,273,273,270,271,5648600,271
2016-10-24,271,276,270,275,4293900,275
2016-10-25,275,277,273,274,5795600,274
2016-10-26,274,275,272,274,3343400,274
2016-10-27,274,276,272,273,8555600,273
2016-10-28,274,276,273,275,8661100,275
2016-10-31,276,277,274,276,4273300,276
2016-11-01,276,276,273,276,5736100,276
2016-11-02,274,276,264,268,16072400,268
2016-11-04,267,271,263,263,10840400,263
2016-11-07,265,268,263,268,7696800,268
2016-11-08,270,271,266,268,4491500,268
2016-11-09,270,272,246,250,19534400,250
2016-11-10,268,268,262,267,11246800,267
2016-11-11,268,275,268,269,14964500,269
2016-11-14,271,275,270,275,8723400,275
2016-11-15,276,277,273,274,7683100,274
2016-11-16,278,282,276,282,13207300,282
2016-11-17,282,287,281,286,13196400,286
2016-11-18,290,290,287,287,10470700,287
2016-11-21,287,289,286,288,5349800,288
2016-11-22,287,290,283,290,6749900,290
2016-11-24,290,291,288,289,7471400,289
2016-11-25,288,289,281,282,11113900,282
2016-11-28,284,290,284,288,10924600,288
2016-11-29,286,289,285,288,6568700,288
2016-11-30,289,293,288,290,10817800,290
2016-12-01,294,299,292,297,15442200,297
2016-12-02,297,299,293,295,8890600,295
2016-12-05,293,298,292,297,7768100,297
2016-12-06,299,302,298,301,15930900,301
2016-12-07,301,303,300,301,8795100,301
2016-12-08,301,303,300,302,7866000,302
2016-12-09,302,303,301,301,10506600,301
2016-12-12,302,304,296,299,10103300,299
2016-12-13,298,303,298,301,9585100,301
2016-12-14,301,302,298,299,4775200,299
2016-12-15,300,301,296,298,9812200,298
2016-12-16,299,301,298,299,7661500,299
2016-12-19,297,299,295,296,6150600,296
2016-12-20,295,295,289,292,12016300,292
2016-12-21,292,295,290,292,7787900,292
2016-12-22,291,292,287,292,7833900,292
2016-12-26,290,291,285,286,9892900,286
2016-12-27,286,289,286,287,5576600,287
2016-12-28,287,289,285,288,4432900,288
2016-12-29,286,288,283,284,7615700,284
2016-12-30,283,285,281,284,4300700,284
2017-01-04,289,295,288,293,10209000,293
