Date,Open,High,Low,Close,Volume,Adj Close
2008-10-20,1140,1199,1104,1192,2221000,1192
2008-10-21,1212,1231,1155,1193,1650000,1193
2008-10-22,1165,1190,1113,1115,1603000,1115
2008-10-23,1095,1112,1022,1078,3593000,1078
2008-10-24,1010,1043,945,951,3413000,951
2008-10-27,952,980,852,876,3917000,876
2008-10-28,886,938,858,919,3235000,919
2008-10-29,936,987,928,979,2999000,979
2008-10-30,1049,1078,982,1066,2832000,1066
2008-10-31,1023,1045,969,969,2390000,969
2008-11-04,989,1026,981,1022,1539000,1022
2008-11-05,1042,1047,969,1000,3065000,1000
2008-11-06,980,986,941,947,1916000,947
2008-11-07,907,979,892,969,3444000,969
2008-11-10,970,983,940,967,1686000,967
2008-11-11,957,989,941,965,1346000,965
2008-11-12,945,982,936,966,1645000,966
2008-11-13,926,946,898,918,2128000,918
2008-11-14,948,963,932,951,1921000,951
2008-11-17,921,994,921,960,1174000,960
2008-11-18,930,960,927,945,1546000,945
2008-11-19,946,956,921,946,1772000,946
2008-11-20,916,932,886,886,1714000,886
2008-11-21,886,922,874,908,1736000,908
2008-11-25,941,956,913,956,1678000,956
2008-11-26,966,992,934,975,2014000,975
2008-11-27,995,1048,995,1047,2013000,1047
2008-11-28,1048,1075,1030,1075,1311000,1075
2008-12-01,1040,1060,1022,1030,879000,1030
2008-12-02,960,1006,960,978,1429000,978
2008-12-03,988,1009,976,1002,1071000,1002
2008-12-04,998,1012,977,997,1157000,997
2008-12-05,1031,1031,987,1004,1247000,1004
2008-12-08,1004,1058,992,1049,1245000,1049
2008-12-09,1049,1050,1013,1026,934000,1026
2008-12-10,1021,1056,1018,1050,918000,1050
2008-12-11,1031,1056,1007,1037,1194000,1037
2008-12-12,1009,1020,951,978,3356000,978
2008-12-15,1028,1054,1007,1044,906000,1044
2008-12-16,1053,1060,1019,1037,616000,1037
2008-12-17,1044,1048,1007,1028,1235000,1028
2008-12-18,1008,1039,1005,1028,1075000,1028
2008-12-19,1029,1051,1016,1031,778000,1031
2008-12-22,1016,1057,1016,1055,782000,1055
2008-12-24,1026,1042,1009,1025,497000,1025
2008-12-25,1005,1026,1004,1026,308000,1026
2008-12-26,1026,1034,1016,1031,228000,1031
2008-12-29,1019,1025,1002,1019,727000,1019
2008-12-30,1012,1051,1011,1051,237000,1051
2009-01-05,1064,1069,1041,1042,311000,1042
2009-01-06,1056,1056,1015,1023,628000,1023
2009-01-07,1005,1020,986,991,1125000,991
2009-01-08,975,998,968,970,1114000,970
2009-01-09,980,990,965,968,1170000,968
2009-01-13,955,965,943,955,1021000,955
2009-01-14,950,959,933,949,1014000,949
2009-01-15,910,923,890,890,1869000,890
2009-01-16,900,920,898,909,1360000,909
2009-01-19,922,927,889,898,1026000,898
2009-01-20,900,901,871,878,1059000,878
2009-01-21,862,888,860,868,1089000,868
2009-01-22,862,867,840,867,1939000,867
2009-01-23,877,877,845,849,1112000,849
2009-01-26,849,859,839,840,1057000,840
2009-01-27,851,879,850,868,1189000,868
2009-01-28,868,883,855,866,996000,866
2009-01-29,876,887,870,885,1519000,885
2009-01-30,884,884,858,876,1096000,876
2009-02-02,879,879,851,860,1562000,860
2009-02-03,843,844,820,823,2090000,823
2009-02-04,820,821,804,806,1608000,806
2009-02-05,800,800,778,785,1746000,785
2009-02-06,775,784,762,771,2328000,771
2009-02-09,790,794,770,771,1524000,771
2009-02-10,775,791,764,767,1004000,767
2009-02-12,748,758,735,744,1210000,744
2009-02-13,757,771,743,758,1638000,758
2009-02-16,753,771,746,766,1253000,766
2009-02-17,762,771,760,765,1003000,765
2009-02-18,754,766,747,756,1518000,756
2009-02-19,786,787,759,763,1011000,763
2009-02-20,753,764,746,749,1186000,749
2009-02-23,741,756,736,749,820000,749
2009-02-24,735,736,727,733,903000,733
2009-02-25,742,745,729,744,1328000,744
2009-02-26,741,756,740,745,951000,745
2009-02-27,749,763,738,756,942000,756
2009-03-02,726,729,713,719,1747000,719
2009-03-03,709,723,701,712,1587000,712
2009-03-04,701,722,701,717,1386000,717
2009-03-05,718,744,710,740,1104000,740
2009-03-06,710,730,703,716,1185000,716
2009-03-09,713,726,711,711,1165000,711
2009-03-10,707,716,697,700,1162000,700
2009-03-11,730,741,718,732,1143000,732
2009-03-12,722,736,719,734,1423000,734
2009-03-13,768,775,755,768,3740000,768
2009-03-16,772,786,768,782,944000,782
2009-03-17,790,806,781,800,1028000,800
2009-03-18,800,808,787,803,790000,803
2009-03-19,801,816,792,811,902000,811
2009-03-23,821,831,816,828,858000,828
2009-03-24,848,872,833,867,1849000,867
2009-03-25,870,890,866,887,1519000,887
2009-03-26,852,879,849,877,909000,877
2009-03-27,881,895,871,882,1093000,882
2009-03-30,883,887,833,834,1221000,834
2009-03-31,827,845,820,822,894000,822
2009-04-01,782,826,779,824,1724000,824
2009-04-02,826,840,818,839,1196000,839
2009-04-03,840,853,831,848,998000,848
2009-04-06,865,870,855,862,876000,862
2009-04-07,862,877,850,876,843000,876
2009-04-08,866,875,851,864,1006000,864
2009-04-09,864,872,851,872,831000,872
2009-04-10,886,886,871,885,1223000,885
2009-04-13,885,886,869,871,447000,871
2009-04-14,879,880,867,874,1117000,874
2009-04-15,870,888,869,884,827000,884
2009-04-16,892,908,880,883,1096000,883
2009-04-17,903,903,881,888,833000,888
2009-04-20,888,900,874,875,597000,875
2009-04-21,868,874,852,852,835000,852
2009-04-22,861,869,849,849,1137000,849
2009-04-23,859,864,840,862,623000,862
2009-04-24,847,852,840,848,671000,848
2009-04-27,847,848,815,826,1096000,826
2009-04-28,815,836,815,823,892000,823
2009-04-30,864,885,864,877,1292000,877
2009-05-01,907,910,880,892,1790000,892
2009-05-07,929,948,920,936,1646000,936
2009-05-08,938,966,925,933,2442000,933
2009-05-11,934,942,931,942,923000,942
2009-05-12,932,933,916,921,1107000,921
2009-05-13,930,947,927,935,911000,935
2009-05-14,905,918,900,909,1339000,909
2009-05-15,914,925,911,920,1012000,920
2009-05-18,910,916,896,899,939000,899
2009-05-19,919,937,912,930,1031000,930
2009-05-20,930,939,925,925,668000,925
2009-05-21,923,924,909,919,458000,919
2009-05-22,911,924,909,917,658000,917
2009-05-25,911,942,911,934,819000,934
2009-05-26,935,938,921,928,576000,928
2009-05-27,948,975,943,970,1702000,970
2009-05-28,960,968,949,952,827000,952
2009-05-29,950,966,944,963,1073000,963
2009-06-01,972,993,971,988,1127000,988
2009-06-02,988,992,967,984,912000,984
2009-06-03,975,985,968,970,597000,970
2009-06-04,965,972,953,953,585000,953
2009-06-05,959,967,941,942,681000,942
2009-06-08,943,954,938,942,1098000,942
2009-06-09,940,940,920,934,1601000,934
2009-06-10,944,956,936,955,840000,955
2009-06-11,956,970,956,962,895000,962
2009-06-12,982,988,971,982,3663000,982
2009-06-15,972,981,962,974,666000,974
2009-06-16,961,977,953,956,783000,956
2009-06-17,961,968,948,954,767000,954
2009-06-18,944,964,940,956,619000,956
2009-06-19,964,967,943,953,813000,953
2009-06-22,949,971,946,962,828000,962
2009-06-23,952,965,934,938,1565000,938
2009-06-24,948,952,934,939,978000,939
2009-06-25,932,946,932,941,1104000,941
2009-06-26,951,963,936,957,767000,957
2009-06-29,952,965,945,951,754000,951
2009-06-30,959,974,954,969,928000,969
2009-07-01,967,972,956,960,719000,960
2009-07-02,959,966,952,955,856000,955
2009-07-03,945,948,927,932,893000,932
2009-07-06,932,933,918,922,588000,922
2009-07-07,930,941,927,940,823000,940
2009-07-08,930,940,924,928,855000,928
2009-07-09,928,934,910,915,853000,915
2009-07-10,925,925,906,925,1472000,925
2009-07-13,927,937,916,916,982000,916
2009-07-14,926,928,905,915,1074000,915
2009-07-15,918,940,917,935,892000,935
2009-07-16,949,949,935,938,589000,938
2009-07-17,947,952,931,943,523000,943
2009-07-21,963,979,958,974,820000,974
2009-07-22,973,1003,963,999,1134000,999
2009-07-23,1005,1016,991,1001,679000,1001
2009-07-24,1020,1020,1003,1013,652000,1013
2009-07-27,1019,1039,1006,1027,614000,1027
2009-07-28,1027,1045,1027,1044,637000,1044
2009-07-29,1034,1050,1029,1038,604000,1038
2009-07-30,1039,1039,1018,1034,530000,1034
2009-07-31,1094,1139,1086,1107,2688000,1107
2009-08-03,1108,1108,1085,1088,821000,1088
2009-08-04,1089,1090,1069,1077,1157000,1077
2009-08-05,1097,1103,1084,1084,1067000,1084
2009-08-06,1085,1099,1074,1086,753000,1086
2009-08-07,1099,1110,1082,1108,623000,1108
2009-08-10,1128,1135,1106,1121,942000,1121
2009-08-11,1123,1155,1123,1153,669000,1153
2009-08-12,1153,1153,1131,1140,588000,1140
2009-08-13,1145,1146,1135,1136,591000,1136
2009-08-14,1148,1149,1129,1137,1300000,1137
2009-08-17,1138,1138,1100,1101,824000,1101
2009-08-18,1102,1117,1092,1100,827000,1100
2009-08-19,1096,1103,1076,1081,934000,1081
2009-08-20,1096,1116,1075,1113,519000,1113
2009-08-21,1119,1119,1086,1101,586000,1101
2009-08-24,1143,1152,1133,1147,600000,1147
2009-08-25,1127,1152,1127,1139,623000,1139
2009-08-26,1139,1165,1137,1160,507000,1160
2009-08-27,1148,1149,1130,1143,612000,1143
2009-08-28,1163,1163,1144,1158,409000,1158
2009-08-31,1178,1196,1130,1153,986000,1153
2009-09-01,1156,1179,1153,1163,389000,1163
2009-09-02,1123,1133,1111,1123,862000,1123
2009-09-03,1116,1124,1107,1117,493000,1117
2009-09-04,1123,1137,1110,1123,650000,1123
2009-09-07,1140,1143,1123,1136,439000,1136
2009-09-08,1136,1141,1129,1135,344000,1135
2009-09-09,1127,1145,1110,1119,384000,1119
2009-09-10,1137,1153,1127,1147,420000,1147
2009-09-11,1153,1154,1130,1139,3207000,1139
2009-09-14,1134,1134,1099,1130,819000,1130
2009-09-15,1110,1125,1103,1117,1073000,1117
2009-09-16,1120,1140,1112,1116,925000,1116
2009-09-17,1101,1151,1101,1148,990000,1148
2009-09-18,1138,1161,1127,1128,878000,1128
2009-09-24,1122,1157,1116,1153,764000,1153
2009-09-25,1109,1126,1105,1118,814000,1118
2009-09-28,1118,1128,1101,1107,719000,1107
2009-09-29,1107,1115,1103,1104,691000,1104
2009-09-30,1101,1118,1098,1118,476000,1118
2009-10-01,1115,1115,1083,1091,835000,1091
2009-10-02,1031,1066,1031,1047,1623000,1047
2009-10-05,1028,1058,1028,1049,871000,1049
2009-10-06,1053,1056,1013,1023,1184000,1023
2009-10-07,1034,1044,1006,1022,1620000,1022
2009-10-08,1022,1028,1013,1022,885000,1022
2009-10-09,1028,1032,1010,1019,1469000,1019
2009-10-13,1019,1033,1004,1025,727000,1025
2009-10-14,1045,1048,1030,1035,770000,1035
2009-10-15,1046,1055,1035,1046,875000,1046
2009-10-16,1051,1065,1050,1065,759000,1065
2009-10-19,1057,1069,1051,1060,558000,1060
2009-10-20,1060,1067,1053,1059,520000,1059
2009-10-21,1059,1059,1038,1049,655000,1049
2009-10-22,1050,1050,1028,1043,520000,1043
2009-10-23,1032,1053,1032,1053,726000,1053
2009-10-26,1054,1064,1048,1054,444000,1054
2009-10-27,1034,1055,1034,1054,696000,1054
2009-10-28,1038,1056,1038,1048,597000,1048
2009-10-29,1048,1060,1027,1039,1806000,1039
2009-10-30,1052,1079,1051,1062,1183000,1062
2009-11-02,1036,1075,1022,1075,1556000,1075
2009-11-04,1076,1076,1046,1060,1012000,1060
2009-11-05,1052,1056,1031,1040,582000,1040
2009-11-06,1040,1042,1022,1027,1082000,1027
2009-11-09,1036,1036,1016,1029,570000,1029
2009-11-10,1045,1055,1028,1045,713000,1045
2009-11-11,1046,1050,1022,1029,626000,1029
2009-11-12,1029,1029,1005,1015,668000,1015
2009-11-13,1007,1024,1007,1019,848000,1019
2009-11-16,1023,1028,1016,1026,294000,1026
2009-11-17,1027,1030,1019,1021,445000,1021
2009-11-18,1023,1031,1022,1030,648000,1030
2009-11-19,1032,1039,1015,1024,656000,1024
2009-11-20,1024,1027,1005,1018,588000,1018
2009-11-24,1018,1024,1006,1009,682000,1009
2009-11-25,1008,1017,1000,1005,648000,1005
2009-11-26,991,994,983,989,672000,989
2009-11-27,969,981,966,968,696000,968
2009-11-30,978,1005,972,1005,894000,1005
2009-12-01,986,1016,973,1014,1263000,1014
2009-12-02,1010,1010,989,994,790000,994
2009-12-03,1000,1036,1000,1036,766000,1036
2009-12-04,1034,1041,1024,1038,688000,1038
2009-12-07,1043,1051,1026,1045,634000,1045
2009-12-08,1025,1053,1025,1053,575000,1053
2009-12-09,1038,1050,1035,1038,432000,1038
2009-12-10,1025,1044,1023,1030,562000,1030
2009-12-11,1043,1061,1031,1061,2860000,1061
2009-12-14,1058,1062,1042,1057,611000,1057
2009-12-15,1054,1062,1046,1059,360000,1059
2009-12-16,1070,1084,1069,1074,875000,1074
2009-12-17,1074,1084,1065,1065,548000,1065
2009-12-18,1060,1076,1054,1069,749000,1069
2009-12-21,1100,1105,1089,1104,1003000,1104
2009-12-22,1110,1127,1098,1124,756000,1124
2009-12-24,1128,1139,1124,1128,842000,1128
2009-12-25,1119,1129,1109,1121,488000,1121
2009-12-28,1121,1143,1116,1141,567000,1141
2009-12-29,1144,1150,1134,1149,798000,1149
2009-12-30,1143,1149,1130,1134,497000,1134
2010-01-04,1132,1151,1132,1143,291000,1143
2010-01-05,1169,1169,1131,1133,571000,1133
2010-01-06,1144,1149,1133,1142,573000,1142
2010-01-07,1143,1148,1130,1134,472000,1134
2010-01-08,1144,1154,1135,1150,1776000,1150
2010-01-12,1150,1151,1131,1142,852000,1142
2010-01-13,1132,1135,1116,1125,736000,1125
2010-01-14,1125,1144,1122,1135,680000,1135
2010-01-15,1136,1155,1127,1147,1243000,1147
2010-01-18,1131,1139,1122,1128,959000,1128
2010-01-19,1132,1132,1124,1131,430000,1131
2010-01-20,1132,1132,1110,1111,498000,1111
2010-01-21,1099,1126,1099,1125,1118000,1125
2010-01-22,1109,1111,1079,1090,988000,1090
2010-01-25,1067,1088,1065,1076,734000,1076
2010-01-26,1090,1090,1064,1069,824000,1069
2010-01-27,1068,1074,1059,1061,550000,1061
2010-01-28,1073,1082,1059,1075,526000,1075
2010-01-29,1058,1075,1057,1059,627000,1059
2010-02-01,1060,1076,1046,1076,1079000,1076
2010-02-02,1081,1082,1071,1074,510000,1074
2010-02-03,1080,1087,1078,1085,342000,1085
2010-02-04,1094,1095,1082,1085,298000,1085
2010-02-05,1084,1084,1063,1076,1239000,1076
2010-02-08,1076,1080,1067,1069,846000,1069
2010-02-09,1059,1066,1046,1053,771000,1053
2010-02-10,1052,1060,1052,1054,531000,1054
2010-02-12,1069,1072,1048,1052,1016000,1052
2010-02-15,1052,1054,1044,1048,345000,1048
2010-02-16,1045,1054,1045,1047,304000,1047
2010-02-17,1065,1076,1060,1072,609000,1072
2010-02-18,1071,1084,1065,1077,400000,1077
2010-02-19,1074,1075,1056,1056,429000,1056
2010-02-22,1072,1100,1062,1089,575000,1089
2010-02-23,1078,1096,1078,1090,482000,1090
2010-02-24,1073,1084,1061,1067,656000,1067
2010-02-25,1068,1072,1052,1055,772000,1055
2010-02-26,1054,1060,1050,1055,534000,1055
2010-03-01,1056,1063,1050,1053,555000,1053
2010-03-02,1054,1063,1050,1062,301000,1062
2010-03-03,1052,1058,1052,1056,391000,1056
2010-03-04,1056,1056,1038,1043,488000,1043
2010-03-05,1052,1070,1049,1064,711000,1064
2010-03-08,1089,1089,1075,1081,528000,1081
2010-03-09,1073,1082,1070,1075,495000,1075
2010-03-10,1067,1075,1065,1071,350000,1071
2010-03-11,1075,1082,1072,1077,403000,1077
2010-03-12,1093,1094,1076,1078,3874000,1078
2010-03-15,1083,1083,1069,1076,372000,1076
2010-03-16,1080,1084,1077,1082,462000,1082
2010-03-17,1092,1096,1083,1094,639000,1094
2010-03-18,1098,1105,1094,1097,624000,1097
2010-03-19,1098,1104,1091,1098,394000,1098
2010-03-23,1097,1097,1085,1089,477000,1089
2010-03-24,1086,1095,1077,1080,653000,1080
2010-03-25,1083,1094,1080,1091,625000,1091
2010-03-26,1095,1108,1091,1106,793000,1106
2010-03-29,1083,1089,1077,1087,436000,1087
2010-03-30,1083,1087,1078,1084,598000,1084
2010-03-31,1084,1099,1080,1094,961000,1094
2010-04-01,1110,1110,1093,1105,1335000,1105
2010-04-02,1100,1106,1088,1097,721000,1097
2010-04-05,1100,1106,1094,1100,691000,1100
2010-04-06,1109,1110,1101,1105,778000,1105
2010-04-07,1107,1115,1101,1109,750000,1109
2010-04-08,1106,1122,1106,1116,780000,1116
2010-04-09,1113,1130,1113,1119,2193000,1119
2010-04-12,1126,1137,1123,1125,714000,1125
2010-04-13,1124,1124,1104,1110,664000,1110
2010-04-14,1111,1117,1100,1104,716000,1104
2010-04-15,1118,1119,1103,1108,542000,1108
2010-04-16,1109,1109,1091,1094,624000,1094
2010-04-19,1088,1088,1066,1070,633000,1070
2010-04-20,1077,1077,1066,1067,720000,1067
2010-04-21,1068,1081,1065,1080,774000,1080
2010-04-22,1066,1069,1056,1063,547000,1063
2010-04-23,1065,1072,1060,1065,687000,1065
2010-04-26,1063,1079,1063,1073,707000,1073
2010-04-27,1071,1071,1050,1054,1145000,1054
2010-04-28,1033,1043,1020,1027,1381000,1027
2010-04-30,1044,1052,1038,1048,903000,1048
2010-05-06,1018,1028,1002,1006,1421000,1006
2010-05-07,976,999,969,988,1362000,988
2010-05-10,988,1001,978,1001,972000,1001
2010-05-11,1004,1007,985,987,1098000,987
2010-05-12,990,993,979,985,1093000,985
2010-05-13,997,1000,989,995,859000,995
2010-05-14,983,996,974,987,1313000,987
2010-05-17,975,987,969,977,1101000,977
2010-05-18,985,987,977,982,813000,982
2010-05-19,971,978,964,978,859000,978
2010-05-20,979,988,969,979,1018000,979
2010-05-21,967,970,951,952,1538000,952
2010-05-24,952,957,941,941,918000,941
2010-05-25,933,936,924,928,900000,928
2010-05-26,929,946,927,927,1330000,927
2010-05-27,923,935,921,931,691000,931
2010-05-28,941,942,925,935,995000,935
2010-05-31,932,942,930,938,599000,938
2010-06-01,934,951,925,948,721000,948
2010-06-02,945,946,935,936,663000,936
2010-06-03,946,950,940,948,539000,948
2010-06-04,949,959,948,953,500000,953
2010-06-07,935,938,927,929,659000,929
2010-06-08,916,925,910,922,561000,922
2010-06-09,910,923,905,921,886000,921
2010-06-10,922,932,921,932,357000,932
2010-06-11,951,956,947,952,3761000,952
2010-06-14,963,967,957,961,362000,961
2010-06-15,959,969,952,964,413000,964
2010-06-16,975,978,966,973,536000,973
2010-06-17,963,968,961,965,571000,965
2010-06-18,966,970,963,969,430000,969
2010-06-21,980,987,976,986,509000,986
2010-06-22,986,992,978,985,674000,985
2010-06-23,983,983,967,972,645000,972
2010-06-24,973,984,967,974,388000,974
2010-06-25,958,966,957,960,376000,960
2010-06-28,967,969,964,967,341000,967
2010-06-29,972,974,956,958,373000,958
2010-06-30,944,954,931,934,810000,934
2010-07-01,930,935,908,913,691000,913
2010-07-02,914,918,906,910,435000,910
2010-07-05,911,919,908,916,522000,916
2010-07-06,917,925,907,920,661000,920
2010-07-07,920,924,913,919,571000,919
2010-07-08,939,943,933,936,550000,936
2010-07-09,949,949,933,936,987000,936
2010-07-12,927,938,924,924,321000,924
2010-07-13,923,928,916,917,494000,917
2010-07-14,932,953,922,946,830000,946
2010-07-15,943,957,943,951,719000,951
2010-07-16,952,960,929,932,802000,932
2010-07-20,918,939,918,928,593000,928
2010-07-21,932,936,920,924,482000,924
2010-07-22,924,930,921,921,522000,921
2010-07-23,944,944,933,939,434000,939
2010-07-26,948,949,934,937,231000,937
2010-07-27,938,943,935,941,334000,941
2010-07-28,954,961,949,961,700000,961
2010-07-29,946,949,940,945,432000,945
2010-07-30,944,944,916,916,844000,916
2010-08-02,917,935,917,917,790000,917
2010-08-03,925,929,921,927,520000,927
2010-08-04,920,924,913,916,420000,916
2010-08-05,931,943,928,934,666000,934
2010-08-06,933,935,915,933,1000000,933
2010-08-09,931,935,921,934,408000,934
2010-08-10,938,945,929,932,454000,932
2010-08-11,923,929,914,916,463000,916
2010-08-12,901,906,883,892,1545000,892
2010-08-13,889,905,884,896,1254000,896
2010-08-16,886,899,886,896,637000,896
2010-08-17,891,899,887,897,585000,897
2010-08-18,902,906,893,903,442000,903
2010-08-19,904,910,901,908,430000,908
2010-08-20,894,899,885,886,581000,886
2010-08-23,887,887,874,875,724000,875
2010-08-24,868,874,865,869,450000,869
2010-08-25,865,870,851,854,855000,854
2010-08-26,860,861,850,857,649000,857
2010-08-27,857,866,854,865,485000,865
2010-08-30,880,893,879,884,547000,884
2010-08-31,869,872,855,855,672000,855
2010-09-01,856,866,852,865,649000,865
2010-09-02,875,899,867,898,1082000,898
2010-09-03,899,903,887,890,564000,890
2010-09-06,900,911,894,910,642000,910
2010-09-07,908,908,892,895,383000,895
2010-09-08,881,885,871,881,638000,881
2010-09-09,886,890,876,889,522000,889
2010-09-10,904,923,889,913,2590000,913
2010-09-13,928,934,919,921,990000,921
2010-09-14,921,923,913,919,500000,919
2010-09-15,917,957,917,955,1498000,955
2010-09-16,957,960,937,939,840000,939
2010-09-17,949,951,940,948,731000,948
2010-09-21,953,953,942,945,549000,945
2010-09-22,946,947,938,938,467000,938
2010-09-24,923,947,917,939,853000,939
2010-09-27,947,947,937,944,638000,944
2010-09-28,944,945,931,936,478000,936
2010-09-29,938,950,938,939,830000,939
2010-09-30,935,942,921,921,566000,921
2010-10-01,928,932,923,923,582000,923
2010-10-04,925,935,917,922,625000,922
2010-10-05,915,934,912,932,569000,932
2010-10-06,942,958,938,957,1003000,957
2010-10-07,958,958,945,950,769000,950
2010-10-08,952,952,927,927,1387000,927
2010-10-12,931,931,891,892,743000,892
2010-10-13,901,901,889,893,853000,893
2010-10-14,911,916,897,899,755000,899
2010-10-15,898,900,882,884,682000,884
2010-10-18,885,894,883,885,343000,885
2010-10-19,892,903,890,899,577000,899
2010-10-20,887,890,880,886,650000,886
2010-10-21,894,895,873,875,954000,875
2010-10-22,882,892,882,886,418000,886
2010-10-25,884,889,875,876,465000,876
2010-10-26,895,899,889,895,1178000,895
2010-10-27,899,909,891,899,901000,899
2010-10-28,898,898,884,887,612000,887
2010-10-29,881,883,864,868,919000,868
2010-11-01,868,873,860,863,656000,863
2010-11-02,863,864,846,852,936000,852
2010-11-04,864,875,836,844,1750000,844
2010-11-05,851,878,850,872,1400000,872
2010-11-08,866,872,857,870,846000,870
2010-11-09,861,867,853,864,1080000,864
2010-11-10,869,883,869,880,733000,880
2010-11-11,885,885,873,880,656000,880
2010-11-12,879,886,874,878,980000,878
2010-11-15,891,893,878,888,699000,888
2010-11-16,894,898,880,880,574000,880
2010-11-17,880,883,872,883,477000,883
2010-11-18,884,907,884,907,876000,907
2010-11-19,915,918,905,912,649000,912
2010-11-22,927,927,917,922,756000,922
2010-11-24,918,918,900,903,774000,903
2010-11-25,918,919,902,906,580000,906
2010-11-26,906,912,904,904,263000,904
2010-11-29,905,920,900,912,540000,912
2010-11-30,913,922,899,901,807000,901
2010-12-01,902,906,894,900,487000,900
2010-12-02,921,928,918,928,793000,928
2010-12-03,929,940,926,928,696000,928
2010-12-06,928,932,922,927,350000,927
2010-12-07,921,924,915,921,591000,921
2010-12-08,926,935,926,926,792000,926
2010-12-09,926,935,926,932,437000,932
2010-12-10,947,947,925,937,3711000,937
2010-12-13,945,946,933,940,594000,940
2010-12-14,936,938,931,936,612000,936
2010-12-15,937,938,927,929,903000,929
2010-12-16,935,938,932,936,561000,936
2010-12-17,937,937,930,937,659000,937
2010-12-20,937,937,923,925,552000,925
2010-12-21,931,936,929,935,787000,935
2010-12-22,935,935,927,928,587000,928
2010-12-24,925,928,918,919,474000,919
2010-12-27,916,926,915,923,530000,923
2010-12-28,924,926,916,919,389000,919
2010-12-29,918,927,917,923,285000,923
2010-12-30,918,920,908,910,557000,910
2011-01-04,925,925,917,921,387000,921
2011-01-05,922,923,918,920,335000,920
2011-01-06,927,932,925,930,505000,930
2011-01-07,932,935,929,934,492000,934
2011-01-11,931,933,924,927,571000,927
2011-01-12,926,931,923,928,552000,928
2011-01-13,936,940,933,940,508000,940
2011-01-14,925,945,921,922,1545000,922
2011-01-17,925,927,915,916,805000,916
2011-01-18,912,916,907,911,777000,911
2011-01-19,912,914,908,910,358000,910
2011-01-20,907,912,903,911,424000,911
2011-01-21,904,907,890,893,1518000,893
2011-01-24,897,898,890,898,489000,898
2011-01-25,899,905,894,901,495000,901
2011-01-26,899,905,894,902,599000,902
2011-01-27,907,916,904,910,554000,910
2011-01-28,905,910,897,899,544000,899
2011-01-31,891,893,887,888,438000,888
2011-02-01,888,889,877,886,636000,886
2011-02-02,892,903,892,898,583000,898
2011-02-03,890,900,889,900,433000,900
2011-02-04,910,918,908,916,467000,916
2011-02-07,920,922,910,915,612000,915
2011-02-08,916,917,910,912,514000,912
2011-02-09,917,917,911,911,446000,911
2011-02-10,906,918,904,914,809000,914
2011-02-14,917,922,915,918,336000,918
2011-02-15,916,919,913,916,441000,916
2011-02-16,918,919,915,919,575000,919
2011-02-17,920,920,915,915,563000,915
2011-02-18,917,917,911,912,705000,912
2011-02-21,912,915,904,913,462000,913
2011-02-22,909,911,902,907,515000,907
2011-02-23,909,910,900,900,770000,900
2011-02-24,900,905,891,892,773000,892
2011-02-25,893,897,884,895,747000,895
2011-02-28,889,896,884,896,796000,896
2011-03-01,897,903,894,903,767000,903
2011-03-02,897,900,883,883,768000,883
2011-03-03,887,892,883,892,399000,892
2011-03-04,901,907,901,901,574000,901
2011-03-07,901,904,887,888,680000,888
2011-03-08,891,898,889,891,302000,891
2011-03-09,891,902,891,899,416000,899
2011-03-10,892,898,891,893,529000,893
2011-03-11,882,893,882,882,3299000,882
2011-03-14,867,890,855,857,1416000,857
2011-03-15,830,835,707,707,2319000,707
2011-03-16,722,750,710,743,2836000,743
2011-03-17,713,748,707,737,2521000,737
2011-03-18,800,801,760,771,2199000,771
2011-03-22,786,793,773,785,1728000,785
2011-03-23,790,801,768,772,2030000,772
2011-03-24,773,780,757,764,2240000,764
2011-03-25,773,783,768,781,1139000,781
2011-03-28,790,791,766,771,1153000,771
2011-03-29,760,768,755,762,1357000,762
2011-03-30,763,783,759,783,1025000,783
2011-03-31,783,788,776,784,1019000,784
2011-04-01,775,775,762,766,1502000,766
2011-04-04,769,772,762,763,589000,763
2011-04-05,764,768,759,764,791000,764
2011-04-06,772,780,766,769,1599000,769
2011-04-07,776,780,767,773,729000,773
2011-04-08,775,803,767,795,1928000,795
2011-04-11,777,798,776,797,1122000,797
2011-04-12,782,785,760,766,2158000,766
2011-04-13,764,776,762,773,1143000,773
2011-04-14,769,771,761,769,1120000,769
2011-04-15,767,769,759,767,947000,767
2011-04-18,769,792,769,786,1615000,786
2011-04-19,778,781,771,777,880000,777
2011-04-20,789,793,787,790,741000,790
2011-04-21,794,797,787,794,494000,794
2011-04-22,794,794,782,784,653000,784
2011-04-25,785,795,781,781,382000,781
2011-04-26,779,779,766,772,629000,772
2011-04-27,774,784,767,772,909000,772
2011-04-28,778,804,776,802,1456000,802
2011-05-02,808,817,804,815,674000,815
2011-05-06,808,816,802,814,681000,814
2011-05-09,807,818,804,815,983000,815
2011-05-10,814,820,805,815,851000,815
2011-05-11,826,827,812,823,1067000,823
2011-05-12,811,821,804,804,692000,804
2011-05-13,815,840,814,827,2177000,827
2011-05-16,821,822,815,818,673000,818
2011-05-17,815,822,808,819,653000,819
2011-05-18,819,832,816,825,759000,825
2011-05-19,827,831,823,827,602000,827
2011-05-20,826,833,821,822,450000,822
2011-05-23,823,823,811,816,416000,816
2011-05-24,815,823,809,821,674000,821
2011-05-25,819,828,819,822,414000,822
2011-05-26,827,833,822,823,708000,823
2011-05-27,819,828,816,819,535000,819
2011-05-30,815,816,808,814,653000,814
2011-05-31,811,831,809,831,715000,831
2011-06-01,832,832,818,824,1123000,824
2011-06-02,812,816,807,811,1057000,811
2011-06-03,808,817,808,809,658000,809
2011-06-06,810,814,801,801,507000,801
2011-06-07,802,806,798,800,479000,800
2011-06-08,796,798,784,787,1291000,787
2011-06-09,789,798,787,798,920000,798
2011-06-10,806,816,802,816,2748000,816
2011-06-13,806,813,803,813,471000,813
2011-06-14,818,833,814,828,807000,828
2011-06-15,829,835,823,835,593000,835
2011-06-16,833,833,818,818,631000,818
2011-06-17,824,829,812,817,781000,817
2011-06-20,818,823,814,814,536000,814
2011-06-21,812,820,811,817,1031000,817
2011-06-22,826,842,825,839,922000,839
2011-06-23,840,845,835,839,522000,839
2011-06-24,843,847,840,847,393000,847
2011-06-27,844,844,831,832,523000,832
2011-06-28,837,837,831,836,585000,836
2011-06-29,842,846,838,846,432000,846
2011-06-30,847,851,841,845,793000,845
2011-07-01,846,849,843,846,406000,846
2011-07-04,861,862,848,851,661000,851
2011-07-05,858,859,852,855,250000,855
2011-07-06,862,862,854,859,575000,859
2011-07-07,852,868,852,865,463000,865
2011-07-08,880,880,864,867,849000,867
2011-07-11,862,866,862,863,300000,863
2011-07-12,853,861,846,855,950000,855
2011-07-13,846,860,843,859,546000,859
2011-07-14,852,857,850,852,459000,852
2011-07-15,854,860,851,857,504000,857
2011-07-19,858,861,851,859,774000,859
2011-07-20,869,870,857,861,781000,861
2011-07-21,862,864,853,860,979000,860
2011-07-22,870,875,864,874,578000,874
2011-07-25,866,868,864,865,355000,865
2011-07-26,866,874,863,870,512000,870
2011-07-27,862,872,861,868,692000,868
2011-07-28,862,862,844,848,724000,848
2011-07-29,849,859,848,853,734000,853
2011-08-01,854,866,849,864,730000,864
2011-08-02,855,862,849,859,502000,859
2011-08-03,847,851,839,843,772000,843
2011-08-04,842,849,826,839,1148000,839
2011-08-05,820,822,808,810,852000,810
2011-08-08,801,806,794,794,626000,794
2011-08-09,772,779,763,778,1197000,778
2011-08-10,797,809,788,807,919000,807
2011-08-11,792,813,791,813,590000,813
2011-08-12,816,821,803,812,979000,812
2011-08-15,821,826,808,816,748000,816
2011-08-16,815,819,809,816,701000,816
2011-08-17,811,819,811,816,480000,816
2011-08-18,815,815,807,811,580000,811
2011-08-19,796,810,792,802,730000,802
2011-08-22,802,811,798,805,704000,805
2011-08-23,816,828,816,828,965000,828
2011-08-24,829,829,817,818,884000,818
2011-08-25,827,828,813,814,588000,814
2011-08-26,811,816,802,805,803000,805
2011-08-29,803,811,796,809,556000,809
2011-08-30,813,816,806,813,528000,813
2011-08-31,813,819,806,817,414000,817
2011-09-01,827,837,824,828,722000,828
2011-09-02,821,825,814,818,888000,818
2011-09-05,811,818,808,816,625000,816
2011-09-06,814,823,810,811,837000,811
2011-09-07,820,820,809,813,688000,813
2011-09-08,819,827,818,822,406000,822
2011-09-09,817,835,815,830,2715000,830
2011-09-12,811,817,807,807,628000,807
2011-09-13,811,816,805,815,626000,815
2011-09-14,814,818,804,807,568000,807
2011-09-15,813,817,808,812,487000,812
2011-09-16,825,829,817,823,655000,823
2011-09-20,813,831,813,823,516000,823
2011-09-21,821,831,820,830,498000,830
2011-09-22,831,841,828,833,946000,833
2011-09-26,839,849,832,842,1198000,842
2011-09-27,847,855,839,855,641000,855
2011-09-28,855,871,851,868,634000,868
2011-09-29,867,879,862,878,628000,878
2011-09-30,878,890,874,890,577000,890
2011-10-03,875,890,875,888,796000,888
2011-10-04,887,890,879,888,790000,888
2011-10-05,885,897,882,895,795000,895
2011-10-06,899,904,892,896,728000,896
2011-10-07,896,896,875,876,592000,876
2011-10-11,891,891,878,884,560000,884
2011-10-12,884,892,876,877,520000,877
2011-10-13,878,880,866,873,459000,873
2011-10-14,873,873,864,869,1142000,869
2011-10-17,886,890,879,881,485000,881
2011-10-18,881,884,867,867,409000,867
2011-10-19,882,886,874,885,680000,885
2011-10-20,885,894,880,887,691000,887
2011-10-21,893,896,886,892,555000,892
2011-10-24,899,900,885,888,726000,888
2011-10-25,883,883,865,870,630000,870
2011-10-26,863,866,851,858,493000,858
2011-10-27,862,863,845,851,752000,851
2011-10-28,861,879,852,875,747000,875
2011-10-31,874,894,871,875,632000,875
2011-11-01,865,883,864,867,414000,867
2011-11-02,861,861,845,851,690000,851
2011-11-04,859,860,846,856,337000,856
2011-11-07,857,861,848,853,302000,853
2011-11-08,853,870,851,858,492000,858
2011-11-09,873,887,869,884,563000,884
2011-11-10,869,882,851,863,1346000,863
2011-11-11,867,872,840,846,1091000,846
2011-11-14,858,865,853,861,432000,861
2011-11-15,862,872,858,870,445000,870
2011-11-16,875,878,871,876,572000,876
2011-11-17,876,876,861,868,389000,868
2011-11-18,867,872,855,859,657000,859
2011-11-21,858,878,858,876,367000,876
2011-11-22,877,879,859,862,582000,862
2011-11-24,852,858,845,846,561000,846
2011-11-25,842,845,827,833,633000,833
2011-11-28,837,837,817,829,453000,829
2011-11-29,835,838,826,837,529000,837
2011-11-30,837,846,833,843,739000,843
2011-12-01,853,862,848,851,603000,851
2011-12-02,852,857,846,857,500000,857
2011-12-05,854,867,853,867,291000,867
2011-12-06,868,877,859,865,641000,865
2011-12-07,871,879,864,878,504000,878
2011-12-08,863,876,855,874,767000,874
2011-12-09,857,864,851,857,3558000,857
2011-12-12,863,875,860,870,676000,870
2011-12-13,857,863,852,859,559000,859
2011-12-14,853,856,844,849,649000,849
2011-12-15,846,857,845,854,605000,854
2011-12-16,864,869,857,859,801000,859
2011-12-19,859,866,856,865,520000,865
2011-12-20,866,870,864,868,277000,868
2011-12-21,877,881,873,879,547000,879
2011-12-22,886,891,882,882,648000,882
2011-12-26,895,896,886,889,388000,889
2011-12-27,887,891,885,888,237000,888
2011-12-28,888,890,882,883,424000,883
2011-12-29,880,884,875,884,245000,884
2011-12-30,889,889,881,884,275000,884
2012-01-04,895,899,884,887,484000,887
2012-01-05,884,887,874,876,382000,876
2012-01-06,874,881,867,869,234000,869
2012-01-10,870,877,868,868,339000,868
2012-01-11,868,878,866,878,343000,878
2012-01-12,872,876,866,871,377000,871
2012-01-13,882,888,877,882,1243000,882
2012-01-16,874,876,868,873,255000,873
2012-01-17,877,885,877,880,285000,880
2012-01-18,886,887,870,881,563000,881
2012-01-19,877,883,873,874,435000,874
2012-01-20,885,888,870,871,682000,871
2012-01-23,871,873,864,870,522000,870
2012-01-24,873,876,856,859,901000,859
2012-01-25,862,871,860,865,484000,865
2012-01-26,864,874,862,874,468000,874
2012-01-27,876,881,871,880,686000,880
2012-01-30,878,884,872,878,480000,878
2012-01-31,888,894,882,884,855000,884
2012-02-01,885,892,881,889,759000,889
2012-02-02,895,895,888,889,491000,889
2012-02-03,893,896,887,887,458000,887
2012-02-06,885,885,848,852,1773000,852
2012-02-07,848,848,836,841,1319000,841
2012-02-08,848,854,843,845,821000,845
2012-02-09,847,848,837,841,879000,841
2012-02-10,842,848,841,845,1178000,845
2012-02-13,846,853,845,848,508000,848
2012-02-14,846,861,843,853,741000,853
2012-02-15,858,873,857,868,1069000,868
2012-02-16,865,869,857,861,668000,861
2012-02-17,870,877,865,870,795000,870
2012-02-20,881,882,873,875,610000,875
2012-02-21,869,878,869,873,769000,873
2012-02-22,873,888,872,885,711000,885
2012-02-23,889,889,880,887,732000,887
2012-02-24,887,889,880,883,596000,883
2012-02-27,884,888,881,886,537000,886
2012-02-28,886,894,880,893,698000,893
2012-02-29,894,912,893,896,922000,896
2012-03-01,902,913,899,907,821000,907
2012-03-02,912,919,911,916,746000,916
2012-03-05,917,928,902,907,695000,907
2012-03-06,909,916,905,906,575000,906
2012-03-07,901,921,901,913,641000,913
2012-03-08,922,933,919,933,940000,933
2012-03-09,946,947,926,936,3321000,936
2012-03-12,945,946,926,926,789000,926
2012-03-13,930,933,922,922,856000,922
2012-03-14,936,942,930,935,594000,935
2012-03-15,943,944,935,936,603000,936
2012-03-16,939,939,926,926,565000,926
2012-03-19,927,933,925,932,301000,932
2012-03-21,927,936,927,935,536000,935
2012-03-22,938,945,933,945,627000,945
2012-03-23,944,945,939,943,631000,943
2012-03-26,949,950,942,942,664000,942
2012-03-27,951,970,949,965,865000,965
2012-03-28,947,948,936,946,637000,946
2012-03-29,949,959,949,959,631000,959
2012-03-30,959,959,952,957,680000,957
2012-04-02,955,957,944,944,845000,944
2012-04-03,947,951,938,946,680000,946
2012-04-04,947,951,934,939,935000,939
2012-04-05,940,942,931,935,855000,935
2012-04-06,935,939,926,935,571000,935
2012-04-09,927,932,920,928,482000,928
2012-04-10,935,942,923,941,632000,941
2012-04-11,931,935,922,932,823000,932
2012-04-12,937,944,923,925,494000,925
2012-04-13,928,930,917,929,2495000,929
2012-04-16,917,933,917,928,505000,928
2012-04-17,928,939,923,937,488000,937
2012-04-18,940,946,934,946,478000,946
2012-04-19,939,939,915,928,696000,928
2012-04-20,929,931,925,928,377000,928
2012-04-23,932,940,924,924,733000,924
2012-04-24,916,918,905,914,758000,914
2012-04-25,915,927,912,927,944000,927
2012-04-26,941,957,941,950,1145000,950
2012-04-27,955,956,936,939,1065000,939
2012-05-01,949,983,947,979,1545000,979
2012-05-02,984,1007,984,1001,1884000,1001
2012-05-07,980,995,980,991,1473000,991
2012-05-08,999,999,989,995,1185000,995
2012-05-09,994,997,986,988,1287000,988
2012-05-10,973,973,949,964,1748000,964
2012-05-11,965,976,953,958,1368000,958
2012-05-14,960,970,950,955,613000,955
2012-05-15,949,957,944,951,874000,951
2012-05-16,958,969,951,966,1677000,966
2012-05-17,966,966,944,950,1158000,950
2012-05-18,938,952,936,940,1182000,940
2012-05-21,941,951,939,948,987000,948
2012-05-22,948,950,940,944,746000,944
2012-05-23,956,956,930,930,1124000,930
2012-05-24,937,942,930,938,1018000,938
2012-05-25,942,949,932,948,1137000,948
2012-05-28,951,960,943,946,720000,946
2012-05-29,947,954,937,941,743000,941
2012-05-30,935,936,925,932,1084000,932
2012-05-31,922,929,915,929,1721000,929
2012-06-01,929,929,912,925,1056000,925
2012-06-04,910,938,906,938,1168000,938
2012-06-05,947,959,944,952,1281000,952
2012-06-06,956,964,950,954,1364000,954
2012-06-07,955,955,947,952,1182000,952
2012-06-08,947,951,940,950,3155000,950
2012-06-11,952,956,949,949,849000,949
2012-06-12,940,950,940,946,812000,946
2012-06-13,947,962,947,956,631000,956
2012-06-14,957,962,951,957,952000,957
2012-06-15,957,964,951,951,748000,951
2012-06-18,961,963,954,958,602000,958
2012-06-19,958,962,950,953,576000,953
2012-06-20,956,962,955,960,1181000,960
2012-06-21,956,960,949,953,1250000,953
2012-06-22,954,958,948,957,871000,957
2012-06-25,953,956,929,930,1159000,930
2012-06-26,932,940,921,927,1557000,927
2012-06-27,928,939,923,939,813000,939
2012-06-28,942,960,942,959,1067000,959
2012-06-29,959,988,955,984,1678000,984
2012-07-02,988,989,973,974,761000,974
2012-07-03,979,991,977,991,794000,991
2012-07-04,993,995,985,991,768000,991
2012-07-05,994,994,977,980,669000,980
2012-07-06,980,992,978,991,1023000,991
2012-07-09,990,1006,986,1004,1235000,1004
2012-07-10,1007,1009,1000,1000,651000,1000
2012-07-11,997,1002,994,1002,618000,1002
2012-07-12,1000,1003,994,997,652000,997
2012-07-13,998,1012,997,1005,1207000,1005
2012-07-17,1005,1027,1005,1023,918000,1023
2012-07-18,1026,1032,1017,1019,777000,1019
2012-07-19,1020,1026,1012,1013,823000,1013
2012-07-20,1009,1018,1006,1006,676000,1006
2012-07-23,1007,1007,981,983,1193000,983
2012-07-24,984,990,982,982,735000,982
2012-07-25,973,982,970,978,1026000,978
2012-07-26,983,983,964,974,759000,974
2012-07-27,978,987,976,986,843000,986
2012-07-30,995,998,989,994,745000,994
2012-07-31,994,994,976,987,1209000,987
2012-08-01,981,1001,979,997,907000,997
2012-08-02,982,982,923,926,2891000,926
2012-08-03,927,955,927,952,1968000,952
2012-08-06,962,966,948,955,1178000,955
2012-08-07,955,959,952,957,718000,957
2012-08-08,963,983,963,979,940000,979
2012-08-09,981,988,972,988,915000,988
2012-08-10,982,986,973,980,901000,980
2012-08-13,976,984,970,982,369000,982
2012-08-14,983,999,983,997,670000,997
2012-08-15,998,1006,996,999,527000,999
2012-08-16,1008,1017,1002,1016,492000,1016
2012-08-17,1015,1020,1006,1011,562000,1011
2012-08-20,1012,1015,1007,1011,621000,1011
2012-08-21,1012,1020,1007,1013,474000,1013
2012-08-22,1013,1013,991,1005,745000,1005
2012-08-23,1006,1022,1001,1021,882000,1021
2012-08-24,1015,1030,1011,1027,712000,1027
2012-08-27,1032,1038,1028,1033,726000,1033
2012-08-28,1041,1044,1033,1042,775000,1042
2012-08-29,1043,1043,1035,1042,639000,1042
2012-08-30,1044,1048,1036,1044,552000,1044
2012-08-31,1043,1043,1034,1034,640000,1034
2012-09-03,1037,1046,1031,1035,738000,1035
2012-09-04,1035,1036,1021,1027,513000,1027
2012-09-05,1028,1031,1018,1020,758000,1020
2012-09-06,1024,1024,1018,1019,381000,1019
2012-09-07,1038,1061,1026,1029,1699000,1029
2012-09-10,1025,1026,1008,1010,875000,1010
2012-09-11,1008,1021,1006,1014,534000,1014
2012-09-12,1017,1040,1015,1039,462000,1039
2012-09-13,1037,1038,1027,1029,425000,1029
2012-09-14,1035,1037,1018,1020,2023000,1020
2012-09-18,1019,1032,1015,1015,759000,1015
2012-09-19,1030,1040,1027,1033,685000,1033
2012-09-20,1029,1041,1026,1028,1216000,1028
2012-09-21,1037,1049,1036,1041,687000,1041
2012-09-24,1039,1047,1037,1045,907000,1045
2012-09-25,1040,1061,1040,1060,928000,1060
2012-09-26,1053,1061,1051,1056,721000,1056
2012-09-27,1060,1068,1054,1067,612000,1067
2012-09-28,1067,1071,1059,1067,964000,1067
2012-10-01,1065,1065,1041,1049,717000,1049
2012-10-02,1050,1053,1045,1047,572000,1047
2012-10-03,1039,1040,1028,1029,921000,1029
2012-10-04,1033,1040,1027,1031,616000,1031
2012-10-05,1036,1047,1035,1043,756000,1043
2012-10-09,1041,1055,1034,1042,611000,1042
2012-10-10,1034,1038,1021,1024,546000,1024
2012-10-11,1014,1023,1006,1014,636000,1014
2012-10-12,1035,1056,1035,1049,1882000,1049
2012-10-15,1045,1053,1043,1050,886000,1050
2012-10-16,1053,1058,1048,1052,449000,1052
2012-10-17,1053,1062,1048,1060,635000,1060
2012-10-18,1061,1078,1059,1076,695000,1076
2012-10-19,1068,1073,1065,1067,551000,1067
2012-10-22,1057,1073,1056,1065,488000,1065
2012-10-23,1069,1074,1060,1070,619000,1070
2012-10-24,1062,1075,1062,1070,536000,1070
2012-10-25,1071,1088,1067,1087,532000,1087
2012-10-26,1092,1099,1082,1082,568000,1082
2012-10-29,1090,1092,1084,1087,357000,1087
2012-10-30,1087,1093,1074,1077,593000,1077
2012-10-31,1078,1080,1060,1060,715000,1060
2012-11-01,1068,1086,1064,1078,615000,1078
2012-11-02,1087,1096,1082,1089,932000,1089
2012-11-05,1092,1133,1092,1125,1151000,1125
2012-11-06,1131,1162,1131,1154,1461000,1154
2012-11-07,1169,1180,1144,1148,1129000,1148
2012-11-08,1148,1148,1121,1128,682000,1128
2012-11-09,1118,1125,1112,1118,773000,1118
2012-11-12,1108,1121,1107,1111,607000,1111
2012-11-13,1114,1122,1106,1117,554000,1117
2012-11-14,1121,1132,1118,1129,585000,1129
2012-11-15,1131,1134,1100,1111,902000,1111
2012-11-16,1110,1119,1097,1112,1048000,1112
2012-11-19,1108,1128,1107,1123,757000,1123
2012-11-20,1133,1146,1129,1143,745000,1143
2012-11-21,1150,1157,1136,1156,820000,1156
2012-11-22,1167,1169,1133,1138,1043000,1138
2012-11-26,1135,1148,1117,1135,1337000,1135
2012-11-27,1145,1162,1141,1160,870000,1160
2012-11-28,1158,1167,1152,1152,706000,1152
2012-11-29,1152,1166,1151,1163,625000,1163
2012-11-30,1169,1174,1161,1166,665000,1166
2012-12-03,1167,1176,1161,1170,542000,1170
2012-12-04,1174,1187,1172,1183,388000,1183
2012-12-05,1172,1194,1172,1189,650000,1189
2012-12-06,1195,1203,1189,1195,682000,1195
2012-12-07,1197,1203,1190,1192,423000,1192
2012-12-10,1199,1199,1184,1192,708000,1192
2012-12-11,1186,1190,1179,1183,541000,1183
2012-12-12,1191,1192,1172,1185,562000,1185
2012-12-13,1193,1194,1170,1192,787000,1192
2012-12-14,1195,1215,1183,1183,3083000,1183
2012-12-17,1206,1209,1179,1187,938000,1187
2012-12-18,1188,1198,1186,1195,611000,1195
2012-12-19,1198,1214,1196,1214,901000,1214
2012-12-20,1203,1209,1181,1182,1269000,1182
2012-12-21,1196,1200,1176,1182,1345000,1182
2012-12-25,1192,1210,1187,1204,789000,1204
2012-12-26,1210,1210,1185,1205,687000,1205
2012-12-27,1214,1226,1209,1223,844000,1223
2012-12-28,1238,1243,1226,1230,944000,1230
2013-01-04,1260,1269,1248,1269,682000,1269
2013-01-07,1270,1288,1270,1278,613000,1278
2013-01-08,1263,1281,1256,1276,831000,1276
2013-01-09,1268,1287,1266,1278,597000,1278
2013-01-10,1277,1291,1272,1285,508000,1285
2013-01-11,1300,1323,1300,1319,1546000,1319
2013-01-15,1329,1394,1329,1355,1156000,1355
2013-01-16,1355,1366,1347,1349,662000,1349
2013-01-17,1350,1354,1323,1345,796000,1345
2013-01-18,1362,1383,1357,1382,839000,1382
2013-01-21,1381,1383,1359,1361,618000,1361
2013-01-22,1365,1374,1329,1345,972000,1345
2013-01-23,1331,1341,1317,1317,861000,1317
2013-01-24,1304,1340,1303,1337,801000,1337
2013-01-25,1360,1378,1352,1378,593000,1378
2013-01-28,1386,1389,1371,1371,593000,1371
2013-01-29,1353,1374,1341,1364,782000,1364
2013-01-30,1370,1394,1362,1394,745000,1394
2013-01-31,1367,1390,1355,1369,1064000,1369
2013-02-01,1378,1393,1371,1387,827000,1387
2013-02-04,1371,1392,1370,1381,577000,1381
2013-02-05,1356,1374,1354,1358,597000,1358
2013-02-06,1388,1423,1380,1404,1645000,1404
2013-02-07,1373,1385,1361,1369,1366000,1369
2013-02-08,1339,1350,1319,1327,2346000,1327
2013-02-12,1344,1373,1339,1347,1012000,1347
2013-02-13,1342,1348,1326,1333,575000,1333
2013-02-14,1328,1358,1328,1352,772000,1352
2013-02-15,1342,1348,1318,1323,746000,1323
2013-02-18,1333,1365,1329,1354,651000,1354
2013-02-19,1350,1380,1350,1365,626000,1365
2013-02-20,1380,1387,1371,1383,678000,1383
2013-02-21,1380,1387,1365,1365,521000,1365
2013-02-22,1368,1389,1365,1389,698000,1389
2013-02-25,1405,1445,1405,1439,933000,1439
2013-02-26,1390,1434,1390,1421,900000,1421
2013-02-27,1421,1436,1411,1411,733000,1411
2013-02-28,1433,1447,1426,1441,900000,1441
2013-03-01,1426,1456,1424,1446,663000,1446
2013-03-04,1462,1487,1456,1475,702000,1475
2013-03-05,1486,1487,1451,1456,490000,1456
2013-03-06,1460,1465,1451,1459,602000,1459
2013-03-07,1479,1505,1477,1496,982000,1496
2013-03-08,1510,1523,1500,1515,4028000,1515
2013-03-11,1520,1527,1496,1513,1012000,1513
2013-03-12,1521,1521,1489,1489,896000,1489
2013-03-13,1488,1508,1479,1496,849000,1496
2013-03-14,1504,1528,1499,1523,774000,1523
2013-03-15,1544,1572,1515,1555,1347000,1555
2013-03-18,1550,1558,1524,1524,876000,1524
2013-03-19,1551,1553,1528,1537,772000,1537
2013-03-21,1546,1578,1546,1578,863000,1578
2013-03-22,1565,1573,1543,1545,1135000,1545
2013-03-25,1560,1606,1560,1599,1047000,1599
2013-03-26,1587,1617,1581,1601,838000,1601
2013-03-27,1626,1636,1600,1623,963000,1623
2013-03-28,1624,1649,1620,1640,1805000,1640
2013-03-29,1648,1660,1630,1657,1022000,1657
2013-04-01,1657,1657,1612,1616,1718000,1616
2013-04-02,1617,1622,1544,1606,1464000,1606
2013-04-03,1606,1642,1600,1641,1179000,1641
2013-04-04,1635,1684,1607,1684,1188000,1684
2013-04-05,1734,1777,1700,1729,2342000,1729
2013-04-08,1760,1777,1710,1748,1243000,1748
2013-04-09,1765,1770,1724,1762,1224000,1762
2013-04-10,1759,1786,1751,1785,1310000,1785
2013-04-11,1787,1800,1766,1794,1438000,1794
2013-04-12,1802,1807,1757,1773,2173000,1773
2013-04-15,1775,1796,1768,1786,943000,1786
2013-04-16,1746,1806,1731,1786,1393000,1786
2013-04-17,1798,1813,1787,1807,866000,1807
2013-04-18,1796,1798,1765,1777,672000,1777
2013-04-19,1777,1783,1760,1779,557000,1779
2013-04-22,1794,1824,1793,1819,820000,1819
2013-04-23,1819,1834,1807,1828,651000,1828
2013-04-24,1855,1874,1840,1870,816000,1870
2013-04-25,1861,1906,1861,1896,1021000,1896
2013-04-26,1900,1904,1865,1872,1034000,1872
2013-04-30,1809,1866,1800,1849,1505000,1849
2013-05-01,1843,1855,1816,1843,807000,1843
2013-05-02,1846,1873,1840,1862,672000,1862
2013-05-07,1902,1930,1895,1922,1127000,1922
2013-05-08,1921,1952,1912,1923,1061000,1923
2013-05-09,1932,1943,1896,1897,572000,1897
2013-05-10,1940,1989,1928,1962,1442000,1962
2013-05-13,1986,1988,1954,1957,651000,1957
2013-05-14,1955,1972,1954,1956,539000,1956
2013-05-15,1960,1976,1951,1975,718000,1975
2013-05-16,1976,1980,1940,1959,1024000,1959
2013-05-17,1958,1958,1934,1942,844000,1942
2013-05-20,1955,1973,1944,1959,879000,1959
2013-05-21,1948,1958,1913,1932,808000,1932
2013-05-22,1932,1932,1894,1917,1106000,1917
2013-05-23,1920,1958,1787,1787,1630000,1787
2013-05-24,1793,1853,1709,1791,1644000,1791
2013-05-27,1751,1788,1712,1752,1504000,1752
2013-05-28,1720,1762,1663,1700,2605000,1700
2013-05-29,1731,1770,1712,1746,1217000,1746
2013-05-30,1715,1716,1645,1645,1587000,1645
2013-05-31,1678,1698,1652,1666,1972000,1666
2013-06-03,1630,1650,1609,1615,1484000,1615
2013-06-04,1616,1670,1612,1656,1342000,1656
2013-06-05,1656,1704,1595,1595,1044000,1595
2013-06-06,1587,1621,1570,1583,983000,1583
2013-06-07,1572,1576,1512,1555,1600000,1555
2013-06-10,1608,1636,1591,1624,1046000,1624
2013-06-11,1609,1625,1575,1593,1312000,1593
2013-06-12,1572,1601,1541,1593,857000,1593
2013-06-13,1589,1599,1481,1483,1257000,1483
2013-06-14,1511,1583,1511,1557,2869000,1557
2013-06-17,1549,1611,1525,1611,961000,1611
2013-06-18,1610,1615,1576,1587,690000,1587
2013-06-19,1596,1611,1573,1595,743000,1595
2013-06-20,1568,1585,1545,1560,1336000,1560
2013-06-21,1544,1600,1510,1592,2058000,1592
2013-06-24,1611,1620,1552,1559,985000,1559
2013-06-25,1571,1597,1533,1557,819000,1557
2013-06-26,1567,1579,1524,1526,486000,1526
2013-06-27,1531,1587,1531,1584,524000,1584
2013-06-28,1596,1656,1592,1650,862000,1650
2013-07-01,1661,1688,1644,1685,499000,1685
2013-07-02,1700,1706,1660,1684,758000,1684
2013-07-03,1686,1688,1662,1680,576000,1680
2013-07-04,1674,1718,1670,1711,545000,1711
2013-07-05,1722,1737,1695,1704,671000,1704
2013-07-08,1711,1725,1685,1686,390000,1686
2013-07-09,1695,1722,1693,1722,568000,1722
2013-07-10,1710,1729,1690,1703,650000,1703
2013-07-11,1703,1733,1693,1725,540000,1725
2013-07-12,1748,1799,1746,1769,1731000,1769
2013-07-16,1790,1799,1769,1786,676000,1786
2013-07-17,1764,1789,1758,1787,479000,1787
2013-07-18,1795,1832,1795,1830,904000,1830
2013-07-19,1834,1848,1780,1784,1063000,1784
2013-07-22,1817,1821,1780,1802,385000,1802
2013-07-23,1800,1842,1787,1821,599000,1821
2013-07-24,1806,1815,1791,1800,446000,1800
2013-07-25,1800,1812,1773,1783,481000,1783
2013-07-26,1770,1785,1744,1773,574000,1773
2013-07-29,1772,1774,1711,1711,645000,1711
2013-07-30,1712,1756,1707,1742,541000,1742
2013-07-31,1719,1719,1670,1688,1095000,1688
2013-08-01,1690,1700,1665,1700,894000,1700
2013-08-02,1730,1792,1721,1788,1115000,1788
2013-08-05,1758,1835,1750,1814,1392000,1814
2013-08-06,1818,1840,1779,1832,691000,1832
2013-08-07,1800,1808,1748,1749,859000,1749
2013-08-08,1735,1797,1727,1730,726000,1730
2013-08-09,1731,1751,1706,1728,1089000,1728
2013-08-12,1710,1746,1698,1717,311000,1717
2013-08-13,1748,1771,1743,1771,359000,1771
2013-08-14,1770,1794,1744,1792,608000,1792
2013-08-15,1746,1768,1726,1735,533000,1735
2013-08-16,1710,1762,1706,1740,552000,1740
2013-08-19,1741,1745,1720,1742,307000,1742
2013-08-20,1718,1733,1691,1696,535000,1696
2013-08-21,1707,1729,1676,1716,589000,1716
2013-08-22,1693,1714,1683,1707,395000,1707
2013-08-23,1730,1749,1719,1730,608000,1730
2013-08-26,1731,1740,1715,1726,317000,1726
2013-08-27,1721,1727,1709,1712,225000,1712
2013-08-28,1678,1698,1659,1675,849000,1675
2013-08-29,1686,1698,1674,1689,603000,1689
2013-08-30,1705,1714,1674,1677,577000,1677
2013-09-02,1681,1715,1681,1710,327000,1710
2013-09-03,1716,1769,1716,1765,641000,1765
2013-09-04,1739,1767,1739,1766,838000,1766
2013-09-05,1770,1778,1751,1767,839000,1767
2013-09-06,1773,1773,1718,1727,494000,1727
2013-09-09,1781,1787,1760,1782,372000,1782
2013-09-10,1779,1783,1747,1775,836000,1775
2013-09-11,1776,1790,1773,1776,840000,1776
2013-09-12,1779,1792,1771,1779,400000,1779
2013-09-13,1768,1795,1742,1767,2488000,1767
2013-09-17,1780,1786,1759,1760,358000,1760
2013-09-18,1785,1811,1762,1789,581000,1789
2013-09-19,1811,1822,1794,1818,684000,1818
2013-09-20,1818,1825,1802,1807,602000,1807
2013-09-24,1798,1820,1797,1815,309000,1815
2013-09-25,1815,1818,1795,1795,676000,1795
2013-09-26,1804,1843,1799,1843,651000,1843
2013-09-27,1850,1855,1823,1852,866000,1852
2013-09-30,1775,1815,1775,1795,1047000,1795
2013-10-01,1796,1806,1751,1755,1220000,1755
2013-10-02,1771,1777,1661,1676,1658000,1676
2013-10-03,1676,1693,1652,1654,1127000,1654
2013-10-04,1652,1678,1642,1655,881000,1655
2013-10-07,1655,1671,1615,1624,802000,1624
2013-10-08,1611,1619,1596,1604,617000,1604
2013-10-09,1601,1640,1599,1626,703000,1626
2013-10-10,1631,1661,1631,1661,555000,1661
2013-10-11,1695,1719,1673,1690,1498000,1690
2013-10-15,1715,1715,1689,1694,547000,1694
2013-10-16,1697,1718,1681,1712,558000,1712
2013-10-17,1730,1744,1722,1740,647000,1740
2013-10-18,1741,1764,1740,1756,393000,1756
2013-10-21,1758,1778,1758,1776,436000,1776
2013-10-22,1771,1779,1764,1777,371000,1777
2013-10-23,1777,1777,1728,1728,560000,1728
2013-10-24,1726,1751,1718,1746,403000,1746
2013-10-25,1747,1766,1700,1700,716000,1700
2013-10-28,1717,1742,1716,1731,568000,1731
2013-10-29,1718,1765,1715,1757,805000,1757
2013-10-30,1774,1807,1773,1789,794000,1789
2013-10-31,1749,1798,1749,1786,574000,1786
2013-11-01,1789,1801,1747,1756,655000,1756
2013-11-05,1789,1807,1776,1803,884000,1803
2013-11-06,1788,1836,1782,1827,843000,1827
2013-11-07,1834,1843,1820,1830,546000,1830
2013-11-08,1801,1835,1801,1823,664000,1823
2013-11-11,1843,1854,1826,1850,668000,1850
2013-11-12,1855,1898,1846,1895,1103000,1895
2013-11-13,1883,1915,1874,1889,1147000,1889
2013-11-14,1912,1974,1902,1937,1989000,1937
2013-11-15,1945,1961,1931,1954,1503000,1954
2013-11-18,1957,1971,1938,1954,1377000,1954
2013-11-19,1950,1953,1918,1939,777000,1939
2013-11-20,1950,1960,1927,1934,585000,1934
2013-11-21,1951,1973,1948,1970,921000,1970
2013-11-22,1980,1997,1968,1971,1102000,1971
2013-11-25,1977,1992,1972,1990,571000,1990
2013-11-26,1965,1981,1957,1964,625000,1964
2013-11-27,1949,1963,1939,1949,668000,1949
2013-11-28,1953,1983,1953,1971,998000,1971
2013-11-29,1965,1981,1951,1964,685000,1964
2013-12-02,1941,1978,1941,1968,446000,1968
2013-12-03,1980,1992,1968,1987,857000,1987
2013-12-04,1950,1963,1925,1934,953000,1934
2013-12-05,1928,1938,1882,1888,1567000,1888
2013-12-06,1870,1910,1870,1903,885000,1903
2013-12-09,1928,1966,1920,1962,916000,1962
2013-12-10,1955,1960,1941,1951,711000,1951
2013-12-11,1927,1941,1920,1932,524000,1932
2013-12-12,1910,1931,1904,1925,730000,1925
2013-12-13,1922,1963,1921,1941,2732000,1941
2013-12-16,1939,1951,1913,1914,750000,1914
2013-12-17,1915,1955,1910,1945,891000,1945
2013-12-18,1946,1969,1942,1961,1208000,1961
2013-12-19,1985,1993,1971,1992,1396000,1992
2013-12-20,1993,2005,1971,1994,1324000,1994
2013-12-24,1993,2004,1977,1986,1050000,1986
2013-12-25,1963,2001,1963,1990,963000,1990
2013-12-26,2005,2024,1986,2011,961000,2011
2013-12-27,2028,2041,1975,1996,1045000,1996
2013-12-30,1994,1997,1971,1986,960000,1986
2014-01-06,1966,1971,1940,1952,1201000,1952
2014-01-07,1950,1961,1909,1922,861000,1922
2014-01-08,1931,1983,1923,1979,1427000,1979
2014-01-09,1971,1971,1925,1930,855000,1930
2014-01-10,1905,1930,1896,1927,1625000,1927
2014-01-14,1889,1899,1848,1853,1550000,1853
2014-01-15,1872,1926,1869,1925,761000,1925
2014-01-16,1921,1932,1893,1896,478000,1896
2014-01-17,1879,1910,1874,1892,770000,1892
2014-01-20,1889,1909,1879,1906,421000,1906
2014-01-21,1920,1946,1913,1930,683000,1930
2014-01-22,1925,1947,1910,1926,730000,1926
2014-01-23,1944,1967,1922,1925,877000,1925
2014-01-24,1891,1905,1864,1876,1128000,1876
2014-01-27,1826,1830,1809,1817,825000,1817
2014-01-28,1820,1860,1820,1849,814000,1849
2014-01-29,1876,1901,1867,1901,712000,1901
2014-01-30,1831,1859,1831,1849,771000,1849
2014-01-31,1860,1878,1810,1836,654000,1836
2014-02-03,1810,1847,1807,1837,643000,1837
2014-02-04,1800,1814,1744,1744,821000,1744
2014-02-05,1744,1784,1714,1776,1482000,1776
2014-02-06,1835,1852,1767,1769,1283000,1769
2014-02-07,1817,1840,1814,1829,1113000,1829
2014-02-10,1869,1869,1833,1846,691000,1846
2014-02-12,1856,1877,1855,1866,705000,1866
2014-02-13,1847,1864,1830,1837,736000,1837
2014-02-14,1827,1862,1801,1803,1543000,1803
2014-02-17,1819,1838,1795,1827,795000,1827
2014-02-18,1847,1897,1847,1887,967000,1887
2014-02-19,1854,1900,1850,1883,732000,1883
2014-02-20,1864,1881,1837,1839,680000,1839
2014-02-21,1872,1922,1871,1917,859000,1917
2014-02-24,1890,1920,1867,1903,1041000,1903
2014-02-25,1931,1936,1918,1925,622000,1925
2014-02-26,1904,1928,1894,1921,466000,1921
2014-02-27,1922,1976,1910,1969,1726000,1969
2014-02-28,1963,1989,1950,1977,1247000,1977
2014-03-03,1956,1974,1914,1938,996000,1938
2014-03-04,1922,1936,1901,1935,572000,1935
2014-03-05,1963,1969,1928,1933,647000,1933
2014-03-06,1951,1975,1933,1972,650000,1972
2014-03-07,1975,1990,1964,1988,875000,1988
2014-03-10,1973,2015,1973,2009,1165000,2009
2014-03-11,2009,2020,1990,2003,549000,2003
2014-03-12,1980,1982,1948,1948,505000,1948
2014-03-13,1948,1955,1927,1936,843000,1936
2014-03-14,1880,1898,1862,1869,2431000,1869
2014-03-17,1849,1871,1844,1863,745000,1863
2014-03-18,1886,1889,1869,1869,431000,1869
2014-03-19,1890,1899,1850,1880,547000,1880
2014-03-20,1905,1910,1854,1855,825000,1855
2014-03-24,1854,1884,1846,1868,622000,1868
2014-03-25,1845,1896,1845,1869,807000,1869
2014-03-26,1899,1917,1865,1886,811000,1886
2014-03-27,1855,1926,1831,1919,973000,1919
2014-03-28,1919,1945,1914,1943,359000,1943
2014-03-31,1953,1955,1929,1947,600000,1947
2014-04-01,1943,1943,1905,1911,817000,1911
2014-04-02,1933,1947,1915,1929,674000,1929
2014-04-03,1933,1983,1929,1964,799000,1964
2014-04-04,1950,1971,1947,1971,441000,1971
2014-04-07,1931,1955,1931,1941,594000,1941
2014-04-08,1937,1967,1924,1953,768000,1953
2014-04-09,1936,1942,1908,1908,664000,1908
2014-04-10,1927,1950,1910,1922,777000,1922
2014-04-11,1890,1914,1876,1879,1543000,1879
2014-04-14,1880,1915,1877,1904,642000,1904
2014-04-15,1925,1928,1906,1914,347000,1914
2014-04-16,1930,1958,1923,1952,563000,1952
2014-04-17,1950,1974,1946,1968,499000,1968
2014-04-18,1972,1990,1966,1985,469000,1985
2014-04-21,1986,1999,1986,1992,311000,1992
2014-04-22,1993,1999,1977,1977,334000,1977
2014-04-23,1990,2009,1989,2009,481000,2009
2014-04-24,2012,2018,1989,1994,448000,1994
2014-04-25,1994,2016,1992,2011,456000,2011
2014-04-28,2016,2078,2008,2014,1185000,2014
2014-04-30,2014,2089,2010,2073,1487000,2073
2014-05-01,2095,2119,2075,2099,1117000,2099
2014-05-02,2061,2075,2035,2058,1159000,2058
2014-05-07,2041,2057,2028,2028,1276000,2028
2014-05-08,2028,2046,2022,2028,689000,2028
2014-05-09,2024,2050,2022,2031,838000,2031
2014-05-12,2031,2045,2020,2031,478000,2031
2014-05-13,2050,2073,2049,2065,654000,2065
2014-05-14,2066,2073,2052,2066,475000,2066
2014-05-15,2025,2064,2015,2049,593000,2049
2014-05-16,2009,2033,2004,2020,703000,2020
2014-05-19,2024,2044,2014,2014,483000,2014
2014-05-20,2034,2067,2027,2051,631000,2051
2014-05-21,2039,2071,2039,2064,487000,2064
2014-05-22,2077,2106,2070,2095,666000,2095
2014-05-23,2105,2113,2088,2104,601000,2104
2014-05-26,2115,2125,2103,2119,468000,2119
2014-05-27,2119,2138,2116,2121,632000,2121
2014-05-28,2137,2149,2131,2136,500000,2136
2014-05-29,2138,2153,2132,2141,586000,2141
2014-05-30,2141,2181,1998,2045,2420000,2045
2014-06-02,2107,2169,2107,2162,1275000,2162
2014-06-03,2190,2198,2172,2173,777000,2173
2014-06-04,2163,2175,2127,2137,820000,2137
2014-06-05,2150,2164,2137,2143,490000,2143
2014-06-06,2144,2147,2126,2138,525000,2138
2014-06-09,2144,2144,2118,2126,395000,2126
2014-06-10,2144,2155,2119,2121,435000,2121
2014-06-11,2126,2150,2126,2133,422000,2133
2014-06-12,2128,2128,2094,2109,761000,2109
2014-06-13,2072,2105,2064,2101,1716000,2101
2014-06-16,2101,2113,2075,2087,537000,2087
2014-06-17,2087,2125,2087,2117,547000,2117
2014-06-18,2118,2140,2114,2127,492000,2127
2014-06-19,2146,2178,2145,2170,642000,2170
2014-06-20,2149,2184,2149,2170,649000,2170
2014-06-23,2195,2200,2165,2181,566000,2181
2014-06-24,2190,2197,2166,2172,423000,2172
2014-06-25,2146,2160,2140,2140,397000,2140
2014-06-26,2166,2166,2138,2143,286000,2143
2014-06-27,2152,2152,2085,2098,790000,2098
2014-06-30,2103,2120,2089,2110,548000,2110
2014-07-01,2101,2147,2100,2141,505000,2141
2014-07-02,2152,2165,2147,2160,508000,2160
2014-07-03,2166,2166,2150,2154,370000,2154
2014-07-04,2158,2170,2131,2140,590000,2140
2014-07-07,2146,2155,2128,2133,417000,2133
2014-07-08,2132,2132,2106,2108,578000,2108
2014-07-09,2105,2137,2104,2118,609000,2118
2014-07-10,2126,2153,2126,2139,532000,2139
2014-07-11,2125,2169,2125,2154,883000,2154
2014-07-14,2154,2174,2144,2163,451000,2163
2014-07-15,2165,2194,2165,2190,438000,2190
2014-07-16,2196,2210,2194,2195,530000,2195
2014-07-17,2195,2209,2194,2202,295000,2202
2014-07-18,2185,2185,2164,2174,497000,2174
2014-07-22,2162,2212,2145,2205,694000,2205
2014-07-23,2212,2234,2209,2225,497000,2225
2014-07-24,2237,2250,2215,2220,560000,2220
2014-07-25,2220,2257,2220,2253,366000,2253
2014-07-28,2264,2299,2264,2288,588000,2288
2014-07-29,2288,2315,2284,2308,533000,2308
2014-07-30,2281,2308,2279,2300,612000,2300
2014-07-31,2300,2303,2282,2282,607000,2282
2014-08-01,2280,2313,2275,2303,767000,2303
2014-08-04,2255,2287,2236,2279,1087000,2279
2014-08-05,2279,2291,2250,2253,659000,2253
2014-08-06,2253,2273,2243,2243,638000,2243
2014-08-07,2259,2310,2256,2305,1062000,2305
2014-08-08,2281,2323,2240,2240,1720000,2240
2014-08-11,2290,2332,2275,2327,774000,2327
2014-08-12,2338,2362,2336,2343,521000,2343
2014-08-13,2325,2358,2325,2346,473000,2346
2014-08-14,2343,2362,2332,2347,703000,2347
2014-08-15,2347,2359,2344,2354,365000,2354
2014-08-18,2354,2399,2354,2383,541000,2383
2014-08-19,2400,2409,2382,2398,581000,2398
2014-08-20,2389,2405,2384,2395,378000,2395
2014-08-21,2391,2392,2372,2380,790000,2380
2014-08-22,2373,2380,2350,2366,705000,2366
2014-08-25,2366,2377,2354,2362,502000,2362
2014-08-26,2365,2365,2331,2336,663000,2336
2014-08-27,2346,2353,2311,2322,530000,2322
2014-08-28,2315,2321,2304,2312,377000,2312
2014-08-29,2299,2304,2275,2278,777000,2278
2014-09-01,2277,2288,2268,2288,284000,2288
2014-09-02,2290,2290,2240,2273,1096000,2273
2014-09-03,2280,2284,2230,2251,1230000,2251
2014-09-04,2234,2241,2212,2234,929000,2234
2014-09-05,2250,2256,2222,2230,524000,2230
2014-09-08,2225,2232,2203,2212,593000,2212
2014-09-09,2209,2210,2173,2174,753000,2174
2014-09-10,2170,2191,2154,2187,657000,2187
2014-09-11,2193,2199,2172,2182,653000,2182
2014-09-12,2170,2226,2168,2221,2511000,2221
2014-09-16,2220,2256,2209,2248,1361000,2248
2014-09-17,2260,2280,2247,2267,853000,2267
2014-09-18,2290,2313,2284,2307,1045000,2307
2014-09-19,2315,2322,2286,2295,1135000,2295
2014-09-22,2289,2293,2267,2285,401000,2285
2014-09-24,2278,2309,2273,2306,493000,2306
2014-09-25,2317,2349,2310,2349,754000,2349
2014-09-26,2301,2324,2301,2311,804000,2311
2014-09-29,2311,2332,2291,2328,629000,2328
2014-09-30,2308,2338,2306,2331,1084000,2331
2014-10-01,2326,2356,2320,2330,717000,2330
2014-10-02,2316,2317,2262,2263,926000,2263
2014-10-03,2240,2267,2239,2266,636000,2266
2014-10-06,2272,2294,2248,2262,659000,2262
2014-10-07,2231,2268,2231,2244,611000,2244
2014-10-08,2216,2237,2212,2226,540000,2226
2014-10-09,2226,2241,2207,2208,481000,2208
2014-10-10,2163,2193,2161,2168,1335000,2168
2014-10-14,2131,2208,2125,2186,1305000,2186
2014-10-15,2189,2212,2174,2191,750000,2191
2014-10-16,2131,2169,2128,2133,964000,2133
2014-10-17,2130,2134,2073,2076,782000,2076
2014-10-20,2121,2142,2110,2141,869000,2141
2014-10-21,2153,2159,2097,2106,664000,2106
2014-10-22,2144,2180,2136,2179,678000,2179
2014-10-23,2166,2197,2159,2188,522000,2188
2014-10-24,2214,2235,2203,2229,861000,2229
2014-10-27,2244,2265,2234,2264,479000,2264
2014-10-28,2305,2340,2302,2319,1184000,2319
2014-10-29,2330,2363,2325,2348,1179000,2348
2014-10-30,2372,2424,2362,2404,1517000,2404
2014-10-31,2445,2550,2432,2526,2259000,2526
2014-11-04,2626,2643,2579,2585,1835000,2585
2014-11-05,2630,2681,2601,2651,1689000,2651
2014-11-06,2701,2721,2631,2649,1274000,2649
2014-11-07,2688,2757,2651,2751,1490000,2751
2014-11-10,2709,2723,2685,2707,991000,2707
2014-11-11,2701,2779,2700,2777,1292000,2777
2014-11-12,2801,2845,2788,2808,1559000,2808
2014-11-13,2783,2857,2780,2852,1034000,2852
2014-11-14,2888,2888,2801,2862,2047000,2862
2014-11-17,2848,2850,2750,2765,1140000,2765
2014-11-18,2786,2869,2786,2868,920000,2868
2014-11-19,2861,2907,2861,2875,684000,2875
2014-11-20,2890,2899,2866,2882,479000,2882
2014-11-21,2880,2932,2841,2931,1054000,2931
2014-11-25,2945,2947,2884,2891,720000,2891
2014-11-26,2860,2888,2842,2848,1331000,2848
2014-11-27,2830,2850,2822,2837,502000,2837
2014-11-28,2830,2847,2795,2824,1059000,2824
2014-12-01,2852,2931,2847,2922,1027000,2922
2014-12-02,2894,2924,2879,2923,820000,2923
2014-12-03,2950,2984,2942,2964,917000,2964
2014-12-04,2994,2998,2947,2960,747000,2960
2014-12-05,2930,2980,2927,2980,501000,2980
2014-12-08,2951,2992,2951,2992,539000,2992
2014-12-09,2971,3025,2970,3010,605000,3010
2014-12-10,2954,3010,2911,2931,1013000,2931
2014-12-11,2865,2900,2846,2895,797000,2895
2014-12-12,2915,2958,2894,2936,2725000,2936
2014-12-15,2886,2938,2886,2910,732000,2910
2014-12-16,2862,2880,2827,2833,1162000,2833
2014-12-17,2800,2828,2797,2800,1038000,2800
2014-12-18,2888,2945,2874,2945,1003000,2945
2014-12-19,3005,3025,2991,3005,1068000,3005
2014-12-22,3025,3035,2981,3000,490000,3000
2014-12-24,3025,3080,3025,3080,587000,3080
2014-12-25,3080,3100,3055,3075,560000,3075
2014-12-26,3050,3070,3025,3050,516000,3050
2014-12-29,3085,3085,3005,3025,519000,3025
2014-12-30,3005,3010,2960,2966,808000,2966
2015-01-05,2930,2958,2894,2936,564000,2936
2015-01-06,2880,2894,2829,2845,1014000,2845
2015-01-07,2810,2877,2809,2874,848000,2874
2015-01-08,2887,3005,2887,2982,980000,2982
2015-01-09,2995,2995,2913,2945,1288000,2945
2015-01-13,2910,2982,2895,2982,663000,2982
2015-01-14,2951,2997,2940,2958,1147000,2958
2015-01-15,2953,3075,2953,3075,792000,3075
2015-01-16,2998,3025,2922,2979,1528000,2979
2015-01-19,3020,3110,3000,3110,1015000,3110
2015-01-20,3110,3175,3100,3175,742000,3175
2015-01-21,3180,3210,3145,3190,665000,3190
2015-01-22,3200,3220,3150,3170,947000,3170
2015-01-23,3215,3220,3135,3170,476000,3170
2015-01-26,3105,3170,3100,3160,499000,3160
2015-01-27,3205,3280,3205,3270,656000,3270
2015-01-28,3250,3400,3250,3375,1017000,3375
2015-01-29,3370,3565,3350,3410,1676000,3410
2015-01-30,3465,3530,3465,3495,1135000,3495
2015-02-02,3400,3445,3295,3340,1680000,3340
2015-02-03,3380,3390,3190,3215,1872000,3215
2015-02-04,3285,3305,3200,3215,1538000,3215
2015-02-05,3155,3290,3155,3185,1735000,3185
2015-02-06,3270,3270,3105,3130,1306000,3130
2015-02-09,3175,3195,3095,3140,1799000,3140
2015-02-10,3110,3155,3090,3140,993000,3140
2015-02-12,3230,3310,3210,3270,1463000,3270
2015-02-13,3260,3265,3210,3255,1064000,3255
2015-02-16,3275,3290,3160,3180,757000,3180
2015-02-17,3160,3245,3140,3235,862000,3235
2015-02-18,3250,3360,3235,3355,1036000,3355
2015-02-19,3385,3400,3340,3350,943000,3350
2015-02-20,3390,3390,3330,3360,557000,3360
2015-02-23,3400,3400,3365,3385,501000,3385
2015-02-24,3390,3410,3350,3410,731000,3410
2015-02-25,3395,3425,3385,3410,450000,3410
2015-02-26,3425,3485,3395,3470,658000,3470
2015-02-27,3470,3500,3440,3465,768000,3465
2015-03-02,3450,3500,3425,3440,592000,3440
2015-03-03,3425,3460,3415,3445,656000,3445
2015-03-04,3425,3450,3415,3425,477000,3425
2015-03-05,3415,3495,3415,3490,505000,3490
2015-03-06,3515,3630,3505,3620,915000,3620
2015-03-09,3570,3620,3535,3575,782000,3575
2015-03-10,3625,3640,3485,3490,915000,3490
2015-03-11,3490,3550,3485,3510,511000,3510
2015-03-12,3535,3635,3510,3625,643000,3625
2015-03-13,3675,3695,3605,3675,2387000,3675
2015-03-16,3675,3740,3675,3715,625000,3715
2015-03-17,3760,3795,3720,3775,601000,3775
2015-03-18,3755,3780,3735,3770,667000,3770
2015-03-19,3775,3795,3715,3730,589000,3730
2015-03-20,3735,3765,3715,3765,468000,3765
2015-03-23,3790,3890,3775,3870,693000,3870
2015-03-24,3865,3890,3815,3815,468000,3815
2015-03-25,3830,3840,3780,3835,516000,3835
2015-03-26,3835,3840,3775,3790,641000,3790
2015-03-27,3760,3835,3675,3725,933000,3725
2015-03-30,3780,3945,3760,3920,1141000,3920
2015-03-31,3940,3980,3815,3815,1040000,3815
2015-04-01,3705,3770,3665,3730,1199000,3730
2015-04-02,3800,3950,3775,3905,1415000,3905
2015-04-03,3900,4020,3900,3995,777000,3995
2015-04-06,3975,4125,3975,4095,759000,4095
2015-04-07,4145,4185,4070,4115,784000,4115
2015-04-08,4185,4185,4065,4145,714000,4145
2015-04-09,4145,4275,4130,4230,848000,4230
2015-04-10,4225,4240,4130,4175,1405000,4175
2015-04-13,4210,4215,4005,4025,1499000,4025
2015-04-14,3965,4050,3905,3920,1735000,3920
2015-04-15,3850,3940,3845,3855,989000,3855
2015-04-16,3850,3860,3715,3760,1586000,3760
2015-04-17,3700,3745,3575,3590,1786000,3590
2015-04-20,3555,3700,3540,3660,1210000,3660
2015-04-21,3690,3760,3680,3760,843000,3760
2015-04-22,3805,3810,3685,3735,1057000,3735
2015-04-23,3730,3745,3640,3675,1321000,3675
2015-04-24,3600,3675,3590,3635,964000,3635
2015-04-27,3690,3715,3620,3660,979000,3660
2015-04-28,3590,3650,3520,3560,2121000,3560
2015-04-30,3500,3530,3425,3435,2088000,3435
2015-05-01,3420,3470,3390,3400,1117000,3400
2015-05-07,3360,3410,3305,3350,1559000,3350
2015-05-08,3345,3395,3310,3375,1226000,3375
2015-05-11,3395,3430,3330,3355,1295000,3355
2015-05-12,3365,3375,3310,3315,1015000,3315
2015-05-13,3300,3380,3290,3370,1049000,3370
2015-05-14,3325,3350,3250,3255,1142000,3255
2015-05-15,3285,3375,3270,3340,1054000,3340
2015-05-18,3380,3410,3355,3395,828000,3395
2015-05-19,3450,3535,3425,3515,1703000,3515
2015-05-20,3555,3570,3475,3525,1370000,3525
2015-05-21,3510,3555,3440,3450,1001000,3450
2015-05-22,3420,3455,3375,3405,1078000,3405
2015-05-25,3390,3415,3370,3395,607000,3395
2015-05-26,3415,3420,3380,3385,660000,3385
2015-05-27,3390,3415,3355,3390,705000,3390
2015-05-28,3425,3430,3370,3420,805000,3420
2015-05-29,3400,3515,3400,3480,1359000,3480
2015-06-01,3465,3480,3415,3435,497000,3435
2015-06-02,3460,3570,3455,3555,1055000,3555
2015-06-03,3550,3550,3490,3510,749000,3510
2015-06-04,3510,3525,3445,3465,789000,3465
2015-06-05,3475,3500,3450,3495,487000,3495
2015-06-08,3520,3520,3465,3515,583000,3515
2015-06-09,3475,3520,3470,3470,560000,3470
2015-06-10,3480,3525,3430,3480,710000,3480
2015-06-11,3495,3605,3495,3605,886000,3605
2015-06-12,3645,3645,3550,3570,1569000,3570
2015-06-15,3510,3545,3510,3530,468000,3530
2015-06-16,3560,3610,3555,3585,749000,3585
2015-06-17,3540,3655,3540,3635,979000,3635
2015-06-18,3635,3645,3560,3570,767000,3570
2015-06-19,3585,3710,3570,3675,1212000,3675
2015-06-22,3660,3685,3630,3685,562000,3685
2015-06-23,3750,3755,3695,3750,921000,3750
2015-06-24,3765,3795,3725,3790,813000,3790
2015-06-25,3795,3845,3775,3815,818000,3815
2015-06-26,3815,3850,3800,3830,637000,3830
2015-06-29,3700,3815,3690,3730,964000,3730
2015-06-30,3765,3830,3750,3825,812000,3825
2015-07-01,3850,3910,3810,3910,760000,3910
2015-07-02,3950,3955,3850,3860,610000,3860
2015-07-03,3905,3970,3890,3970,961000,3970
2015-07-06,3900,3945,3810,3830,874000,3830
2015-07-07,3850,3950,3850,3935,559000,3935
2015-07-08,3920,3925,3850,3850,815000,3850
2015-07-09,3755,3900,3715,3900,1060000,3900
2015-07-10,3940,4090,3930,4040,1908000,4040
2015-07-13,4050,4155,4050,4135,1013000,4135
2015-07-14,4200,4205,3960,4000,1712000,4000
2015-07-15,3965,4055,3965,4050,777000,4050
2015-07-16,4080,4110,4050,4085,673000,4085
2015-07-17,4030,4100,4020,4050,680000,4050
2015-07-21,4060,4115,4030,4110,407000,4110
2015-07-22,4080,4125,4050,4050,441000,4050
2015-07-23,4085,4215,4085,4190,862000,4190
2015-07-24,4150,4200,4115,4160,552000,4160
2015-07-27,4115,4160,4040,4075,536000,4075
2015-07-28,4010,4155,4005,4150,644000,4150
2015-07-29,4100,4225,4100,4225,622000,4225
2015-07-30,4260,4280,4195,4240,1045000,4240
2015-07-31,4210,4340,4160,4340,1136000,4340
2015-08-03,4270,4305,4200,4280,936000,4280
2015-08-04,4210,4280,4210,4255,632000,4255
2015-08-05,4315,4365,4275,4320,938000,4320
2015-08-06,4275,4375,4255,4275,731000,4275
2015-08-07,4255,4255,4110,4195,946000,4195
2015-08-10,4125,4275,4120,4265,807000,4265
2015-08-11,4270,4280,4165,4200,927000,4200
2015-08-12,4185,4230,4050,4080,747000,4080
2015-08-13,4085,4185,4065,4175,907000,4175
2015-08-14,4200,4235,4145,4145,689000,4145
2015-08-17,4195,4360,4165,4355,1110000,4355
2015-08-18,4400,4400,4300,4325,560000,4325
2015-08-19,4290,4315,4225,4235,716000,4235
2015-08-20,4210,4310,4115,4135,1111000,4135
2015-08-21,4055,4070,3930,3945,1610000,3945
2015-08-24,3805,3940,3760,3770,1388000,3770
2015-08-25,3650,3845,3610,3640,2083000,3640
2015-08-26,3610,3695,3555,3625,1508000,3625
2015-08-27,3695,3880,3670,3845,1332000,3845
2015-08-28,3915,3955,3825,3950,1183000,3950
2015-08-31,3910,3920,3860,3905,814000,3905
2015-09-01,3855,3870,3670,3670,885000,3670
2015-09-02,3580,3710,3565,3600,1180000,3600
2015-09-03,3665,3720,3590,3605,638000,3605
2015-09-04,3630,3635,3455,3470,1099000,3470
2015-09-07,3470,3510,3410,3480,791000,3480
2015-09-08,3505,3505,3185,3200,1906000,3200
2015-09-09,3340,3520,3255,3500,1548000,3500
2015-09-10,3385,3385,3200,3290,2261000,3290
2015-09-11,3300,3405,3295,3325,2596000,3325
2015-09-14,3315,3365,3275,3275,1064000,3275
2015-09-15,3320,3400,3300,3365,1039000,3365
2015-09-16,3370,3400,3330,3380,1328000,3380
2015-09-17,3400,3495,3390,3475,1091000,3475
2015-09-18,3490,3505,3400,3400,1314000,3400
2015-09-24,3315,3480,3295,3295,1002000,3295
2015-09-25,3295,3440,3295,3440,1222000,3440
2015-09-28,3500,3525,3385,3415,849000,3415
2015-09-29,3345,3380,3270,3285,1285000,3285
2015-09-30,3425,3425,3255,3280,1691000,3280
2015-10-01,3420,3500,3360,3450,2114000,3450
2015-10-02,3445,3530,3420,3490,930000,3490
2015-10-05,3545,3570,3500,3540,542000,3540
2015-10-06,3545,3620,3525,3545,1052000,3545
2015-10-07,3585,3585,3435,3500,993000,3500
2015-10-08,3510,3510,3370,3400,1327000,3400
2015-10-09,3455,3555,3410,3550,1581000,3550
2015-10-13,3510,3615,3490,3600,973000,3600
2015-10-14,3570,3620,3500,3530,799000,3530
2015-10-15,3475,3500,3410,3475,1136000,3475
2015-10-16,3510,3545,3495,3535,651000,3535
2015-10-19,3535,3590,3510,3525,707000,3525
2015-10-20,3570,3595,3520,3540,483000,3540
2015-10-21,3550,3590,3480,3580,615000,3580
2015-10-22,3555,3620,3535,3580,507000,3580
2015-10-23,3680,3750,3655,3730,1029000,3730
2015-10-26,3780,3815,3715,3730,603000,3730
2015-10-27,3730,3775,3710,3725,565000,3725
2015-10-28,3720,3760,3695,3740,780000,3740
2015-10-29,3740,3740,3680,3715,1709000,3715
2015-10-30,3715,3840,3690,3815,1024000,3815
2015-11-02,3780,3780,3635,3655,799000,3655
2015-11-04,3750,3765,3680,3710,855000,3710
2015-11-05,3750,3780,3705,3775,596000,3775
2015-11-06,3830,3960,3805,3840,1134000,3840
2015-11-09,3875,3945,3860,3925,1133000,3925
2015-11-10,3895,3950,3870,3945,587000,3945
2015-11-11,3900,4025,3900,4020,520000,4020
2015-11-12,4030,4060,4000,4020,468000,4020
2015-11-13,4000,4080,3985,4075,890000,4075
2015-11-16,3970,4055,3970,4020,639000,4020
2015-11-17,4060,4095,4050,4060,838000,4060
2015-11-18,4100,4130,4070,4080,559000,4080
2015-11-19,4105,4140,4085,4110,717000,4110
2015-11-20,4000,4095,3985,4065,1109000,4065
2015-11-24,4090,4115,4020,4045,696000,4045
2015-11-25,4070,4080,4035,4065,547000,4065
2015-11-26,4085,4110,4070,4075,475000,4075
2015-11-27,4145,4185,4100,4125,866000,4125
2015-11-30,4105,4105,4050,4055,752000,4055
2015-12-01,4010,4090,4005,4090,782000,4090
2015-12-02,4050,4095,4050,4085,467000,4085
2015-12-03,4065,4115,4065,4100,447000,4100
2015-12-04,4030,4065,3930,3960,808000,3960
2015-12-07,4010,4070,4010,4050,507000,4050
2015-12-08,4015,4095,4015,4030,526000,4030
2015-12-09,4030,4060,3960,3980,670000,3980
2015-12-10,3895,3960,3880,3945,602000,3945
2015-12-11,3940,4060,3940,4005,2020000,4005
2015-12-14,3945,4040,3915,4005,719000,4005
2015-12-15,4005,4050,3935,3940,623000,3940
2015-12-16,4025,4070,3955,4070,786000,4070
2015-12-17,4115,4215,4115,4195,1168000,4195
2015-12-18,4195,4335,4110,4125,1275000,4125
2015-12-21,4120,4160,4030,4140,916000,4140
2015-12-22,4160,4180,4100,4135,484000,4135
2015-12-24,4180,4190,4105,4115,415000,4115
2015-12-25,4120,4195,4115,4175,504000,4175
2015-12-28,4205,4225,4075,4180,516000,4180
2015-12-29,4185,4220,4130,4195,547000,4195
2015-12-30,4230,4255,4190,4225,545000,4225
2016-01-04,4155,4190,4005,4020,912000,4020
2016-01-05,4005,4030,3870,3895,1492000,3895
2016-01-06,3900,3960,3840,3885,971000,3885
2016-01-07,3890,3970,3815,3840,976000,3840
2016-01-08,3780,3925,3780,3875,1820000,3875
2016-01-12,3810,3870,3775,3780,905000,3780
2016-01-13,3800,3900,3785,3900,921000,3900
2016-01-14,3775,3830,3660,3710,1480000,3710
2016-01-15,3790,3795,3645,3675,1167000,3675
2016-01-18,3605,3655,3580,3620,1231000,3620
2016-01-19,3635,3635,3500,3540,1602000,3540
2016-01-20,3570,3635,3445,3455,1275000,3455
2016-01-21,3440,3480,3310,3310,1537000,3310
2016-01-22,3450,3505,3360,3500,1344000,3500
2016-01-25,3550,3645,3530,3615,1077000,3615
2016-01-26,3545,3580,3505,3530,1042000,3530
2016-01-27,3625,3685,3605,3675,1011000,3675
2016-01-28,3645,3735,3615,3690,994000,3690
2016-01-29,3745,3980,3725,3960,2518000,3960
2016-02-01,4000,4075,4000,4065,1067000,4065
2016-02-02,3965,4190,3965,4175,1230000,4175
2016-02-03,4105,4170,4050,4130,891000,4130
2016-02-04,4105,4110,4000,4030,957000,4030
2016-02-05,3955,3975,3865,3935,824000,3935
2016-02-08,4145,4150,3970,4070,1492000,4070
2016-02-09,3930,4010,3900,3970,1247000,3970
2016-02-10,3990,4010,3765,3855,2233000,3855
2016-02-12,3735,3760,3625,3675,1814000,3675
2016-02-15,3800,3965,3755,3925,1361000,3925
2016-02-16,3875,3885,3790,3795,1254000,3795
2016-02-17,3790,3815,3660,3725,1513000,3725
2016-02-18,3800,3850,3755,3765,1177000,3765
2016-02-19,3735,3775,3670,3745,894000,3745
2016-02-22,3745,3835,3730,3810,1075000,3810
2016-02-23,3880,3880,3740,3775,941000,3775
2016-02-24,3790,3810,3720,3775,978000,3775
2016-02-25,3770,3840,3770,3820,640000,3820
2016-02-26,3870,3905,3825,3825,683000,3825
2016-02-29,3850,3855,3715,3715,856000,3715
2016-03-01,3710,3820,3695,3785,977000,3785
2016-03-02,3880,3940,3825,3925,908000,3925
2016-03-03,3870,3935,3865,3915,598000,3915
2016-03-04,3910,3920,3835,3910,633000,3910
2016-03-07,3930,3930,3840,3860,714000,3860
2016-03-08,3835,3865,3765,3785,923000,3785
2016-03-09,3730,3790,3725,3765,923000,3765
2016-03-10,3815,3840,3795,3830,525000,3830
2016-03-11,3775,3875,3760,3850,1721000,3850
2016-03-14,3900,3915,3845,3860,566000,3860
2016-03-15,3820,3870,3790,3820,693000,3820
2016-03-16,3810,3870,3810,3840,519000,3840
2016-03-17,3855,3870,3775,3795,726000,3795
2016-03-18,3800,3800,3675,3715,890000,3715
2016-03-22,3715,3780,3705,3750,839000,3750
2016-03-23,3765,3815,3765,3785,574000,3785
2016-03-24,3790,3830,3775,3795,826000,3795
2016-03-25,3800,3825,3770,3780,561000,3780
2016-03-28,3820,3850,3800,3850,602000,3850
2016-03-29,3815,3865,3795,3860,570000,3860
2016-03-30,3860,3910,3835,3835,641000,3835
2016-03-31,3845,3855,3700,3700,1144000,3700
2016-04-01,3690,3695,3510,3545,1317000,3545
2016-04-04,3575,3605,3535,3560,1110000,3560
2016-04-05,3570,3590,3520,3530,905000,3530
2016-04-06,3525,3545,3480,3525,599000,3525
2016-04-07,3560,3560,3485,3520,772000,3520
2016-04-08,3500,3625,3485,3580,1081000,3580
2016-04-11,3610,3615,3555,3590,599000,3590
2016-04-12,3560,3595,3515,3520,740000,3520
2016-04-13,3540,3605,3525,3590,753000,3590
2016-04-14,3660,3735,3620,3730,999000,3730
2016-04-15,3720,3735,3705,3720,636000,3720
2016-04-18,3635,3665,3575,3580,812000,3580
2016-04-19,3650,3705,3635,3690,862000,3690
2016-04-20,3715,3745,3680,3695,742000,3695
2016-04-21,3795,3835,3775,3830,686000,3830
2016-04-22,3805,3825,3775,3825,834000,3825
2016-04-25,3795,3820,3725,3735,925000,3735
2016-04-26,3710,3745,3690,3730,596000,3730
2016-04-27,3730,3835,3500,3715,2744000,3715
2016-04-28,3645,3750,3535,3535,1798000,3535
2016-05-02,3445,3480,3430,3460,1146000,3460
2016-05-06,3475,3510,3415,3450,1047000,3450
2016-05-09,3480,3525,3460,3525,545000,3525
2016-05-10,3580,3650,3575,3635,1127000,3635
2016-05-11,3695,3725,3655,3680,720000,3680
2016-05-12,3650,3695,3625,3695,444000,3695
2016-05-13,3755,3755,3665,3675,859000,3675
2016-05-16,3645,3710,3645,3665,303000,3665
2016-05-17,3700,3730,3660,3725,611000,3725
2016-05-18,3680,3745,3670,3700,507000,3700
2016-05-19,3755,3775,3725,3740,654000,3740
2016-05-20,3750,3800,3720,3800,836000,3800
2016-05-23,3800,3815,3745,3775,675000,3775
2016-05-24,3770,3780,3725,3745,637000,3745
2016-05-25,3780,3785,3735,3755,589000,3755
2016-05-26,3765,3810,3760,3790,482000,3790
2016-05-27,3775,3840,3775,3825,407000,3825
2016-05-30,3845,3930,3835,3930,652000,3930
2016-05-31,3935,4005,3900,3980,1016000,3980
2016-06-01,3925,3965,3915,3920,684000,3920
2016-06-02,3905,3920,3805,3810,905000,3810
2016-06-03,3815,3905,3815,3895,503000,3895
2016-06-06,3840,3895,3815,3895,551000,3895
2016-06-07,3885,3905,3860,3870,559000,3870
2016-06-08,3890,3915,3865,3910,588000,3910
2016-06-09,3905,3915,3850,3890,497000,3890
2016-06-10,3900,3900,3855,3895,1284000,3895
2016-06-13,3870,3870,3790,3800,546000,3800
2016-06-14,3810,3825,3735,3770,604000,3770
2016-06-15,3800,3810,3725,3760,608000,3760
2016-06-16,3740,3780,3610,3625,966000,3625
2016-06-17,3695,3715,3645,3650,863000,3650
2016-06-20,3700,3725,3665,3685,878000,3685
2016-06-21,3680,3795,3650,3790,502000,3790
2016-06-22,3770,3845,3750,3830,501000,3830
2016-06-23,3845,3855,3805,3825,414000,3825
2016-06-24,3850,3860,3465,3475,1368000,3475
2016-06-27,3545,3705,3545,3690,938000,3690
2016-06-28,3650,3800,3635,3750,810000,3750
2016-06-29,3785,3810,3735,3755,784000,3755
2016-06-30,3820,3820,3750,3750,1042000,3750
2016-07-01,3795,3880,3760,3865,938000,3865
2016-07-04,3820,3895,3820,3885,552000,3885
2016-07-05,3895,3900,3865,3890,357000,3890
2016-07-06,3855,3910,3825,3910,748000,3910
2016-07-07,3910,3930,3880,3895,523000,3895
2016-07-08,3920,3920,3790,3800,1028000,3800
2016-07-11,3845,3940,3845,3915,488000,3915
2016-07-12,3955,3990,3915,3970,761000,3970
2016-07-13,3950,3965,3825,3840,1332000,3840
2016-07-14,3865,3925,3825,3910,651000,3910
2016-07-15,3875,3900,3770,3785,760000,3785
2016-07-19,3795,3895,3775,3895,749000,3895
2016-07-20,3855,3895,3850,3890,620000,3890
2016-07-21,3905,3915,3855,3870,327000,3870
2016-07-22,3885,3900,3815,3835,476000,3835
2016-07-25,3805,3845,3765,3795,395000,3795
2016-07-26,3735,3790,3690,3705,864000,3705
2016-07-27,3730,3760,3665,3680,847000,3680
2016-07-28,3670,3670,3590,3655,863000,3655
2016-07-29,3640,3675,3565,3655,892000,3655
2016-08-01,3655,3730,3610,3705,890000,3705
2016-08-02,3700,3795,3690,3735,736000,3735
2016-08-03,3550,3660,3480,3480,1570000,3480
2016-08-04,3500,3505,3355,3380,1388000,3380
2016-08-05,3350,3410,3305,3330,867000,3330
2016-08-08,3380,3385,3280,3320,675000,3320
2016-08-09,3330,3395,3325,3380,777000,3380
2016-08-10,3380,3410,3325,3370,894000,3370
2016-08-12,3430,3435,3380,3425,968000,3425
2016-08-15,3450,3470,3415,3420,388000,3420
2016-08-16,3435,3435,3320,3325,781000,3325
2016-08-17,3315,3330,3270,3280,618000,3280
2016-08-18,3300,3325,3210,3215,804000,3215
2016-08-19,3215,3215,3105,3155,736000,3155
2016-08-22,3175,3200,3160,3190,444000,3190
2016-08-23,3200,3335,3195,3280,1031000,3280
2016-08-24,3275,3325,3250,3305,835000,3305
2016-08-25,3330,3335,3290,3305,1043000,3305
2016-08-26,3315,3350,3220,3315,1374000,3315
2016-08-29,3385,3385,3320,3350,892000,3350
2016-08-30,3340,3360,3310,3335,818000,3335
2016-08-31,3305,3325,3200,3255,1078000,3255
2016-09-01,3220,3305,3220,3300,754000,3300
2016-09-02,3295,3365,3280,3300,881000,3300
2016-09-05,3305,3310,3275,3290,428000,3290
2016-09-06,3310,3350,3305,3350,577000,3350
2016-09-07,3345,3365,3315,3335,676000,3335
2016-09-08,3335,3345,3300,3315,524000,3315
2016-09-09,3320,3350,3250,3250,1159000,3250
2016-09-12,3220,3265,3205,3250,547000,3250
2016-09-13,3260,3300,3255,3285,535000,3285
2016-09-14,3280,3305,3255,3265,531000,3265
2016-09-15,3235,3245,3190,3210,607000,3210
2016-09-16,3230,3230,3185,3215,545000,3215
2016-09-20,3190,3215,3155,3200,766000,3200
2016-09-21,3170,3210,3165,3195,1071000,3195
2016-09-23,3225,3265,3205,3250,690000,3250
2016-09-26,3260,3305,3220,3230,892000,3230
2016-09-27,3225,3305,3195,3295,924000,3295
2016-09-28,3260,3270,3235,3250,551000,3250
2016-09-29,3250,3275,3230,3255,439000,3255
2016-09-30,3230,3250,3205,3220,565000,3220
2016-10-03,3240,3320,3235,3305,628000,3305
2016-10-04,3330,3330,3270,3290,700000,3290
2016-10-05,3270,3270,3220,3245,563000,3245
2016-10-06,3250,3290,3220,3265,636000,3265
2016-10-07,3285,3320,3265,3310,759000,3310
2016-10-11,3310,3320,3265,3290,687000,3290
2016-10-12,3260,3325,3260,3295,760000,3295
2016-10-13,3305,3305,3255,3270,408000,3270
2016-10-14,3250,3285,3235,3240,1049000,3240
2016-10-17,3245,3255,3210,3240,462000,3240
2016-10-18,3240,3255,3215,3235,503000,3235
2016-10-19,3245,3275,3225,3260,623000,3260
2016-10-20,3270,3320,3260,3315,682000,3315
2016-10-21,3340,3340,3275,3280,568000,3280
2016-10-24,3295,3320,3285,3305,532000,3305
2016-10-25,3310,3310,3285,3305,481000,3305
2016-10-26,3290,3335,3290,3320,594000,3320
2016-10-27,3320,3345,3300,3315,508000,3315
2016-10-28,3325,3340,3295,3330,1420000,3330
2016-10-31,3325,3360,3320,3345,569000,3345
2016-11-01,3345,3390,3325,3385,704000,3385
2016-11-02,3365,3405,3345,3370,935000,3370
2016-11-04,3365,3380,3335,3360,963000,3360
2016-11-07,3370,3445,3365,3440,993000,3440
2016-11-08,3460,3465,3385,3420,754000,3420
2016-11-09,3445,3510,3245,3255,1476000,3255
2016-11-10,3440,3445,3325,3370,1104000,3370
2016-11-11,3410,3415,3225,3280,1432000,3280
2016-11-14,3300,3310,3265,3270,841000,3270
2016-11-15,3285,3295,3235,3260,701000,3260
2016-11-16,3290,3335,3280,3330,854000,3330
2016-11-17,3330,3375,3330,3355,752000,3355
2016-11-18,3380,3425,3345,3410,1146000,3410
2016-11-21,3415,3480,3415,3470,730000,3470
2016-11-22,3450,3475,3440,3470,744000,3470
2016-11-24,3515,3515,3475,3480,673000,3480
2016-11-25,3480,3495,3445,3490,706000,3490
2016-11-28,3465,3495,3460,3465,651000,3465
2016-11-29,3455,3485,3455,3470,769000,3470
2016-11-30,3495,3510,3470,3500,753000,3500
2016-12-01,3510,3595,3505,3540,925000,3540
2016-12-02,3540,3550,3465,3500,942000,3500
2016-12-05,3500,3520,3450,3460,574000,3460
2016-12-06,3515,3515,3425,3430,626000,3430
2016-12-07,3430,3450,3410,3445,685000,3445
2016-12-08,3465,3515,3465,3515,818000,3515
2016-12-09,3545,3545,3480,3515,1708000,3515
2016-12-12,3585,3790,3580,3765,1808000,3765
2016-12-13,3750,3795,3730,3785,734000,3785
2016-12-14,3730,3785,3660,3680,1210000,3680
2016-12-15,3680,3750,3650,3715,733000,3715
2016-12-16,3725,3760,3705,3735,704000,3735
2016-12-19,3710,3750,3710,3735,505000,3735
2016-12-20,3730,3770,3730,3745,668000,3745
2016-12-21,3750,3780,3735,3745,665000,3745
2016-12-22,3745,3760,3715,3745,601000,3745
2016-12-26,3730,3785,3710,3765,445000,3765
2016-12-27,3770,3785,3740,3745,451000,3745
2016-12-28,3765,3765,3730,3735,358000,3735
2016-12-29,3725,3745,3700,3710,580000,3710
2016-12-30,3725,3755,3690,3740,481000,3740
2017-01-04,3750,3810,3740,3790,694000,3790
