Date,Open,High,Low,Close,Volume,Adj Close
2008-10-20,467,493.0,451.0,491.0,3978000.0,982.0
2008-10-21,505,509.0,477.0,488.0,2403000.0,976.0
2008-10-22,453,465.0,436.0,450.0,3253000.0,900.0
2008-10-23,430,440.0,403.0,435.0,5446000.0,870.0
2008-10-24,436,442.0,405.0,405.0,3770000.0,810.0
2008-10-27,425,431.0,391.0,396.0,4117000.0,792.0
2008-10-28,401,416.0,384.0,394.0,4023000.0,788.0
2008-10-29,374,389.0,355.0,375.0,7377000.0,750.0
2008-10-30,375,423.0,374.0,422.0,5788000.0,844.0
2008-10-31,425,435.0,410.0,410.0,3209000.0,820.0
2008-11-04,435,440.0,426.0,440.0,2131000.0,880.0
2008-11-05,460,460.0,415.0,434.0,2866000.0,868.0
2008-11-06,415,424.0,404.0,405.0,2309000.0,810.0
2008-11-07,410,432.0,405.0,422.0,3464000.0,844.0
2008-11-10,425,433.0,404.0,411.0,2638000.0,822.0
2008-11-11,416,420.0,402.0,415.0,1868000.0,830.0
2008-11-12,408,423.0,403.0,420.0,2024000.0,840.0
2008-11-13,402,421.0,398.0,408.0,1893000.0,816.0
2008-11-14,427,427.0,417.0,421.0,2185000.0,842.0
2008-11-17,415,433.0,408.0,423.0,1140000.0,846.0
2008-11-18,413,427.0,413.0,425.0,1323000.0,850.0
2008-11-19,422,427.0,413.0,427.0,1205000.0,854.0
2008-11-20,412,415.0,385.0,385.0,2557000.0,770.0
2008-11-21,365,371.0,358.0,366.0,3088000.0,732.0
2008-11-25,384,403.0,379.0,402.0,2110000.0,804.0
2008-11-26,393,396.0,383.0,389.0,1468000.0,778.0
2008-11-27,401,406.0,396.0,402.0,1167000.0,804.0
2008-11-28,403,405.0,393.0,398.0,847000.0,796.0
2008-12-01,395,398.0,387.0,395.0,1159000.0,790.0
2008-12-02,371,379.0,367.0,368.0,1616000.0,736.0
2008-12-03,373,377.0,364.0,369.0,1993000.0,738.0
2008-12-04,370,390.0,370.0,390.0,2056000.0,780.0
2008-12-05,389,398.0,387.0,392.0,1564000.0,784.0
2008-12-08,393,407.0,389.0,405.0,1100000.0,810.0
2008-12-09,405,418.0,403.0,413.0,1417000.0,826.0
2008-12-10,412,426.0,409.0,421.0,1426000.0,842.0
2008-12-11,416,420.0,407.0,420.0,1012000.0,840.0
2008-12-12,400,409.0,383.0,394.0,3574000.0,788.0
2008-12-15,419,421.0,414.0,417.0,914000.0,834.0
2008-12-16,414,415.0,407.0,413.0,647000.0,826.0
2008-12-17,411,411.0,395.0,403.0,1629000.0,806.0
2008-12-18,405,423.0,405.0,418.0,1747000.0,836.0
2008-12-19,418,424.0,408.0,414.0,944000.0,828.0
2008-12-22,410,422.0,409.0,421.0,734000.0,842.0
2008-12-24,411,417.0,408.0,411.0,460000.0,822.0
2008-12-25,410,415.0,408.0,414.0,171000.0,828.0
2008-12-26,414,423.0,414.0,422.0,262000.0,844.0
2008-12-29,417,418.0,411.0,415.0,792000.0,830.0
2008-12-30,409,425.0,409.0,425.0,1260000.0,850.0
2009-01-05,430,431.0,412.0,422.0,402000.0,844.0
2009-01-06,427,431.0,416.0,418.0,4112000.0,836.0
2009-01-07,414,417.0,386.0,389.0,3066000.0,778.0
2009-01-08,384,399.0,384.0,389.0,2109000.0,778.0
2009-01-09,397,397.0,386.0,387.0,1215000.0,774.0
2009-01-13,380,384.0,375.0,380.0,1346000.0,760.0
2009-01-14,379,380.0,372.0,374.0,960000.0,748.0
2009-01-15,368,370.0,361.0,363.0,1613000.0,726.0
2009-01-16,364,367.0,360.0,363.0,1567000.0,726.0
2009-01-19,371,371.0,365.0,366.0,782000.0,732.0
2009-01-20,370,372.0,362.0,367.0,1280000.0,734.0
2009-01-21,357,361.0,356.0,356.0,1796000.0,712.0
2009-01-22,361,362.0,352.0,362.0,1688000.0,724.0
2009-01-23,357,359.0,347.0,348.0,1642000.0,696.0
2009-01-26,343,347.0,338.0,343.0,1540000.0,686.0
2009-01-27,347,359.0,347.0,355.0,1297000.0,710.0
2009-01-28,359,360.0,340.0,342.0,1693000.0,684.0
2009-01-29,346,354.0,346.0,352.0,1727000.0,704.0
2009-01-30,353,353.0,344.0,352.0,987000.0,704.0
2009-02-02,343,354.0,343.0,354.0,1292000.0,708.0
2009-02-03,358,358.0,340.0,344.0,1326000.0,688.0
2009-02-04,349,366.0,346.0,354.0,2394000.0,708.0
2009-02-05,349,365.0,346.0,360.0,2859000.0,720.0
2009-02-06,361,363.0,351.0,356.0,1757000.0,712.0
2009-02-09,359,361.0,341.0,342.0,1251000.0,684.0
2009-02-10,342,345.0,329.0,332.0,1689000.0,664.0
2009-02-12,325,331.0,317.0,323.0,1642000.0,646.0
2009-02-13,323,333.0,317.0,329.0,1799000.0,658.0
2009-02-16,324,328.0,316.0,326.0,1183000.0,652.0
2009-02-17,322,328.0,321.0,325.0,504000.0,650.0
2009-02-18,317,322.0,313.0,314.0,958000.0,628.0
2009-02-19,319,324.0,313.0,316.0,745000.0,632.0
2009-02-20,312,323.0,312.0,321.0,1270000.0,642.0
2009-02-23,313,329.0,313.0,324.0,1369000.0,648.0
2009-02-24,319,330.0,315.0,328.0,1723000.0,656.0
2009-02-25,323,323.0,317.0,322.0,1698000.0,644.0
2009-02-26,325,333.0,322.0,325.0,1034000.0,650.0
2009-02-27,323,331.0,322.0,326.0,845000.0,652.0
2009-03-02,318,321.0,313.0,317.0,1312000.0,634.0
2009-03-03,312,317.0,310.0,313.0,957000.0,626.0
2009-03-04,309,317.0,307.0,315.0,1259000.0,630.0
2009-03-05,320,328.0,316.0,325.0,1152000.0,650.0
2009-03-06,315,322.0,313.0,316.0,1129000.0,632.0
2009-03-09,316,323.0,315.0,319.0,1043000.0,638.0
2009-03-10,316,322.0,316.0,320.0,928000.0,640.0
2009-03-11,329,330.0,323.0,325.0,1274000.0,650.0
2009-03-12,320,334.0,320.0,331.0,1142000.0,662.0
2009-03-13,341,343.0,330.0,333.0,3983000.0,666.0
2009-03-16,338,343.0,336.0,340.0,810000.0,680.0
2009-03-17,345,356.0,342.0,352.0,1511000.0,704.0
2009-03-18,352,352.0,341.0,346.0,1044000.0,692.0
2009-03-19,345,349.0,341.0,345.0,1183000.0,690.0
2009-03-23,350,353.0,346.0,349.0,1076000.0,698.0
2009-03-24,359,360.0,349.0,360.0,1651000.0,720.0
2009-03-25,356,364.0,355.0,363.0,1814000.0,726.0
2009-03-26,351,363.0,350.0,360.0,1197000.0,720.0
2009-03-27,362,366.0,358.0,360.0,901000.0,720.0
2009-03-30,363,364.0,345.0,346.0,1446000.0,692.0
2009-03-31,349,358.0,345.0,349.0,1310000.0,698.0
2009-04-01,350,359.0,341.0,356.0,1061000.0,712.0
2009-04-02,363,368.0,359.0,365.0,1212000.0,730.0
2009-04-03,366,370.0,363.0,369.0,1255000.0,738.0
2009-04-06,379,379.0,368.0,374.0,1197000.0,748.0
2009-04-07,375,375.0,369.0,372.0,970000.0,744.0
2009-04-08,373,375.0,361.0,361.0,1199000.0,722.0
2009-04-09,366,367.0,361.0,365.0,1118000.0,730.0
2009-04-10,370,370.0,355.0,364.0,1730000.0,728.0
2009-04-13,368,368.0,361.0,365.0,437000.0,730.0
2009-04-14,368,368.0,359.0,364.0,744000.0,728.0
2009-04-15,358,364.0,357.0,364.0,678000.0,728.0
2009-04-16,366,370.0,360.0,361.0,1112000.0,722.0
2009-04-17,362,366.0,358.0,359.0,701000.0,718.0
2009-04-20,361,362.0,354.0,355.0,454000.0,710.0
2009-04-21,353,356.0,349.0,354.0,880000.0,708.0
2009-04-22,351,356.0,350.0,350.0,564000.0,700.0
2009-04-23,349,354.0,344.0,353.0,708000.0,706.0
2009-04-24,352,352.0,344.0,345.0,780000.0,690.0
2009-04-27,351,351.0,338.0,339.0,553000.0,678.0
2009-04-28,339,344.0,337.0,337.0,669000.0,674.0
2009-04-30,345,350.0,344.0,344.0,578000.0,688.0
2009-05-01,354,354.0,342.0,346.0,678000.0,692.0
2009-05-07,353,356.0,351.0,353.0,762000.0,706.0
2009-05-08,356,364.0,347.0,361.0,992000.0,722.0
2009-05-11,365,385.0,365.0,382.0,1523000.0,764.0
2009-05-12,385,386.0,373.0,383.0,1182000.0,766.0
2009-05-13,376,384.0,371.0,380.0,1234000.0,760.0
2009-05-14,375,378.0,366.0,368.0,1877000.0,736.0
2009-05-15,363,369.0,362.0,363.0,1021000.0,726.0
2009-05-18,368,370.0,361.0,363.0,848000.0,726.0
2009-05-19,373,376.0,367.0,370.0,752000.0,740.0
2009-05-20,375,378.0,369.0,372.0,562000.0,744.0
2009-05-21,367,369.0,362.0,367.0,693000.0,734.0
2009-05-22,365,371.0,364.0,369.0,675000.0,738.0
2009-05-25,366,382.0,366.0,377.0,1071000.0,754.0
2009-05-26,380,381.0,375.0,377.0,700000.0,754.0
2009-05-27,373,380.0,373.0,376.0,594000.0,752.0
2009-05-28,370,373.0,366.0,366.0,911000.0,732.0
2009-05-29,367,369.0,362.0,367.0,857000.0,734.0
2009-06-01,372,374.0,368.0,372.0,589000.0,744.0
2009-06-02,373,374.0,368.0,370.0,798000.0,740.0
2009-06-03,372,372.0,368.0,370.0,881000.0,740.0
2009-06-04,368,369.0,359.0,362.0,1499000.0,724.0
2009-06-05,364,364.0,357.0,360.0,706000.0,720.0
2009-06-08,361,361.0,357.0,361.0,884000.0,722.0
2009-06-09,360,360.0,357.0,360.0,508000.0,720.0
2009-06-10,360,363.0,359.0,363.0,917000.0,726.0
2009-06-11,362,362.0,359.0,359.0,852000.0,718.0
2009-06-12,367,372.0,363.0,370.0,4847000.0,740.0
2009-06-15,375,389.0,374.0,385.0,2276000.0,770.0
2009-06-16,383,391.0,380.0,387.0,1823000.0,774.0
2009-06-17,388,397.0,384.0,390.0,1830000.0,780.0
2009-06-18,385,391.0,383.0,388.0,776000.0,776.0
2009-06-19,393,396.0,387.0,391.0,1217000.0,782.0
2009-06-22,391,400.0,391.0,395.0,762000.0,790.0
2009-06-23,387,392.0,383.0,383.0,943000.0,766.0
2009-06-24,388,391.0,384.0,386.0,1114000.0,772.0
2009-06-25,390,391.0,387.0,388.0,734000.0,776.0
2009-06-26,384,386.0,376.0,382.0,1921000.0,764.0
2009-06-29,386,386.0,381.0,383.0,739000.0,766.0
2009-06-30,385,386.0,376.0,379.0,1426000.0,758.0
2009-07-01,375,383.0,375.0,378.0,1050000.0,756.0
2009-07-02,379,382.0,378.0,378.0,700000.0,756.0
2009-07-03,375,378.0,370.0,375.0,1063000.0,750.0
2009-07-06,375,380.0,374.0,375.0,794000.0,750.0
2009-07-07,381,387.0,380.0,387.0,1207000.0,774.0
2009-07-08,388,395.0,387.0,389.0,1642000.0,778.0
2009-07-09,384,385.0,375.0,376.0,1159000.0,752.0
2009-07-10,377,377.0,370.0,375.0,1879000.0,750.0
2009-07-13,375,376.0,366.0,366.0,1183000.0,732.0
2009-07-14,370,371.0,359.0,360.0,1681000.0,720.0
2009-07-15,367,372.0,363.0,365.0,1490000.0,730.0
2009-07-16,364,364.0,355.0,360.0,1772000.0,720.0
2009-07-17,363,365.0,356.0,359.0,780000.0,718.0
2009-07-21,361,364.0,357.0,361.0,1357000.0,722.0
2009-07-22,361,361.0,356.0,358.0,1693000.0,716.0
2009-07-23,358,360.0,355.0,356.0,1486000.0,712.0
2009-07-24,359,361.0,356.0,359.0,1401000.0,718.0
2009-07-27,364,372.0,361.0,362.0,1644000.0,724.0
2009-07-28,367,371.0,362.0,366.0,2860000.0,732.0
2009-07-29,363,365.0,358.0,360.0,1652000.0,720.0
2009-07-30,359,360.0,355.0,356.0,1935000.0,712.0
2009-07-31,359,361.0,354.0,361.0,1839000.0,722.0
2009-08-03,363,363.0,357.0,360.0,1423000.0,720.0
2009-08-04,360,363.0,358.0,362.0,1123000.0,724.0
2009-08-05,361,366.0,361.0,365.0,1272000.0,730.0
2009-08-06,367,370.0,365.0,366.0,1980000.0,732.0
2009-08-07,368,369.0,363.0,369.0,917000.0,738.0
2009-08-10,371,371.0,366.0,368.0,999000.0,736.0
2009-08-11,365,368.0,363.0,367.0,986000.0,734.0
2009-08-12,372,372.0,366.0,366.0,1048000.0,732.0
2009-08-13,369,369.0,365.0,366.0,745000.0,732.0
2009-08-14,371,371.0,365.0,367.0,1576000.0,734.0
2009-08-17,363,364.0,357.0,357.0,1206000.0,714.0
2009-08-18,356,358.0,354.0,356.0,1224000.0,712.0
2009-08-19,357,360.0,356.0,357.0,1016000.0,714.0
2009-08-20,357,361.0,356.0,360.0,930000.0,720.0
2009-08-21,358,359.0,354.0,356.0,1116000.0,712.0
2009-08-24,360,362.0,358.0,360.0,1403000.0,720.0
2009-08-25,358,360.0,355.0,356.0,957000.0,712.0
2009-08-26,358,360.0,356.0,359.0,1022000.0,718.0
2009-08-27,360,361.0,358.0,360.0,1437000.0,720.0
2009-08-28,360,362.0,358.0,362.0,924000.0,724.0
2009-08-31,363,366.0,358.0,360.0,1036000.0,720.0
2009-09-01,361,365.0,360.0,363.0,1274000.0,726.0
2009-09-02,361,362.0,356.0,357.0,1212000.0,714.0
2009-09-03,359,374.0,358.0,371.0,2604000.0,742.0
2009-09-04,376,380.0,371.0,374.0,2692000.0,748.0
2009-09-07,379,386.0,377.0,385.0,2028000.0,770.0
2009-09-08,384,384.0,372.0,379.0,2166000.0,758.0
2009-09-09,376,377.0,366.0,370.0,1736000.0,740.0
2009-09-10,371,378.0,369.0,378.0,977000.0,756.0
2009-09-11,380,380.0,373.0,375.0,4161000.0,750.0
2009-09-14,375,376.0,370.0,373.0,878000.0,746.0
2009-09-15,373,375.0,369.0,373.0,1169000.0,746.0
2009-09-16,375,375.0,371.0,373.0,1220000.0,746.0
2009-09-17,374,377.0,370.0,374.0,1841000.0,748.0
2009-09-18,375,375.0,370.0,371.0,1059000.0,742.0
2009-09-24,367,371.0,366.0,370.0,1537000.0,740.0
2009-09-25,370,370.0,363.0,368.0,1092000.0,736.0
2009-09-28,363,365.0,359.0,359.0,889000.0,718.0
2009-09-29,361,361.0,355.0,358.0,1082000.0,716.0
2009-09-30,354,356.0,353.0,355.0,900000.0,710.0
2009-10-01,353,355.0,350.0,350.0,1422000.0,700.0
2009-10-02,345,354.0,342.0,348.0,1478000.0,696.0
2009-10-05,348,353.0,348.0,351.0,1084000.0,702.0
2009-10-06,350,350.0,342.0,344.0,1321000.0,688.0
2009-10-07,345,347.0,341.0,345.0,965000.0,690.0
2009-10-08,346,349.0,342.0,344.0,1089000.0,688.0
2009-10-09,346,346.0,339.0,341.0,1792000.0,682.0
2009-10-13,342,344.0,340.0,342.0,954000.0,684.0
2009-10-14,343,348.0,343.0,343.0,912000.0,686.0
2009-10-15,347,351.0,345.0,348.0,1358000.0,696.0
2009-10-16,349,351.0,344.0,346.0,1092000.0,692.0
2009-10-19,345,346.0,342.0,344.0,919000.0,688.0
2009-10-20,344,345.0,341.0,343.0,888000.0,686.0
2009-10-21,345,346.0,344.0,344.0,802000.0,688.0
2009-10-22,344,345.0,340.0,341.0,728000.0,682.0
2009-10-23,341,346.0,341.0,343.0,680000.0,686.0
2009-10-26,343,343.0,336.0,338.0,1294000.0,676.0
2009-10-27,337,355.0,335.0,351.0,4986000.0,702.0
2009-10-28,343,352.0,343.0,346.0,1718000.0,692.0
2009-10-29,341,347.0,338.0,345.0,1448000.0,690.0
2009-10-30,347,347.0,340.0,340.0,925000.0,680.0
2009-11-02,336,338.0,333.0,333.0,1358000.0,666.0
2009-11-04,333,336.0,326.0,336.0,1201000.0,672.0
2009-11-05,333,335.0,330.0,331.0,850000.0,662.0
2009-11-06,336,340.0,333.0,340.0,1408000.0,680.0
2009-11-09,341,342.0,336.0,337.0,716000.0,674.0
2009-11-10,338,339.0,334.0,336.0,1205000.0,672.0
2009-11-11,335,337.0,330.0,330.0,880000.0,660.0
2009-11-12,329,329.0,323.0,325.0,1267000.0,650.0
2009-11-13,321,330.0,321.0,327.0,1520000.0,654.0
2009-11-16,328,330.0,324.0,326.0,762000.0,652.0
2009-11-17,336,336.0,329.0,333.0,2251000.0,666.0
2009-11-18,333,337.0,331.0,334.0,1276000.0,668.0
2009-11-19,337,347.0,337.0,338.0,2079000.0,676.0
2009-11-20,334,336.0,331.0,334.0,1274000.0,668.0
2009-11-24,324,324.0,318.0,321.0,2179000.0,642.0
2009-11-25,323,327.0,322.0,327.0,1161000.0,654.0
2009-11-26,323,324.0,321.0,322.0,661000.0,644.0
2009-11-27,318,321.0,316.0,318.0,1068000.0,636.0
2009-11-30,320,324.0,315.0,323.0,1148000.0,646.0
2009-12-01,324,326.0,319.0,324.0,1368000.0,648.0
2009-12-02,323,329.0,323.0,327.0,875000.0,654.0
2009-12-03,328,336.0,328.0,336.0,1015000.0,672.0
2009-12-04,334,336.0,331.0,332.0,583000.0,664.0
2009-12-07,341,342.0,336.0,338.0,849000.0,676.0
2009-12-08,336,336.0,328.0,330.0,1003000.0,660.0
2009-12-09,327,330.0,326.0,328.0,718000.0,656.0
2009-12-10,320,324.0,312.0,314.0,3335000.0,628.0
2009-12-11,314,315.0,307.0,312.0,4252000.0,624.0
2009-12-14,312,315.0,307.0,311.0,1889000.0,622.0
2009-12-15,312,312.0,307.0,309.0,1069000.0,618.0
2009-12-16,310,313.0,308.0,313.0,995000.0,626.0
2009-12-17,314,315.0,309.0,310.0,1056000.0,620.0
2009-12-18,312,313.0,309.0,313.0,1242000.0,626.0
2009-12-21,315,320.0,314.0,318.0,1097000.0,636.0
2009-12-22,320,320.0,315.0,318.0,1015000.0,636.0
2009-12-24,321,324.0,319.0,324.0,1324000.0,648.0
2009-12-25,324,324.0,321.0,321.0,620000.0,642.0
2009-12-28,324,327.0,323.0,327.0,900000.0,654.0
2009-12-29,327,327.0,323.0,327.0,752000.0,654.0
2009-12-30,328,330.0,322.0,322.0,650000.0,644.0
2010-01-04,326,329.0,325.0,326.0,415000.0,652.0
2010-01-05,327,328.0,326.0,326.0,828000.0,652.0
2010-01-06,329,336.0,326.0,335.0,1620000.0,670.0
2010-01-07,335,337.0,333.0,335.0,743000.0,670.0
2010-01-08,343,345.0,339.0,342.0,2144000.0,684.0
2010-01-12,344,344.0,340.0,343.0,1504000.0,686.0
2010-01-13,343,344.0,340.0,341.0,704000.0,682.0
2010-01-14,346,346.0,339.0,342.0,900000.0,684.0
2010-01-15,343,343.0,334.0,337.0,2285000.0,674.0
2010-01-18,337,340.0,336.0,339.0,896000.0,678.0
2010-01-19,344,344.0,335.0,336.0,919000.0,672.0
2010-01-20,337,337.0,330.0,335.0,686000.0,670.0
2010-01-21,330,338.0,330.0,338.0,1189000.0,676.0
2010-01-22,335,336.0,330.0,333.0,999000.0,666.0
2010-01-25,339,339.0,333.0,334.0,1127000.0,668.0
2010-01-26,339,343.0,337.0,339.0,1232000.0,678.0
2010-01-27,342,352.0,340.0,344.0,2460000.0,688.0
2010-01-28,343,343.0,333.0,338.0,1603000.0,676.0
2010-01-29,335,342.0,333.0,338.0,1345000.0,676.0
2010-02-01,336,347.0,335.0,344.0,1774000.0,688.0
2010-02-02,340,350.0,335.0,336.0,2817000.0,672.0
2010-02-03,334,336.0,325.0,330.0,3212000.0,660.0
2010-02-04,333,335.0,330.0,333.0,1767000.0,666.0
2010-02-05,328,334.0,327.0,334.0,1904000.0,668.0
2010-02-08,333,336.0,331.0,334.0,996000.0,668.0
2010-02-09,333,333.0,329.0,329.0,854000.0,658.0
2010-02-10,329,330.0,327.0,327.0,701000.0,654.0
2010-02-12,329,333.0,326.0,333.0,1196000.0,666.0
2010-02-15,336,336.0,333.0,333.0,1473000.0,666.0
2010-02-16,331,332.0,329.0,331.0,1028000.0,662.0
2010-02-17,331,336.0,331.0,334.0,827000.0,668.0
2010-02-18,333,336.0,333.0,336.0,785000.0,672.0
2010-02-19,335,338.0,335.0,336.0,648000.0,672.0
2010-02-22,338,343.0,338.0,341.0,1134000.0,682.0
2010-02-23,337,345.0,337.0,344.0,1047000.0,688.0
2010-02-24,343,345.0,340.0,344.0,984000.0,688.0
2010-02-25,345,345.0,341.0,341.0,592000.0,682.0
2010-02-26,340,343.0,338.0,342.0,538000.0,684.0
2010-03-01,339,339.0,337.0,339.0,894000.0,678.0
2010-03-02,339,343.0,335.0,343.0,1059000.0,686.0
2010-03-03,340,343.0,339.0,342.0,730000.0,684.0
2010-03-04,338,341.0,337.0,338.0,720000.0,676.0
2010-03-05,344,349.0,340.0,348.0,1642000.0,696.0
2010-03-08,352,353.0,350.0,352.0,714000.0,704.0
2010-03-09,350,353.0,350.0,351.0,532000.0,702.0
2010-03-10,350,351.0,346.0,348.0,849000.0,696.0
2010-03-11,345,350.0,345.0,349.0,893000.0,698.0
2010-03-12,353,353.0,347.0,351.0,4052000.0,702.0
2010-03-15,350,354.0,350.0,353.0,928000.0,706.0
2010-03-16,352,353.0,350.0,352.0,768000.0,704.0
2010-03-17,351,356.0,351.0,355.0,1515000.0,710.0
2010-03-18,356,356.0,354.0,354.0,649000.0,708.0
2010-03-19,353,356.0,351.0,354.0,615000.0,708.0
2010-03-23,352,354.0,351.0,352.0,716000.0,704.0
2010-03-24,354,356.0,353.0,355.0,603000.0,710.0
2010-03-25,353,354.0,347.0,350.0,1162000.0,700.0
2010-03-26,347,353.0,342.0,353.0,1935000.0,706.0
2010-03-29,348,348.0,346.0,347.0,970000.0,694.0
2010-03-30,350,351.0,347.0,349.0,800000.0,698.0
2010-03-31,349,351.0,348.0,350.0,863000.0,700.0
2010-04-01,352,355.0,349.0,354.0,1753000.0,708.0
2010-04-02,357,358.0,350.0,351.0,1091000.0,702.0
2010-04-05,354,356.0,351.0,352.0,799000.0,704.0
2010-04-06,357,363.0,355.0,362.0,2247000.0,724.0
2010-04-07,363,370.0,359.0,369.0,2059000.0,738.0
2010-04-08,365,373.0,363.0,372.0,1449000.0,744.0
2010-04-09,371,377.0,369.0,376.0,2863000.0,752.0
2010-04-12,376,377.0,374.0,376.0,972000.0,752.0
2010-04-13,377,377.0,372.0,374.0,1208000.0,748.0
2010-04-14,372,373.0,367.0,370.0,1294000.0,740.0
2010-04-15,371,374.0,369.0,373.0,586000.0,746.0
2010-04-16,370,371.0,365.0,370.0,897000.0,740.0
2010-04-19,370,372.0,366.0,371.0,1576000.0,742.0
2010-04-20,366,372.0,362.0,369.0,2383000.0,738.0
2010-04-21,369,371.0,367.0,369.0,1569000.0,738.0
2010-04-22,366,371.0,365.0,369.0,1072000.0,738.0
2010-04-23,365,369.0,365.0,368.0,940000.0,736.0
2010-04-26,370,374.0,370.0,371.0,785000.0,742.0
2010-04-27,368,372.0,368.0,368.0,797000.0,736.0
2010-04-28,365,367.0,360.0,366.0,1491000.0,732.0
2010-04-30,372,375.0,371.0,373.0,1008000.0,746.0
2010-05-06,372,372.0,360.0,365.0,1646000.0,730.0
2010-05-07,355,357.0,348.0,354.0,1483000.0,708.0
2010-05-10,354,361.0,350.0,361.0,815000.0,722.0
2010-05-11,366,367.0,357.0,360.0,1345000.0,720.0
2010-05-12,358,365.0,356.0,364.0,1741000.0,728.0
2010-05-13,370,374.0,367.0,372.0,1559000.0,744.0
2010-05-14,366,375.0,363.0,369.0,1845000.0,738.0
2010-05-17,367,369.0,364.0,366.0,1720000.0,732.0
2010-05-18,366,369.0,365.0,368.0,1552000.0,736.0
2010-05-19,362,364.0,360.0,362.0,1572000.0,724.0
2010-05-20,362,370.0,361.0,367.0,1801000.0,734.0
2010-05-21,359,363.0,353.0,355.0,2638000.0,710.0
2010-05-24,355,358.0,345.0,348.0,2080000.0,696.0
2010-05-25,343,344.0,335.0,341.0,1728000.0,682.0
2010-05-26,348,354.0,347.0,348.0,2237000.0,696.0
2010-05-27,342,349.0,340.0,347.0,908000.0,694.0
2010-05-28,351,352.0,345.0,348.0,1504000.0,696.0
2010-05-31,345,353.0,345.0,351.0,816000.0,702.0
2010-06-01,352,359.0,349.0,355.0,1491000.0,710.0
2010-06-02,347,352.0,347.0,349.0,1210000.0,698.0
2010-06-03,350,354.0,350.0,352.0,822000.0,704.0
2010-06-04,352,353.0,349.0,352.0,981000.0,704.0
2010-06-07,344,351.0,344.0,349.0,1123000.0,698.0
2010-06-08,343,347.0,342.0,345.0,768000.0,690.0
2010-06-09,337,343.0,336.0,342.0,1754000.0,684.0
2010-06-10,347,360.0,345.0,355.0,1935000.0,710.0
2010-06-11,363,373.0,359.0,372.0,5561000.0,744.0
2010-06-14,373,381.0,372.0,378.0,1908000.0,756.0
2010-06-15,376,379.0,369.0,376.0,2090000.0,752.0
2010-06-16,372,378.0,372.0,377.0,1934000.0,754.0
2010-06-17,373,381.0,373.0,380.0,1842000.0,760.0
2010-06-18,381,386.0,381.0,384.0,1879000.0,768.0
2010-06-21,385,389.0,384.0,388.0,1420000.0,776.0
2010-06-22,383,385.0,380.0,384.0,1669000.0,768.0
2010-06-23,376,381.0,376.0,378.0,1416000.0,756.0
2010-06-24,381,385.0,380.0,382.0,828000.0,764.0
2010-06-25,378,379.0,376.0,378.0,877000.0,756.0
2010-06-28,380,383.0,378.0,381.0,876000.0,762.0
2010-06-29,382,382.0,377.0,379.0,1051000.0,758.0
2010-06-30,373,379.0,372.0,374.0,1417000.0,748.0
2010-07-01,366,373.0,366.0,372.0,1160000.0,744.0
2010-07-02,374,376.0,370.0,373.0,1019000.0,746.0
2010-07-05,374,379.0,372.0,379.0,749000.0,758.0
2010-07-06,373,379.0,370.0,377.0,1053000.0,754.0
2010-07-07,379,381.0,375.0,378.0,1075000.0,756.0
2010-07-08,378,387.0,377.0,385.0,1554000.0,770.0
2010-07-09,390,390.0,380.0,386.0,2052000.0,772.0
2010-07-12,386,386.0,378.0,378.0,1168000.0,756.0
2010-07-13,380,380.0,375.0,375.0,608000.0,750.0
2010-07-14,373,374.0,366.0,372.0,2527000.0,744.0
2010-07-15,370,374.0,369.0,372.0,1355000.0,744.0
2010-07-16,367,370.0,360.0,361.0,1656000.0,722.0
2010-07-20,361,371.0,359.0,369.0,1268000.0,738.0
2010-07-21,373,375.0,367.0,370.0,840000.0,740.0
2010-07-22,370,373.0,369.0,370.0,781000.0,740.0
2010-07-23,378,379.0,372.0,374.0,631000.0,748.0
2010-07-26,377,378.0,373.0,373.0,544000.0,746.0
2010-07-27,373,376.0,370.0,372.0,755000.0,744.0
2010-07-28,380,388.0,377.0,385.0,1178000.0,770.0
2010-07-29,385,386.0,382.0,384.0,807000.0,768.0
2010-07-30,383,383.0,373.0,373.0,802000.0,746.0
2010-08-02,375,381.0,370.0,372.0,1117000.0,744.0
2010-08-03,380,384.0,378.0,383.0,1245000.0,766.0
2010-08-04,378,381.0,377.0,378.0,719000.0,756.0
2010-08-05,382,387.0,382.0,385.0,1206000.0,770.0
2010-08-06,383,387.0,381.0,385.0,651000.0,770.0
2010-08-09,382,384.0,381.0,383.0,529000.0,766.0
2010-08-10,383,386.0,381.0,382.0,478000.0,764.0
2010-08-11,377,379.0,371.0,371.0,675000.0,742.0
2010-08-12,364,369.0,361.0,367.0,881000.0,734.0
2010-08-13,365,374.0,365.0,371.0,1158000.0,742.0
2010-08-16,367,376.0,367.0,374.0,609000.0,748.0
2010-08-17,368,376.0,368.0,374.0,762000.0,748.0
2010-08-18,377,382.0,372.0,381.0,760000.0,762.0
2010-08-19,379,379.0,374.0,376.0,525000.0,752.0
2010-08-20,370,372.0,367.0,370.0,608000.0,740.0
2010-08-23,367,372.0,366.0,367.0,827000.0,734.0
2010-08-24,363,371.0,361.0,370.0,1059000.0,740.0
2010-08-25,371,371.0,365.0,367.0,1157000.0,734.0
2010-08-26,365,366.0,360.0,363.0,1185000.0,726.0
2010-08-27,361,368.0,361.0,366.0,736000.0,732.0
2010-08-30,369,372.0,366.0,369.0,996000.0,738.0
2010-08-31,362,363.0,357.0,358.0,717000.0,716.0
2010-09-01,355,357.0,351.0,355.0,865000.0,710.0
2010-09-02,357,358.0,348.0,355.0,1418000.0,710.0
2010-09-03,356,361.0,353.0,354.0,779000.0,708.0
2010-09-06,355,360.0,354.0,360.0,468000.0,720.0
2010-09-07,349,352.0,349.0,350.0,1970000.0,700.0
2010-09-08,348,354.0,347.0,350.0,1313000.0,700.0
2010-09-09,352,358.0,351.0,355.0,872000.0,710.0
2010-09-10,356,363.0,354.0,361.0,2824000.0,722.0
2010-09-13,363,368.0,360.0,362.0,1111000.0,724.0
2010-09-14,361,362.0,357.0,360.0,592000.0,720.0
2010-09-15,357,367.0,356.0,364.0,1295000.0,728.0
2010-09-16,365,366.0,357.0,359.0,1155000.0,718.0
2010-09-17,363,367.0,362.0,364.0,850000.0,728.0
2010-09-21,366,366.0,363.0,363.0,398000.0,726.0
2010-09-22,363,365.0,362.0,362.0,526000.0,724.0
2010-09-24,362,368.0,361.0,364.0,1112000.0,728.0
2010-09-27,365,366.0,362.0,366.0,769000.0,732.0
2010-09-28,362,364.0,358.0,359.0,731000.0,718.0
2010-09-29,360,364.0,358.0,363.0,1264000.0,726.0
2010-09-30,361,361.0,354.0,354.0,959000.0,708.0
2010-10-01,359,361.0,354.0,355.0,821000.0,710.0
2010-10-04,354,359.0,353.0,354.0,1009000.0,708.0
2010-10-05,355,357.0,353.0,355.0,1122000.0,710.0
2010-10-06,354,359.0,352.0,359.0,1737000.0,718.0
2010-10-07,356,360.0,356.0,359.0,1227000.0,718.0
2010-10-08,360,361.0,356.0,357.0,1460000.0,714.0
2010-10-12,360,360.0,345.0,345.0,1154000.0,690.0
2010-10-13,351,352.0,344.0,346.0,1320000.0,692.0
2010-10-14,349,353.0,345.0,350.0,714000.0,700.0
2010-10-15,353,353.0,343.0,346.0,1046000.0,692.0
2010-10-18,347,350.0,346.0,347.0,578000.0,694.0
2010-10-19,350,354.0,348.0,349.0,500000.0,698.0
2010-10-20,345,348.0,341.0,344.0,945000.0,688.0
2010-10-21,350,351.0,343.0,346.0,653000.0,692.0
2010-10-22,344,349.0,344.0,348.0,373000.0,696.0
2010-10-25,350,351.0,346.0,349.0,695000.0,698.0
2010-10-26,349,356.0,346.0,348.0,1243000.0,696.0
2010-10-27,352,359.0,349.0,352.0,1256000.0,704.0
2010-10-28,350,359.0,350.0,356.0,1051000.0,712.0
2010-10-29,353,355.0,349.0,351.0,1300000.0,702.0
2010-11-01,351,353.0,346.0,350.0,780000.0,700.0
2010-11-02,351,354.0,349.0,352.0,629000.0,704.0
2010-11-04,355,357.0,352.0,356.0,689000.0,712.0
2010-11-05,362,368.0,362.0,367.0,1150000.0,734.0
2010-11-08,369,370.0,365.0,367.0,1013000.0,734.0
2010-11-09,365,371.0,365.0,368.0,1369000.0,736.0
2010-11-10,370,376.0,369.0,373.0,921000.0,746.0
2010-11-11,374,378.0,372.0,375.0,1123000.0,750.0
2010-11-12,375,379.0,371.0,371.0,1360000.0,742.0
2010-11-15,372,375.0,371.0,374.0,668000.0,748.0
2010-11-16,371,373.0,367.0,367.0,1271000.0,734.0
2010-11-17,365,370.0,363.0,370.0,465000.0,740.0
2010-11-18,372,376.0,368.0,373.0,1380000.0,746.0
2010-11-19,373,379.0,372.0,375.0,1109000.0,750.0
2010-11-22,376,376.0,373.0,375.0,784000.0,750.0
2010-11-24,367,372.0,365.0,369.0,1233000.0,738.0
2010-11-25,371,371.0,367.0,368.0,633000.0,736.0
2010-11-26,368,371.0,367.0,368.0,876000.0,736.0
2010-11-29,367,369.0,364.0,365.0,1433000.0,730.0
2010-11-30,363,365.0,354.0,357.0,2132000.0,714.0
2010-12-01,359,362.0,357.0,360.0,976000.0,720.0
2010-12-02,366,367.0,364.0,365.0,600000.0,730.0
2010-12-03,368,371.0,365.0,365.0,926000.0,730.0
2010-12-06,365,367.0,357.0,362.0,1570000.0,724.0
2010-12-07,360,364.0,357.0,362.0,922000.0,724.0
2010-12-08,366,371.0,364.0,371.0,1306000.0,742.0
2010-12-09,376,377.0,372.0,374.0,952000.0,748.0
2010-12-10,380,381.0,371.0,373.0,4365000.0,746.0
2010-12-13,375,382.0,373.0,382.0,1313000.0,764.0
2010-12-14,379,383.0,377.0,379.0,895000.0,758.0
2010-12-15,382,382.0,374.0,377.0,1159000.0,754.0
2010-12-16,375,378.0,374.0,377.0,928000.0,754.0
2010-12-17,375,380.0,374.0,380.0,1048000.0,760.0
2010-12-20,379,380.0,377.0,379.0,745000.0,758.0
2010-12-21,377,389.0,376.0,387.0,2413000.0,774.0
2010-12-22,387,389.0,382.0,384.0,1594000.0,768.0
2010-12-24,380,382.0,378.0,378.0,750000.0,756.0
2010-12-27,380,383.0,380.0,383.0,529000.0,766.0
2010-12-28,378,381.0,377.0,378.0,687000.0,756.0
2010-12-29,378,382.0,377.0,380.0,507000.0,760.0
2010-12-30,378,380.0,375.0,375.0,768000.0,750.0
2011-01-04,377,381.0,375.0,377.0,806000.0,754.0
2011-01-05,380,383.0,375.0,378.0,1181000.0,756.0
2011-01-06,381,381.0,374.0,378.0,1267000.0,756.0
2011-01-07,378,378.0,376.0,377.0,644000.0,754.0
2011-01-11,376,379.0,375.0,377.0,574000.0,754.0
2011-01-12,379,385.0,379.0,384.0,1125000.0,768.0
2011-01-13,386,390.0,384.0,388.0,1097000.0,776.0
2011-01-14,381,388.0,381.0,386.0,1467000.0,772.0
2011-01-17,390,390.0,385.0,386.0,669000.0,772.0
2011-01-18,387,388.0,385.0,387.0,399000.0,774.0
2011-01-19,388,390.0,383.0,388.0,1109000.0,776.0
2011-01-20,388,389.0,384.0,386.0,786000.0,772.0
2011-01-21,387,393.0,384.0,384.0,1432000.0,768.0
2011-01-24,384,386.0,381.0,386.0,729000.0,772.0
2011-01-25,386,386.0,381.0,384.0,1158000.0,768.0
2011-01-26,381,383.0,381.0,381.0,633000.0,762.0
2011-01-27,384,384.0,380.0,381.0,714000.0,762.0
2011-01-28,380,381.0,375.0,376.0,649000.0,752.0
2011-01-31,373,375.0,371.0,374.0,574000.0,748.0
2011-02-01,373,376.0,370.0,376.0,873000.0,752.0
2011-02-02,378,381.0,376.0,378.0,605000.0,756.0
2011-02-03,376,380.0,372.0,379.0,713000.0,758.0
2011-02-04,381,384.0,379.0,382.0,763000.0,764.0
2011-02-07,385,385.0,380.0,385.0,669000.0,770.0
2011-02-08,385,389.0,376.0,382.0,2206000.0,764.0
2011-02-09,372,379.0,372.0,376.0,1748000.0,752.0
2011-02-10,376,390.0,375.0,387.0,1876000.0,774.0
2011-02-14,390,392.0,386.0,389.0,610000.0,778.0
2011-02-15,388,388.0,385.0,385.0,731000.0,770.0
2011-02-16,388,388.0,384.0,385.0,853000.0,770.0
2011-02-17,385,386.0,383.0,385.0,652000.0,770.0
2011-02-18,385,385.0,381.0,383.0,837000.0,766.0
2011-02-21,387,398.0,383.0,396.0,2359000.0,792.0
2011-02-22,396,396.0,390.0,393.0,1029000.0,786.0
2011-02-23,390,391.0,385.0,386.0,924000.0,772.0
2011-02-24,389,393.0,383.0,385.0,1126000.0,770.0
2011-02-25,389,389.0,385.0,387.0,715000.0,774.0
2011-02-28,383,386.0,380.0,384.0,868000.0,768.0
2011-03-01,387,388.0,383.0,388.0,1039000.0,776.0
2011-03-02,384,386.0,382.0,382.0,579000.0,764.0
2011-03-03,383,387.0,382.0,384.0,508000.0,768.0
2011-03-04,388,390.0,385.0,386.0,582000.0,772.0
2011-03-07,386,386.0,380.0,382.0,750000.0,764.0
2011-03-08,380,382.0,379.0,381.0,620000.0,762.0
2011-03-09,383,385.0,382.0,384.0,488000.0,768.0
2011-03-10,382,384.0,382.0,383.0,389000.0,766.0
2011-03-11,378,382.0,376.0,376.0,3450000.0,752.0
2011-03-14,352,371.0,350.0,354.0,1443000.0,708.0
2011-03-15,340,345.0,280.0,286.0,2430000.0,572.0
2011-03-16,288,312.0,287.0,300.0,3310000.0,600.0
2011-03-17,287,306.0,287.0,299.0,2846000.0,598.0
2011-03-18,302,317.0,301.0,308.0,2447000.0,616.0
2011-03-22,320,329.0,315.0,327.0,2839000.0,654.0
2011-03-23,335,340.0,329.0,334.0,2901000.0,668.0
2011-03-24,335,341.0,334.0,336.0,2239000.0,672.0
2011-03-25,348,356.0,345.0,355.0,3094000.0,710.0
2011-03-28,361,362.0,350.0,352.0,1605000.0,704.0
2011-03-29,345,347.0,337.0,342.0,2294000.0,684.0
2011-03-30,345,348.0,338.0,347.0,1663000.0,694.0
2011-03-31,350,357.0,346.0,355.0,1963000.0,710.0
2011-04-01,351,356.0,346.0,349.0,1545000.0,698.0
2011-04-04,349,352.0,346.0,346.0,684000.0,692.0
2011-04-05,347,353.0,346.0,348.0,893000.0,696.0
2011-04-06,350,350.0,342.0,342.0,1301000.0,684.0
2011-04-07,343,345.0,336.0,343.0,1034000.0,686.0
2011-04-08,344,351.0,339.0,349.0,1853000.0,698.0
2011-04-11,346,350.0,346.0,347.0,665000.0,694.0
2011-04-12,343,345.0,338.0,342.0,893000.0,684.0
2011-04-13,341,345.0,340.0,344.0,665000.0,688.0
2011-04-14,343,346.0,340.0,346.0,1036000.0,692.0
2011-04-15,350,350.0,344.0,346.0,1105000.0,692.0
2011-04-18,346,348.0,344.0,346.0,582000.0,692.0
2011-04-19,344,347.0,344.0,346.0,581000.0,692.0
2011-04-20,350,356.0,349.0,353.0,2120000.0,706.0
2011-04-21,356,356.0,352.0,353.0,619000.0,706.0
2011-04-22,350,352.0,347.0,348.0,1025000.0,696.0
2011-04-25,353,356.0,351.0,353.0,844000.0,706.0
2011-04-26,350,350.0,345.0,346.0,798000.0,692.0
2011-04-27,348,353.0,346.0,350.0,743000.0,700.0
2011-04-28,352,355.0,348.0,355.0,1161000.0,710.0
2011-05-02,356,360.0,354.0,359.0,574000.0,718.0
2011-05-06,355,361.0,353.0,358.0,937000.0,716.0
2011-05-09,358,360.0,355.0,356.0,739000.0,712.0
2011-05-10,356,361.0,348.0,358.0,1216000.0,716.0
2011-05-11,361,361.0,349.0,351.0,2195000.0,702.0
2011-05-12,348,349.0,346.0,347.0,1306000.0,694.0
2011-05-13,351,352.0,345.0,346.0,2322000.0,692.0
2011-05-16,343,345.0,342.0,343.0,1164000.0,686.0
2011-05-17,341,343.0,340.0,341.0,1096000.0,682.0
2011-05-18,342,348.0,342.0,346.0,901000.0,692.0
2011-05-19,347,348.0,344.0,345.0,626000.0,690.0
2011-05-20,345,347.0,343.0,344.0,822000.0,688.0
2011-05-23,342,345.0,341.0,344.0,879000.0,688.0
2011-05-24,344,347.0,343.0,345.0,686000.0,690.0
2011-05-25,345,346.0,344.0,345.0,502000.0,690.0
2011-05-26,345,348.0,345.0,346.0,720000.0,692.0
2011-05-27,344,345.0,342.0,342.0,1350000.0,684.0
2011-05-30,340,341.0,336.0,339.0,728000.0,678.0
2011-05-31,339,347.0,338.0,345.0,1024000.0,690.0
2011-06-01,344,348.0,341.0,347.0,1341000.0,694.0
2011-06-02,352,357.0,351.0,353.0,2157000.0,706.0
2011-06-03,355,358.0,354.0,355.0,2144000.0,710.0
2011-06-06,354,354.0,350.0,352.0,1751000.0,704.0
2011-06-07,352,354.0,350.0,352.0,1662000.0,704.0
2011-06-08,353,355.0,352.0,354.0,762000.0,708.0
2011-06-09,352,354.0,348.0,352.0,2401000.0,704.0
2011-06-10,352,357.0,350.0,350.0,3748000.0,700.0
2011-06-13,344,353.0,342.0,352.0,1039000.0,704.0
2011-06-14,355,358.0,351.0,353.0,825000.0,706.0
2011-06-15,349,350.0,346.0,347.0,1217000.0,694.0
2011-06-16,344,344.0,339.0,339.0,911000.0,678.0
2011-06-17,340,340.0,332.0,332.0,1749000.0,664.0
2011-06-20,333,339.0,333.0,337.0,850000.0,674.0
2011-06-21,338,341.0,338.0,340.0,641000.0,680.0
2011-06-22,340,346.0,337.0,345.0,1098000.0,690.0
2011-06-23,341,347.0,340.0,345.0,905000.0,690.0
2011-06-24,347,349.0,345.0,347.0,616000.0,694.0
2011-06-27,346,346.0,342.0,342.0,505000.0,684.0
2011-06-28,346,348.0,341.0,342.0,731000.0,684.0
2011-06-29,344,345.0,340.0,343.0,1065000.0,686.0
2011-06-30,343,345.0,342.0,343.0,959000.0,686.0
2011-07-01,345,346.0,343.0,344.0,607000.0,688.0
2011-07-04,347,348.0,344.0,345.0,923000.0,690.0
2011-07-05,347,350.0,346.0,348.0,905000.0,696.0
2011-07-06,349,351.0,347.0,350.0,732000.0,700.0
2011-07-07,355,357.0,352.0,356.0,1168000.0,712.0
2011-07-08,364,366.0,354.0,354.0,1447000.0,708.0
2011-07-11,351,354.0,350.0,351.0,565000.0,702.0
2011-07-12,348,351.0,347.0,349.0,739000.0,698.0
2011-07-13,347,352.0,347.0,351.0,466000.0,702.0
2011-07-14,350,352.0,348.0,350.0,448000.0,700.0
2011-07-15,354,354.0,350.0,352.0,618000.0,704.0
2011-07-19,350,353.0,350.0,351.0,860000.0,702.0
2011-07-20,355,355.0,349.0,351.0,770000.0,702.0
2011-07-21,352,352.0,348.0,348.0,710000.0,696.0
2011-07-22,352,355.0,351.0,353.0,601000.0,706.0
2011-07-25,352,353.0,350.0,351.0,414000.0,702.0
2011-07-26,352,353.0,348.0,352.0,983000.0,704.0
2011-07-27,350,352.0,348.0,349.0,762000.0,698.0
2011-07-28,346,346.0,342.0,343.0,640000.0,686.0
2011-07-29,342,347.0,340.0,342.0,1227000.0,684.0
2011-08-01,342,348.0,342.0,347.0,504000.0,694.0
2011-08-02,342,358.0,340.0,351.0,2983000.0,702.0
2011-08-03,354,354.0,344.0,349.0,1896000.0,698.0
2011-08-04,351,355.0,348.0,352.0,1507000.0,704.0
2011-08-05,342,345.0,338.0,339.0,1381000.0,678.0
2011-08-08,332,336.0,328.0,330.0,1019000.0,660.0
2011-08-09,319,325.0,317.0,324.0,1566000.0,648.0
2011-08-10,332,334.0,328.0,331.0,1006000.0,662.0
2011-08-11,321,334.0,321.0,334.0,1218000.0,668.0
2011-08-12,336,338.0,331.0,333.0,2369000.0,666.0
2011-08-15,337,343.0,336.0,338.0,1529000.0,676.0
2011-08-16,338,338.0,333.0,335.0,1111000.0,670.0
2011-08-17,335,338.0,333.0,336.0,684000.0,672.0
2011-08-18,336,338.0,333.0,336.0,746000.0,672.0
2011-08-19,332,337.0,332.0,334.0,851000.0,668.0
2011-08-22,334,337.0,333.0,336.0,933000.0,672.0
2011-08-23,339,343.0,339.0,343.0,1164000.0,686.0
2011-08-24,344,344.0,337.0,339.0,792000.0,678.0
2011-08-25,343,343.0,335.0,336.0,691000.0,672.0
2011-08-26,335,336.0,333.0,336.0,744000.0,672.0
2011-08-29,335,340.0,331.0,337.0,1043000.0,674.0
2011-08-30,339,341.0,335.0,338.0,1071000.0,676.0
2011-08-31,338,342.0,337.0,341.0,662000.0,682.0
2011-09-01,344,346.0,344.0,345.0,761000.0,690.0
2011-09-02,353,362.0,346.0,351.0,1939000.0,702.0
2011-09-05,348,353.0,348.0,351.0,765000.0,702.0
2011-09-06,346,353.0,346.0,348.0,1026000.0,696.0
2011-09-07,351,352.0,346.0,349.0,965000.0,698.0
2011-09-08,350,352.0,348.0,352.0,431000.0,704.0
2011-09-09,349,355.0,349.0,352.0,2744000.0,704.0
2011-09-12,349,351.0,348.0,350.0,655000.0,700.0
2011-09-13,353,354.0,351.0,354.0,664000.0,708.0
2011-09-14,352,353.0,349.0,350.0,743000.0,700.0
2011-09-15,353,356.0,352.0,354.0,558000.0,708.0
2011-09-16,355,355.0,353.0,355.0,453000.0,710.0
2011-09-20,351,356.0,350.0,353.0,574000.0,706.0
2011-09-21,350,354.0,350.0,352.0,628000.0,704.0
2011-09-22,352,356.0,351.0,355.0,1324000.0,710.0
2011-09-26,357,358.0,350.0,351.0,1222000.0,702.0
2011-09-27,353,354.0,346.0,349.0,1412000.0,698.0
2011-09-28,349,356.0,347.0,354.0,765000.0,708.0
2011-09-29,350,357.0,350.0,355.0,928000.0,710.0
2011-09-30,355,359.0,354.0,359.0,794000.0,718.0
2011-10-03,359,363.0,359.0,362.0,1173000.0,724.0
2011-10-04,359,362.0,358.0,361.0,1249000.0,722.0
2011-10-05,363,363.0,359.0,362.0,1247000.0,724.0
2011-10-06,363,372.0,360.0,362.0,1526000.0,724.0
2011-10-07,362,365.0,358.0,360.0,790000.0,720.0
2011-10-11,363,370.0,362.0,369.0,1422000.0,738.0
2011-10-12,369,369.0,363.0,364.0,494000.0,728.0
2011-10-13,362,362.0,352.0,355.0,926000.0,710.0
2011-10-14,355,358.0,354.0,357.0,1014000.0,714.0
2011-10-17,363,363.0,360.0,360.0,518000.0,720.0
2011-10-18,358,369.0,355.0,360.0,1678000.0,720.0
2011-10-19,360,360.0,353.0,355.0,1088000.0,710.0
2011-10-20,353,356.0,348.0,355.0,1424000.0,710.0
2011-10-21,357,357.0,352.0,354.0,401000.0,708.0
2011-10-24,357,358.0,354.0,356.0,678000.0,712.0
2011-10-25,355,356.0,351.0,351.0,553000.0,702.0
2011-10-26,346,348.0,342.0,345.0,796000.0,690.0
2011-10-27,348,348.0,343.0,347.0,497000.0,694.0
2011-10-28,350,352.0,346.0,349.0,900000.0,698.0
2011-10-31,349,360.0,349.0,352.0,880000.0,704.0
2011-11-01,349,352.0,346.0,346.0,895000.0,692.0
2011-11-02,342,344.0,332.0,336.0,1552000.0,672.0
2011-11-04,332,340.0,332.0,338.0,1369000.0,676.0
2011-11-07,338,342.0,337.0,340.0,834000.0,680.0
2011-11-08,341,350.0,341.0,347.0,1468000.0,694.0
2011-11-09,347,352.0,347.0,352.0,1140000.0,704.0
2011-11-10,348,353.0,348.0,348.0,1297000.0,696.0
2011-11-11,351,354.0,349.0,350.0,1429000.0,700.0
2011-11-14,353,356.0,352.0,353.0,942000.0,706.0
2011-11-15,353,353.0,351.0,353.0,493000.0,706.0
2011-11-16,355,356.0,349.0,350.0,786000.0,700.0
2011-11-17,350,350.0,344.0,349.0,1578000.0,698.0
2011-11-18,349,357.0,348.0,355.0,1397000.0,710.0
2011-11-21,356,360.0,354.0,359.0,662000.0,718.0
2011-11-22,359,362.0,358.0,360.0,735000.0,720.0
2011-11-24,358,359.0,354.0,355.0,644000.0,710.0
2011-11-25,355,356.0,352.0,353.0,637000.0,706.0
2011-11-28,354,358.0,351.0,352.0,687000.0,704.0
2011-11-29,353,357.0,351.0,357.0,725000.0,714.0
2011-11-30,357,362.0,355.0,358.0,872000.0,716.0
2011-12-01,359,362.0,356.0,359.0,1191000.0,718.0
2011-12-02,361,367.0,361.0,366.0,970000.0,732.0
2011-12-05,365,367.0,362.0,367.0,743000.0,734.0
2011-12-06,368,370.0,364.0,364.0,586000.0,728.0
2011-12-07,362,368.0,358.0,368.0,1335000.0,736.0
2011-12-08,364,367.0,363.0,366.0,552000.0,732.0
2011-12-09,358,368.0,357.0,368.0,3823000.0,736.0
2011-12-12,370,375.0,369.0,372.0,682000.0,744.0
2011-12-13,370,373.0,368.0,370.0,1023000.0,740.0
2011-12-14,368,370.0,366.0,368.0,675000.0,736.0
2011-12-15,371,371.0,364.0,367.0,676000.0,734.0
2011-12-16,369,373.0,369.0,371.0,846000.0,742.0
2011-12-19,372,372.0,366.0,367.0,886000.0,734.0
2011-12-20,367,371.0,367.0,370.0,420000.0,740.0
2011-12-21,371,374.0,371.0,374.0,593000.0,748.0
2011-12-22,372,377.0,371.0,374.0,925000.0,748.0
2011-12-26,378,380.0,375.0,378.0,472000.0,756.0
2011-12-27,376,377.0,373.0,375.0,330000.0,750.0
2011-12-28,375,376.0,373.0,374.0,599000.0,748.0
2011-12-29,372,373.0,369.0,372.0,405000.0,744.0
2011-12-30,373,375.0,370.0,373.0,507000.0,746.0
2012-01-04,376,380.0,375.0,376.0,394000.0,752.0
2012-01-05,374,375.0,372.0,373.0,446000.0,746.0
2012-01-06,373,375.0,371.0,371.0,478000.0,742.0
2012-01-10,372,375.0,370.0,372.0,466000.0,744.0
2012-01-11,374,376.0,373.0,374.0,494000.0,748.0
2012-01-12,374,377.0,374.0,377.0,694000.0,754.0
2012-01-13,380,380.0,375.0,378.0,1465000.0,756.0
2012-01-16,375,376.0,373.0,374.0,573000.0,748.0
2012-01-17,374,377.0,374.0,374.0,358000.0,748.0
2012-01-18,376,376.0,370.0,374.0,535000.0,748.0
2012-01-19,373,378.0,373.0,373.0,628000.0,746.0
2012-01-20,376,380.0,374.0,376.0,680000.0,752.0
2012-01-23,375,376.0,372.0,373.0,670000.0,746.0
2012-01-24,374,375.0,372.0,373.0,441000.0,746.0
2012-01-25,375,375.0,372.0,372.0,527000.0,744.0
2012-01-26,372,376.0,372.0,374.0,725000.0,748.0
2012-01-27,375,376.0,374.0,376.0,860000.0,752.0
2012-01-30,376,378.0,374.0,375.0,427000.0,750.0
2012-01-31,375,376.0,372.0,374.0,591000.0,748.0
2012-02-01,374,376.0,373.0,374.0,556000.0,748.0
2012-02-02,376,376.0,373.0,375.0,503000.0,750.0
2012-02-03,373,375.0,372.0,373.0,553000.0,746.0
2012-02-06,374,374.0,371.0,372.0,306000.0,744.0
2012-02-07,373,374.0,368.0,373.0,933000.0,746.0
2012-02-08,369,369.0,363.0,368.0,1495000.0,736.0
2012-02-09,368,368.0,365.0,367.0,1143000.0,734.0
2012-02-10,367,370.0,365.0,367.0,1498000.0,734.0
2012-02-13,369,376.0,368.0,374.0,1476000.0,748.0
2012-02-14,374,377.0,371.0,375.0,876000.0,750.0
2012-02-15,376,382.0,375.0,381.0,1588000.0,762.0
2012-02-16,381,384.0,377.0,378.0,1181000.0,756.0
2012-02-17,380,381.0,377.0,377.0,1198000.0,754.0
2012-02-20,380,382.0,379.0,382.0,997000.0,764.0
2012-02-21,381,385.0,378.0,380.0,1054000.0,760.0
2012-02-22,381,389.0,380.0,387.0,1106000.0,774.0
2012-02-23,389,390.0,384.0,387.0,1164000.0,774.0
2012-02-24,386,387.0,381.0,384.0,983000.0,768.0
2012-02-27,387,387.0,381.0,383.0,1086000.0,766.0
2012-02-28,382,388.0,379.0,388.0,825000.0,776.0
2012-02-29,387,392.0,383.0,383.0,957000.0,766.0
2012-03-01,386,392.0,385.0,391.0,960000.0,782.0
2012-03-02,394,401.0,389.0,399.0,1726000.0,798.0
2012-03-05,400,403.0,392.0,394.0,995000.0,788.0
2012-03-06,394,396.0,392.0,395.0,721000.0,790.0
2012-03-07,392,397.0,392.0,396.0,642000.0,792.0
2012-03-08,395,401.0,394.0,401.0,938000.0,802.0
2012-03-09,402,402.0,396.0,396.0,4132000.0,792.0
2012-03-12,400,400.0,396.0,396.0,934000.0,792.0
2012-03-13,397,400.0,393.0,395.0,1147000.0,790.0
2012-03-14,402,402.0,397.0,397.0,649000.0,794.0
2012-03-15,400,402.0,398.0,399.0,683000.0,798.0
2012-03-16,398,402.0,393.0,393.0,861000.0,786.0
2012-03-19,391,393.0,390.0,391.0,759000.0,782.0
2012-03-21,390,397.0,388.0,397.0,1002000.0,794.0
2012-03-22,392,397.0,392.0,396.0,514000.0,792.0
2012-03-23,394,395.0,392.0,393.0,631000.0,786.0
2012-03-26,393,393.0,388.0,389.0,817000.0,778.0
2012-03-27,392,400.0,391.0,398.0,1043000.0,796.0
2012-03-28,395,395.0,388.0,390.0,695000.0,780.0
2012-03-29,389,391.0,385.0,386.0,1009000.0,772.0
2012-03-30,386,391.0,386.0,388.0,965000.0,776.0
2012-04-02,387,387.0,383.0,383.0,1004000.0,766.0
2012-04-03,382,384.0,379.0,383.0,619000.0,766.0
2012-04-04,384,384.0,375.0,375.0,810000.0,750.0
2012-04-05,375,376.0,370.0,371.0,776000.0,742.0
2012-04-06,375,375.0,369.0,373.0,973000.0,746.0
2012-04-09,369,370.0,366.0,367.0,738000.0,734.0
2012-04-10,369,373.0,364.0,372.0,857000.0,744.0
2012-04-11,370,373.0,364.0,366.0,807000.0,732.0
2012-04-12,366,369.0,366.0,367.0,678000.0,734.0
2012-04-13,368,371.0,366.0,368.0,2605000.0,736.0
2012-04-16,365,372.0,365.0,371.0,735000.0,742.0
2012-04-17,369,372.0,366.0,371.0,773000.0,742.0
2012-04-18,372,374.0,370.0,374.0,652000.0,748.0
2012-04-19,372,373.0,361.0,364.0,1103000.0,728.0
2012-04-20,366,367.0,365.0,365.0,583000.0,730.0
2012-04-23,366,368.0,363.0,367.0,376000.0,734.0
2012-04-24,364,365.0,361.0,363.0,574000.0,726.0
2012-04-25,366,367.0,363.0,367.0,782000.0,734.0
2012-04-26,370,375.0,368.0,369.0,922000.0,738.0
2012-04-27,368,371.0,361.0,364.0,1238000.0,728.0
2012-05-01,363,365.0,361.0,363.0,445000.0,726.0
2012-05-02,364,365.0,358.0,363.0,730000.0,726.0
2012-05-07,355,359.0,355.0,358.0,675000.0,716.0
2012-05-08,358,368.0,355.0,368.0,1830000.0,736.0
2012-05-09,366,369.0,361.0,367.0,1116000.0,734.0
2012-05-10,361,362.0,356.0,359.0,765000.0,718.0
2012-05-11,358,361.0,351.0,351.0,1515000.0,702.0
2012-05-14,353,355.0,345.0,346.0,764000.0,692.0
2012-05-15,347,353.0,346.0,351.0,747000.0,702.0
2012-05-16,351,355.0,347.0,354.0,1084000.0,708.0
2012-05-17,354,358.0,349.0,351.0,1246000.0,702.0
2012-05-18,344,348.0,342.0,346.0,944000.0,692.0
2012-05-21,347,355.0,347.0,355.0,1189000.0,710.0
2012-05-22,354,358.0,352.0,356.0,1375000.0,712.0
2012-05-23,359,360.0,352.0,354.0,1251000.0,708.0
2012-05-24,355,359.0,354.0,358.0,968000.0,716.0
2012-05-25,360,360.0,353.0,358.0,714000.0,716.0
2012-05-28,361,365.0,358.0,358.0,912000.0,716.0
2012-05-29,356,357.0,351.0,353.0,887000.0,706.0
2012-05-30,350,353.0,347.0,349.0,978000.0,698.0
2012-05-31,346,351.0,342.0,350.0,1182000.0,700.0
2012-06-01,347,352.0,346.0,351.0,787000.0,702.0
2012-06-04,344,356.0,343.0,356.0,1104000.0,712.0
2012-06-05,355,363.0,354.0,360.0,1041000.0,720.0
2012-06-06,362,365.0,357.0,362.0,1343000.0,724.0
2012-06-07,363,366.0,359.0,364.0,801000.0,728.0
2012-06-08,364,364.0,356.0,360.0,2890000.0,720.0
2012-06-11,364,367.0,361.0,363.0,747000.0,726.0
2012-06-12,361,369.0,359.0,365.0,2013000.0,730.0
2012-06-13,365,373.0,364.0,370.0,1180000.0,740.0
2012-06-14,368,374.0,367.0,371.0,1127000.0,742.0
2012-06-15,371,374.0,370.0,373.0,933000.0,746.0
2012-06-18,377,377.0,373.0,376.0,618000.0,752.0
2012-06-19,376,378.0,373.0,376.0,981000.0,752.0
2012-06-20,377,378.0,374.0,375.0,1079000.0,750.0
2012-06-21,374,379.0,373.0,378.0,843000.0,756.0
2012-06-22,375,382.0,374.0,377.0,652000.0,754.0
2012-06-25,379,381.0,378.0,379.0,458000.0,758.0
2012-06-26,377,378.0,373.0,377.0,564000.0,754.0
2012-06-27,376,382.0,375.0,382.0,557000.0,764.0
2012-06-28,382,388.0,382.0,384.0,816000.0,768.0
2012-06-29,381,393.0,380.0,391.0,971000.0,782.0
2012-07-02,390,392.0,386.0,390.0,444000.0,780.0
2012-07-03,391,393.0,390.0,393.0,563000.0,786.0
2012-07-04,393,397.0,391.0,395.0,553000.0,790.0
2012-07-05,394,397.0,391.0,393.0,754000.0,786.0
2012-07-06,393,398.0,392.0,395.0,794000.0,790.0
2012-07-09,393,398.0,393.0,396.0,805000.0,792.0
2012-07-10,396,400.0,394.0,397.0,660000.0,794.0
2012-07-11,396,399.0,395.0,399.0,771000.0,798.0
2012-07-12,399,399.0,395.0,396.0,1009000.0,792.0
2012-07-13,392,394.0,388.0,389.0,1753000.0,778.0
2012-07-17,391,394.0,388.0,394.0,867000.0,788.0
2012-07-18,394,396.0,391.0,393.0,857000.0,786.0
2012-07-19,394,395.0,392.0,394.0,697000.0,788.0
2012-07-20,395,396.0,390.0,390.0,638000.0,780.0
2012-07-23,390,390.0,386.0,386.0,616000.0,772.0
2012-07-24,387,389.0,384.0,387.0,833000.0,774.0
2012-07-25,385,388.0,385.0,388.0,725000.0,776.0
2012-07-26,389,389.0,381.0,387.0,793000.0,774.0
2012-07-27,388,392.0,386.0,390.0,519000.0,780.0
2012-07-30,391,398.0,391.0,398.0,586000.0,796.0
2012-07-31,397,400.0,394.0,398.0,652000.0,796.0
2012-08-01,395,398.0,392.0,397.0,539000.0,794.0
2012-08-02,396,397.0,393.0,393.0,555000.0,786.0
2012-08-03,389,392.0,387.0,390.0,668000.0,780.0
2012-08-06,393,398.0,392.0,397.0,526000.0,794.0
2012-08-07,397,399.0,395.0,397.0,526000.0,794.0
2012-08-08,399,409.0,397.0,409.0,1176000.0,818.0
2012-08-09,408,413.0,404.0,412.0,976000.0,824.0
2012-08-10,410,411.0,406.0,408.0,662000.0,816.0
2012-08-13,408,409.0,405.0,408.0,442000.0,816.0
2012-08-14,409,420.0,409.0,420.0,612000.0,840.0
2012-08-15,419,419.0,412.0,413.0,792000.0,826.0
2012-08-16,416,422.0,416.0,420.0,960000.0,840.0
2012-08-17,419,422.0,415.0,418.0,590000.0,836.0
2012-08-20,419,423.0,416.0,422.0,660000.0,844.0
2012-08-21,421,421.0,417.0,419.0,395000.0,838.0
2012-08-22,418,418.0,412.0,416.0,591000.0,832.0
2012-08-23,415,420.0,413.0,418.0,914000.0,836.0
2012-08-24,413,416.0,411.0,415.0,520000.0,830.0
2012-08-27,419,419.0,414.0,416.0,574000.0,832.0
2012-08-28,418,420.0,414.0,416.0,943000.0,832.0
2012-08-29,417,418.0,407.0,414.0,865000.0,828.0
2012-08-30,414,414.0,410.0,412.0,492000.0,824.0
2012-08-31,409,418.0,409.0,411.0,682000.0,822.0
2012-09-03,409,415.0,408.0,408.0,957000.0,816.0
2012-09-04,407,411.0,405.0,405.0,757000.0,810.0
2012-09-05,405,410.0,403.0,406.0,703000.0,812.0
2012-09-06,408,408.0,399.0,401.0,728000.0,802.0
2012-09-07,406,407.0,401.0,401.0,539000.0,802.0
2012-09-10,400,403.0,399.0,400.0,341000.0,800.0
2012-09-11,398,401.0,395.0,398.0,467000.0,796.0
2012-09-12,400,409.0,398.0,407.0,649000.0,814.0
2012-09-13,405,408.0,403.0,406.0,453000.0,812.0
2012-09-14,409,413.0,404.0,406.0,2270000.0,812.0
2012-09-18,407,408.0,406.0,406.0,496000.0,812.0
2012-09-19,409,415.0,407.0,411.0,635000.0,822.0
2012-09-20,410,419.0,410.0,415.0,1328000.0,830.0
2012-09-21,415,420.0,413.0,416.0,806000.0,832.0
2012-09-24,415,424.0,414.0,422.0,1022000.0,844.0
2012-09-25,425,433.0,425.0,431.0,949000.0,862.0
2012-09-26,426,428.0,423.0,423.0,546000.0,846.0
2012-09-27,423,429.0,423.0,428.0,422000.0,856.0
2012-09-28,430,432.0,425.0,427.0,717000.0,854.0
2012-10-01,424,424.0,421.0,423.0,407000.0,846.0
2012-10-02,423,423.0,417.0,420.0,562000.0,840.0
2012-10-03,418,419.0,414.0,416.0,493000.0,832.0
2012-10-04,418,422.0,416.0,418.0,472000.0,836.0
2012-10-05,421,430.0,421.0,430.0,868000.0,860.0
2012-10-09,432,435.0,428.0,429.0,722000.0,858.0
2012-10-10,426,428.0,425.0,425.0,439000.0,850.0
2012-10-11,421,422.0,416.0,417.0,571000.0,834.0
2012-10-12,422,433.0,420.0,430.0,1697000.0,860.0
2012-10-15,427,431.0,426.0,430.0,709000.0,860.0
2012-10-16,430,434.0,428.0,433.0,625000.0,866.0
2012-10-17,434,444.0,432.0,440.0,749000.0,880.0
2012-10-18,442,448.0,441.0,447.0,691000.0,894.0
2012-10-19,448,449.0,444.0,446.0,769000.0,892.0
2012-10-22,443,447.0,443.0,443.0,610000.0,886.0
2012-10-23,445,446.0,443.0,444.0,481000.0,888.0
2012-10-24,439,444.0,439.0,441.0,484000.0,882.0
2012-10-25,445,450.0,442.0,450.0,696000.0,900.0
2012-10-26,451,454.0,446.0,446.0,773000.0,892.0
2012-10-29,446,453.0,446.0,452.0,654000.0,904.0
2012-10-30,451,452.0,445.0,445.0,795000.0,890.0
2012-10-31,445,446.0,440.0,440.0,630000.0,880.0
2012-11-01,440,447.0,437.0,444.0,590000.0,888.0
2012-11-02,447,450.0,445.0,449.0,458000.0,898.0
2012-11-05,447,450.0,445.0,446.0,383000.0,892.0
2012-11-06,445,449.0,437.0,439.0,983000.0,878.0
2012-11-07,438,438.0,424.0,430.0,1292000.0,860.0
2012-11-08,426,427.0,415.0,416.0,1247000.0,832.0
2012-11-09,411,418.0,411.0,415.0,842000.0,830.0
2012-11-12,411,418.0,410.0,414.0,822000.0,828.0
2012-11-13,415,415.0,408.0,415.0,1053000.0,830.0
2012-11-14,416,421.0,414.0,420.0,917000.0,840.0
2012-11-15,420,420.0,416.0,417.0,638000.0,834.0
2012-11-16,417,421.0,414.0,421.0,791000.0,842.0
2012-11-19,427,428.0,424.0,426.0,529000.0,852.0
2012-11-20,429,429.0,423.0,425.0,595000.0,850.0
2012-11-21,433,435.0,427.0,435.0,1147000.0,870.0
2012-11-22,441,442.0,430.0,434.0,918000.0,868.0
2012-11-26,437,442.0,435.0,439.0,848000.0,878.0
2012-11-27,440,442.0,439.0,440.0,607000.0,880.0
2012-11-28,438,440.0,436.0,436.0,593000.0,872.0
2012-11-29,438,443.0,435.0,442.0,723000.0,884.0
2012-11-30,443,449.0,441.0,447.0,1240000.0,894.0
2012-12-03,446,446.0,442.0,445.0,507000.0,890.0
2012-12-04,442,446.0,440.0,443.0,624000.0,886.0
2012-12-05,440,445.0,439.0,443.0,759000.0,886.0
2012-12-06,443,447.0,440.0,446.0,1005000.0,892.0
2012-12-07,444,446.0,438.0,439.0,614000.0,878.0
2012-12-10,439,443.0,436.0,441.0,682000.0,882.0
2012-12-11,439,439.0,436.0,437.0,555000.0,874.0
2012-12-12,438,438.0,430.0,435.0,675000.0,870.0
2012-12-13,438,440.0,434.0,439.0,849000.0,878.0
2012-12-14,439,441.0,437.0,439.0,2885000.0,878.0
2012-12-17,445,445.0,440.0,442.0,806000.0,884.0
2012-12-18,443,444.0,439.0,443.0,768000.0,886.0
2012-12-19,445,450.0,443.0,450.0,1128000.0,900.0
2012-12-20,447,450.0,445.0,447.0,1189000.0,894.0
2012-12-21,448,449.0,442.0,443.0,870000.0,886.0
2012-12-25,450,452.0,446.0,450.0,922000.0,900.0
2012-12-26,451,453.0,445.0,452.0,732000.0,904.0
2012-12-27,449,454.0,448.0,453.0,751000.0,906.0
2012-12-28,450,454.0,448.0,450.0,811000.0,900.0
2013-01-04,464,470.0,460.0,470.0,973000.0,940.0
2013-01-07,467,469.0,461.0,462.0,769000.0,924.0
2013-01-08,461,468.0,459.0,461.0,792000.0,922.0
2013-01-09,454,464.0,454.0,462.0,866000.0,924.0
2013-01-10,462,465.0,459.0,464.0,716000.0,928.0
2013-01-11,465,468.0,463.0,465.0,1467000.0,930.0
2013-01-15,463,467.0,460.0,462.0,1024000.0,924.0
2013-01-16,461,462.0,456.0,456.0,1096000.0,912.0
2013-01-17,455,456.0,444.0,451.0,1411000.0,902.0
2013-01-18,454,458.0,452.0,456.0,1246000.0,912.0
2013-01-21,458,459.0,453.0,454.0,791000.0,908.0
2013-01-22,454,455.0,438.0,445.0,1725000.0,890.0
2013-01-23,442,445.0,437.0,439.0,1225000.0,878.0
2013-01-24,433,442.0,432.0,441.0,1106000.0,882.0
2013-01-25,449,453.0,440.0,447.0,1595000.0,894.0
2013-01-28,453,453.0,441.0,442.0,999000.0,884.0
2013-01-29,441,456.0,439.0,455.0,1731000.0,910.0
2013-01-30,458,462.0,453.0,459.0,873000.0,918.0
2013-01-31,452,455.0,447.0,454.0,1179000.0,908.0
2013-02-01,456,458.0,452.0,454.0,900000.0,908.0
2013-02-04,452,454.0,446.0,447.0,713000.0,894.0
2013-02-05,443,489.0,441.0,475.0,6016000.0,950.0
2013-02-06,480,493.0,472.0,482.0,4376000.0,964.0
2013-02-07,480,485.0,475.0,479.0,1841000.0,958.0
2013-02-08,468,476.0,464.0,464.0,2659000.0,928.0
2013-02-12,472,473.0,466.0,467.0,1283000.0,934.0
2013-02-13,467,468.0,459.0,463.0,1068000.0,926.0
2013-02-14,461,466.0,458.0,461.0,1014000.0,922.0
2013-02-15,458,465.0,457.0,462.0,1924000.0,924.0
2013-02-18,471,488.0,470.0,480.0,2923000.0,960.0
2013-02-19,476,486.0,476.0,478.0,1459000.0,956.0
2013-02-20,479,483.0,474.0,481.0,985000.0,962.0
2013-02-21,476,480.0,471.0,471.0,936000.0,942.0
2013-02-22,469,479.0,467.0,478.0,1451000.0,956.0
2013-02-25,486,504.0,484.0,500.0,3021000.0,1000.0
2013-02-26,492,510.0,486.0,498.0,2923000.0,996.0
2013-02-27,505,505.0,492.0,499.0,1278000.0,998.0
2013-02-28,507,522.0,506.0,522.0,2266000.0,1044.0
2013-03-01,518,533.0,514.0,531.0,1920000.0,1062.0
2013-03-04,537,543.0,527.0,529.0,1701000.0,1058.0
2013-03-05,535,538.0,529.0,531.0,1262000.0,1062.0
2013-03-06,530,532.0,522.0,525.0,1624000.0,1050.0
2013-03-07,526,530.0,516.0,518.0,2086000.0,1036.0
2013-03-08,520,539.0,520.0,533.0,5249000.0,1066.0
2013-03-11,532,538.0,528.0,531.0,1311000.0,1062.0
2013-03-12,536,537.0,525.0,527.0,1311000.0,1054.0
2013-03-13,527,531.0,525.0,528.0,994000.0,1056.0
2013-03-14,534,535.0,526.0,533.0,1116000.0,1066.0
2013-03-15,538,545.0,537.0,540.0,1937000.0,1080.0
2013-03-18,540,543.0,534.0,535.0,1402000.0,1070.0
2013-03-19,541,543.0,534.0,538.0,1195000.0,1076.0
2013-03-21,535,541.0,533.0,541.0,1040000.0,1082.0
2013-03-22,539,542.0,533.0,534.0,1034000.0,1068.0
2013-03-25,542,560.0,542.0,557.0,2173000.0,1114.0
2013-03-26,555,562.0,549.0,556.0,1514000.0,1112.0
2013-03-27,550,561.0,548.0,559.0,958000.0,1118.0
2013-03-28,560,569.0,553.0,562.0,2401000.0,1124.0
2013-03-29,562,566.0,557.0,561.0,1348000.0,1122.0
2013-04-01,558,558.0,525.0,526.0,2137000.0,1052.0
2013-04-02,518,518.0,495.0,504.0,2336000.0,1008.0
2013-04-03,513,525.0,513.0,519.0,1881000.0,1038.0
2013-04-04,515,539.0,510.0,539.0,1880000.0,1078.0
2013-04-05,554,556.0,539.0,544.0,2111000.0,1088.0
2013-04-08,566,578.0,566.0,575.0,2855000.0,1150.0
2013-04-09,585,598.0,579.0,582.0,2696000.0,1164.0
2013-04-10,575,586.0,564.0,566.0,2531000.0,1132.0
2013-04-11,574,588.0,569.0,586.0,2355000.0,1172.0
2013-04-12,592,592.0,577.0,578.0,2862000.0,1156.0
2013-04-15,570,578.0,567.0,571.0,1048000.0,1142.0
2013-04-16,566,583.0,561.0,576.0,1483000.0,1152.0
2013-04-17,573,581.0,570.0,575.0,1278000.0,1150.0
2013-04-18,577,585.0,572.0,578.0,1136000.0,1156.0
2013-04-19,575,576.0,565.0,569.0,1152000.0,1138.0
2013-04-22,575,580.0,567.0,569.0,1376000.0,1138.0
2013-04-23,568,581.0,565.0,579.0,1620000.0,1158.0
2013-04-24,581,590.0,575.0,590.0,909000.0,1180.0
2013-04-25,590,590.0,572.0,584.0,1968000.0,1168.0
2013-04-26,584,585.0,568.0,569.0,1273000.0,1138.0
2013-04-30,568,580.0,566.0,573.0,1134000.0,1146.0
2013-05-01,578,580.0,567.0,571.0,1043000.0,1142.0
2013-05-02,567,573.0,559.0,568.0,1251000.0,1136.0
2013-05-07,585,602.0,577.0,584.0,2925000.0,1168.0
2013-05-08,570,584.0,566.0,572.0,2114000.0,1144.0
2013-05-09,570,570.0,554.0,555.0,1705000.0,1110.0
2013-05-10,567,569.0,560.0,565.0,1602000.0,1130.0
2013-05-13,565,568.0,556.0,558.0,1275000.0,1116.0
2013-05-14,557,559.0,553.0,556.0,1144000.0,1112.0
2013-05-15,559,563.0,553.0,556.0,1191000.0,1112.0
2013-05-16,558,562.0,551.0,561.0,1631000.0,1122.0
2013-05-17,553,565.0,551.0,564.0,1168000.0,1128.0
2013-05-20,569,569.0,561.0,563.0,1278000.0,1126.0
2013-05-21,560,563.0,557.0,562.0,910000.0,1124.0
2013-05-22,565,571.0,564.0,570.0,1241000.0,1140.0
2013-05-23,572,579.0,527.0,527.0,3410000.0,1054.0
2013-05-24,529,545.0,515.0,536.0,2287000.0,1072.0
2013-05-27,537,545.0,521.0,524.0,1192000.0,1048.0
2013-05-28,518,530.0,517.0,525.0,1087000.0,1050.0
2013-05-29,526,534.0,523.0,525.0,1338000.0,1050.0
2013-05-30,516,525.0,494.0,495.0,1585000.0,990.0
2013-05-31,509,512.0,499.0,504.0,1410000.0,1008.0
2013-06-03,498,514.0,492.0,507.0,2180000.0,1014.0
2013-06-04,507,513.0,494.0,508.0,1672000.0,1016.0
2013-06-05,508,517.0,492.0,492.0,1631000.0,984.0
2013-06-06,488,500.0,485.0,490.0,1290000.0,980.0
2013-06-07,482,489.0,473.0,483.0,1393000.0,966.0
2013-06-10,494,498.0,486.0,497.0,996000.0,994.0
2013-06-11,497,498.0,483.0,484.0,860000.0,968.0
2013-06-12,480,490.0,471.0,481.0,696000.0,962.0
2013-06-13,467,468.0,443.0,443.0,1800000.0,886.0
2013-06-14,453,474.0,453.0,463.0,3097000.0,926.0
2013-06-17,462,487.0,462.0,486.0,1073000.0,972.0
2013-06-18,492,499.0,483.0,488.0,1739000.0,976.0
2013-06-19,493,497.0,480.0,491.0,756000.0,982.0
2013-06-20,483,488.0,477.0,480.0,928000.0,960.0
2013-06-21,475,492.0,467.0,490.0,1061000.0,980.0
2013-06-24,500,501.0,489.0,491.0,637000.0,982.0
2013-06-25,499,515.0,490.0,498.0,1542000.0,996.0
2013-06-26,498,500.0,481.0,482.0,674000.0,964.0
2013-06-27,482,499.0,482.0,499.0,768000.0,998.0
2013-06-28,499,515.0,494.0,514.0,1010000.0,1028.0
2013-07-01,514,519.0,505.0,510.0,979000.0,1020.0
2013-07-02,518,518.0,506.0,508.0,881000.0,1016.0
2013-07-03,512,514.0,502.0,506.0,1385000.0,1012.0
2013-07-04,505,521.0,500.0,516.0,813000.0,1032.0
2013-07-05,516,527.0,516.0,527.0,912000.0,1054.0
2013-07-08,530,531.0,516.0,516.0,963000.0,1032.0
2013-07-09,517,533.0,517.0,528.0,887000.0,1056.0
2013-07-10,525,530.0,521.0,524.0,827000.0,1048.0
2013-07-11,520,523.0,514.0,521.0,749000.0,1042.0
2013-07-12,526,544.0,525.0,541.0,1919000.0,1082.0
2013-07-16,549,549.0,535.0,540.0,872000.0,1080.0
2013-07-17,534,547.0,534.0,545.0,785000.0,1090.0
2013-07-18,545,557.0,543.0,556.0,909000.0,1112.0
2013-07-19,558,559.0,543.0,544.0,1107000.0,1088.0
2013-07-22,551,558.0,546.0,557.0,1019000.0,1114.0
2013-07-23,551,564.0,547.0,562.0,856000.0,1124.0
2013-07-24,558,558.0,544.0,551.0,720000.0,1102.0
2013-07-25,552,554.0,543.0,546.0,568000.0,1092.0
2013-07-26,540,541.0,533.0,538.0,592000.0,1076.0
2013-07-29,529,531.0,522.0,522.0,700000.0,1044.0
2013-07-30,514,522.0,491.0,500.0,2487000.0,1000.0
2013-07-31,492,494.0,471.0,472.0,1987000.0,944.0
2013-08-01,476,489.0,473.0,488.0,1176000.0,976.0
2013-08-02,487,496.0,482.0,496.0,941000.0,992.0
2013-08-05,491,506.0,491.0,500.0,1117000.0,1000.0
2013-08-06,504,516.0,501.0,516.0,1682000.0,1032.0
2013-08-07,512,512.0,490.0,490.0,1009000.0,980.0
2013-08-08,494,505.0,487.0,489.0,931000.0,978.0
2013-08-09,499,509.0,498.0,504.0,1641000.0,1008.0
2013-08-12,501,506.0,497.0,500.0,580000.0,1000.0
2013-08-13,506,518.0,503.0,518.0,690000.0,1036.0
2013-08-14,517,517.0,501.0,510.0,1338000.0,1020.0
2013-08-15,502,505.0,491.0,494.0,1238000.0,988.0
2013-08-16,490,495.0,485.0,490.0,715000.0,980.0
2013-08-19,494,497.0,490.0,496.0,562000.0,992.0
2013-08-20,496,498.0,487.0,487.0,708000.0,974.0
2013-08-21,490,491.0,479.0,485.0,899000.0,970.0
2013-08-22,480,485.0,477.0,483.0,582000.0,966.0
2013-08-23,489,490.0,483.0,487.0,682000.0,974.0
2013-08-26,490,490.0,478.0,481.0,679000.0,962.0
2013-08-27,483,486.0,478.0,479.0,821000.0,958.0
2013-08-28,471,474.0,465.0,471.0,783000.0,942.0
2013-08-29,475,478.0,470.0,475.0,1002000.0,950.0
2013-08-30,478,481.0,469.0,473.0,977000.0,946.0
2013-09-02,477,484.0,472.0,479.0,997000.0,958.0
2013-09-03,483,493.0,483.0,493.0,915000.0,986.0
2013-09-04,487,492.0,485.0,492.0,668000.0,984.0
2013-09-05,498,498.0,490.0,492.0,781000.0,984.0
2013-09-06,497,497.0,479.0,482.0,865000.0,964.0
2013-09-09,499,499.0,492.0,498.0,630000.0,996.0
2013-09-10,505,512.0,500.0,511.0,1266000.0,1022.0
2013-09-11,518,531.0,516.0,527.0,2012000.0,1054.0
2013-09-12,527,528.0,519.0,526.0,1077000.0,1052.0
2013-09-13,517,523.0,507.0,514.0,2667000.0,1028.0
2013-09-17,517,520.0,507.0,509.0,625000.0,1018.0
2013-09-18,511,518.0,508.0,512.0,775000.0,1024.0
2013-09-19,522,528.0,518.0,527.0,1264000.0,1054.0
2013-09-20,534,536.0,527.0,530.0,1522000.0,1060.0
2013-09-24,536,547.0,535.0,542.0,1335000.0,1084.0
2013-09-25,548,548.0,542.0,544.0,1271000.0,1088.0
2013-09-26,540,547.0,522.0,547.0,1528000.0,1094.0
2013-09-27,548,548.0,533.0,538.0,1228000.0,1076.0
2013-09-30,539,539.0,530.0,534.0,647000.0,1068.0
2013-10-01,535,538.0,530.0,533.0,521000.0,1066.0
2013-10-02,536,539.0,520.0,524.0,1474000.0,1048.0
2013-10-03,522,524.0,509.0,510.0,1202000.0,1020.0
2013-10-04,506,509.0,502.0,505.0,884000.0,1010.0
2013-10-07,508,513.0,504.0,504.0,811000.0,1008.0
2013-10-08,497,498.0,489.0,493.0,1562000.0,986.0
2013-10-09,494,503.0,492.0,503.0,1114000.0,1006.0
2013-10-10,499,515.0,498.0,514.0,1073000.0,1028.0
2013-10-11,522,527.0,514.0,517.0,1885000.0,1034.0
2013-10-15,517,519.0,509.0,516.0,1157000.0,1032.0
2013-10-16,518,521.0,515.0,518.0,607000.0,1036.0
2013-10-17,524,524.0,520.0,524.0,656000.0,1048.0
2013-10-18,522,523.0,514.0,520.0,1180000.0,1040.0
2013-10-21,521,534.0,516.0,530.0,923000.0,1060.0
2013-10-22,528,534.0,526.0,532.0,608000.0,1064.0
2013-10-23,532,537.0,522.0,522.0,850000.0,1044.0
2013-10-24,522,527.0,517.0,526.0,467000.0,1052.0
2013-10-25,527,527.0,506.0,507.0,1044000.0,1014.0
2013-10-28,512,514.0,506.0,512.0,618000.0,1024.0
2013-10-29,506,531.0,500.0,528.0,1597000.0,1056.0
2013-10-30,520,530.0,514.0,524.0,1353000.0,1048.0
2013-10-31,523,525.0,505.0,506.0,1087000.0,1012.0
2013-11-01,509,513.0,500.0,503.0,948000.0,1006.0
2013-11-05,500,503.0,491.0,492.0,1238000.0,984.0
2013-11-06,492,504.0,490.0,496.0,1135000.0,992.0
2013-11-07,498,507.0,498.0,503.0,906000.0,1006.0
2013-11-08,494,497.0,487.0,492.0,1038000.0,984.0
2013-11-11,500,503.0,498.0,502.0,616000.0,1004.0
2013-11-12,500,518.0,500.0,516.0,1000000.0,1032.0
2013-11-13,516,521.0,510.0,520.0,689000.0,1040.0
2013-11-14,518,531.0,512.0,525.0,1360000.0,1050.0
2013-11-15,532,545.0,528.0,543.0,1585000.0,1086.0
2013-11-18,544,544.0,533.0,535.0,1137000.0,1070.0
2013-11-19,535,539.0,520.0,527.0,1590000.0,1054.0
2013-11-20,527,533.0,526.0,527.0,806000.0,1054.0
2013-11-21,534,538.0,527.0,535.0,789000.0,1070.0
2013-11-22,538,538.0,528.0,532.0,835000.0,1064.0
2013-11-25,539,552.0,537.0,545.0,1348000.0,1090.0
2013-11-26,535,539.0,530.0,531.0,857000.0,1062.0
2013-11-27,525,532.0,524.0,528.0,755000.0,1056.0
2013-11-28,527,537.0,527.0,535.0,830000.0,1070.0
2013-11-29,537,543.0,534.0,542.0,1478000.0,1084.0
2013-12-02,538,541.0,532.0,536.0,1067000.0,1072.0
2013-12-03,535,536.0,516.0,522.0,2532000.0,1044.0
2013-12-04,516,520.0,510.0,515.0,978000.0,1030.0
2013-12-05,518,518.0,502.0,504.0,1171000.0,1008.0
2013-12-06,503,509.0,496.0,507.0,1183000.0,1014.0
2013-12-09,513,515.0,509.0,515.0,857000.0,1030.0
2013-12-10,517,520.0,512.0,517.0,815000.0,1034.0
2013-12-11,518,519.0,508.0,511.0,582000.0,1022.0
2013-12-12,503,509.0,503.0,507.0,705000.0,1014.0
2013-12-13,504,516.0,503.0,510.0,2769000.0,1020.0
2013-12-16,513,513.0,504.0,504.0,470000.0,1008.0
2013-12-17,509,515.0,508.0,513.0,924000.0,1026.0
2013-12-18,516,526.0,515.0,523.0,1433000.0,1046.0
2013-12-19,529,532.0,526.0,527.0,1302000.0,1054.0
2013-12-20,522,527.0,518.0,526.0,1238000.0,1052.0
2013-12-24,526,532.0,523.0,527.0,1028000.0,1054.0
2013-12-25,523,526.0,519.0,522.0,772000.0,1044.0
2013-12-26,526,530.0,522.0,529.0,577000.0,1058.0
2013-12-27,532,534.0,526.0,531.0,664000.0,1062.0
2013-12-30,536,538.0,531.0,536.0,717000.0,1072.0
2014-01-06,526,534.0,520.0,522.0,1179000.0,1044.0
2014-01-07,514,520.0,503.0,504.0,2084000.0,1008.0
2014-01-08,513,515.0,505.0,509.0,1561000.0,1018.0
2014-01-09,506,508.0,497.0,503.0,2020000.0,1006.0
2014-01-10,496,503.0,494.0,502.0,2513000.0,1004.0
2014-01-14,497,497.0,490.0,491.0,1681000.0,982.0
2014-01-15,497,506.0,495.0,505.0,1157000.0,1010.0
2014-01-16,504,506.0,500.0,503.0,982000.0,1006.0
2014-01-17,498,502.0,496.0,498.0,1162000.0,996.0
2014-01-20,499,501.0,496.0,498.0,616000.0,996.0
2014-01-21,500,505.0,500.0,502.0,703000.0,1004.0
2014-01-22,500,502.0,490.0,494.0,2204000.0,988.0
2014-01-23,497,497.0,490.0,493.0,1573000.0,986.0
2014-01-24,486,489.0,481.0,484.0,1797000.0,968.0
2014-01-27,473,476.0,470.0,473.0,1455000.0,946.0
2014-01-28,474,476.0,470.0,471.0,1031000.0,942.0
2014-01-29,481,490.0,478.0,489.0,815000.0,978.0
2014-01-30,473,476.0,472.0,475.0,1186000.0,950.0
2014-01-31,479,479.0,463.0,469.0,1122000.0,938.0
2014-02-03,468,468.0,459.0,461.0,882000.0,922.0
2014-02-04,453,457.0,435.0,438.0,1401000.0,876.0
2014-02-05,440,444.0,427.0,437.0,2010000.0,874.0
2014-02-06,436,436.0,426.0,426.0,1560000.0,852.0
2014-02-07,432,438.0,430.0,436.0,1194000.0,872.0
2014-02-10,441,444.0,436.0,443.0,851000.0,886.0
2014-02-12,443,446.0,440.0,445.0,907000.0,890.0
2014-02-13,442,448.0,437.0,440.0,1100000.0,880.0
2014-02-14,442,444.0,427.0,431.0,1650000.0,862.0
2014-02-17,430,436.0,426.0,434.0,981000.0,868.0
2014-02-18,437,445.0,433.0,443.0,819000.0,886.0
2014-02-19,438,442.0,437.0,440.0,660000.0,880.0
2014-02-20,440,441.0,425.0,426.0,1117000.0,852.0
2014-02-21,431,443.0,431.0,443.0,763000.0,886.0
2014-02-24,440,444.0,430.0,436.0,849000.0,872.0
2014-02-25,442,447.0,440.0,442.0,709000.0,884.0
2014-02-26,435,447.0,435.0,445.0,969000.0,890.0
2014-02-27,446,446.0,436.0,437.0,851000.0,874.0
2014-02-28,439,444.0,435.0,440.0,841000.0,880.0
2014-03-03,438,441.0,432.0,439.0,853000.0,878.0
2014-03-04,433,442.0,433.0,440.0,669000.0,880.0
2014-03-05,444,449.0,443.0,446.0,1021000.0,892.0
2014-03-06,448,457.0,443.0,453.0,888000.0,906.0
2014-03-07,458,460.0,453.0,458.0,895000.0,916.0
2014-03-10,461,464.0,456.0,459.0,888000.0,918.0
2014-03-11,464,471.0,461.0,469.0,1208000.0,938.0
2014-03-12,464,466.0,459.0,461.0,1201000.0,922.0
2014-03-13,461,469.0,458.0,465.0,1066000.0,930.0
2014-03-14,453,458.0,447.0,448.0,2837000.0,896.0
2014-03-17,444,449.0,442.0,447.0,1108000.0,894.0
2014-03-18,452,457.0,449.0,450.0,798000.0,900.0
2014-03-19,455,463.0,450.0,457.0,1195000.0,914.0
2014-03-20,463,466.0,448.0,452.0,950000.0,904.0
2014-03-24,455,459.0,438.0,442.0,1760000.0,884.0
2014-03-25,441,442.0,422.0,438.0,1764000.0,876.0
2014-03-26,444,446.0,432.0,436.0,1937000.0,872.0
2014-03-27,419,425.0,416.0,424.0,2545000.0,848.0
2014-03-28,425,443.0,423.0,442.0,1657000.0,884.0
2014-03-31,440,441.0,433.0,436.0,1270000.0,872.0
2014-04-01,434,435.0,428.0,432.0,1699000.0,864.0
2014-04-02,430,437.0,429.0,432.0,1752000.0,864.0
2014-04-03,435,440.0,431.0,435.0,1212000.0,870.0
2014-04-04,435,439.0,432.0,439.0,970000.0,878.0
2014-04-07,436,440.0,435.0,436.0,818000.0,872.0
2014-04-08,439,444.0,434.0,439.0,1337000.0,878.0
2014-04-09,439,443.0,436.0,441.0,1616000.0,882.0
2014-04-10,447,451.0,441.0,445.0,1515000.0,890.0
2014-04-11,438,443.0,435.0,438.0,2348000.0,876.0
2014-04-14,438,455.0,438.0,450.0,1639000.0,900.0
2014-04-15,452,466.0,451.0,463.0,1876000.0,926.0
2014-04-16,469,485.0,467.0,483.0,3007000.0,966.0
2014-04-17,478,484.0,475.0,480.0,1473000.0,960.0
2014-04-18,484,484.0,475.0,480.0,988000.0,960.0
2014-04-21,479,484.0,477.0,482.0,1055000.0,964.0
2014-04-22,496,499.0,479.0,480.0,2617000.0,960.0
2014-04-23,488,488.0,482.0,487.0,773000.0,974.0
2014-04-24,484,491.0,482.0,485.0,905000.0,970.0
2014-04-25,485,491.0,484.0,489.0,1018000.0,978.0
2014-04-28,488,496.0,483.0,495.0,1054000.0,990.0
2014-04-30,495,500.0,493.0,496.0,966000.0,992.0
2014-05-01,494,498.0,490.0,495.0,1682000.0,990.0
2014-05-02,495,498.0,493.0,495.0,812000.0,990.0
2014-05-07,487,489.0,476.0,477.0,1405000.0,954.0
2014-05-08,479,492.0,477.0,488.0,1174000.0,976.0
2014-05-09,482,492.0,479.0,488.0,1090000.0,976.0
2014-05-12,486,491.0,482.0,490.0,799000.0,980.0
2014-05-13,491,492.0,486.0,491.0,798000.0,982.0
2014-05-14,491,493.0,487.0,491.0,791000.0,982.0
2014-05-15,489,489.0,483.0,484.0,599000.0,968.0
2014-05-16,481,484.0,477.0,481.0,731000.0,962.0
2014-05-19,482,485.0,478.0,478.0,753000.0,956.0
2014-05-20,486,499.0,480.0,497.0,1059000.0,994.0
2014-05-21,498,498.0,490.0,496.0,857000.0,992.0
2014-05-22,496,500.0,494.0,500.0,833000.0,1000.0
2014-05-23,500,507.0,498.0,506.0,1016000.0,1012.0
2014-05-26,509,511.0,506.0,511.0,811000.0,1022.0
2014-05-27,512,515.0,508.0,509.0,897000.0,1018.0
2014-05-28,511,513.0,508.0,509.0,679000.0,1018.0
2014-05-29,505,509.0,503.0,509.0,670000.0,1018.0
2014-05-30,506,509.0,501.0,501.0,744000.0,1002.0
2014-06-02,504,512.0,502.0,512.0,865000.0,1024.0
2014-06-03,515,515.0,508.0,508.0,671000.0,1016.0
2014-06-04,508,510.0,504.0,507.0,539000.0,1014.0
2014-06-05,509,509.0,502.0,505.0,516000.0,1010.0
2014-06-06,506,508.0,503.0,505.0,616000.0,1010.0
2014-06-09,508,508.0,501.0,502.0,524000.0,1004.0
2014-06-10,503,503.0,492.0,495.0,704000.0,990.0
2014-06-11,491,505.0,490.0,503.0,1193000.0,1006.0
2014-06-12,504,506.0,499.0,500.0,957000.0,1000.0
2014-06-13,493,501.0,493.0,500.0,2260000.0,1000.0
2014-06-16,497,497.0,488.0,492.0,962000.0,984.0
2014-06-17,491,493.0,488.0,491.0,827000.0,982.0
2014-06-18,493,493.0,483.0,486.0,1018000.0,972.0
2014-06-19,486,493.0,485.0,492.0,1071000.0,984.0
2014-06-20,490,492.0,487.0,489.0,1048000.0,978.0
2014-06-23,488,489.0,486.0,488.0,764000.0,976.0
2014-06-24,490,494.0,488.0,492.0,1102000.0,984.0
2014-06-25,488,491.0,486.0,488.0,1163000.0,976.0
2014-06-26,494,499.0,489.0,490.0,1594000.0,980.0
2014-06-27,490,492.0,479.0,482.0,1041000.0,964.0
2014-06-30,482,488.0,480.0,486.0,1008000.0,972.0
2014-07-01,488,489.0,485.0,485.0,870000.0,970.0
2014-07-02,488,491.0,486.0,487.0,977000.0,974.0
2014-07-03,486,486.0,475.0,478.0,1859000.0,956.0
2014-07-04,481,481.0,478.0,480.0,828000.0,960.0
2014-07-07,482,483.0,478.0,478.0,807000.0,956.0
2014-07-08,478,482.0,475.0,478.0,1080000.0,956.0
2014-07-09,475,478.0,474.0,476.0,566000.0,952.0
2014-07-10,479,480.0,475.0,476.0,613000.0,952.0
2014-07-11,472,474.0,469.0,473.0,1371000.0,946.0
2014-07-14,475,475.0,470.0,473.0,925000.0,946.0
2014-07-15,477,478.0,472.0,474.0,1010000.0,948.0
2014-07-16,470,473.0,468.0,468.0,824000.0,936.0
2014-07-17,471,472.0,465.0,466.0,931000.0,932.0
2014-07-18,466,469.0,463.0,467.0,1997000.0,934.0
2014-07-22,467,475.0,467.0,469.0,1667000.0,938.0
2014-07-23,470,482.0,469.0,480.0,1666000.0,960.0
2014-07-24,480,482.0,478.0,479.0,1163000.0,958.0
2014-07-25,477,483.0,477.0,482.0,1106000.0,964.0
2014-07-28,482,499.0,482.0,494.0,2383000.0,988.0
2014-07-29,495,507.0,484.0,503.0,2904000.0,1006.0
2014-07-30,502,507.0,494.0,499.0,1817000.0,998.0
2014-07-31,498,498.0,490.0,492.0,1564000.0,984.0
2014-08-01,488,493.0,482.0,483.0,1576000.0,966.0
2014-08-04,481,490.0,479.0,488.0,944000.0,976.0
2014-08-05,495,496.0,484.0,485.0,1324000.0,970.0
2014-08-06,484,487.0,481.0,483.0,1861000.0,966.0
2014-08-07,483,505.0,483.0,504.0,2910000.0,1008.0
2014-08-08,506,508.0,495.0,496.0,2502000.0,992.0
2014-08-11,508,508.0,499.0,505.0,1423000.0,1010.0
2014-08-12,501,507.0,501.0,507.0,637000.0,1014.0
2014-08-13,505,510.0,502.0,506.0,1168000.0,1012.0
2014-08-14,509,517.0,505.0,513.0,1478000.0,1026.0
2014-08-15,513,517.0,512.0,513.0,833000.0,1026.0
2014-08-18,512,517.0,510.0,516.0,788000.0,1032.0
2014-08-19,518,527.0,518.0,525.0,1568000.0,1050.0
2014-08-20,525,531.0,521.0,526.0,1074000.0,1052.0
2014-08-21,530,534.0,526.0,530.0,869000.0,1060.0
2014-08-22,529,529.0,522.0,525.0,704000.0,1050.0
2014-08-25,520,526.0,511.0,514.0,1213000.0,1028.0
2014-08-26,513,515.0,509.0,512.0,631000.0,1024.0
2014-08-27,510,511.0,504.0,507.0,867000.0,1014.0
2014-08-28,504,505.0,496.0,497.0,635000.0,994.0
2014-08-29,495,497.0,487.0,490.0,1080000.0,980.0
2014-09-01,492,492.0,487.0,489.0,484000.0,978.0
2014-09-02,489,490.0,481.0,482.0,1674000.0,964.0
2014-09-03,483,487.0,481.0,483.0,1297000.0,966.0
2014-09-04,483,484.0,480.0,481.0,858000.0,962.0
2014-09-05,485,485.0,479.0,480.0,872000.0,960.0
2014-09-08,481,482.0,477.0,477.0,945000.0,954.0
2014-09-09,480,480.0,477.0,478.0,619000.0,956.0
2014-09-10,477,479.0,475.0,477.0,1029000.0,954.0
2014-09-11,480,482.0,475.0,482.0,1270000.0,964.0
2014-09-12,476,479.0,473.0,475.0,3486000.0,950.0
2014-09-16,474,476.0,471.0,473.0,913000.0,946.0
2014-09-17,472,475.0,468.0,470.0,1420000.0,940.0
2014-09-18,470,474.0,469.0,470.0,1205000.0,940.0
2014-09-19,470,470.0,464.0,466.0,1836000.0,932.0
2014-09-22,465,467.0,460.0,462.0,1457000.0,924.0
2014-09-24,460,466.0,460.0,464.0,923000.0,928.0
2014-09-25,469,470.0,464.0,465.0,1211000.0,930.0
2014-09-26,461,466.0,459.0,463.0,1100000.0,926.0
2014-09-29,466,466.0,461.0,462.0,550000.0,924.0
2014-09-30,462,462.0,458.0,461.0,999000.0,922.0
2014-10-01,462,462.0,459.0,461.0,945000.0,922.0
2014-10-02,458,459.0,449.0,451.0,1968000.0,902.0
2014-10-03,448,451.0,445.0,450.0,1526000.0,900.0
2014-10-06,452,454.0,446.0,447.0,1142000.0,894.0
2014-10-07,447,448.0,439.0,439.0,1869000.0,878.0
2014-10-08,436,441.0,433.0,435.0,1967000.0,870.0
2014-10-09,437,442.0,435.0,437.0,1582000.0,874.0
2014-10-10,432,437.0,431.0,431.0,1807000.0,862.0
2014-10-14,426,434.0,425.0,427.0,1700000.0,854.0
2014-10-15,433,434.0,430.0,433.0,1359000.0,866.0
2014-10-16,426,429.0,421.0,422.0,1695000.0,844.0
2014-10-17,423,424.0,415.0,416.0,1840000.0,832.0
2014-10-20,424,427.0,422.0,426.0,1097000.0,852.0
2014-10-21,424,424.0,415.0,416.0,1226000.0,832.0
2014-10-22,422,426.0,420.0,423.0,1529000.0,846.0
2014-10-23,420,422.0,415.0,418.0,1995000.0,836.0
2014-10-24,423,433.0,421.0,430.0,1913000.0,860.0
2014-10-27,437,437.0,429.0,431.0,1184000.0,862.0
2014-10-28,425,445.0,420.0,441.0,3271000.0,882.0
2014-10-29,446,462.0,445.0,452.0,4695000.0,904.0
2014-10-30,452,456.0,449.0,453.0,2429000.0,906.0
2014-10-31,456,471.0,455.0,469.0,2460000.0,938.0
2014-11-04,479,480.0,466.0,467.0,2289000.0,934.0
2014-11-05,468,478.0,468.0,476.0,2918000.0,952.0
2014-11-06,475,476.0,455.0,460.0,3218000.0,920.0
2014-11-07,463,476.0,463.0,473.0,2036000.0,946.0
2014-11-10,473,479.0,472.0,479.0,1772000.0,958.0
2014-11-11,478,485.0,477.0,484.0,2017000.0,968.0
2014-11-12,486,491.0,485.0,485.0,1424000.0,970.0
2014-11-13,483,493.0,479.0,492.0,1411000.0,984.0
2014-11-14,495,498.0,489.0,498.0,2636000.0,996.0
2014-11-17,498,498.0,490.0,494.0,2058000.0,988.0
2014-11-18,497,508.0,496.0,507.0,1784000.0,1014.0
2014-11-19,510,518.0,507.0,515.0,2008000.0,1030.0
2014-11-20,518,523.0,513.0,517.0,1967000.0,1034.0
2014-11-21,524,527.0,516.0,526.0,2362000.0,1052.0
2014-11-25,529,529.0,518.0,521.0,1223000.0,1042.0
2014-11-26,518,523.0,516.0,518.0,1695000.0,1036.0
2014-11-27,514,515.0,508.0,510.0,1018000.0,1020.0
2014-11-28,514,521.0,512.0,516.0,1392000.0,1032.0
2014-12-01,512,519.0,511.0,513.0,892000.0,1026.0
2014-12-02,510,514.0,508.0,513.0,823000.0,1026.0
2014-12-03,513,516.0,511.0,513.0,738000.0,1026.0
2014-12-04,516,519.0,506.0,508.0,1061000.0,1016.0
2014-12-05,506,515.0,503.0,515.0,1221000.0,1030.0
2014-12-08,515,517.0,507.0,510.0,769000.0,1020.0
2014-12-09,506,516.0,506.0,516.0,569000.0,1032.0
2014-12-10,507,512.0,502.0,504.0,724000.0,1008.0
2014-12-11,494,502.0,493.0,499.0,962000.0,998.0
2014-12-12,500,506.0,499.0,501.0,2250000.0,1002.0
2014-12-15,498,511.0,498.0,507.0,1085000.0,1014.0
2014-12-16,497,505.0,497.0,502.0,1533000.0,1004.0
2014-12-17,496,509.0,496.0,505.0,1233000.0,1010.0
2014-12-18,516,527.0,515.0,525.0,1330000.0,1050.0
2014-12-19,534,534.0,526.0,530.0,1317000.0,1060.0
2014-12-22,523,526.0,519.0,522.0,1552000.0,1044.0
2014-12-24,529,542.0,528.0,542.0,1158000.0,1084.0
2014-12-25,542,542.0,534.0,537.0,954000.0,1074.0
2014-12-26,539,540.0,535.0,539.0,744000.0,1078.0
2014-12-29,542,542.0,530.0,540.0,825000.0,1080.0
2014-12-30,544,552.0,543.0,547.0,1492000.0,1094.0
2015-01-05,547,552.0,542.0,552.0,1211000.0,1104.0
2015-01-06,545,555.0,541.0,546.0,2034000.0,1092.0
2015-01-07,540,551.0,539.0,548.0,1102000.0,1096.0
2015-01-08,555,560.0,552.0,556.0,1254000.0,1112.0
2015-01-09,561,562.0,548.0,551.0,1527000.0,1102.0
2015-01-13,546,553.0,542.0,553.0,881000.0,1106.0
2015-01-14,544,553.0,544.0,547.0,1880000.0,1094.0
2015-01-15,544,552.0,538.0,552.0,1771000.0,1104.0
2015-01-16,539,544.0,532.0,541.0,1451000.0,1082.0
2015-01-19,547,554.0,544.0,553.0,869000.0,1106.0
2015-01-20,555,570.0,553.0,570.0,1293000.0,1140.0
2015-01-21,572,581.0,572.0,578.0,1836000.0,1156.0
2015-01-22,582,593.0,578.0,593.0,1891000.0,1186.0
2015-01-23,594,595.0,582.0,584.0,1470000.0,1168.0
2015-01-26,582,590.0,581.0,590.0,1093000.0,1180.0
2015-01-27,594,618.0,592.0,616.0,1701000.0,1232.0
2015-01-28,613,629.0,612.0,627.0,1342000.0,1254.0
2015-01-29,618,634.0,615.0,618.0,1554000.0,1236.0
2015-01-30,621,639.0,619.0,627.0,1498000.0,1254.0
2015-02-02,617,629.0,603.0,609.0,1496000.0,1218.0
2015-02-03,599,606.0,578.0,585.0,1686000.0,1170.0
2015-02-04,603,626.0,589.0,622.0,2392000.0,1244.0
2015-02-05,615,617.0,579.0,581.0,2354000.0,1162.0
2015-02-06,595,595.0,574.0,578.0,1273000.0,1156.0
2015-02-09,580,580.0,573.0,579.0,1040000.0,1158.0
2015-02-10,569,574.0,563.0,568.0,1433000.0,1136.0
2015-02-12,569,586.0,569.0,584.0,1370000.0,1168.0
2015-02-13,587,594.0,583.0,583.0,1288000.0,1166.0
2015-02-16,585,588.0,577.0,577.0,1012000.0,1154.0
2015-02-17,574,603.0,574.0,600.0,1481000.0,1200.0
2015-02-18,599,602.0,588.0,592.0,1674000.0,1184.0
2015-02-19,595,603.0,592.0,598.0,1009000.0,1196.0
2015-02-20,596,598.0,590.0,598.0,848000.0,1196.0
2015-02-23,601,626.0,601.0,617.0,1781000.0,1234.0
2015-02-24,614,614.0,602.0,605.0,1346000.0,1210.0
2015-02-25,609,613.0,604.0,609.0,796000.0,1218.0
2015-02-26,608,612.0,606.0,610.0,541000.0,1220.0
2015-02-27,612,621.0,608.0,616.0,1216000.0,1232.0
2015-03-02,613,620.0,605.0,605.0,687000.0,1210.0
2015-03-03,611,617.0,607.0,615.0,808000.0,1230.0
2015-03-04,613,615.0,607.0,611.0,999000.0,1222.0
2015-03-05,610,620.0,607.0,618.0,752000.0,1236.0
2015-03-06,625,635.0,617.0,635.0,1252000.0,1270.0
2015-03-09,628,634.0,624.0,627.0,767000.0,1254.0
2015-03-10,627,634.0,618.0,620.0,1050000.0,1240.0
2015-03-11,615,632.0,615.0,628.0,833000.0,1256.0
2015-03-12,626,638.0,623.0,638.0,820000.0,1276.0
2015-03-13,643,644.0,627.0,627.0,2756000.0,1254.0
2015-03-16,629,635.0,627.0,631.0,994000.0,1262.0
2015-03-17,634,634.0,629.0,632.0,652000.0,1264.0
2015-03-18,629,640.0,628.0,639.0,636000.0,1278.0
2015-03-19,630,637.0,629.0,634.0,732000.0,1268.0
2015-03-20,635,640.0,631.0,638.0,640000.0,1276.0
2015-03-23,647,657.0,643.0,647.0,793000.0,1294.0
2015-03-24,647,660.0,643.0,659.0,1044000.0,1318.0
2015-03-25,666,670.0,660.0,668.0,1011000.0,1336.0
2015-03-26,669,688.0,668.0,681.0,1987000.0,1362.0
2015-03-27,677,682.0,661.0,667.0,1603000.0,1334.0
2015-03-30,667,696.0,666.0,692.0,1849000.0,1384.0
2015-03-31,700,704.0,674.0,674.0,1614000.0,1348.0
2015-04-01,665,674.0,590.0,664.0,1293000.0,1328.0
2015-04-02,661,677.0,652.0,670.0,1367000.0,1340.0
2015-04-03,660,683.0,660.0,682.0,740000.0,1364.0
2015-04-06,686,700.0,676.0,695.0,792000.0,1390.0
2015-04-07,692,695.0,680.0,686.0,783000.0,1372.0
2015-04-08,656,678.0,651.0,667.0,2225000.0,1334.0
2015-04-09,677,687.0,673.0,677.0,1100000.0,1354.0
2015-04-10,675,675.0,659.0,659.0,1560000.0,1318.0
2015-04-13,668,669.0,641.0,646.0,1201000.0,1292.0
2015-04-14,650,655.0,647.0,649.0,936000.0,1298.0
2015-04-15,648,650.0,632.0,635.0,1013000.0,1270.0
2015-04-16,655,659.0,642.0,654.0,1588000.0,1308.0
2015-04-17,655,656.0,642.0,642.0,808000.0,1284.0
2015-04-20,640,655.0,638.0,650.0,1008000.0,1300.0
2015-04-21,655,660.0,651.0,658.0,926000.0,1316.0
2015-04-22,662,665.0,655.0,664.0,956000.0,1328.0
2015-04-23,667,668.0,656.0,659.0,943000.0,1318.0
2015-04-24,655,657.0,650.0,651.0,660000.0,1302.0
2015-04-27,653,653.0,640.0,642.0,778000.0,1284.0
2015-04-28,647,649.0,642.0,645.0,674000.0,1290.0
2015-04-30,645,651.0,634.0,637.0,1265000.0,1274.0
2015-05-01,630,638.0,626.0,629.0,852000.0,1258.0
2015-05-07,624,637.0,622.0,623.0,825000.0,1246.0
2015-05-08,622,635.0,622.0,630.0,970000.0,1260.0
2015-05-11,640,647.0,639.0,645.0,674000.0,1290.0
2015-05-12,639,675.0,632.0,671.0,1400000.0,1342.0
2015-05-13,662,690.0,660.0,687.0,1701000.0,1374.0
2015-05-14,683,689.0,670.0,674.0,1024000.0,1348.0
2015-05-15,680,688.0,676.0,680.0,740000.0,1360.0
2015-05-18,685,692.0,683.0,686.0,735000.0,1372.0
2015-05-19,686,691.0,683.0,688.0,881000.0,1376.0
2015-05-20,690,698.0,687.0,696.0,976000.0,1392.0
2015-05-21,700,709.0,682.0,690.0,1467000.0,1380.0
2015-05-22,692,700.0,680.0,697.0,1183000.0,1394.0
2015-05-25,699,708.0,697.0,707.0,686000.0,1414.0
2015-05-26,699,707.0,699.0,703.0,951000.0,1406.0
2015-05-27,707,707.0,695.0,695.0,981000.0,1390.0
2015-05-28,693,701.0,687.0,698.0,1046000.0,1396.0
2015-05-29,691,709.0,690.0,698.0,1198000.0,1396.0
2015-06-01,691,711.0,691.0,709.0,796000.0,1418.0
2015-06-02,709,713.0,704.0,708.0,522000.0,1416.0
2015-06-03,702,709.0,702.0,705.0,575000.0,1410.0
2015-06-04,705,706.0,695.0,697.0,570000.0,1394.0
2015-06-05,693,709.0,690.0,708.0,584000.0,1416.0
2015-06-08,707,715.0,704.0,713.0,795000.0,1426.0
2015-06-09,710,718.0,706.0,706.0,774000.0,1412.0
2015-06-10,705,705.0,695.0,696.0,757000.0,1392.0
2015-06-11,702,727.0,701.0,726.0,1094000.0,1452.0
2015-06-12,730,732.0,713.0,718.0,1844000.0,1436.0
2015-06-15,748,780.0,748.0,768.0,3583000.0,1536.0
2015-06-16,768,800.0,768.0,790.0,3059000.0,1580.0
2015-06-17,787,795.0,780.0,785.0,1693000.0,1570.0
2015-06-18,782,787.0,767.0,769.0,2563000.0,1538.0
2015-06-19,772,793.0,771.0,789.0,1546000.0,1578.0
2015-06-22,808,839.0,808.0,836.0,2433000.0,1672.0
2015-06-23,833,839.0,823.0,839.0,2051000.0,1678.0
2015-06-24,845,849.0,833.0,848.0,1436000.0,1696.0
2015-06-25,849,849.0,835.0,841.0,1213000.0,1682.0
2015-06-26,845,852.0,838.0,842.0,899000.0,1684.0
2015-06-29,826,854.0,823.0,834.0,1548000.0,1668.0
2015-06-30,831,850.0,831.0,845.0,1098000.0,1690.0
2015-07-01,851,873.0,849.0,870.0,1465000.0,1740.0
2015-07-02,884,886.0,858.0,863.0,1425000.0,1726.0
2015-07-03,861,875.0,859.0,872.0,1356000.0,1744.0
2015-07-06,860,875.0,847.0,852.0,1387000.0,1704.0
2015-07-07,860,885.0,859.0,881.0,1213000.0,1762.0
2015-07-08,882,885.0,862.0,862.0,1434000.0,1724.0
2015-07-09,837,870.0,831.0,869.0,1553000.0,1738.0
2015-07-10,868,889.0,860.0,879.0,2002000.0,1758.0
2015-07-13,896,935.0,889.0,926.0,2110000.0,1852.0
2015-07-14,938,949.0,889.0,900.0,2942000.0,1800.0
2015-07-15,900,908.0,880.0,906.0,1636000.0,1812.0
2015-07-16,910,919.0,904.0,917.0,1011000.0,1834.0
2015-07-17,917,933.0,912.0,926.0,914000.0,1852.0
2015-07-21,934,960.0,932.0,955.0,1798000.0,1910.0
2015-07-22,952,959.0,942.0,947.0,931000.0,1894.0
2015-07-23,948,965.0,938.0,958.0,1000000.0,1916.0
2015-07-24,957,967.0,946.0,962.0,939000.0,1924.0
2015-07-27,953,953.0,926.0,933.0,1701000.0,1866.0
2015-07-28,915,953.0,908.0,946.0,1909000.0,1892.0
2015-07-29,912,950.0,912.0,944.0,2212000.0,1888.0
2015-07-30,945,949.0,879.0,890.0,3252000.0,1780.0
2015-07-31,845,854.0,805.0,810.0,6061000.0,1620.0
2015-08-03,808,821.0,791.0,816.0,3433000.0,1632.0
2015-08-04,821,833.0,812.0,825.0,1852000.0,1650.0
2015-08-05,824,851.0,822.0,844.0,2717000.0,1688.0
2015-08-06,843,853.0,833.0,835.0,1690000.0,1670.0
2015-08-07,831,837.0,819.0,834.0,1262000.0,1668.0
2015-08-10,829,848.0,822.0,848.0,1449000.0,1696.0
2015-08-11,844,847.0,817.0,825.0,1421000.0,1650.0
2015-08-12,811,818.0,787.0,788.0,2798000.0,1576.0
2015-08-13,788,819.0,787.0,815.0,1635000.0,1630.0
2015-08-14,800,803.0,783.0,790.0,2571000.0,1580.0
2015-08-17,793,812.0,788.0,811.0,1041000.0,1622.0
2015-08-18,807,816.0,795.0,799.0,1394000.0,1598.0
2015-08-19,789,796.0,776.0,778.0,1408000.0,1556.0
2015-08-20,770,785.0,767.0,769.0,850000.0,1538.0
2015-08-21,750,767.0,750.0,753.0,1172000.0,1506.0
2015-08-24,738,773.0,732.0,734.0,2394000.0,1468.0
2015-08-25,720,742.0,697.0,700.0,2274000.0,1400.0
2015-08-26,695,709.0,691.0,705.0,1899000.0,1410.0
2015-08-27,719,738.0,716.0,723.0,1285000.0,1446.0
2015-08-28,743,745.0,725.0,736.0,1219000.0,1472.0
2015-08-31,728,743.0,727.0,742.0,778000.0,1484.0
2015-09-01,745,746.0,706.0,707.0,1261000.0,1414.0
2015-09-02,692,723.0,689.0,704.0,1448000.0,1408.0
2015-09-03,714,723.0,707.0,708.0,974000.0,1416.0
2015-09-04,715,715.0,685.0,688.0,915000.0,1376.0
2015-09-07,684,691.0,672.0,682.0,1055000.0,1364.0
2015-09-08,689,695.0,659.0,663.0,1384000.0,1326.0
2015-09-09,685,703.0,672.0,701.0,1979000.0,1402.0
2015-09-10,674,678.0,656.0,669.0,1838000.0,1338.0
2015-09-11,667,683.0,666.0,676.0,2794000.0,1352.0
2015-09-14,682,690.0,664.0,668.0,1307000.0,1336.0
2015-09-15,680,705.0,676.0,696.0,2182000.0,1392.0
2015-09-16,710,715.0,688.0,702.0,3007000.0,1404.0
2015-09-17,706,717.0,702.0,711.0,2070000.0,1422.0
2015-09-18,706,714.0,684.0,705.0,3590000.0,1410.0
2015-09-24,688,708.0,687.0,689.0,1644000.0,1378.0
2015-09-25,694,731.0,690.0,728.0,2272000.0,1456.0
2015-09-28,736,742.0,719.0,727.0,1557000.0,1454.0
2015-09-29,712,737.0,710.0,724.0,2064000.0,1448.0
2015-09-30,743,749.0,733.0,746.0,1407000.0,1492.0
2015-10-01,749,759.0,734.0,749.0,1471000.0,1498.0
2015-10-02,743,766.0,740.0,750.0,1437000.0,1500.0
2015-10-05,771,787.0,771.0,786.0,1883000.0,1572.0
2015-10-06,800,808.0,789.0,792.0,1990000.0,1584.0
2015-10-07,791,796.0,771.0,793.0,1678000.0,1586.0
2015-10-08,790,790.0,761.0,763.0,1395000.0,1526.0
2015-10-09,777,786.0,758.0,785.0,1561000.0,1570.0
2015-10-13,787,794.0,782.0,788.0,1433000.0,1576.0
2015-10-14,789,792.0,764.0,766.0,1658000.0,1532.0
2015-10-15,757,766.0,750.0,761.0,1454000.0,1522.0
2015-10-16,768,774.0,756.0,760.0,985000.0,1520.0
2015-10-19,757,781.0,756.0,776.0,1309000.0,1552.0
2015-10-20,774,775.0,755.0,757.0,985000.0,1514.0
2015-10-21,753,763.0,745.0,763.0,946000.0,1526.0
2015-10-22,755,766.0,749.0,760.0,924000.0,1520.0
2015-10-23,772,785.0,768.0,776.0,1369000.0,1552.0
2015-10-26,780,780.0,754.0,758.0,1704000.0,1516.0
2015-10-27,757,767.0,756.0,761.0,1457000.0,1522.0
2015-10-28,761,767.0,758.0,763.0,698000.0,1526.0
2015-10-29,762,764.0,739.0,742.0,1734000.0,1484.0
2015-10-30,757,793.0,747.0,791.0,2058000.0,1582.0
2015-11-02,791,802.0,787.0,789.0,1528000.0,1578.0
2015-11-04,802,808.0,784.0,784.0,1063000.0,1568.0
2015-11-05,799,830.0,796.0,830.0,2439000.0,1660.0
2015-11-06,832,848.0,826.0,830.0,1308000.0,1660.0
2015-11-09,838,839.0,819.0,823.0,1457000.0,1646.0
2015-11-10,819,826.0,811.0,824.0,753000.0,1648.0
2015-11-11,824,835.0,818.0,834.0,939000.0,1668.0
2015-11-12,830,833.0,822.0,824.0,963000.0,1648.0
2015-11-13,810,846.0,810.0,843.0,1581000.0,1686.0
2015-11-16,829,840.0,825.0,840.0,841000.0,1680.0
2015-11-17,845,846.0,835.0,841.0,914000.0,1682.0
2015-11-18,847,858.0,841.0,852.0,1244000.0,1704.0
2015-11-19,855,859.0,849.0,851.0,1018000.0,1702.0
2015-11-20,853,854.0,837.0,842.0,1034000.0,1684.0
2015-11-24,834,844.0,827.0,837.0,897000.0,1674.0
2015-11-25,840,841.0,830.0,833.0,676000.0,1666.0
2015-11-26,835,846.0,832.0,837.0,602000.0,1674.0
2015-11-27,835,845.0,825.0,828.0,1014000.0,1656.0
2015-11-30,821,831.0,805.0,806.0,1437000.0,1612.0
2015-12-01,804,813.0,804.0,812.0,844000.0,1624.0
2015-12-02,807,814.0,804.0,811.0,773000.0,1622.0
2015-12-03,807,812.0,801.0,807.0,677000.0,1614.0
2015-12-04,790,792.0,777.0,788.0,1591000.0,1576.0
2015-12-07,803,815.0,799.0,800.0,958000.0,1600.0
2015-12-08,796,810.0,793.0,794.0,831000.0,1588.0
2015-12-09,794,805.0,781.0,785.0,1081000.0,1570.0
2015-12-10,780,788.0,777.0,778.0,851000.0,1556.0
2015-12-11,790,809.0,786.0,792.0,2588000.0,1584.0
2015-12-14,774,786.0,767.0,783.0,1013000.0,1566.0
2015-12-15,788,796.0,775.0,779.0,1163000.0,1558.0
2015-12-16,814,826.0,794.0,822.0,2761000.0,1644.0
2015-12-17,835,854.0,826.0,849.0,1737000.0,1698.0
2015-12-18,849,873.0,835.0,838.0,2213000.0,1676.0
2015-12-21,828,844.0,817.0,842.0,1882000.0,1684.0
2015-12-22,842,843.0,827.0,838.0,868000.0,1676.0
2015-12-24,847,854.0,831.0,837.0,1352000.0,1674.0
2015-12-25,847,857.0,842.0,849.0,690000.0,1698.0
2015-12-28,851,854.0,833.0,852.0,982000.0,1704.0
2015-12-29,860,893.0,852.0,893.0,2420000.0,1786.0
2015-12-30,898,899.0,882.0,898.0,1112000.0,1796.0
2016-01-04,898,898.0,856.0,860.0,1327000.0,1720.0
2016-01-05,864,871.0,847.0,862.0,1808000.0,1724.0
2016-01-06,859,879.0,850.0,864.0,1054000.0,1728.0
2016-01-07,865,884.0,855.0,860.0,1615000.0,1720.0
2016-01-08,846,867.0,836.0,854.0,1799000.0,1708.0
2016-01-12,834,856.0,834.0,838.0,1252000.0,1676.0
2016-01-13,842,854.0,835.0,854.0,1067000.0,1708.0
2016-01-14,836,839.0,812.0,828.0,1234000.0,1656.0
2016-01-15,837,846.0,823.0,827.0,1164000.0,1654.0
2016-01-18,812,825.0,808.0,819.0,849000.0,1638.0
2016-01-19,811,824.0,800.0,808.0,1252000.0,1616.0
2016-01-20,810,819.0,781.0,784.0,1369000.0,1568.0
2016-01-21,786,799.0,764.0,765.0,1733000.0,1530.0
2016-01-22,792,804.0,771.0,803.0,1468000.0,1606.0
2016-01-25,813,823.0,802.0,819.0,1305000.0,1638.0
2016-01-26,812,832.0,812.0,820.0,1407000.0,1640.0
2016-01-27,823,837.0,822.0,834.0,1136000.0,1668.0
2016-01-28,831,859.0,827.0,849.0,1969000.0,1698.0
2016-01-29,861,889.0,849.0,887.0,2153000.0,1774.0
2016-02-01,890,928.0,890.0,921.0,1804000.0,1842.0
2016-02-02,907,1010.0,890.0,986.0,4946000.0,1972.0
2016-02-03,957,1031.0,957.0,1018.0,5214000.0,2036.0
2016-02-04,1009,1027.0,984.0,999.0,4536000.0,1998.0
2016-02-05,960,985.0,951.0,969.0,2528000.0,1938.0
2016-02-08,960,994.0,948.0,989.0,1596000.0,1978.0
2016-02-09,974,992.0,966.0,978.0,2385000.0,1956.0
2016-02-10,976,984.0,903.0,922.0,3240000.0,1844.0
2016-02-12,888,913.0,879.0,889.0,2534000.0,1778.0
2016-02-15,919,928.0,898.0,920.0,1954000.0,1840.0
2016-02-16,904,905.0,876.0,877.0,2288000.0,1754.0
2016-02-17,873,879.0,852.0,868.0,1946000.0,1736.0
2016-02-18,888,892.0,870.0,872.0,1433000.0,1744.0
2016-02-19,863,876.0,852.0,868.0,1513000.0,1736.0
2016-02-22,863,896.0,858.0,887.0,1486000.0,1774.0
2016-02-23,889,895.0,854.0,868.0,1299000.0,1736.0
2016-02-24,865,877.0,839.0,857.0,2171000.0,1714.0
2016-02-25,862,872.0,849.0,867.0,1968000.0,1734.0
2016-02-26,872,882.0,861.0,865.0,1455000.0,1730.0
2016-02-29,878,885.0,856.0,857.0,1536000.0,1714.0
2016-03-01,860,934.0,853.0,918.0,4420000.0,1836.0
2016-03-02,924,944.0,910.0,937.0,2985000.0,1874.0
2016-03-03,928,935.0,918.0,933.0,1697000.0,1866.0
2016-03-04,918,927.0,902.0,925.0,2118000.0,1850.0
2016-03-07,915,915.0,898.0,906.0,1546000.0,1812.0
2016-03-08,901,902.0,870.0,880.0,2410000.0,1760.0
2016-03-09,885,903.0,878.0,890.0,2123000.0,1780.0
2016-03-10,901,913.0,894.0,909.0,1755000.0,1818.0
2016-03-11,898,906.0,890.0,900.0,2861000.0,1800.0
2016-03-14,910,917.0,895.0,902.0,1443000.0,1804.0
2016-03-15,902,904.0,893.0,900.0,1482000.0,1800.0
2016-03-16,899,917.0,895.0,906.0,1224000.0,1812.0
2016-03-17,914,919.0,892.0,897.0,1438000.0,1794.0
2016-03-18,900,903.0,882.0,889.0,1742000.0,1778.0
2016-03-22,904,921.0,889.0,899.0,1202000.0,1798.0
2016-03-23,897,922.0,897.0,912.0,1207000.0,1824.0
2016-03-24,913,933.0,913.0,925.0,1291000.0,1850.0
2016-03-25,932,941.0,910.0,919.0,1310000.0,1838.0
2016-03-28,923,923.0,899.0,913.0,1184000.0,1826.0
2016-03-29,910,927.0,908.0,920.0,1232000.0,1840.0
2016-03-30,923,935.0,920.0,927.0,1472000.0,1854.0
2016-03-31,934,939.0,915.0,916.0,2249000.0,1832.0
2016-04-01,916,917.0,875.0,880.0,2012000.0,1760.0
2016-04-04,882,906.0,881.0,901.0,1487000.0,1802.0
2016-04-05,898,924.0,895.0,914.0,2261000.0,1828.0
2016-04-06,917,932.0,901.0,924.0,1749000.0,1848.0
2016-04-07,920,943.0,913.0,938.0,1987000.0,1876.0
2016-04-08,936,964.0,932.0,954.0,2293000.0,1908.0
2016-04-11,968,975.0,944.0,957.0,1623000.0,1914.0
2016-04-12,946,959.0,931.0,939.0,1421000.0,1878.0
2016-04-13,940,952.0,931.0,939.0,1301000.0,1878.0
2016-04-14,946,962.0,936.0,962.0,1464000.0,1924.0
2016-04-15,958,972.0,953.0,967.0,1220000.0,1934.0
2016-04-18,952,957.0,940.0,940.0,1056000.0,1880.0
2016-04-19,954,973.0,952.0,968.0,1249000.0,1936.0
2016-04-20,967,971.0,957.0,968.0,1124000.0,1936.0
2016-04-21,987,989.0,976.0,980.0,1340000.0,1960.0
2016-04-22,973,982.0,968.0,981.0,1367000.0,1962.0
2016-04-25,973,973.0,926.0,933.0,2216000.0,1866.0
2016-04-26,947,972.0,940.0,971.0,1860000.0,1942.0
2016-04-27,975,986.0,972.0,985.0,2164000.0,1970.0
2016-04-28,985,991.0,950.0,960.0,1368000.0,1920.0
2016-05-02,937,946.0,933.0,940.0,1210000.0,1880.0
2016-05-06,950,963.0,938.0,945.0,1321000.0,1890.0
2016-05-09,947,968.0,943.0,968.0,1178000.0,1936.0
2016-05-10,968,999.0,964.0,988.0,3075000.0,1976.0
2016-05-11,955,960.0,905.0,932.0,5853000.0,1864.0
2016-05-12,935,956.0,928.0,956.0,1806000.0,1912.0
2016-05-13,967,968.0,950.0,959.0,1467000.0,1918.0
2016-05-16,965,982.0,960.0,963.0,1354000.0,1926.0
2016-05-17,963,975.0,953.0,969.0,1084000.0,1938.0
2016-05-18,968,973.0,955.0,962.0,1158000.0,1924.0
2016-05-19,967,969.0,948.0,951.0,1070000.0,1902.0
2016-05-20,950,965.0,947.0,959.0,1008000.0,1918.0
2016-05-23,959,959.0,946.0,948.0,1136000.0,1896.0
2016-05-24,948,957.0,943.0,945.0,1170000.0,1890.0
2016-05-25,962,968.0,941.0,945.0,1322000.0,1890.0
2016-05-26,951,957.0,945.0,952.0,907000.0,1904.0
2016-05-27,960,964.0,953.0,961.0,827000.0,1922.0
2016-05-30,965,967.0,951.0,958.0,1077000.0,1916.0
2016-05-31,953,953.0,936.0,948.0,1840000.0,1896.0
2016-06-01,948,950.0,935.0,939.0,1460000.0,1878.0
2016-06-02,939,945.0,932.0,939.0,1588000.0,1878.0
2016-06-03,926,941.0,917.0,939.0,1295000.0,1878.0
2016-06-06,924,939.0,924.0,936.0,1060000.0,1872.0
2016-06-07,937,951.0,932.0,942.0,1616000.0,1884.0
2016-06-08,940,943.0,928.0,929.0,1513000.0,1858.0
2016-06-09,919,927.0,903.0,912.0,2035000.0,1824.0
2016-06-10,920,928.0,918.0,926.0,2289000.0,1852.0
2016-06-13,921,924.0,904.0,904.0,1078000.0,1808.0
2016-06-14,904,908.0,891.0,896.0,1683000.0,1792.0
2016-06-15,903,918.0,900.0,907.0,1639000.0,1814.0
2016-06-16,904,919.0,891.0,893.0,1700000.0,1786.0
2016-06-17,903,931.0,903.0,916.0,3411000.0,1832.0
2016-06-20,917,925.0,914.0,920.0,1790000.0,1840.0
2016-06-21,920,941.0,918.0,937.0,1042000.0,1874.0
2016-06-22,933,939.0,921.0,933.0,959000.0,1866.0
2016-06-23,931,933.0,906.0,912.0,1553000.0,1824.0
2016-06-24,926,926.0,846.0,856.0,1996000.0,1712.0
2016-06-27,879,919.0,871.0,914.0,2001000.0,1828.0
2016-06-28,900,956.0,900.0,950.0,1890000.0,1900.0
2016-06-29,949,950.0,934.0,940.0,1640000.0,1880.0
2016-06-30,940,946.0,928.0,939.0,2111000.0,1878.0
2016-07-01,938,956.0,934.0,950.0,1476000.0,1900.0
2016-07-04,949,975.0,948.0,974.0,1480000.0,1948.0
2016-07-05,973,982.0,968.0,976.0,1112000.0,1952.0
2016-07-06,966,985.0,956.0,982.0,2766000.0,1964.0
2016-07-07,982,990.0,963.0,972.0,1576000.0,1944.0
2016-07-08,973,989.0,951.0,952.0,2088000.0,1904.0
2016-07-11,970,978.0,961.0,970.0,1181000.0,1940.0
2016-07-12,969,976.0,943.0,944.0,1927000.0,1888.0
2016-07-13,944,954.0,931.0,939.0,1451000.0,1878.0
2016-07-14,945,963.0,940.0,953.0,1010000.0,1906.0
2016-07-15,955,957.0,922.0,923.0,1471000.0,1846.0
2016-07-19,938,959.0,933.0,958.0,1401000.0,1916.0
2016-07-20,958,967.0,954.0,966.0,1034000.0,1932.0
2016-07-21,974,986.0,950.0,955.0,1575000.0,1910.0
2016-07-22,964,985.0,954.0,964.0,1045000.0,1928.0
2016-07-25,967,970.0,953.0,955.0,1229000.0,1910.0
2016-07-26,949,962.0,931.0,955.0,1609000.0,1910.0
2016-07-27,961,964.0,950.0,955.0,1727000.0,1910.0
2016-07-28,957,966.0,951.0,960.0,1163000.0,1920.0
2016-07-29,945,983.0,945.0,980.0,2899000.0,1960.0
2016-08-01,981,990.0,970.0,981.0,2103000.0,1962.0
2016-08-02,985,1084.0,982.0,1033.0,4991000.0,2066.0
2016-08-03,1017,1034.0,1000.0,1012.0,3668000.0,2024.0
2016-08-04,1020,1020.0,937.0,952.0,3901000.0,1904.0
2016-08-05,937,957.0,922.0,932.0,2018000.0,1864.0
2016-08-08,930,937.0,908.0,918.0,1710000.0,1836.0
2016-08-09,922,949.0,915.0,945.0,1413000.0,1890.0
2016-08-10,943,967.0,939.0,961.0,1376000.0,1922.0
2016-08-12,963,973.0,955.0,971.0,1073000.0,1942.0
2016-08-15,971,999.0,970.0,998.0,1618000.0,1996.0
2016-08-16,1000,1001.0,986.0,993.0,1927000.0,1986.0
2016-08-17,994,1004.0,983.0,987.0,1407000.0,1974.0
2016-08-18,999,1013.0,983.0,984.0,1267000.0,1968.0
2016-08-19,981,982.0,954.0,965.0,1488000.0,1930.0
2016-08-22,975,982.0,968.0,979.0,894000.0,1958.0
2016-08-23,997,1026.0,997.0,1019.0,1646000.0,2038.0
2016-08-24,1012,1058.0,1012.0,1054.0,2491000.0,2108.0
2016-08-25,1057,1073.0,1047.0,1052.0,2189000.0,2104.0
2016-08-26,1049,1073.0,1041.0,1052.0,2828000.0,2104.0
2016-08-29,1070,1079.0,1054.0,1058.0,1579000.0,2116.0
2016-08-30,1052,1054.0,1023.0,1028.0,1355000.0,2056.0
2016-08-31,1023,1028.0,988.0,1025.0,2146000.0,2050.0
2016-09-01,1020,1024.0,1005.0,1014.0,1891000.0,2028.0
2016-09-02,1001,1019.0,1000.0,1016.0,1759000.0,2032.0
2016-09-05,1020,1025.0,1010.0,1023.0,735000.0,2046.0
2016-09-06,1030,1050.0,1030.0,1047.0,873000.0,2094.0
2016-09-07,1051,1064.0,1049.0,1055.0,1080000.0,2110.0
2016-09-08,1065,1065.0,1041.0,1049.0,909000.0,2098.0
2016-09-09,1033,1048.0,1020.0,1025.0,1681000.0,2050.0
2016-09-12,1017,1040.0,1015.0,1035.0,795000.0,2070.0
2016-09-13,1041,1060.0,1040.0,1058.0,1090000.0,2116.0
2016-09-14,1058,1075.0,1054.0,1058.0,1458000.0,2116.0
2016-09-15,1057,1072.0,1050.0,1055.0,1294000.0,2110.0
2016-09-16,1042,1053.0,1040.0,1052.0,1532000.0,2104.0
2016-09-20,1030,1065.0,1026.0,1061.0,1227000.0,2122.0
2016-09-21,1069,1112.0,1068.0,1095.0,2702000.0,2190.0
2016-09-23,1100,1106.0,1089.0,1097.0,1209000.0,2194.0
2016-09-26,1139,1178.0,1128.0,1157.0,3859000.0,2314.0
2016-09-27,1130,1170.0,1126.0,1170.0,2160000.0,2340.0
2016-09-28,2344,2369.0,2314.0,2340.0,631700.0,2340.0
2016-09-29,2312,2322.0,2217.0,2266.0,1389900.0,2266.0
2016-09-30,2291,2298.0,2241.0,2264.0,1542300.0,2264.0
2016-10-03,2284,2356.0,2280.0,2318.0,886900.0,2318.0
2016-10-04,2308,2310.0,2285.0,2304.0,895500.0,2304.0
2016-10-05,2291,2291.0,2237.0,2249.0,970300.0,2249.0
2016-10-06,2222,2256.0,2206.0,2247.0,910300.0,2247.0
2016-10-07,2215,2231.0,2194.0,2209.0,1319800.0,2209.0
2016-10-11,2215,2238.0,2184.0,2232.0,866100.0,2232.0
2016-10-12,2231,2240.0,2203.0,2214.0,852000.0,2214.0
2016-10-13,2222,2226.0,2192.0,2222.0,548900.0,2222.0
2016-10-14,2225,2253.0,2215.0,2238.0,823800.0,2238.0
2016-10-17,2231,2251.0,2211.0,2238.0,617000.0,2238.0
2016-10-18,2238,2312.0,2236.0,2308.0,1047700.0,2308.0
2016-10-19,2324,2333.0,2302.0,2318.0,911700.0,2318.0
2016-10-20,2315,2334.0,2306.0,2326.0,577400.0,2326.0
2016-10-21,2326,2345.0,2265.0,2285.0,1179200.0,2285.0
2016-10-24,2299,2323.0,2285.0,2312.0,473500.0,2312.0
2016-10-25,2342,2342.0,2313.0,2326.0,664000.0,2326.0
2016-10-26,2339,2376.0,2337.0,2367.0,853700.0,2367.0
2016-10-27,2395,2396.0,2348.0,2351.0,808900.0,2351.0
2016-10-28,2368,2368.0,2276.0,2309.0,1644300.0,2309.0
2016-10-31,2280,2312.0,2275.0,2299.0,818400.0,2299.0
2016-11-01,2296,2407.0,2268.0,2312.0,2027600.0,2312.0
2016-11-02,2340,2445.0,2339.0,2398.0,2352700.0,2398.0
2016-11-04,2383,2415.0,2350.0,2387.0,1101600.0,2387.0
2016-11-07,2398,2400.0,2336.0,2365.0,639900.0,2365.0
2016-11-08,2368,2368.0,2322.0,2337.0,633400.0,2337.0
2016-11-09,2347,2369.0,2260.0,2269.0,1057000.0,2269.0
2016-11-10,2319,2333.0,2183.0,2204.0,2016100.0,2204.0
2016-11-11,2211,2211.0,2125.0,2138.0,1476600.0,2138.0
2016-11-14,2168,2170.0,2117.0,2127.0,985400.0,2127.0
2016-11-15,2127,2139.0,2091.0,2130.0,1031400.0,2130.0
2016-11-16,2155,2177.0,2132.0,2169.0,1376300.0,2169.0
2016-11-17,2167,2198.0,2155.0,2164.0,1438700.0,2164.0
2016-11-18,2150,2154.0,2108.0,2146.0,1078500.0,2146.0
2016-11-21,2157,2173.0,2148.0,2151.0,824600.0,2151.0
2016-11-22,2162,2180.0,2153.0,2176.0,625800.0,2176.0
2016-11-24,2226,2226.0,2187.0,2199.0,1231900.0,2199.0
2016-11-25,2194,2198.0,2166.0,2190.0,982900.0,2190.0
2016-11-28,2201,2224.0,2186.0,2220.0,834200.0,2220.0
2016-11-29,2221,2246.0,2221.0,2242.0,981000.0,2242.0
2016-11-30,2260,2315.0,2258.0,2315.0,1412300.0,2315.0
2016-12-01,2330,2355.0,2308.0,2332.0,2016400.0,2332.0
2016-12-02,2297,2329.0,2277.0,2288.0,1027400.0,2288.0
2016-12-05,2304,2308.0,2273.0,2281.0,685000.0,2281.0
2016-12-06,2296,2297.0,2236.0,2248.0,820600.0,2248.0
2016-12-07,2237,2241.0,2211.0,2221.0,610800.0,2221.0
2016-12-08,2210,2228.0,2175.0,2228.0,1028800.0,2228.0
2016-12-09,2198,2216.0,2164.0,2204.0,1295200.0,2204.0
2016-12-12,2224,2283.0,2215.0,2278.0,1048100.0,2278.0
2016-12-13,2300,2352.0,2290.0,2344.0,831700.0,2344.0
2016-12-14,2365,2394.0,2322.0,2341.0,756700.0,2341.0
2016-12-15,2306,2342.0,2283.0,2322.0,974700.0,2322.0
2016-12-16,2335,2363.0,2326.0,2345.0,649900.0,2345.0
2016-12-19,2345,2373.0,2345.0,2371.0,419400.0,2371.0
2016-12-20,2375,2426.0,2373.0,2420.0,658000.0,2420.0
2016-12-21,2400,2442.0,2395.0,2402.0,768900.0,2402.0
2016-12-22,2400,2434.0,2381.0,2409.0,553100.0,2409.0
2016-12-26,2409,2419.0,2390.0,2411.0,436500.0,2411.0
2016-12-27,2409,2431.0,2396.0,2400.0,604400.0,2400.0
2016-12-28,2394,2419.0,2376.0,2408.0,402600.0,2408.0
2016-12-29,2415,2418.0,2393.0,2404.0,370500.0,2404.0
2016-12-30,2400,2433.0,2385.0,2420.0,502900.0,2420.0
2017-01-04,2430,2461.0,2403.0,2440.0,842900.0,2440.0
