Date,Open,High,Low,Close,Volume,Adj Close
2008-10-20,136,138,134,137,2219000,137
2008-10-21,144,144,138,139,2922000,139
2008-10-22,137,141,130,130,2433000,130
2008-10-23,129,129,120,128,4551000,128
2008-10-24,130,130,117,117,3226000,117
2008-10-27,117,121,110,110,3575000,110
2008-10-28,112,122,110,121,4738000,121
2008-10-29,126,132,125,132,4626000,132
2008-10-30,133,142,131,141,3850000,141
2008-10-31,141,145,137,137,3080000,137
2008-11-04,140,146,139,146,2419000,146
2008-11-05,148,152,146,152,3564000,152
2008-11-06,138,142,138,138,3067000,138
2008-11-07,133,137,128,131,3237000,131
2008-11-10,138,141,138,140,2284000,140
2008-11-11,136,139,134,134,1555000,134
2008-11-12,131,134,130,132,1373000,132
2008-11-13,129,131,125,126,2219000,126
2008-11-14,135,136,128,131,2535000,131
2008-11-17,128,136,127,133,1477000,133
2008-11-18,130,134,129,134,1363000,134
2008-11-19,135,135,131,135,1596000,135
2008-11-20,130,131,125,126,1725000,126
2008-11-21,120,130,120,130,2720000,130
2008-11-25,135,136,127,130,3956000,130
2008-11-26,130,132,127,129,1944000,129
2008-11-27,130,132,127,128,1260000,128
2008-11-28,127,130,127,130,1298000,130
2008-12-01,129,130,125,127,1565000,127
2008-12-02,121,122,118,118,2502000,118
2008-12-03,120,122,118,120,1540000,120
2008-12-04,121,124,119,122,1378000,122
2008-12-05,121,122,119,120,1302000,120
2008-12-08,122,126,120,125,1411000,125
2008-12-09,125,127,123,127,1491000,127
2008-12-10,130,136,130,135,4152000,135
2008-12-11,132,135,130,135,1438000,135
2008-12-12,133,141,132,137,5654000,137
2008-12-15,137,141,136,137,2245000,137
2008-12-16,135,136,131,133,1858000,133
2008-12-17,135,136,128,130,2179000,130
2008-12-18,130,133,129,132,1566000,132
2008-12-19,132,133,129,132,1796000,132
2008-12-22,129,134,128,134,1389000,134
2008-12-24,133,133,129,130,925000,130
2008-12-25,130,131,129,129,512000,129
2008-12-26,130,132,128,130,1067000,130
2008-12-29,131,133,130,133,530000,133
2008-12-30,133,135,132,135,575000,135
2009-01-05,139,140,136,137,465000,137
2009-01-06,138,138,136,137,985000,137
2009-01-07,136,140,136,138,1457000,138
2009-01-08,135,136,132,133,1546000,133
2009-01-09,132,133,130,131,1438000,131
2009-01-13,130,130,126,126,1535000,126
2009-01-14,127,130,126,128,1141000,128
2009-01-15,126,127,123,125,2016000,125
2009-01-16,127,128,124,127,1941000,127
2009-01-19,129,130,127,128,883000,128
2009-01-20,126,127,124,125,1150000,125
2009-01-21,125,135,124,131,4314000,131
2009-01-22,131,134,128,134,2513000,134
2009-01-23,134,134,129,130,1335000,130
2009-01-26,130,134,130,133,1766000,133
2009-01-27,134,137,133,134,3272000,134
2009-01-28,135,135,130,135,1715000,135
2009-01-29,136,136,132,134,2200000,134
2009-01-30,131,133,131,131,964000,131
2009-02-02,130,131,127,128,1745000,128
2009-02-03,130,132,128,130,1222000,130
2009-02-04,129,135,128,133,1612000,133
2009-02-05,135,137,134,135,2081000,135
2009-02-06,137,139,133,137,1547000,137
2009-02-09,138,139,132,133,1830000,133
2009-02-10,135,136,130,130,1451000,130
2009-02-12,129,131,128,128,1438000,128
2009-02-13,130,134,129,132,1632000,132
2009-02-16,132,134,132,134,1006000,134
2009-02-17,132,134,129,130,852000,130
2009-02-18,129,132,129,132,1133000,132
2009-02-19,132,138,132,137,2833000,137
2009-02-20,137,140,134,136,3239000,136
2009-02-23,133,134,132,133,1254000,133
2009-02-24,130,132,129,130,1594000,130
2009-02-25,135,135,128,130,1755000,130
2009-02-26,131,132,128,129,2486000,129
2009-02-27,129,133,128,133,1766000,133
2009-03-02,129,130,127,127,1749000,127
2009-03-03,125,127,122,124,2730000,124
2009-03-04,122,123,120,123,2990000,123
2009-03-05,123,126,122,125,2208000,125
2009-03-06,122,124,122,123,1575000,123
2009-03-09,123,125,121,121,907000,121
2009-03-10,121,124,121,123,1026000,123
2009-03-11,126,127,124,126,1513000,126
2009-03-12,123,125,120,121,1636000,121
2009-03-13,123,126,122,126,3998000,126
2009-03-16,127,130,127,129,1572000,129
2009-03-17,127,128,123,124,4036000,124
2009-03-18,126,130,125,125,2874000,125
2009-03-19,127,128,124,127,1886000,127
2009-03-23,126,129,125,129,2461000,129
2009-03-24,132,134,128,134,3838000,134
2009-03-25,137,140,134,139,4192000,139
2009-03-26,136,138,133,138,1843000,138
2009-03-27,138,139,136,139,1251000,139
2009-03-30,138,139,131,131,2160000,131
2009-03-31,130,132,127,127,2892000,127
2009-04-01,129,133,129,133,1100000,133
2009-04-02,134,136,132,134,960000,134
2009-04-03,136,136,132,134,1237000,134
2009-04-06,135,137,134,135,1555000,135
2009-04-07,134,135,133,133,1261000,133
2009-04-08,133,134,130,131,1095000,131
2009-04-09,133,136,133,134,1321000,134
2009-04-10,138,138,134,135,2503000,135
2009-04-13,136,143,135,142,3894000,142
2009-04-14,145,147,143,144,3679000,144
2009-04-15,143,143,137,139,2983000,139
2009-04-16,143,145,141,142,1364000,142
2009-04-17,144,145,141,141,1192000,141
2009-04-20,141,142,140,141,1144000,141
2009-04-21,138,139,133,134,2838000,134
2009-04-22,136,137,133,133,1570000,133
2009-04-23,135,135,133,134,1894000,134
2009-04-24,136,136,134,134,1183000,134
2009-04-27,139,140,137,138,2479000,138
2009-04-28,140,142,135,135,3286000,135
2009-04-30,143,173,142,154,38978000,154
2009-05-01,144,148,136,142,13549000,142
2009-05-07,144,146,141,143,5200000,143
2009-05-08,143,147,143,144,3302000,144
2009-05-11,148,150,144,146,3258000,146
2009-05-12,146,149,145,147,3188000,147
2009-05-13,146,148,144,146,1537000,146
2009-05-14,143,144,143,144,1338000,144
2009-05-15,143,144,141,141,2162000,141
2009-05-18,155,158,150,151,13756000,151
2009-05-19,145,149,142,148,4467000,148
2009-05-20,148,149,146,148,2472000,148
2009-05-21,149,150,147,147,1830000,147
2009-05-22,149,151,148,148,1982000,148
2009-05-25,148,149,147,148,1367000,148
2009-05-26,146,147,142,142,4018000,142
2009-05-27,144,145,142,142,2300000,142
2009-05-28,142,143,140,141,4217000,141
2009-05-29,141,145,140,143,3259000,143
2009-06-01,145,147,144,147,1918000,147
2009-06-02,149,151,148,149,2576000,149
2009-06-03,150,152,150,152,1781000,152
2009-06-04,151,152,147,148,2199000,148
2009-06-05,150,150,147,148,1127000,148
2009-06-08,149,151,149,149,1012000,149
2009-06-09,149,149,148,149,1531000,149
2009-06-10,154,155,152,154,2885000,154
2009-06-11,164,166,160,160,6317000,160
2009-06-12,161,164,160,162,7315000,162
2009-06-15,164,164,160,160,1868000,160
2009-06-16,158,159,154,154,1761000,154
2009-06-17,153,158,153,157,1530000,157
2009-06-18,157,157,154,157,1400000,157
2009-06-19,157,158,154,156,1512000,156
2009-06-22,157,160,156,160,2403000,160
2009-06-23,156,157,153,155,1983000,155
2009-06-24,154,155,154,155,1308000,155
2009-06-25,156,159,155,158,1695000,158
2009-06-26,159,160,154,155,3154000,155
2009-06-29,156,159,155,156,1477000,156
2009-06-30,157,160,157,157,3060000,157
2009-07-01,157,160,157,159,2007000,159
2009-07-02,160,164,159,163,6841000,163
2009-07-03,161,166,160,164,7170000,164
2009-07-06,163,164,159,162,3069000,162
2009-07-07,161,162,159,161,1543000,161
2009-07-08,160,160,158,159,1770000,159
2009-07-09,157,158,154,156,1711000,156
2009-07-10,157,161,156,160,3628000,160
2009-07-13,159,160,151,151,2119000,151
2009-07-14,154,159,154,159,3135000,159
2009-07-15,160,160,157,158,832000,158
2009-07-16,158,161,158,158,1353000,158
2009-07-17,158,161,157,161,1347000,161
2009-07-21,162,167,161,166,3897000,166
2009-07-22,166,170,165,168,3320000,168
2009-07-23,169,172,167,171,3566000,171
2009-07-24,174,175,170,172,3137000,172
2009-07-27,172,181,172,180,5432000,180
2009-07-28,180,187,177,186,6191000,186
2009-07-29,183,186,177,180,4826000,180
2009-07-30,178,179,173,175,3917000,175
2009-07-31,178,178,177,178,1132000,178
2009-08-03,180,183,178,180,1668000,180
2009-08-04,181,186,179,182,4400000,182
2009-08-05,181,183,178,179,1544000,179
2009-08-06,176,179,176,176,1888000,176
2009-08-07,176,178,173,174,1683000,174
2009-08-10,177,184,176,184,2478000,184
2009-08-11,185,185,182,184,1656000,184
2009-08-12,180,181,177,180,2307000,180
2009-08-13,179,185,179,182,2285000,182
2009-08-14,184,186,181,185,3236000,185
2009-08-17,189,189,181,181,2627000,181
2009-08-18,178,181,178,180,2687000,180
2009-08-19,183,192,182,186,6693000,186
2009-08-20,189,191,185,189,2759000,189
2009-08-21,188,188,178,180,5183000,180
2009-08-24,183,188,183,187,2693000,187
2009-08-25,188,188,184,187,3208000,187
2009-08-26,188,190,186,188,1621000,188
2009-08-27,186,186,180,182,1792000,182
2009-08-28,183,183,180,181,2169000,181
2009-08-31,182,184,176,178,3367000,178
2009-09-01,175,176,172,176,4163000,176
2009-09-02,171,172,169,170,4041000,170
2009-09-03,170,171,167,167,1798000,167
2009-09-04,168,168,163,163,2677000,163
2009-09-07,165,166,162,164,2135000,164
2009-09-08,165,165,162,164,2413000,164
2009-09-09,164,164,162,162,1067000,162
2009-09-10,162,165,161,165,2516000,165
2009-09-11,163,166,161,162,6728000,162
2009-09-14,163,163,158,159,2240000,159
2009-09-15,160,163,158,160,2647000,160
2009-09-16,161,162,158,158,1549000,158
2009-09-17,159,160,158,160,2165000,160
2009-09-18,159,160,156,158,1668000,158
2009-09-24,157,162,157,161,2459000,161
2009-09-25,162,163,160,160,1736000,160
2009-09-28,158,158,152,154,2398000,154
2009-09-29,154,155,152,153,1288000,153
2009-09-30,153,155,152,154,1551000,154
2009-10-01,152,152,148,149,1533000,149
2009-10-02,144,148,142,148,2995000,148
2009-10-05,148,148,143,144,1339000,144
2009-10-06,145,145,142,144,1932000,144
2009-10-07,144,149,143,148,2654000,148
2009-10-08,150,150,145,145,2136000,145
2009-10-09,145,149,144,148,2443000,148
2009-10-13,150,151,148,149,1433000,149
2009-10-14,149,149,145,147,1180000,147
2009-10-15,149,150,147,148,1519000,148
2009-10-16,148,150,147,150,1613000,150
2009-10-19,148,149,146,147,1747000,147
2009-10-20,148,149,147,148,1056000,148
2009-10-21,146,148,146,147,1395000,147
2009-10-22,146,147,145,147,1567000,147
2009-10-23,147,148,145,145,1331000,145
2009-10-26,146,149,145,148,1240000,148
2009-10-27,146,147,145,146,828000,146
2009-10-28,146,147,142,144,1838000,144
2009-10-29,141,143,141,142,1880000,142
2009-10-30,143,144,142,142,1378000,142
2009-11-02,140,142,140,141,1631000,141
2009-11-04,142,144,141,143,1162000,143
2009-11-05,142,144,140,140,1303000,140
2009-11-06,143,143,141,143,1016000,143
2009-11-09,143,144,142,142,1053000,142
2009-11-10,144,145,141,142,2107000,142
2009-11-11,142,144,142,142,1197000,142
2009-11-12,143,144,141,141,1474000,141
2009-11-13,141,142,140,140,1158000,140
2009-11-16,140,141,137,138,1467000,138
2009-11-17,136,137,132,135,1980000,135
2009-11-18,133,136,133,135,1236000,135
2009-11-19,136,136,132,134,1166000,134
2009-11-20,133,135,132,135,954000,135
2009-11-24,136,137,131,132,1712000,132
2009-11-25,134,134,131,132,1077000,132
2009-11-26,130,131,130,130,885000,130
2009-11-27,129,129,125,126,2010000,126
2009-11-30,128,132,128,131,1837000,131
2009-12-01,130,135,130,135,2277000,135
2009-12-02,135,138,135,136,1673000,136
2009-12-03,138,143,137,143,1817000,143
2009-12-04,142,143,140,142,1229000,142
2009-12-07,144,146,143,145,1251000,145
2009-12-08,146,148,144,145,1430000,145
2009-12-09,142,144,142,144,796000,144
2009-12-10,148,148,141,142,1851000,142
2009-12-11,145,145,141,142,4098000,142
2009-12-14,143,144,141,143,1180000,143
2009-12-15,143,144,141,143,906000,143
2009-12-16,144,147,144,145,1623000,145
2009-12-17,145,147,145,146,1009000,146
2009-12-18,147,148,145,146,1404000,146
2009-12-21,146,146,144,146,724000,146
2009-12-22,147,149,146,148,1393000,148
2009-12-24,149,151,148,149,1941000,149
2009-12-25,149,149,145,146,1347000,146
2009-12-28,147,149,146,149,879000,149
2009-12-29,149,149,147,148,1064000,148
2009-12-30,148,148,146,146,1018000,146
2010-01-04,147,149,146,147,975000,147
2010-01-05,149,149,144,146,1974000,146
2010-01-06,147,147,145,145,1075000,145
2010-01-07,146,150,146,147,2414000,147
2010-01-08,148,152,148,150,4286000,150
2010-01-12,150,152,149,152,2494000,152
2010-01-13,152,154,152,152,1680000,152
2010-01-14,153,154,151,153,1791000,153
2010-01-15,154,154,150,152,1991000,152
2010-01-18,150,152,149,150,1006000,150
2010-01-19,151,152,150,151,968000,151
2010-01-20,151,152,149,149,1390000,149
2010-01-21,149,153,148,153,2307000,153
2010-01-22,150,150,148,149,1432000,149
2010-01-25,149,149,145,147,3409000,147
2010-01-26,146,147,142,142,1874000,142
2010-01-27,143,143,140,141,1778000,141
2010-01-28,141,142,139,140,2548000,140
2010-01-29,138,139,135,137,2693000,137
2010-02-01,137,138,133,135,3054000,135
2010-02-02,135,138,135,137,1509000,137
2010-02-03,140,141,139,141,2277000,141
2010-02-04,141,143,141,142,1544000,142
2010-02-05,138,139,136,137,1483000,137
2010-02-08,136,138,135,137,2244000,137
2010-02-09,135,137,132,133,3374000,133
2010-02-10,134,134,132,132,2413000,132
2010-02-12,133,133,131,132,2856000,132
2010-02-15,132,134,130,131,2107000,131
2010-02-16,131,132,130,131,1686000,131
2010-02-17,134,136,131,132,6643000,132
2010-02-18,132,133,131,133,3718000,133
2010-02-19,133,133,130,130,3431000,130
2010-02-22,131,133,131,132,4007000,132
2010-02-23,133,136,133,135,8328000,135
2010-02-24,135,137,133,134,6059000,134
2010-02-25,136,136,133,133,2595000,133
2010-02-26,134,136,134,135,2322000,135
2010-03-01,136,139,136,138,3329000,138
2010-03-02,139,140,137,139,2082000,139
2010-03-03,138,139,137,138,1800000,138
2010-03-04,137,137,136,136,1700000,136
2010-03-05,136,137,136,136,1182000,136
2010-03-08,138,139,137,138,2304000,138
2010-03-09,137,140,137,140,2490000,140
2010-03-10,140,144,140,143,5499000,143
2010-03-11,143,144,140,142,3562000,142
2010-03-12,143,144,141,143,6062000,143
2010-03-15,144,146,143,145,3523000,145
2010-03-16,144,146,144,145,1851000,145
2010-03-17,146,149,146,148,4631000,148
2010-03-18,148,150,147,147,2992000,147
2010-03-19,148,151,147,149,2934000,149
2010-03-23,149,151,149,150,2058000,150
2010-03-24,151,154,149,150,4096000,150
2010-03-25,151,151,148,149,3051000,149
2010-03-26,149,150,147,149,2646000,149
2010-03-29,147,147,145,146,1429000,146
2010-03-30,147,149,146,149,1703000,149
2010-03-31,150,150,148,149,1751000,149
2010-04-01,148,148,146,148,2659000,148
2010-04-02,149,150,148,149,1358000,149
2010-04-05,149,149,147,148,2076000,148
2010-04-06,148,150,147,150,4020000,150
2010-04-07,150,150,148,148,1471000,148
2010-04-08,148,149,147,147,3257000,147
2010-04-09,147,149,147,149,4261000,149
2010-04-12,150,154,149,151,4532000,151
2010-04-13,152,153,148,148,5136000,148
2010-04-14,149,151,148,148,2890000,148
2010-04-15,150,151,149,150,2114000,150
2010-04-16,150,152,149,149,2987000,149
2010-04-19,148,150,147,149,3499000,149
2010-04-20,149,151,149,150,1665000,150
2010-04-21,151,154,151,154,4283000,154
2010-04-22,159,162,155,156,12167000,156
2010-04-23,158,160,156,158,7771000,158
2010-04-26,159,162,158,161,5014000,161
2010-04-27,159,162,159,161,3111000,161
2010-04-28,156,159,155,156,5267000,156
2010-04-30,158,162,157,158,4584000,158
2010-05-06,155,156,152,152,4292000,152
2010-05-07,148,151,145,148,4431000,148
2010-05-10,149,158,149,158,6367000,158
2010-05-11,158,159,155,157,4599000,157
2010-05-12,156,160,155,156,4182000,156
2010-05-13,155,156,152,155,6310000,155
2010-05-14,153,156,152,154,3542000,154
2010-05-17,152,152,147,147,4673000,147
2010-05-18,148,151,148,148,2463000,148
2010-05-19,145,147,144,147,3159000,147
2010-05-20,145,147,143,145,3306000,145
2010-05-21,140,142,139,140,3766000,140
2010-05-24,141,143,139,141,3136000,141
2010-05-25,140,141,137,138,2314000,138
2010-05-26,138,140,137,138,2238000,138
2010-05-27,136,140,136,139,3378000,139
2010-05-28,142,142,139,140,2263000,140
2010-05-31,142,147,142,143,6109000,143
2010-06-01,144,149,143,147,4416000,147
2010-06-02,147,150,146,147,3261000,147
2010-06-03,149,152,147,152,4677000,152
2010-06-04,153,155,150,152,3704000,152
2010-06-07,148,149,145,145,2629000,145
2010-06-08,144,150,144,149,3590000,149
2010-06-09,149,150,144,145,4028000,145
2010-06-10,147,148,145,148,2277000,148
2010-06-11,150,152,148,150,6004000,150
2010-06-14,154,157,154,156,2869000,156
2010-06-15,155,156,153,156,1500000,156
2010-06-16,156,157,155,156,1260000,156
2010-06-17,155,158,154,157,2743000,157
2010-06-18,157,159,157,159,2036000,159
2010-06-21,158,162,158,161,4055000,161
2010-06-22,161,164,160,163,4474000,163
2010-06-23,161,163,158,158,3333000,158
2010-06-24,157,160,156,159,2761000,159
2010-06-25,159,159,155,156,1631000,156
2010-06-28,156,156,153,155,2185000,155
2010-06-29,154,156,152,153,1433000,153
2010-06-30,149,150,147,149,2370000,149
2010-07-01,147,148,146,146,1458000,146
2010-07-02,147,150,147,150,3461000,150
2010-07-05,152,155,151,153,2974000,153
2010-07-06,150,151,146,151,3559000,151
2010-07-07,150,150,148,150,2292000,150
2010-07-08,153,154,152,152,2418000,152
2010-07-09,154,154,151,152,2018000,152
2010-07-12,152,154,151,152,2372000,152
2010-07-13,153,156,151,151,1882000,151
2010-07-14,154,155,153,154,1306000,154
2010-07-15,152,155,152,155,1521000,155
2010-07-16,155,157,150,150,3312000,150
2010-07-20,148,151,147,150,1478000,150
2010-07-21,151,152,147,148,1303000,148
2010-07-22,146,146,143,144,2740000,144
2010-07-23,148,149,146,147,2001000,147
2010-07-26,149,150,147,148,1713000,148
2010-07-27,148,151,147,150,1953000,150
2010-07-28,151,151,149,151,755000,151
2010-07-29,149,149,147,148,1630000,148
2010-07-30,148,149,147,148,2094000,148
2010-08-02,150,153,149,151,2685000,151
2010-08-03,154,155,151,153,2433000,153
2010-08-04,153,154,151,151,2888000,151
2010-08-05,153,156,152,156,3901000,156
2010-08-06,155,155,153,155,2153000,155
2010-08-09,152,154,151,152,2213000,152
2010-08-10,152,152,149,149,1512000,149
2010-08-11,148,148,146,146,1236000,146
2010-08-12,144,146,143,145,2576000,145
2010-08-13,145,146,143,145,1982000,145
2010-08-16,144,146,142,146,1533000,146
2010-08-17,145,146,143,144,1481000,144
2010-08-18,145,146,143,144,1668000,144
2010-08-19,143,146,143,144,2797000,144
2010-08-20,142,143,140,140,2198000,140
2010-08-23,138,141,138,138,2563000,138
2010-08-24,136,137,134,135,2975000,135
2010-08-25,137,138,135,135,2437000,135
2010-08-26,136,136,132,133,3212000,133
2010-08-27,132,136,131,135,4307000,135
2010-08-30,137,138,135,137,2994000,137
2010-08-31,135,136,129,129,4603000,129
2010-09-01,130,132,129,131,3671000,131
2010-09-02,132,133,130,131,2641000,131
2010-09-03,131,133,131,133,1528000,133
2010-09-06,135,137,134,136,1592000,136
2010-09-07,135,138,134,136,2958000,136
2010-09-08,134,135,133,133,837000,133
2010-09-09,135,135,133,134,1083000,134
2010-09-10,134,137,133,134,4977000,134
2010-09-13,135,138,135,137,1795000,137
2010-09-14,136,138,135,137,2044000,137
2010-09-15,137,142,136,141,3635000,141
2010-09-16,141,142,139,140,1152000,140
2010-09-17,140,142,139,141,1148000,141
2010-09-21,141,144,141,142,1162000,142
2010-09-22,141,142,140,140,766000,140
2010-09-24,140,140,137,137,2439000,137
2010-09-27,140,140,139,140,822000,140
2010-09-28,140,140,138,139,827000,139
2010-09-29,138,139,137,139,1438000,139
2010-09-30,138,139,134,134,1859000,134
2010-10-01,136,137,135,136,1302000,136
2010-10-04,136,138,136,137,1071000,137
2010-10-05,135,139,135,138,1150000,138
2010-10-06,138,141,136,140,2725000,140
2010-10-07,140,142,139,141,939000,141
2010-10-08,142,143,139,140,2521000,140
2010-10-12,141,141,136,136,1158000,136
2010-10-13,136,137,134,134,1951000,134
2010-10-14,136,139,135,137,1850000,137
2010-10-15,138,139,137,137,938000,137
2010-10-18,137,140,137,138,907000,138
2010-10-19,139,142,139,142,1893000,142
2010-10-20,139,140,137,137,1552000,137
2010-10-21,138,139,134,135,2759000,135
2010-10-22,135,139,134,138,1344000,138
2010-10-25,140,140,137,137,1074000,137
2010-10-26,136,138,135,136,1689000,136
2010-10-27,137,137,136,136,510000,136
2010-10-28,136,136,134,134,969000,134
2010-10-29,134,134,132,134,1082000,134
2010-11-01,133,134,132,132,1096000,132
2010-11-02,132,134,131,132,1746000,132
2010-11-04,133,135,132,135,1415000,135
2010-11-05,136,138,135,138,1121000,138
2010-11-08,138,139,138,139,809000,139
2010-11-09,138,139,137,139,1483000,139
2010-11-10,139,140,139,140,898000,140
2010-11-11,139,141,139,141,1146000,141
2010-11-12,140,140,137,138,1442000,138
2010-11-15,140,141,138,140,1300000,140
2010-11-16,140,141,138,139,1235000,139
2010-11-17,138,140,137,139,1206000,139
2010-11-18,139,143,139,143,2562000,143
2010-11-19,143,144,141,143,2024000,143
2010-11-22,144,145,142,142,1530000,142
2010-11-24,140,145,139,144,1428000,144
2010-11-25,145,146,144,144,999000,144
2010-11-26,144,146,143,143,757000,143
2010-11-29,144,145,143,145,874000,145
2010-11-30,144,145,141,141,1112000,141
2010-12-01,141,145,140,144,2414000,144
2010-12-02,146,148,143,144,2885000,144
2010-12-03,145,145,144,145,1109000,145
2010-12-06,145,146,145,146,608000,146
2010-12-07,145,146,144,146,1584000,146
2010-12-08,145,148,145,148,2511000,148
2010-12-09,148,149,147,148,3291000,148
2010-12-10,150,150,147,147,4901000,147
2010-12-13,147,149,146,149,1381000,149
2010-12-14,148,149,147,148,1565000,148
2010-12-15,148,148,147,148,968000,148
2010-12-16,147,148,147,147,1447000,147
2010-12-17,148,150,147,148,3027000,148
2010-12-20,149,150,147,147,1819000,147
2010-12-21,147,149,147,149,1206000,149
2010-12-22,149,150,148,148,2462000,148
2010-12-24,148,148,146,146,974000,146
2010-12-27,146,147,145,146,1555000,146
2010-12-28,145,146,144,145,1097000,145
2010-12-29,144,147,144,146,1481000,146
2010-12-30,145,147,145,145,1508000,145
2011-01-04,149,151,148,149,2390000,149
2011-01-05,149,151,149,150,1798000,150
2011-01-06,152,154,152,152,1554000,152
2011-01-07,151,153,151,152,1370000,152
2011-01-11,153,156,152,156,3322000,156
2011-01-12,157,158,154,154,3039000,154
2011-01-13,156,158,156,156,1427000,156
2011-01-14,154,156,154,154,2465000,154
2011-01-17,155,155,152,152,1202000,152
2011-01-18,152,154,151,153,2472000,153
2011-01-19,154,157,154,157,2319000,157
2011-01-20,156,157,153,154,2384000,154
2011-01-21,154,155,150,150,2149000,150
2011-01-24,150,153,150,153,1747000,153
2011-01-25,154,154,152,152,2234000,152
2011-01-26,153,153,151,152,1151000,152
2011-01-27,153,153,152,152,793000,152
2011-01-28,152,153,149,149,1578000,149
2011-01-31,148,154,147,151,1914000,151
2011-02-01,151,152,151,151,759000,151
2011-02-02,152,154,152,153,1234000,153
2011-02-03,152,156,152,155,2665000,155
2011-02-04,157,159,156,158,3189000,158
2011-02-07,159,162,150,152,10995000,152
2011-02-08,155,156,153,153,3390000,153
2011-02-09,154,154,151,151,4117000,151
2011-02-10,151,152,150,150,2840000,150
2011-02-14,152,154,150,152,4615000,152
2011-02-15,153,153,152,153,2500000,153
2011-02-16,153,154,152,152,2657000,152
2011-02-17,153,153,150,151,3543000,151
2011-02-18,151,152,150,150,2792000,150
2011-02-21,150,150,148,150,5219000,150
2011-02-22,149,149,145,146,5026000,146
2011-02-23,145,148,144,147,4267000,147
2011-02-24,137,139,134,134,15862000,134
2011-02-25,135,136,132,134,9597000,134
2011-02-28,135,137,134,135,6408000,135
2011-03-01,136,141,136,140,7045000,140
2011-03-02,138,139,135,135,5840000,135
2011-03-03,136,138,135,136,3398000,136
2011-03-04,136,137,133,133,11838000,133
2011-03-07,133,134,131,131,11156000,131
2011-03-08,131,133,128,129,41974000,129
2011-03-09,134,135,131,133,25291000,133
2011-03-10,133,133,130,132,16281000,132
2011-03-11,129,131,128,128,18604000,128
2011-03-14,117,123,116,118,14645000,118
2011-03-15,115,118,91,118,21309000,118
2011-03-16,113,117,105,109,24957000,109
2011-03-17,104,110,102,107,26188000,107
2011-03-18,109,114,109,113,16219000,113
2011-03-22,118,119,116,117,13356000,117
2011-03-23,117,122,115,119,11559000,119
2011-03-24,123,124,120,120,9758000,120
2011-03-25,122,123,117,119,8734000,119
2011-03-28,121,122,119,121,6913000,121
2011-03-29,119,121,116,121,8539000,121
2011-03-30,121,123,119,122,8268000,122
2011-03-31,122,123,117,120,10095000,120
2011-04-01,120,123,120,121,7330000,121
2011-04-04,122,122,120,120,2621000,120
2011-04-05,119,120,117,118,5244000,118
2011-04-06,118,118,115,116,4762000,116
2011-04-07,116,117,115,116,3833000,116
2011-04-08,115,119,115,119,3536000,119
2011-04-11,119,120,118,118,2416000,118
2011-04-12,117,119,117,117,3297000,117
2011-04-13,117,124,117,122,11947000,122
2011-04-14,121,123,120,122,3375000,122
2011-04-15,123,127,122,124,12606000,124
2011-04-18,125,128,125,127,8230000,127
2011-04-19,125,127,124,125,7388000,125
2011-04-20,126,129,126,126,9241000,126
2011-04-21,127,128,126,128,2551000,128
2011-04-22,127,129,126,129,6167000,129
2011-04-25,130,131,127,128,6393000,128
2011-04-26,128,129,127,128,1642000,128
2011-04-27,128,129,126,127,3303000,127
2011-04-28,128,129,127,128,4242000,128
2011-05-02,129,131,129,131,2985000,131
2011-05-06,130,130,128,130,2374000,130
2011-05-09,130,130,126,126,6227000,126
2011-05-10,128,128,124,127,4781000,127
2011-05-11,128,128,126,127,2767000,127
2011-05-12,125,127,125,125,1845000,125
2011-05-13,125,126,123,124,3022000,124
2011-05-16,123,124,122,123,1740000,123
2011-05-17,121,123,118,119,4497000,119
2011-05-18,119,122,119,122,2479000,122
2011-05-19,122,123,120,120,1305000,120
2011-05-20,120,121,120,120,909000,120
2011-05-23,119,120,118,119,2031000,119
2011-05-24,117,118,116,117,2459000,117
2011-05-25,118,118,114,115,4790000,115
2011-05-26,115,116,114,115,2154000,115
2011-05-27,114,117,113,116,3537000,116
2011-05-30,115,116,115,115,915000,115
2011-05-31,116,118,115,117,2310000,117
2011-06-01,118,119,116,117,3043000,117
2011-06-02,115,116,114,115,3661000,115
2011-06-03,115,115,114,114,2304000,114
2011-06-06,113,114,111,112,2437000,112
2011-06-07,111,113,110,112,3339000,112
2011-06-08,111,112,108,110,5203000,110
2011-06-09,110,110,108,109,4915000,109
2011-06-10,111,114,110,112,10558000,112
2011-06-13,111,112,110,111,1736000,111
2011-06-14,111,114,110,112,3242000,112
2011-06-15,113,114,111,112,3605000,112
2011-06-16,111,113,110,111,2725000,111
2011-06-17,111,111,108,108,6430000,108
2011-06-20,109,110,108,109,2038000,109
2011-06-21,110,111,108,110,3291000,110
2011-06-22,111,112,110,112,4595000,112
2011-06-23,111,113,110,111,4981000,111
2011-06-24,112,114,111,114,3238000,114
2011-06-27,113,115,112,113,3902000,113
2011-06-28,115,116,114,115,4795000,115
2011-06-29,116,117,115,116,4218000,116
2011-06-30,117,119,116,118,5430000,118
2011-07-01,119,120,118,118,1799000,118
2011-07-04,120,120,118,118,2732000,118
2011-07-05,118,118,117,117,1314000,117
2011-07-06,117,119,116,119,2630000,119
2011-07-07,119,121,118,120,6649000,120
2011-07-08,121,121,120,120,1937000,120
2011-07-11,120,121,118,118,3323000,118
2011-07-12,118,118,116,116,2602000,116
2011-07-13,116,118,116,118,2148000,118
2011-07-14,117,118,115,115,5060000,115
2011-07-15,115,117,115,116,3963000,116
2011-07-19,117,117,116,117,811000,117
2011-07-20,117,119,117,117,2153000,117
2011-07-21,117,117,116,117,1887000,117
2011-07-22,118,118,117,117,1713000,117
2011-07-25,118,120,117,119,3243000,119
2011-07-26,119,123,119,121,5976000,121
2011-07-27,121,122,119,122,3204000,122
2011-07-28,121,121,118,120,4152000,120
2011-07-29,119,120,118,119,2478000,119
2011-08-01,119,121,119,121,1287000,121
2011-08-02,119,120,118,118,1633000,118
2011-08-03,117,117,115,115,2010000,115
2011-08-04,116,119,115,115,3137000,115
2011-08-05,112,118,111,117,9024000,117
2011-08-08,115,119,115,117,4258000,117
2011-08-09,112,114,111,113,5718000,113
2011-08-10,116,118,115,116,3478000,116
2011-08-11,113,117,113,116,2010000,116
2011-08-12,117,117,115,117,2650000,117
2011-08-15,118,119,116,117,1888000,117
2011-08-16,116,118,116,117,2781000,117
2011-08-17,116,118,116,117,1442000,117
2011-08-18,117,118,116,117,3083000,117
2011-08-19,115,116,114,114,2147000,114
2011-08-22,114,114,111,111,2000000,111
2011-08-23,112,113,111,113,2721000,113
2011-08-24,114,114,111,111,1808000,111
2011-08-25,113,114,112,113,2272000,113
2011-08-26,113,113,112,113,1014000,113
2011-08-29,113,115,113,115,1908000,115
2011-08-30,115,116,114,115,2208000,115
2011-08-31,115,116,114,116,2082000,116
2011-09-01,115,116,113,113,3612000,113
2011-09-02,111,113,108,110,6497000,110
2011-09-05,109,110,107,108,3232000,108
2011-09-06,108,108,105,106,3707000,106
2011-09-07,107,109,106,108,3040000,108
2011-09-08,109,110,108,108,1936000,108
2011-09-09,107,109,105,106,6615000,106
2011-09-12,104,106,103,105,2198000,105
2011-09-13,107,107,104,104,1798000,104
2011-09-14,105,106,104,105,1982000,105
2011-09-15,106,106,105,106,1563000,106
2011-09-16,107,110,107,110,2462000,110
2011-09-20,108,110,108,109,1336000,109
2011-09-21,110,112,109,110,2450000,110
2011-09-22,109,110,109,110,1685000,110
2011-09-26,108,109,104,106,5690000,106
2011-09-27,107,109,107,109,1655000,109
2011-09-28,110,112,109,112,2118000,112
2011-09-29,111,114,110,114,2873000,114
2011-09-30,114,114,112,114,3017000,114
2011-10-03,111,112,108,110,3216000,110
2011-10-04,108,109,107,108,3508000,108
2011-10-05,109,109,105,106,4174000,106
2011-10-06,108,109,107,108,1218000,108
2011-10-07,108,110,108,109,1538000,109
2011-10-11,110,111,108,109,2496000,109
2011-10-12,108,109,108,109,847000,109
2011-10-13,109,112,109,110,2359000,110
2011-10-14,110,110,108,108,1870000,108
2011-10-17,110,111,109,111,1191000,111
2011-10-18,110,111,109,111,836000,111
2011-10-19,111,112,110,111,1263000,111
2011-10-20,110,111,110,110,1271000,110
2011-10-21,110,111,109,110,1218000,110
2011-10-24,111,111,109,111,1494000,111
2011-10-25,112,112,111,112,1224000,112
2011-10-26,111,111,110,110,694000,110
2011-10-27,111,112,110,112,1621000,112
2011-10-28,114,115,113,114,2506000,114
2011-10-31,113,114,112,113,1831000,113
2011-11-01,112,113,111,111,1169000,111
2011-11-02,110,110,109,110,1227000,110
2011-11-04,108,111,108,110,2001000,110
2011-11-07,110,110,108,109,1370000,109
2011-11-08,108,109,107,107,1313000,107
2011-11-09,108,109,107,109,1078000,109
2011-11-10,107,108,106,106,2287000,106
2011-11-11,106,107,105,106,1776000,106
2011-11-14,107,108,106,107,627000,107
2011-11-15,107,107,106,106,750000,106
2011-11-16,106,106,104,105,1956000,105
2011-11-17,103,103,100,102,8405000,102
2011-11-18,100,102,100,102,2981000,102
2011-11-21,101,102,100,100,1501000,100
2011-11-22,99,101,98,101,2674000,101
2011-11-24,99,101,98,99,2880000,99
2011-11-25,99,100,98,98,2495000,98
2011-11-28,100,102,99,99,2249000,99
2011-11-29,100,101,99,101,1975000,101
2011-11-30,102,104,101,103,3029000,103
2011-12-01,104,105,103,104,2204000,104
2011-12-02,103,104,102,102,2513000,102
2011-12-05,103,106,103,106,3363000,106
2011-12-06,106,106,104,105,1932000,105
2011-12-07,105,107,105,107,2039000,107
2011-12-08,107,107,105,107,1872000,107
2011-12-09,107,108,106,108,5745000,108
2011-12-12,109,109,106,107,3174000,107
2011-12-13,106,107,105,107,914000,107
2011-12-14,107,108,106,108,2238000,108
2011-12-15,107,107,105,107,1682000,107
2011-12-16,106,107,105,107,1352000,107
2011-12-19,106,107,102,104,2392000,104
2011-12-20,103,104,100,102,2619000,102
2011-12-21,103,104,100,101,5670000,101
2011-12-22,101,103,101,103,2771000,103
2011-12-26,104,105,102,103,2300000,103
2011-12-27,102,103,102,103,689000,103
2011-12-28,103,104,102,104,1417000,104
2011-12-29,103,104,102,104,1457000,104
2011-12-30,103,105,103,104,1703000,104
2012-01-04,105,106,105,105,2373000,105
2012-01-05,106,107,106,106,2204000,106
2012-01-06,106,107,104,105,2012000,105
2012-01-10,106,106,104,105,1546000,105
2012-01-11,105,106,104,105,1696000,105
2012-01-12,105,105,102,103,2258000,103
2012-01-13,104,105,102,104,4744000,104
2012-01-16,103,103,99,102,6323000,102
2012-01-17,102,102,100,102,3903000,102
2012-01-18,102,105,101,103,3297000,103
2012-01-19,104,105,104,105,3736000,105
2012-01-20,106,110,105,108,8063000,108
2012-01-23,110,112,109,110,5945000,110
2012-01-24,111,111,109,110,2383000,110
2012-01-25,110,112,110,112,1469000,112
2012-01-26,112,114,109,110,5232000,110
2012-01-27,111,112,110,112,2345000,112
2012-01-30,112,113,111,111,1331000,111
2012-01-31,112,112,111,112,1083000,112
2012-02-01,111,112,110,111,1410000,111
2012-02-02,111,113,110,112,3045000,112
2012-02-03,111,112,110,110,2230000,110
2012-02-06,111,113,110,111,5289000,111
2012-02-07,111,112,110,110,2331000,110
2012-02-08,111,112,110,112,2344000,112
2012-02-09,112,113,110,111,5507000,111
2012-02-10,111,114,111,112,6786000,112
2012-02-13,112,113,111,111,2513000,111
2012-02-14,112,113,111,112,2695000,112
2012-02-15,113,114,112,113,2588000,113
2012-02-16,113,115,112,114,3998000,114
2012-02-17,114,115,113,113,3636000,113
2012-02-20,114,116,114,115,5253000,115
2012-02-21,115,116,114,115,2476000,115
2012-02-22,115,118,114,116,7145000,116
2012-02-23,116,118,115,118,5507000,118
2012-02-24,118,118,117,117,2190000,117
2012-02-27,118,120,117,118,5112000,118
2012-02-28,117,119,116,117,4629000,117
2012-02-29,118,119,117,117,3440000,117
2012-03-01,117,119,116,117,3549000,117
2012-03-02,117,118,116,118,3290000,118
2012-03-05,118,119,117,117,1707000,117
2012-03-06,117,118,117,118,1112000,118
2012-03-07,116,117,116,117,1725000,117
2012-03-08,117,118,116,118,3562000,118
2012-03-09,118,119,117,119,6621000,119
2012-03-12,119,121,118,120,7453000,120
2012-03-13,120,121,119,119,1897000,119
2012-03-14,121,123,120,122,5982000,122
2012-03-15,123,123,121,122,2555000,122
2012-03-16,122,123,121,123,2107000,123
2012-03-19,124,126,124,124,4187000,124
2012-03-21,124,125,123,124,2756000,124
2012-03-22,124,125,122,124,3956000,124
2012-03-23,124,124,122,123,3878000,123
2012-03-26,124,124,123,123,1575000,123
2012-03-27,124,125,123,125,5211000,125
2012-03-28,121,122,118,120,4419000,120
2012-03-29,120,120,118,120,3069000,120
2012-03-30,119,120,118,118,2083000,118
2012-04-02,118,119,117,117,3499000,117
2012-04-03,117,117,115,115,1926000,115
2012-04-04,115,116,113,114,2348000,114
2012-04-05,112,114,111,113,3090000,113
2012-04-06,112,113,111,112,1651000,112
2012-04-09,112,112,110,110,1361000,110
2012-04-10,111,112,110,110,3237000,110
2012-04-11,110,111,109,110,2365000,110
2012-04-12,111,112,109,111,2585000,111
2012-04-13,112,112,111,111,2734000,111
2012-04-16,111,111,110,111,791000,111
2012-04-17,110,111,109,110,1975000,110
2012-04-18,111,112,110,112,2475000,112
2012-04-19,111,112,110,110,2247000,110
2012-04-20,111,111,109,109,1221000,109
2012-04-23,110,111,108,109,3238000,109
2012-04-24,109,110,108,108,1606000,108
2012-04-25,110,111,109,111,2447000,111
2012-04-26,111,111,109,111,1968000,111
2012-04-27,111,111,109,109,1875000,109
2012-05-01,110,110,108,109,1470000,109
2012-05-02,109,110,108,109,1624000,109
2012-05-07,108,108,106,106,1520000,106
2012-05-08,107,114,106,111,8509000,111
2012-05-09,111,114,109,110,8177000,110
2012-05-10,110,111,108,108,3773000,108
2012-05-11,109,110,107,107,3867000,107
2012-05-14,106,108,106,106,1401000,106
2012-05-15,106,106,101,103,4477000,103
2012-05-16,103,103,101,101,2235000,101
2012-05-17,101,104,100,102,3685000,102
2012-05-18,101,102,100,100,2299000,100
2012-05-21,101,103,100,102,2570000,102
2012-05-22,103,103,102,103,1377000,103
2012-05-23,103,103,101,101,3184000,101
2012-05-24,101,102,100,102,3602000,102
2012-05-25,102,103,101,101,3191000,101
2012-05-28,101,102,101,101,1247000,101
2012-05-29,102,104,100,103,3852000,103
2012-05-30,103,104,102,103,2160000,103
2012-05-31,102,105,101,104,3303000,104
2012-06-01,103,104,101,101,1516000,101
2012-06-04,101,102,100,102,2984000,102
2012-06-05,103,103,101,102,5692000,102
2012-06-06,102,105,102,105,3905000,105
2012-06-07,107,107,104,107,2320000,107
2012-06-08,106,106,103,103,5951000,103
2012-06-11,104,105,103,105,2391000,105
2012-06-12,103,106,102,104,2382000,104
2012-06-13,105,105,104,105,775000,105
2012-06-14,104,105,103,104,1792000,104
2012-06-15,104,105,104,105,1430000,105
2012-06-18,105,106,104,105,2324000,105
2012-06-19,105,105,104,105,863000,105
2012-06-20,106,106,105,106,1808000,106
2012-06-21,106,107,106,106,1779000,106
2012-06-22,106,107,105,105,2224000,105
2012-06-25,106,107,105,105,2493000,105
2012-06-26,106,106,104,106,2399000,106
2012-06-27,106,109,105,109,3635000,109
2012-06-28,108,109,107,108,3474000,108
2012-06-29,108,110,107,110,3006000,110
2012-07-02,111,111,109,109,1295000,109
2012-07-03,110,110,109,110,676000,110
2012-07-04,110,110,109,110,1100000,110
2012-07-05,111,111,106,107,4549000,107
2012-07-06,107,108,106,106,1409000,106
2012-07-09,107,107,105,107,2411000,107
2012-07-10,107,107,104,105,4925000,105
2012-07-11,104,105,104,104,1256000,104
2012-07-12,104,105,103,103,2550000,103
2012-07-13,103,104,102,104,2734000,104
2012-07-17,104,105,103,104,1557000,104
2012-07-18,104,105,102,103,2472000,103
2012-07-19,103,104,102,103,2356000,103
2012-07-20,103,103,102,102,960000,102
2012-07-23,102,103,101,101,2210000,101
2012-07-24,101,102,100,100,1919000,100
2012-07-25,100,101,98,98,3363000,98
2012-07-26,99,99,98,99,3020000,99
2012-07-27,100,101,98,100,2956000,100
2012-07-30,100,101,99,100,1044000,100
2012-07-31,100,101,99,99,1631000,99
2012-08-01,100,101,99,101,971000,101
2012-08-02,100,101,100,101,662000,101
2012-08-03,100,101,99,99,1438000,99
2012-08-06,100,100,91,93,7069000,93
2012-08-07,92,94,87,88,13914000,88
2012-08-08,90,91,89,91,8312000,91
2012-08-09,90,91,89,90,2304000,90
2012-08-10,91,92,90,90,2154000,90
2012-08-13,91,92,90,90,1370000,90
2012-08-14,91,92,91,92,1458000,92
2012-08-15,92,93,91,91,1316000,91
2012-08-16,91,93,91,92,1901000,92
2012-08-17,92,93,90,91,4635000,91
2012-08-20,91,92,91,92,1155000,92
2012-08-21,91,92,90,91,1600000,91
2012-08-22,91,91,90,90,1358000,90
2012-08-23,90,91,89,90,3119000,90
2012-08-24,90,90,89,90,738000,90
2012-08-27,90,90,88,88,1982000,88
2012-08-28,88,89,86,87,3772000,87
2012-08-29,86,87,86,87,1462000,87
2012-08-30,87,87,85,85,1718000,85
2012-08-31,85,85,84,84,2622000,84
2012-09-03,85,86,84,85,3024000,85
2012-09-04,86,86,85,85,849000,85
2012-09-05,85,85,84,84,1077000,84
2012-09-06,84,84,80,82,4599000,82
2012-09-07,84,87,84,86,2943000,86
2012-09-10,86,87,85,87,1758000,87
2012-09-11,86,86,83,83,2415000,83
2012-09-12,84,85,83,85,2372000,85
2012-09-13,85,86,84,85,1191000,85
2012-09-14,86,89,86,88,4476000,88
2012-09-18,87,90,87,90,2979000,90
2012-09-19,90,91,89,90,2528000,90
2012-09-20,90,92,89,90,2843000,90
2012-09-21,89,91,89,91,1473000,91
2012-09-24,90,91,89,90,1766000,90
2012-09-25,91,91,89,90,2399000,90
2012-09-26,88,89,88,89,970000,89
2012-09-27,88,93,87,92,4832000,92
2012-09-28,92,93,90,93,5742000,93
2012-10-01,91,92,85,89,4460000,89
2012-10-02,89,90,88,90,1928000,90
2012-10-03,91,91,88,88,1597000,88
2012-10-04,89,90,88,88,2455000,88
2012-10-05,89,89,88,89,1242000,89
2012-10-09,90,90,89,89,1053000,89
2012-10-10,89,89,87,88,1362000,88
2012-10-11,88,88,86,86,1717000,86
2012-10-12,86,86,84,84,3342000,84
2012-10-15,84,86,83,86,2308000,86
2012-10-16,86,88,86,87,1328000,87
2012-10-17,88,89,87,88,2771000,88
2012-10-18,89,90,88,89,1740000,89
2012-10-19,89,90,89,90,2681000,90
2012-10-22,87,91,87,89,3996000,89
2012-10-23,89,90,88,89,1240000,89
2012-10-24,88,90,87,89,2506000,89
2012-10-25,89,90,88,90,1798000,90
2012-10-26,90,91,88,90,2404000,90
2012-10-29,90,90,88,89,2068000,89
2012-10-30,89,90,88,88,1377000,88
2012-10-31,89,90,88,88,1739000,88
2012-11-01,89,90,88,90,1573000,90
2012-11-02,90,90,88,89,1124000,89
2012-11-05,89,93,89,93,6792000,93
2012-11-06,92,93,91,91,2855000,91
2012-11-07,92,95,90,94,6518000,94
2012-11-08,93,94,92,92,2136000,92
2012-11-09,91,92,91,91,894000,91
2012-11-12,91,91,89,89,2592000,89
2012-11-13,89,93,89,93,3560000,93
2012-11-14,93,93,91,93,2574000,93
2012-11-15,93,95,92,95,4357000,95
2012-11-16,95,96,93,96,3554000,96
2012-11-19,96,98,95,96,3697000,96
2012-11-20,96,97,96,97,1050000,97
2012-11-21,97,98,96,98,3234000,98
2012-11-22,98,100,98,100,2828000,100
2012-11-26,100,106,100,106,7946000,106
2012-11-27,109,113,109,111,18276000,111
2012-11-28,110,111,107,107,8363000,107
2012-11-29,109,115,109,114,16131000,114
2012-11-30,115,116,110,112,8403000,112
2012-12-03,113,115,112,113,4744000,113
2012-12-04,112,113,110,113,3456000,113
2012-12-05,111,112,111,112,1958000,112
2012-12-06,113,114,111,114,4942000,114
2012-12-07,114,115,113,114,3672000,114
2012-12-10,115,116,114,115,5049000,115
2012-12-11,114,115,113,114,1739000,114
2012-12-12,114,115,113,114,2257000,114
2012-12-13,114,115,113,114,4560000,114
2012-12-14,114,114,112,114,5816000,114
2012-12-17,114,115,112,114,3792000,114
2012-12-18,113,116,113,115,6805000,115
2012-12-19,116,120,115,120,12384000,120
2012-12-20,119,119,115,117,6571000,117
2012-12-21,118,120,117,118,5514000,118
2012-12-25,120,122,119,120,7665000,120
2012-12-26,121,121,120,121,1703000,121
2012-12-27,122,123,120,122,5894000,122
2012-12-28,123,124,121,123,3811000,123
2013-01-04,126,126,124,126,5707000,126
2013-01-07,126,127,122,124,6249000,124
2013-01-08,123,124,118,120,10297000,120
2013-01-09,119,127,118,126,6045000,126
2013-01-10,129,141,128,141,25180000,141
2013-01-11,141,144,137,140,11645000,140
2013-01-15,142,142,140,141,4611000,141
2013-01-16,141,141,135,136,6027000,136
2013-01-17,137,141,135,137,7151000,137
2013-01-18,138,141,137,141,7700000,141
2013-01-21,140,141,138,139,5152000,139
2013-01-22,139,141,137,138,6558000,138
2013-01-23,137,138,135,135,7691000,135
2013-01-24,134,138,132,138,6705000,138
2013-01-25,141,141,136,136,7214000,136
2013-01-28,138,146,137,145,13273000,145
2013-01-29,146,147,138,140,21683000,140
2013-01-30,141,143,140,143,5005000,143
2013-01-31,144,146,143,146,6463000,146
2013-02-01,146,148,144,146,5070000,146
2013-02-04,191,196,175,196,146404000,196
2013-02-05,191,208,185,187,141600000,187
2013-02-06,190,191,178,183,50694000,183
2013-02-07,179,182,172,176,32110000,176
2013-02-08,173,179,171,171,20668000,171
2013-02-12,173,174,152,155,60373000,155
2013-02-13,159,162,153,154,33146000,154
2013-02-14,155,162,153,158,25147000,158
2013-02-15,155,157,150,156,20844000,156
2013-02-18,159,163,157,162,23380000,162
2013-02-19,161,169,160,164,26150000,164
2013-02-20,168,170,164,167,17575000,167
2013-02-21,167,168,162,167,13186000,167
2013-02-22,163,168,162,167,15646000,167
2013-02-25,170,172,167,167,12061000,167
2013-02-26,166,170,164,167,13761000,167
2013-02-27,167,168,164,166,9649000,166
2013-02-28,167,168,165,167,11592000,167
2013-03-01,166,169,165,167,11347000,167
2013-03-04,168,168,163,165,12469000,165
2013-03-05,165,166,161,163,10780000,163
2013-03-06,165,165,161,165,10092000,165
2013-03-07,164,165,162,162,8457000,162
2013-03-08,163,166,162,163,16818000,163
2013-03-11,165,167,163,167,17305000,167
2013-03-12,168,169,163,165,12899000,165
2013-03-13,165,167,164,166,8663000,166
2013-03-14,167,167,165,166,7000000,166
2013-03-15,168,182,167,181,48853000,181
2013-03-18,177,179,174,175,18386000,175
2013-03-19,180,180,171,177,14443000,177
2013-03-21,178,179,175,178,10168000,178
2013-03-22,177,178,173,175,10272000,175
2013-03-25,177,177,174,175,5830000,175
2013-03-26,174,174,167,171,12783000,171
2013-03-27,169,170,163,165,13134000,165
2013-03-28,164,164,159,160,11176000,160
2013-03-29,160,164,159,160,10423000,160
2013-04-01,159,159,150,150,12526000,150
2013-04-02,150,154,145,149,18004000,149
2013-04-03,150,155,148,150,11244000,150
2013-04-04,146,151,143,151,13539000,151
2013-04-05,155,159,151,152,14741000,152
2013-04-08,154,156,150,154,11099000,154
2013-04-09,159,160,153,159,14248000,159
2013-04-10,159,165,158,164,13791000,164
2013-04-11,166,172,164,170,23348000,170
2013-04-12,169,170,166,168,17191000,168
2013-04-15,160,169,159,166,10961000,166
2013-04-16,160,166,160,166,7368000,166
2013-04-17,167,168,165,166,5004000,166
2013-04-18,166,166,163,164,2921000,164
2013-04-19,163,164,161,163,4357000,163
2013-04-22,167,169,165,168,6188000,168
2013-04-23,168,171,167,171,6785000,171
2013-04-24,172,173,169,171,7155000,171
2013-04-25,171,175,169,173,11973000,173
2013-04-26,170,171,168,170,5540000,170
2013-04-30,169,171,168,170,5646000,170
2013-05-01,169,170,168,168,2857000,168
2013-05-02,168,170,167,169,4330000,169
2013-05-07,172,174,171,173,7058000,173
2013-05-08,173,175,172,175,7334000,175
2013-05-09,174,179,172,174,15212000,174
2013-05-10,177,177,170,172,9026000,172
2013-05-13,171,174,170,173,7539000,173
2013-05-14,171,174,171,171,4526000,171
2013-05-15,173,174,170,172,8466000,172
2013-05-16,171,172,162,170,8601000,170
2013-05-17,166,174,166,174,6417000,174
2013-05-20,174,176,173,174,9258000,174
2013-05-21,173,182,172,182,24769000,182
2013-05-22,191,194,185,186,31011000,186
2013-05-23,187,189,172,172,17622000,172
2013-05-24,177,182,170,176,14378000,176
2013-05-27,171,172,168,168,4899000,168
2013-05-28,164,171,163,171,6173000,171
2013-05-29,173,175,169,169,5310000,169
2013-05-30,167,169,164,165,5469000,165
2013-05-31,167,168,165,167,3638000,167
2013-06-03,163,164,155,158,8011000,158
2013-06-04,155,160,152,160,5294000,160
2013-06-05,161,163,154,154,5359000,154
2013-06-06,152,161,150,150,7173000,150
2013-06-07,148,149,142,142,8337000,142
2013-06-10,150,153,148,152,3326000,152
2013-06-11,151,153,149,150,2984000,150
2013-06-12,148,153,146,152,2941000,152
2013-06-13,148,149,142,144,5532000,144
2013-06-14,149,151,144,145,7838000,145
2013-06-17,145,149,144,147,4899000,147
2013-06-18,148,150,147,148,3171000,148
2013-06-19,151,155,149,150,3777000,150
2013-06-20,150,151,147,148,3792000,148
2013-06-21,145,147,142,146,8172000,146
2013-06-24,149,149,147,147,3130000,147
2013-06-25,148,148,145,148,2856000,148
2013-06-26,150,150,145,146,3759000,146
2013-06-27,148,148,142,146,4635000,146
2013-06-28,147,151,145,151,7660000,151
2013-07-01,151,153,149,152,3274000,152
2013-07-02,152,155,152,155,3765000,155
2013-07-03,155,155,153,154,3443000,154
2013-07-04,152,156,152,154,2739000,154
2013-07-05,156,158,155,156,5194000,156
2013-07-08,157,159,154,154,3638000,154
2013-07-09,156,161,154,159,6673000,159
2013-07-10,161,161,157,158,3971000,158
2013-07-11,156,158,156,157,1848000,157
2013-07-12,158,163,158,162,5441000,162
2013-07-16,162,166,161,164,4999000,164
2013-07-17,164,166,162,165,3065000,165
2013-07-18,164,167,164,167,3196000,167
2013-07-19,168,168,162,164,4362000,164
2013-07-22,166,167,165,167,2123000,167
2013-07-23,166,167,165,166,1993000,166
2013-07-24,165,168,165,167,3106000,167
2013-07-25,168,168,165,166,2080000,166
2013-07-26,164,164,160,161,3127000,161
2013-07-29,158,158,151,152,3606000,152
2013-07-30,150,156,150,156,3679000,156
2013-07-31,154,155,152,153,1850000,153
2013-08-01,153,156,153,156,3057000,156
2013-08-02,158,159,156,158,3145000,158
2013-08-05,156,175,156,167,20764000,167
2013-08-06,165,167,163,165,7249000,165
2013-08-07,162,164,161,162,4038000,162
2013-08-08,162,166,162,162,4771000,162
2013-08-09,163,163,161,162,4688000,162
2013-08-12,162,162,159,161,2518000,161
2013-08-13,163,164,159,163,4414000,163
2013-08-14,164,170,163,169,6472000,169
2013-08-15,169,171,167,168,6434000,168
2013-08-16,165,170,165,167,3792000,167
2013-08-19,169,171,168,169,4791000,169
2013-08-20,168,169,166,166,1927000,166
2013-08-21,165,166,162,166,3401000,166
2013-08-22,165,165,162,163,2094000,163
2013-08-23,164,165,162,163,4782000,163
2013-08-26,165,168,165,166,2622000,166
2013-08-27,166,169,165,167,3253000,167
2013-08-28,165,165,161,163,2564000,163
2013-08-29,162,164,162,163,2249000,163
2013-08-30,164,165,162,162,2511000,162
2013-09-02,164,165,162,165,1705000,165
2013-09-03,166,168,165,168,2595000,168
2013-09-04,167,170,166,170,2456000,170
2013-09-05,169,169,167,169,2052000,169
2013-09-06,169,169,166,169,2905000,169
2013-09-09,171,171,168,169,3063000,169
2013-09-10,170,171,169,171,2744000,171
2013-09-11,171,172,168,170,2572000,170
2013-09-12,169,171,168,171,3086000,171
2013-09-13,170,171,168,170,4570000,170
2013-09-17,171,174,170,172,3978000,172
2013-09-18,172,178,172,175,10877000,175
2013-09-19,178,179,175,179,5351000,179
2013-09-20,179,179,177,179,4132000,179
2013-09-24,179,181,177,179,3948000,179
2013-09-25,180,185,179,184,7511000,184
2013-09-26,185,190,182,188,11363000,188
2013-09-27,190,192,188,192,9503000,192
2013-09-30,190,190,186,188,4624000,188
2013-10-01,188,190,183,186,8514000,186
2013-10-02,187,187,181,182,5681000,182
2013-10-03,182,182,179,180,4277000,180
2013-10-04,178,179,176,177,4869000,177
2013-10-07,176,177,173,175,6111000,175
2013-10-08,173,178,172,178,3563000,178
2013-10-09,178,185,178,185,4870000,185
2013-10-10,186,187,183,185,4008000,185
2013-10-11,187,189,186,188,5723000,188
2013-10-15,188,189,187,188,3106000,188
2013-10-16,188,188,186,187,2202000,187
2013-10-17,188,189,187,188,2683000,188
2013-10-18,188,191,187,189,4129000,189
2013-10-21,189,191,188,189,2132000,189
2013-10-22,188,190,188,189,1858000,189
2013-10-23,189,191,187,187,3176000,187
2013-10-24,187,189,186,189,2307000,189
2013-10-25,189,189,186,186,2434000,186
2013-10-28,190,194,189,191,9804000,191
2013-10-29,190,195,188,193,7060000,193
2013-10-30,194,194,189,190,5157000,190
2013-10-31,190,191,187,188,3550000,188
2013-11-01,188,189,184,185,2684000,185
2013-11-05,186,190,186,187,3205000,187
2013-11-06,187,192,186,190,3646000,190
2013-11-07,189,189,185,185,4282000,185
2013-11-08,184,189,184,187,3778000,187
2013-11-11,189,189,187,188,2105000,188
2013-11-12,187,190,187,189,4244000,189
2013-11-13,189,192,188,190,3011000,190
2013-11-14,189,191,189,190,3975000,190
2013-11-15,191,192,190,192,4297000,192
2013-11-18,192,192,190,192,2847000,192
2013-11-19,191,192,190,191,1871000,191
2013-11-20,191,191,188,190,2122000,190
2013-11-21,190,193,189,192,4684000,192
2013-11-22,192,193,189,190,4247000,190
2013-11-25,191,191,189,191,3135000,191
2013-11-26,189,190,187,188,4948000,188
2013-11-27,187,190,187,189,2775000,189
2013-11-28,189,189,187,188,3830000,188
2013-11-29,188,190,187,189,3693000,189
2013-12-02,190,193,189,192,7059000,192
2013-12-03,194,199,193,196,12058000,196
2013-12-04,194,196,192,195,5790000,195
2013-12-05,197,197,193,193,4599000,193
2013-12-06,192,196,192,195,4427000,195
2013-12-09,198,198,195,197,3663000,197
2013-12-10,198,198,195,196,3351000,196
2013-12-11,196,196,194,194,2189000,194
2013-12-12,192,193,189,191,3127000,191
2013-12-13,189,192,187,191,7285000,191
2013-12-16,190,191,187,189,4797000,189
2013-12-17,189,191,189,190,3868000,190
2013-12-18,191,193,189,193,4877000,193
2013-12-19,194,194,190,190,4876000,190
2013-12-20,190,191,189,190,2861000,190
2013-12-24,188,190,187,187,3648000,187
2013-12-25,187,187,183,185,6209000,185
2013-12-26,186,188,184,187,5211000,187
2013-12-27,187,187,185,187,3285000,187
2013-12-30,189,194,189,194,5488000,194
2014-01-06,192,192,190,190,3786000,190
2014-01-07,190,191,188,188,3571000,188
2014-01-08,189,191,188,189,3357000,189
2014-01-09,190,190,186,187,6389000,187
2014-01-10,186,188,185,188,6624000,188
2014-01-14,186,188,185,186,4634000,186
2014-01-15,189,191,187,189,5877000,189
2014-01-16,189,191,188,189,5329000,189
2014-01-17,188,191,187,190,5199000,190
2014-01-20,189,191,188,191,3593000,191
2014-01-21,190,192,189,189,2877000,189
2014-01-22,189,190,187,189,4867000,189
2014-01-23,189,189,185,185,5419000,185
2014-01-24,184,186,182,183,5195000,183
2014-01-27,180,181,178,179,4599000,179
2014-01-28,179,182,178,179,2722000,179
2014-01-29,181,186,181,185,4412000,185
2014-01-30,182,185,181,185,5968000,185
2014-01-31,185,186,182,184,3302000,184
2014-02-03,181,182,173,174,5743000,174
2014-02-04,171,172,164,165,7385000,165
2014-02-05,170,172,167,170,6095000,170
2014-02-06,169,171,164,167,8387000,167
2014-02-07,170,184,170,178,10465000,178
2014-02-10,179,181,177,181,4442000,181
2014-02-12,183,187,182,185,6063000,185
2014-02-13,185,186,182,182,3322000,182
2014-02-14,182,185,174,178,8246000,178
2014-02-17,178,180,176,179,2367000,179
2014-02-18,180,183,178,183,3179000,183
2014-02-19,183,183,179,181,3636000,181
2014-02-20,179,181,175,175,4172000,175
2014-02-21,178,184,178,184,4434000,184
2014-02-24,179,184,177,180,6295000,180
2014-02-25,182,183,180,182,4522000,182
2014-02-26,179,180,177,180,5331000,180
2014-02-27,180,182,177,177,4784000,177
2014-02-28,177,178,175,176,2735000,176
2014-03-03,176,176,172,173,5562000,173
2014-03-04,172,175,172,173,5318000,173
2014-03-05,175,177,175,176,2625000,176
2014-03-06,175,178,174,177,3446000,177
2014-03-07,178,181,177,180,5189000,180
2014-03-10,180,182,179,181,2348000,181
2014-03-11,182,182,178,179,2544000,179
2014-03-12,179,179,176,177,2889000,177
2014-03-13,177,178,175,175,2482000,175
2014-03-14,171,173,168,168,8651000,168
2014-03-17,167,168,164,165,4323000,165
2014-03-18,167,169,165,166,5004000,166
2014-03-19,167,168,164,165,5103000,165
2014-03-20,167,168,163,165,4462000,165
2014-03-24,164,168,162,163,5648000,163
2014-03-25,161,163,158,160,8916000,160
2014-03-26,161,164,160,161,6597000,161
2014-03-27,156,159,155,159,6673000,159
2014-03-28,158,161,158,160,7767000,160
2014-03-31,160,163,160,162,3945000,162
2014-04-01,163,167,161,165,6417000,165
2014-04-02,168,170,166,168,6380000,168
2014-04-03,168,170,167,169,4805000,169
2014-04-04,168,168,166,166,3419000,166
2014-04-07,164,165,162,163,2734000,163
2014-04-08,162,163,159,160,4741000,160
2014-04-09,158,158,155,156,4815000,156
2014-04-10,160,160,157,157,3952000,157
2014-04-11,153,157,153,154,5097000,154
2014-04-14,155,155,151,151,4624000,151
2014-04-15,153,157,152,154,3439000,154
2014-04-16,157,160,156,160,4371000,160
2014-04-17,162,167,162,165,8068000,165
2014-04-18,166,166,164,166,4124000,166
2014-04-21,167,168,165,166,3962000,166
2014-04-22,166,167,163,164,2498000,164
2014-04-23,165,167,164,165,3821000,165
2014-04-24,165,167,165,166,3202000,166
2014-04-25,167,169,165,166,3078000,166
2014-04-28,165,165,162,163,1411000,163
2014-04-30,167,167,164,165,1984000,165
2014-05-01,165,167,164,166,2703000,166
2014-05-02,165,166,164,165,1192000,165
2014-05-07,163,163,159,160,4758000,160
2014-05-08,162,167,161,166,3320000,166
2014-05-09,163,165,163,164,2173000,164
2014-05-12,163,166,163,164,3451000,164
2014-05-13,167,169,166,169,2883000,169
2014-05-14,168,169,166,168,1755000,168
2014-05-15,168,168,165,165,1917000,165
2014-05-16,164,164,161,163,2314000,163
2014-05-19,163,164,161,162,1853000,162
2014-05-20,163,163,161,162,1267000,162
2014-05-21,161,162,158,160,2311000,160
2014-05-22,160,163,160,162,2238000,162
2014-05-23,163,166,162,166,1988000,166
2014-05-26,169,170,167,169,3185000,169
2014-05-27,169,170,168,170,3097000,170
2014-05-28,170,170,167,167,2022000,167
2014-05-29,166,167,163,164,2982000,164
2014-05-30,164,167,164,166,2407000,166
2014-06-02,167,168,166,167,1409000,167
2014-06-03,169,169,167,167,1247000,167
2014-06-04,168,169,165,165,3865000,165
2014-06-05,166,166,164,165,2497000,165
2014-06-06,165,166,163,164,3872000,164
2014-06-09,166,167,165,167,2482000,167
2014-06-10,168,170,166,167,5882000,167
2014-06-11,168,169,167,169,2319000,169
2014-06-12,168,170,167,169,4093000,169
2014-06-13,168,172,168,171,8572000,171
2014-06-16,172,173,168,169,4356000,169
2014-06-17,168,169,167,168,1811000,168
2014-06-18,168,169,167,168,2090000,168
2014-06-19,170,177,170,174,7606000,174
2014-06-20,174,176,172,174,6407000,174
2014-06-23,176,177,174,175,1751000,175
2014-06-24,173,177,172,173,5995000,173
2014-06-25,173,175,172,175,2831000,175
2014-06-26,179,180,176,177,11837000,177
2014-06-27,176,178,171,171,6286000,171
2014-06-30,173,176,172,175,5528000,175
2014-07-01,175,177,174,175,2290000,175
2014-07-02,176,176,174,174,2661000,174
2014-07-03,174,174,172,174,3385000,174
2014-07-04,174,176,173,175,2356000,175
2014-07-07,177,177,174,175,3006000,175
2014-07-08,174,176,172,175,3473000,175
2014-07-09,173,176,173,175,2800000,175
2014-07-10,175,176,171,171,4509000,171
2014-07-11,171,171,168,169,5495000,169
2014-07-14,169,171,169,171,2681000,171
2014-07-15,171,172,170,171,2239000,171
2014-07-16,170,172,170,170,2280000,170
2014-07-17,171,171,168,168,2710000,168
2014-07-18,167,169,166,168,2403000,168
2014-07-22,169,170,166,167,3932000,167
2014-07-23,168,169,167,167,2235000,167
2014-07-24,168,170,167,168,3256000,168
2014-07-25,169,171,168,170,2388000,170
2014-07-28,171,172,170,170,1440000,170
2014-07-29,170,170,168,169,5367000,169
2014-07-30,169,171,168,169,2907000,169
2014-07-31,170,171,168,168,2860000,168
2014-08-01,168,171,167,169,3648000,169
2014-08-04,169,171,160,164,10333000,164
2014-08-05,163,163,160,160,5982000,160
2014-08-06,160,161,158,159,3761000,159
2014-08-07,158,159,155,158,7245000,158
2014-08-08,156,157,155,155,3620000,155
2014-08-11,158,160,157,159,3150000,159
2014-08-12,160,161,159,159,3084000,159
2014-08-13,160,161,159,160,2000000,160
2014-08-14,161,162,160,160,2140000,160
2014-08-15,160,161,159,159,3227000,159
2014-08-18,160,161,159,160,1299000,160
2014-08-19,162,163,161,162,2748000,162
2014-08-20,162,163,161,161,1823000,161
2014-08-21,161,163,161,163,4193000,163
2014-08-22,163,163,162,162,1363000,162
2014-08-25,163,165,162,164,2105000,164
2014-08-26,165,165,162,163,2852000,163
2014-08-27,163,164,161,163,2707000,163
2014-08-28,163,163,161,162,2630000,162
2014-08-29,163,164,162,164,2039000,164
2014-09-01,163,166,163,164,2373000,164
2014-09-02,165,167,164,167,2804000,167
2014-09-03,168,168,166,167,2721000,167
2014-09-04,166,167,164,164,2388000,164
2014-09-05,165,165,163,163,1654000,163
2014-09-08,163,164,162,162,2115000,162
2014-09-09,162,163,161,161,5658000,161
2014-09-10,161,162,161,161,1330000,161
2014-09-11,162,162,161,162,3174000,162
2014-09-12,161,162,161,161,4139000,161
2014-09-16,161,161,159,160,3238000,160
2014-09-17,160,161,158,158,3461000,158
2014-09-18,158,160,158,159,4649000,159
2014-09-19,159,160,157,159,8331000,159
2014-09-22,159,160,158,158,1767000,158
2014-09-24,159,160,158,159,2411000,159
2014-09-25,160,160,158,160,4824000,160
2014-09-26,158,160,158,158,2759000,158
2014-09-29,160,161,159,160,3563000,160
2014-09-30,159,160,158,159,2675000,159
2014-10-01,159,161,158,158,4603000,158
2014-10-02,158,158,155,155,7282000,155
2014-10-03,155,156,154,156,3990000,156
2014-10-06,156,158,155,156,3396000,156
2014-10-07,156,156,153,154,6038000,154
2014-10-08,153,155,151,155,9796000,155
2014-10-09,155,159,155,158,9603000,158
2014-10-10,157,159,156,158,8718000,158
2014-10-14,155,158,154,154,6061000,154
2014-10-15,156,156,153,155,7689000,155
2014-10-16,152,156,151,153,11443000,153
2014-10-17,153,154,146,147,9823000,147
2014-10-20,151,151,149,150,5046000,150
2014-10-21,150,150,146,147,6096000,147
2014-10-22,149,151,147,151,5873000,151
2014-10-23,148,149,145,147,8177000,147
2014-10-24,148,149,146,149,9086000,149
2014-10-27,149,151,148,149,3785000,149
2014-10-28,148,148,145,147,4771000,147
2014-10-29,147,151,146,150,10121000,150
2014-10-30,150,153,150,151,9418000,151
2014-10-31,153,159,152,158,7682000,158
2014-11-04,160,162,153,154,13300000,154
2014-11-05,156,158,154,155,6158000,155
2014-11-06,157,160,157,158,9297000,158
2014-11-07,160,162,158,161,6153000,161
2014-11-10,161,162,160,161,3231000,161
2014-11-11,162,164,161,164,5316000,164
2014-11-12,165,166,163,164,8647000,164
2014-11-13,163,165,161,165,4898000,165
2014-11-14,167,169,166,169,8342000,169
2014-11-17,167,168,165,168,7163000,168
2014-11-18,169,173,169,172,8027000,172
2014-11-19,172,174,171,171,4438000,171
2014-11-20,171,173,170,170,4250000,170
2014-11-21,169,172,167,172,5195000,172
2014-11-25,170,171,168,171,3932000,171
2014-11-26,170,171,169,170,3173000,170
2014-11-27,169,170,167,168,3102000,168
2014-11-28,168,168,164,167,5082000,167
2014-12-01,165,167,165,167,3317000,167
2014-12-02,165,167,164,165,4409000,165
2014-12-03,165,174,165,173,11294000,173
2014-12-04,175,175,170,171,6501000,171
2014-12-05,170,171,167,169,4297000,169
2014-12-08,170,170,168,168,2300000,168
2014-12-09,168,170,167,169,3384000,169
2014-12-10,169,169,163,165,6479000,165
2014-12-11,163,166,162,164,5021000,164
2014-12-12,164,166,162,164,7643000,164
2014-12-15,162,164,161,162,2394000,162
2014-12-16,160,161,158,158,3442000,158
2014-12-17,158,160,157,158,4235000,158
2014-12-18,161,164,160,161,3546000,161
2014-12-19,164,164,160,163,3245000,163
2014-12-22,163,165,162,165,3059000,165
2014-12-24,166,168,164,166,3480000,166
2014-12-25,166,166,162,163,2897000,163
2014-12-26,163,164,160,162,3615000,162
2014-12-29,162,163,160,162,2574000,162
2014-12-30,162,163,161,162,2026000,162
2015-01-05,162,164,161,161,1982000,161
2015-01-06,160,161,159,159,3152000,159
2015-01-07,159,166,158,165,7300000,165
2015-01-08,165,166,162,163,4697000,163
2015-01-09,163,164,160,160,3507000,160
2015-01-13,160,160,157,159,2629000,159
2015-01-14,158,159,157,157,2193000,157
2015-01-15,157,160,157,160,2256000,160
2015-01-16,158,159,156,158,3384000,158
2015-01-19,158,159,157,158,915000,158
2015-01-20,158,161,158,160,1730000,160
2015-01-21,159,160,158,158,1666000,158
2015-01-22,158,159,155,157,3912000,157
2015-01-23,158,159,157,157,2185000,157
2015-01-26,157,159,156,159,1385000,159
2015-01-27,159,162,159,160,2354000,160
2015-01-28,159,164,159,162,4174000,162
2015-01-29,160,163,160,160,3827000,160
2015-01-30,161,162,158,159,4742000,159
2015-02-02,158,160,158,159,1320000,159
2015-02-03,159,160,157,158,3823000,158
2015-02-04,160,167,160,165,7502000,165
2015-02-05,162,165,161,162,3180000,162
2015-02-06,163,165,163,164,2806000,164
2015-02-09,166,169,162,165,8309000,165
2015-02-10,166,169,165,167,5131000,167
2015-02-12,168,169,166,168,5399000,168
2015-02-13,166,167,163,163,3928000,163
2015-02-16,163,167,163,166,5242000,166
2015-02-17,165,168,165,165,3653000,165
2015-02-18,165,168,165,167,3532000,167
2015-02-19,166,169,166,168,3641000,168
2015-02-20,167,167,163,164,8242000,164
2015-02-23,165,166,164,166,3857000,166
2015-02-24,166,167,165,166,2983000,166
2015-02-25,166,168,165,166,2956000,166
2015-02-26,165,167,165,165,3415000,165
2015-02-27,166,169,166,168,4527000,168
2015-03-02,168,169,167,169,3677000,169
2015-03-03,169,169,167,169,3770000,169
2015-03-04,167,169,165,168,4834000,168
2015-03-05,168,171,166,167,7081000,167
2015-03-06,168,168,166,167,3987000,167
2015-03-09,166,167,165,166,1842000,166
2015-03-10,166,167,164,165,3934000,165
2015-03-11,164,167,164,166,2221000,166
2015-03-12,167,168,166,168,1968000,168
2015-03-13,170,170,168,170,5966000,170
2015-03-16,170,172,169,171,5906000,171
2015-03-17,172,172,169,170,3276000,170
2015-03-18,170,170,168,170,2413000,170
2015-03-19,169,170,167,168,3492000,168
2015-03-20,168,173,167,173,6386000,173
2015-03-23,174,174,171,173,3475000,173
2015-03-24,173,173,171,173,2449000,173
2015-03-25,173,175,172,174,6669000,174
2015-03-26,174,175,172,172,3755000,172
2015-03-27,169,170,165,167,6909000,167
2015-03-30,166,166,159,163,5939000,163
2015-03-31,163,165,162,162,4442000,162
2015-04-01,161,162,159,161,5929000,161
2015-04-02,162,165,161,163,6975000,163
2015-04-03,162,164,161,162,2769000,162
2015-04-06,162,163,161,162,1281000,162
2015-04-07,162,167,162,165,5397000,165
2015-04-08,165,166,164,164,2794000,164
2015-04-09,165,166,163,165,3548000,165
2015-04-10,164,166,164,164,2591000,164
2015-04-13,165,167,164,165,3969000,165
2015-04-14,168,174,167,172,12630000,172
2015-04-15,173,180,172,179,17370000,179
2015-04-16,177,179,176,178,6715000,178
2015-04-17,177,179,174,176,7156000,176
2015-04-20,174,177,173,177,3902000,177
2015-04-21,178,179,175,177,3449000,177
2015-04-22,177,179,176,179,3928000,179
2015-04-23,178,180,177,178,4055000,178
2015-04-24,179,182,178,180,6442000,180
2015-04-27,180,181,179,180,3778000,180
2015-04-28,182,183,181,183,5494000,183
2015-04-30,183,183,181,183,5705000,183
2015-05-01,182,182,177,177,4163000,177
2015-05-07,176,180,175,176,3282000,176
2015-05-08,177,180,176,178,2523000,178
2015-05-11,179,189,179,188,10835000,188
2015-05-12,188,190,186,190,6282000,190
2015-05-13,188,194,188,194,5705000,194
2015-05-14,192,194,190,192,4888000,192
2015-05-15,193,195,191,192,3104000,192
2015-05-18,192,193,191,193,1456000,193
2015-05-19,192,193,189,192,4069000,192
2015-05-20,192,194,192,193,3008000,193
2015-05-21,193,195,192,193,3109000,193
2015-05-22,191,195,191,194,3668000,194
2015-05-25,195,196,193,194,4167000,194
2015-05-26,195,199,195,199,6150000,199
2015-05-27,198,201,196,199,7005000,199
2015-05-28,200,203,198,199,5087000,199
2015-05-29,199,202,199,199,5300000,199
2015-06-01,200,203,200,203,3901000,203
2015-06-02,203,207,203,205,9117000,205
2015-06-03,204,206,202,203,5911000,203
2015-06-04,204,205,203,205,5136000,205
2015-06-05,206,210,205,210,9262000,210
2015-06-08,212,215,211,214,8255000,214
2015-06-09,214,214,210,211,4364000,211
2015-06-10,212,213,205,208,7373000,208
2015-06-11,210,212,209,212,2791000,212
2015-06-12,214,214,210,212,5200000,212
2015-06-15,210,211,209,211,1294000,211
2015-06-16,211,211,209,210,2044000,210
2015-06-17,210,210,206,209,2775000,209
2015-06-18,206,207,203,205,3175000,205
2015-06-19,207,209,205,208,4619000,208
2015-06-22,208,210,207,209,1886000,209
2015-06-23,208,214,208,213,4367000,213
2015-06-24,214,216,212,213,7494000,213
2015-06-25,212,213,209,210,6879000,210
2015-06-26,204,204,186,200,13292000,200
2015-06-29,193,197,191,195,5298000,195
2015-06-30,194,197,193,195,6122000,195
2015-07-01,195,196,192,194,4353000,194
2015-07-02,195,199,194,195,3392000,195
2015-07-03,195,195,193,195,2167000,195
2015-07-06,191,192,188,189,3848000,189
2015-07-07,194,194,188,189,3464000,189
2015-07-08,188,191,183,184,5846000,184
2015-07-09,180,184,176,183,7057000,183
2015-07-10,183,184,179,180,5828000,180
2015-07-13,181,187,181,184,3655000,184
2015-07-14,187,190,186,189,4392000,189
2015-07-15,189,191,187,187,3261000,187
2015-07-16,189,189,184,187,2164000,187
2015-07-17,187,187,185,186,923000,186
2015-07-21,189,191,188,190,2459000,190
2015-07-22,188,189,187,188,1938000,188
2015-07-23,189,189,183,185,3195000,185
2015-07-24,185,185,181,183,3484000,183
2015-07-27,184,186,181,182,2795000,182
2015-07-28,181,184,180,182,2696000,182
2015-07-29,184,185,179,181,2896000,181
2015-07-30,182,185,181,184,2996000,184
2015-07-31,184,185,182,185,1900000,185
2015-08-03,183,183,180,182,3280000,182
2015-08-04,181,183,178,181,4115000,181
2015-08-05,182,185,181,184,2488000,184
2015-08-06,186,198,182,198,13593000,198
2015-08-07,193,194,186,189,5861000,189
2015-08-10,188,188,183,185,3178000,185
2015-08-11,187,189,186,188,2800000,188
2015-08-12,188,189,183,183,4107000,183
2015-08-13,186,188,185,188,3851000,188
2015-08-14,188,189,186,188,2364000,188
2015-08-17,188,192,187,190,3870000,190
2015-08-18,191,194,190,192,3630000,192
2015-08-19,193,194,190,191,4451000,191
2015-08-20,190,190,185,186,4178000,186
2015-08-21,181,183,180,181,4584000,181
2015-08-24,176,178,173,173,5509000,173
2015-08-25,169,177,165,166,8583000,166
2015-08-26,168,174,167,171,6625000,171
2015-08-27,176,176,169,171,4836000,171
2015-08-28,175,178,173,177,3649000,177
2015-08-31,178,178,173,174,5687000,174
2015-09-01,172,173,169,169,4706000,169
2015-09-02,166,171,166,168,5466000,168
2015-09-03,169,171,166,167,3622000,167
2015-09-04,169,170,163,165,5681000,165
2015-09-07,164,168,162,167,5695000,167
2015-09-08,167,168,162,163,4047000,163
2015-09-09,166,171,165,171,6934000,171
2015-09-10,167,168,164,168,5938000,168
2015-09-11,166,170,166,169,4467000,169
2015-09-14,170,171,165,166,2763000,166
2015-09-15,168,170,165,166,2640000,166
2015-09-16,169,169,166,168,2432000,168
2015-09-17,169,171,168,169,2868000,169
2015-09-18,167,169,166,167,3089000,167
2015-09-24,166,167,161,162,3440000,162
2015-09-25,163,165,161,163,3580000,163
2015-09-28,166,167,163,164,3602000,164
2015-09-29,162,162,158,159,5324000,159
2015-09-30,161,164,160,162,3965000,162
2015-10-01,164,167,162,165,2146000,165
2015-10-02,163,166,162,166,1033000,166
2015-10-05,166,168,165,166,3113000,166
2015-10-06,167,168,166,167,2760000,167
2015-10-07,166,168,165,168,3935000,168
2015-10-08,167,168,164,166,4831000,166
2015-10-09,166,173,166,172,8505000,172
2015-10-13,173,178,170,175,8844000,175
2015-10-14,173,177,172,175,5711000,175
2015-10-15,173,178,173,178,5389000,178
2015-10-16,178,180,176,177,2783000,177
2015-10-19,176,177,172,176,6463000,176
2015-10-20,176,177,175,176,2357000,176
2015-10-21,174,181,174,181,3515000,181
2015-10-22,179,182,176,178,3793000,178
2015-10-23,181,181,179,180,2657000,180
2015-10-26,182,182,180,181,1689000,181
2015-10-27,180,182,177,178,2205000,178
2015-10-28,180,180,178,179,1380000,179
2015-10-29,179,184,179,183,4209000,183
2015-10-30,180,180,174,178,6289000,178
2015-11-02,176,176,173,174,2218000,174
2015-11-04,176,176,170,171,5423000,171
2015-11-05,174,181,174,179,10007000,179
2015-11-06,177,182,174,181,5355000,181
2015-11-09,181,185,181,184,5141000,184
2015-11-10,182,184,181,183,2134000,183
2015-11-11,182,183,179,183,3159000,183
2015-11-12,181,183,180,183,2512000,183
2015-11-13,181,183,180,182,3045000,182
2015-11-16,179,183,179,181,2973000,181
2015-11-17,182,183,180,181,4631000,181
2015-11-18,183,183,181,181,2958000,181
2015-11-19,183,183,181,182,3079000,182
2015-11-20,182,183,181,182,1598000,182
2015-11-24,182,185,181,184,3674000,184
2015-11-25,183,184,182,182,2362000,182
2015-11-26,184,186,183,184,3657000,184
2015-11-27,184,185,181,182,3535000,182
2015-11-30,181,182,180,180,1757000,180
2015-12-01,180,184,180,184,2788000,184
2015-12-02,184,184,182,182,1884000,182
2015-12-03,181,182,179,182,3948000,182
2015-12-04,179,180,178,178,3225000,178
2015-12-07,180,180,177,177,4152000,177
2015-12-08,177,178,173,175,4470000,175
2015-12-09,175,176,170,172,4911000,172
2015-12-10,172,174,170,171,3801000,171
2015-12-11,171,173,170,172,5436000,172
2015-12-14,169,171,168,170,2732000,170
2015-12-15,170,171,166,166,5527000,166
2015-12-16,169,170,168,170,2111000,170
2015-12-17,172,174,171,172,2922000,172
2015-12-18,170,175,167,168,5890000,168
2015-12-21,168,169,166,168,4339000,168
2015-12-22,166,167,165,166,2939000,166
2015-12-24,168,168,164,165,4261000,165
2015-12-25,167,167,163,164,2799000,164
2015-12-28,164,169,164,167,2133000,167
2015-12-29,167,170,164,169,2591000,169
2015-12-30,169,171,168,170,2121000,170
2016-01-04,170,170,165,165,2371000,165
2016-01-05,165,169,165,167,2727000,167
2016-01-06,167,167,165,165,2280000,165
2016-01-07,165,166,162,163,3145000,163
2016-01-08,161,164,161,162,4128000,162
2016-01-12,161,161,157,158,3682000,158
2016-01-13,160,162,160,161,2722000,161
2016-01-14,158,158,155,157,4223000,157
2016-01-15,159,160,155,156,4366000,156
2016-01-18,153,156,152,155,3272000,155
2016-01-19,155,156,153,155,4770000,155
2016-01-20,155,155,151,151,4606000,151
2016-01-21,152,155,147,147,8801000,147
2016-01-22,151,155,150,155,5086000,155
2016-01-25,157,159,154,157,4193000,157
2016-01-26,155,155,152,152,3237000,152
2016-01-27,153,157,153,156,4002000,156
2016-01-28,154,158,154,154,2968000,154
2016-01-29,154,159,152,157,6699000,157
2016-02-01,160,164,160,163,4138000,163
2016-02-02,160,162,158,158,4081000,158
2016-02-03,155,155,152,153,4569000,153
2016-02-04,152,155,151,152,2914000,152
2016-02-05,151,153,150,152,3001000,152
2016-02-08,152,162,150,160,6574000,160
2016-02-09,152,153,148,150,6069000,150
2016-02-10,153,153,146,147,8035000,147
2016-02-12,143,147,140,141,7709000,141
2016-02-15,146,153,145,151,5194000,151
2016-02-16,150,155,149,150,5436000,150
2016-02-17,151,153,149,152,6403000,152
2016-02-18,156,160,155,159,4383000,159
2016-02-19,156,159,155,156,3359000,156
2016-02-22,154,158,153,157,4930000,157
2016-02-23,160,162,158,159,5940000,159
2016-02-24,157,160,154,158,2671000,158
2016-02-25,162,164,160,163,4809000,163
2016-02-26,165,168,165,165,5579000,165
2016-02-29,168,169,163,164,5161000,164
2016-03-01,164,167,162,164,8766000,164
2016-03-02,167,169,167,168,3618000,168
2016-03-03,167,170,166,169,7761000,169
2016-03-04,168,171,167,170,3633000,170
2016-03-07,170,170,166,169,2809000,169
2016-03-08,170,171,167,168,3525000,168
2016-03-09,167,167,163,166,5499000,166
2016-03-10,167,168,166,167,2673000,167
2016-03-11,164,169,164,168,5282000,168
2016-03-14,172,174,169,170,4973000,170
2016-03-15,171,172,169,170,3095000,170
2016-03-16,170,172,169,172,2697000,172
2016-03-17,172,174,168,170,3987000,170
2016-03-18,171,171,168,170,4652000,170
2016-03-22,172,173,169,172,3083000,172
2016-03-23,172,173,170,172,3045000,172
2016-03-24,171,172,169,171,2380000,171
2016-03-25,173,174,170,171,5378000,171
2016-03-28,172,174,170,174,4502000,174
2016-03-29,171,172,169,170,3863000,170
2016-03-30,171,173,170,172,5201000,172
2016-03-31,172,173,169,169,6146000,169
2016-04-01,169,169,164,165,5409000,165
2016-04-04,164,168,164,167,4361000,167
2016-04-05,172,179,171,177,20235000,177
2016-04-06,175,179,173,178,7776000,178
2016-04-07,178,185,177,184,10477000,184
2016-04-08,183,188,182,184,10125000,184
2016-04-11,185,185,180,185,5362000,185
2016-04-12,185,188,183,188,4285000,188
2016-04-13,189,198,188,197,14569000,197
2016-04-14,196,197,193,196,8392000,196
2016-04-15,194,196,193,195,5345000,195
2016-04-18,190,192,188,190,5519000,190
2016-04-19,193,197,193,197,5544000,197
2016-04-20,198,200,194,195,5227000,195
2016-04-21,198,198,195,197,4300000,197
2016-04-22,195,198,194,198,4197000,198
2016-04-25,199,199,194,195,4301000,195
2016-04-26,195,195,190,192,4688000,192
2016-04-27,195,196,192,195,4087000,195
2016-04-28,194,196,186,187,4425000,187
2016-05-02,181,184,180,183,4575000,183
2016-05-06,182,185,181,182,2801000,182
2016-05-09,183,186,183,184,1756000,184
2016-05-10,186,187,183,186,2556000,186
2016-05-11,189,190,186,187,3093000,187
2016-05-12,186,191,183,185,4934000,185
2016-05-13,186,189,184,188,4783000,188
2016-05-16,190,199,190,197,10445000,197
2016-05-17,198,201,195,197,9936000,197
2016-05-18,196,204,196,203,7969000,203
2016-05-19,204,205,201,203,6141000,203
2016-05-20,204,209,203,206,9172000,206
2016-05-23,204,208,201,206,5786000,206
2016-05-24,206,208,203,205,5636000,205
2016-05-25,208,208,204,204,2995000,204
2016-05-26,205,205,202,202,2887000,202
2016-05-27,203,206,203,205,2486000,205
2016-05-30,204,206,204,206,2271000,206
2016-05-31,204,207,204,206,2770000,206
2016-06-01,204,205,202,203,3274000,203
2016-06-02,201,202,197,198,2872000,198
2016-06-03,199,200,197,199,3126000,199
2016-06-06,194,196,192,194,4358000,194
2016-06-07,195,201,195,200,4335000,200
2016-06-08,201,206,199,205,7400000,205
2016-06-09,204,205,203,203,1892000,203
2016-06-10,208,208,203,207,6209000,207
2016-06-13,203,204,198,198,3601000,198
2016-06-14,194,197,190,193,5376000,193
2016-06-15,190,195,188,191,3296000,191
2016-06-16,193,194,186,187,4471000,187
2016-06-17,191,195,190,191,6313000,191
2016-06-20,195,199,194,195,2884000,195
2016-06-21,193,197,190,196,2944000,196
2016-06-22,198,198,193,197,3138000,197
2016-06-23,197,198,193,196,1877000,196
2016-06-24,200,202,180,181,10483000,181
2016-06-27,182,193,182,192,5170000,192
2016-06-28,197,203,192,193,7774000,193
2016-06-29,197,198,193,193,4247000,193
2016-06-30,194,197,192,193,6635000,193
2016-07-01,194,201,194,200,7764000,200
2016-07-04,198,200,196,200,4160000,200
2016-07-05,199,200,197,197,3479000,197
2016-07-06,196,197,193,197,4851000,197
2016-07-07,194,198,194,195,3790000,195
2016-07-08,194,198,194,196,5101000,196
2016-07-11,200,209,200,205,11723000,205
2016-07-12,209,211,203,208,8723000,208
2016-07-13,210,210,199,201,10798000,201
2016-07-14,202,206,200,206,7167000,206
2016-07-15,205,207,198,199,5990000,199
2016-07-19,201,202,199,201,3243000,201
2016-07-20,199,200,196,197,4853000,197
2016-07-21,199,200,197,197,2969000,197
2016-07-22,198,199,195,197,3223000,197
2016-07-25,198,199,195,198,3598000,198
2016-07-26,199,199,194,195,3741000,195
2016-07-27,197,199,195,199,3616000,199
2016-07-28,197,201,197,199,4327000,199
2016-07-29,196,198,192,195,6059000,195
2016-08-01,193,196,192,195,3047000,195
2016-08-02,192,194,189,189,4442000,189
2016-08-03,186,191,184,189,4207000,189
2016-08-04,192,194,188,194,4935000,194
2016-08-05,191,191,167,171,15941000,171
2016-08-08,172,173,160,161,13921000,161
2016-08-09,160,169,156,167,16583000,167
2016-08-10,166,168,165,167,6417000,167
2016-08-12,169,171,167,170,4368000,170
2016-08-15,168,170,167,168,1672000,168
2016-08-16,168,169,166,167,2627000,167
2016-08-17,165,169,165,168,2835000,168
2016-08-18,166,169,165,166,4885000,166
2016-08-19,166,167,164,166,2509000,166
2016-08-22,165,166,164,164,2425000,164
2016-08-23,164,166,162,164,2951000,164
2016-08-24,164,166,164,165,2054000,165
2016-08-25,166,170,165,170,4378000,170
2016-08-26,165,166,161,162,6612000,162
2016-08-29,164,164,161,162,4766000,162
2016-08-30,162,164,162,162,2463000,162
2016-08-31,162,164,162,164,4989000,164
2016-09-01,164,166,163,164,5921000,164
2016-09-02,163,163,160,160,5202000,160
2016-09-05,162,163,161,161,4616000,161
2016-09-06,161,164,161,163,3145000,163
2016-09-07,162,163,161,161,4529000,161
2016-09-08,160,161,160,160,3144000,160
2016-09-09,160,161,159,159,4852000,159
2016-09-12,159,161,155,155,7368000,155
2016-09-13,157,159,155,156,7462000,156
2016-09-14,156,159,156,158,3697000,158
2016-09-15,158,161,157,161,4237000,161
2016-09-16,162,165,161,165,5879000,165
2016-09-20,165,165,163,164,3976000,164
2016-09-21,165,166,160,164,5820000,164
2016-09-23,166,168,164,167,4860000,167
2016-09-26,169,170,165,165,4114000,165
2016-09-27,164,169,163,169,3838000,169
2016-09-28,167,170,166,168,4024000,168
2016-09-29,170,173,169,173,5121000,173
2016-09-30,170,171,168,169,4086000,169
2016-10-03,173,174,171,172,2539000,172
2016-10-04,173,175,172,174,4212000,174
2016-10-05,174,174,171,171,3120000,171
2016-10-06,174,174,172,172,3492000,172
2016-10-07,171,172,169,171,3217000,171
2016-10-11,171,173,169,171,3746000,171
2016-10-12,169,171,166,166,5452000,166
2016-10-13,167,170,167,169,2756000,169
2016-10-14,168,170,167,168,2622000,168
2016-10-17,167,169,166,166,1946000,166
2016-10-18,167,170,166,169,4571000,169
2016-10-19,170,170,167,169,2794000,169
2016-10-20,168,169,168,168,3204000,168
2016-10-21,168,170,167,169,3365000,169
2016-10-24,170,172,169,171,3751000,171
2016-10-25,173,173,171,173,3040000,173
2016-10-26,173,174,172,172,2005000,172
2016-10-27,173,173,170,172,3382000,172
2016-10-28,172,173,170,171,2887000,171
2016-10-31,172,174,172,172,3362000,172
2016-11-01,173,174,171,174,3444000,174
2016-11-02,173,173,170,172,2938000,172
2016-11-04,170,172,169,170,4063000,170
2016-11-07,171,172,170,171,1970000,171
2016-11-08,170,170,168,169,2909000,169
2016-11-09,169,171,160,160,6906000,160
2016-11-10,165,171,158,169,19939000,169
2016-11-11,167,168,160,162,9473000,162
2016-11-14,161,165,161,162,6753000,162
2016-11-15,162,163,159,159,7288000,159
2016-11-16,160,161,159,160,4712000,160
2016-11-17,159,162,158,160,6006000,160
2016-11-18,162,165,161,165,6010000,165
2016-11-21,167,167,164,164,3707000,164
2016-11-22,165,166,162,166,3833000,166
2016-11-24,167,168,165,167,5365000,167
2016-11-25,167,170,167,169,5460000,169
2016-11-28,169,172,168,172,6810000,172
2016-11-29,173,175,171,172,6953000,172
2016-11-30,172,173,170,172,4497000,172
2016-12-01,173,175,170,172,7481000,172
2016-12-02,173,177,172,176,8458000,176
2016-12-05,173,176,170,171,8975000,171
2016-12-06,173,174,172,174,5135000,174
2016-12-07,173,174,170,174,7972000,174
2016-12-08,175,179,174,179,7626000,179
2016-12-09,179,179,176,178,6627000,178
2016-12-12,180,181,175,176,8043000,176
2016-12-13,175,177,174,175,3532000,175
2016-12-14,175,178,175,177,4604000,177
2016-12-15,179,180,177,177,7578000,177
2016-12-16,178,178,176,176,4015000,176
2016-12-19,175,177,175,176,2236000,176
2016-12-20,176,176,172,174,3986000,174
2016-12-21,175,175,171,173,3978000,173
2016-12-22,173,173,169,171,4578000,171
2016-12-26,171,172,170,172,2540000,172
2016-12-27,171,173,171,172,2132000,172
2016-12-28,173,180,172,179,9316000,179
2016-12-29,176,178,174,174,6178000,174
2016-12-30,173,176,172,174,3442000,174
2017-01-04,176,180,176,180,5266000,180
