Date,Open,High,Low,Close,Volume,Adj Close
2008-10-20,654,701,649,695,1954000,695
2008-10-21,705,719,683,701,1689000,701
2008-10-22,681,691,654,654,1765000,654
2008-10-23,620,635,584,632,3326000,632
2008-10-24,602,604,542,542,2808000,542
2008-10-27,552,567,488,497,3518000,497
2008-10-28,513,549,489,547,2522000,547
2008-10-29,597,632,574,630,3160000,630
2008-10-30,620,628,586,627,2402000,627
2008-10-31,597,615,558,558,2102000,558
2008-11-04,585,641,585,641,2013000,641
2008-11-05,651,676,635,665,1973000,665
2008-11-06,645,667,628,636,2358000,636
2008-11-07,608,641,574,613,2592000,613
2008-11-10,641,648,625,639,1127000,639
2008-11-11,609,629,594,601,1187000,601
2008-11-12,582,615,578,583,1027000,583
2008-11-13,551,589,550,560,2041000,560
2008-11-14,605,620,580,594,1909000,594
2008-11-17,565,603,556,588,1187000,588
2008-11-18,565,590,557,567,947000,567
2008-11-19,570,581,554,571,1155000,571
2008-11-20,551,568,529,529,1793000,529
2008-11-21,519,572,511,561,1856000,561
2008-11-25,611,643,602,643,2786000,643
2008-11-26,623,644,617,636,1279000,636
2008-11-27,649,663,637,648,726000,648
2008-11-28,650,661,637,659,735000,659
2008-12-01,660,661,638,660,823000,660
2008-12-02,590,596,571,573,2059000,573
2008-12-03,587,589,571,582,1000000,582
2008-12-04,579,586,561,565,1057000,565
2008-12-05,555,563,542,552,1207000,552
2008-12-08,556,625,551,622,1705000,622
2008-12-09,612,625,598,608,1175000,608
2008-12-10,603,646,603,639,1315000,639
2008-12-11,615,637,605,633,1177000,633
2008-12-12,595,620,573,592,3128000,592
2008-12-15,612,638,610,629,1212000,629
2008-12-16,623,630,600,605,1331000,605
2008-12-17,625,628,591,608,1739000,608
2008-12-18,610,643,606,629,1306000,629
2008-12-19,638,654,626,638,1266000,638
2008-12-22,630,630,609,618,1512000,618
2008-12-24,608,617,602,611,445000,611
2008-12-25,629,631,618,630,382000,630
2008-12-26,627,644,621,642,413000,642
2008-12-29,645,646,633,645,416000,645
2008-12-30,645,672,644,672,498000,672
2009-01-05,702,705,688,693,491000,693
2009-01-06,697,733,693,728,1416000,728
2009-01-07,748,758,738,744,1199000,744
2009-01-08,724,739,706,706,938000,706
2009-01-09,706,713,677,686,1484000,686
2009-01-13,736,737,692,698,2782000,698
2009-01-14,693,693,672,681,1820000,681
2009-01-15,652,668,648,653,1819000,653
2009-01-16,663,680,659,674,1278000,674
2009-01-19,694,712,692,702,1322000,702
2009-01-20,703,703,665,679,1407000,679
2009-01-21,656,666,650,652,1607000,652
2009-01-22,658,663,640,660,1141000,660
2009-01-23,650,650,636,636,842000,636
2009-01-26,635,658,626,638,1107000,638
2009-01-27,650,681,647,672,1150000,672
2009-01-28,673,682,655,675,960000,675
2009-01-29,686,691,667,681,1345000,681
2009-01-30,660,674,656,670,842000,670
2009-02-02,665,665,643,649,1074000,649
2009-02-03,639,673,638,645,833000,645
2009-02-04,642,673,639,663,1143000,663
2009-02-05,655,677,646,661,865000,661
2009-02-06,672,684,668,676,1229000,676
2009-02-09,696,703,677,677,1354000,677
2009-02-10,680,692,662,672,1110000,672
2009-02-12,657,666,632,644,1462000,644
2009-02-13,650,652,633,644,1623000,644
2009-02-16,637,648,635,644,1216000,644
2009-02-17,641,647,623,629,1026000,629
2009-02-18,610,627,610,619,1000000,619
2009-02-19,645,675,645,672,3642000,672
2009-02-20,668,676,664,672,2234000,672
2009-02-23,655,674,655,667,1522000,667
2009-02-24,651,657,645,654,1705000,654
2009-02-25,664,688,653,682,2469000,682
2009-02-26,694,705,688,690,1904000,690
2009-02-27,692,714,690,709,1795000,709
2009-03-02,692,701,672,675,1177000,675
2009-03-03,660,679,656,675,1035000,675
2009-03-04,665,712,663,705,2269000,705
2009-03-05,728,762,715,715,4551000,715
2009-03-06,685,692,673,687,2954000,687
2009-03-09,693,705,684,692,1481000,692
2009-03-10,682,702,681,691,1317000,691
2009-03-11,712,733,707,731,1755000,731
2009-03-12,721,728,713,722,1832000,722
2009-03-13,755,787,749,783,4650000,783
2009-03-16,800,809,770,776,1811000,776
2009-03-17,781,792,768,772,2064000,772
2009-03-18,782,803,781,800,1739000,800
2009-03-19,810,814,764,774,2025000,774
2009-03-23,768,799,768,792,1196000,792
2009-03-24,803,830,793,826,2099000,826
2009-03-25,824,835,808,828,1397000,828
2009-03-26,831,855,818,850,1026000,850
2009-03-27,858,884,853,861,1347000,861
2009-03-30,875,884,827,828,2003000,828
2009-03-31,928,928,928,928,1295000,928
2009-04-01,928,951,887,913,11104000,913
2009-04-02,921,970,902,943,7413000,943
2009-04-03,960,962,923,939,2628000,939
2009-04-06,950,955,929,946,3034000,946
2009-04-07,946,993,941,975,5193000,975
2009-04-08,957,965,921,925,2978000,925
2009-04-09,948,972,936,970,2068000,970
2009-04-10,990,992,941,960,2629000,960
2009-04-13,950,969,947,955,1304000,955
2009-04-14,949,958,930,951,1577000,951
2009-04-15,940,941,915,922,1925000,922
2009-04-16,946,962,928,938,1887000,938
2009-04-17,946,952,929,952,1302000,952
2009-04-20,945,966,945,966,972000,966
2009-04-21,950,965,940,961,1411000,961
2009-04-22,975,1061,967,1044,6328000,1044
2009-04-23,1050,1054,991,1014,3835000,1014
2009-04-24,1008,1038,998,1001,1870000,1001
2009-04-27,1050,1094,1030,1062,4484000,1062
2009-04-28,1072,1081,1014,1014,2502000,1014
2009-04-30,1030,1050,1024,1033,2138000,1033
2009-05-01,1018,1045,1003,1029,1229000,1029
2009-05-07,1069,1070,1050,1061,1435000,1061
2009-05-08,1050,1052,1012,1036,2113000,1036
2009-05-11,1036,1046,1010,1021,1599000,1021
2009-05-12,1011,1043,1002,1032,1911000,1032
2009-05-13,1030,1054,1013,1043,1587000,1043
2009-05-14,1010,1034,1010,1020,946000,1020
2009-05-15,1032,1047,1027,1040,1245000,1040
2009-05-18,1046,1057,1020,1024,1541000,1024
2009-05-19,1025,1035,1003,1015,1737000,1015
2009-05-20,1016,1024,1005,1007,1097000,1007
2009-05-21,1000,1001,963,973,1982000,973
2009-05-22,953,958,929,936,2893000,936
2009-05-25,940,948,916,923,2205000,923
2009-05-26,924,930,916,924,2414000,924
2009-05-27,950,952,928,933,2190000,933
2009-05-28,934,977,934,964,2369000,964
2009-05-29,974,983,965,983,1873000,983
2009-06-01,990,990,964,983,1251000,983
2009-06-02,993,995,978,982,922000,982
2009-06-03,975,997,975,983,1173000,983
2009-06-04,977,983,968,976,809000,976
2009-06-05,977,984,965,971,757000,971
2009-06-08,968,984,963,978,966000,978
2009-06-09,975,987,966,970,794000,970
2009-06-10,968,998,968,988,967000,988
2009-06-11,998,1021,991,1007,1596000,1007
2009-06-12,1037,1042,1011,1017,4214000,1017
2009-06-15,1021,1023,994,1002,1028000,1002
2009-06-16,996,998,973,975,971000,975
2009-06-17,975,1003,960,998,1004000,998
2009-06-18,993,1005,976,1003,1384000,1003
2009-06-19,1018,1040,1008,1028,1884000,1028
2009-06-22,1029,1036,1017,1028,1004000,1028
2009-06-23,997,1003,979,983,1371000,983
2009-06-24,976,1012,976,998,1325000,998
2009-06-25,1020,1034,1009,1022,1093000,1022
2009-06-26,1040,1068,1025,1048,2113000,1048
2009-06-29,1067,1087,1053,1059,1662000,1059
2009-06-30,1090,1102,1075,1092,1629000,1092
2009-07-01,1100,1145,1099,1123,2212000,1123
2009-07-02,1143,1145,1117,1132,1725000,1132
2009-07-03,1120,1146,1109,1135,1210000,1135
2009-07-06,1115,1138,1094,1132,1280000,1132
2009-07-07,1149,1155,1112,1124,1064000,1124
2009-07-08,1115,1135,1091,1097,1198000,1097
2009-07-09,1077,1089,1061,1068,1089000,1068
2009-07-10,1088,1105,1063,1090,1810000,1090
2009-07-13,1084,1087,1002,1003,1807000,1003
2009-07-14,1042,1076,1037,1076,1558000,1076
2009-07-15,1089,1099,1037,1057,1390000,1057
2009-07-16,1103,1114,1085,1090,1793000,1090
2009-07-17,1105,1116,1095,1109,1283000,1109
2009-07-21,1129,1147,1105,1146,1289000,1146
2009-07-22,1147,1159,1136,1155,896000,1155
2009-07-23,1140,1159,1135,1142,1179000,1142
2009-07-24,1149,1164,1137,1161,1137000,1161
2009-07-27,1188,1208,1180,1184,1117000,1184
2009-07-28,1181,1193,1158,1171,894000,1171
2009-07-29,1151,1188,1145,1164,975000,1164
2009-07-30,1182,1182,1156,1169,527000,1169
2009-07-31,1184,1214,1180,1211,1125000,1211
2009-08-03,1225,1225,1211,1214,544000,1214
2009-08-04,1228,1229,1200,1205,897000,1205
2009-08-05,1203,1207,1172,1172,736000,1172
2009-08-06,1164,1190,1161,1176,976000,1176
2009-08-07,1164,1178,1136,1178,1099000,1178
2009-08-10,1198,1203,1186,1191,993000,1191
2009-08-11,1171,1187,1163,1179,1121000,1179
2009-08-12,1150,1173,1147,1152,1171000,1152
2009-08-13,1150,1185,1150,1177,992000,1177
2009-08-14,1186,1186,1165,1168,1560000,1168
2009-08-17,1158,1165,1125,1132,1393000,1132
2009-08-18,1120,1142,1097,1116,1575000,1116
2009-08-19,1136,1159,1121,1138,1017000,1138
2009-08-20,1155,1170,1145,1168,1229000,1168
2009-08-21,1158,1164,1117,1140,1120000,1140
2009-08-24,1156,1172,1150,1168,1013000,1168
2009-08-25,1150,1155,1141,1146,1121000,1146
2009-08-26,1150,1156,1135,1144,1563000,1144
2009-08-27,1127,1130,1096,1104,1850000,1104
2009-08-28,1124,1125,1087,1098,1479000,1098
2009-08-31,1118,1123,1078,1087,1089000,1087
2009-09-01,1067,1095,1067,1082,1306000,1082
2009-09-02,1050,1055,1033,1053,1720000,1053
2009-09-03,1042,1050,1032,1035,1336000,1035
2009-09-04,1034,1040,1014,1017,1280000,1017
2009-09-07,1022,1023,998,1003,1826000,1003
2009-09-08,1014,1015,982,1014,1658000,1014
2009-09-09,1021,1030,1002,1016,1193000,1016
2009-09-10,1022,1047,1021,1047,1559000,1047
2009-09-11,1053,1053,1019,1028,3557000,1028
2009-09-14,1016,1022,985,993,1198000,993
2009-09-15,995,1000,965,973,1574000,973
2009-09-16,982,998,974,986,1062000,986
2009-09-17,988,991,974,983,1219000,983
2009-09-18,976,982,960,960,872000,960
2009-09-24,970,986,966,980,1190000,980
2009-09-25,973,973,945,949,1301000,949
2009-09-28,950,950,925,929,848000,929
2009-09-29,938,952,935,945,934000,945
2009-09-30,949,957,943,955,864000,955
2009-10-01,957,957,920,925,983000,925
2009-10-02,905,906,886,895,1408000,895
2009-10-05,893,899,876,880,1041000,880
2009-10-06,885,889,870,889,1204000,889
2009-10-07,887,894,875,879,1651000,879
2009-10-08,881,887,857,869,1976000,869
2009-10-09,885,909,880,904,2523000,904
2009-10-13,900,906,887,894,1173000,894
2009-10-14,903,903,878,883,790000,883
2009-10-15,902,908,894,902,886000,902
2009-10-16,894,904,879,884,1625000,884
2009-10-19,894,906,880,892,1348000,892
2009-10-20,921,927,911,923,1477000,923
2009-10-21,919,922,903,908,803000,908
2009-10-22,891,901,880,897,949000,897
2009-10-23,900,902,886,888,781000,888
2009-10-26,894,914,892,912,1326000,912
2009-10-27,896,903,888,889,788000,889
2009-10-28,871,878,859,862,1107000,862
2009-10-29,850,852,837,844,1123000,844
2009-10-30,860,907,855,907,3365000,907
2009-11-02,897,897,856,859,2539000,859
2009-11-04,859,859,832,841,1240000,841
2009-11-05,832,834,806,810,1405000,810
2009-11-06,828,843,823,825,1096000,825
2009-11-09,821,829,811,818,721000,818
2009-11-10,823,833,814,815,707000,815
2009-11-11,818,824,810,816,753000,816
2009-11-12,810,815,795,799,816000,799
2009-11-13,792,800,774,780,1330000,780
2009-11-16,786,786,764,774,687000,774
2009-11-17,776,784,765,772,1314000,772
2009-11-18,764,772,752,762,1259000,762
2009-11-19,751,751,735,748,1578000,748
2009-11-20,768,780,755,765,2022000,765
2009-11-24,780,785,771,774,1902000,774
2009-11-25,754,759,746,757,1259000,757
2009-11-26,740,750,736,738,848000,738
2009-11-27,712,716,696,702,1564000,702
2009-11-30,710,722,706,707,1709000,707
2009-12-01,692,737,691,733,2171000,733
2009-12-02,734,741,723,730,886000,730
2009-12-03,743,780,740,779,1428000,779
2009-12-04,769,776,757,770,911000,770
2009-12-07,790,804,784,803,1480000,803
2009-12-08,791,803,782,799,1251000,799
2009-12-09,780,791,775,781,831000,781
2009-12-10,780,797,766,774,995000,774
2009-12-11,782,804,774,802,3224000,802
2009-12-14,795,798,783,797,724000,797
2009-12-15,801,828,792,827,1379000,827
2009-12-16,845,845,820,826,910000,826
2009-12-17,818,839,814,823,709000,823
2009-12-18,810,829,805,826,707000,826
2009-12-21,827,833,818,820,560000,820
2009-12-22,821,850,821,850,866000,850
2009-12-24,830,853,828,841,1492000,841
2009-12-25,850,850,830,834,541000,834
2009-12-28,839,867,835,867,1207000,867
2009-12-29,869,871,856,859,1119000,859
2009-12-30,869,873,858,858,647000,858
2010-01-04,859,870,857,861,311000,861
2010-01-05,876,878,864,868,614000,868
2010-01-06,869,878,867,873,444000,873
2010-01-07,874,878,850,856,948000,856
2010-01-08,873,896,871,886,2165000,886
2010-01-12,895,897,886,890,726000,890
2010-01-13,880,898,880,888,677000,888
2010-01-14,889,908,885,905,902000,905
2010-01-15,909,909,891,899,882000,899
2010-01-18,885,886,872,875,1158000,875
2010-01-19,876,877,846,857,926000,857
2010-01-20,863,869,846,850,662000,850
2010-01-21,838,873,821,872,1529000,872
2010-01-22,842,850,834,845,1059000,845
2010-01-25,826,829,813,823,1012000,823
2010-01-26,814,822,793,796,1674000,796
2010-01-27,783,791,776,778,1083000,778
2010-01-28,790,809,780,796,858000,796
2010-01-29,779,807,776,789,1508000,789
2010-02-01,788,789,758,760,1958000,760
2010-02-02,760,766,755,764,1401000,764
2010-02-03,770,790,768,781,942000,781
2010-02-04,781,783,756,762,796000,762
2010-02-05,737,755,734,750,1007000,750
2010-02-08,742,746,729,742,736000,742
2010-02-09,731,739,724,738,727000,738
2010-02-10,742,824,733,811,4632000,811
2010-02-12,811,837,801,835,3044000,835
2010-02-15,845,876,842,871,2815000,871
2010-02-16,872,886,872,884,1786000,884
2010-02-17,887,914,887,909,2696000,909
2010-02-18,914,932,907,932,2304000,932
2010-02-19,928,936,894,897,3004000,897
2010-02-22,907,909,885,888,2608000,888
2010-02-23,878,890,875,884,2151000,884
2010-02-24,874,881,871,873,1745000,873
2010-02-25,883,893,862,868,1953000,868
2010-02-26,871,878,864,868,1643000,868
2010-03-01,871,882,869,880,1316000,880
2010-03-02,883,888,875,888,1183000,888
2010-03-03,880,890,876,887,1214000,887
2010-03-04,880,887,875,880,1360000,880
2010-03-05,887,917,887,912,1770000,912
2010-03-08,927,931,917,926,1439000,926
2010-03-09,926,929,919,924,1019000,924
2010-03-10,924,935,922,932,1006000,932
2010-03-11,938,938,907,928,1184000,928
2010-03-12,950,975,944,966,5768000,966
2010-03-15,971,972,950,954,1852000,954
2010-03-16,958,988,958,971,1272000,971
2010-03-17,975,986,974,978,1127000,978
2010-03-18,971,976,961,963,780000,963
2010-03-19,969,977,963,971,904000,971
2010-03-23,952,952,937,946,1333000,946
2010-03-24,946,955,937,944,753000,944
2010-03-25,949,959,943,947,848000,947
2010-03-26,947,969,947,968,1024000,968
2010-03-29,950,962,948,957,551000,957
2010-03-30,970,974,963,971,697000,971
2010-03-31,980,981,966,968,883000,968
2010-04-01,983,987,963,982,1601000,982
2010-04-02,980,994,980,992,770000,992
2010-04-05,1000,1009,996,1005,761000,1005
2010-04-06,1005,1013,987,996,1226000,996
2010-04-07,1000,1009,994,1002,739000,1002
2010-04-08,990,995,982,982,958000,982
2010-04-09,978,991,978,986,2083000,986
2010-04-12,1001,1005,984,987,763000,987
2010-04-13,977,987,973,983,739000,983
2010-04-14,983,988,949,952,1600000,952
2010-04-15,967,977,958,964,842000,964
2010-04-16,958,960,930,932,1074000,932
2010-04-19,919,922,907,917,966000,917
2010-04-20,922,952,922,931,1545000,931
2010-04-21,949,960,945,951,1038000,951
2010-04-22,951,951,934,937,1259000,937
2010-04-23,942,954,933,950,1380000,950
2010-04-26,965,970,959,960,785000,960
2010-04-27,962,973,959,967,751000,967
2010-04-28,952,960,933,936,1183000,936
2010-04-30,974,1017,970,1006,2394000,1006
2010-05-06,976,977,954,957,1595000,957
2010-05-07,924,935,909,922,1424000,922
2010-05-10,927,943,918,941,989000,941
2010-05-11,945,960,933,949,1545000,949
2010-05-12,959,977,918,926,1794000,926
2010-05-13,941,955,930,949,934000,949
2010-05-14,934,953,933,939,1367000,939
2010-05-17,926,938,912,919,1201000,919
2010-05-18,934,935,913,919,920000,919
2010-05-19,904,904,883,899,1388000,899
2010-05-20,900,903,881,885,835000,885
2010-05-21,863,867,847,855,1313000,855
2010-05-24,859,871,846,862,1021000,862
2010-05-25,851,854,817,820,1228000,820
2010-05-26,835,845,827,833,1116000,833
2010-05-27,818,848,815,844,934000,844
2010-05-28,859,860,845,849,1320000,849
2010-05-31,858,871,855,861,1083000,861
2010-06-01,862,862,845,849,679000,849
2010-06-02,834,862,831,844,930000,844
2010-06-03,859,875,853,873,632000,873
2010-06-04,878,888,873,875,593000,875
2010-06-07,853,854,842,843,814000,843
2010-06-08,830,849,830,838,634000,838
2010-06-09,827,831,815,822,853000,822
2010-06-10,830,830,819,829,434000,829
2010-06-11,850,867,847,859,3692000,859
2010-06-14,870,886,869,881,483000,881
2010-06-15,881,890,874,890,516000,890
2010-06-16,902,921,901,908,740000,908
2010-06-17,897,919,897,906,412000,906
2010-06-18,906,907,898,902,617000,902
2010-06-21,919,923,909,918,666000,918
2010-06-22,912,922,912,919,571000,919
2010-06-23,917,917,901,910,620000,910
2010-06-24,906,934,906,924,639000,924
2010-06-25,909,909,879,885,798000,885
2010-06-28,883,895,874,891,654000,891
2010-06-29,900,903,871,873,606000,873
2010-06-30,858,864,842,859,1010000,859
2010-07-01,850,855,840,845,909000,845
2010-07-02,844,848,834,841,626000,841
2010-07-05,845,851,844,850,319000,850
2010-07-06,833,852,828,849,561000,849
2010-07-07,850,867,843,866,1106000,866
2010-07-08,885,887,877,886,550000,886
2010-07-09,896,900,879,894,1128000,894
2010-07-12,890,900,887,891,389000,891
2010-07-13,893,902,885,892,453000,892
2010-07-14,917,918,908,918,627000,918
2010-07-15,931,938,923,926,1016000,926
2010-07-16,918,922,886,887,962000,887
2010-07-20,872,894,868,887,643000,887
2010-07-21,902,902,875,885,546000,885
2010-07-22,884,896,878,890,762000,890
2010-07-23,906,909,892,899,781000,899
2010-07-26,912,917,908,914,396000,914
2010-07-27,914,915,904,907,367000,907
2010-07-28,922,937,922,934,565000,934
2010-07-29,919,930,918,924,468000,924
2010-07-30,915,915,887,894,706000,894
2010-08-02,899,915,896,900,376000,900
2010-08-03,925,928,908,916,731000,916
2010-08-04,903,911,897,901,670000,901
2010-08-05,916,928,904,918,725000,918
2010-08-06,891,925,891,913,564000,913
2010-08-09,898,902,891,896,608000,896
2010-08-10,909,934,902,928,1583000,928
2010-08-11,914,929,893,895,1079000,895
2010-08-12,880,899,860,881,1139000,881
2010-08-13,875,889,863,879,1322000,879
2010-08-16,868,874,856,869,579000,869
2010-08-17,855,867,853,862,639000,862
2010-08-18,872,877,857,866,547000,866
2010-08-19,866,873,863,873,691000,873
2010-08-20,861,862,838,840,871000,840
2010-08-23,841,847,834,834,660000,834
2010-08-24,825,829,810,811,636000,811
2010-08-25,807,814,788,794,891000,794
2010-08-26,800,804,793,797,657000,797
2010-08-27,782,817,779,811,740000,811
2010-08-30,826,844,821,832,667000,832
2010-08-31,814,814,795,795,677000,795
2010-09-01,795,795,777,793,814000,793
2010-09-02,800,821,799,816,647000,816
2010-09-03,823,831,817,826,533000,826
2010-09-06,836,855,822,854,710000,854
2010-09-07,843,849,829,837,479000,837
2010-09-08,816,817,803,804,737000,804
2010-09-09,807,809,797,800,817000,800
2010-09-10,800,823,799,811,2426000,811
2010-09-13,821,830,816,818,587000,818
2010-09-14,816,817,807,811,518000,811
2010-09-15,812,850,804,843,1187000,843
2010-09-16,857,859,838,843,786000,843
2010-09-17,850,859,842,855,845000,855
2010-09-21,867,867,846,851,564000,851
2010-09-22,853,860,852,856,461000,856
2010-09-24,841,863,835,842,1079000,842
2010-09-27,856,868,853,863,558000,863
2010-09-28,858,860,843,849,456000,849
2010-09-29,848,861,843,855,783000,855
2010-09-30,855,857,837,837,638000,837
2010-10-01,846,852,837,840,697000,840
2010-10-04,847,857,841,851,680000,851
2010-10-05,850,857,833,851,977000,851
2010-10-06,861,894,857,890,1061000,890
2010-10-07,884,887,873,878,712000,878
2010-10-08,879,879,856,856,1487000,856
2010-10-12,867,870,837,838,660000,838
2010-10-13,853,866,853,862,1046000,862
2010-10-14,872,875,863,866,731000,866
2010-10-15,860,860,841,853,566000,853
2010-10-18,850,856,848,851,313000,851
2010-10-19,855,867,855,858,473000,858
2010-10-20,837,839,824,835,874000,835
2010-10-21,836,845,826,833,624000,833
2010-10-22,838,846,837,842,313000,842
2010-10-25,842,854,841,847,643000,847
2010-10-26,842,850,833,845,567000,845
2010-10-27,853,856,845,847,571000,847
2010-10-28,848,851,835,839,894000,839
2010-10-29,828,832,813,815,681000,815
2010-11-01,812,814,801,805,538000,805
2010-11-02,800,812,800,808,581000,808
2010-11-04,818,821,813,818,563000,818
2010-11-05,835,858,831,848,791000,848
2010-11-08,852,860,848,856,510000,856
2010-11-09,844,860,842,845,1185000,845
2010-11-10,850,867,849,867,661000,867
2010-11-11,865,865,854,862,805000,862
2010-11-12,860,864,847,849,844000,849
2010-11-15,859,863,851,859,405000,859
2010-11-16,863,867,844,845,711000,845
2010-11-17,838,844,834,839,608000,839
2010-11-18,837,876,837,867,950000,867
2010-11-19,880,880,864,867,661000,867
2010-11-22,879,879,867,868,551000,868
2010-11-24,858,876,855,866,810000,866
2010-11-25,868,875,862,871,599000,871
2010-11-26,876,883,873,873,474000,873
2010-11-29,870,879,869,877,558000,877
2010-11-30,871,880,862,862,716000,862
2010-12-01,866,869,861,868,568000,868
2010-12-02,883,890,879,887,731000,887
2010-12-03,895,902,881,883,593000,883
2010-12-06,893,908,891,904,834000,904
2010-12-07,904,908,884,906,932000,906
2010-12-08,915,921,909,912,866000,912
2010-12-09,918,925,913,917,591000,917
2010-12-10,931,931,901,907,3672000,907
2010-12-13,912,914,905,912,429000,912
2010-12-14,911,921,908,919,732000,919
2010-12-15,921,922,909,909,652000,909
2010-12-16,915,926,912,922,641000,922
2010-12-17,918,926,917,924,814000,924
2010-12-20,917,923,913,914,603000,914
2010-12-21,920,927,914,927,469000,927
2010-12-22,920,931,920,929,688000,929
2010-12-24,914,920,891,899,1247000,899
2010-12-27,909,909,900,906,728000,906
2010-12-28,900,911,898,904,474000,904
2010-12-29,902,910,902,908,298000,908
2010-12-30,902,904,889,890,552000,890
2011-01-04,905,911,901,910,548000,910
2011-01-05,905,912,902,908,390000,908
2011-01-06,923,949,922,949,1359000,949
2011-01-07,940,948,932,940,700000,940
2011-01-11,930,938,926,935,787000,935
2011-01-12,934,943,928,928,571000,928
2011-01-13,931,940,926,936,752000,936
2011-01-14,924,940,924,925,1352000,925
2011-01-17,937,938,928,930,672000,930
2011-01-18,923,936,922,933,576000,933
2011-01-19,933,943,930,941,468000,941
2011-01-20,928,935,925,929,558000,929
2011-01-21,935,937,923,925,1105000,925
2011-01-24,931,937,927,936,515000,936
2011-01-25,932,944,928,939,496000,939
2011-01-26,932,947,932,941,519000,941
2011-01-27,948,948,934,935,672000,935
2011-01-28,935,944,926,926,550000,926
2011-01-31,915,915,906,909,390000,909
2011-02-01,906,907,888,892,1210000,892
2011-02-02,900,921,899,917,910000,917
2011-02-03,902,911,900,905,737000,905
2011-02-04,917,925,914,922,602000,922
2011-02-07,937,937,919,921,678000,921
2011-02-08,930,938,909,915,889000,915
2011-02-09,926,926,905,905,833000,905
2011-02-10,899,912,898,909,945000,909
2011-02-14,910,917,907,912,546000,912
2011-02-15,908,913,907,908,649000,908
2011-02-16,904,916,904,914,1015000,914
2011-02-17,915,916,903,904,587000,904
2011-02-18,907,908,903,904,832000,904
2011-02-21,902,910,902,906,515000,906
2011-02-22,897,903,884,891,946000,891
2011-02-23,890,899,889,889,911000,889
2011-02-24,891,892,880,883,762000,883
2011-02-25,892,894,882,890,623000,890
2011-02-28,882,896,877,894,688000,894
2011-03-01,899,913,898,912,794000,912
2011-03-02,899,903,881,881,736000,881
2011-03-03,882,895,880,894,485000,894
2011-03-04,909,915,905,906,610000,906
2011-03-07,900,900,882,883,639000,883
2011-03-08,881,886,880,882,429000,882
2011-03-09,890,893,882,884,510000,884
2011-03-10,876,877,855,856,941000,856
2011-03-11,842,856,839,839,3459000,839
2011-03-14,794,802,766,768,1121000,768
2011-03-15,738,738,618,650,2510000,650
2011-03-16,660,700,642,667,3181000,667
2011-03-17,645,683,621,670,3152000,670
2011-03-18,676,710,674,702,2235000,702
2011-03-22,732,758,726,755,2773000,755
2011-03-23,752,766,732,748,2372000,748
2011-03-24,754,768,754,760,1698000,760
2011-03-25,767,784,766,773,2018000,773
2011-03-28,786,787,763,769,1266000,769
2011-03-29,752,791,750,782,2059000,782
2011-03-30,782,797,775,797,1296000,797
2011-03-31,796,809,785,807,1092000,807
2011-04-01,798,810,790,796,1036000,796
2011-04-04,797,802,785,788,1235000,788
2011-04-05,787,789,778,782,1523000,782
2011-04-06,786,789,772,782,1196000,782
2011-04-07,785,785,756,757,2384000,757
2011-04-08,758,787,747,780,2195000,780
2011-04-11,774,788,774,778,608000,778
2011-04-12,769,770,758,765,922000,765
2011-04-13,757,784,753,780,1555000,780
2011-04-14,772,786,765,781,1024000,781
2011-04-15,780,784,770,777,894000,777
2011-04-18,776,782,768,768,1055000,768
2011-04-19,760,774,758,771,784000,771
2011-04-20,783,794,783,787,1014000,787
2011-04-21,794,798,787,792,555000,792
2011-04-22,790,796,786,793,792000,793
2011-04-25,798,800,788,789,462000,789
2011-04-26,783,786,777,783,699000,783
2011-04-27,783,791,780,787,825000,787
2011-04-28,793,803,788,799,897000,799
2011-05-02,803,821,802,815,730000,815
2011-05-06,800,801,790,798,1287000,798
2011-05-09,795,806,793,796,440000,796
2011-05-10,800,802,791,799,801000,799
2011-05-11,806,811,781,796,1764000,796
2011-05-12,789,789,764,764,1842000,764
2011-05-13,771,776,749,762,2013000,762
2011-05-16,755,764,750,760,948000,760
2011-05-17,745,757,737,754,2970000,754
2011-05-18,747,760,740,755,1791000,755
2011-05-19,755,757,745,746,1406000,746
2011-05-20,747,761,745,757,1469000,757
2011-05-23,748,750,737,748,856000,748
2011-05-24,749,753,742,749,1170000,749
2011-05-25,747,749,740,741,790000,741
2011-05-26,743,754,741,752,1309000,752
2011-05-27,745,760,740,751,1347000,751
2011-05-30,745,749,736,746,1324000,746
2011-05-31,746,764,744,758,6469000,758
2011-06-01,772,789,768,772,2449000,772
2011-06-02,755,764,750,759,1627000,759
2011-06-03,750,753,746,746,1313000,746
2011-06-06,746,750,735,735,811000,735
2011-06-07,735,741,729,738,823000,738
2011-06-08,732,733,722,728,1052000,728
2011-06-09,728,733,723,729,1054000,729
2011-06-10,735,742,732,738,2673000,738
2011-06-13,725,733,723,730,478000,730
2011-06-14,726,737,726,737,711000,737
2011-06-15,737,741,730,733,734000,733
2011-06-16,723,732,723,726,754000,726
2011-06-17,730,731,713,715,1258000,715
2011-06-20,717,722,717,721,621000,721
2011-06-21,725,732,722,731,903000,731
2011-06-22,740,750,739,748,891000,748
2011-06-23,737,747,735,740,710000,740
2011-06-24,748,752,744,751,592000,751
2011-06-27,752,752,737,743,669000,743
2011-06-28,749,749,740,745,652000,745
2011-06-29,754,757,746,755,666000,755
2011-06-30,761,770,758,763,957000,763
2011-07-01,777,783,772,781,1192000,781
2011-07-04,792,793,781,785,458000,785
2011-07-05,784,786,780,781,467000,781
2011-07-06,778,790,776,788,575000,788
2011-07-07,786,795,779,792,576000,792
2011-07-08,806,806,795,797,905000,797
2011-07-11,789,792,786,786,337000,786
2011-07-12,771,774,764,771,555000,771
2011-07-13,764,775,759,771,554000,771
2011-07-14,768,775,764,770,504000,770
2011-07-15,773,780,771,773,714000,773
2011-07-19,773,775,770,770,437000,770
2011-07-20,779,783,777,779,416000,779
2011-07-21,781,783,771,775,807000,775
2011-07-22,785,791,784,787,581000,787
2011-07-25,783,789,781,787,461000,787
2011-07-26,788,799,787,797,786000,797
2011-07-27,793,797,785,787,1065000,787
2011-07-28,774,775,757,761,910000,761
2011-07-29,765,769,758,760,1236000,760
2011-08-01,762,773,760,771,636000,771
2011-08-02,763,765,754,760,1052000,760
2011-08-03,741,744,735,740,876000,740
2011-08-04,746,763,742,755,1201000,755
2011-08-05,720,725,718,721,1209000,721
2011-08-08,715,715,699,702,974000,702
2011-08-09,671,690,657,687,1564000,687
2011-08-10,707,708,688,698,1315000,698
2011-08-11,693,731,692,731,2405000,731
2011-08-12,733,743,723,736,2027000,736
2011-08-15,749,757,740,752,1637000,752
2011-08-16,752,752,742,750,1080000,750
2011-08-17,735,754,735,750,974000,750
2011-08-18,742,743,728,729,1120000,729
2011-08-19,714,724,713,716,838000,716
2011-08-22,710,720,702,702,817000,702
2011-08-23,711,716,700,711,1293000,711
2011-08-24,711,720,705,709,874000,709
2011-08-25,711,726,707,719,978000,719
2011-08-26,713,722,712,719,875000,719
2011-08-29,714,725,712,720,628000,720
2011-08-30,727,741,727,739,829000,739
2011-08-31,705,710,693,696,2047000,696
2011-09-01,686,687,662,665,3975000,665
2011-09-02,665,667,655,657,1326000,657
2011-09-05,645,647,636,639,1491000,639
2011-09-06,634,634,614,616,1633000,616
2011-09-07,622,628,618,628,1294000,628
2011-09-08,638,639,627,633,1239000,633
2011-09-09,634,636,622,622,3301000,622
2011-09-12,601,604,596,602,1109000,602
2011-09-13,602,618,601,617,1060000,617
2011-09-14,615,619,602,605,942000,605
2011-09-15,619,630,613,626,1428000,626
2011-09-16,632,654,626,651,1786000,651
2011-09-20,641,642,631,632,707000,632
2011-09-21,631,645,629,640,805000,640
2011-09-22,630,637,619,633,1768000,633
2011-09-26,638,642,617,619,1341000,619
2011-09-27,639,665,639,654,1702000,654
2011-09-28,652,663,644,655,1143000,655
2011-09-29,658,667,653,663,1087000,663
2011-09-30,667,682,660,681,1667000,681
2011-10-03,671,671,652,663,1034000,663
2011-10-04,658,670,656,664,1183000,664
2011-10-05,678,680,667,674,1367000,674
2011-10-06,683,693,677,692,1136000,692
2011-10-07,694,706,690,700,1007000,700
2011-10-11,701,708,694,707,1541000,707
2011-10-12,700,707,698,703,624000,703
2011-10-13,709,713,703,706,588000,706
2011-10-14,706,706,687,697,1706000,697
2011-10-17,705,707,693,696,892000,696
2011-10-18,682,689,681,684,590000,684
2011-10-19,697,707,696,706,936000,706
2011-10-20,704,705,694,699,787000,699
2011-10-21,698,704,695,703,417000,703
2011-10-24,711,717,707,713,829000,713
2011-10-25,710,716,692,697,776000,697
2011-10-26,693,704,687,701,517000,701
2011-10-27,701,720,701,719,491000,719
2011-10-28,729,733,725,731,491000,731
2011-10-31,726,739,720,723,1085000,723
2011-11-01,712,726,710,712,544000,712
2011-11-02,702,720,699,713,890000,713
2011-11-04,720,721,707,718,941000,718
2011-11-07,713,713,703,705,459000,705
2011-11-08,705,709,686,691,720000,691
2011-11-09,700,714,687,689,1311000,689
2011-11-10,671,676,665,666,932000,666
2011-11-11,668,672,656,659,1078000,659
2011-11-14,669,681,667,676,650000,676
2011-11-15,666,667,649,651,910000,651
2011-11-16,657,659,649,650,775000,650
2011-11-17,648,654,645,651,794000,651
2011-11-18,641,648,641,642,514000,642
2011-11-21,640,647,639,640,292000,640
2011-11-22,630,640,623,634,894000,634
2011-11-24,620,628,618,621,549000,621
2011-11-25,615,622,609,612,835000,612
2011-11-28,617,627,616,622,713000,622
2011-11-29,630,636,622,636,782000,636
2011-11-30,638,645,634,640,824000,640
2011-12-01,660,672,660,668,1105000,668
2011-12-02,670,674,667,673,708000,673
2011-12-05,672,682,671,680,534000,680
2011-12-06,676,676,662,664,605000,664
2011-12-07,666,687,665,685,835000,685
2011-12-08,682,692,681,683,580000,683
2011-12-09,664,678,664,675,3658000,675
2011-12-12,685,701,685,696,800000,696
2011-12-13,686,695,679,692,828000,692
2011-12-14,686,696,681,691,692000,691
2011-12-15,691,691,677,678,734000,678
2011-12-16,688,689,666,668,1124000,668
2011-12-19,660,660,647,655,1049000,655
2011-12-20,651,660,647,656,727000,656
2011-12-21,666,676,663,672,742000,672
2011-12-22,672,677,669,675,823000,675
2011-12-26,695,697,683,686,635000,686
2011-12-27,677,687,674,686,293000,686
2011-12-28,686,695,686,694,905000,694
2011-12-29,684,691,677,689,560000,689
2011-12-30,698,698,691,694,398000,694
2012-01-04,702,702,694,694,536000,694
2012-01-05,684,695,684,688,473000,688
2012-01-06,684,689,674,678,590000,678
2012-01-10,679,683,670,671,495000,671
2012-01-11,674,677,670,675,336000,675
2012-01-12,672,677,668,675,357000,675
2012-01-13,687,711,687,709,2144000,709
2012-01-16,709,709,693,702,785000,702
2012-01-17,704,716,703,714,845000,714
2012-01-18,719,736,714,723,834000,723
2012-01-19,726,739,726,734,697000,734
2012-01-20,746,755,740,752,786000,752
2012-01-23,741,750,740,746,522000,746
2012-01-24,751,752,743,743,577000,743
2012-01-25,752,759,748,756,375000,756
2012-01-26,756,764,756,763,500000,763
2012-01-27,778,783,771,777,1450000,777
2012-01-30,765,768,756,759,781000,759
2012-01-31,765,774,763,765,1090000,765
2012-02-01,766,770,764,768,586000,768
2012-02-02,779,785,773,784,730000,784
2012-02-03,781,781,765,767,956000,767
2012-02-06,707,758,706,747,2555000,747
2012-02-07,732,738,705,708,2635000,708
2012-02-08,722,723,705,713,2091000,713
2012-02-09,695,703,692,700,2018000,700
2012-02-10,700,708,699,703,1303000,703
2012-02-13,689,692,683,687,1577000,687
2012-02-14,687,697,685,690,1117000,690
2012-02-15,690,707,690,702,1420000,702
2012-02-16,702,710,699,707,1351000,707
2012-02-17,721,722,713,714,1129000,714
2012-02-20,726,729,721,726,1334000,726
2012-02-21,717,739,717,731,1131000,731
2012-02-22,735,751,732,749,1307000,749
2012-02-23,750,755,746,753,1296000,753
2012-02-24,754,759,747,756,1127000,756
2012-02-27,771,787,771,774,1763000,774
2012-02-28,773,787,766,787,1709000,787
2012-02-29,787,798,772,773,1085000,773
2012-03-01,781,787,769,776,908000,776
2012-03-02,786,791,780,786,739000,786
2012-03-05,789,796,777,778,947000,778
2012-03-06,787,790,776,783,1618000,783
2012-03-07,768,778,761,774,1064000,774
2012-03-08,783,789,773,788,879000,788
2012-03-09,806,815,795,801,3498000,801
2012-03-12,810,811,791,792,869000,792
2012-03-13,790,804,785,787,998000,787
2012-03-14,802,814,800,800,960000,800
2012-03-15,810,810,800,802,936000,802
2012-03-16,804,806,800,802,685000,802
2012-03-19,800,801,794,796,832000,796
2012-03-21,786,790,780,787,1342000,787
2012-03-22,788,804,785,801,1142000,801
2012-03-23,792,795,785,792,815000,792
2012-03-26,820,828,803,804,1708000,804
2012-03-27,809,813,800,807,1410000,807
2012-03-28,794,800,788,795,1154000,795
2012-03-29,790,791,781,782,1436000,782
2012-03-30,787,788,780,783,833000,783
2012-04-02,784,790,777,777,969000,777
2012-04-03,770,774,766,772,584000,772
2012-04-04,765,770,752,754,1281000,754
2012-04-05,754,758,746,753,1076000,753
2012-04-06,744,750,741,743,810000,743
2012-04-09,730,735,729,732,714000,732
2012-04-10,739,746,734,737,1266000,737
2012-04-11,722,731,721,726,779000,726
2012-04-12,728,736,724,734,822000,734
2012-04-13,737,742,727,729,2311000,729
2012-04-16,718,719,708,711,999000,711
2012-04-17,711,717,711,715,679000,715
2012-04-18,725,729,721,727,497000,727
2012-04-19,716,723,716,719,669000,719
2012-04-20,714,717,710,712,724000,712
2012-04-23,713,719,707,711,517000,711
2012-04-24,702,704,696,698,994000,698
2012-04-25,707,709,698,701,1126000,701
2012-04-26,711,714,701,713,1172000,713
2012-04-27,715,722,704,707,1463000,707
2012-05-01,708,724,708,719,995000,719
2012-05-02,732,733,717,722,1018000,722
2012-05-07,707,715,695,702,979000,702
2012-05-08,709,716,707,716,984000,716
2012-05-09,705,710,702,706,1183000,706
2012-05-10,696,799,682,691,2250000,691
2012-05-11,685,689,679,684,1219000,684
2012-05-14,694,699,682,685,875000,685
2012-05-15,681,685,664,672,1140000,672
2012-05-16,668,676,660,666,1030000,666
2012-05-17,665,668,656,664,919000,664
2012-05-18,654,663,651,653,1157000,653
2012-05-21,653,655,649,652,589000,652
2012-05-22,657,662,650,653,869000,653
2012-05-23,653,655,635,638,924000,638
2012-05-24,634,642,629,637,912000,637
2012-05-25,644,647,631,636,1082000,636
2012-05-28,642,642,632,638,717000,638
2012-05-29,633,641,626,641,979000,641
2012-05-30,643,646,635,643,945000,643
2012-05-31,633,633,622,626,1223000,626
2012-06-01,620,621,599,601,1434000,601
2012-06-04,586,587,575,584,1670000,584
2012-06-05,586,600,586,597,704000,597
2012-06-06,596,610,595,609,796000,609
2012-06-07,616,616,601,612,1211000,612
2012-06-08,607,609,584,586,3461000,586
2012-06-11,600,606,595,604,671000,604
2012-06-12,591,597,586,596,858000,596
2012-06-13,597,601,591,591,662000,591
2012-06-14,585,586,577,578,1400000,578
2012-06-15,584,588,571,571,1407000,571
2012-06-18,586,592,583,589,782000,589
2012-06-19,590,590,576,578,707000,578
2012-06-20,585,593,582,591,762000,591
2012-06-21,594,604,594,603,868000,603
2012-06-22,597,607,589,604,857000,604
2012-06-25,622,622,610,611,968000,611
2012-06-26,605,605,596,603,911000,603
2012-06-27,603,603,590,599,807000,599
2012-06-28,601,604,595,596,885000,596
2012-06-29,593,611,588,606,905000,606
2012-07-02,610,613,604,607,519000,607
2012-07-03,608,614,607,611,402000,611
2012-07-04,616,616,608,608,605000,608
2012-07-05,607,612,606,607,350000,607
2012-07-06,608,610,603,604,509000,604
2012-07-09,600,602,591,592,581000,592
2012-07-10,592,601,590,592,473000,592
2012-07-11,590,591,579,583,627000,583
2012-07-12,584,584,568,569,709000,569
2012-07-13,563,571,563,566,1094000,566
2012-07-17,568,568,554,556,793000,556
2012-07-18,554,555,541,542,961000,542
2012-07-19,545,550,541,543,952000,543
2012-07-20,540,543,528,529,1074000,529
2012-07-23,520,520,499,504,1664000,504
2012-07-24,507,513,505,509,1017000,509
2012-07-25,502,502,487,488,1004000,488
2012-07-26,491,498,485,494,1124000,494
2012-07-27,503,504,496,504,781000,504
2012-07-30,510,512,498,503,695000,503
2012-07-31,500,518,500,517,719000,517
2012-08-01,511,513,502,509,642000,509
2012-08-02,507,515,505,508,671000,508
2012-08-03,498,498,484,484,735000,484
2012-08-06,494,496,487,488,645000,488
2012-08-07,482,493,479,491,955000,491
2012-08-08,492,508,490,499,1672000,499
2012-08-09,501,522,500,510,1690000,510
2012-08-10,502,506,496,500,1048000,500
2012-08-13,498,504,492,493,602000,493
2012-08-14,494,497,491,493,687000,493
2012-08-15,499,500,488,494,571000,494
2012-08-16,497,505,494,501,713000,501
2012-08-17,501,517,501,509,962000,509
2012-08-20,513,517,508,512,701000,512
2012-08-21,511,514,507,512,742000,512
2012-08-22,510,512,504,510,814000,510
2012-08-23,508,510,499,508,1011000,508
2012-08-24,500,501,495,497,883000,497
2012-08-27,505,511,500,509,689000,509
2012-08-28,515,515,506,509,1395000,509
2012-08-29,513,513,502,509,1148000,509
2012-08-30,510,510,503,507,941000,507
2012-08-31,501,503,491,492,1032000,492
2012-09-03,490,494,484,484,1073000,484
2012-09-04,486,503,484,503,1193000,503
2012-09-05,495,495,472,474,1417000,474
2012-09-06,471,475,465,470,1227000,470
2012-09-07,482,500,481,494,1517000,494
2012-09-10,486,494,482,489,825000,489
2012-09-11,483,483,474,474,909000,474
2012-09-12,474,483,472,482,1041000,482
2012-09-13,482,484,479,481,525000,481
2012-09-14,485,506,485,503,2762000,503
2012-09-18,506,513,504,509,1212000,509
2012-09-19,516,525,509,522,1246000,522
2012-09-20,516,528,514,524,2390000,524
2012-09-21,520,533,518,531,1114000,531
2012-09-24,531,532,525,532,1380000,532
2012-09-25,531,534,526,531,1105000,531
2012-09-26,519,523,515,518,709000,518
2012-09-27,517,521,509,520,788000,520
2012-09-28,519,519,509,514,914000,514
2012-10-01,504,505,497,503,832000,503
2012-10-02,505,506,500,500,615000,500
2012-10-03,498,500,492,494,558000,494
2012-10-04,500,500,487,496,785000,496
2012-10-05,499,507,498,503,662000,503
2012-10-09,497,499,485,486,900000,486
2012-10-10,478,481,472,472,779000,472
2012-10-11,468,472,459,461,1417000,461
2012-10-12,462,471,462,465,1967000,465
2012-10-15,473,489,470,488,1539000,488
2012-10-16,496,503,495,502,898000,502
2012-10-17,511,518,510,517,1416000,517
2012-10-18,520,536,520,534,1238000,534
2012-10-19,533,537,521,526,950000,526
2012-10-22,513,532,512,528,756000,528
2012-10-23,534,536,518,521,939000,521
2012-10-24,511,524,510,518,640000,518
2012-10-25,521,524,514,522,617000,522
2012-10-26,530,534,523,525,945000,525
2012-10-29,528,531,520,522,566000,522
2012-10-30,525,528,516,518,609000,518
2012-10-31,524,526,521,522,505000,522
2012-11-01,524,529,519,525,300000,525
2012-11-02,536,537,533,535,892000,535
2012-11-05,530,535,527,528,596000,528
2012-11-06,531,531,518,521,604000,521
2012-11-07,526,526,512,513,966000,513
2012-11-08,508,519,500,500,971000,500
2012-11-09,490,498,489,496,895000,496
2012-11-12,490,490,478,478,911000,478
2012-11-13,478,478,468,473,1291000,473
2012-11-14,474,475,469,473,565000,473
2012-11-15,481,490,474,487,1068000,487
2012-11-16,491,509,490,508,1032000,508
2012-11-19,516,522,514,516,738000,516
2012-11-20,511,522,507,521,1192000,521
2012-11-21,525,528,519,526,901000,526
2012-11-22,532,546,532,546,831000,546
2012-11-26,557,575,557,563,1643000,563
2012-11-27,564,581,564,574,1438000,574
2012-11-28,570,575,559,563,1071000,563
2012-11-29,569,584,568,582,989000,582
2012-11-30,584,592,579,582,1305000,582
2012-12-03,583,593,582,587,843000,587
2012-12-04,587,590,575,580,1211000,580
2012-12-05,575,595,574,590,1134000,590
2012-12-06,598,614,595,612,1322000,612
2012-12-07,615,619,609,609,962000,609
2012-12-10,617,617,607,611,614000,611
2012-12-11,612,615,607,609,866000,609
2012-12-12,613,623,612,621,554000,621
2012-12-13,626,644,625,643,1461000,643
2012-12-14,643,644,633,642,3019000,642
2012-12-17,662,662,644,645,980000,645
2012-12-18,646,661,645,656,827000,656
2012-12-19,666,686,660,685,1604000,685
2012-12-20,676,688,672,679,1437000,679
2012-12-21,691,691,665,667,1335000,667
2012-12-25,685,688,672,678,746000,678
2012-12-26,688,698,681,698,816000,698
2012-12-27,703,725,703,715,842000,715
2012-12-28,720,728,713,724,918000,724
2013-01-04,750,750,736,737,973000,737
2013-01-07,742,743,725,726,1127000,726
2013-01-08,717,722,705,711,1369000,711
2013-01-09,699,722,698,720,967000,720
2013-01-10,724,744,724,740,977000,740
2013-01-11,747,758,742,745,1744000,745
2013-01-15,758,766,744,748,1187000,748
2013-01-16,742,744,722,725,1190000,725
2013-01-17,724,725,696,709,1538000,709
2013-01-18,729,753,728,753,1471000,753
2013-01-21,753,755,734,734,1276000,734
2013-01-22,735,737,707,716,1419000,716
2013-01-23,704,707,675,675,1946000,675
2013-01-24,670,689,666,686,1292000,686
2013-01-25,696,698,688,697,1071000,697
2013-01-28,699,700,687,687,751000,687
2013-01-29,680,687,667,670,1605000,670
2013-01-30,672,686,672,686,1003000,686
2013-01-31,680,697,679,695,908000,695
2013-02-01,700,712,693,699,1144000,699
2013-02-04,706,719,705,711,1017000,711
2013-02-05,704,706,684,684,873000,684
2013-02-06,694,717,691,714,1055000,714
2013-02-07,717,719,676,706,1757000,706
2013-02-08,688,699,681,681,1978000,681
2013-02-12,694,694,671,675,1454000,675
2013-02-13,674,678,668,672,986000,672
2013-02-14,673,679,667,673,809000,673
2013-02-15,673,673,652,658,879000,658
2013-02-18,668,684,668,679,822000,679
2013-02-19,668,673,659,663,1229000,663
2013-02-20,669,669,661,662,839000,662
2013-02-21,657,664,651,651,1193000,651
2013-02-22,648,654,637,645,1234000,645
2013-02-25,666,689,666,689,1727000,689
2013-02-26,669,672,656,657,1390000,657
2013-02-27,657,659,642,642,1084000,642
2013-02-28,652,665,650,663,1181000,663
2013-03-01,655,663,651,655,637000,655
2013-03-04,664,666,650,651,915000,651
2013-03-05,655,666,652,656,685000,656
2013-03-06,664,673,664,669,713000,669
2013-03-07,675,680,662,663,901000,663
2013-03-08,671,674,664,669,3898000,669
2013-03-11,675,679,665,668,946000,668
2013-03-12,673,682,668,668,1445000,668
2013-03-13,668,673,666,670,681000,670
2013-03-14,670,688,666,687,1335000,687
2013-03-15,700,702,691,697,1318000,697
2013-03-18,682,682,670,670,1005000,670
2013-03-19,680,681,676,679,613000,679
2013-03-21,685,691,685,691,650000,691
2013-03-22,684,686,678,678,894000,678
2013-03-25,688,693,681,692,788000,692
2013-03-26,682,689,682,687,682000,687
2013-03-27,680,684,670,673,655000,673
2013-03-28,669,669,653,653,1425000,653
2013-03-29,656,663,654,660,568000,660
2013-04-01,663,665,649,650,1145000,650
2013-04-02,645,645,628,628,900000,628
2013-04-03,632,635,621,627,832000,627
2013-04-04,620,632,611,631,977000,631
2013-04-05,660,663,622,622,1705000,622
2013-04-08,646,673,644,673,1937000,673
2013-04-09,687,689,669,673,968000,673
2013-04-10,670,675,661,669,1188000,669
2013-04-11,681,687,677,684,1577000,684
2013-04-12,694,696,681,690,3047000,690
2013-04-15,688,688,660,660,1440000,660
2013-04-16,650,663,646,663,1154000,663
2013-04-17,666,670,664,666,681000,666
2013-04-18,657,662,641,641,1675000,641
2013-04-19,641,650,641,648,601000,648
2013-04-22,662,666,660,664,881000,664
2013-04-23,660,664,657,660,593000,660
2013-04-24,670,690,670,690,1501000,690
2013-04-25,690,709,686,705,1823000,705
2013-04-26,710,718,702,707,1140000,707
2013-04-30,708,712,697,707,977000,707
2013-05-01,710,728,707,724,1207000,724
2013-05-02,716,717,695,697,1240000,697
2013-05-07,722,744,718,743,1649000,743
2013-05-08,745,758,742,745,966000,745
2013-05-09,740,749,725,725,688000,725
2013-05-10,748,760,739,751,1803000,751
2013-05-13,736,750,733,740,1034000,740
2013-05-14,738,757,738,747,825000,747
2013-05-15,760,778,755,761,1182000,761
2013-05-16,768,788,757,787,2220000,787
2013-05-17,777,790,773,788,1034000,788
2013-05-20,798,818,797,813,934000,813
2013-05-21,803,844,803,844,854000,844
2013-05-22,870,891,868,870,1811000,870
2013-05-23,897,912,808,809,2888000,809
2013-05-24,820,829,763,790,2345000,790
2013-05-27,760,775,756,760,1086000,760
2013-05-28,745,776,742,767,1310000,767
2013-05-29,791,792,769,772,1207000,772
2013-05-30,750,766,722,726,1316000,726
2013-05-31,741,752,730,748,920000,748
2013-06-03,721,724,700,701,1227000,701
2013-06-04,701,733,699,728,1113000,728
2013-06-05,722,733,688,688,1057000,688
2013-06-06,688,708,686,693,1076000,693
2013-06-07,683,702,666,690,1228000,690
2013-06-10,709,724,698,724,948000,724
2013-06-11,720,726,701,701,830000,701
2013-06-12,695,713,689,712,544000,712
2013-06-13,690,702,659,659,1209000,659
2013-06-14,664,694,664,670,3287000,670
2013-06-17,662,692,659,692,757000,692
2013-06-18,684,694,677,682,559000,682
2013-06-19,686,701,686,696,656000,696
2013-06-20,686,695,675,680,983000,680
2013-06-21,668,698,663,692,1794000,692
2013-06-24,705,705,680,681,540000,681
2013-06-25,686,687,653,666,927000,666
2013-06-26,681,689,664,665,618000,665
2013-06-27,668,679,659,672,683000,672
2013-06-28,677,707,675,707,795000,707
2013-07-01,708,734,705,732,790000,732
2013-07-02,745,747,736,747,613000,747
2013-07-03,750,756,741,744,551000,744
2013-07-04,744,759,742,752,420000,752
2013-07-05,752,775,752,775,616000,775
2013-07-08,790,790,764,765,520000,765
2013-07-09,785,790,770,789,778000,789
2013-07-10,783,790,768,774,570000,774
2013-07-11,771,777,757,767,788000,767
2013-07-12,779,805,764,785,1552000,785
2013-07-16,803,806,795,804,672000,804
2013-07-17,795,807,790,804,530000,804
2013-07-18,809,830,809,824,907000,824
2013-07-19,833,834,802,808,834000,808
2013-07-22,823,826,797,815,836000,815
2013-07-23,815,824,807,819,526000,819
2013-07-24,814,816,803,807,384000,807
2013-07-25,815,817,808,812,370000,812
2013-07-26,797,806,789,792,468000,792
2013-07-29,777,781,752,752,674000,752
2013-07-30,752,770,752,769,508000,769
2013-07-31,759,768,752,756,634000,756
2013-08-01,758,774,756,774,473000,774
2013-08-02,787,808,782,808,548000,808
2013-08-05,796,810,784,791,440000,791
2013-08-06,782,804,772,803,460000,803
2013-08-07,804,810,748,753,863000,753
2013-08-08,757,757,721,722,971000,722
2013-08-09,727,738,721,730,1262000,730
2013-08-12,721,739,714,730,421000,730
2013-08-13,734,743,729,743,611000,743
2013-08-14,742,753,731,752,622000,752
2013-08-15,742,746,732,737,571000,737
2013-08-16,726,742,724,734,408000,734
2013-08-19,731,735,725,734,275000,734
2013-08-20,734,735,709,711,547000,711
2013-08-21,715,719,705,713,523000,713
2013-08-22,705,714,697,711,563000,711
2013-08-23,720,729,713,725,822000,725
2013-08-26,732,739,725,736,526000,736
2013-08-27,737,739,724,725,372000,725
2013-08-28,703,720,703,716,474000,716
2013-08-29,727,727,713,724,624000,724
2013-08-30,732,734,716,726,805000,726
2013-09-02,727,734,724,733,451000,733
2013-09-03,742,760,741,760,823000,760
2013-09-04,751,764,747,764,467000,764
2013-09-05,765,769,755,765,698000,765
2013-09-06,766,768,751,757,456000,757
2013-09-09,770,786,763,785,534000,785
2013-09-10,788,804,788,803,607000,803
2013-09-11,807,818,803,807,696000,807
2013-09-12,805,815,799,813,569000,813
2013-09-13,808,822,804,814,2683000,814
2013-09-17,825,830,817,822,346000,822
2013-09-18,828,843,822,832,622000,832
2013-09-19,843,847,834,847,731000,847
2013-09-20,846,846,836,840,589000,840
2013-09-24,837,844,829,841,341000,841
2013-09-25,846,846,821,821,972000,821
2013-09-26,799,834,798,833,902000,833
2013-09-27,833,833,824,828,506000,828
2013-09-30,806,817,803,809,501000,809
2013-10-01,811,831,811,821,614000,821
2013-10-02,823,832,792,794,1011000,794
2013-10-03,792,802,786,786,883000,786
2013-10-04,782,804,778,794,817000,794
2013-10-07,793,795,773,773,498000,773
2013-10-08,767,783,767,780,645000,780
2013-10-09,780,810,778,810,774000,810
2013-10-10,811,811,803,810,282000,810
2013-10-11,828,840,826,836,1316000,836
2013-10-15,847,849,841,849,684000,849
2013-10-16,848,860,837,857,797000,857
2013-10-17,866,882,866,880,759000,880
2013-10-18,880,881,870,875,458000,875
2013-10-21,885,894,875,888,532000,888
2013-10-22,888,890,881,889,336000,889
2013-10-23,889,895,867,867,766000,867
2013-10-24,866,869,850,868,487000,868
2013-10-25,862,864,835,835,795000,835
2013-10-28,841,858,837,858,661000,858
2013-10-29,860,863,844,847,620000,847
2013-10-30,860,871,858,867,694000,867
2013-10-31,871,877,862,864,619000,864
2013-11-01,870,870,841,845,592000,845
2013-11-05,849,854,832,836,711000,836
2013-11-06,828,854,827,849,511000,849
2013-11-07,847,847,789,794,1008000,794
2013-11-08,790,806,789,805,1355000,805
2013-11-11,820,826,814,820,610000,820
2013-11-12,823,852,823,850,824000,850
2013-11-13,842,847,835,842,546000,842
2013-11-14,847,883,847,867,1054000,867
2013-11-15,881,892,871,883,1155000,883
2013-11-18,895,895,877,882,564000,882
2013-11-19,874,894,872,890,753000,890
2013-11-20,893,894,883,884,441000,884
2013-11-21,894,908,890,901,755000,901
2013-11-22,910,910,883,885,1037000,885
2013-11-25,898,922,897,922,929000,922
2013-11-26,906,925,904,919,663000,919
2013-11-27,906,925,906,923,605000,923
2013-11-28,926,953,926,953,1060000,953
2013-11-29,953,959,928,934,933000,934
2013-12-02,926,946,926,945,609000,945
2013-12-03,956,965,945,962,1188000,962
2013-12-04,934,944,921,934,742000,934
2013-12-05,926,931,897,899,879000,899
2013-12-06,892,918,892,915,836000,915
2013-12-09,934,946,931,944,747000,944
2013-12-10,940,942,925,928,686000,928
2013-12-11,916,922,901,908,536000,908
2013-12-12,899,907,893,901,769000,901
2013-12-13,899,920,899,911,2509000,911
2013-12-16,913,915,888,888,475000,888
2013-12-17,905,914,901,908,624000,908
2013-12-18,915,947,915,946,1611000,946
2013-12-19,965,974,960,974,1401000,974
2013-12-20,970,974,963,972,790000,972
2013-12-24,974,982,969,972,1057000,972
2013-12-25,974,984,970,983,778000,983
2013-12-26,992,1010,989,1009,708000,1009
2013-12-27,1006,1010,995,1000,566000,1000
2013-12-30,991,1013,991,1011,675000,1011
2014-01-06,992,1008,970,972,1466000,972
2014-01-07,961,975,960,963,846000,963
2014-01-08,969,992,969,992,490000,992
2014-01-09,975,975,963,968,721000,968
2014-01-10,954,966,949,965,1823000,965
2014-01-14,920,924,903,908,2097000,908
2014-01-15,937,971,934,964,1465000,964
2014-01-16,952,965,937,939,997000,939
2014-01-17,950,966,942,962,1074000,962
2014-01-20,956,956,941,941,553000,941
2014-01-21,954,964,952,953,533000,953
2014-01-22,940,952,927,951,918000,951
2014-01-23,953,968,942,944,748000,944
2014-01-24,929,935,916,928,1172000,928
2014-01-27,896,899,886,892,961000,892
2014-01-28,890,909,888,906,739000,906
2014-01-29,932,950,924,950,712000,950
2014-01-30,910,920,904,920,780000,920
2014-01-31,933,937,895,905,663000,905
2014-02-03,893,896,881,881,593000,881
2014-02-04,843,853,826,826,877000,826
2014-02-05,839,850,818,838,792000,838
2014-02-06,823,838,823,823,648000,823
2014-02-07,848,866,846,865,591000,865
2014-02-10,876,879,864,873,493000,873
2014-02-12,883,894,875,882,648000,882
2014-02-13,879,890,869,872,703000,872
2014-02-14,870,888,850,854,1851000,854
2014-02-17,850,869,842,862,525000,862
2014-02-18,877,901,867,899,761000,899
2014-02-19,877,888,877,885,389000,885
2014-02-20,883,884,856,859,597000,859
2014-02-21,862,900,862,899,511000,899
2014-02-24,872,899,872,888,659000,888
2014-02-25,902,904,886,898,1736000,898
2014-02-26,878,890,876,878,1020000,878
2014-02-27,872,876,862,871,606000,871
2014-02-28,873,882,870,876,651000,876
2014-03-03,869,870,850,863,589000,863
2014-03-04,854,870,854,869,519000,869
2014-03-05,877,898,876,890,768000,890
2014-03-06,896,911,885,908,569000,908
2014-03-07,914,919,908,917,459000,917
2014-03-10,918,919,906,911,473000,911
2014-03-11,914,923,909,923,439000,923
2014-03-12,901,908,892,892,611000,892
2014-03-13,891,896,886,888,414000,888
2014-03-14,855,865,844,849,2351000,849
2014-03-17,842,847,831,838,643000,838
2014-03-18,865,866,857,859,493000,859
2014-03-19,865,869,840,855,680000,855
2014-03-20,865,865,834,839,625000,839
2014-03-24,842,871,842,860,793000,860
2014-03-25,845,865,842,855,563000,855
2014-03-26,873,874,862,866,933000,866
2014-03-27,853,870,837,867,827000,867
2014-03-28,875,876,865,874,711000,874
2014-03-31,884,884,870,882,546000,882
2014-04-01,877,879,867,869,672000,869
2014-04-02,876,883,864,876,718000,876
2014-04-03,878,890,876,883,533000,883
2014-04-04,880,882,874,880,386000,880
2014-04-07,865,873,853,856,519000,856
2014-04-08,855,858,844,850,625000,850
2014-04-09,845,845,820,820,623000,820
2014-04-10,843,843,817,823,761000,823
2014-04-11,808,819,801,809,1722000,809
2014-04-14,810,818,806,808,677000,808
2014-04-15,826,828,819,824,828000,824
2014-04-16,834,854,832,852,637000,852
2014-04-17,841,859,840,855,534000,855
2014-04-18,850,860,848,855,460000,855
2014-04-21,851,855,845,846,430000,846
2014-04-22,854,855,838,838,413000,838
2014-04-23,851,856,844,851,555000,851
2014-04-24,858,875,854,862,771000,862
2014-04-25,871,883,867,872,710000,872
2014-04-28,863,874,860,869,638000,869
2014-04-30,874,876,866,875,643000,875
2014-05-01,882,897,880,894,811000,894
2014-05-02,886,891,885,889,458000,889
2014-05-07,873,873,851,851,1058000,851
2014-05-08,869,917,866,904,1551000,904
2014-05-09,902,929,901,923,1265000,923
2014-05-12,924,931,916,921,723000,921
2014-05-13,936,946,930,946,977000,946
2014-05-14,946,950,937,946,660000,946
2014-05-15,944,954,933,951,714000,951
2014-05-16,928,938,925,935,646000,935
2014-05-19,943,949,928,929,647000,929
2014-05-20,940,943,933,936,486000,936
2014-05-21,924,931,920,929,373000,929
2014-05-22,944,954,933,952,653000,952
2014-05-23,954,954,936,946,731000,946
2014-05-26,954,957,947,955,403000,955
2014-05-27,955,958,950,952,543000,952
2014-05-28,952,967,950,963,545000,963
2014-05-29,952,958,948,955,255000,955
2014-05-30,955,965,951,955,744000,955
2014-06-02,966,987,966,986,690000,986
2014-06-03,998,998,977,983,811000,983
2014-06-04,990,1016,989,1012,1111000,1012
2014-06-05,1004,1009,998,1009,749000,1009
2014-06-06,1013,1024,1008,1022,722000,1022
2014-06-09,1033,1035,1018,1021,719000,1021
2014-06-10,1025,1032,1008,1009,767000,1009
2014-06-11,1012,1024,1009,1021,405000,1021
2014-06-12,1009,1015,997,1004,617000,1004
2014-06-13,984,1013,984,1012,1671000,1012
2014-06-16,1015,1015,990,994,629000,994
2014-06-17,1006,1008,997,1002,486000,1002
2014-06-18,1013,1017,1005,1014,443000,1014
2014-06-19,1009,1028,1006,1020,670000,1020
2014-06-20,1009,1038,1009,1038,1193000,1038
2014-06-23,1045,1053,1043,1047,701000,1047
2014-06-24,1043,1049,1032,1046,497000,1046
2014-06-25,1045,1047,1031,1035,449000,1035
2014-06-26,1035,1039,1029,1037,398000,1037
2014-06-27,1031,1031,1005,1009,595000,1009
2014-06-30,1019,1019,1005,1015,454000,1015
2014-07-01,1003,1025,1003,1019,844000,1019
2014-07-02,1016,1031,1014,1014,598000,1014
2014-07-03,1018,1026,1012,1016,536000,1016
2014-07-04,1033,1033,1022,1029,478000,1029
2014-07-07,1029,1030,1017,1018,450000,1018
2014-07-08,1019,1023,1008,1021,502000,1021
2014-07-09,1005,1014,998,1005,421000,1005
2014-07-10,1012,1022,1008,1014,491000,1014
2014-07-11,1000,1006,994,1002,685000,1002
2014-07-14,1003,1007,998,1005,423000,1005
2014-07-15,1009,1011,1003,1009,312000,1009
2014-07-16,1013,1017,1009,1010,437000,1010
2014-07-17,1012,1018,1006,1010,305000,1010
2014-07-18,994,998,986,992,550000,992
2014-07-22,992,1006,992,1001,389000,1001
2014-07-23,1000,1004,1000,1002,184000,1002
2014-07-24,1013,1013,994,995,469000,995
2014-07-25,1008,1009,997,1009,403000,1009
2014-07-28,1009,1021,1008,1017,311000,1017
2014-07-29,1029,1034,1023,1034,492000,1034
2014-07-30,1027,1055,1027,1052,716000,1052
2014-07-31,1057,1065,1052,1053,728000,1053
2014-08-01,1039,1043,1032,1034,574000,1034
2014-08-04,1025,1030,1021,1027,447000,1027
2014-08-05,1022,1022,1000,1001,616000,1001
2014-08-06,993,998,979,982,620000,982
2014-08-07,977,981,947,960,810000,960
2014-08-08,941,944,916,921,1037000,921
2014-08-11,936,950,928,949,899000,949
2014-08-12,949,958,943,948,455000,948
2014-08-13,945,951,943,949,327000,949
2014-08-14,958,967,958,961,492000,961
2014-08-15,961,961,946,950,398000,950
2014-08-18,942,948,939,939,473000,939
2014-08-19,954,954,938,941,763000,941
2014-08-20,946,948,940,944,390000,944
2014-08-21,950,951,944,947,447000,947
2014-08-22,945,949,937,939,388000,939
2014-08-25,939,954,939,952,375000,952
2014-08-26,948,952,941,948,572000,948
2014-08-27,956,959,949,953,497000,953
2014-08-28,954,981,952,969,988000,969
2014-08-29,975,975,957,969,670000,969
2014-09-01,978,978,962,971,576000,971
2014-09-02,977,988,973,984,664000,984
2014-09-03,987,990,957,957,1029000,957
2014-09-04,951,952,941,943,652000,943
2014-09-05,949,950,941,944,399000,944
2014-09-08,940,947,938,939,325000,939
2014-09-09,941,942,936,936,488000,936
2014-09-10,931,933,924,929,522000,929
2014-09-11,938,946,931,946,572000,946
2014-09-12,946,956,942,947,1995000,947
2014-09-16,942,945,926,926,582000,926
2014-09-17,931,933,915,916,750000,916
2014-09-18,919,934,917,931,714000,931
2014-09-19,943,958,938,958,781000,958
2014-09-22,956,962,950,953,665000,953
2014-09-24,955,958,944,948,467000,948
2014-09-25,953,956,947,955,488000,955
2014-09-26,933,947,933,940,524000,940
2014-09-29,940,945,935,939,369000,939
2014-09-30,930,930,919,921,515000,921
2014-10-01,923,932,917,917,509000,917
2014-10-02,910,911,891,891,803000,891
2014-10-03,892,897,883,893,588000,893
2014-10-06,899,909,896,902,443000,902
2014-10-07,892,906,882,882,655000,882
2014-10-08,872,876,865,875,488000,875
2014-10-09,882,885,869,870,518000,870
2014-10-10,862,862,845,849,1142000,849
2014-10-14,830,842,823,823,831000,823
2014-10-15,825,830,818,824,674000,824
2014-10-16,798,821,796,800,1105000,800
2014-10-17,806,812,789,789,823000,789
2014-10-20,808,819,807,818,721000,818
2014-10-21,818,820,800,801,822000,801
2014-10-22,811,825,803,824,927000,824
2014-10-23,820,822,808,810,748000,810
2014-10-24,822,826,815,825,744000,825
2014-10-27,830,834,820,822,571000,822
2014-10-28,817,826,811,823,729000,823
2014-10-29,824,846,821,842,857000,842
2014-10-30,851,870,851,862,983000,862
2014-10-31,874,903,860,897,1563000,897
2014-11-04,927,942,913,933,1847000,933
2014-11-05,928,940,921,932,1052000,932
2014-11-06,934,1079,931,1060,3332000,1060
2014-11-07,1057,1064,1029,1056,2252000,1056
2014-11-10,1053,1093,1046,1092,1930000,1092
2014-11-11,1096,1146,1095,1143,2123000,1143
2014-11-12,1148,1172,1131,1138,2234000,1138
2014-11-13,1146,1163,1137,1158,1416000,1158
2014-11-14,1159,1161,1140,1156,2469000,1156
2014-11-17,1141,1145,1108,1115,1933000,1115
2014-11-18,1129,1143,1128,1138,1412000,1138
2014-11-19,1127,1147,1126,1131,1752000,1131
2014-11-20,1143,1145,1119,1123,1571000,1123
2014-11-21,1123,1127,1094,1116,1739000,1116
2014-11-25,1132,1144,1127,1144,1024000,1144
2014-11-26,1145,1174,1144,1163,1123000,1163
2014-11-27,1163,1184,1159,1174,1209000,1174
2014-11-28,1190,1205,1190,1202,1086000,1202
2014-12-01,1200,1216,1195,1214,725000,1214
2014-12-02,1212,1228,1207,1224,823000,1224
2014-12-03,1227,1249,1221,1238,1576000,1238
2014-12-04,1258,1338,1257,1326,2187000,1326
2014-12-05,1306,1314,1302,1310,1417000,1310
2014-12-08,1312,1316,1298,1310,1174000,1310
2014-12-09,1295,1317,1281,1290,1227000,1290
2014-12-10,1276,1285,1270,1283,818000,1283
2014-12-11,1276,1278,1258,1269,927000,1269
2014-12-12,1269,1291,1269,1272,2429000,1272
2014-12-15,1253,1263,1239,1244,1158000,1244
2014-12-16,1219,1234,1214,1221,1637000,1221
2014-12-17,1209,1244,1205,1241,1446000,1241
2014-12-18,1258,1289,1258,1275,1585000,1275
2014-12-19,1300,1312,1287,1290,1991000,1290
2014-12-22,1291,1303,1279,1291,881000,1291
2014-12-24,1300,1319,1300,1311,448000,1311
2014-12-25,1311,1311,1293,1296,326000,1296
2014-12-26,1302,1304,1295,1298,271000,1298
2014-12-29,1305,1305,1247,1267,1032000,1267
2014-12-30,1266,1267,1248,1251,606000,1251
2015-01-05,1248,1279,1240,1272,796000,1272
2015-01-06,1255,1256,1232,1234,1146000,1234
2015-01-07,1218,1228,1203,1205,1385000,1205
2015-01-08,1210,1239,1210,1236,770000,1236
2015-01-09,1242,1244,1214,1217,1339000,1217
2015-01-13,1207,1210,1175,1209,1126000,1209
2015-01-14,1204,1216,1188,1191,1012000,1191
2015-01-15,1198,1207,1190,1196,1363000,1196
2015-01-16,1178,1178,1143,1160,2126000,1160
2015-01-19,1179,1182,1169,1175,980000,1175
2015-01-20,1175,1221,1175,1214,1176000,1214
2015-01-21,1212,1214,1194,1200,1014000,1200
2015-01-22,1209,1228,1206,1228,837000,1228
2015-01-23,1240,1262,1238,1262,768000,1262
2015-01-26,1259,1286,1246,1286,1406000,1286
2015-01-27,1294,1304,1282,1288,991000,1288
2015-01-28,1286,1317,1278,1312,627000,1312
2015-01-29,1305,1308,1295,1299,859000,1299
2015-01-30,1310,1343,1306,1332,1071000,1332
2015-02-02,1324,1330,1311,1314,887000,1314
2015-02-03,1315,1316,1276,1287,1156000,1287
2015-02-04,1300,1356,1300,1341,1803000,1341
2015-02-05,1335,1335,1230,1248,2248000,1248
2015-02-06,1256,1273,1241,1271,1523000,1271
2015-02-09,1271,1281,1232,1234,1494000,1234
2015-02-10,1232,1240,1217,1231,1195000,1231
2015-02-12,1248,1261,1220,1254,1425000,1254
2015-02-13,1246,1248,1222,1223,1142000,1223
2015-02-16,1231,1236,1188,1189,1043000,1189
2015-02-17,1180,1202,1164,1177,1449000,1177
2015-02-18,1166,1183,1166,1176,1152000,1176
2015-02-19,1181,1184,1157,1161,1163000,1161
2015-02-20,1186,1206,1183,1200,1533000,1200
2015-02-23,1214,1228,1206,1224,1182000,1224
2015-02-24,1230,1234,1222,1231,579000,1231
2015-02-25,1233,1237,1214,1218,598000,1218
2015-02-26,1212,1225,1210,1222,552000,1222
2015-02-27,1226,1227,1208,1216,556000,1216
2015-03-02,1204,1218,1193,1200,626000,1200
2015-03-03,1202,1207,1183,1193,716000,1193
2015-03-04,1180,1194,1175,1191,424000,1191
2015-03-05,1180,1186,1158,1161,1075000,1161
2015-03-06,1165,1174,1158,1167,1267000,1167
2015-03-09,1158,1163,1150,1151,811000,1151
2015-03-10,1164,1164,1136,1141,729000,1141
2015-03-11,1139,1155,1139,1145,534000,1145
2015-03-12,1152,1161,1146,1151,654000,1151
2015-03-13,1177,1189,1160,1180,2425000,1180
2015-03-16,1188,1209,1183,1204,975000,1204
2015-03-17,1210,1211,1182,1192,517000,1192
2015-03-18,1192,1203,1187,1203,572000,1203
2015-03-19,1188,1200,1180,1193,634000,1193
2015-03-20,1181,1188,1171,1182,625000,1182
2015-03-23,1177,1194,1177,1191,505000,1191
2015-03-24,1200,1212,1197,1205,664000,1205
2015-03-25,1219,1219,1210,1218,847000,1218
2015-03-26,1207,1220,1199,1219,1127000,1219
2015-03-27,1207,1230,1179,1193,1323000,1193
2015-03-30,1199,1212,1185,1196,861000,1196
2015-03-31,1186,1188,1153,1153,1402000,1153
2015-04-01,1159,1167,1146,1152,1078000,1152
2015-04-02,1164,1183,1156,1173,726000,1173
2015-04-03,1160,1176,1160,1167,523000,1167
2015-04-06,1160,1162,1147,1152,350000,1152
2015-04-07,1156,1168,1156,1163,441000,1163
2015-04-08,1177,1220,1173,1214,1129000,1214
2015-04-09,1198,1224,1196,1212,1088000,1212
2015-04-10,1215,1215,1194,1196,938000,1196
2015-04-13,1196,1196,1182,1183,309000,1183
2015-04-14,1172,1203,1172,1203,391000,1203
2015-04-15,1207,1207,1190,1196,303000,1196
2015-04-16,1193,1217,1191,1215,514000,1215
2015-04-17,1202,1222,1202,1215,584000,1215
2015-04-20,1222,1242,1208,1235,940000,1235
2015-04-21,1240,1241,1217,1228,536000,1228
2015-04-22,1240,1254,1234,1251,732000,1251
2015-04-23,1260,1287,1257,1260,905000,1260
2015-04-24,1254,1260,1239,1239,547000,1239
2015-04-27,1235,1240,1221,1231,577000,1231
2015-04-28,1253,1253,1237,1240,521000,1240
2015-04-30,1237,1265,1229,1247,921000,1247
2015-05-01,1256,1262,1243,1250,600000,1250
2015-05-07,1224,1252,1213,1214,868000,1214
2015-05-08,1213,1236,1213,1231,756000,1231
2015-05-11,1235,1253,1232,1249,623000,1249
2015-05-12,1219,1345,1219,1345,1949000,1345
2015-05-13,1329,1378,1319,1372,1285000,1372
2015-05-14,1352,1357,1329,1335,1043000,1335
2015-05-15,1306,1333,1303,1313,1005000,1313
2015-05-18,1320,1339,1318,1337,405000,1337
2015-05-19,1350,1373,1346,1364,636000,1364
2015-05-20,1390,1390,1359,1361,791000,1361
2015-05-21,1352,1366,1350,1354,612000,1354
2015-05-22,1360,1397,1360,1391,964000,1391
2015-05-25,1391,1399,1380,1396,556000,1396
2015-05-26,1400,1405,1376,1389,603000,1389
2015-05-27,1370,1394,1370,1392,491000,1392
2015-05-28,1415,1423,1392,1396,414000,1396
2015-05-29,1384,1403,1380,1397,661000,1397
2015-06-01,1398,1405,1392,1400,327000,1400
2015-06-02,1404,1433,1400,1432,684000,1432
2015-06-03,1435,1457,1424,1443,865000,1443
2015-06-04,1453,1470,1447,1455,685000,1455
2015-06-05,1440,1449,1429,1447,538000,1447
2015-06-08,1470,1471,1446,1448,523000,1448
2015-06-09,1435,1447,1417,1419,509000,1419
2015-06-10,1419,1458,1411,1422,710000,1422
2015-06-11,1430,1454,1430,1454,406000,1454
2015-06-12,1465,1465,1437,1444,1380000,1444
2015-06-15,1443,1447,1422,1432,472000,1432
2015-06-16,1433,1438,1404,1414,406000,1414
2015-06-17,1413,1417,1394,1406,480000,1406
2015-06-18,1390,1396,1344,1346,964000,1346
2015-06-19,1360,1369,1351,1365,991000,1365
2015-06-22,1367,1385,1367,1384,387000,1384
2015-06-23,1392,1422,1388,1422,707000,1422
2015-06-24,1429,1455,1423,1450,752000,1450
2015-06-25,1469,1475,1442,1460,736000,1460
2015-06-26,1470,1470,1430,1431,434000,1431
2015-06-29,1416,1416,1358,1363,907000,1363
2015-06-30,1355,1370,1350,1369,514000,1369
2015-07-01,1369,1381,1365,1376,336000,1376
2015-07-02,1403,1403,1371,1395,602000,1395
2015-07-03,1399,1407,1382,1405,319000,1405
2015-07-06,1372,1378,1338,1347,780000,1347
2015-07-07,1365,1373,1355,1363,438000,1363
2015-07-08,1352,1368,1328,1330,963000,1330
2015-07-09,1300,1317,1257,1317,1024000,1317
2015-07-10,1315,1362,1310,1353,858000,1353
2015-07-13,1351,1364,1340,1347,454000,1347
2015-07-14,1354,1387,1354,1373,624000,1373
2015-07-15,1383,1383,1366,1373,401000,1373
2015-07-16,1378,1378,1352,1358,363000,1358
2015-07-17,1358,1369,1352,1364,470000,1364
2015-07-21,1367,1374,1355,1371,292000,1371
2015-07-22,1353,1359,1344,1351,309000,1351
2015-07-23,1362,1374,1350,1364,314000,1364
2015-07-24,1349,1357,1333,1333,314000,1333
2015-07-27,1323,1325,1304,1318,318000,1318
2015-07-28,1310,1337,1306,1328,415000,1328
2015-07-29,1328,1328,1310,1320,291000,1320
2015-07-30,1326,1379,1326,1377,579000,1377
2015-07-31,1357,1387,1342,1374,689000,1374
2015-08-03,1361,1373,1352,1366,318000,1366
2015-08-04,1346,1368,1345,1365,579000,1365
2015-08-05,1373,1420,1363,1400,656000,1400
2015-08-06,1411,1455,1401,1429,852000,1429
2015-08-07,1435,1459,1425,1452,601000,1452
2015-08-10,1422,1465,1421,1461,1014000,1461
2015-08-11,1475,1495,1455,1464,607000,1464
2015-08-12,1464,1470,1434,1440,474000,1440
2015-08-13,1469,1469,1443,1464,346000,1464
2015-08-14,1447,1464,1442,1454,569000,1454
2015-08-17,1455,1476,1449,1460,263000,1460
2015-08-18,1450,1465,1430,1436,301000,1436
2015-08-19,1424,1439,1411,1419,406000,1419
2015-08-20,1426,1442,1410,1429,355000,1429
2015-08-21,1399,1428,1392,1395,627000,1395
2015-08-24,1387,1391,1333,1341,923000,1341
2015-08-25,1329,1402,1316,1319,1989000,1319
2015-08-26,1310,1369,1302,1364,1494000,1364
2015-08-27,1376,1420,1369,1402,907000,1402
2015-08-28,1430,1475,1427,1475,907000,1475
2015-08-31,1459,1461,1438,1460,626000,1460
2015-09-01,1455,1459,1414,1415,801000,1415
2015-09-02,1394,1445,1381,1402,920000,1402
2015-09-03,1429,1437,1393,1396,573000,1396
2015-09-04,1396,1405,1352,1362,751000,1362
2015-09-07,1369,1410,1339,1377,791000,1377
2015-09-08,1398,1399,1348,1348,588000,1348
2015-09-09,1399,1470,1395,1470,1009000,1470
2015-09-10,1425,1464,1406,1463,674000,1463
2015-09-11,1449,1469,1437,1462,1906000,1462
2015-09-14,1465,1475,1433,1439,574000,1439
2015-09-15,1460,1472,1445,1450,538000,1450
2015-09-16,1458,1482,1450,1475,428000,1475
2015-09-17,1484,1524,1484,1518,727000,1518
2015-09-18,1491,1501,1472,1490,740000,1490
2015-09-24,1430,1433,1387,1393,1210000,1393
2015-09-25,1392,1397,1369,1391,1457000,1391
2015-09-28,1379,1384,1334,1344,861000,1344
2015-09-29,1344,1346,1313,1317,1279000,1317
2015-09-30,1359,1359,1331,1346,842000,1346
2015-10-01,1352,1390,1344,1380,941100,1380
2015-10-02,1372,1411,1362,1404,690600,1404
2015-10-05,1418,1433,1409,1428,546000,1428
2015-10-06,1450,1468,1445,1455,835400,1455
2015-10-07,1456,1482,1440,1464,863900,1464
2015-10-08,1451,1489,1442,1455,1120100,1455
2015-10-09,1470,1551,1469,1549,1788900,1549
2015-10-13,1510,1569,1509,1536,1127500,1536
2015-10-14,1520,1538,1490,1511,952900,1511
2015-10-15,1501,1534,1482,1530,682000,1530
2015-10-16,1557,1557,1516,1523,917400,1523
2015-10-19,1523,1531,1491,1507,969000,1507
2015-10-20,1507,1508,1482,1495,778000,1495
2015-10-21,1495,1536,1483,1530,748600,1530
2015-10-22,1520,1554,1520,1536,408200,1536
2015-10-23,1570,1609,1570,1584,1022300,1584
2015-10-26,1589,1620,1575,1600,712700,1600
2015-10-27,1604,1604,1554,1565,803500,1565
2015-10-28,1575,1591,1545,1587,882300,1587
2015-10-29,1578,1610,1566,1596,2399600,1596
2015-10-30,1605,1661,1577,1649,1305900,1649
2015-11-02,1616,1630,1572,1590,945400,1590
2015-11-04,1622,1627,1593,1595,784900,1595
2015-11-05,1592,1616,1575,1614,501000,1614
2015-11-06,1602,1626,1585,1605,582100,1605
2015-11-09,1611,1650,1602,1640,759300,1640
2015-11-10,1620,1636,1505,1537,1407500,1537
2015-11-11,1551,1551,1508,1548,1156600,1548
2015-11-12,1535,1569,1530,1562,547000,1562
2015-11-13,1543,1555,1520,1554,739300,1554
2015-11-16,1524,1549,1522,1544,575100,1544
2015-11-17,1564,1584,1563,1563,717300,1563
2015-11-18,1560,1565,1502,1516,1384200,1516
2015-11-19,1542,1544,1524,1534,926900,1534
2015-11-20,1534,1540,1507,1517,894000,1517
2015-11-24,1531,1550,1522,1545,820300,1545
2015-11-25,1553,1554,1532,1540,759200,1540
2015-11-26,1553,1579,1548,1559,893700,1559
2015-11-27,1479,1498,1441,1468,2630100,1468
2015-11-30,1468,1480,1441,1456,1231600,1456
2015-12-01,1445,1446,1401,1404,2101300,1404
2015-12-02,1409,1421,1403,1417,1413100,1417
2015-12-03,1415,1424,1405,1411,1188600,1411
2015-12-04,1390,1390,1353,1359,1969500,1359
2015-12-07,1370,1375,1359,1362,1009600,1362
2015-12-08,1359,1369,1327,1332,1159600,1332
2015-12-09,1328,1335,1313,1322,874100,1322
2015-12-10,1305,1307,1291,1299,1084600,1299
2015-12-11,1300,1330,1296,1323,1943500,1323
2015-12-14,1280,1291,1256,1287,1028700,1287
2015-12-15,1297,1308,1277,1280,953600,1280
2015-12-16,1291,1306,1285,1300,809600,1300
2015-12-17,1328,1335,1312,1316,1142400,1316
2015-12-18,1306,1359,1292,1298,1752600,1298
2015-12-21,1289,1292,1262,1288,782000,1288
2015-12-22,1274,1279,1266,1268,724800,1268
2015-12-24,1285,1295,1265,1265,413600,1265
2015-12-25,1283,1283,1255,1260,435500,1260
2015-12-28,1262,1296,1262,1278,451000,1278
2015-12-29,1271,1282,1261,1278,438900,1278
2015-12-30,1285,1299,1278,1282,341800,1282
2016-01-04,1273,1289,1238,1243,738700,1243
2016-01-05,1236,1256,1230,1240,418200,1240
2016-01-06,1238,1245,1222,1235,785200,1235
2016-01-07,1230,1248,1211,1214,944600,1214
2016-01-08,1192,1225,1185,1207,1706900,1207
2016-01-12,1207,1217,1180,1184,982500,1184
2016-01-13,1192,1221,1175,1221,726200,1221
2016-01-14,1178,1190,1161,1184,826700,1184
2016-01-15,1212,1218,1175,1182,687700,1182
2016-01-18,1152,1174,1150,1165,620900,1165
2016-01-19,1158,1178,1150,1172,820600,1172
2016-01-20,1173,1183,1120,1121,986100,1121
2016-01-21,1142,1165,1111,1113,1056800,1113
2016-01-22,1150,1169,1134,1169,858400,1169
2016-01-25,1182,1188,1163,1168,612400,1168
2016-01-26,1138,1142,1108,1113,1040400,1113
2016-01-27,1124,1157,1124,1152,636200,1152
2016-01-28,1143,1162,1132,1161,837600,1161
2016-01-29,1169,1208,1142,1200,1024100,1200
2016-02-01,1210,1229,1210,1227,612600,1227
2016-02-02,1217,1226,1196,1200,394600,1200
2016-02-03,1173,1176,1146,1156,704100,1156
2016-02-04,1140,1167,1125,1157,823700,1157
2016-02-05,1148,1181,1148,1173,729500,1173
2016-02-08,1173,1198,1148,1193,543500,1193
2016-02-09,1150,1150,1110,1115,908500,1115
2016-02-10,1124,1133,1067,1085,1155100,1085
2016-02-12,1055,1080,1039,1057,1711200,1057
2016-02-15,1081,1107,1061,1097,1577700,1097
2016-02-16,1074,1153,1072,1131,1236200,1131
2016-02-17,1120,1157,1104,1124,1070000,1124
2016-02-18,1153,1164,1128,1136,997400,1136
2016-02-19,1125,1133,1099,1116,638200,1116
2016-02-22,1105,1131,1097,1110,708300,1110
2016-02-23,1118,1140,1098,1102,703000,1102
2016-02-24,1085,1092,1070,1077,678200,1077
2016-02-25,1095,1116,1078,1094,640300,1094
2016-02-26,1100,1118,1090,1091,645000,1091
2016-02-29,1081,1094,1060,1060,1004100,1060
2016-03-01,1059,1063,1036,1061,673500,1061
2016-03-02,1088,1115,1088,1102,667400,1102
2016-03-03,1086,1123,1086,1117,553000,1117
2016-03-04,1120,1156,1120,1146,675000,1146
2016-03-07,1159,1175,1153,1171,813400,1171
2016-03-08,1171,1179,1136,1158,650200,1158
2016-03-09,1145,1151,1116,1136,471400,1136
2016-03-10,1152,1158,1143,1151,405800,1151
2016-03-11,1131,1162,1123,1157,1689300,1157
2016-03-14,1177,1202,1175,1195,644800,1195
2016-03-15,1188,1196,1176,1182,523500,1182
2016-03-16,1178,1180,1164,1166,474400,1166
2016-03-17,1167,1176,1150,1157,582300,1157
2016-03-18,1157,1162,1140,1147,609400,1147
2016-03-22,1165,1177,1144,1160,511300,1160
2016-03-23,1163,1174,1152,1154,410400,1154
2016-03-24,1151,1166,1142,1142,593200,1142
2016-03-25,1159,1174,1150,1170,547900,1170
2016-03-28,1173,1186,1167,1176,486400,1176
2016-03-29,1160,1169,1143,1157,364300,1157
2016-03-30,1158,1160,1146,1148,355800,1148
2016-03-31,1167,1211,1164,1195,1266300,1195
2016-04-01,1198,1198,1139,1141,804900,1141
2016-04-04,1133,1138,1098,1103,709500,1103
2016-04-05,1109,1112,1082,1089,769500,1089
2016-04-06,1099,1114,1080,1082,587100,1082
2016-04-07,1086,1089,1068,1072,456200,1072
2016-04-08,1067,1117,1064,1101,906100,1101
2016-04-11,1098,1103,1076,1099,419900,1099
2016-04-12,1089,1123,1089,1119,487700,1119
2016-04-13,1129,1151,1129,1147,516700,1147
2016-04-14,1165,1185,1147,1184,644500,1184
2016-04-15,1181,1190,1161,1189,744900,1189
2016-04-18,1160,1182,1158,1163,939400,1163
2016-04-19,1192,1220,1187,1212,1151500,1212
2016-04-20,1228,1247,1211,1219,739000,1219
2016-04-21,1261,1262,1241,1258,663300,1258
2016-04-22,1255,1275,1249,1269,931600,1269
2016-04-25,1271,1272,1253,1258,804900,1258
2016-04-26,1268,1272,1240,1258,456600,1258
2016-04-27,1272,1280,1261,1273,859100,1273
2016-04-28,1279,1292,1197,1205,1046000,1205
2016-05-02,1165,1170,1150,1166,890400,1166
2016-05-06,1174,1174,1141,1160,874000,1160
2016-05-09,1176,1182,1158,1164,422200,1164
2016-05-10,1173,1193,1164,1186,678500,1186
2016-05-11,1208,1231,1207,1224,743700,1224
2016-05-12,1211,1241,1203,1233,804700,1233
2016-05-13,1263,1264,1205,1208,986100,1208
2016-05-16,1207,1224,1198,1212,384000,1212
2016-05-17,1224,1225,1204,1224,474800,1224
2016-05-18,1208,1229,1201,1220,459700,1220
2016-05-19,1230,1236,1206,1214,442600,1214
2016-05-20,1215,1226,1203,1224,290100,1224
2016-05-23,1222,1222,1190,1208,319600,1208
2016-05-24,1207,1210,1188,1191,518500,1191
2016-05-25,1201,1201,1141,1155,1789200,1155
2016-05-26,1165,1166,1143,1145,775700,1145
2016-05-27,1146,1157,1142,1148,350100,1148
2016-05-30,1151,1160,1141,1153,468000,1153
2016-05-31,1142,1146,1134,1141,852900,1141
2016-06-01,1137,1147,1121,1126,698500,1126
2016-06-02,1122,1123,1095,1100,678400,1100
2016-06-03,1098,1098,1076,1083,513200,1083
2016-06-06,1065,1067,1049,1066,533400,1066
2016-06-07,1065,1073,1060,1070,592100,1070
2016-06-08,1073,1079,1065,1078,479200,1078
2016-06-09,1067,1071,1050,1062,447700,1062
2016-06-10,1058,1058,1042,1051,1379600,1051
2016-06-13,1029,1029,1001,1003,608800,1003
2016-06-14,1009,1009,978,986,727100,986
2016-06-15,986,1000,978,994,521600,994
2016-06-16,990,991,954,957,863600,957
2016-06-17,972,983,966,977,1400500,977
2016-06-20,994,1010,987,1005,958000,1005
2016-06-21,988,995,976,993,743900,993
2016-06-22,985,987,976,982,527700,982
2016-06-23,988,1000,979,996,595300,996
2016-06-24,1002,1013,901,903,1330900,903
2016-06-27,927,938,897,910,781800,910
2016-06-28,895,914,883,908,596400,908
2016-06-29,907,921,893,914,796800,914
2016-06-30,927,935,915,923,659800,923
2016-07-01,938,942,926,931,414700,931
2016-07-04,920,933,903,931,646100,931
2016-07-05,926,932,911,913,321000,913
2016-07-06,905,916,888,908,921900,908
2016-07-07,908,921,903,906,511300,906
2016-07-08,906,914,890,893,929900,893
2016-07-11,910,953,910,948,586200,948
2016-07-12,966,995,966,987,726000,987
2016-07-13,1002,1006,989,994,656400,994
2016-07-14,993,1013,991,1011,491900,1011
2016-07-15,1016,1022,1001,1004,662500,1004
2016-07-19,1006,1026,1003,1023,453600,1023
2016-07-20,1016,1020,993,1008,748900,1008
2016-07-21,1028,1044,1026,1036,562200,1036
2016-07-22,1013,1027,1008,1011,636100,1011
2016-07-25,1008,1024,1006,1017,478300,1017
2016-07-26,1009,1009,971,977,849300,977
2016-07-27,981,1016,977,1006,955400,1006
2016-07-28,989,994,970,972,770700,972
2016-07-29,957,978,938,961,1604200,961
2016-08-01,959,985,948,980,881100,980
2016-08-02,967,986,961,973,693700,973
2016-08-03,950,958,911,912,1426200,912
2016-08-04,921,953,920,949,1112100,949
2016-08-05,942,980,942,962,971200,962
2016-08-08,973,991,973,986,575700,986
2016-08-09,978,991,951,979,926900,979
2016-08-10,956,966,934,944,905700,944
2016-08-12,959,1008,957,1007,1197100,1007
2016-08-15,1015,1015,996,1003,614500,1003
2016-08-16,1010,1023,1004,1004,904300,1004
2016-08-17,1001,1022,996,1019,528300,1019
2016-08-18,1005,1012,990,995,723400,995
2016-08-19,996,1015,996,1003,517100,1003
2016-08-22,1006,1007,990,1000,503100,1000
2016-08-23,995,1001,977,984,699100,984
2016-08-24,980,1009,978,1008,739000,1008
2016-08-25,1012,1022,1006,1012,1016900,1012
2016-08-26,1012,1014,976,1003,1108700,1003
2016-08-29,1030,1065,1029,1063,869400,1063
2016-08-30,1057,1057,1044,1049,579200,1049
2016-08-31,1060,1060,1050,1052,472600,1052
2016-09-01,1057,1089,1049,1087,959000,1087
2016-09-02,1096,1097,1075,1086,806700,1086
2016-09-05,1093,1097,1082,1085,428300,1085
2016-09-06,1098,1112,1095,1101,714800,1101
2016-09-07,1086,1110,1086,1107,716400,1107
2016-09-08,1106,1106,1080,1086,941700,1086
2016-09-09,1063,1090,1063,1086,1553200,1086
2016-09-12,1075,1085,1067,1080,628500,1080
2016-09-13,1093,1093,1072,1079,591000,1079
2016-09-14,1072,1099,1072,1083,716100,1083
2016-09-15,1074,1074,1040,1046,769800,1046
2016-09-16,1054,1057,1040,1044,1056400,1044
2016-09-20,1028,1036,1008,1022,1253900,1022
2016-09-21,1014,1033,996,1033,1170100,1033
2016-09-23,1018,1024,1008,1023,1129400,1023
2016-09-26,1023,1029,1013,1015,767800,1015
2016-09-27,1001,1020,988,1017,942100,1017
2016-09-28,1012,1015,1000,1004,608500,1004
2016-09-29,1011,1027,1007,1015,712100,1015
2016-09-30,1000,1000,981,996,810500,996
2016-10-03,1015,1030,1010,1012,618300,1012
2016-10-04,1010,1015,1006,1012,631300,1012
2016-10-05,1025,1053,1017,1048,934500,1048
2016-10-06,1055,1064,1052,1055,597900,1055
2016-10-07,1034,1036,992,996,1433700,996
2016-10-11,1000,1017,999,1014,836800,1014
2016-10-12,1010,1026,1007,1021,736300,1021
2016-10-13,1029,1039,1008,1012,765600,1012
2016-10-14,1008,1022,1006,1013,969400,1013
2016-10-17,1024,1036,1020,1029,591400,1029
2016-10-18,1016,1026,1008,1025,375100,1025
2016-10-19,1018,1027,1013,1019,458300,1019
2016-10-20,1030,1060,1029,1059,945900,1059
2016-10-21,1065,1069,1048,1055,695700,1055
2016-10-24,1055,1065,1048,1063,496900,1063
2016-10-25,1070,1081,1067,1072,519000,1072
2016-10-26,1058,1062,1042,1062,627500,1062
2016-10-27,1050,1058,1044,1055,699800,1055
2016-10-28,1035,1049,1002,1011,2112300,1011
2016-10-31,1015,1049,1013,1047,1448000,1047
2016-11-01,1051,1075,1051,1073,1041900,1073
2016-11-02,1085,1087,1049,1055,938700,1055
2016-11-04,1053,1075,1043,1073,1022900,1073
2016-11-07,1080,1097,1080,1091,848100,1091
2016-11-08,1089,1097,1079,1089,621100,1089
2016-11-09,1080,1107,990,998,1431000,998
2016-11-10,1060,1072,1048,1065,820700,1065
2016-11-11,1089,1102,1074,1078,1565200,1078
2016-11-14,1054,1084,1051,1074,1046200,1074
2016-11-15,1078,1092,1062,1068,916200,1068
2016-11-16,1081,1083,1068,1079,760000,1079
2016-11-17,1071,1074,1055,1065,878100,1065
2016-11-18,1095,1106,1083,1102,1406800,1102
2016-11-21,1104,1120,1096,1117,866700,1117
2016-11-22,1096,1102,1087,1092,1003700,1092
2016-11-24,1106,1119,1104,1117,850600,1117
2016-11-25,1120,1135,1115,1122,826200,1122
2016-11-28,1130,1132,1114,1126,669000,1126
2016-11-29,1138,1144,1117,1119,908400,1119
2016-11-30,1126,1126,1106,1108,783400,1108
2016-12-01,1110,1122,1102,1104,1224900,1104
2016-12-02,1103,1112,1097,1101,761000,1101
2016-12-05,1088,1090,1077,1082,860400,1082
2016-12-06,1090,1107,1086,1089,871900,1089
2016-12-07,1087,1099,1085,1094,700300,1094
2016-12-08,1105,1119,1105,1115,1137300,1115
2016-12-09,1140,1140,1117,1133,1950600,1133
2016-12-12,1150,1162,1129,1137,1045900,1137
2016-12-13,1143,1149,1132,1147,585700,1147
2016-12-14,1140,1151,1131,1147,789500,1147
2016-12-15,1155,1168,1148,1161,702000,1161
2016-12-16,1172,1182,1169,1178,628400,1178
2016-12-19,1177,1178,1154,1163,602700,1163
2016-12-20,1167,1168,1148,1164,604900,1164
2016-12-21,1168,1168,1152,1157,606000,1157
2016-12-22,1150,1156,1142,1156,455800,1156
2016-12-26,1157,1157,1146,1149,353200,1149
2016-12-27,1149,1151,1139,1148,560700,1148
2016-12-28,1149,1154,1141,1153,470700,1153
2016-12-29,1151,1151,1129,1132,438800,1132
2016-12-30,1118,1131,1109,1128,601400,1128
2017-01-04,1132,1181,1132,1175,810700,1175
