Date,Open,High,Low,Close,Volume,Adj Close
2008-10-20,763,810,753,799,2946500,799
2008-10-21,844,868,839,865,3605500,865
2008-10-22,842,853,798,798,2984000,798
2008-10-23,765,766,721,755,3682500,755
2008-10-24,749,749,690,696,3748000,696
2008-10-27,700,722,610,610,4401000,610
2008-10-28,583,679,580,675,3594000,675
2008-10-29,725,736,680,719,3450000,719
2008-10-30,709,776,690,772,3865000,772
2008-10-31,752,784,726,731,5024000,731
2008-11-04,800,818,774,814,2658000,814
2008-11-05,826,842,796,834,2636500,834
2008-11-06,784,811,771,784,2166000,784
2008-11-07,744,756,710,724,2757000,724
2008-11-10,784,809,784,809,2252000,809
2008-11-11,769,784,748,751,2053000,751
2008-11-12,731,755,722,731,2103000,731
2008-11-13,691,712,683,695,2171000,695
2008-11-14,755,758,722,732,2593500,732
2008-11-17,705,760,693,728,2015500,728
2008-11-18,708,728,702,707,1772500,707
2008-11-19,712,722,694,701,2194500,701
2008-11-20,691,691,669,670,2263000,670
2008-11-21,660,720,651,708,2833000,708
2008-11-25,755,772,720,746,2561500,746
2008-11-26,746,764,735,752,1849500,752
2008-11-27,771,775,749,757,1272500,757
2008-11-28,770,778,757,774,1465000,774
2008-12-01,764,769,747,756,1074500,756
2008-12-02,698,723,691,699,1584500,699
2008-12-03,719,729,705,714,1363500,714
2008-12-04,711,718,680,689,2037000,689
2008-12-05,699,716,685,685,1791500,685
2008-12-08,695,718,695,715,1900500,715
2008-12-09,705,721,687,709,2440000,709
2008-12-10,749,749,699,723,2262000,723
2008-12-11,703,726,703,726,1621000,726
2008-12-12,696,707,662,684,4338000,684
2008-12-15,684,708,684,695,2621500,695
2008-12-16,685,690,677,680,2705500,680
2008-12-17,686,693,652,670,3096500,670
2008-12-18,650,668,630,639,4523500,639
2008-12-19,638,653,635,639,2279000,639
2008-12-22,635,651,632,649,1166000,649
2008-12-24,640,645,633,643,1272000,643
2008-12-25,663,663,648,656,666000,656
2008-12-26,656,663,653,659,769000,659
2008-12-29,669,680,664,679,1269500,679
2008-12-30,670,690,669,690,685000,690
2009-01-05,710,710,696,706,1130000,706
2009-01-06,714,763,710,753,2938000,753
2009-01-07,783,809,779,793,3861500,793
2009-01-08,794,794,767,773,3022500,773
2009-01-09,797,800,755,776,2796500,776
2009-01-13,726,730,710,711,1876000,711
2009-01-14,712,717,693,695,3401000,695
2009-01-15,678,688,668,678,2273500,678
2009-01-16,682,697,673,691,2616500,691
2009-01-19,709,712,698,705,1818000,705
2009-01-20,695,696,663,679,2841000,679
2009-01-21,660,685,660,680,2273500,680
2009-01-22,667,668,648,665,3454000,665
2009-01-23,666,670,648,658,2180500,658
2009-01-26,668,680,662,664,2286000,664
2009-01-27,675,707,674,699,2309500,699
2009-01-28,697,711,684,706,2678000,706
2009-01-29,736,750,734,749,4102000,749
2009-01-30,730,731,702,719,2182500,719
2009-02-02,709,709,682,689,2486500,689
2009-02-03,690,704,674,677,1947000,677
2009-02-04,676,750,674,742,5118500,742
2009-02-05,742,759,728,739,4312000,739
2009-02-06,770,770,746,756,3007000,756
2009-02-09,759,772,736,738,2251000,738
2009-02-10,758,758,708,709,2764500,709
2009-02-12,696,702,682,693,2125000,693
2009-02-13,690,708,680,698,2215000,698
2009-02-16,683,698,681,698,1244000,698
2009-02-17,683,690,665,674,2177500,674
2009-02-18,651,673,651,669,1845000,669
2009-02-19,685,695,675,695,2262000,695
2009-02-20,707,707,680,687,1851500,687
2009-02-23,693,720,677,711,2899500,711
2009-02-24,706,706,679,697,2428000,697
2009-02-25,710,714,692,707,2294500,707
2009-02-26,713,723,709,714,1739000,714
2009-02-27,722,734,707,728,1849000,728
2009-03-02,719,730,701,707,1890500,707
2009-03-03,700,712,691,711,2846500,711
2009-03-04,701,756,700,749,3575000,749
2009-03-05,759,802,758,793,3659500,793
2009-03-06,761,772,749,766,2277000,766
2009-03-09,787,804,771,793,2640500,793
2009-03-10,763,800,756,774,3999000,774
2009-03-11,804,846,798,841,3600500,841
2009-03-12,811,826,802,802,3635500,802
2009-03-13,800,834,797,825,6991500,825
2009-03-16,822,862,821,854,2430500,854
2009-03-17,868,874,840,869,2540500,869
2009-03-18,859,864,828,836,3958500,836
2009-03-19,826,829,807,812,3551500,812
2009-03-23,822,863,819,859,2068000,859
2009-03-24,871,873,832,866,3973500,866
2009-03-25,877,880,837,850,3276000,850
2009-03-26,823,879,822,878,2102500,878
2009-03-27,878,882,863,871,2145000,871
2009-03-30,888,891,840,840,3205500,840
2009-03-31,845,872,827,835,2576000,835
2009-04-01,840,850,811,850,2077000,850
2009-04-02,870,886,859,883,1866500,883
2009-04-03,888,906,870,897,3797000,897
2009-04-06,919,920,882,889,2296500,889
2009-04-07,872,882,858,863,2100500,863
2009-04-08,857,868,822,825,2905000,825
2009-04-09,835,877,834,875,2410500,875
2009-04-10,905,906,872,888,2468000,888
2009-04-13,871,891,871,879,1398500,879
2009-04-14,880,883,852,867,1611500,867
2009-04-15,850,860,842,847,1201500,847
2009-04-16,856,873,834,837,1745000,837
2009-04-17,857,874,851,866,1155000,866
2009-04-20,856,872,855,869,713500,869
2009-04-21,850,852,838,845,1122500,845
2009-04-22,849,855,840,847,943000,847
2009-04-23,841,849,815,825,1737000,825
2009-04-24,839,842,824,825,1632000,825
2009-04-27,840,840,821,829,1307000,829
2009-04-28,832,845,796,796,1883000,796
2009-04-30,810,853,808,844,2914000,844
2009-05-01,845,847,819,840,1659500,840
2009-05-07,888,915,883,914,2968000,914
2009-05-08,920,936,900,924,2665500,924
2009-05-11,980,980,958,973,3681500,973
2009-05-12,933,944,927,929,2483000,929
2009-05-13,949,949,920,935,1691500,935
2009-05-14,916,930,905,910,1511000,910
2009-05-15,913,925,912,920,1471000,920
2009-05-18,895,913,892,905,1873500,905
2009-05-19,932,942,923,928,2048500,928
2009-05-20,933,942,927,935,1411500,935
2009-05-21,970,971,952,969,2945000,969
2009-05-22,949,956,941,945,1679000,945
2009-05-25,965,969,956,962,1757500,962
2009-05-26,970,970,944,957,1367500,957
2009-05-27,977,981,968,971,1482500,971
2009-05-28,951,960,942,952,2259000,952
2009-05-29,958,961,942,954,2085000,954
2009-06-01,954,958,946,948,1815500,948
2009-06-02,957,960,946,950,2212500,950
2009-06-03,947,956,946,951,1389000,951
2009-06-04,955,979,950,976,1867000,976
2009-06-05,989,989,972,978,1689000,978
2009-06-08,995,1007,991,994,1617000,994
2009-06-09,987,996,986,990,1767500,990
2009-06-10,991,1004,987,1002,1691000,1002
2009-06-11,991,996,989,992,1192500,992
2009-06-12,1030,1043,1010,1021,5462000,1021
2009-06-15,1021,1025,1003,1019,1360000,1019
2009-06-16,1005,1012,986,988,1397500,988
2009-06-17,978,996,969,989,1550000,989
2009-06-18,977,978,962,968,1368000,968
2009-06-19,988,1016,983,1013,3066000,1013
2009-06-22,1004,1021,997,1014,1083000,1014
2009-06-23,998,998,951,954,2077000,954
2009-06-24,955,965,945,958,1636500,958
2009-06-25,978,1014,975,997,2110000,997
2009-06-26,1001,1017,992,1008,988500,1008
2009-06-29,992,1021,991,998,1348000,998
2009-06-30,1045,1080,1042,1072,3096000,1072
2009-07-01,1054,1096,1045,1072,2756000,1072
2009-07-02,1100,1100,1074,1075,2668000,1075
2009-07-03,1055,1072,1045,1067,1602500,1067
2009-07-06,1067,1079,1054,1066,917500,1066
2009-07-07,1055,1082,1054,1078,1656000,1078
2009-07-08,1068,1085,1055,1065,1635500,1065
2009-07-09,1040,1046,1022,1039,1619500,1039
2009-07-10,1059,1100,1045,1071,3037000,1071
2009-07-13,1031,1059,1009,1010,2250000,1010
2009-07-14,1016,1021,1003,1013,3283500,1013
2009-07-15,1004,1025,987,1015,2808500,1015
2009-07-16,1025,1035,1011,1016,2106000,1016
2009-07-17,1024,1028,1013,1018,1121500,1018
2009-07-21,1035,1043,1013,1041,2196000,1041
2009-07-22,1035,1043,1018,1032,2371500,1032
2009-07-23,1040,1060,1028,1050,2737500,1050
2009-07-24,1078,1085,1060,1074,2706000,1074
2009-07-27,1062,1093,1051,1078,2179000,1078
2009-07-28,1079,1084,1056,1070,1827000,1070
2009-07-29,1083,1111,1073,1110,2464000,1110
2009-07-30,1111,1119,1097,1112,1748000,1112
2009-07-31,1123,1146,1015,1073,6120500,1073
2009-08-03,1058,1068,1030,1035,4239000,1035
2009-08-04,1015,1039,1004,1026,5225500,1026
2009-08-05,1047,1047,1022,1028,2317000,1028
2009-08-06,1032,1055,1032,1046,1547500,1046
2009-08-07,1042,1052,1030,1051,1781000,1051
2009-08-10,1064,1080,1054,1075,2193000,1075
2009-08-11,1074,1078,1055,1058,1618500,1058
2009-08-12,1047,1070,1044,1054,1721500,1054
2009-08-13,1048,1078,1047,1062,2810500,1062
2009-08-14,1051,1063,1046,1050,3167000,1050
2009-08-17,1056,1058,1041,1045,1878000,1045
2009-08-18,1030,1043,1022,1033,1768500,1033
2009-08-19,1031,1034,1014,1015,1882500,1015
2009-08-20,1025,1029,1004,1027,2083500,1027
2009-08-21,1028,1028,991,1007,2571000,1007
2009-08-24,1034,1038,1016,1028,1582500,1028
2009-08-25,1017,1032,1013,1017,1729500,1017
2009-08-26,1029,1056,1024,1050,2022000,1050
2009-08-27,1034,1043,1011,1024,1678500,1024
2009-08-28,1044,1044,1029,1034,1362500,1034
2009-08-31,1033,1054,1005,1015,1912000,1015
2009-09-01,1016,1025,1009,1022,1096000,1022
2009-09-02,1000,1007,994,1004,1423500,1004
2009-09-03,985,995,980,994,1890500,994
2009-09-04,985,986,963,969,1794500,969
2009-09-07,970,973,957,967,1937000,967
2009-09-08,967,972,961,968,1330500,968
2009-09-09,966,970,952,960,1673500,960
2009-09-10,970,977,963,975,1369000,975
2009-09-11,981,996,977,986,4218500,986
2009-09-14,974,974,951,963,1458500,963
2009-09-15,975,975,956,968,1252500,968
2009-09-16,979,995,976,980,2024500,980
2009-09-17,986,1008,985,1000,1689500,1000
2009-09-18,990,992,964,983,2086000,983
2009-09-24,985,1001,978,1000,2176000,1000
2009-09-25,988,989,970,978,1419000,978
2009-09-28,972,982,953,959,1800000,959
2009-09-29,972,979,967,977,1579000,977
2009-09-30,970,991,969,980,1716000,980
2009-10-01,981,981,959,963,1481000,963
2009-10-02,953,955,941,950,1877500,950
2009-10-05,940,941,915,922,1457000,922
2009-10-06,925,930,907,924,1845000,924
2009-10-07,921,969,918,961,2554500,961
2009-10-08,955,958,936,943,1862000,943
2009-10-09,953,962,940,960,2302500,960
2009-10-13,966,972,957,967,1119500,967
2009-10-14,965,970,947,961,1075500,961
2009-10-15,971,977,960,967,1407000,967
2009-10-16,977,986,973,981,1526000,981
2009-10-19,971,972,954,966,1086500,966
2009-10-20,975,982,972,974,904500,974
2009-10-21,972,978,963,973,999000,973
2009-10-22,953,959,943,959,2025500,959
2009-10-23,972,1009,970,999,2806000,999
2009-10-26,989,1021,981,1008,2032000,1008
2009-10-27,988,999,974,980,1242000,980
2009-10-28,970,977,960,965,1076500,965
2009-10-29,948,955,936,940,1472000,940
2009-10-30,950,958,943,953,1103500,953
2009-11-02,923,934,921,934,1270500,934
2009-11-04,906,929,902,923,1423000,923
2009-11-05,917,980,908,965,2733500,965
2009-11-06,974,997,967,997,2499000,997
2009-11-09,1000,1024,997,1016,2559000,1016
2009-11-10,1036,1059,1034,1044,4089000,1044
2009-11-11,1034,1052,1031,1037,2279500,1037
2009-11-12,1038,1040,1017,1021,1730500,1021
2009-11-13,1022,1043,1012,1034,2260000,1034
2009-11-16,1027,1051,1022,1048,2476000,1048
2009-11-17,1037,1046,1010,1015,2015000,1015
2009-11-18,1006,1021,1006,1018,2264000,1018
2009-11-19,1019,1025,1002,1018,2673000,1018
2009-11-20,1000,1015,986,1013,2582000,1013
2009-11-24,1027,1029,1007,1012,1254500,1012
2009-11-25,1006,1017,991,1012,1778500,1012
2009-11-26,992,1007,991,995,1667000,995
2009-11-27,990,995,975,980,2159500,980
2009-11-30,997,1039,996,1039,3543000,1039
2009-12-01,1019,1097,1019,1091,4029500,1091
2009-12-02,1085,1085,1063,1068,1926000,1068
2009-12-03,1084,1103,1068,1102,2895000,1102
2009-12-04,1092,1099,1076,1097,2363000,1097
2009-12-07,1128,1131,1102,1111,2598000,1111
2009-12-08,1103,1119,1096,1111,1658000,1111
2009-12-09,1097,1117,1089,1112,2455500,1112
2009-12-10,1129,1130,1077,1088,2757500,1088
2009-12-11,1095,1115,1076,1108,3808000,1108
2009-12-14,1108,1118,1097,1117,1036500,1117
2009-12-15,1117,1120,1099,1101,871500,1101
2009-12-16,1118,1122,1101,1109,1136000,1109
2009-12-17,1120,1120,1093,1094,1169000,1094
2009-12-18,1091,1098,1076,1087,1103500,1087
2009-12-21,1073,1091,1073,1086,890500,1086
2009-12-22,1083,1109,1083,1107,1085500,1107
2009-12-24,1099,1119,1096,1114,1800500,1114
2009-12-25,1114,1114,1093,1102,779000,1102
2009-12-28,1106,1115,1101,1111,895500,1111
2009-12-29,1104,1114,1103,1112,888000,1112
2009-12-30,1114,1117,1086,1087,993000,1087
2010-01-04,1099,1107,1089,1098,792000,1098
2010-01-05,1124,1124,1097,1103,950000,1103
2010-01-06,1098,1107,1083,1089,1450500,1089
2010-01-07,1089,1094,1075,1080,1122500,1080
2010-01-08,1098,1106,1080,1093,2396500,1093
2010-01-12,1102,1111,1099,1108,1074500,1108
2010-01-13,1094,1108,1094,1099,905500,1099
2010-01-14,1119,1119,1099,1117,1061500,1117
2010-01-15,1118,1118,1097,1103,1565500,1103
2010-01-18,1092,1094,1076,1087,1607000,1087
2010-01-19,1094,1095,1083,1088,666500,1088
2010-01-20,1091,1105,1088,1093,799000,1093
2010-01-21,1082,1123,1081,1122,2035000,1122
2010-01-22,1100,1108,1089,1107,2043000,1107
2010-01-25,1093,1112,1089,1100,1325000,1100
2010-01-26,1105,1105,1090,1093,1215000,1093
2010-01-27,1100,1103,1078,1079,1595500,1079
2010-01-28,1079,1093,1070,1083,1036500,1083
2010-01-29,1064,1075,1051,1054,1575000,1054
2010-02-01,1050,1058,1033,1036,1782000,1036
2010-02-02,1076,1083,1060,1081,1572500,1081
2010-02-03,1084,1099,1072,1078,1021500,1078
2010-02-04,1079,1080,1055,1065,1016500,1065
2010-02-05,1035,1154,1032,1124,5897500,1124
2010-02-08,1111,1124,1101,1116,2337500,1116
2010-02-09,1134,1146,1105,1109,1936000,1109
2010-02-10,1106,1113,1094,1105,1774500,1105
2010-02-12,1106,1112,1087,1093,1851500,1093
2010-02-15,1092,1095,1079,1086,793500,1086
2010-02-16,1100,1110,1096,1101,866000,1101
2010-02-17,1120,1137,1110,1134,1383000,1134
2010-02-18,1138,1147,1129,1147,1253000,1147
2010-02-19,1149,1159,1138,1144,1704500,1144
2010-02-22,1172,1185,1156,1166,2147500,1166
2010-02-23,1167,1187,1156,1171,1923000,1171
2010-02-24,1153,1163,1148,1155,1334000,1155
2010-02-25,1168,1176,1152,1159,2247000,1159
2010-02-26,1148,1163,1139,1140,1888000,1140
2010-03-01,1141,1166,1141,1161,1041500,1161
2010-03-02,1165,1175,1123,1128,3694500,1128
2010-03-03,1128,1139,1122,1135,1979000,1135
2010-03-04,1137,1139,1110,1116,1610500,1116
2010-03-05,1127,1141,1127,1137,1558500,1137
2010-03-08,1165,1182,1154,1182,1613000,1182
2010-03-09,1171,1175,1166,1168,896000,1168
2010-03-10,1179,1182,1168,1173,944500,1173
2010-03-11,1177,1180,1157,1166,980000,1166
2010-03-12,1194,1209,1177,1203,5244000,1203
2010-03-15,1210,1215,1187,1192,1119000,1192
2010-03-16,1185,1193,1177,1182,1074000,1182
2010-03-17,1186,1208,1186,1202,1921000,1202
2010-03-18,1210,1212,1190,1192,1077000,1192
2010-03-19,1190,1194,1183,1188,1406000,1188
2010-03-23,1193,1203,1191,1195,1162000,1195
2010-03-24,1206,1213,1191,1199,1040500,1199
2010-03-25,1217,1225,1206,1211,1357500,1211
2010-03-26,1225,1263,1220,1261,2488500,1261
2010-03-29,1255,1260,1243,1255,1578000,1255
2010-03-30,1256,1279,1245,1277,2388000,1277
2010-03-31,1285,1285,1252,1258,1528500,1258
2010-04-01,1240,1266,1230,1263,2769000,1263
2010-04-02,1269,1271,1255,1260,1182500,1260
2010-04-05,1274,1279,1251,1264,1441500,1264
2010-04-06,1263,1267,1235,1247,1641000,1247
2010-04-07,1250,1259,1238,1244,1249500,1244
2010-04-08,1232,1244,1217,1226,1695000,1226
2010-04-09,1220,1233,1210,1216,2929000,1216
2010-04-12,1231,1238,1225,1228,1465500,1228
2010-04-13,1228,1238,1218,1222,1398000,1222
2010-04-14,1221,1239,1218,1234,1654500,1234
2010-04-15,1239,1243,1221,1226,1436000,1226
2010-04-16,1217,1218,1185,1186,2207500,1186
2010-04-19,1159,1167,1151,1158,2425000,1158
2010-04-20,1158,1183,1158,1169,1682000,1169
2010-04-21,1186,1193,1183,1186,1224500,1186
2010-04-22,1175,1175,1155,1166,1342000,1166
2010-04-23,1190,1194,1176,1183,2440500,1183
2010-04-26,1194,1205,1190,1200,1187000,1200
2010-04-27,1224,1225,1203,1209,1272500,1209
2010-04-28,1165,1172,1160,1160,2475500,1160
2010-04-30,1195,1249,1194,1237,4025000,1237
2010-05-06,1207,1224,1200,1214,3397500,1214
2010-05-07,1154,1178,1153,1163,2810500,1163
2010-05-10,1163,1195,1153,1192,1989500,1192
2010-05-11,1209,1210,1168,1171,1642500,1171
2010-05-12,1172,1190,1164,1179,1453500,1179
2010-05-13,1209,1209,1192,1202,1515500,1202
2010-05-14,1179,1205,1175,1188,2115500,1188
2010-05-17,1174,1177,1156,1164,1621500,1164
2010-05-18,1179,1180,1157,1162,1497000,1162
2010-05-19,1157,1167,1123,1146,2559000,1146
2010-05-20,1147,1159,1138,1144,1697000,1144
2010-05-21,1100,1118,1090,1113,2613500,1113
2010-05-24,1124,1152,1115,1142,3088000,1142
2010-05-25,1131,1135,1086,1095,2811000,1095
2010-05-26,1108,1115,1089,1108,2400500,1108
2010-05-27,1097,1116,1070,1112,2223500,1112
2010-05-28,1138,1142,1102,1122,2591000,1122
2010-05-31,1116,1138,1113,1130,1392000,1130
2010-06-01,1131,1136,1118,1121,1068500,1121
2010-06-02,1109,1143,1106,1116,1728000,1116
2010-06-03,1128,1146,1125,1142,1364000,1142
2010-06-04,1142,1145,1108,1116,2885500,1116
2010-06-07,1085,1090,1062,1081,1895500,1081
2010-06-08,1069,1099,1067,1087,1568500,1087
2010-06-09,1080,1094,1076,1086,1562000,1086
2010-06-10,1098,1098,1079,1092,1234500,1092
2010-06-11,1120,1129,1106,1117,4691500,1117
2010-06-14,1129,1133,1122,1130,998500,1130
2010-06-15,1126,1134,1122,1132,694000,1132
2010-06-16,1151,1157,1145,1151,1230500,1151
2010-06-17,1144,1151,1137,1139,1049500,1139
2010-06-18,1142,1154,1141,1146,919500,1146
2010-06-21,1160,1163,1150,1156,1042000,1156
2010-06-22,1149,1151,1139,1142,1057500,1142
2010-06-23,1123,1132,1120,1127,862500,1127
2010-06-24,1129,1137,1119,1121,801500,1121
2010-06-25,1112,1114,1090,1097,1288500,1097
2010-06-28,1113,1117,1086,1089,1093000,1089
2010-06-29,1084,1084,1054,1060,2169500,1060
2010-06-30,1041,1057,1033,1052,1870000,1052
2010-07-01,1034,1042,1010,1028,1753800,1028
2010-07-02,1026,1043,1022,1030,1302000,1030
2010-07-05,1024,1040,1024,1036,872600,1036
2010-07-06,1025,1057,1022,1056,1291700,1056
2010-07-07,1053,1056,1041,1055,1782900,1055
2010-07-08,1080,1088,1073,1079,1053400,1079
2010-07-09,1107,1108,1079,1100,2474500,1100
2010-07-12,1103,1113,1086,1089,871300,1089
2010-07-13,1091,1102,1082,1086,966800,1086
2010-07-14,1113,1129,1111,1123,1179200,1123
2010-07-15,1110,1134,1108,1123,1313800,1123
2010-07-16,1120,1121,1079,1082,1781900,1082
2010-07-20,1068,1079,1064,1071,1149100,1071
2010-07-21,1087,1090,1064,1072,983100,1072
2010-07-22,1064,1067,1049,1052,1240600,1052
2010-07-23,1083,1088,1071,1075,1252100,1075
2010-07-26,1092,1112,1088,1098,1265200,1098
2010-07-27,1097,1098,1077,1079,1058800,1079
2010-07-28,1101,1120,1100,1119,1648900,1119
2010-07-29,1102,1113,1101,1107,612300,1107
2010-07-30,1100,1105,1075,1084,1280200,1084
2010-08-02,1090,1105,1085,1087,971300,1087
2010-08-03,1105,1110,1092,1105,1358400,1105
2010-08-04,1097,1101,1064,1068,2455100,1068
2010-08-05,1092,1118,1089,1110,2154700,1110
2010-08-06,1097,1099,1083,1090,1784500,1090
2010-08-09,1078,1093,1077,1092,843200,1092
2010-08-10,1102,1105,1080,1082,1137500,1082
2010-08-11,1067,1075,1043,1046,1520100,1046
2010-08-12,1020,1022,977,1021,2794400,1021
2010-08-13,1014,1034,1003,1011,3301000,1011
2010-08-16,1003,1020,1000,1014,1404100,1014
2010-08-17,1000,1013,992,1009,1768500,1009
2010-08-18,1011,1017,998,1011,2169300,1011
2010-08-19,1013,1037,1009,1037,2325000,1037
2010-08-20,1013,1016,987,987,3283400,987
2010-08-23,981,986,967,972,2479500,972
2010-08-24,957,963,939,942,3497300,942
2010-08-25,935,955,929,936,3229500,936
2010-08-26,941,953,940,946,1995500,946
2010-08-27,931,970,926,963,2633700,963
2010-08-30,980,987,972,975,2022900,975
2010-08-31,964,971,949,951,2135900,951
2010-09-01,956,963,947,961,2140400,961
2010-09-02,991,992,974,985,2673900,985
2010-09-03,992,1004,989,1002,1899900,1002
2010-09-06,1015,1023,1001,1023,1701600,1023
2010-09-07,1013,1025,1011,1016,1075600,1016
2010-09-08,1016,1022,1005,1014,2623500,1014
2010-09-09,1034,1034,1020,1031,1329500,1031
2010-09-10,1032,1053,1029,1046,3149800,1046
2010-09-13,1056,1066,1050,1051,1314400,1051
2010-09-14,1051,1052,1036,1042,1295800,1042
2010-09-15,1033,1083,1030,1077,2657100,1077
2010-09-16,1085,1089,1057,1068,1557100,1068
2010-09-17,1079,1095,1072,1089,1850700,1089
2010-09-21,1100,1102,1085,1087,1065600,1087
2010-09-22,1089,1093,1075,1087,999300,1087
2010-09-24,1070,1073,1047,1056,2469600,1056
2010-09-27,1065,1076,1059,1073,1148100,1073
2010-09-28,1063,1066,1054,1058,803600,1058
2010-09-29,1057,1084,1054,1074,1716100,1074
2010-09-30,1074,1082,1052,1054,1567400,1054
2010-10-01,1063,1074,1049,1061,2106500,1061
2010-10-04,1067,1077,1055,1067,1360200,1067
2010-10-05,1067,1089,1063,1086,1515700,1086
2010-10-06,1092,1117,1087,1116,2022900,1116
2010-10-07,1107,1123,1106,1115,1068400,1115
2010-10-08,1107,1119,1104,1109,1786100,1109
2010-10-12,1125,1127,1077,1077,1290700,1077
2010-10-13,1090,1098,1080,1090,1141500,1090
2010-10-14,1105,1113,1098,1110,953900,1110
2010-10-15,1111,1116,1090,1110,1310500,1110
2010-10-18,1108,1115,1096,1106,820600,1106
2010-10-19,1108,1121,1103,1109,901800,1109
2010-10-20,1087,1088,1068,1081,1648700,1081
2010-10-21,1090,1105,1067,1069,1465100,1069
2010-10-22,1066,1097,1063,1089,937900,1089
2010-10-25,1094,1095,1079,1088,639600,1088
2010-10-26,1083,1113,1083,1100,1402700,1100
2010-10-27,1112,1114,1094,1099,1097700,1099
2010-10-28,1099,1146,1091,1129,2988800,1129
2010-10-29,1131,1154,1131,1153,3324200,1153
2010-11-01,1141,1154,1126,1130,1558300,1130
2010-11-02,1134,1147,1123,1130,1352500,1130
2010-11-04,1143,1153,1136,1142,1550400,1142
2010-11-05,1165,1175,1157,1169,1901700,1169
2010-11-08,1184,1185,1165,1170,1472900,1170
2010-11-09,1172,1176,1161,1168,1602500,1168
2010-11-10,1180,1180,1161,1172,1657900,1172
2010-11-11,1176,1176,1158,1164,1291000,1164
2010-11-12,1161,1170,1149,1151,1539700,1151
2010-11-15,1160,1165,1154,1160,1324700,1160
2010-11-16,1160,1165,1142,1145,1320000,1145
2010-11-17,1130,1168,1130,1164,1436600,1164
2010-11-18,1159,1175,1155,1173,2210900,1173
2010-11-19,1175,1177,1163,1166,1724400,1166
2010-11-22,1168,1170,1153,1160,2264900,1160
2010-11-24,1143,1168,1135,1162,1475000,1162
2010-11-25,1174,1181,1162,1178,1456400,1178
2010-11-26,1170,1184,1170,1172,849700,1172
2010-11-29,1180,1190,1174,1184,1222800,1184
2010-11-30,1176,1183,1155,1155,2323900,1155
2010-12-01,1159,1163,1152,1158,1394700,1158
2010-12-02,1182,1190,1174,1187,1865600,1187
2010-12-03,1191,1198,1186,1188,1018800,1188
2010-12-06,1190,1192,1175,1178,1227800,1178
2010-12-07,1174,1177,1166,1170,1909300,1170
2010-12-08,1175,1188,1170,1180,1626200,1180
2010-12-09,1182,1190,1179,1188,1405300,1188
2010-12-10,1218,1218,1180,1189,5581600,1189
2010-12-13,1192,1195,1173,1183,1519300,1183
2010-12-14,1177,1190,1170,1188,2084900,1188
2010-12-15,1185,1192,1175,1181,2284900,1181
2010-12-16,1172,1179,1171,1175,1419800,1175
2010-12-17,1171,1177,1171,1172,1376100,1172
2010-12-20,1173,1175,1159,1161,1029700,1161
2010-12-21,1170,1177,1162,1176,894300,1176
2010-12-22,1170,1171,1159,1167,1488300,1167
2010-12-24,1160,1160,1148,1154,880800,1154
2010-12-27,1153,1183,1152,1180,1452800,1180
2010-12-28,1171,1178,1169,1175,557600,1175
2010-12-29,1168,1178,1162,1178,1095900,1178
2010-12-30,1176,1181,1164,1164,1313700,1164
2011-01-04,1174,1181,1168,1175,1487900,1175
2011-01-05,1178,1180,1159,1163,1911800,1163
2011-01-06,1178,1194,1175,1193,2201500,1193
2011-01-07,1200,1217,1198,1212,1995700,1212
2011-01-11,1219,1220,1205,1208,2101300,1208
2011-01-12,1202,1205,1189,1190,2133200,1190
2011-01-13,1205,1205,1182,1183,2898300,1183
2011-01-14,1170,1182,1167,1168,3366400,1168
2011-01-17,1175,1178,1133,1143,3919400,1143
2011-01-18,1133,1154,1133,1146,3058000,1146
2011-01-19,1158,1160,1147,1153,2533800,1153
2011-01-20,1145,1150,1136,1137,1614400,1137
2011-01-21,1146,1152,1115,1117,3538300,1117
2011-01-24,1123,1143,1122,1140,2358100,1140
2011-01-25,1149,1149,1133,1145,1522200,1145
2011-01-26,1136,1155,1131,1147,1866800,1147
2011-01-27,1156,1157,1141,1155,1648700,1155
2011-01-28,1158,1177,1155,1166,3191000,1166
2011-01-31,1147,1158,1138,1152,1637900,1152
2011-02-01,1158,1172,1149,1161,1654100,1161
2011-02-02,1173,1253,1170,1200,5504000,1200
2011-02-03,1198,1206,1183,1187,2240900,1187
2011-02-04,1204,1204,1187,1188,1516400,1188
2011-02-07,1205,1205,1186,1189,1917700,1189
2011-02-08,1194,1194,1177,1187,1380200,1187
2011-02-09,1184,1187,1165,1170,1913300,1170
2011-02-10,1162,1178,1161,1172,1897500,1172
2011-02-14,1177,1178,1163,1175,1241600,1175
2011-02-15,1177,1184,1169,1182,1479600,1182
2011-02-16,1180,1191,1172,1176,1672600,1176
2011-02-17,1184,1185,1164,1169,1479700,1169
2011-02-18,1153,1170,1152,1162,1448700,1162
2011-02-21,1157,1164,1157,1160,1084900,1160
2011-02-22,1150,1155,1134,1135,1713400,1135
2011-02-23,1136,1139,1117,1121,2091000,1121
2011-02-24,1114,1134,1104,1116,2559300,1116
2011-02-25,1128,1147,1125,1144,2523800,1144
2011-02-28,1145,1153,1133,1153,1831200,1153
2011-03-01,1165,1171,1160,1171,2396100,1171
2011-03-02,1151,1156,1128,1129,2282300,1129
2011-03-03,1138,1140,1129,1138,1296300,1138
2011-03-04,1147,1158,1141,1144,1479500,1144
2011-03-07,1148,1153,1127,1131,1610200,1131
2011-03-08,1132,1136,1126,1130,1187000,1130
2011-03-09,1137,1148,1134,1140,1679300,1140
2011-03-10,1139,1139,1116,1119,1198100,1119
2011-03-11,1100,1106,1089,1089,4996000,1089
2011-03-14,999,1038,990,993,3488500,993
2011-03-15,943,954,843,864,4495500,864
2011-03-16,924,990,924,986,6362500,986
2011-03-17,935,996,920,971,5469700,971
2011-03-18,977,1007,977,1001,3062200,1001
2011-03-22,1031,1042,1019,1031,2918100,1031
2011-03-23,1020,1026,991,1014,4317800,1014
2011-03-24,1014,1031,1011,1027,2542000,1027
2011-03-25,1035,1035,1001,1009,2570500,1009
2011-03-28,1024,1027,998,1012,2001400,1012
2011-03-29,1010,1023,1001,1018,2365300,1018
2011-03-30,1024,1030,1012,1021,3883300,1021
2011-03-31,1081,1090,1052,1072,5942500,1072
2011-04-01,1085,1124,1080,1117,4742400,1117
2011-04-04,1118,1122,1100,1100,3532600,1100
2011-04-05,1109,1109,1089,1102,2630100,1102
2011-04-06,1097,1100,1074,1076,2273600,1076
2011-04-07,1091,1096,1066,1066,1787700,1066
2011-04-08,1070,1090,1054,1083,3514300,1083
2011-04-11,1081,1087,1073,1080,1523000,1080
2011-04-12,1061,1062,1036,1046,2064700,1046
2011-04-13,1038,1054,1035,1044,2049100,1044
2011-04-14,1031,1048,1023,1043,1787600,1043
2011-04-15,1038,1050,1033,1039,1341400,1039
2011-04-18,1042,1052,1039,1040,944600,1040
2011-04-19,1028,1043,1028,1036,807100,1036
2011-04-20,1049,1070,1049,1068,1441300,1068
2011-04-21,1080,1083,1060,1068,1259100,1068
2011-04-22,1054,1074,1050,1069,1097800,1069
2011-04-25,1076,1079,1064,1072,1717200,1072
2011-04-26,1062,1068,1052,1066,1123000,1066
2011-04-27,1083,1185,1081,1178,8339900,1178
2011-04-28,1173,1180,1147,1177,4810500,1177
2011-05-02,1188,1199,1165,1196,2577900,1196
2011-05-06,1197,1202,1186,1199,3518700,1199
2011-05-09,1201,1217,1199,1214,2414300,1214
2011-05-10,1209,1212,1186,1189,2545900,1189
2011-05-11,1200,1211,1197,1199,3059600,1199
2011-05-12,1203,1203,1190,1190,1826100,1190
2011-05-13,1199,1210,1173,1186,2985400,1186
2011-05-16,1175,1177,1161,1164,1220000,1164
2011-05-17,1163,1173,1158,1169,1122300,1169
2011-05-18,1176,1186,1170,1177,1484600,1177
2011-05-19,1191,1207,1190,1201,3209100,1201
2011-05-20,1197,1203,1190,1190,1593500,1190
2011-05-23,1190,1193,1171,1174,1315700,1174
2011-05-24,1169,1179,1164,1166,1676500,1166
2011-05-25,1174,1181,1160,1161,951200,1161
2011-05-26,1172,1187,1170,1183,1346100,1183
2011-05-27,1177,1192,1170,1181,1077000,1181
2011-05-30,1178,1194,1174,1188,1086000,1188
2011-05-31,1191,1227,1189,1222,2902100,1222
2011-06-01,1220,1221,1199,1206,2100500,1206
2011-06-02,1190,1192,1180,1185,1899200,1185
2011-06-03,1184,1191,1168,1169,1196800,1169
2011-06-06,1172,1178,1153,1157,1388700,1157
2011-06-07,1159,1169,1155,1165,1669100,1165
2011-06-08,1166,1177,1162,1174,1520800,1174
2011-06-09,1175,1188,1173,1188,1548100,1188
2011-06-10,1206,1210,1186,1191,3939500,1191
2011-06-13,1172,1182,1171,1173,789800,1173
2011-06-14,1181,1195,1170,1190,796300,1190
2011-06-15,1174,1186,1146,1161,3198500,1161
2011-06-16,1156,1166,1152,1157,1174800,1157
2011-06-17,1170,1170,1151,1159,1719400,1159
2011-06-20,1169,1172,1153,1158,1244900,1158
2011-06-21,1168,1172,1157,1171,1660000,1171
2011-06-22,1172,1183,1172,1179,2270800,1179
2011-06-23,1169,1176,1143,1145,2681500,1145
2011-06-24,1164,1170,1146,1152,2568500,1152
2011-06-27,1152,1155,1147,1150,1599800,1150
2011-06-28,1161,1165,1143,1147,1659600,1147
2011-06-29,1156,1158,1148,1155,1843400,1155
2011-06-30,1164,1177,1162,1175,2247300,1175
2011-07-01,1173,1180,1167,1174,1448500,1174
2011-07-04,1186,1187,1169,1170,1362000,1170
2011-07-05,1171,1179,1168,1176,1408500,1176
2011-07-06,1177,1193,1174,1193,1169500,1193
2011-07-07,1192,1214,1189,1208,1791500,1208
2011-07-08,1229,1230,1213,1219,2275400,1219
2011-07-11,1218,1218,1203,1207,1101900,1207
2011-07-12,1193,1197,1188,1194,1097500,1194
2011-07-13,1193,1198,1188,1194,1014100,1194
2011-07-14,1190,1198,1185,1194,882300,1194
2011-07-15,1199,1208,1197,1203,913500,1203
2011-07-19,1204,1217,1202,1212,1298400,1212
2011-07-20,1225,1230,1215,1217,925000,1217
2011-07-21,1229,1230,1212,1214,1296500,1214
2011-07-22,1220,1223,1210,1215,963900,1215
2011-07-25,1221,1224,1211,1213,775800,1213
2011-07-26,1215,1231,1211,1226,1201100,1226
2011-07-27,1225,1225,1213,1215,1054800,1215
2011-07-28,1210,1210,1179,1181,1764500,1181
2011-07-29,1176,1185,1166,1166,2084500,1166
2011-08-01,1171,1196,1170,1187,1683700,1187
2011-08-02,1187,1193,1181,1188,1267200,1188
2011-08-03,1164,1177,1144,1164,3628400,1164
2011-08-04,1172,1187,1157,1171,1978100,1171
2011-08-05,1145,1162,1141,1153,2692600,1153
2011-08-08,1144,1161,1144,1146,2474700,1146
2011-08-09,1113,1117,1079,1111,2149200,1111
2011-08-10,1138,1140,1128,1131,1286800,1131
2011-08-11,1106,1118,1100,1115,1580400,1115
2011-08-12,1122,1125,1105,1109,1756900,1109
2011-08-15,1124,1134,1104,1115,1674300,1115
2011-08-16,1122,1132,1122,1130,1065800,1130
2011-08-17,1127,1136,1120,1134,1144700,1134
2011-08-18,1137,1144,1119,1123,1867200,1123
2011-08-19,1094,1095,1075,1082,1685400,1082
2011-08-22,1075,1076,1047,1049,2262900,1049
2011-08-23,1061,1061,1044,1053,2310000,1053
2011-08-24,1062,1064,1026,1029,2293700,1029
2011-08-25,1041,1067,1039,1052,1714800,1052
2011-08-26,1053,1065,1051,1059,1312900,1059
2011-08-29,1069,1083,1058,1075,1144200,1075
2011-08-30,1084,1098,1081,1088,1751700,1088
2011-08-31,1084,1098,1076,1093,1469100,1093
2011-09-01,1110,1132,1108,1128,2383300,1128
2011-09-02,1115,1118,1099,1102,1444900,1102
2011-09-05,1089,1089,1062,1071,1557500,1071
2011-09-06,1050,1068,1046,1051,1389600,1051
2011-09-07,1079,1090,1067,1086,1755400,1086
2011-09-08,1090,1100,1067,1075,1500900,1075
2011-09-09,1069,1074,1054,1057,4237000,1057
2011-09-12,1027,1029,1009,1021,2445000,1021
2011-09-13,1022,1027,1015,1026,2376400,1026
2011-09-14,1025,1040,1009,1013,1905700,1013
2011-09-15,1038,1054,1030,1040,2146900,1040
2011-09-16,1065,1095,1054,1094,2113100,1094
2011-09-20,1080,1086,1069,1079,1471900,1079
2011-09-21,1091,1110,1085,1101,2275800,1101
2011-09-22,1090,1091,1058,1063,2057700,1063
2011-09-26,1064,1072,1034,1044,2629800,1044
2011-09-27,1059,1075,1057,1075,1866500,1075
2011-09-28,1076,1090,1068,1071,1661300,1071
2011-09-29,1065,1074,1050,1073,1980700,1073
2011-09-30,1084,1104,1063,1065,3503400,1065
2011-10-03,1060,1060,1010,1015,3138600,1015
2011-10-04,990,1016,988,1010,2346300,1010
2011-10-05,1027,1034,1002,1012,2262700,1012
2011-10-06,1023,1045,1022,1042,2001600,1042
2011-10-07,1061,1080,1057,1067,1591900,1067
2011-10-11,1102,1104,1088,1092,1678500,1092
2011-10-12,1094,1095,1069,1078,1251200,1078
2011-10-13,1094,1108,1092,1100,1671700,1100
2011-10-14,1100,1104,1084,1084,2115300,1084
2011-10-17,1096,1103,1087,1101,805000,1101
2011-10-18,1089,1106,1086,1100,982600,1100
2011-10-19,1106,1116,1096,1101,1187200,1101
2011-10-20,1099,1099,1077,1079,1153600,1079
2011-10-21,1092,1094,1081,1090,877200,1090
2011-10-24,1105,1116,1099,1113,971700,1113
2011-10-25,1130,1135,1090,1093,1663000,1093
2011-10-26,1093,1098,1076,1091,1045300,1091
2011-10-27,1098,1121,1097,1118,1341900,1118
2011-10-28,1133,1140,1118,1134,2255000,1134
2011-10-31,1127,1144,1107,1112,1671100,1112
2011-11-01,1110,1110,1061,1065,2205100,1065
2011-11-02,1060,1063,1037,1058,2716700,1058
2011-11-04,1078,1079,1063,1075,1591400,1075
2011-11-07,1064,1104,1056,1100,2033100,1100
2011-11-08,1101,1111,1090,1095,1582400,1095
2011-11-09,1090,1094,1066,1071,1758900,1071
2011-11-10,1042,1058,1042,1054,1290300,1054
2011-11-11,1063,1079,1054,1075,1728400,1075
2011-11-14,1087,1099,1076,1095,1357900,1095
2011-11-15,1088,1088,1063,1071,1250200,1071
2011-11-16,1072,1073,1057,1063,718200,1063
2011-11-17,1058,1062,1043,1060,1095500,1060
2011-11-18,1052,1062,1047,1058,853800,1058
2011-11-21,1060,1070,1056,1066,542400,1066
2011-11-22,1058,1082,1057,1077,942100,1077
2011-11-24,1063,1077,1057,1059,1170900,1059
2011-11-25,1050,1062,1041,1048,1434300,1048
2011-11-28,1065,1067,1054,1059,784600,1059
2011-11-29,1066,1094,1065,1092,1238700,1092
2011-11-30,1076,1085,1065,1085,1059800,1085
2011-12-01,1114,1125,1106,1113,1519700,1113
2011-12-02,1113,1119,1107,1115,779300,1115
2011-12-05,1120,1121,1110,1115,729200,1115
2011-12-06,1111,1111,1097,1107,1164000,1107
2011-12-07,1115,1115,1096,1113,1440200,1113
2011-12-08,1101,1111,1090,1108,1118700,1108
2011-12-09,1088,1107,1088,1101,4155200,1101
2011-12-12,1125,1126,1109,1119,1392400,1119
2011-12-13,1109,1110,1090,1103,1082500,1103
2011-12-14,1090,1106,1090,1099,1076800,1099
2011-12-15,1089,1097,1079,1086,1042800,1086
2011-12-16,1083,1088,1072,1079,1539700,1079
2011-12-19,1076,1078,1064,1070,979600,1070
2011-12-20,1071,1078,1067,1072,564300,1072
2011-12-21,1084,1088,1076,1080,1052000,1080
2011-12-22,1085,1087,1070,1074,1162300,1074
2011-12-26,1088,1091,1079,1084,445000,1084
2011-12-27,1093,1097,1077,1080,817400,1080
2011-12-28,1081,1092,1081,1086,888000,1086
2011-12-29,1087,1090,1076,1086,586400,1086
2011-12-30,1096,1096,1088,1095,459000,1095
2012-01-04,1109,1120,1105,1115,893700,1115
2012-01-05,1109,1116,1106,1106,606800,1106
2012-01-06,1096,1099,1078,1084,1076700,1084
2012-01-10,1089,1090,1078,1079,743200,1079
2012-01-11,1079,1092,1078,1092,731700,1092
2012-01-12,1093,1093,1083,1089,502100,1089
2012-01-13,1103,1107,1095,1102,1528300,1102
2012-01-16,1094,1097,1087,1095,758700,1095
2012-01-17,1101,1105,1096,1105,819300,1105
2012-01-18,1105,1124,1099,1115,1018100,1115
2012-01-19,1119,1128,1116,1124,1563200,1124
2012-01-20,1130,1140,1124,1134,1354300,1134
2012-01-23,1134,1136,1122,1124,952600,1124
2012-01-24,1125,1125,1114,1120,749600,1120
2012-01-25,1133,1138,1125,1135,895500,1135
2012-01-26,1136,1139,1127,1132,722400,1132
2012-01-27,1133,1134,1125,1132,1085400,1132
2012-01-30,1128,1130,1113,1116,952700,1116
2012-01-31,1118,1120,1105,1107,1307300,1107
2012-02-01,1114,1128,1114,1119,1159800,1119
2012-02-02,1125,1130,1049,1079,2908800,1079
2012-02-03,1073,1087,1048,1081,3571700,1081
2012-02-06,1098,1098,1083,1090,1779400,1090
2012-02-07,1078,1089,1074,1089,2379400,1089
2012-02-08,1093,1093,1083,1093,1548400,1093
2012-02-09,1091,1096,1087,1094,1416500,1094
2012-02-10,1097,1097,1088,1089,1478400,1089
2012-02-13,1086,1101,1086,1094,1101000,1094
2012-02-14,1088,1100,1086,1096,1472600,1096
2012-02-15,1092,1112,1088,1101,2040100,1101
2012-02-16,1102,1105,1092,1096,1560100,1096
2012-02-17,1111,1112,1100,1107,2365200,1107
2012-02-20,1125,1125,1111,1113,1352800,1113
2012-02-21,1098,1123,1098,1115,2442800,1115
2012-02-22,1124,1154,1124,1147,3046900,1147
2012-02-23,1153,1168,1152,1160,3051700,1160
2012-02-24,1169,1170,1157,1163,2015700,1163
2012-02-27,1170,1182,1166,1170,1549800,1170
2012-02-28,1170,1176,1155,1176,1301900,1176
2012-02-29,1180,1192,1167,1172,2030600,1172
2012-03-01,1178,1209,1172,1178,1936100,1178
2012-03-02,1194,1196,1178,1181,1451400,1181
2012-03-05,1184,1192,1173,1176,837100,1176
2012-03-06,1177,1183,1166,1171,1794400,1171
2012-03-07,1153,1175,1153,1173,1464100,1173
2012-03-08,1186,1194,1184,1188,1921500,1188
2012-03-09,1201,1214,1193,1199,4316400,1199
2012-03-12,1223,1227,1207,1210,2247900,1210
2012-03-13,1219,1221,1208,1212,2072300,1212
2012-03-14,1228,1228,1204,1205,2040500,1205
2012-03-15,1210,1220,1202,1215,1671900,1215
2012-03-16,1217,1219,1211,1217,1124100,1217
2012-03-19,1224,1230,1219,1220,1161200,1220
2012-03-21,1221,1225,1216,1217,1438600,1217
2012-03-22,1217,1226,1213,1218,1550100,1218
2012-03-23,1211,1212,1200,1204,1278100,1204
2012-03-26,1196,1196,1178,1182,2931500,1182
2012-03-27,1199,1200,1188,1197,2609900,1197
2012-03-28,1174,1178,1162,1167,2386000,1167
2012-03-29,1174,1174,1155,1166,1895700,1166
2012-03-30,1166,1182,1160,1171,2144500,1171
2012-04-02,1181,1183,1165,1167,2211500,1167
2012-04-03,1176,1194,1174,1189,2488900,1189
2012-04-04,1192,1195,1161,1163,2264900,1163
2012-04-05,1166,1190,1133,1145,6134900,1145
2012-04-06,1135,1137,1097,1131,5008000,1131
2012-04-09,1120,1133,1107,1127,2148700,1127
2012-04-10,1130,1134,1113,1121,2012000,1121
2012-04-11,1099,1123,1099,1121,2894600,1121
2012-04-12,1118,1135,1117,1133,1685500,1133
2012-04-13,1133,1135,1115,1121,3051500,1121
2012-04-16,1097,1130,1087,1121,2277600,1121
2012-04-17,1127,1145,1122,1138,2465800,1138
2012-04-18,1160,1163,1144,1159,1899100,1159
2012-04-19,1156,1156,1140,1144,2116700,1144
2012-04-20,1145,1145,1135,1144,1366100,1144
2012-04-23,1148,1154,1142,1148,1342500,1148
2012-04-24,1140,1151,1135,1145,1217800,1145
2012-04-25,1160,1160,1141,1147,1405300,1147
2012-04-26,1153,1157,1142,1149,1321300,1149
2012-04-27,1150,1173,1135,1144,2125800,1144
2012-05-01,1148,1149,1127,1129,1906100,1129
2012-05-02,1131,1141,1131,1136,1185900,1136
2012-05-07,1106,1112,1102,1106,1260400,1106
2012-05-08,1110,1122,1100,1111,1498100,1111
2012-05-09,1104,1105,1091,1092,2093200,1092
2012-05-10,1092,1106,1091,1100,1355900,1100
2012-05-11,1106,1110,1088,1097,1979000,1097
2012-05-14,1098,1100,1077,1084,996900,1084
2012-05-15,1071,1079,1063,1075,1317200,1075
2012-05-16,1070,1073,1058,1064,1576500,1064
2012-05-17,1063,1081,1048,1079,1912400,1079
2012-05-18,1056,1062,1043,1045,1636000,1045
2012-05-21,1045,1048,1035,1037,1243000,1037
2012-05-22,1043,1052,1040,1048,1198500,1048
2012-05-23,1052,1056,1033,1034,1576100,1034
2012-05-24,1031,1038,1020,1028,1455800,1028
2012-05-25,1030,1034,1005,1010,1837500,1010
2012-05-28,1011,1018,1006,1015,1284100,1015
2012-05-29,1012,1024,1006,1023,1209900,1023
2012-05-30,1009,1016,1001,1011,1392600,1011
2012-05-31,998,1001,988,998,1703300,998
2012-06-01,988,994,982,984,1545300,984
2012-06-04,965,978,963,978,1688400,978
2012-06-05,986,1001,983,1000,1637700,1000
2012-06-06,1001,1020,999,1016,1564300,1016
2012-06-07,1021,1023,1009,1020,1006400,1020
2012-06-08,1016,1016,993,998,3466800,998
2012-06-11,1017,1026,1013,1019,1165500,1019
2012-06-12,1004,1016,999,1007,994600,1007
2012-06-13,1011,1018,1004,1004,1155800,1004
2012-06-14,997,1007,996,1003,1089000,1003
2012-06-15,1008,1017,1003,1009,1155200,1009
2012-06-18,1025,1037,1024,1030,1214900,1030
2012-06-19,1037,1037,1019,1020,1211200,1020
2012-06-20,1026,1035,1022,1029,1282100,1029
2012-06-21,1040,1053,1036,1045,1082200,1045
2012-06-22,1028,1046,1021,1038,1405800,1038
2012-06-25,1057,1060,1037,1037,1128700,1037
2012-06-26,1020,1028,1011,1026,1567500,1026
2012-06-27,1031,1044,1021,1044,1210500,1044
2012-06-28,1043,1044,1021,1024,2513400,1024
2012-06-29,1017,1033,1009,1027,3298000,1027
2012-07-02,1038,1038,1018,1022,2309300,1022
2012-07-03,1021,1032,1021,1027,1357700,1027
2012-07-04,1028,1031,1008,1011,2803700,1011
2012-07-05,1012,1027,1012,1026,1312800,1026
2012-07-06,1021,1027,1014,1021,1211500,1021
2012-07-09,1006,1010,986,991,2693700,991
2012-07-10,991,999,984,986,1717400,986
2012-07-11,985,985,959,963,2683200,963
2012-07-12,960,962,928,936,3866600,936
2012-07-13,942,952,939,944,3223400,944
2012-07-17,941,948,934,936,1382500,936
2012-07-18,942,949,930,931,1884300,931
2012-07-19,937,946,935,937,1636900,937
2012-07-20,939,942,930,932,1214200,932
2012-07-23,928,929,902,909,1725800,909
2012-07-24,904,912,900,906,1680900,906
2012-07-25,910,923,904,910,2979600,910
2012-07-26,912,921,905,914,2450400,914
2012-07-27,928,935,925,930,1097600,930
2012-07-30,940,946,937,943,1759800,943
2012-07-31,942,943,919,922,2672700,922
2012-08-01,911,912,891,905,1973900,905
2012-08-02,904,908,888,890,2690400,890
2012-08-03,882,884,872,881,1340100,881
2012-08-06,893,899,888,893,1290600,893
2012-08-07,894,904,885,903,1415800,903
2012-08-08,910,925,910,918,1820700,918
2012-08-09,919,932,912,930,1707700,930
2012-08-10,922,934,912,918,1344100,918
2012-08-13,918,921,912,916,1052700,916
2012-08-14,919,920,890,894,2567900,894
2012-08-15,895,897,875,890,2281600,890
2012-08-16,895,917,892,914,1439500,914
2012-08-17,924,937,923,932,2406200,932
2012-08-20,939,941,928,931,1074900,931
2012-08-21,930,931,921,927,850000,927
2012-08-22,929,929,915,924,1052500,924
2012-08-23,920,922,908,920,1491800,920
2012-08-24,909,918,907,911,1224600,911
2012-08-27,914,919,906,915,1197000,915
2012-08-28,920,921,903,910,2098500,910
2012-08-29,914,927,911,916,1388600,916
2012-08-30,920,923,906,910,1049600,910
2012-08-31,907,909,898,903,1447500,903
2012-09-03,903,914,897,901,1727500,901
2012-09-04,901,912,900,908,1780000,908
2012-09-05,908,908,880,881,2233200,881
2012-09-06,888,890,876,880,1485600,880
2012-09-07,897,908,890,908,1678400,908
2012-09-10,895,902,892,898,1225400,898
2012-09-11,897,910,895,907,1474800,907
2012-09-12,908,917,902,916,1768100,916
2012-09-13,910,926,906,922,1880900,922
2012-09-14,924,942,924,930,3607600,930
2012-09-18,936,941,930,931,1374400,931
2012-09-19,937,944,924,933,1772600,933
2012-09-20,934,936,916,927,2430600,927
2012-09-21,933,938,922,932,1375700,932
2012-09-24,934,943,927,932,1651400,932
2012-09-25,921,936,911,934,1942600,934
2012-09-26,917,921,903,906,1954100,906
2012-09-27,905,905,886,895,2239600,895
2012-09-28,897,898,878,887,2195000,887
2012-10-01,890,892,859,866,2204700,866
2012-10-02,870,877,864,866,1448600,866
2012-10-03,859,859,839,851,1574200,851
2012-10-04,848,867,837,856,1534700,856
2012-10-05,860,871,858,868,1033600,868
2012-10-09,868,871,856,858,1493600,858
2012-10-10,854,860,850,855,1857800,855
2012-10-11,862,890,859,867,2886700,867
2012-10-12,883,883,860,864,3001900,864
2012-10-15,863,879,854,871,1840600,871
2012-10-16,879,903,877,901,1721900,901
2012-10-17,911,919,905,907,1581900,907
2012-10-18,913,923,907,920,1868700,920
2012-10-19,921,927,917,926,1934000,926
2012-10-22,911,929,909,924,1162900,924
2012-10-23,926,929,912,915,1584400,915
2012-10-24,902,914,900,902,1178100,902
2012-10-25,906,917,900,915,1215500,915
2012-10-26,924,928,904,907,1867100,907
2012-10-29,910,917,908,913,1274400,913
2012-10-30,918,927,910,911,2108200,911
2012-10-31,924,929,920,927,1207100,927
2012-11-01,927,954,916,942,2729900,942
2012-11-02,950,959,944,946,1956300,946
2012-11-05,937,948,936,947,1682500,947
2012-11-06,948,951,937,941,997100,941
2012-11-07,947,951,938,943,1845200,943
2012-11-08,935,938,928,935,1066200,935
2012-11-09,927,940,926,935,1466100,935
2012-11-12,935,937,922,923,904600,923
2012-11-13,923,925,914,920,1260000,920
2012-11-14,919,921,911,915,889300,915
2012-11-15,917,943,915,939,1656100,939
2012-11-16,938,964,937,963,2047200,963
2012-11-19,977,980,974,977,1499700,977
2012-11-20,981,982,974,978,1663600,978
2012-11-21,992,1013,990,1007,2836100,1007
2012-11-22,1018,1025,1014,1022,2011400,1022
2012-11-26,1030,1040,1016,1016,1545300,1016
2012-11-27,1013,1024,1004,1013,1504400,1013
2012-11-28,1005,1012,993,996,1221300,996
2012-11-29,1004,1016,1003,1013,1453700,1013
2012-11-30,1020,1021,1004,1015,2256500,1015
2012-12-03,1021,1028,1016,1017,1194700,1017
2012-12-04,1017,1022,1010,1018,1186000,1018
2012-12-05,1010,1024,1006,1018,1096800,1018
2012-12-06,1026,1032,1025,1027,1371000,1027
2012-12-07,1026,1030,1018,1019,1125200,1019
2012-12-10,1034,1042,1029,1039,1815400,1039
2012-12-11,1034,1044,1034,1040,1297800,1040
2012-12-12,1046,1047,1027,1030,1879900,1030
2012-12-13,1035,1041,1030,1040,1895800,1040
2012-12-14,1030,1043,1029,1038,4181400,1038
2012-12-17,1044,1050,1021,1025,2355700,1025
2012-12-18,1026,1045,1026,1032,1660400,1032
2012-12-19,1063,1100,1063,1094,3541800,1094
2012-12-20,1095,1124,1094,1095,2982900,1095
2012-12-21,1113,1114,1072,1074,2338200,1074
2012-12-25,1096,1100,1077,1082,1140800,1082
2012-12-26,1091,1104,1086,1104,1032900,1104
2012-12-27,1113,1129,1108,1118,1235000,1118
2012-12-28,1129,1132,1121,1125,1301900,1125
2013-01-04,1160,1163,1142,1162,1351600,1162
2013-01-07,1166,1170,1148,1151,958600,1151
2013-01-08,1149,1163,1145,1147,1654200,1147
2013-01-09,1141,1156,1132,1147,1417100,1147
2013-01-10,1146,1165,1142,1149,1895100,1149
2013-01-11,1149,1157,1144,1145,2433400,1145
2013-01-15,1154,1158,1143,1145,1349900,1145
2013-01-16,1138,1144,1115,1117,1832900,1117
2013-01-17,1122,1140,1101,1125,1879300,1125
2013-01-18,1146,1153,1136,1152,1591000,1152
2013-01-21,1155,1156,1133,1135,1428100,1135
2013-01-22,1137,1144,1117,1125,1863700,1125
2013-01-23,1116,1116,1091,1093,1991600,1093
2013-01-24,1086,1112,1084,1106,1245500,1106
2013-01-25,1127,1144,1122,1143,1461400,1143
2013-01-28,1149,1158,1140,1150,1780800,1150
2013-01-29,1141,1157,1138,1147,1257400,1147
2013-01-30,1147,1169,1147,1169,1473400,1169
2013-01-31,1161,1175,1151,1174,1563400,1174
2013-02-01,1176,1197,1174,1188,1474900,1188
2013-02-04,1192,1193,1178,1178,1141800,1178
2013-02-05,1173,1178,1133,1140,2396200,1140
2013-02-06,1172,1194,1165,1190,1607600,1190
2013-02-07,1181,1193,1172,1185,1370300,1185
2013-02-08,1160,1177,1158,1169,2199400,1169
2013-02-12,1193,1215,1190,1201,1887200,1201
2013-02-13,1195,1206,1173,1177,1161300,1177
2013-02-14,1178,1187,1171,1175,1601600,1175
2013-02-15,1169,1174,1147,1161,1515700,1161
2013-02-18,1174,1193,1159,1187,1767900,1187
2013-02-19,1178,1203,1178,1192,981800,1192
2013-02-20,1215,1233,1212,1233,1794200,1233
2013-02-21,1229,1230,1210,1217,1441100,1217
2013-02-22,1217,1235,1206,1227,1437000,1227
2013-02-25,1248,1292,1246,1272,2484600,1272
2013-02-26,1228,1235,1215,1222,2282500,1222
2013-02-27,1228,1249,1221,1231,1733600,1231
2013-02-28,1249,1260,1236,1260,2228300,1260
2013-03-01,1238,1263,1234,1254,1291800,1254
2013-03-04,1268,1273,1259,1270,1437700,1270
2013-03-05,1280,1281,1262,1267,1260700,1267
2013-03-06,1285,1290,1275,1286,1050700,1286
2013-03-07,1295,1309,1287,1296,1197300,1296
2013-03-08,1297,1310,1284,1305,5149300,1305
2013-03-11,1318,1318,1299,1301,1596200,1301
2013-03-12,1309,1323,1304,1310,1192100,1310
2013-03-13,1301,1312,1296,1303,1340000,1303
2013-03-14,1310,1335,1305,1335,1586700,1335
2013-03-15,1335,1355,1326,1347,1837600,1347
2013-03-18,1347,1347,1324,1333,1206700,1333
2013-03-19,1361,1380,1351,1374,1417900,1374
2013-03-21,1370,1408,1370,1403,1549600,1403
2013-03-22,1373,1382,1358,1360,2107900,1360
2013-03-25,1387,1390,1364,1377,1884800,1377
2013-03-26,1360,1383,1358,1374,1345300,1374
2013-03-27,1375,1391,1371,1374,1129100,1374
2013-03-28,1360,1361,1306,1321,2443000,1321
2013-03-29,1347,1405,1346,1403,2401600,1403
2013-04-01,1360,1380,1338,1338,2097800,1338
2013-04-02,1367,1376,1316,1352,2531100,1352
2013-04-03,1358,1370,1328,1368,2022700,1368
2013-04-04,1340,1385,1325,1385,2211700,1385
2013-04-05,1451,1498,1413,1416,3340400,1416
2013-04-08,1486,1500,1454,1462,3025500,1462
2013-04-09,1483,1485,1420,1434,2467100,1434
2013-04-10,1427,1449,1388,1404,4528000,1404
2013-04-11,1420,1436,1400,1434,2581200,1434
2013-04-12,1450,1450,1416,1429,2292700,1429
2013-04-15,1429,1433,1410,1423,1581500,1423
2013-04-16,1386,1400,1366,1384,2527200,1384
2013-04-17,1396,1408,1393,1401,2361000,1401
2013-04-18,1371,1395,1361,1371,2686300,1371
2013-04-19,1373,1382,1360,1376,1349900,1376
2013-04-22,1384,1404,1384,1399,1934700,1399
2013-04-23,1400,1407,1388,1397,2350000,1397
2013-04-24,1413,1444,1408,1438,2822500,1438
2013-04-25,1468,1528,1461,1505,4611000,1505
2013-04-26,1502,1504,1469,1472,2809600,1472
2013-04-30,1482,1496,1473,1479,1503600,1479
2013-05-01,1470,1479,1452,1461,1630500,1461
2013-05-02,1452,1470,1426,1436,1952600,1436
2013-05-07,1488,1509,1472,1489,2555500,1489
2013-05-08,1490,1501,1453,1454,2528700,1454
2013-05-09,1469,1477,1441,1442,1641600,1442
2013-05-10,1473,1514,1471,1504,2974400,1504
2013-05-13,1509,1522,1494,1501,1457800,1501
2013-05-14,1504,1518,1495,1496,1640600,1496
2013-05-15,1526,1558,1508,1553,2631500,1553
2013-05-16,1565,1623,1564,1609,3884300,1609
2013-05-17,1645,1645,1583,1604,1990700,1604
2013-05-20,1616,1627,1599,1610,1911100,1610
2013-05-21,1614,1642,1606,1639,2378900,1639
2013-05-22,1645,1667,1640,1640,1664400,1640
2013-05-23,1648,1660,1510,1512,2666000,1512
2013-05-24,1530,1600,1484,1545,2988600,1545
2013-05-27,1545,1570,1512,1521,2260700,1521
2013-05-28,1492,1529,1473,1509,1515600,1509
2013-05-29,1584,1594,1530,1550,2328500,1550
2013-05-30,1510,1520,1455,1468,3145500,1468
2013-05-31,1470,1483,1451,1460,2812600,1460
2013-06-03,1418,1457,1404,1414,2507900,1414
2013-06-04,1400,1449,1376,1443,2842800,1443
2013-06-05,1413,1468,1393,1394,2696600,1394
2013-06-06,1374,1421,1365,1387,2460100,1387
2013-06-07,1351,1370,1318,1345,2737900,1345
2013-06-10,1375,1426,1359,1425,2627200,1425
2013-06-11,1426,1426,1391,1403,3278000,1403
2013-06-12,1370,1389,1353,1385,1923500,1385
2013-06-13,1343,1360,1306,1309,2008000,1309
2013-06-14,1338,1372,1332,1334,3409900,1334
2013-06-17,1320,1375,1319,1374,1834400,1374
2013-06-18,1375,1389,1343,1351,1541100,1351
2013-06-19,1377,1387,1361,1378,1094900,1378
2013-06-20,1354,1365,1335,1339,1934800,1339
2013-06-21,1306,1371,1301,1360,2024800,1360
2013-06-24,1385,1390,1351,1355,1193700,1355
2013-06-25,1369,1392,1326,1346,1937600,1346
2013-06-26,1356,1378,1331,1340,1630000,1340
2013-06-27,1340,1357,1330,1351,1406300,1351
2013-06-28,1360,1394,1360,1392,2214300,1392
2013-07-01,1400,1417,1387,1417,1202500,1417
2013-07-02,1433,1437,1397,1418,2388700,1418
2013-07-03,1419,1420,1398,1409,1623400,1409
2013-07-04,1408,1419,1401,1411,848300,1411
2013-07-05,1420,1444,1419,1443,1366000,1443
2013-07-08,1460,1476,1415,1415,1255900,1415
2013-07-09,1425,1427,1407,1426,1858400,1426
2013-07-10,1414,1422,1392,1412,2850300,1412
2013-07-11,1388,1402,1368,1382,2466500,1382
2013-07-12,1401,1419,1393,1413,2145900,1413
2013-07-16,1430,1459,1424,1433,1794300,1433
2013-07-17,1418,1433,1416,1425,1108000,1425
2013-07-18,1430,1446,1422,1443,1707700,1443
2013-07-19,1446,1455,1395,1403,2352700,1403
2013-07-22,1431,1431,1398,1407,1455700,1407
2013-07-23,1423,1445,1417,1431,2051800,1431
2013-07-24,1413,1424,1402,1411,1213900,1411
2013-07-25,1426,1428,1400,1403,1128800,1403
2013-07-26,1398,1403,1369,1374,2156400,1374
2013-07-29,1347,1357,1321,1323,2246700,1323
2013-07-30,1332,1359,1322,1354,1294300,1354
2013-07-31,1338,1347,1323,1339,1981100,1339
2013-08-01,1309,1310,1226,1242,6062000,1242
2013-08-02,1248,1257,1223,1256,6645900,1256
2013-08-05,1258,1300,1251,1265,3758200,1265
2013-08-06,1274,1304,1266,1303,2876800,1303
2013-08-07,1282,1297,1271,1275,2285800,1275
2013-08-08,1271,1296,1250,1257,3056700,1257
2013-08-09,1253,1265,1246,1252,2233400,1252
2013-08-12,1235,1248,1217,1239,2110500,1239
2013-08-13,1240,1249,1231,1248,3027700,1248
2013-08-14,1240,1244,1206,1220,4195300,1220
2013-08-15,1184,1184,1138,1144,7564800,1144
2013-08-16,1130,1146,1123,1137,3063700,1137
2013-08-19,1144,1156,1134,1154,1965800,1154
2013-08-20,1140,1144,1115,1115,3484000,1115
2013-08-21,1114,1121,1100,1111,3338500,1111
2013-08-22,1118,1132,1114,1127,2233800,1127
2013-08-23,1137,1148,1131,1144,2873900,1144
2013-08-26,1149,1153,1134,1139,2118300,1139
2013-08-27,1135,1140,1126,1127,1412000,1127
2013-08-28,1098,1106,1083,1096,3947700,1096
2013-08-29,1097,1115,1097,1111,2111600,1111
2013-08-30,1114,1121,1087,1091,2407500,1091
2013-09-02,1092,1101,1081,1088,2646100,1088
2013-09-03,1110,1127,1110,1123,2329900,1123
2013-09-04,1118,1137,1112,1131,1812500,1131
2013-09-05,1150,1153,1135,1144,2042300,1144
2013-09-06,1155,1158,1138,1145,2227100,1145
2013-09-09,1178,1178,1158,1165,1942600,1165
2013-09-10,1178,1184,1169,1173,1759100,1173
2013-09-11,1180,1183,1171,1174,1964200,1174
2013-09-12,1171,1171,1156,1160,3151700,1160
2013-09-13,1161,1172,1152,1163,3801300,1163
2013-09-17,1182,1184,1169,1177,1783500,1177
2013-09-18,1190,1199,1181,1183,1966400,1183
2013-09-19,1199,1212,1193,1212,2007300,1212
2013-09-20,1214,1216,1200,1206,1954000,1206
2013-09-24,1207,1215,1201,1207,1402400,1207
2013-09-25,1216,1216,1202,1208,1968900,1208
2013-09-26,1190,1190,1141,1184,3784100,1184
2013-09-27,1180,1180,1162,1164,2864900,1164
2013-09-30,1148,1186,1128,1175,3094700,1175
2013-10-01,1165,1169,1152,1156,2507200,1156
2013-10-02,1155,1155,1111,1116,3717500,1116
2013-10-03,1116,1123,1104,1111,2542300,1111
2013-10-04,1103,1114,1096,1100,1782800,1100
2013-10-07,1101,1104,1078,1080,1786200,1080
2013-10-08,1075,1082,1069,1079,1961800,1079
2013-10-09,1075,1097,1063,1096,2278700,1096
2013-10-10,1101,1108,1085,1106,2716100,1106
2013-10-11,1130,1139,1119,1127,4143100,1127
2013-10-15,1132,1135,1111,1116,2524500,1116
2013-10-16,1126,1132,1118,1124,1498800,1124
2013-10-17,1128,1132,1120,1131,1618200,1131
2013-10-18,1129,1140,1122,1130,1269000,1130
2013-10-21,1139,1147,1129,1138,1231800,1138
2013-10-22,1138,1149,1133,1145,972000,1145
2013-10-23,1158,1161,1135,1137,2017900,1137
2013-10-24,1130,1160,1126,1158,2453800,1158
2013-10-25,1165,1166,1141,1141,2534400,1141
2013-10-28,1151,1161,1147,1158,1347900,1158
2013-10-29,1143,1217,1141,1168,5419000,1168
2013-10-30,1154,1172,1153,1168,3672600,1168
2013-10-31,1163,1164,1149,1150,1981700,1150
2013-11-01,1154,1159,1135,1143,1349900,1143
2013-11-05,1151,1151,1118,1124,1834700,1124
2013-11-06,1126,1168,1126,1160,1945500,1160
2013-11-07,1165,1171,1148,1158,1495400,1158
2013-11-08,1137,1153,1137,1146,1510700,1146
2013-11-11,1166,1180,1160,1178,1818700,1178
2013-11-12,1182,1200,1180,1197,2120700,1197
2013-11-13,1188,1199,1186,1198,1820600,1198
2013-11-14,1200,1230,1197,1222,3258600,1222
2013-11-15,1231,1238,1223,1232,2743800,1232
2013-11-18,1238,1240,1226,1230,1646100,1230
2013-11-19,1228,1244,1226,1239,1758900,1239
2013-11-20,1240,1248,1233,1233,2010300,1233
2013-11-21,1238,1249,1231,1238,1993800,1238
2013-11-22,1252,1317,1250,1278,5199300,1278
2013-11-25,1288,1300,1284,1291,2716500,1291
2013-11-26,1277,1290,1276,1281,2268700,1281
2013-11-27,1276,1288,1260,1265,2130700,1265
2013-11-28,1252,1267,1244,1267,2663800,1267
2013-11-29,1257,1274,1255,1273,2165700,1273
2013-12-02,1279,1287,1268,1272,1353000,1272
2013-12-03,1268,1276,1252,1257,2890100,1257
2013-12-04,1237,1249,1226,1238,2104500,1238
2013-12-05,1230,1235,1212,1216,2014000,1216
2013-12-06,1202,1231,1201,1228,1617200,1228
2013-12-09,1250,1256,1242,1249,1402100,1249
2013-12-10,1262,1264,1244,1251,1410200,1251
2013-12-11,1245,1253,1225,1241,1392400,1241
2013-12-12,1217,1220,1184,1194,4199600,1194
2013-12-13,1194,1206,1182,1197,5041400,1197
2013-12-16,1197,1205,1167,1177,2939500,1177
2013-12-17,1183,1188,1166,1169,2971700,1169
2013-12-18,1173,1187,1167,1181,4400200,1181
2013-12-19,1211,1224,1209,1217,4545600,1217
2013-12-20,1205,1232,1200,1228,3657100,1228
2013-12-24,1230,1238,1220,1230,2533500,1230
2013-12-25,1230,1245,1221,1245,2912100,1245
2013-12-26,1249,1257,1238,1242,1523300,1242
2013-12-27,1244,1247,1227,1241,1540000,1241
2013-12-30,1249,1254,1235,1253,3307300,1253
2014-01-06,1242,1248,1225,1232,3282300,1232
2014-01-07,1226,1231,1211,1217,2099700,1217
2014-01-08,1222,1228,1213,1226,1977700,1226
2014-01-09,1222,1227,1215,1223,1950300,1223
2014-01-10,1224,1225,1206,1214,3884700,1214
2014-01-14,1199,1204,1190,1192,2958500,1192
2014-01-15,1215,1221,1208,1221,2218400,1221
2014-01-16,1227,1242,1219,1230,2423400,1230
2014-01-17,1222,1243,1221,1239,1885200,1239
2014-01-20,1246,1252,1235,1244,1698900,1244
2014-01-21,1243,1247,1237,1238,1466100,1238
2014-01-22,1238,1243,1227,1240,1509900,1240
2014-01-23,1249,1254,1225,1226,1893200,1226
2014-01-24,1213,1219,1204,1213,2521400,1213
2014-01-27,1167,1179,1166,1169,3218400,1169
2014-01-28,1166,1172,1160,1162,2370600,1162
2014-01-29,1174,1202,1174,1202,1720500,1202
2014-01-30,1170,1177,1161,1168,2690900,1168
2014-01-31,1178,1188,1155,1162,2154000,1162
2014-02-03,1151,1159,1140,1149,1800500,1149
2014-02-04,1122,1128,1101,1109,2791200,1109
2014-02-05,1123,1148,1070,1090,5023900,1090
2014-02-06,1080,1083,1052,1068,3596000,1068
2014-02-07,1085,1093,1075,1086,2807400,1086
2014-02-10,1116,1120,1085,1105,3475100,1105
2014-02-12,1105,1118,1099,1118,2775500,1118
2014-02-13,1124,1124,1094,1098,2573900,1098
2014-02-14,1108,1118,1089,1110,3267900,1110
2014-02-17,1097,1104,1088,1102,1458800,1102
2014-02-18,1107,1135,1107,1131,1484300,1131
2014-02-19,1130,1149,1126,1149,1756700,1149
2014-02-20,1148,1148,1116,1121,1648000,1121
2014-02-21,1127,1150,1127,1149,1389800,1149
2014-02-24,1146,1159,1130,1146,1340400,1146
2014-02-25,1150,1157,1141,1155,1459400,1155
2014-02-26,1140,1158,1139,1149,1546500,1149
2014-02-27,1145,1151,1135,1144,914600,1144
2014-02-28,1142,1145,1130,1138,1496700,1138
2014-03-03,1128,1128,1110,1125,1465800,1125
2014-03-04,1116,1134,1113,1129,1173700,1129
2014-03-05,1133,1145,1131,1132,1203300,1132
2014-03-06,1136,1149,1131,1146,1074300,1146
2014-03-07,1155,1168,1149,1166,1701200,1166
2014-03-10,1168,1171,1155,1165,1173800,1165
2014-03-11,1168,1176,1158,1170,1386100,1170
2014-03-12,1154,1155,1139,1140,1899700,1140
2014-03-13,1134,1140,1126,1129,1532300,1129
2014-03-14,1100,1107,1096,1099,4066300,1099
2014-03-17,1099,1112,1097,1107,1752400,1107
2014-03-18,1108,1116,1100,1107,1529900,1107
2014-03-19,1112,1126,1102,1111,1765100,1111
2014-03-20,1121,1122,1096,1096,1708800,1096
2014-03-24,1103,1126,1101,1110,2354800,1110
2014-03-25,1111,1152,1110,1144,2319700,1144
2014-03-26,1150,1153,1136,1143,2152600,1143
2014-03-27,1100,1157,1099,1154,2694800,1154
2014-03-28,1147,1163,1146,1156,1497600,1156
2014-03-31,1165,1182,1162,1180,1999900,1180
2014-04-01,1185,1185,1167,1180,2023100,1180
2014-04-02,1185,1192,1177,1180,2129200,1180
2014-04-03,1176,1184,1172,1175,1344500,1175
2014-04-04,1176,1189,1175,1187,1165800,1187
2014-04-07,1172,1187,1171,1179,1152800,1179
2014-04-08,1179,1189,1174,1177,1575200,1177
2014-04-09,1170,1173,1136,1141,2311400,1141
2014-04-10,1143,1149,1121,1125,2333100,1125
2014-04-11,1091,1116,1088,1108,3635100,1108
2014-04-14,1098,1109,1090,1097,2625300,1097
2014-04-15,1109,1112,1096,1099,2034300,1099
2014-04-16,1114,1134,1110,1132,1527300,1132
2014-04-17,1135,1158,1135,1153,1854200,1153
2014-04-18,1158,1173,1156,1164,1358800,1164
2014-04-21,1164,1168,1153,1159,644800,1159
2014-04-22,1165,1169,1155,1155,947300,1155
2014-04-23,1163,1173,1148,1153,1349400,1153
2014-04-24,1166,1175,1151,1153,1405900,1153
2014-04-25,1157,1197,1136,1148,3218300,1148
2014-04-28,1136,1164,1136,1160,1769800,1160
2014-04-30,1164,1171,1144,1147,1824500,1147
2014-05-01,1146,1159,1137,1152,1138800,1152
2014-05-02,1148,1163,1148,1162,1048400,1162
2014-05-07,1146,1151,1119,1119,1847300,1119
2014-05-08,1133,1144,1130,1138,1336100,1138
2014-05-09,1130,1145,1130,1138,1637100,1138
2014-05-12,1132,1141,1126,1138,867600,1138
2014-05-13,1162,1182,1156,1177,2080000,1177
2014-05-14,1179,1190,1176,1187,1472800,1187
2014-05-15,1187,1190,1174,1189,1197200,1189
2014-05-16,1170,1186,1168,1184,1627700,1184
2014-05-19,1179,1181,1172,1177,784900,1177
2014-05-20,1175,1180,1154,1180,1298000,1180
2014-05-21,1172,1184,1170,1184,995400,1184
2014-05-22,1193,1216,1190,1215,2363600,1215
2014-05-23,1217,1234,1216,1225,1994800,1225
2014-05-26,1235,1238,1225,1235,3164000,1235
2014-05-27,1236,1248,1235,1243,2294100,1243
2014-05-28,1244,1244,1234,1237,1476400,1237
2014-05-29,1230,1232,1212,1224,1679300,1224
2014-05-30,1219,1225,1209,1221,1779800,1221
2014-06-02,1221,1238,1219,1234,1556700,1234
2014-06-03,1243,1247,1234,1235,1409400,1235
2014-06-04,1240,1240,1226,1233,1253600,1233
2014-06-05,1233,1237,1229,1236,1397100,1236
2014-06-06,1242,1244,1231,1237,2058800,1237
2014-06-09,1247,1253,1239,1244,1133600,1244
2014-06-10,1252,1252,1238,1241,1550200,1241
2014-06-11,1250,1255,1246,1253,1346700,1253
2014-06-12,1248,1264,1242,1263,1906400,1263
2014-06-13,1263,1267,1245,1267,2502300,1267
2014-06-16,1260,1262,1251,1258,873800,1258
2014-06-17,1269,1270,1262,1268,1170700,1268
2014-06-18,1270,1280,1268,1280,1094800,1280
2014-06-19,1278,1295,1271,1295,1724400,1295
2014-06-20,1294,1300,1290,1300,1668000,1300
2014-06-23,1300,1307,1298,1306,1616300,1306
2014-06-24,1308,1309,1294,1306,1009000,1306
2014-06-25,1309,1309,1289,1290,1307200,1290
2014-06-26,1295,1296,1269,1274,1780800,1274
2014-06-27,1279,1282,1259,1267,1471500,1267
2014-06-30,1267,1284,1263,1284,1296300,1284
2014-07-01,1302,1337,1297,1328,3004500,1328
2014-07-02,1334,1345,1324,1325,1815100,1325
2014-07-03,1334,1335,1317,1326,922700,1326
2014-07-04,1334,1335,1325,1327,673800,1327
2014-07-07,1330,1334,1324,1326,736200,1326
2014-07-08,1312,1329,1301,1324,918800,1324
2014-07-09,1304,1328,1304,1325,755900,1325
2014-07-10,1332,1332,1310,1311,1049400,1311
2014-07-11,1298,1307,1293,1301,1394900,1301
2014-07-14,1311,1319,1301,1316,1068200,1316
2014-07-15,1325,1339,1325,1332,944000,1332
2014-07-16,1338,1339,1332,1332,644000,1332
2014-07-17,1328,1330,1321,1325,534900,1325
2014-07-18,1307,1320,1304,1315,736700,1315
2014-07-22,1328,1349,1328,1341,1444400,1341
2014-07-23,1345,1349,1334,1344,740300,1344
2014-07-24,1348,1349,1333,1340,1017600,1340
2014-07-25,1342,1345,1331,1345,807300,1345
2014-07-28,1348,1355,1344,1353,972600,1353
2014-07-29,1355,1366,1353,1363,1250400,1363
2014-07-30,1364,1370,1360,1369,917400,1369
2014-07-31,1370,1375,1362,1365,1161800,1365
2014-08-01,1360,1370,1355,1363,1326100,1363
2014-08-04,1350,1362,1350,1356,1419900,1356
2014-08-05,1365,1365,1353,1359,1845700,1359
2014-08-06,1361,1400,1322,1325,4102700,1325
2014-08-07,1260,1300,1260,1297,2714400,1297
2014-08-08,1284,1304,1269,1274,2253800,1274
2014-08-11,1301,1306,1284,1303,1105700,1303
2014-08-12,1303,1314,1300,1304,826900,1304
2014-08-13,1303,1319,1300,1316,881900,1316
2014-08-14,1326,1327,1314,1322,997300,1322
2014-08-15,1313,1316,1302,1306,1367000,1306
2014-08-18,1309,1322,1305,1316,990500,1316
2014-08-19,1335,1338,1325,1335,1115100,1335
2014-08-20,1345,1349,1330,1334,1063900,1334
2014-08-21,1347,1357,1342,1354,1140200,1354
2014-08-22,1359,1362,1330,1336,1709400,1336
2014-08-25,1336,1346,1331,1341,1006400,1341
2014-08-26,1335,1337,1324,1325,1288900,1325
2014-08-27,1318,1322,1302,1319,1602000,1319
2014-08-28,1301,1306,1260,1290,2578400,1290
2014-08-29,1288,1297,1273,1294,1581200,1294
2014-09-01,1298,1315,1296,1310,849700,1310
2014-09-02,1317,1333,1316,1331,1408600,1331
2014-09-03,1330,1331,1316,1321,1682100,1321
2014-09-04,1317,1322,1312,1315,1625900,1315
2014-09-05,1316,1323,1295,1298,1912400,1298
2014-09-08,1304,1306,1294,1300,907600,1300
2014-09-09,1307,1309,1295,1296,984900,1296
2014-09-10,1291,1292,1277,1290,1885000,1290
2014-09-11,1298,1308,1285,1308,2345700,1308
2014-09-12,1302,1308,1296,1300,2807400,1300
2014-09-16,1296,1299,1286,1289,1209500,1289
2014-09-17,1297,1299,1287,1288,1110200,1288
2014-09-18,1303,1315,1300,1311,1671300,1311
2014-09-19,1319,1336,1316,1332,1663500,1332
2014-09-22,1339,1340,1326,1334,1744600,1334
2014-09-24,1330,1338,1308,1313,2460500,1313
2014-09-25,1320,1329,1303,1329,2098100,1329
2014-09-26,1315,1327,1308,1310,2414000,1310
2014-09-29,1319,1323,1305,1312,1589100,1312
2014-09-30,1308,1308,1282,1286,2375900,1286
2014-10-01,1288,1300,1282,1283,1737900,1283
2014-10-02,1264,1280,1262,1265,2227700,1265
2014-10-03,1263,1281,1262,1278,1755200,1278
2014-10-06,1294,1317,1294,1312,1964800,1312
2014-10-07,1309,1316,1298,1301,1213800,1301
2014-10-08,1290,1305,1286,1298,1305700,1298
2014-10-09,1301,1303,1278,1280,1644300,1280
2014-10-10,1254,1265,1247,1253,2352400,1253
2014-10-14,1227,1242,1225,1229,2466900,1229
2014-10-15,1231,1246,1226,1245,1585100,1245
2014-10-16,1218,1234,1216,1223,2208200,1223
2014-10-17,1223,1226,1195,1197,2121500,1197
2014-10-20,1219,1234,1213,1234,2445200,1234
2014-10-21,1235,1240,1216,1219,1703800,1219
2014-10-22,1233,1248,1221,1235,2622900,1235
2014-10-23,1226,1231,1220,1225,1767200,1225
2014-10-24,1233,1238,1221,1231,1769200,1231
2014-10-27,1234,1251,1224,1247,1509800,1247
2014-10-28,1244,1252,1235,1251,1290900,1251
2014-10-29,1259,1282,1246,1254,2904200,1254
2014-10-30,1224,1243,1216,1233,3602300,1233
2014-10-31,1248,1284,1237,1278,3209100,1278
2014-11-04,1336,1336,1303,1306,3128700,1306
2014-11-05,1297,1319,1294,1318,2463000,1318
2014-11-06,1314,1325,1303,1310,2186000,1310
2014-11-07,1325,1326,1313,1317,1237800,1317
2014-11-10,1309,1318,1305,1317,1167600,1317
2014-11-11,1320,1338,1318,1330,1839700,1330
2014-11-12,1339,1355,1332,1339,2635300,1339
2014-11-13,1339,1364,1334,1359,1830400,1359
2014-11-14,1360,1369,1353,1369,3272100,1369
2014-11-17,1369,1371,1335,1341,1926300,1341
2014-11-18,1363,1374,1356,1372,1752500,1372
2014-11-19,1364,1377,1355,1355,1805400,1355
2014-11-20,1372,1385,1369,1379,1326100,1379
2014-11-21,1378,1399,1371,1396,1969100,1396
2014-11-25,1410,1419,1404,1417,1792600,1417
2014-11-26,1410,1423,1408,1412,1585800,1412
2014-11-27,1399,1401,1382,1391,1761300,1391
2014-11-28,1399,1447,1395,1445,2871300,1445
2014-12-01,1443,1474,1442,1472,2063800,1472
2014-12-02,1452,1488,1451,1483,1894500,1483
2014-12-03,1500,1507,1493,1494,2059300,1494
2014-12-04,1510,1529,1499,1505,1854100,1505
2014-12-05,1500,1509,1486,1501,1751600,1501
2014-12-08,1501,1503,1491,1503,1297100,1503
2014-12-09,1490,1505,1488,1504,1256300,1504
2014-12-10,1497,1497,1460,1464,1550000,1464
2014-12-11,1433,1462,1430,1448,1457700,1448
2014-12-12,1438,1457,1436,1436,3428100,1436
2014-12-15,1410,1420,1401,1402,1636700,1402
2014-12-16,1378,1393,1373,1385,2285300,1385
2014-12-17,1379,1405,1375,1397,3099500,1397
2014-12-18,1430,1439,1416,1421,3041600,1421
2014-12-19,1461,1461,1425,1438,2649300,1438
2014-12-22,1438,1460,1437,1456,1466000,1456
2014-12-24,1480,1502,1411,1425,5241800,1425
2014-12-25,1429,1436,1409,1413,1722300,1413
2014-12-26,1390,1399,1358,1377,2269900,1377
2014-12-29,1398,1400,1371,1389,1470200,1389
2014-12-30,1394,1396,1374,1378,1596100,1378
2015-01-05,1374,1391,1359,1375,1268100,1375
2015-01-06,1350,1355,1329,1335,2150500,1335
2015-01-07,1320,1353,1320,1348,1618400,1348
2015-01-08,1363,1386,1357,1361,1679000,1361
2015-01-09,1369,1371,1350,1363,1640700,1363
2015-01-13,1351,1359,1336,1359,1262000,1359
2015-01-14,1345,1368,1331,1335,1524400,1335
2015-01-15,1345,1382,1341,1377,2010000,1377
2015-01-16,1352,1381,1342,1361,2281100,1361
2015-01-19,1377,1387,1370,1385,1425800,1385
2015-01-20,1380,1398,1379,1398,1061800,1398
2015-01-21,1387,1393,1366,1377,1780700,1377
2015-01-22,1377,1381,1364,1377,1518800,1377
2015-01-23,1396,1410,1390,1409,1197700,1409
2015-01-26,1401,1424,1400,1422,1512600,1422
2015-01-27,1441,1445,1427,1439,1404100,1439
2015-01-28,1427,1464,1421,1460,1450800,1460
2015-01-29,1466,1511,1464,1486,3343800,1486
2015-01-30,1486,1498,1481,1488,1815200,1488
2015-02-02,1480,1497,1471,1490,1231900,1490
2015-02-03,1490,1493,1440,1446,2936100,1446
2015-02-04,1457,1497,1453,1488,2267900,1488
2015-02-05,1490,1493,1460,1463,1674800,1463
2015-02-06,1475,1498,1471,1497,1481600,1497
2015-02-09,1500,1524,1498,1523,1514800,1523
2015-02-10,1508,1529,1507,1514,1385800,1514
2015-02-12,1529,1535,1513,1520,2439000,1520
2015-02-13,1501,1519,1495,1514,2110100,1514
2015-02-16,1530,1549,1412,1428,4402500,1428
2015-02-17,1446,1447,1396,1405,4548600,1405
2015-02-18,1417,1453,1414,1448,3367500,1448
2015-02-19,1450,1468,1442,1465,2193700,1465
2015-02-20,1470,1472,1447,1452,1883700,1452
2015-02-23,1499,1513,1481,1511,3138800,1511
2015-02-24,1529,1532,1510,1530,3133700,1530
2015-02-25,1540,1585,1523,1584,4192300,1584
2015-02-26,1584,1617,1582,1614,2752100,1614
2015-02-27,1625,1645,1622,1645,2683400,1645
2015-03-02,1630,1636,1584,1588,3455600,1588
2015-03-03,1574,1578,1533,1561,3706300,1561
2015-03-04,1550,1564,1541,1553,2566300,1553
2015-03-05,1563,1570,1555,1568,1813500,1568
2015-03-06,1561,1574,1556,1567,1575700,1567
2015-03-09,1561,1580,1554,1567,1366200,1567
2015-03-10,1561,1578,1548,1551,1899000,1551
2015-03-11,1546,1549,1534,1535,1246500,1535
2015-03-12,1556,1566,1545,1555,1308300,1555
2015-03-13,1561,1577,1535,1560,3968300,1560
2015-03-16,1550,1559,1540,1546,1898000,1546
2015-03-17,1565,1573,1549,1553,1269300,1553
2015-03-18,1558,1565,1543,1560,1403900,1560
2015-03-19,1560,1564,1531,1542,2213300,1542
2015-03-20,1538,1558,1532,1555,1386500,1555
2015-03-23,1573,1591,1571,1585,1573100,1585
2015-03-24,1579,1586,1568,1578,1263300,1578
2015-03-25,1599,1647,1599,1622,3207400,1622
2015-03-26,1629,1632,1600,1615,1967200,1615
2015-03-27,1607,1641,1579,1601,1650500,1601
2015-03-30,1624,1640,1614,1628,1586300,1628
2015-03-31,1650,1653,1618,1627,1929400,1627
2015-04-01,1606,1624,1590,1590,2235900,1590
2015-04-02,1592,1645,1586,1637,2116000,1637
2015-04-03,1650,1652,1622,1649,1202800,1649
2015-04-06,1635,1646,1626,1641,911100,1641
2015-04-07,1650,1663,1644,1659,1421800,1659
2015-04-08,1665,1679,1657,1677,1772000,1677
2015-04-09,1680,1680,1663,1674,1045600,1674
2015-04-10,1670,1670,1655,1662,1825800,1662
2015-04-13,1665,1674,1652,1660,824700,1660
2015-04-14,1655,1678,1653,1677,1135200,1677
2015-04-15,1676,1683,1668,1673,1133700,1673
2015-04-16,1656,1672,1645,1669,1197800,1669
2015-04-17,1669,1669,1648,1652,1272200,1652
2015-04-20,1643,1651,1620,1635,1274500,1635
2015-04-21,1644,1661,1631,1660,1769300,1660
2015-04-22,1667,1681,1663,1680,1464100,1680
2015-04-23,1677,1688,1670,1677,1223700,1677
2015-04-24,1677,1683,1658,1660,1194300,1660
2015-04-27,1648,1674,1631,1652,1378100,1652
2015-04-28,1670,1677,1660,1662,1038200,1662
2015-04-30,1631,1649,1623,1626,1730600,1626
2015-05-01,1617,1622,1595,1606,1854800,1606
2015-05-07,1593,1610,1590,1592,1499300,1592
2015-05-08,1587,1620,1587,1608,1695800,1608
2015-05-11,1632,1636,1617,1628,1507100,1628
2015-05-12,1617,1622,1603,1620,1632300,1620
2015-05-13,1617,1665,1607,1625,2642300,1625
2015-05-14,1617,1638,1576,1582,3631200,1582
2015-05-15,1599,1623,1592,1598,1398000,1598
2015-05-18,1607,1636,1603,1634,1433600,1634
2015-05-19,1645,1667,1642,1657,2198800,1657
2015-05-20,1657,1670,1646,1664,1901900,1664
2015-05-21,1663,1667,1651,1655,1440400,1655
2015-05-22,1655,1663,1647,1654,908100,1654
2015-05-25,1657,1659,1641,1650,1133700,1650
2015-05-26,1655,1655,1624,1634,2161500,1634
2015-05-27,1645,1645,1625,1639,1471200,1639
2015-05-28,1638,1641,1628,1633,1239800,1633
2015-05-29,1625,1645,1621,1633,1670200,1633
2015-06-01,1631,1649,1625,1644,991600,1644
2015-06-02,1641,1649,1632,1640,1157200,1640
2015-06-03,1631,1634,1623,1627,1378200,1627
2015-06-04,1628,1631,1614,1619,1504200,1619
2015-06-05,1610,1612,1594,1610,1447000,1610
2015-06-08,1610,1613,1601,1611,1135600,1611
2015-06-09,1597,1598,1570,1571,2006400,1571
2015-06-10,1576,1593,1556,1565,2387500,1565
2015-06-11,1577,1583,1568,1579,1180300,1579
2015-06-12,1583,1584,1566,1574,2798300,1574
2015-06-15,1565,1582,1562,1570,1237600,1570
2015-06-16,1560,1565,1541,1545,2871800,1545
2015-06-17,1546,1552,1520,1525,2403000,1525
2015-06-18,1529,1532,1502,1503,2144500,1503
2015-06-19,1515,1520,1504,1505,3698200,1505
2015-06-22,1511,1530,1510,1527,1932700,1527
2015-06-23,1530,1555,1530,1555,1923200,1555
2015-06-24,1570,1580,1557,1557,2838000,1557
2015-06-25,1567,1577,1554,1558,2495300,1558
2015-06-26,1541,1542,1510,1512,2888600,1512
2015-06-29,1474,1498,1464,1481,1788800,1481
2015-06-30,1491,1504,1486,1497,3106100,1497
2015-07-01,1503,1507,1472,1472,2149100,1472
2015-07-02,1486,1488,1470,1473,2021900,1473
2015-07-03,1470,1478,1461,1471,1507800,1471
2015-07-06,1457,1460,1441,1444,1812700,1444
2015-07-07,1465,1476,1457,1463,1998000,1463
2015-07-08,1447,1456,1401,1401,2871800,1401
2015-07-09,1380,1415,1365,1415,3015500,1415
2015-07-10,1418,1429,1401,1417,2694100,1417
2015-07-13,1437,1459,1432,1448,2405500,1448
2015-07-14,1461,1465,1446,1458,1803700,1458
2015-07-15,1470,1481,1464,1478,1208500,1478
2015-07-16,1483,1485,1468,1477,1217300,1477
2015-07-17,1471,1486,1466,1486,995100,1486
2015-07-21,1490,1491,1465,1478,1145200,1478
2015-07-22,1470,1475,1446,1456,1380800,1456
2015-07-23,1459,1466,1440,1452,1435900,1452
2015-07-24,1447,1460,1432,1432,1719800,1432
2015-07-27,1424,1428,1413,1417,1322700,1417
2015-07-28,1411,1420,1396,1403,1749700,1403
2015-07-29,1408,1422,1404,1415,1038100,1415
2015-07-30,1418,1459,1418,1447,3265400,1447
2015-07-31,1447,1467,1441,1462,1830800,1462
2015-08-03,1468,1472,1438,1445,957800,1445
2015-08-04,1432,1437,1424,1434,1340300,1434
2015-08-05,1422,1473,1421,1468,1531600,1468
2015-08-06,1496,1574,1491,1540,5530900,1540
2015-08-07,1530,1560,1529,1554,1798100,1554
2015-08-10,1548,1548,1523,1538,1444500,1538
2015-08-11,1552,1568,1531,1558,1514200,1558
2015-08-12,1548,1568,1537,1548,1346500,1548
2015-08-13,1553,1563,1534,1559,1491200,1559
2015-08-14,1538,1558,1537,1551,1597100,1551
2015-08-17,1565,1572,1558,1572,1342400,1572
2015-08-18,1575,1578,1561,1569,1020000,1569
2015-08-19,1562,1570,1545,1545,1000400,1545
2015-08-20,1535,1548,1522,1530,1130800,1530
2015-08-21,1505,1526,1489,1489,1522600,1489
2015-08-24,1459,1482,1446,1453,3051400,1453
2015-08-25,1403,1447,1374,1379,3957900,1379
2015-08-26,1384,1417,1371,1412,2604100,1412
2015-08-27,1448,1456,1426,1430,2022700,1430
2015-08-28,1460,1494,1452,1484,2190400,1484
2015-08-31,1477,1481,1424,1435,2512500,1435
2015-09-01,1417,1429,1395,1395,1460600,1395
2015-09-02,1371,1399,1362,1367,1864900,1367
2015-09-03,1388,1394,1366,1368,1167600,1368
2015-09-04,1371,1379,1331,1340,2111200,1340
2015-09-07,1333,1365,1323,1360,2639000,1360
2015-09-08,1361,1386,1344,1346,1691000,1346
2015-09-09,1399,1455,1391,1455,2257700,1455
2015-09-10,1414,1453,1396,1448,2072800,1448
2015-09-11,1418,1439,1413,1425,3046700,1425
2015-09-14,1450,1455,1421,1428,1137300,1428
2015-09-15,1450,1458,1433,1446,1651300,1446
2015-09-16,1454,1464,1443,1459,1834700,1459
2015-09-17,1464,1479,1455,1476,1435800,1476
2015-09-18,1476,1478,1445,1455,2851300,1455
2015-09-24,1442,1470,1434,1444,2467600,1444
2015-09-25,1454,1454,1415,1446,2170100,1446
2015-09-28,1451,1467,1437,1464,1894700,1464
2015-09-29,1451,1465,1408,1411,2209800,1411
2015-09-30,1450,1500,1442,1486,2849200,1486
2015-10-01,1462,1487,1444,1474,3332000,1474
2015-10-02,1446,1471,1432,1452,2100700,1452
2015-10-05,1469,1495,1452,1483,1543700,1483
2015-10-06,1500,1509,1475,1481,1569000,1481
2015-10-07,1491,1519,1491,1510,1305800,1510
2015-10-08,1513,1523,1498,1506,1659400,1506
2015-10-09,1507,1558,1495,1555,2679000,1555
2015-10-13,1537,1556,1527,1553,1713000,1553
2015-10-14,1552,1556,1506,1510,1547100,1510
2015-10-15,1489,1514,1485,1501,1885200,1501
2015-10-16,1510,1525,1494,1499,2033400,1499
2015-10-19,1499,1506,1479,1482,1924700,1482
2015-10-20,1495,1495,1477,1481,1432300,1481
2015-10-21,1482,1535,1473,1530,1852100,1530
2015-10-22,1515,1532,1512,1530,1218600,1530
2015-10-23,1546,1546,1465,1468,5688900,1468
2015-10-26,1498,1498,1475,1479,2096600,1479
2015-10-27,1487,1488,1460,1463,1647000,1463
2015-10-28,1463,1466,1451,1458,1528000,1458
2015-10-29,1482,1500,1474,1496,3036500,1496
2015-10-30,1491,1503,1477,1500,2087200,1500
2015-11-02,1477,1487,1464,1472,1724800,1472
2015-11-04,1489,1491,1470,1475,1501800,1475
2015-11-05,1476,1508,1473,1500,1505500,1500
2015-11-06,1504,1515,1493,1513,1353700,1513
2015-11-09,1528,1556,1526,1543,2290800,1543
2015-11-10,1529,1536,1516,1532,1508900,1532
2015-11-11,1530,1560,1522,1541,2640200,1541
2015-11-12,1557,1565,1539,1548,1566700,1548
2015-11-13,1534,1557,1528,1554,2256900,1554
2015-11-16,1530,1544,1524,1540,843100,1540
2015-11-17,1553,1582,1547,1576,2107900,1576
2015-11-18,1584,1599,1583,1585,1639400,1585
2015-11-19,1600,1604,1576,1594,1442200,1594
2015-11-20,1590,1600,1580,1600,1235900,1600
2015-11-24,1604,1614,1598,1610,1117600,1610
2015-11-25,1605,1614,1590,1603,1704000,1603
2015-11-26,1610,1611,1565,1573,2764200,1573
2015-11-27,1581,1594,1572,1574,2135200,1574
2015-11-30,1577,1584,1561,1567,2001900,1567
2015-12-01,1583,1597,1573,1597,1917200,1597
2015-12-02,1595,1609,1587,1587,1697800,1587
2015-12-03,1593,1596,1573,1577,1436300,1577
2015-12-04,1562,1572,1549,1565,2190000,1565
2015-12-07,1579,1584,1571,1574,784300,1574
2015-12-08,1575,1579,1551,1551,1541900,1551
2015-12-09,1536,1551,1531,1538,1788700,1538
2015-12-10,1522,1528,1515,1520,1848000,1520
2015-12-11,1504,1529,1504,1526,2959300,1526
2015-12-14,1497,1531,1490,1520,1942600,1520
2015-12-15,1527,1533,1502,1502,1741000,1502
2015-12-16,1526,1548,1521,1541,1790200,1541
2015-12-17,1573,1580,1560,1568,2110500,1568
2015-12-18,1557,1584,1514,1516,3002000,1516
2015-12-21,1498,1515,1488,1510,1600800,1510
2015-12-22,1525,1536,1512,1520,1363900,1520
2015-12-24,1534,1535,1486,1489,2833000,1489
2015-12-25,1494,1494,1475,1477,1312600,1477
2015-12-28,1460,1482,1448,1478,1286200,1478
2015-12-29,1471,1484,1461,1482,1018900,1482
2015-12-30,1493,1496,1472,1472,1017400,1472
2016-01-04,1468,1476,1434,1437,1523200,1437
2016-01-05,1434,1440,1421,1434,1715500,1434
2016-01-06,1425,1429,1401,1415,2719800,1415
2016-01-07,1415,1431,1397,1397,3128500,1397
2016-01-08,1380,1401,1369,1382,3011700,1382
2016-01-12,1369,1382,1354,1360,2331300,1360
2016-01-13,1374,1409,1374,1408,2900300,1408
2016-01-14,1365,1397,1362,1394,2815600,1394
2016-01-15,1418,1428,1393,1398,2955700,1398
2016-01-18,1371,1393,1356,1385,1718300,1385
2016-01-19,1369,1393,1362,1384,2081800,1384
2016-01-20,1369,1372,1322,1326,2992000,1326
2016-01-21,1320,1352,1293,1295,3030100,1295
2016-01-22,1322,1368,1314,1363,3474300,1363
2016-01-25,1387,1397,1370,1382,1499100,1382
2016-01-26,1368,1369,1347,1350,1136900,1350
2016-01-27,1368,1391,1368,1385,1455800,1385
2016-01-28,1383,1398,1370,1380,1148800,1380
2016-01-29,1395,1445,1377,1440,3385200,1440
2016-02-01,1455,1472,1445,1461,1846300,1461
2016-02-02,1440,1455,1431,1433,1381200,1433
2016-02-03,1403,1411,1389,1398,1870500,1398
2016-02-04,1382,1432,1379,1416,1800200,1416
2016-02-05,1402,1414,1388,1405,1408700,1405
2016-02-08,1395,1453,1390,1448,1631800,1448
2016-02-09,1401,1445,1357,1375,4557400,1375
2016-02-10,1321,1327,1237,1259,4997300,1259
2016-02-12,1219,1225,1163,1170,4619200,1170
2016-02-15,1214,1280,1214,1269,2295900,1269
2016-02-16,1239,1265,1233,1236,3296500,1236
2016-02-17,1235,1252,1209,1223,2058300,1223
2016-02-18,1259,1285,1250,1269,2463200,1269
2016-02-19,1254,1260,1209,1226,2785700,1226
2016-02-22,1207,1256,1207,1239,1725500,1239
2016-02-23,1244,1269,1236,1244,2103400,1244
2016-02-24,1220,1252,1218,1242,2365200,1242
2016-02-25,1250,1270,1242,1249,1947200,1249
2016-02-26,1238,1255,1237,1238,1680000,1238
2016-02-29,1245,1273,1234,1234,2149900,1234
2016-03-01,1234,1238,1216,1233,3088200,1233
2016-03-02,1261,1289,1257,1282,2135400,1282
2016-03-03,1274,1294,1274,1287,1348000,1287
2016-03-04,1280,1304,1276,1300,1769400,1300
2016-03-07,1302,1310,1294,1301,1482700,1301
2016-03-08,1302,1312,1284,1303,1544400,1303
2016-03-09,1290,1298,1277,1288,1827100,1288
2016-03-10,1300,1327,1296,1323,1775100,1323
2016-03-11,1307,1342,1304,1335,2871000,1335
2016-03-14,1352,1372,1351,1368,1448100,1368
2016-03-15,1375,1380,1355,1365,1297300,1365
2016-03-16,1351,1382,1348,1361,2097500,1361
2016-03-17,1380,1396,1360,1366,2940100,1366
2016-03-18,1368,1377,1341,1352,2194300,1352
2016-03-22,1374,1386,1348,1370,1219400,1370
2016-03-23,1364,1371,1342,1352,1524500,1352
2016-03-24,1348,1353,1327,1338,1628900,1338
2016-03-25,1333,1339,1310,1328,2031300,1328
2016-03-28,1346,1360,1330,1359,1270100,1359
2016-03-29,1346,1366,1345,1363,1205500,1363
2016-03-30,1364,1378,1356,1361,1250100,1361
2016-03-31,1371,1392,1360,1376,3289800,1376
2016-04-01,1358,1360,1298,1302,2649100,1302
2016-04-04,1297,1312,1280,1293,2102200,1293
2016-04-05,1293,1307,1255,1259,1624600,1259
2016-04-06,1264,1284,1252,1258,1921100,1258
2016-04-07,1263,1288,1257,1275,1875100,1275
2016-04-08,1264,1305,1257,1286,2197800,1286
2016-04-11,1297,1297,1263,1283,1292000,1283
2016-04-12,1265,1291,1237,1283,1611200,1283
2016-04-13,1293,1316,1272,1313,1764600,1313
2016-04-14,1344,1369,1343,1367,2163600,1367
2016-04-15,1360,1371,1351,1362,1470700,1362
2016-04-18,1318,1382,1318,1376,2973800,1376
2016-04-19,1417,1441,1406,1428,2385000,1428
2016-04-20,1445,1460,1423,1427,1962400,1427
2016-04-21,1460,1464,1444,1463,1529900,1463
2016-04-22,1443,1471,1441,1471,1504600,1471
2016-04-25,1490,1492,1468,1478,1675000,1478
2016-04-26,1478,1481,1445,1466,1317800,1466
2016-04-27,1464,1466,1446,1458,1635200,1458
2016-04-28,1466,1479,1384,1406,2302700,1406
2016-05-02,1342,1369,1342,1366,1659300,1366
2016-05-06,1396,1413,1365,1377,1811800,1377
2016-05-09,1398,1398,1376,1380,724300,1380
2016-05-10,1378,1428,1375,1422,1316500,1422
2016-05-11,1437,1470,1415,1430,2137600,1430
2016-05-12,1428,1440,1420,1433,1372600,1433
2016-05-13,1454,1459,1422,1423,1307500,1423
2016-05-16,1424,1447,1415,1427,903000,1427
2016-05-17,1447,1454,1435,1453,932500,1453
2016-05-18,1446,1457,1428,1444,1020300,1444
2016-05-19,1454,1455,1426,1441,1039900,1441
2016-05-20,1427,1440,1422,1440,1197500,1440
2016-05-23,1431,1431,1406,1428,1202400,1428
2016-05-24,1421,1422,1403,1403,1834200,1403
2016-05-25,1433,1439,1427,1434,915900,1434
2016-05-26,1450,1459,1434,1435,920800,1435
2016-05-27,1450,1454,1444,1449,759900,1449
2016-05-30,1460,1464,1448,1457,558700,1457
2016-05-31,1458,1475,1453,1472,1082800,1472
2016-06-01,1465,1478,1454,1459,836500,1459
2016-06-02,1442,1442,1408,1416,1371900,1416
2016-06-03,1421,1432,1414,1425,910100,1425
2016-06-06,1406,1421,1402,1418,1005600,1418
2016-06-07,1414,1433,1404,1430,1224200,1430
2016-06-08,1424,1426,1409,1416,1489700,1416
2016-06-09,1410,1419,1400,1404,1129300,1404
2016-06-10,1392,1398,1376,1391,2326800,1391
2016-06-13,1362,1373,1342,1342,1802600,1342
2016-06-14,1351,1354,1334,1350,1412200,1350
2016-06-15,1331,1353,1316,1346,1471800,1346
2016-06-16,1323,1340,1293,1297,2373700,1297
2016-06-17,1314,1331,1304,1318,1930200,1318
2016-06-20,1338,1345,1327,1343,1385600,1343
2016-06-21,1327,1341,1311,1334,1613700,1334
2016-06-22,1339,1342,1303,1305,1773900,1305
2016-06-23,1320,1335,1316,1332,1210800,1332
2016-06-24,1346,1353,1230,1246,3712600,1246
2016-06-27,1248,1252,1217,1239,2793100,1239
2016-06-28,1200,1224,1183,1216,1957600,1216
2016-06-29,1228,1234,1209,1230,1732100,1230
2016-06-30,1240,1246,1213,1215,2546000,1215
2016-07-01,1227,1242,1220,1231,1406500,1231
2016-07-04,1221,1240,1219,1230,1978400,1230
2016-07-05,1230,1237,1220,1235,1075400,1235
2016-07-06,1217,1238,1197,1218,2561300,1218
2016-07-07,1219,1226,1199,1201,1830200,1201
2016-07-08,1211,1220,1200,1201,2360900,1201
2016-07-11,1240,1252,1230,1244,1469500,1244
2016-07-12,1268,1289,1266,1280,1722500,1280
2016-07-13,1326,1326,1277,1278,2491800,1278
2016-07-14,1293,1314,1287,1313,2042200,1313
2016-07-15,1314,1325,1298,1305,1710200,1305
2016-07-19,1318,1335,1309,1334,1511200,1334
2016-07-20,1293,1298,1274,1295,2326300,1295
2016-07-21,1315,1323,1305,1313,1724100,1313
2016-07-22,1296,1307,1286,1290,1510300,1290
2016-07-25,1313,1321,1300,1309,1142000,1309
2016-07-26,1303,1304,1276,1282,1624600,1282
2016-07-27,1289,1310,1281,1307,1747600,1307
2016-07-28,1308,1319,1302,1310,3472400,1310
2016-07-29,1312,1320,1279,1308,1975200,1308
2016-08-01,1284,1299,1272,1293,1257600,1293
2016-08-02,1268,1283,1261,1274,943600,1274
2016-08-03,1250,1267,1244,1253,2241500,1253
2016-08-04,1283,1375,1283,1357,5871600,1357
2016-08-05,1354,1364,1338,1349,1953900,1349
2016-08-08,1367,1393,1362,1393,2212100,1393
2016-08-09,1384,1405,1376,1398,1523300,1398
2016-08-10,1376,1406,1366,1400,1560000,1400
2016-08-12,1425,1426,1402,1416,1748200,1416
2016-08-15,1410,1421,1403,1417,986100,1417
2016-08-16,1428,1434,1403,1405,1886900,1405
2016-08-17,1392,1405,1380,1401,2178200,1401
2016-08-18,1393,1414,1389,1395,1851600,1395
2016-08-19,1419,1429,1408,1426,1599300,1426
2016-08-22,1429,1430,1417,1427,1103400,1427
2016-08-23,1428,1435,1416,1423,1453800,1423
2016-08-24,1430,1440,1425,1435,1112500,1435
2016-08-25,1450,1462,1434,1438,1796300,1438
2016-08-26,1420,1431,1398,1423,1720600,1423
2016-08-29,1452,1463,1446,1461,1292500,1461
2016-08-30,1460,1469,1457,1462,1099700,1462
2016-08-31,1465,1480,1447,1478,1415400,1478
2016-09-01,1485,1490,1471,1485,2008700,1485
2016-09-02,1486,1487,1468,1484,1694100,1484
2016-09-05,1490,1493,1444,1448,2336200,1448
2016-09-06,1446,1465,1440,1458,1817100,1458
2016-09-07,1440,1451,1438,1442,1956300,1442
2016-09-08,1443,1456,1439,1450,1801600,1450
2016-09-09,1468,1476,1455,1473,2439300,1473
2016-09-12,1453,1453,1421,1427,1571800,1427
2016-09-13,1430,1440,1419,1435,1303200,1435
2016-09-14,1427,1434,1416,1420,1167800,1420
2016-09-15,1416,1427,1413,1426,1643000,1426
2016-09-16,1415,1429,1406,1410,2552300,1410
2016-09-20,1392,1427,1388,1423,1752000,1423
2016-09-21,1424,1467,1420,1466,1408200,1466
2016-09-23,1475,1475,1457,1461,1249000,1461
2016-09-26,1486,1495,1474,1478,2241100,1478
2016-09-27,1464,1490,1453,1490,2003700,1490
2016-09-28,1480,1495,1475,1493,1188500,1493
2016-09-29,1500,1519,1493,1513,1522000,1513
2016-09-30,1497,1499,1483,1491,1547100,1491
2016-10-03,1503,1503,1482,1484,1497000,1484
2016-10-04,1485,1497,1474,1497,1492600,1497
2016-10-05,1495,1504,1482,1496,1341700,1496
2016-10-06,1512,1521,1507,1512,1770800,1512
2016-10-07,1513,1513,1497,1507,1160200,1507
2016-10-11,1513,1536,1501,1531,2124000,1531
2016-10-12,1510,1517,1498,1498,1573500,1498
2016-10-13,1498,1516,1490,1499,1027900,1499
2016-10-14,1503,1513,1497,1506,1436500,1506
2016-10-17,1510,1521,1504,1515,870200,1515
2016-10-18,1507,1523,1501,1516,1756900,1516
2016-10-19,1507,1516,1504,1507,1690200,1507
2016-10-20,1516,1518,1491,1501,2672500,1501
2016-10-21,1501,1514,1491,1507,1677000,1507
2016-10-24,1509,1534,1504,1534,1511500,1534
2016-10-25,1543,1549,1535,1541,1381300,1541
2016-10-26,1529,1549,1524,1547,1545300,1547
2016-10-27,1547,1553,1531,1537,1215000,1537
2016-10-28,1560,1582,1560,1582,2391100,1582
2016-10-31,1581,1594,1576,1594,1951000,1594
2016-11-01,1598,1598,1573,1579,1433700,1579
2016-11-02,1559,1571,1553,1557,1373100,1557
2016-11-04,1541,1559,1538,1551,1684600,1551
2016-11-07,1577,1588,1567,1580,1493200,1580
2016-11-08,1580,1585,1530,1564,2260800,1564
2016-11-09,1574,1582,1474,1482,2720600,1482
2016-11-10,1552,1573,1548,1568,2251700,1568
2016-11-11,1570,1572,1521,1527,2862300,1527
2016-11-14,1530,1562,1522,1559,1657400,1559
2016-11-15,1573,1576,1547,1571,1505900,1571
2016-11-16,1582,1582,1563,1575,1777800,1575
2016-11-17,1564,1570,1550,1568,1793100,1568
2016-11-18,1580,1586,1574,1580,1438800,1580
2016-11-21,1590,1597,1581,1581,1747300,1581
2016-11-22,1590,1590,1578,1590,1074000,1590
2016-11-24,1600,1600,1578,1579,1383400,1579
2016-11-25,1584,1588,1568,1575,2000700,1575
2016-11-28,1569,1595,1567,1593,1779900,1593
2016-11-29,1600,1615,1593,1604,2370100,1604
2016-11-30,1610,1619,1607,1618,2075000,1618
2016-12-01,1651,1671,1647,1652,3176600,1652
2016-12-02,1655,1676,1649,1662,2324500,1662
2016-12-05,1652,1662,1641,1661,1438800,1661
2016-12-06,1656,1679,1652,1679,2309900,1679
2016-12-07,1689,1700,1676,1680,1987900,1680
2016-12-08,1699,1708,1684,1705,1576000,1705
2016-12-09,1719,1720,1702,1711,2659500,1711
2016-12-12,1715,1720,1695,1716,1463900,1716
2016-12-13,1720,1725,1702,1725,1758700,1725
2016-12-14,1726,1728,1714,1728,1271700,1728
2016-12-15,1730,1746,1728,1735,1934900,1735
2016-12-16,1750,1755,1736,1742,2043400,1742
2016-12-19,1756,1766,1746,1766,1622000,1766
2016-12-20,1770,1772,1753,1770,2002000,1770
2016-12-21,1780,1780,1754,1764,1504000,1764
2016-12-22,1763,1778,1758,1778,1369800,1778
2016-12-26,1766,1770,1754,1757,1053900,1757
2016-12-27,1750,1778,1744,1771,1182900,1771
2016-12-28,1760,1764,1750,1759,1560400,1759
2016-12-29,1752,1763,1742,1752,1422300,1752
2016-12-30,1751,1761,1741,1756,1464800,1756
2017-01-04,1758,1804,1752,1804,1990100,1804
