Date,Open,High,Low,Close,Volume,Adj Close
2008-10-20,1096,1141,1050,1128,2728000,1128
2008-10-21,1120,1237,1055,1132,9662400,1132
2008-10-22,1172,1245,1158,1173,7574900,1173
2008-10-23,1073,1100,1028,1098,3778600,1098
2008-10-24,1063,1064,950,961,3501400,961
2008-10-27,951,1010,861,866,3653500,866
2008-10-28,846,966,808,966,2125400,966
2008-10-29,1066,1066,959,1021,1916300,1021
2008-10-30,971,1155,962,1121,3373300,1121
2008-10-31,1045,1093,1010,1031,1960600,1031
2008-11-04,1100,1231,1076,1231,2481300,1231
2008-11-05,1257,1337,1206,1300,3032600,1300
2008-11-06,1160,1195,1100,1100,2297700,1100
2008-11-07,1000,1179,982,1130,2939200,1130
2008-11-10,1170,1239,1170,1229,2161400,1229
2008-11-11,1189,1239,1165,1184,1201000,1184
2008-11-12,1150,1255,1150,1214,2041200,1214
2008-11-13,1150,1153,1072,1089,1711000,1089
2008-11-14,1198,1209,1151,1161,2142900,1161
2008-11-17,1141,1190,1104,1140,1231500,1140
2008-11-18,1100,1129,1054,1058,1503800,1058
2008-11-19,1067,1075,973,1012,1981400,1012
2008-11-20,912,922,812,826,6049400,826
2008-11-21,806,921,772,909,4310100,909
2008-11-25,979,989,921,957,3291300,957
2008-11-26,927,940,901,913,3095400,913
2008-11-27,963,984,885,909,3265700,909
2008-11-28,891,944,889,925,1729600,925
2008-12-01,933,936,900,921,1185300,921
2008-12-02,881,903,855,858,1816700,858
2008-12-03,868,886,847,866,1298400,866
2008-12-04,879,883,814,821,1771800,821
2008-12-05,849,849,818,831,1470400,831
2008-12-08,832,871,816,864,1060300,864
2008-12-09,944,961,909,938,4266600,938
2008-12-10,928,980,907,964,2368400,964
2008-12-11,962,1064,948,1020,2696600,1020
2008-12-12,996,1016,952,956,2597700,956
2008-12-15,976,1056,976,1056,1829100,1056
2008-12-16,1025,1035,987,1001,2178900,1001
2008-12-17,1035,1044,966,997,1667300,997
2008-12-18,969,999,953,968,2475200,968
2008-12-19,970,1013,954,989,2056500,989
2008-12-22,969,1016,969,1005,1005900,1005
2008-12-24,1025,1029,990,1018,1497900,1018
2008-12-25,1011,1026,999,1010,532300,1010
2008-12-26,1015,1089,1011,1070,1523000,1070
2008-12-29,1080,1106,1067,1094,1428000,1094
2008-12-30,1088,1112,1081,1110,516200,1110
2009-01-05,1173,1176,1152,1165,821400,1165
2009-01-06,1198,1297,1189,1281,3401700,1281
2009-01-07,1300,1350,1270,1279,3830800,1279
2009-01-08,1230,1244,1198,1205,2261600,1205
2009-01-09,1205,1230,1158,1212,1660400,1212
2009-01-13,1127,1149,1116,1124,1253100,1124
2009-01-14,1139,1175,1126,1159,1414800,1159
2009-01-15,1111,1154,1104,1119,1960800,1119
2009-01-16,1160,1224,1145,1216,2450900,1216
2009-01-19,1256,1304,1242,1246,2345900,1246
2009-01-20,1221,1221,1167,1183,1743600,1183
2009-01-21,1150,1191,1053,1164,6465800,1164
2009-01-22,1204,1214,1131,1188,3353900,1188
2009-01-23,1173,1173,1121,1124,1949100,1124
2009-01-26,1100,1131,1100,1108,1394700,1108
2009-01-27,1135,1167,1117,1155,1831200,1155
2009-01-28,1165,1217,1135,1211,2816600,1211
2009-01-29,1251,1267,1223,1236,2093600,1236
2009-01-30,1176,1207,1171,1192,1043500,1192
2009-02-02,1173,1187,1131,1138,1430200,1138
2009-02-03,1170,1230,1161,1177,1386700,1177
2009-02-04,1200,1275,1200,1261,2789900,1261
2009-02-05,1249,1286,1233,1244,1610400,1244
2009-02-06,1300,1311,1266,1272,1547200,1272
2009-02-09,1320,1356,1253,1263,2357200,1263
2009-02-10,1272,1293,1207,1230,1702400,1230
2009-02-12,1208,1260,1202,1219,1084100,1219
2009-02-13,1235,1280,1222,1244,1741000,1244
2009-02-16,1253,1269,1240,1251,1462200,1251
2009-02-17,1235,1254,1211,1213,1166500,1213
2009-02-18,1183,1207,1181,1192,1590700,1192
2009-02-19,1193,1197,1150,1191,1471900,1191
2009-02-20,1200,1204,1115,1135,2036700,1135
2009-02-23,1110,1154,1100,1140,1533100,1140
2009-02-24,1115,1123,1085,1115,1803500,1115
2009-02-25,1175,1210,1160,1200,1363400,1200
2009-02-26,1181,1247,1181,1220,1875100,1220
2009-02-27,1244,1263,1201,1237,1690100,1237
2009-03-02,1202,1228,1173,1180,1208000,1180
2009-03-03,1140,1175,1138,1163,1005000,1163
2009-03-04,1145,1201,1138,1191,1444800,1191
2009-03-05,1269,1311,1257,1290,3996200,1290
2009-03-06,1258,1311,1254,1265,2454100,1265
2009-03-09,1125,1174,1091,1114,4751400,1114
2009-03-10,1094,1168,1082,1160,3322600,1160
2009-03-11,1207,1232,1196,1216,2138500,1216
2009-03-12,1236,1277,1215,1260,3153700,1260
2009-03-13,1323,1332,1292,1326,3476100,1326
2009-03-16,1327,1366,1304,1315,2621200,1315
2009-03-17,1378,1450,1370,1443,4759700,1443
2009-03-18,1504,1511,1450,1488,3742400,1488
2009-03-19,1485,1487,1422,1463,2500500,1463
2009-03-23,1423,1478,1411,1467,2905700,1467
2009-03-24,1500,1522,1474,1510,2636200,1510
2009-03-25,1502,1535,1481,1500,1680600,1500
2009-03-26,1539,1627,1537,1623,3204500,1623
2009-03-27,1652,1678,1563,1568,3297400,1568
2009-03-30,1590,1598,1472,1481,2332200,1481
2009-03-31,1461,1523,1432,1442,2726800,1442
2009-04-01,1422,1470,1382,1468,4002500,1468
2009-04-02,1490,1491,1418,1483,4256800,1483
2009-04-03,1498,1519,1428,1432,4136200,1432
2009-04-06,1466,1496,1403,1406,3382400,1406
2009-04-07,1408,1440,1384,1414,2355300,1414
2009-04-08,1380,1381,1294,1303,4398700,1303
2009-04-09,1340,1429,1333,1429,3188600,1429
2009-04-10,1479,1483,1425,1453,2732400,1453
2009-04-13,1448,1525,1439,1490,2540000,1490
2009-04-14,1480,1497,1430,1435,1819900,1435
2009-04-15,1427,1427,1377,1388,1843800,1388
2009-04-16,1396,1438,1375,1381,2095200,1381
2009-04-17,1401,1424,1381,1405,1684500,1405
2009-04-20,1427,1483,1396,1477,2224400,1477
2009-04-21,1417,1454,1405,1447,1888900,1447
2009-04-22,1480,1522,1457,1481,3386100,1481
2009-04-23,1470,1481,1428,1465,2186200,1465
2009-04-24,1475,1491,1433,1457,1996200,1457
2009-04-27,1470,1477,1425,1436,1187700,1436
2009-04-28,1431,1453,1351,1360,2046300,1360
2009-04-30,1400,1448,1394,1436,2044200,1436
2009-05-01,1449,1578,1437,1558,3534000,1558
2009-05-07,1600,1641,1564,1590,2880100,1590
2009-05-08,1564,1612,1551,1596,1318600,1596
2009-05-11,1601,1616,1565,1577,1442900,1577
2009-05-12,1517,1560,1517,1538,1941800,1538
2009-05-13,1522,1538,1496,1509,1397800,1509
2009-05-14,1465,1474,1450,1459,1333100,1459
2009-05-15,1450,1496,1450,1478,1218400,1478
2009-05-18,1459,1467,1429,1433,1153900,1433
2009-05-19,1493,1503,1464,1468,1731100,1468
2009-05-20,1494,1534,1466,1530,2266000,1530
2009-05-21,1515,1556,1489,1552,1945400,1552
2009-05-22,1481,1505,1455,1502,4074500,1502
2009-05-25,1489,1489,1456,1467,1956200,1467
2009-05-26,1466,1474,1452,1457,1964800,1457
2009-05-27,1477,1482,1421,1428,2212500,1428
2009-05-28,1425,1486,1409,1485,2310700,1485
2009-05-29,1500,1510,1431,1469,2828300,1469
2009-06-01,1409,1410,1361,1390,5097500,1390
2009-06-02,1403,1416,1375,1384,3475400,1384
2009-06-03,1380,1380,1309,1315,4828400,1315
2009-06-04,1290,1353,1257,1334,6338300,1334
2009-06-05,1360,1393,1356,1385,3250600,1385
2009-06-08,1399,1407,1376,1398,2465600,1398
2009-06-09,1370,1410,1362,1402,2565400,1402
2009-06-10,1407,1418,1399,1411,1341700,1411
2009-06-11,1409,1417,1390,1416,1521200,1416
2009-06-12,1432,1432,1410,1421,2688100,1421
2009-06-15,1413,1426,1350,1358,3106500,1358
2009-06-16,1348,1350,1306,1316,2137800,1316
2009-06-17,1304,1358,1296,1348,1402000,1348
2009-06-18,1328,1344,1305,1341,1251900,1341
2009-06-19,1360,1363,1321,1342,998400,1342
2009-06-22,1343,1350,1316,1317,1406900,1317
2009-06-23,1286,1296,1268,1280,1535100,1280
2009-06-24,1294,1316,1271,1298,1269200,1298
2009-06-25,1303,1351,1295,1330,1403500,1330
2009-06-26,1370,1372,1347,1366,1252200,1366
2009-06-29,1370,1384,1348,1355,1186000,1355
2009-06-30,1375,1390,1365,1375,1071000,1375
2009-07-01,1371,1394,1357,1368,1002700,1368
2009-07-02,1358,1369,1323,1337,1474400,1337
2009-07-03,1317,1405,1311,1404,2485200,1404
2009-07-06,1390,1399,1360,1384,1336500,1384
2009-07-07,1464,1478,1445,1469,5023100,1469
2009-07-08,1435,1436,1404,1428,1940300,1428
2009-07-09,1406,1440,1391,1416,1150100,1416
2009-07-10,1436,1462,1425,1454,2292300,1454
2009-07-13,1451,1469,1343,1349,2016900,1349
2009-07-14,1383,1431,1376,1413,1304200,1413
2009-07-15,1453,1463,1443,1455,1546000,1455
2009-07-16,1480,1493,1461,1464,1594800,1464
2009-07-17,1484,1498,1455,1492,1479900,1492
2009-07-21,1500,1512,1475,1509,1706900,1509
2009-07-22,1533,1593,1527,1579,3236300,1579
2009-07-23,1628,1703,1607,1687,5903100,1687
2009-07-24,1689,1698,1662,1685,3604200,1685
2009-07-27,1678,1762,1660,1732,3284600,1732
2009-07-28,1732,1796,1732,1794,4048600,1794
2009-07-29,1784,1789,1751,1762,3415200,1762
2009-07-30,1776,1780,1704,1737,2006500,1737
2009-07-31,1767,1783,1750,1775,1762800,1775
2009-08-03,1745,1783,1723,1781,917000,1781
2009-08-04,1808,1818,1752,1767,1486600,1767
2009-08-05,1776,1780,1719,1722,1121400,1722
2009-08-06,1704,1759,1702,1739,1278400,1739
2009-08-07,1750,1767,1710,1742,1239400,1742
2009-08-10,1795,1809,1766,1790,1227700,1790
2009-08-11,1790,1790,1764,1779,773800,1779
2009-08-12,1759,1780,1754,1765,945800,1765
2009-08-13,1790,1820,1781,1813,1223300,1813
2009-08-14,1820,1876,1819,1864,1552700,1864
2009-08-17,1868,1870,1800,1808,1412600,1808
2009-08-18,1748,1801,1748,1783,986800,1783
2009-08-19,1803,1836,1776,1782,1064000,1782
2009-08-20,1800,1814,1750,1807,1281300,1807
2009-08-21,1805,1823,1760,1782,1034700,1782
2009-08-24,1822,1878,1821,1875,1684600,1875
2009-08-25,1860,1885,1836,1840,1211800,1840
2009-08-26,1864,1868,1839,1853,942500,1853
2009-08-27,1840,1843,1796,1813,1025700,1813
2009-08-28,1830,1858,1819,1834,1018000,1834
2009-08-31,1880,1915,1869,1900,2034600,1900
2009-09-01,1920,2095,1911,2090,5215300,2090
2009-09-02,2010,2045,1993,2040,3623700,2040
2009-09-03,2030,2130,2025,2065,2874200,2065
2009-09-04,2025,2035,1947,1969,3266000,1969
2009-09-07,1909,2090,1906,2080,6199000,2080
2009-09-08,2085,2115,2025,2090,2618200,2090
2009-09-09,2120,2220,2115,2185,4295200,2185
2009-09-10,2245,2295,2235,2270,3883500,2270
2009-09-11,2240,2250,2180,2200,2279700,2200
2009-09-14,2205,2205,2145,2180,1979700,2180
2009-09-15,2200,2240,2095,2155,2241700,2155
2009-09-16,2140,2175,2130,2150,1339400,2150
2009-09-17,2170,2190,2150,2175,1393800,2175
2009-09-18,2150,2155,2090,2115,1185800,2115
2009-09-24,2180,2245,2160,2225,2054400,2225
2009-09-25,2175,2215,2165,2170,978100,2170
2009-09-28,2095,2125,2000,2030,1838200,2030
2009-09-29,2070,2110,2055,2080,1010600,2080
2009-09-30,2055,2095,2020,2040,907900,2040
2009-10-01,2040,2040,1973,2000,1767400,2000
2009-10-02,1924,1925,1852,1888,2378900,1888
2009-10-05,1865,1880,1795,1806,1940000,1806
2009-10-06,1836,1867,1824,1844,1362600,1844
2009-10-07,1863,1899,1855,1882,1109200,1882
2009-10-08,1887,1949,1883,1949,1768300,1949
2009-10-09,1966,1995,1945,1988,1536100,1988
2009-10-13,2040,2075,2020,2055,1369600,2055
2009-10-14,2070,2070,1962,2010,1556600,2010
2009-10-15,2080,2080,1992,2010,1221900,2010
2009-10-16,2015,2020,1869,1893,4681400,1893
2009-10-19,1894,1928,1853,1921,2067100,1921
2009-10-20,1968,2010,1956,1977,1958100,1977
2009-10-21,1950,1971,1935,1950,952700,1950
2009-10-22,1929,1959,1920,1950,773900,1950
2009-10-23,1967,1980,1944,1954,996100,1954
2009-10-26,1927,1944,1897,1909,1493400,1909
2009-10-27,1879,1883,1848,1857,1550000,1857
2009-10-28,1873,1879,1761,1773,2551200,1773
2009-10-29,1711,1729,1683,1720,1874400,1720
2009-10-30,1780,1803,1737,1777,1454500,1777
2009-11-02,1700,1718,1680,1712,1542100,1712
2009-11-04,1670,1680,1638,1648,2090200,1648
2009-11-05,1649,1677,1635,1656,1577500,1656
2009-11-06,1677,1695,1653,1661,1574100,1661
2009-11-09,1660,1677,1633,1660,1143000,1660
2009-11-10,1690,1752,1682,1730,2032800,1730
2009-11-11,1724,1737,1654,1663,1485700,1663
2009-11-12,1722,1747,1702,1715,2043200,1715
2009-11-13,1690,1711,1660,1673,1221300,1673
2009-11-16,1670,1671,1605,1629,1667400,1629
2009-11-17,1640,1687,1615,1623,1419200,1623
2009-11-18,1623,1634,1601,1616,1180200,1616
2009-11-19,1626,1628,1563,1575,1358100,1575
2009-11-20,1537,1546,1512,1538,1618200,1538
2009-11-24,1565,1567,1512,1530,1224600,1530
2009-11-25,1500,1516,1471,1500,1531400,1500
2009-11-26,1470,1537,1457,1523,1534200,1523
2009-11-27,1493,1518,1442,1450,1854300,1450
2009-11-30,1470,1487,1453,1477,1576600,1477
2009-12-01,1480,1524,1421,1523,1958100,1523
2009-12-02,1413,1441,1355,1389,6911800,1389
2009-12-03,1412,1451,1394,1426,4227100,1426
2009-12-04,1428,1521,1413,1501,3674400,1501
2009-12-07,1561,1577,1540,1561,1861300,1561
2009-12-08,1549,1561,1503,1523,1372400,1523
2009-12-09,1473,1480,1451,1458,1951100,1458
2009-12-10,1461,1514,1460,1468,2556800,1468
2009-12-11,1492,1515,1482,1497,1587200,1497
2009-12-14,1514,1519,1481,1497,928600,1497
2009-12-15,1457,1485,1457,1477,1168900,1477
2009-12-16,1490,1520,1467,1488,1219600,1488
2009-12-17,1508,1509,1475,1475,1320600,1475
2009-12-18,1489,1512,1455,1512,1766200,1512
2009-12-21,1524,1582,1516,1570,2476800,1570
2009-12-22,1630,1671,1622,1662,3114200,1662
2009-12-24,1670,1687,1630,1653,2208900,1653
2009-12-25,1677,1677,1631,1645,919900,1645
2009-12-28,1634,1675,1634,1670,887100,1670
2009-12-29,1670,1670,1634,1647,934200,1647
2009-12-30,1643,1653,1627,1630,786300,1630
2010-01-04,1645,1695,1624,1688,1374800,1688
2010-01-05,1724,1732,1674,1681,1452200,1681
2010-01-06,1707,1710,1672,1685,1852700,1685
2010-01-07,1701,1740,1691,1704,2030900,1704
2010-01-08,1744,1782,1731,1777,2616400,1777
2010-01-12,1760,1780,1740,1772,1758900,1772
2010-01-13,1742,1754,1732,1740,1073600,1740
2010-01-14,1760,1862,1752,1847,2376300,1847
2010-01-15,1927,1957,1864,1881,3606900,1881
2010-01-18,1841,1930,1835,1905,2158700,1905
2010-01-19,1886,1905,1815,1835,1474200,1835
2010-01-20,1880,1900,1805,1817,1994900,1817
2010-01-21,1777,1828,1766,1825,2230600,1825
2010-01-22,1758,1759,1711,1743,3316600,1743
2010-01-25,1703,1708,1680,1694,2587900,1694
2010-01-26,1708,1738,1670,1676,1698400,1676
2010-01-27,1675,1694,1638,1652,1205800,1652
2010-01-28,1670,1694,1659,1667,1045000,1667
2010-01-29,1616,1625,1555,1558,2438800,1558
2010-02-01,1576,1581,1509,1541,1983500,1541
2010-02-02,1581,1584,1551,1576,1094900,1576
2010-02-03,1590,1598,1552,1568,1262600,1568
2010-02-04,1584,1624,1557,1618,1848000,1618
2010-02-05,1538,1545,1512,1522,2079100,1522
2010-02-08,1520,1537,1491,1511,1047300,1511
2010-02-09,1485,1508,1440,1482,1890500,1482
2010-02-10,1504,1535,1492,1513,1461900,1513
2010-02-12,1570,1596,1556,1594,2208800,1594
2010-02-15,1596,1599,1563,1570,758500,1570
2010-02-16,1561,1569,1541,1550,664500,1550
2010-02-17,1590,1596,1560,1595,1590700,1595
2010-02-18,1605,1636,1604,1632,1389800,1632
2010-02-19,1672,1674,1581,1585,1532300,1585
2010-02-22,1635,1642,1614,1627,932300,1627
2010-02-23,1592,1603,1555,1600,1684900,1600
2010-02-24,1560,1582,1540,1579,981500,1579
2010-02-25,1640,1643,1586,1613,2250100,1613
2010-02-26,1600,1625,1575,1611,1142900,1611
2010-03-01,1600,1616,1586,1599,861100,1599
2010-03-02,1620,1682,1608,1672,3426400,1672
2010-03-03,1683,1686,1651,1671,1863200,1671
2010-03-04,1722,1733,1707,1717,3603000,1717
2010-03-05,1720,1779,1719,1761,2889700,1761
2010-03-08,1796,1829,1786,1796,2346400,1796
2010-03-09,1790,1874,1781,1867,2802300,1867
2010-03-10,1840,1856,1796,1817,2530400,1817
2010-03-11,1818,1840,1797,1835,1676800,1835
2010-03-12,1835,1835,1788,1790,2576200,1790
2010-03-15,1805,1880,1793,1874,4991200,1874
2010-03-16,1853,1861,1794,1801,2854800,1801
2010-03-17,1830,1837,1805,1833,1607700,1833
2010-03-18,1840,1858,1827,1829,2380800,1829
2010-03-19,1837,1852,1823,1832,1177500,1832
2010-03-23,1817,1825,1798,1812,1496600,1812
2010-03-24,1825,1855,1820,1847,1521300,1847
2010-03-25,1858,1862,1829,1846,1086700,1846
2010-03-26,1846,1915,1841,1905,2141000,1905
2010-03-29,1902,1965,1901,1959,1762700,1959
2010-03-30,1977,1993,1940,1990,2174700,1990
2010-03-31,1998,1998,1981,1988,1782400,1988
2010-04-01,1982,1989,1966,1985,1539800,1985
2010-04-02,2000,2026,1982,2002,1222300,2002
2010-04-05,2021,2054,2002,2054,1600300,2054
2010-04-06,2055,2060,2003,2009,1854900,2009
2010-04-07,2010,2027,1979,2017,1515000,2017
2010-04-08,2000,2044,1986,2024,1704000,2024
2010-04-09,2030,2084,2025,2072,2585400,2072
2010-04-12,2100,2100,2047,2049,2291900,2049
2010-04-13,2047,2047,2005,2032,1199000,2032
2010-04-14,2059,2069,2017,2035,1866300,2035
2010-04-15,2066,2074,2055,2062,1644400,2062
2010-04-16,2051,2056,2012,2016,1010600,2016
2010-04-19,1976,1998,1971,1979,970700,1979
2010-04-20,1975,1983,1903,1916,2297500,1916
2010-04-21,1924,1947,1918,1923,3022400,1923
2010-04-22,1935,1965,1907,1917,2354000,1917
2010-04-23,1910,1943,1904,1925,1333200,1925
2010-04-26,1954,2013,1953,2010,1665000,2010
2010-04-27,1996,2048,1995,2043,1628400,2043
2010-04-28,1993,2017,1986,2005,1555700,2005
2010-04-30,2070,2105,2069,2095,2346300,2095
2010-05-06,2045,2050,1934,1943,2918800,1943
2010-05-07,1863,1961,1861,1941,2713000,1941
2010-05-10,1931,1959,1910,1948,2090500,1948
2010-05-11,1988,2039,1923,1929,2829800,1929
2010-05-12,1930,1968,1865,1888,2303900,1888
2010-05-13,1927,1960,1922,1955,1296300,1955
2010-05-14,1928,1939,1880,1886,1747700,1886
2010-05-17,1853,1856,1784,1803,1808000,1803
2010-05-18,1836,1844,1745,1756,1489100,1756
2010-05-19,1730,1739,1671,1727,3456800,1727
2010-05-20,1710,1714,1637,1646,2273200,1646
2010-05-21,1591,1598,1560,1593,3192100,1593
2010-05-24,1623,1643,1585,1630,2866100,1630
2010-05-25,1603,1610,1534,1543,2230800,1543
2010-05-26,1553,1563,1502,1544,2514400,1544
2010-05-27,1515,1590,1511,1590,1475400,1590
2010-05-28,1670,1683,1637,1656,2373500,1656
2010-05-31,1629,1662,1621,1652,1204700,1652
2010-06-01,1635,1637,1602,1612,1397100,1612
2010-06-02,1585,1596,1540,1559,2350500,1559
2010-06-03,1599,1659,1589,1650,1707800,1650
2010-06-04,1670,1741,1661,1699,2350700,1699
2010-06-07,1704,1755,1692,1737,5815800,1737
2010-06-08,1742,1788,1732,1740,3122500,1740
2010-06-09,1712,1730,1675,1695,1931400,1695
2010-06-10,1729,1742,1683,1742,1364600,1742
2010-06-11,1782,1812,1770,1809,2816100,1809
2010-06-14,1822,1842,1804,1833,1227200,1833
2010-06-15,1824,1885,1824,1864,1527100,1864
2010-06-16,1894,1906,1868,1876,1611200,1876
2010-06-17,1861,1863,1812,1838,2127100,1838
2010-06-18,1820,1849,1783,1793,2264100,1793
2010-06-21,1713,1779,1697,1736,4807400,1736
2010-06-22,1712,1725,1659,1667,3067900,1667
2010-06-23,1640,1651,1613,1642,2113900,1642
2010-06-24,1613,1649,1610,1619,2072200,1619
2010-06-25,1600,1601,1544,1550,2145300,1550
2010-06-28,1578,1578,1553,1560,2315900,1560
2010-06-29,1557,1575,1508,1517,2943300,1517
2010-06-30,1456,1492,1440,1489,3148200,1489
2010-07-01,1475,1488,1443,1459,1766700,1459
2010-07-02,1489,1500,1461,1473,1507800,1473
2010-07-05,1472,1500,1472,1484,964000,1484
2010-07-06,1471,1521,1458,1521,1606500,1521
2010-07-07,1507,1524,1486,1508,1270000,1508
2010-07-08,1570,1592,1559,1586,1755200,1586
2010-07-09,1583,1591,1547,1570,1684700,1570
2010-07-12,1584,1625,1570,1590,1361300,1590
2010-07-13,1591,1609,1565,1573,1135600,1573
2010-07-14,1630,1644,1622,1640,1552500,1640
2010-07-15,1625,1632,1607,1607,1041600,1607
2010-07-16,1580,1593,1545,1552,1326600,1552
2010-07-20,1511,1540,1493,1514,1749700,1514
2010-07-21,1544,1561,1494,1512,1402900,1512
2010-07-22,1492,1500,1474,1491,1550300,1491
2010-07-23,1557,1592,1540,1582,2288600,1582
2010-07-26,1599,1620,1583,1596,960500,1596
2010-07-27,1597,1641,1586,1600,1317200,1600
2010-07-28,1634,1681,1631,1676,1574300,1676
2010-07-29,1663,1697,1660,1674,1298600,1674
2010-07-30,1661,1666,1632,1640,1413000,1640
2010-08-02,1640,1695,1632,1665,1337200,1665
2010-08-03,1703,1717,1643,1668,1159400,1668
2010-08-04,1641,1641,1607,1612,1182300,1612
2010-08-05,1661,1663,1588,1601,1128000,1601
2010-08-06,1576,1621,1575,1617,1264700,1617
2010-08-09,1599,1606,1570,1584,1003300,1584
2010-08-10,1593,1624,1566,1570,968500,1570
2010-08-11,1534,1536,1493,1506,1220100,1506
2010-08-12,1462,1478,1451,1478,1629000,1478
2010-08-13,1464,1554,1460,1547,2390200,1547
2010-08-16,1508,1529,1492,1529,1095500,1529
2010-08-17,1510,1516,1492,1509,776800,1509
2010-08-18,1528,1543,1485,1505,1576000,1505
2010-08-19,1503,1535,1497,1532,1488700,1532
2010-08-20,1500,1517,1486,1491,1082200,1491
2010-08-23,1492,1494,1453,1464,978400,1464
2010-08-24,1448,1460,1427,1435,1147200,1435
2010-08-25,1408,1450,1399,1426,1358700,1426
2010-08-26,1431,1439,1405,1414,1504500,1414
2010-08-27,1402,1432,1374,1421,1733200,1421
2010-08-30,1456,1505,1456,1477,1346900,1477
2010-08-31,1435,1457,1422,1429,1448300,1429
2010-09-01,1429,1487,1426,1482,2074200,1482
2010-09-02,1512,1514,1427,1434,1726600,1434
2010-09-03,1452,1477,1441,1466,1051900,1466
2010-09-06,1406,1438,1381,1409,4199600,1409
2010-09-07,1387,1392,1348,1354,4224300,1354
2010-09-08,1331,1342,1311,1314,3186200,1314
2010-09-09,1315,1315,1266,1274,4350500,1274
2010-09-10,1267,1294,1223,1291,8536000,1291
2010-09-13,1304,1324,1290,1311,3860600,1311
2010-09-14,1304,1311,1247,1253,3258200,1253
2010-09-15,1235,1325,1225,1308,4436100,1308
2010-09-16,1321,1324,1286,1297,2824700,1297
2010-09-17,1301,1317,1273,1311,2704100,1311
2010-09-21,1326,1352,1309,1325,2534800,1325
2010-09-22,1308,1314,1272,1286,2190400,1286
2010-09-24,1279,1300,1260,1275,2596600,1275
2010-09-27,1299,1324,1287,1312,1995400,1312
2010-09-28,1313,1342,1298,1321,1792700,1321
2010-09-29,1322,1335,1313,1320,1422300,1320
2010-09-30,1334,1340,1299,1302,1553000,1302
2010-10-01,1325,1327,1307,1314,1440100,1314
2010-10-04,1314,1325,1285,1296,1353700,1296
2010-10-05,1280,1313,1276,1312,1839700,1312
2010-10-06,1314,1357,1314,1343,2415000,1343
2010-10-07,1328,1349,1328,1341,1305900,1341
2010-10-08,1345,1373,1339,1356,1787700,1356
2010-10-12,1377,1377,1324,1325,1204100,1325
2010-10-13,1336,1341,1310,1312,1374500,1312
2010-10-14,1323,1339,1304,1316,1549700,1316
2010-10-15,1318,1365,1317,1348,2017800,1348
2010-10-18,1338,1348,1316,1338,2419200,1338
2010-10-19,1338,1364,1330,1357,1267200,1357
2010-10-20,1358,1374,1351,1356,1854800,1356
2010-10-21,1358,1364,1327,1336,1383800,1336
2010-10-22,1335,1355,1325,1352,993000,1352
2010-10-25,1353,1355,1332,1351,1059400,1351
2010-10-26,1355,1419,1352,1374,3364600,1374
2010-10-27,1391,1399,1367,1382,1778300,1382
2010-10-28,1386,1388,1347,1357,1801400,1357
2010-10-29,1344,1344,1223,1247,3922200,1247
2010-11-01,1244,1282,1226,1265,2580800,1265
2010-11-02,1251,1252,1210,1222,1711200,1222
2010-11-04,1252,1273,1238,1253,2359900,1253
2010-11-05,1273,1295,1264,1284,1655300,1284
2010-11-08,1303,1339,1302,1320,2140200,1320
2010-11-09,1321,1337,1303,1312,1395800,1312
2010-11-10,1296,1319,1283,1301,2213900,1301
2010-11-11,1300,1343,1300,1335,1642000,1335
2010-11-12,1320,1332,1308,1309,1014700,1309
2010-11-15,1311,1322,1301,1318,1007500,1318
2010-11-16,1319,1337,1279,1282,1708200,1282
2010-11-17,1263,1277,1238,1253,2292500,1253
2010-11-18,1238,1275,1234,1267,2500800,1267
2010-11-19,1292,1306,1278,1284,2221500,1284
2010-11-22,1301,1337,1300,1331,1544600,1331
2010-11-24,1301,1335,1291,1321,1417700,1321
2010-11-25,1348,1392,1331,1377,2540200,1377
2010-11-26,1369,1376,1326,1328,1462600,1328
2010-11-29,1334,1384,1334,1369,1427300,1369
2010-11-30,1361,1362,1324,1326,1450900,1326
2010-12-01,1301,1308,1281,1302,2440500,1302
2010-12-02,1332,1364,1332,1357,1928000,1357
2010-12-03,1380,1385,1344,1350,1526300,1350
2010-12-06,1350,1364,1342,1349,1359200,1349
2010-12-07,1359,1359,1333,1340,1267800,1340
2010-12-08,1190,1237,1170,1211,7375700,1211
2010-12-09,1205,1218,1136,1139,8142200,1139
2010-12-10,1134,1135,1098,1103,5858000,1103
2010-12-13,1106,1171,1106,1166,5843900,1166
2010-12-14,1155,1173,1143,1172,3336300,1172
2010-12-15,1178,1180,1153,1165,2307900,1165
2010-12-16,1153,1154,1131,1136,2340200,1136
2010-12-17,1132,1147,1122,1129,1858800,1129
2010-12-20,1128,1142,1121,1134,1700100,1134
2010-12-21,1125,1149,1123,1145,1536300,1145
2010-12-22,1144,1182,1144,1165,2650600,1165
2010-12-24,1158,1195,1151,1190,2349500,1190
2010-12-27,1199,1227,1192,1203,2505100,1203
2010-12-28,1203,1220,1199,1212,1077800,1212
2010-12-29,1200,1215,1196,1205,1304800,1205
2010-12-30,1195,1196,1158,1160,2408300,1160
2011-01-04,1170,1185,1160,1183,1542700,1183
2011-01-05,1173,1205,1173,1194,1267400,1194
2011-01-06,1208,1246,1207,1241,2601200,1241
2011-01-07,1231,1236,1212,1230,1330000,1230
2011-01-11,1213,1223,1203,1211,1283300,1211
2011-01-12,1226,1237,1210,1215,1334900,1215
2011-01-13,1232,1266,1230,1241,2214100,1241
2011-01-14,1256,1294,1245,1250,3134300,1250
2011-01-17,1275,1333,1267,1316,3924100,1316
2011-01-18,1316,1357,1308,1344,3671300,1344
2011-01-19,1354,1367,1345,1367,3289200,1367
2011-01-20,1355,1363,1345,1350,2733800,1350
2011-01-21,1347,1360,1294,1304,4448300,1304
2011-01-24,1291,1291,1260,1274,3098100,1274
2011-01-25,1297,1329,1288,1295,2268100,1295
2011-01-26,1290,1303,1272,1282,1605100,1282
2011-01-27,1283,1299,1261,1266,2056000,1266
2011-01-28,1283,1294,1271,1286,1665600,1286
2011-01-31,1256,1258,1238,1251,1766300,1251
2011-02-01,1257,1268,1248,1262,1014400,1262
2011-02-02,1292,1315,1280,1304,1642100,1304
2011-02-03,1311,1338,1310,1334,1606400,1334
2011-02-04,1350,1360,1324,1342,1926200,1342
2011-02-07,1359,1359,1325,1338,1021700,1338
2011-02-08,1350,1350,1323,1331,970300,1331
2011-02-09,1331,1349,1319,1323,1212500,1323
2011-02-10,1310,1311,1264,1272,2786900,1272
2011-02-14,1293,1304,1274,1282,1895200,1282
2011-02-15,1300,1356,1277,1344,2959900,1344
2011-02-16,1345,1467,1344,1432,5954800,1432
2011-02-17,1472,1530,1461,1493,6997300,1493
2011-02-18,1494,1544,1493,1537,4360900,1537
2011-02-21,1547,1570,1510,1564,5751200,1564
2011-02-22,1529,1544,1467,1483,3975000,1483
2011-02-23,1453,1503,1441,1475,2981600,1475
2011-02-24,1464,1477,1444,1458,1696700,1458
2011-02-25,1477,1520,1471,1514,2099600,1514
2011-02-28,1497,1505,1455,1500,2033200,1500
2011-03-01,1521,1564,1512,1531,2253100,1531
2011-03-02,1491,1495,1471,1474,1826100,1474
2011-03-03,1464,1518,1455,1500,1538900,1500
2011-03-04,1530,1530,1477,1492,1817200,1492
2011-03-07,1475,1476,1453,1464,1398300,1464
2011-03-08,1445,1461,1433,1454,1115300,1454
2011-03-09,1468,1496,1465,1493,1374500,1493
2011-03-10,1487,1492,1435,1450,1667200,1450
2011-03-11,1420,1432,1378,1387,3361000,1387
2011-03-14,1310,1471,1253,1387,5201200,1387
2011-03-15,1327,1366,1162,1320,3825600,1320
2011-03-16,1321,1378,1187,1258,5397000,1258
2011-03-17,1138,1263,1131,1257,2704000,1257
2011-03-18,1309,1397,1297,1353,2593700,1353
2011-03-22,1461,1514,1440,1476,3075800,1476
2011-03-23,1453,1461,1412,1438,3141600,1438
2011-03-24,1425,1444,1401,1432,2142400,1432
2011-03-25,1431,1520,1430,1507,3302000,1507
2011-03-28,1500,1598,1497,1567,3726600,1567
2011-03-29,1531,1597,1517,1585,2440700,1585
2011-03-30,1576,1611,1561,1589,4026300,1589
2011-03-31,1626,1685,1619,1677,5124700,1677
2011-04-01,1666,1680,1600,1620,5905800,1620
2011-04-04,1622,1673,1607,1660,3532400,1660
2011-04-05,1661,1679,1641,1668,3797200,1668
2011-04-06,1667,1667,1596,1603,4362700,1603
2011-04-07,1607,1642,1594,1595,2840200,1595
2011-04-08,1594,1642,1568,1630,2440000,1630
2011-04-11,1646,1683,1633,1677,1711600,1677
2011-04-12,1649,1650,1593,1607,3631400,1607
2011-04-13,1608,1645,1595,1602,3520800,1602
2011-04-14,1585,1612,1557,1572,3402200,1572
2011-04-15,1561,1563,1498,1505,3891500,1505
2011-04-18,1542,1556,1527,1538,2934600,1538
2011-04-19,1530,1544,1516,1535,1936000,1535
2011-04-20,1570,1575,1550,1564,1802100,1564
2011-04-21,1584,1638,1584,1603,2836500,1603
2011-04-22,1581,1608,1581,1599,1574600,1599
2011-04-25,1615,1636,1606,1620,1408200,1620
2011-04-26,1625,1625,1596,1606,1020400,1606
2011-04-27,1618,1619,1588,1597,1257200,1597
2011-04-28,1598,1614,1533,1548,3349700,1548
2011-05-02,1560,1564,1517,1548,3647300,1548
2011-05-06,1512,1530,1470,1522,3826200,1522
2011-05-09,1529,1540,1493,1499,1398600,1499
2011-05-10,1503,1543,1493,1535,2103600,1535
2011-05-11,1546,1558,1527,1530,1186700,1530
2011-05-12,1509,1524,1500,1502,1047000,1502
2011-05-13,1500,1509,1466,1490,1110300,1490
2011-05-16,1460,1475,1442,1443,1477300,1443
2011-05-17,1444,1463,1427,1455,1316000,1455
2011-05-18,1456,1496,1444,1488,1222000,1488
2011-05-19,1482,1495,1432,1439,1429700,1439
2011-05-20,1448,1466,1446,1448,1012400,1448
2011-05-23,1432,1433,1404,1413,660900,1413
2011-05-24,1384,1430,1372,1419,876900,1419
2011-05-25,1405,1429,1399,1406,1077000,1406
2011-05-26,1420,1435,1405,1431,1831800,1431
2011-05-27,1439,1476,1431,1460,1265400,1460
2011-05-30,1452,1454,1432,1441,838800,1441
2011-05-31,1446,1474,1441,1460,1001100,1460
2011-06-01,1469,1469,1433,1446,1327100,1446
2011-06-02,1410,1418,1399,1409,1356500,1409
2011-06-03,1405,1417,1368,1374,1787200,1374
2011-06-06,1362,1374,1339,1346,1742600,1346
2011-06-07,1339,1379,1322,1371,1843400,1371
2011-06-08,1353,1367,1334,1366,1567100,1366
2011-06-09,1400,1400,1353,1370,2738700,1370
2011-06-10,1366,1388,1345,1352,1894400,1352
2011-06-13,1349,1349,1316,1330,1810200,1330
2011-06-14,1319,1334,1310,1327,1372200,1327
2011-06-15,1342,1344,1325,1335,877800,1335
2011-06-16,1318,1359,1318,1337,1321200,1337
2011-06-17,1333,1337,1304,1313,970300,1313
2011-06-20,1313,1327,1304,1305,790700,1305
2011-06-21,1314,1325,1307,1319,1169000,1319
2011-06-22,1328,1369,1322,1356,2234400,1356
2011-06-23,1346,1362,1334,1342,778700,1342
2011-06-24,1356,1358,1338,1358,742800,1358
2011-06-27,1335,1342,1317,1319,1282400,1319
2011-06-28,1325,1329,1305,1315,1153200,1315
2011-06-29,1329,1366,1328,1361,1750800,1361
2011-06-30,1374,1378,1347,1352,1388700,1352
2011-07-01,1373,1379,1347,1353,1070400,1353
2011-07-04,1381,1387,1367,1371,1272900,1371
2011-07-05,1380,1397,1376,1392,1144400,1392
2011-07-06,1405,1407,1379,1403,903800,1403
2011-07-07,1400,1407,1393,1397,576100,1397
2011-07-08,1415,1423,1400,1407,1083100,1407
2011-07-11,1386,1400,1380,1384,1144400,1384
2011-07-12,1368,1382,1360,1362,885100,1362
2011-07-13,1360,1367,1343,1359,975900,1359
2011-07-14,1348,1349,1312,1323,1443500,1323
2011-07-15,1318,1318,1297,1302,1487700,1302
2011-07-19,1304,1308,1270,1289,1506000,1289
2011-07-20,1325,1330,1293,1298,1635400,1298
2011-07-21,1319,1323,1286,1290,1082700,1290
2011-07-22,1296,1334,1295,1321,2117700,1321
2011-07-25,1311,1331,1308,1321,1273900,1321
2011-07-26,1313,1320,1302,1307,971500,1307
2011-07-27,1307,1307,1277,1285,931500,1285
2011-07-28,1265,1269,1245,1254,1725700,1254
2011-07-29,1248,1249,1213,1218,1258600,1218
2011-08-01,1234,1260,1232,1247,1781200,1247
2011-08-02,1222,1231,1205,1227,1380800,1227
2011-08-03,1197,1214,1195,1203,1470200,1203
2011-08-04,1212,1246,1205,1213,1235000,1213
2011-08-05,1150,1165,1131,1157,1676100,1157
2011-08-08,1131,1154,1130,1136,1305600,1136
2011-08-09,1088,1126,1057,1123,2147000,1123
2011-08-10,1148,1148,1040,1090,4437400,1090
2011-08-11,1060,1069,1029,1052,4290400,1052
2011-08-12,1071,1079,1017,1022,3643900,1022
2011-08-15,1035,1058,1024,1053,2732200,1053
2011-08-16,1056,1066,1041,1050,2140700,1050
2011-08-17,1032,1039,994,996,4084000,996
2011-08-18,1000,1007,973,978,3027700,978
2011-08-19,956,956,928,936,2589600,936
2011-08-22,935,980,932,938,2677200,938
2011-08-23,944,969,935,964,2297500,964
2011-08-24,967,975,909,915,2848000,915
2011-08-25,913,935,900,915,4145900,915
2011-08-26,900,928,877,917,6007700,917
2011-08-29,920,966,919,947,5853100,947
2011-08-30,962,975,949,952,2675100,952
2011-08-31,950,950,904,910,3045400,910
2011-09-01,907,942,900,927,3234400,927
2011-09-02,911,913,877,882,4536200,882
2011-09-05,859,864,842,843,2253900,843
2011-09-06,820,854,818,842,3927600,842
2011-09-07,867,877,847,855,3217300,855
2011-09-08,898,925,865,877,6291500,877
2011-09-09,883,904,851,861,4296600,861
2011-09-12,830,838,812,814,2658700,814
2011-09-13,828,829,806,823,4429800,823
2011-09-14,823,838,794,798,2928800,798
2011-09-15,822,826,800,812,3027600,812
2011-09-16,821,845,816,843,1951800,843
2011-09-20,830,833,807,815,1671500,815
2011-09-21,794,800,761,765,3363500,765
2011-09-22,769,780,758,767,3343800,767
2011-09-26,763,767,711,715,2237400,715
2011-09-27,730,740,716,729,2469900,729
2011-09-28,725,728,703,707,2112500,707
2011-09-29,699,739,682,738,3374700,738
2011-09-30,723,744,718,734,2679300,734
2011-10-03,704,718,675,683,3149300,683
2011-10-04,671,696,662,695,2905000,695
2011-10-05,708,717,666,671,3092400,671
2011-10-06,685,718,685,709,2918600,709
2011-10-07,737,747,730,737,2351500,737
2011-10-11,780,788,766,784,3131100,784
2011-10-12,785,790,766,789,2260600,789
2011-10-13,803,821,801,804,2308900,804
2011-10-14,795,804,741,746,3024300,746
2011-10-17,764,786,762,782,1801200,782
2011-10-18,752,763,741,754,1701600,754
2011-10-19,762,768,731,737,1367600,737
2011-10-20,728,728,710,717,1667000,717
2011-10-21,728,743,712,736,1335300,736
2011-10-24,751,757,744,752,985000,752
2011-10-25,761,770,745,746,992200,746
2011-10-26,731,762,728,756,1088700,756
2011-10-27,770,799,764,799,2135300,799
2011-10-28,844,856,807,811,3340000,811
2011-10-31,808,845,806,807,1531300,807
2011-11-01,788,796,773,776,1195500,776
2011-11-02,756,769,750,756,1555100,756
2011-11-04,780,783,758,768,1186300,768
2011-11-07,760,761,721,745,2628400,745
2011-11-08,736,738,696,701,2145300,701
2011-11-09,710,731,710,730,1956400,730
2011-11-10,706,715,695,708,2416300,708
2011-11-11,699,704,675,683,1662600,683
2011-11-14,700,713,687,694,1122100,694
2011-11-15,680,681,660,662,1771600,662
2011-11-16,679,689,649,653,2476700,653
2011-11-17,644,669,636,667,1974700,667
2011-11-18,647,655,637,647,1742600,647
2011-11-21,638,639,625,626,897300,626
2011-11-22,610,650,603,630,2726400,630
2011-11-24,610,617,597,604,2935700,604
2011-11-25,611,638,610,628,2889800,628
2011-11-28,668,688,650,658,3625000,658
2011-11-29,651,655,634,649,3262000,649
2011-11-30,639,644,625,631,2669200,631
2011-12-01,644,650,638,641,2834400,641
2011-12-02,631,649,629,648,2470300,648
2011-12-05,654,671,647,659,2925500,659
2011-12-06,649,653,628,629,2703200,629
2011-12-07,635,671,635,671,4934500,671
2011-12-08,645,661,626,641,5683700,641
2011-12-09,630,631,616,621,3899700,621
2011-12-12,633,648,627,647,3224600,647
2011-12-13,627,652,626,641,2483200,641
2011-12-14,636,638,624,630,2184100,630
2011-12-15,620,623,575,578,7305500,578
2011-12-16,568,576,554,571,4578500,571
2011-12-19,577,582,549,566,4088000,566
2011-12-20,578,592,574,576,3485700,576
2011-12-21,583,593,567,571,1962400,571
2011-12-22,563,575,558,571,2159200,571
2011-12-26,588,592,579,586,1657700,586
2011-12-27,576,579,569,574,1078100,574
2011-12-28,570,575,567,571,915600,571
2011-12-29,565,567,554,562,1293400,562
2011-12-30,557,570,552,569,1322900,569
2012-01-04,576,589,573,581,2319500,581
2012-01-05,572,574,560,564,2066900,564
2012-01-06,559,567,546,550,2165200,550
2012-01-10,547,547,535,545,2341200,545
2012-01-11,545,561,543,553,2180500,553
2012-01-12,563,579,555,571,3505400,571
2012-01-13,572,578,560,576,2600700,576
2012-01-16,568,569,557,559,2188800,559
2012-01-17,557,557,532,534,3799900,534
2012-01-18,527,558,520,555,4724500,555
2012-01-19,565,608,564,607,5598700,607
2012-01-20,617,649,615,645,7961900,645
2012-01-23,658,680,650,662,5365500,662
2012-01-24,665,672,652,655,3384300,655
2012-01-25,665,698,662,696,5665800,696
2012-01-26,699,704,678,685,4335500,685
2012-01-27,684,684,657,662,3979800,662
2012-01-30,650,677,649,660,3060200,660
2012-01-31,662,668,649,653,3254700,653
2012-02-01,645,684,638,675,3422700,675
2012-02-02,630,641,575,575,10256300,575
2012-02-03,604,675,581,675,16373700,675
2012-02-06,685,726,668,696,9605400,696
2012-02-07,697,719,687,716,3383500,716
2012-02-08,714,747,714,746,4548400,746
2012-02-09,741,742,716,731,3677900,731
2012-02-10,732,738,714,715,2866700,715
2012-02-13,702,712,696,708,2911700,708
2012-02-14,708,719,690,714,2298000,714
2012-02-15,724,737,713,730,3193100,730
2012-02-16,719,784,717,765,6152100,765
2012-02-17,799,803,757,761,3813700,761
2012-02-20,774,785,767,781,2747600,781
2012-02-21,775,775,743,760,2919900,760
2012-02-22,750,780,747,776,3180100,776
2012-02-23,769,810,765,807,3896200,807
2012-02-24,800,857,797,853,5551600,853
2012-02-27,881,899,851,854,4559100,854
2012-02-28,824,861,807,861,5889100,861
2012-02-29,875,925,870,874,8893400,874
2012-03-01,878,906,857,872,7032000,872
2012-03-02,890,898,854,885,4218900,885
2012-03-05,884,884,831,838,4180000,838
2012-03-06,834,851,817,842,5351600,842
2012-03-07,827,859,822,849,2999400,849
2012-03-08,880,892,845,887,6744800,887
2012-03-09,900,913,856,897,7035100,897
2012-03-12,912,1000,901,976,12571900,976
2012-03-13,963,970,945,948,6204500,948
2012-03-14,975,993,965,981,5108300,981
2012-03-15,982,988,924,955,8055300,955
2012-03-16,955,1009,947,1005,5413800,1005
2012-03-19,1000,1015,981,995,3489300,995
2012-03-21,995,1065,988,1033,6087300,1033
2012-03-22,1019,1038,993,1000,4015600,1000
2012-03-23,980,998,971,978,2601600,978
2012-03-26,986,1017,985,1008,2608000,1008
2012-03-27,1022,1032,995,1011,2543600,1011
2012-03-28,1013,1037,998,1032,2433600,1032
2012-03-29,1019,1029,1002,1025,2286900,1025
2012-03-30,1030,1042,1003,1007,2742900,1007
2012-04-02,1001,1010,986,986,2828100,986
2012-04-03,981,1005,973,989,2822700,989
2012-04-04,979,983,936,939,4377400,939
2012-04-05,902,934,892,929,5308100,929
2012-04-06,916,923,894,901,3124900,901
2012-04-09,879,904,872,882,2745800,882
2012-04-10,888,915,871,873,2958200,873
2012-04-11,856,874,850,870,2836600,870
2012-04-12,864,868,830,842,3629000,842
2012-04-13,856,873,832,834,2929600,834
2012-04-16,822,822,788,790,3777100,790
2012-04-17,800,818,761,765,4876100,765
2012-04-18,799,804,773,794,3955000,794
2012-04-19,790,832,790,823,4644700,823
2012-04-20,812,874,812,871,7495800,871
2012-04-23,853,875,838,846,4473900,846
2012-04-24,847,885,846,863,3881000,863
2012-04-25,885,903,864,869,3806800,869
2012-04-26,866,877,850,854,2790900,854
2012-04-27,860,882,846,858,3430800,858
2012-05-01,848,849,817,818,2900100,818
2012-05-02,826,834,812,825,1860600,825
2012-05-07,798,803,768,774,2732200,774
2012-05-08,789,809,775,778,3185100,778
2012-05-09,765,773,741,753,3286700,753
2012-05-10,754,777,740,759,2200900,759
2012-05-11,749,763,705,707,3678900,707
2012-05-14,702,733,698,712,3278100,712
2012-05-15,698,703,672,694,3687700,694
2012-05-16,696,725,686,699,4039600,699
2012-05-17,699,737,696,734,3973800,734
2012-05-18,705,707,674,678,4526400,678
2012-05-21,675,690,667,685,2570500,685
2012-05-22,700,727,700,720,3923800,720
2012-05-23,721,724,679,682,3437100,682
2012-05-24,683,691,667,684,2678600,684
2012-05-25,679,680,641,642,4100900,642
2012-05-28,641,653,629,642,2755900,642
2012-05-29,629,664,614,663,3932700,663
2012-05-30,656,672,646,671,3735400,671
2012-05-31,648,666,636,661,3452700,661
2012-06-01,645,649,622,628,3010600,628
2012-06-04,605,624,601,610,2481700,610
2012-06-05,625,658,625,656,3454100,656
2012-06-06,656,690,646,686,4060000,686
2012-06-07,700,706,686,692,2294700,692
2012-06-08,686,703,676,690,3875900,690
2012-06-11,745,790,734,790,8777900,790
2012-06-12,775,811,765,796,11581500,796
2012-06-13,788,801,752,770,7644900,770
2012-06-14,771,783,752,778,3996700,778
2012-06-15,777,781,761,764,2677800,764
2012-06-18,785,801,781,794,2908300,794
2012-06-19,783,789,772,773,2330200,773
2012-06-20,794,795,772,786,3113700,786
2012-06-21,792,807,783,790,3103800,790
2012-06-22,775,797,760,790,2337000,790
2012-06-25,810,816,769,770,3300000,770
2012-06-26,760,769,743,749,2437100,749
2012-06-27,750,750,722,734,2875500,734
2012-06-28,743,755,706,713,3747400,713
2012-06-29,719,738,706,715,3294500,715
2012-07-02,721,724,715,717,2573700,717
2012-07-03,718,729,709,720,2428100,720
2012-07-04,729,764,727,750,3853500,750
2012-07-05,745,747,719,724,1979400,724
2012-07-06,724,728,704,713,2678400,713
2012-07-09,707,709,678,680,2950900,680
2012-07-10,683,692,668,671,2338800,671
2012-07-11,663,664,653,662,1952100,662
2012-07-12,668,668,641,642,2639600,642
2012-07-13,644,661,642,649,2782300,649
2012-07-17,650,650,610,610,3225200,610
2012-07-18,612,617,576,581,3382900,581
2012-07-19,592,610,581,601,3366100,601
2012-07-20,601,609,586,591,2952400,591
2012-07-23,573,578,545,547,3294600,547
2012-07-24,553,558,538,545,3536200,545
2012-07-25,541,542,521,527,2773700,527
2012-07-26,531,548,523,544,3552100,544
2012-07-27,564,579,554,572,3615200,572
2012-07-30,584,597,561,569,2504000,569
2012-07-31,559,601,549,601,3809300,601
2012-08-01,585,594,572,584,2597700,584
2012-08-02,576,596,575,590,1828900,590
2012-08-03,577,577,549,555,2512800,555
2012-08-06,575,579,561,563,2768800,563
2012-08-07,555,588,554,585,2169000,585
2012-08-08,600,636,590,594,4935200,594
2012-08-09,574,619,574,616,3790200,616
2012-08-10,608,626,606,612,2456500,612
2012-08-13,612,629,612,619,1629300,619
2012-08-14,624,627,599,605,2112900,605
2012-08-15,610,614,589,594,1738300,594
2012-08-16,593,624,593,624,2206800,624
2012-08-17,632,648,622,642,2362300,642
2012-08-20,650,661,641,648,2390100,648
2012-08-21,645,650,635,643,1306800,643
2012-08-22,640,650,635,648,1749200,648
2012-08-23,638,656,629,654,1975500,654
2012-08-24,639,653,635,650,2140600,650
2012-08-27,660,661,646,650,1824300,650
2012-08-28,650,654,605,608,3478600,608
2012-08-29,614,638,608,633,2615700,633
2012-08-30,633,633,616,623,1790400,623
2012-08-31,605,617,590,590,3069700,590
2012-09-03,593,604,571,593,3003100,593
2012-09-04,586,603,577,598,2838000,598
2012-09-05,596,599,586,588,2623800,588
2012-09-06,591,612,583,599,2873800,599
2012-09-07,624,628,603,623,2791100,623
2012-09-10,634,634,579,581,6441500,581
2012-09-11,565,566,534,538,6011200,538
2012-09-12,538,550,527,550,4275300,550
2012-09-13,545,556,536,551,2667300,551
2012-09-14,560,582,555,574,4179300,574
2012-09-18,589,599,578,592,4041400,592
2012-09-19,589,608,580,599,3846500,599
2012-09-20,591,596,572,573,3499800,573
2012-09-21,575,585,572,575,2485700,575
2012-09-24,568,576,560,565,1999400,565
2012-09-25,559,568,547,565,2256300,565
2012-09-26,550,562,545,547,2188600,547
2012-09-27,540,545,532,534,2935900,534
2012-09-28,539,541,525,526,3334700,526
2012-10-01,520,532,517,524,2076300,524
2012-10-02,531,536,524,531,1835100,531
2012-10-03,523,530,507,510,2761400,510
2012-10-04,509,520,480,512,5067600,512
2012-10-05,519,543,518,542,4170400,542
2012-10-09,526,534,517,518,2282100,518
2012-10-10,500,514,499,502,2589800,502
2012-10-11,498,520,494,511,3202300,511
2012-10-12,511,525,510,518,2379500,518
2012-10-15,516,540,513,540,3047000,540
2012-10-16,538,543,527,537,2534000,537
2012-10-17,543,547,534,537,2535600,537
2012-10-18,547,574,542,573,3789400,573
2012-10-19,567,577,560,574,1971000,574
2012-10-22,554,579,552,573,1967900,573
2012-10-23,579,586,560,560,2014600,560
2012-10-24,552,564,547,553,1953700,553
2012-10-25,553,561,547,557,2380000,557
2012-10-26,560,569,545,545,2223900,545
2012-10-29,540,543,532,536,1887200,536
2012-10-30,538,553,534,537,1988400,537
2012-10-31,542,550,541,546,1323500,546
2012-11-01,545,552,541,550,1233500,550
2012-11-02,560,564,556,562,1292200,562
2012-11-05,556,561,555,559,870900,559
2012-11-06,553,554,547,550,1154600,550
2012-11-07,560,564,548,558,2187000,558
2012-11-08,543,547,530,531,3050500,531
2012-11-09,522,527,517,525,2329500,525
2012-11-12,520,529,516,518,1782900,518
2012-11-13,520,521,507,517,1832400,517
2012-11-14,517,524,514,524,993900,524
2012-11-15,531,568,528,566,4063200,566
2012-11-16,568,602,568,592,4498800,592
2012-11-19,607,617,586,587,3231500,587
2012-11-20,588,588,557,558,4196400,558
2012-11-21,564,581,560,566,3963500,566
2012-11-22,576,583,568,576,3229900,576
2012-11-26,590,608,590,592,3103200,592
2012-11-27,589,595,572,577,2624500,577
2012-11-28,570,571,556,559,2763100,559
2012-11-29,570,582,568,582,1773600,582
2012-11-30,584,590,575,576,2019200,576
2012-12-03,582,583,573,580,1713300,580
2012-12-04,573,579,567,578,2096100,578
2012-12-05,574,590,571,585,1872400,585
2012-12-06,589,592,584,587,2557000,587
2012-12-07,588,591,576,580,3002800,580
2012-12-10,680,680,680,680,510300,680
2012-12-11,710,763,708,717,23769900,717
2012-12-12,717,760,709,740,10517900,740
2012-12-13,738,746,711,713,6635000,713
2012-12-14,710,732,695,721,5487300,721
2012-12-17,741,742,714,719,2983500,719
2012-12-18,716,727,706,724,2598000,724
2012-12-19,726,740,717,737,3146600,737
2012-12-20,739,742,719,732,3844600,732
2012-12-21,745,760,710,722,4549500,722
2012-12-25,734,757,731,751,2775100,751
2012-12-26,756,808,749,807,4779100,807
2012-12-27,820,855,812,852,5994100,852
2012-12-28,857,861,821,840,4267500,840
2013-01-04,860,879,853,877,4249700,877
2013-01-07,888,888,845,850,3656300,850
2013-01-08,846,846,809,818,3411700,818
2013-01-09,800,839,796,820,3015600,820
2013-01-10,822,863,822,849,3694100,849
2013-01-11,862,864,840,854,3103300,854
2013-01-15,866,882,861,867,3061500,867
2013-01-16,858,875,844,848,4003600,848
2013-01-17,856,862,826,840,3630100,840
2013-01-18,881,939,876,938,6731100,938
2013-01-21,939,977,915,963,5385900,963
2013-01-22,959,964,921,948,4010900,948
2013-01-23,918,928,894,896,3862500,896
2013-01-24,881,904,856,880,5752500,880
2013-01-25,910,928,894,918,3567800,918
2013-01-28,938,939,883,883,3338800,883
2013-01-29,883,924,880,922,3231200,922
2013-01-30,919,944,909,943,2424200,943
2013-01-31,943,955,928,949,2690200,949
2013-02-01,963,966,936,945,2504000,945
2013-02-04,965,969,941,948,2503600,948
2013-02-05,920,928,894,898,2939100,898
2013-02-06,920,940,914,932,2604200,932
2013-02-07,923,948,920,945,1636000,945
2013-02-08,927,955,907,910,2274900,910
2013-02-12,932,939,903,903,2172500,903
2013-02-13,895,898,857,869,2843700,869
2013-02-14,870,918,869,897,2199100,897
2013-02-15,885,898,863,895,2525800,895
2013-02-18,910,942,909,932,2329000,932
2013-02-19,933,943,919,934,1815300,934
2013-02-20,942,945,924,926,2118700,926
2013-02-21,918,936,911,911,2402100,911
2013-02-22,907,919,878,907,2310100,907
2013-02-25,930,954,922,941,2318500,941
2013-02-26,915,932,912,918,1934300,918
2013-02-27,905,920,900,902,2234200,902
2013-02-28,917,929,908,927,1700400,927
2013-03-01,927,934,914,929,1307400,929
2013-03-04,933,950,930,946,1546800,946
2013-03-05,960,1027,956,1009,5349700,1009
2013-03-06,1050,1088,1026,1034,6187300,1034
2013-03-07,1030,1045,1000,1015,4108900,1015
2013-03-08,1065,1080,1028,1040,4422500,1040
2013-03-11,1130,1160,1033,1039,9931000,1039
2013-03-12,1041,1087,1032,1033,4796800,1033
2013-03-13,1029,1050,1003,1029,3643800,1029
2013-03-14,1030,1039,984,986,4352600,986
2013-03-15,980,1006,961,982,4183600,982
2013-03-18,1002,1002,962,991,3977300,991
2013-03-19,1011,1067,1008,1064,4564800,1064
2013-03-21,1094,1114,1087,1098,4602600,1098
2013-03-22,1078,1090,1071,1077,2673200,1077
2013-03-25,1094,1102,1065,1083,2028600,1083
2013-03-26,1061,1068,1045,1049,2181300,1049
2013-03-27,1055,1092,1054,1079,2023300,1079
2013-03-28,1080,1084,1046,1060,1841900,1060
2013-03-29,1074,1103,1070,1090,2616600,1090
2013-04-01,1090,1106,1077,1077,2464000,1077
2013-04-02,1044,1054,1022,1041,2830100,1041
2013-04-03,1042,1042,986,1013,4044700,1013
2013-04-04,983,1008,953,1008,3605000,1008
2013-04-05,1090,1097,1028,1032,3288900,1032
2013-04-08,1075,1077,1038,1045,2107100,1045
2013-04-09,1066,1090,1065,1078,2504700,1078
2013-04-10,1079,1093,1074,1082,1799200,1082
2013-04-11,1095,1099,1048,1052,3040000,1052
2013-04-12,1036,1057,1023,1042,2789600,1042
2013-04-15,1021,1050,1018,1030,2415100,1030
2013-04-16,1000,1024,979,1013,2957800,1013
2013-04-17,1021,1026,1002,1012,2211000,1012
2013-04-18,997,1007,981,990,1728100,990
2013-04-19,990,997,972,985,1927200,985
2013-04-22,1001,1037,1000,1030,3770800,1030
2013-04-23,1015,1049,1007,1038,2597200,1038
2013-04-24,1045,1060,1018,1036,2476200,1036
2013-04-25,1032,1060,1025,1048,2623400,1048
2013-04-26,1048,1058,1037,1046,1809200,1046
2013-04-30,1036,1037,995,1023,3561100,1023
2013-05-01,1010,1023,997,1000,2374200,1000
2013-05-02,990,1005,986,995,1456100,995
2013-05-07,1030,1068,1019,1059,3669400,1059
2013-05-08,1069,1118,1065,1102,3473600,1102
2013-05-09,1093,1148,1091,1108,2984300,1108
2013-05-10,1147,1158,1136,1145,2798900,1145
2013-05-13,1175,1193,1163,1169,1713300,1169
2013-05-14,1178,1230,1168,1203,2948700,1203
2013-05-15,1243,1260,1234,1237,2077300,1237
2013-05-16,1254,1254,1200,1250,2149600,1250
2013-05-17,1242,1278,1227,1271,2150400,1271
2013-05-20,1296,1343,1290,1337,2672500,1337
2013-05-21,1337,1396,1304,1393,3219000,1393
2013-05-22,1400,1422,1360,1392,2755900,1392
2013-05-23,1393,1416,1317,1333,3972600,1333
2013-05-24,1350,1400,1298,1381,3748900,1381
2013-05-27,1339,1347,1291,1299,2381500,1299
2013-05-28,1271,1347,1263,1337,2102300,1337
2013-05-29,1374,1399,1359,1370,2194000,1370
2013-05-30,1315,1363,1306,1318,2701800,1318
2013-05-31,1322,1346,1246,1253,3554100,1253
2013-06-03,1240,1263,1203,1234,2406300,1234
2013-06-04,1214,1268,1201,1261,1673800,1261
2013-06-05,1262,1282,1221,1227,1852700,1227
2013-06-06,1199,1246,1164,1213,3079500,1213
2013-06-07,1171,1200,1125,1174,2177900,1174
2013-06-10,1114,1186,1085,1127,5853800,1127
2013-06-11,1141,1175,1110,1121,2897800,1121
2013-06-12,1114,1134,1066,1124,1856200,1124
2013-06-13,1098,1124,1063,1082,1989900,1082
2013-06-14,1111,1140,1078,1080,2527200,1080
2013-06-17,1066,1097,1046,1096,1900000,1096
2013-06-18,1075,1114,1072,1105,1651100,1105
2013-06-19,1129,1140,1096,1108,1330500,1108
2013-06-20,1100,1103,1073,1073,1523000,1073
2013-06-21,1046,1085,1016,1075,2076000,1075
2013-06-24,1086,1090,1052,1067,1630000,1067
2013-06-25,1055,1057,986,1007,2829900,1007
2013-06-26,1033,1059,1009,1027,2042600,1027
2013-06-27,1042,1075,1020,1075,1809100,1075
2013-06-28,1080,1123,1080,1091,2520100,1091
2013-07-01,1087,1092,1044,1088,1852900,1088
2013-07-02,1105,1126,1099,1126,1098600,1126
2013-07-03,1141,1147,1094,1099,907100,1099
2013-07-04,1091,1113,1080,1086,580200,1086
2013-07-05,1100,1145,1099,1144,1347600,1144
2013-07-08,1174,1201,1135,1136,1667600,1136
2013-07-09,1153,1164,1126,1148,1474200,1148
2013-07-10,1146,1147,1107,1119,1619400,1119
2013-07-11,1109,1125,1068,1081,2060500,1081
2013-07-12,1082,1098,1073,1094,1551400,1094
2013-07-16,1109,1114,1078,1084,1611000,1084
2013-07-17,1079,1079,1048,1059,2068500,1059
2013-07-18,1059,1059,1017,1046,2601300,1046
2013-07-19,1060,1074,1011,1018,2758700,1018
2013-07-22,1029,1032,990,994,2159400,994
2013-07-23,984,984,957,961,2690600,961
2013-07-24,955,974,940,950,2414100,950
2013-07-25,959,985,945,958,2577000,958
2013-07-26,935,938,911,917,2720400,917
2013-07-29,880,906,871,874,2679800,874
2013-07-30,870,898,867,894,2265400,894
2013-07-31,877,887,861,865,2136200,865
2013-08-01,857,861,829,846,3360300,846
2013-08-02,861,894,861,894,3279700,894
2013-08-05,886,888,872,878,1690800,878
2013-08-06,883,897,871,897,1781400,897
2013-08-07,875,878,853,853,2297800,853
2013-08-08,850,867,843,846,1768700,846
2013-08-09,842,853,813,831,2355500,831
2013-08-12,816,820,798,801,2033800,801
2013-08-13,811,823,802,818,1709200,818
2013-08-14,822,827,799,814,1324500,814
2013-08-15,803,832,803,815,1524000,815
2013-08-16,800,815,792,802,1487700,802
2013-08-19,800,827,800,827,1309600,827
2013-08-20,827,842,806,806,1726300,806
2013-08-21,807,819,791,803,1213300,803
2013-08-22,804,805,787,800,1050600,800
2013-08-23,815,822,804,808,1143400,808
2013-08-26,813,833,810,826,1309200,826
2013-08-27,817,827,804,812,917200,812
2013-08-28,787,797,781,793,942500,793
2013-08-29,798,811,794,807,1077800,807
2013-08-30,852,856,816,820,4084900,820
2013-09-02,820,820,789,803,1779200,803
2013-09-03,817,857,817,855,2905000,855
2013-09-04,849,876,835,873,2350500,873
2013-09-05,882,890,853,866,2180200,866
2013-09-06,881,888,867,883,2616800,883
2013-09-09,780,785,733,734,8162700,734
2013-09-10,744,747,725,738,3592100,738
2013-09-11,744,762,738,742,3591200,742
2013-09-12,738,749,733,747,2162800,747
2013-09-13,752,763,751,760,3075600,760
2013-09-17,768,785,764,773,2263900,773
2013-09-18,780,795,778,786,2395700,786
2013-09-19,790,804,785,804,1838000,804
2013-09-20,813,817,801,806,1423300,806
2013-09-24,799,800,782,788,2263300,788
2013-09-25,796,810,789,804,1401900,804
2013-09-26,791,810,787,810,1579300,810
2013-09-27,808,814,797,800,1025200,800
2013-09-30,788,802,784,797,1585400,797
2013-10-01,792,796,784,788,1284800,788
2013-10-02,784,793,775,781,1669300,781
2013-10-03,782,787,761,767,1620800,767
2013-10-04,755,771,746,761,1422100,761
2013-10-07,759,761,740,742,1459300,742
2013-10-08,733,744,726,739,1092200,739
2013-10-09,739,778,736,773,1465700,773
2013-10-10,773,774,754,773,1073300,773
2013-10-11,793,804,787,802,1486300,802
2013-10-15,823,824,787,798,1414800,798
2013-10-16,790,791,775,784,1465100,784
2013-10-17,812,823,804,823,2485300,823
2013-10-18,839,883,838,880,4603000,880
2013-10-21,876,891,866,891,2252200,891
2013-10-22,898,913,891,895,2456800,895
2013-10-23,902,903,863,872,2130500,872
2013-10-24,865,881,856,879,1637700,879
2013-10-25,877,897,872,880,2700300,880
2013-10-28,881,889,864,884,2201600,884
2013-10-29,872,873,856,857,1426200,857
2013-10-30,875,896,874,894,2341100,894
2013-10-31,886,894,867,890,2375500,890
2013-11-01,894,894,860,863,1668800,863
2013-11-05,860,869,826,836,2092300,836
2013-11-06,842,869,836,857,1652200,857
2013-11-07,862,868,832,837,1815000,837
2013-11-08,823,844,815,841,1998600,841
2013-11-11,848,862,837,859,1383800,859
2013-11-12,854,874,848,871,1093600,871
2013-11-13,869,883,862,880,777000,880
2013-11-14,886,898,881,892,1385600,892
2013-11-15,900,915,893,910,1540500,910
2013-11-18,913,915,888,895,1416200,895
2013-11-19,889,893,874,883,1529600,883
2013-11-20,880,888,865,869,1520200,869
2013-11-21,868,894,868,886,1796400,886
2013-11-22,898,914,895,910,1655200,910
2013-11-25,911,940,911,922,2131200,922
2013-11-26,920,924,906,911,1610600,911
2013-11-27,909,923,902,913,908300,913
2013-11-28,1003,1004,958,964,4996400,964
2013-11-29,983,1017,973,994,4065300,994
2013-12-02,988,1002,970,985,1790400,985
2013-12-03,978,983,959,964,2152800,964
2013-12-04,951,974,948,961,1582400,961
2013-12-05,960,962,932,937,1564300,937
2013-12-06,936,967,935,959,1985000,959
2013-12-09,964,973,906,930,4664700,930
2013-12-10,940,955,924,950,2666300,950
2013-12-11,939,944,930,934,1758500,934
2013-12-12,928,938,922,934,1168600,934
2013-12-13,929,942,917,922,2206400,922
2013-12-16,919,919,887,889,2123600,889
2013-12-17,896,903,880,884,1142900,884
2013-12-18,887,909,882,908,1864300,908
2013-12-19,923,944,922,926,1497500,926
2013-12-20,914,918,902,907,1122200,907
2013-12-24,901,909,888,891,1522300,891
2013-12-25,881,897,881,893,938400,893
2013-12-26,894,915,890,912,1220600,912
2013-12-27,919,925,900,908,850300,908
2013-12-30,916,942,911,928,1355000,928
2014-01-06,914,928,902,902,1417500,902
2014-01-07,911,922,903,915,1742600,915
2014-01-08,925,929,912,922,1179200,922
2014-01-09,922,936,913,916,2360400,916
2014-01-10,902,904,885,894,3791100,894
2014-01-14,862,874,855,861,4104300,861
2014-01-15,868,883,851,879,4068200,879
2014-01-16,889,920,886,906,3295900,906
2014-01-17,911,936,906,928,2389600,928
2014-01-20,925,932,906,914,1569800,914
2014-01-21,913,920,886,887,3223400,887
2014-01-22,882,886,868,879,2163500,879
2014-01-23,886,903,886,899,2575800,899
2014-01-24,874,883,861,866,2848700,866
2014-01-27,831,838,819,821,2438900,821
2014-01-28,829,837,816,828,1459100,828
2014-01-29,843,866,841,863,2000600,863
2014-01-30,831,833,809,817,2174200,817
2014-01-31,821,824,790,795,1914200,795
2014-02-03,788,796,770,771,1491400,771
2014-02-04,738,748,721,721,2235300,721
2014-02-05,749,755,724,738,2260000,738
2014-02-06,737,749,731,739,1237700,739
2014-02-07,763,777,762,771,1468300,771
2014-02-10,795,797,778,786,1249700,786
2014-02-12,786,814,786,799,2340700,799
2014-02-13,798,804,783,787,1228900,787
2014-02-14,796,809,772,775,1798000,775
2014-02-17,760,766,718,725,5076000,725
2014-02-18,730,777,730,767,3455300,767
2014-02-19,758,769,747,759,1613100,759
2014-02-20,766,797,759,765,2873100,765
2014-02-21,757,802,757,798,2272000,798
2014-02-24,798,801,776,791,1911100,791
2014-02-25,794,800,779,787,1739500,787
2014-02-26,787,797,779,786,1150400,786
2014-02-27,780,793,765,783,1366000,783
2014-02-28,778,786,771,780,1445000,780
2014-03-03,765,773,745,753,1352000,753
2014-03-04,746,759,740,750,1247100,750
2014-03-05,763,768,745,747,1775600,747
2014-03-06,747,764,745,762,2218500,762
2014-03-07,767,775,744,751,3312900,751
2014-03-10,746,748,719,727,3122100,727
2014-03-11,724,730,720,726,1254100,726
2014-03-12,722,742,711,739,3222200,739
2014-03-13,733,761,729,739,3878100,739
2014-03-14,728,729,705,707,2933500,707
2014-03-17,700,703,688,703,2398400,703
2014-03-18,701,724,701,713,2109700,713
2014-03-19,718,723,692,705,1947400,705
2014-03-20,710,715,678,678,2478200,678
2014-03-24,677,714,675,703,3262400,703
2014-03-25,699,717,683,703,1945700,703
2014-03-26,717,757,711,751,4467100,751
2014-03-27,740,762,723,757,2786300,757
2014-03-28,765,807,762,803,3732200,803
2014-03-31,810,817,790,797,2813500,797
2014-04-01,797,808,782,795,2574900,795
2014-04-02,807,837,806,816,2571200,816
2014-04-03,816,819,791,797,2680600,797
2014-04-04,797,809,792,797,1865700,797
2014-04-07,782,801,782,790,1854600,790
2014-04-08,788,794,756,761,2982300,761
2014-04-09,746,761,738,747,2487600,747
2014-04-10,769,789,751,755,2572500,755
2014-04-11,731,766,728,759,2203400,759
2014-04-14,757,788,752,776,2069500,776
2014-04-15,783,799,773,785,1999400,785
2014-04-16,788,798,781,797,1567500,797
2014-04-17,800,806,784,787,1657400,787
2014-04-18,802,844,792,840,5015100,840
2014-04-21,836,842,822,836,1819900,836
2014-04-22,843,848,805,806,1950700,806
2014-04-23,818,835,818,827,1877100,827
2014-04-24,835,835,805,811,1692500,811
2014-04-25,798,801,783,793,2103900,793
2014-04-28,784,791,773,790,1240800,790
2014-04-30,805,810,781,784,1623700,784
2014-05-01,790,795,774,789,1478800,789
2014-05-02,790,798,785,794,1343200,794
2014-05-07,787,787,758,760,1454200,760
2014-05-08,761,768,722,748,2970700,748
2014-05-09,741,747,733,738,1897700,738
2014-05-12,746,753,738,743,1286500,743
2014-05-13,756,767,749,752,1620800,752
2014-05-14,746,759,740,751,1337600,751
2014-05-15,733,736,714,731,3941500,731
2014-05-16,750,792,749,778,7781000,778
2014-05-19,790,792,756,760,3463600,760
2014-05-20,765,781,761,770,2478700,770
2014-05-21,765,782,762,775,2117400,775
2014-05-22,778,800,774,793,2780500,793
2014-05-23,793,805,792,803,2407800,803
2014-05-26,809,812,800,806,1184000,806
2014-05-27,804,809,797,801,2120200,801
2014-05-28,804,817,804,807,2035300,807
2014-05-29,798,810,792,799,2144000,799
2014-05-30,796,807,780,796,10227400,796
2014-06-02,805,819,800,816,2774700,816
2014-06-03,830,835,814,819,2271200,819
2014-06-04,827,828,815,819,1595900,819
2014-06-05,813,829,812,821,1726100,821
2014-06-06,848,918,846,914,11183400,914
2014-06-09,919,933,870,872,6264000,872
2014-06-10,872,878,853,855,2511400,855
2014-06-11,865,877,862,874,2342400,874
2014-06-12,856,875,856,870,1292600,870
2014-06-13,855,875,846,867,2176400,867
2014-06-16,873,895,867,873,2326900,873
2014-06-17,887,896,868,874,1942500,874
2014-06-18,878,885,871,880,1098200,880
2014-06-19,887,895,882,886,1995300,886
2014-06-20,893,896,872,878,1963600,878
2014-06-23,881,898,881,894,2219100,894
2014-06-24,895,898,883,889,1712100,889
2014-06-25,892,909,890,903,2575000,903
2014-06-26,920,933,913,918,2431400,918
2014-06-27,903,921,897,912,3299100,912
2014-06-30,910,942,909,928,2318400,928
2014-07-01,938,976,935,967,3975100,967
2014-07-02,938,943,913,929,4070700,929
2014-07-03,929,933,911,931,2590300,931
2014-07-04,946,961,940,951,2066800,951
2014-07-07,950,955,937,946,1214500,946
2014-07-08,938,942,929,935,2535600,935
2014-07-09,914,979,912,964,5491000,964
2014-07-10,960,972,953,959,2886400,959
2014-07-11,954,965,943,957,2452500,957
2014-07-14,950,971,946,962,1717900,962
2014-07-15,962,969,949,953,1470000,953
2014-07-16,968,997,960,984,2654600,984
2014-07-17,980,991,951,956,3716400,956
2014-07-18,926,943,910,934,2441400,934
2014-07-22,940,947,920,938,1679100,938
2014-07-23,939,953,939,947,1634400,947
2014-07-24,956,963,945,955,2851500,955
2014-07-25,960,968,935,949,2175800,949
2014-07-28,955,962,948,954,1599000,954
2014-07-29,950,951,932,936,2194100,936
2014-07-30,941,958,940,947,3356000,947
2014-07-31,959,967,954,958,2372000,958
2014-08-01,955,970,951,955,2094400,955
2014-08-04,944,963,942,956,1465300,956
2014-08-05,952,969,952,962,2383500,962
2014-08-06,950,964,923,932,2253200,932
2014-08-07,935,960,933,956,2403400,956
2014-08-08,942,956,926,929,3047700,929
2014-08-11,866,867,809,821,9751400,821
2014-08-12,828,851,825,850,4796900,850
2014-08-13,850,859,844,849,3289500,849
2014-08-14,841,847,830,838,2884800,838
2014-08-15,837,857,832,848,2995100,848
2014-08-18,842,856,832,852,1380900,852
2014-08-19,856,867,856,864,1440200,864
2014-08-20,871,879,863,865,1388300,865
2014-08-21,878,895,873,883,4038500,883
2014-08-22,892,903,885,895,2943100,895
2014-08-25,904,912,889,899,3109600,899
2014-08-26,893,905,887,893,1448800,893
2014-08-27,892,900,885,898,2281200,898
2014-08-28,889,899,887,894,2204800,894
2014-08-29,880,898,878,896,2715900,896
2014-09-01,897,922,888,916,2349700,916
2014-09-02,926,942,925,932,3138600,932
2014-09-03,944,965,939,955,3558100,955
2014-09-04,948,956,938,951,1941700,951
2014-09-05,961,984,956,980,2799100,980
2014-09-08,978,988,970,983,2239500,983
2014-09-09,995,1024,994,1013,2941300,1013
2014-09-10,999,1000,979,992,3348700,992
2014-09-11,1007,1017,998,1012,1772600,1012
2014-09-12,1037,1067,1033,1066,4950500,1066
2014-09-16,1075,1114,1075,1114,4466500,1114
2014-09-17,1126,1161,1108,1150,5434300,1150
2014-09-18,1175,1191,1156,1182,4946700,1182
2014-09-19,1195,1258,1195,1254,7314900,1254
2014-09-22,1240,1250,1210,1243,4111000,1243
2014-09-24,1213,1258,1208,1250,4418500,1250
2014-09-25,1288,1310,1246,1269,4933900,1269
2014-09-26,1239,1297,1234,1292,4136700,1292
2014-09-29,1290,1335,1283,1335,4036100,1335
2014-09-30,1347,1367,1308,1324,5361500,1324
2014-10-01,1294,1295,1220,1233,6296100,1233
2014-10-02,1185,1234,1177,1193,5811900,1193
2014-10-03,1185,1213,1165,1185,4272900,1185
2014-10-06,1215,1229,1195,1218,3119500,1218
2014-10-07,1209,1238,1183,1210,3556000,1210
2014-10-08,1181,1189,1168,1183,2475400,1183
2014-10-09,1218,1229,1156,1161,3152600,1161
2014-10-10,1131,1139,1115,1127,4143400,1127
2014-10-14,1080,1081,1056,1076,6539700,1076
2014-10-15,1093,1093,1058,1075,4361000,1075
2014-10-16,1054,1091,1035,1069,4020800,1069
2014-10-17,1094,1138,1093,1124,7700600,1124
2014-10-20,1178,1196,1171,1183,4472600,1183
2014-10-21,1179,1179,1150,1158,2473800,1158
2014-10-22,1195,1222,1184,1222,2591000,1222
2014-10-23,1218,1246,1214,1234,2230300,1234
2014-10-24,1270,1304,1268,1279,4225800,1279
2014-10-27,1282,1298,1280,1293,1486200,1293
2014-10-28,1300,1360,1300,1326,3008300,1326
2014-10-29,1356,1409,1347,1404,5257400,1404
2014-10-30,1393,1418,1385,1413,3405900,1413
2014-10-31,1420,1472,1406,1470,5277800,1470
2014-11-04,1581,1592,1527,1530,4858500,1530
2014-11-05,1515,1549,1506,1540,2627700,1540
2014-11-06,1550,1579,1527,1537,3687800,1537
2014-11-07,1548,1549,1512,1535,2116300,1535
2014-11-10,1600,1670,1476,1522,7102800,1522
2014-11-11,1500,1575,1478,1563,4592400,1563
2014-11-12,1565,1608,1554,1560,2796500,1560
2014-11-13,1539,1562,1503,1516,3475500,1516
2014-11-14,1523,1530,1493,1522,2669200,1522
2014-11-17,1525,1575,1487,1495,2620400,1495
2014-11-18,1504,1561,1504,1559,2086000,1559
2014-11-19,1564,1578,1551,1554,980200,1554
2014-11-20,1541,1565,1512,1535,2215900,1535
2014-11-21,1558,1558,1468,1498,3703200,1498
2014-11-25,1510,1515,1486,1492,3378400,1492
2014-11-26,1491,1492,1462,1462,2333800,1462
2014-11-27,1470,1518,1463,1500,3696600,1500
2014-11-28,1500,1522,1492,1513,2216200,1513
2014-12-01,1515,1545,1496,1503,1532900,1503
2014-12-02,1485,1493,1453,1480,2845500,1480
2014-12-03,1480,1497,1465,1480,1648500,1480
2014-12-04,1500,1598,1496,1596,5029700,1596
2014-12-05,1615,1837,1612,1806,12617500,1806
2014-12-08,1801,1807,1725,1740,5301000,1740
2014-12-09,1710,1762,1700,1705,2964300,1705
2014-12-10,1665,1696,1659,1672,2525200,1672
2014-12-11,1605,1680,1592,1657,3166100,1657
2014-12-12,1660,1679,1640,1664,1749200,1664
2014-12-15,1630,1647,1611,1614,2079600,1614
2014-12-16,1581,1595,1567,1571,1843100,1571
2014-12-17,1558,1619,1548,1602,2079500,1602
2014-12-18,1638,1698,1620,1698,3335500,1698
2014-12-19,1754,1768,1732,1753,3633100,1753
2014-12-22,1740,1768,1707,1753,2698000,1753
2014-12-24,1764,1795,1760,1784,2218800,1784
2014-12-25,1774,1784,1764,1777,819200,1777
2014-12-26,1772,1859,1754,1849,2019700,1849
2014-12-29,1856,1883,1785,1819,2062100,1819
2014-12-30,1803,1807,1742,1749,2734700,1749
2015-01-05,1718,1809,1694,1778,2283500,1778
2015-01-06,1721,1767,1711,1733,2224600,1733
2015-01-07,1720,1841,1716,1805,3102400,1805
2015-01-08,1816,1849,1746,1845,4414000,1845
2015-01-09,1845,1850,1778,1789,3033700,1789
2015-01-13,1749,1778,1705,1768,2655600,1768
2015-01-14,1737,1748,1674,1677,3602200,1677
2015-01-15,1682,1699,1636,1687,3592800,1687
2015-01-16,1637,1718,1636,1683,2692800,1683
2015-01-19,1689,1715,1673,1695,1442900,1695
2015-01-20,1680,1727,1676,1720,1257100,1720
2015-01-21,1712,1772,1686,1751,2618400,1751
2015-01-22,1770,1839,1761,1810,3136900,1810
2015-01-23,1833,1876,1816,1831,2447900,1831
2015-01-26,1811,1955,1803,1925,4113500,1925
2015-01-27,1924,1964,1842,1873,2742300,1873
2015-01-28,1852,1862,1805,1820,3113200,1820
2015-01-29,1808,1869,1780,1858,3144500,1858
2015-01-30,1988,2019,1969,2008,4990700,2008
2015-02-02,1988,2047,1953,2015,2770900,2015
2015-02-03,1988,2040,1981,2019,2927800,2019
2015-02-04,2049,2148,2045,2127,4548000,2127
2015-02-05,2112,2142,2052,2073,2718700,2073
2015-02-06,2119,2125,2031,2064,2151500,2064
2015-02-09,2112,2122,2035,2045,1773900,2045
2015-02-10,2037,2070,2013,2054,1446700,2054
2015-02-12,2110,2124,2060,2073,2228300,2073
2015-02-13,2173,2192,2103,2149,3425100,2149
2015-02-16,2141,2172,2102,2136,2044500,2136
2015-02-17,2107,2131,2073,2123,1319900,2123
2015-02-18,2123,2140,2096,2110,1714900,2110
2015-02-19,2129,2146,2108,2112,1646000,2112
2015-02-20,2105,2241,2093,2224,2942100,2224
2015-02-23,2251,2353,2243,2314,3697200,2314
2015-02-24,2317,2344,2263,2306,2420000,2306
2015-02-25,2273,2308,2241,2289,2321500,2289
2015-02-26,2268,2306,2256,2299,1648800,2299
2015-02-27,2305,2409,2279,2404,4788100,2404
2015-03-02,2428,2458,2379,2415,2380500,2415
2015-03-03,2439,2439,2385,2435,2062000,2435
2015-03-04,2191,2204,2105,2125,12691200,2125
2015-03-05,2112,2130,2025,2072,6669900,2072
2015-03-06,2053,2192,2051,2189,6618500,2189
2015-03-09,2152,2232,2151,2210,3501400,2210
2015-03-10,2234,2344,2234,2288,5940300,2288
2015-03-11,2259,2324,2241,2291,3942100,2291
2015-03-12,2263,2308,2250,2275,2932800,2275
2015-03-13,2269,2293,2243,2268,2544700,2268
2015-03-16,2280,2281,2226,2240,1649800,2240
2015-03-17,2278,2299,2249,2266,1686100,2266
2015-03-18,2266,2288,2243,2279,1679500,2279
2015-03-19,2270,2271,2202,2238,2091600,2238
2015-03-20,2236,2236,2203,2227,1566500,2227
2015-03-23,2244,2258,2182,2230,1745400,2230
2015-03-24,2193,2203,2158,2186,2121600,2186
2015-03-25,2165,2223,2165,2214,1578200,2214
2015-03-26,2170,2178,2056,2100,3319100,2100
2015-03-27,2100,2114,2010,2033,3686600,2033
2015-03-30,2032,2054,2006,2020,2318800,2020
2015-03-31,2043,2078,2019,2019,1379100,2019
2015-04-01,2018,2023,1978,1978,2996100,1978
2015-04-02,1950,1957,1898,1949,3183600,1949
2015-04-03,1840,2016,1840,2012,6677400,2012
2015-04-06,2000,2092,1992,2073,3700600,2073
2015-04-07,2069,2126,2064,2085,3014900,2085
2015-04-08,2095,2110,2066,2082,2287600,2082
2015-04-09,2110,2136,2067,2076,2988900,2076
2015-04-10,2082,2092,2035,2062,1804100,2062
2015-04-13,2058,2099,2041,2085,2434600,2085
2015-04-14,2065,2123,2062,2097,2467400,2097
2015-04-15,2114,2213,2096,2140,5799100,2140
2015-04-16,2134,2140,2075,2090,2662700,2090
2015-04-17,2056,2080,2012,2026,4756100,2026
2015-04-20,1998,2025,1965,1965,9497300,1965
2015-04-21,1955,1960,1923,1945,16461000,1945
2015-04-22,1937,1976,1937,1961,4983100,1961
2015-04-23,1962,1982,1952,1954,4227500,1954
2015-04-24,1954,1955,1925,1929,4174000,1929
2015-04-27,1922,1927,1903,1909,5794300,1909
2015-04-28,1902,1919,1890,1906,19290900,1906
2015-04-30,1866,1881,1813,1825,7454100,1825
2015-05-01,1801,1839,1792,1823,3244800,1823
2015-05-07,1834,1841,1801,1814,3471300,1814
2015-05-08,1825,1885,1825,1867,4861700,1867
2015-05-11,1891,1896,1861,1892,5199900,1892
2015-05-12,1887,1891,1864,1875,2370700,1875
2015-05-13,1866,1870,1836,1852,2090300,1852
2015-05-14,1881,1885,1855,1864,2180800,1864
2015-05-15,1775,1812,1731,1756,8271200,1756
2015-05-18,1755,1756,1716,1728,5681400,1728
2015-05-19,1734,1735,1678,1705,6091100,1705
2015-05-20,1732,1801,1732,1775,4963200,1775
2015-05-21,1751,1762,1715,1719,3122200,1719
2015-05-22,1739,1784,1722,1780,3519100,1780
2015-05-25,1770,1814,1770,1802,2533300,1802
2015-05-26,1812,1829,1792,1802,1378500,1802
2015-05-27,1817,1825,1802,1815,1786500,1815
2015-05-28,1844,1891,1839,1872,4958200,1872
2015-05-29,1878,1894,1869,1882,2438900,1882
2015-06-01,1882,1882,1846,1866,1775500,1866
2015-06-02,1864,1903,1831,1889,3533300,1889
2015-06-03,1866,1870,1841,1847,1816600,1847
2015-06-04,1860,1864,1816,1827,1612400,1827
2015-06-05,1849,1858,1782,1790,2254000,1790
2015-06-08,1771,1797,1755,1780,1529500,1780
2015-06-09,1756,1756,1701,1705,2250000,1705
2015-06-10,1705,1721,1672,1685,2392100,1685
2015-06-11,1692,1701,1680,1688,1612600,1688
2015-06-12,1702,1705,1651,1672,2298200,1672
2015-06-15,1652,1686,1652,1681,1072100,1681
2015-06-16,1677,1714,1670,1677,1862600,1677
2015-06-17,1683,1689,1615,1625,2576000,1625
2015-06-18,1601,1607,1473,1534,8377400,1534
2015-06-19,1566,1596,1537,1590,5625500,1590
2015-06-22,1550,1585,1533,1570,2750700,1570
2015-06-23,1584,1650,1557,1604,2549400,1604
2015-06-24,1640,1640,1586,1590,1801800,1590
2015-06-25,1569,1644,1567,1632,2542000,1632
2015-06-26,1608,1664,1608,1635,1686100,1635
2015-06-29,1556,1590,1543,1570,2407600,1570
2015-06-30,1560,1581,1517,1533,2216200,1533
2015-07-01,1530,1580,1530,1549,1500500,1549
2015-07-02,1552,1565,1503,1507,2590600,1507
2015-07-03,1501,1518,1469,1512,2431300,1512
2015-07-06,1463,1482,1417,1441,3368100,1441
2015-07-07,1455,1457,1427,1441,2021100,1441
2015-07-08,1426,1440,1364,1364,2791800,1364
2015-07-09,1308,1375,1292,1373,4199100,1373
2015-07-10,1363,1365,1316,1344,2834300,1344
2015-07-13,1358,1389,1351,1355,2517500,1355
2015-07-14,1370,1424,1365,1389,2509700,1389
2015-07-15,1390,1412,1374,1384,1477600,1384
2015-07-16,1384,1390,1334,1344,2425000,1344
2015-07-17,1335,1412,1318,1391,3023000,1391
2015-07-21,1398,1463,1398,1435,3727600,1435
2015-07-22,1390,1397,1373,1390,2229000,1390
2015-07-23,1380,1389,1300,1313,4514400,1313
2015-07-24,1313,1338,1282,1294,3262600,1294
2015-07-27,1275,1279,1224,1226,5579000,1226
2015-07-28,1226,1258,1214,1238,3547900,1238
2015-07-29,1226,1242,1196,1209,2942700,1209
2015-07-30,1207,1232,1204,1220,3225500,1220
2015-07-31,1220,1244,1219,1240,3486700,1240
2015-08-03,1240,1241,1184,1188,3377600,1188
2015-08-04,1158,1169,1129,1141,5052100,1141
2015-08-05,1180,1214,1171,1182,4848000,1182
2015-08-06,1200,1242,1199,1234,3788100,1234
2015-08-07,1330,1332,1173,1190,10293500,1190
2015-08-10,1203,1289,1202,1266,9394800,1266
2015-08-11,1290,1397,1274,1375,9411300,1375
2015-08-12,1367,1416,1312,1342,7888600,1342
2015-08-13,1345,1387,1340,1367,3188700,1367
2015-08-14,1373,1384,1310,1325,3011900,1325
2015-08-17,1316,1331,1286,1304,2568700,1304
2015-08-18,1281,1318,1253,1278,3089400,1278
2015-08-19,1277,1290,1207,1214,4343500,1214
2015-08-20,1240,1240,1171,1181,4370900,1181
2015-08-21,1150,1158,1117,1121,5563000,1121
2015-08-24,1076,1093,1051,1053,4629500,1053
2015-08-25,1041,1130,1001,1042,6228300,1042
2015-08-26,1050,1109,1043,1097,3744700,1097
2015-08-27,1110,1120,1062,1065,4533100,1065
2015-08-28,1085,1125,1069,1102,4737800,1102
2015-08-31,1135,1174,1092,1117,5898600,1117
2015-09-01,1089,1098,1052,1053,3466400,1053
2015-09-02,1020,1067,1020,1036,5352700,1036
2015-09-03,1050,1060,1021,1022,2588400,1022
2015-09-04,1030,1037,971,1000,4428000,1000
2015-09-07,1020,1047,992,1034,3707800,1034
2015-09-08,1037,1100,1037,1065,5329000,1065
2015-09-09,1100,1155,1088,1153,4225800,1153
2015-09-10,1117,1145,1105,1137,2825900,1137
2015-09-11,1145,1162,1129,1152,3141800,1152
2015-09-14,1160,1176,1134,1155,2918600,1155
2015-09-15,1165,1180,1147,1157,2311600,1157
2015-09-16,1195,1234,1178,1228,3989000,1228
2015-09-17,1234,1284,1233,1246,4900100,1246
2015-09-18,1216,1220,1188,1191,3399800,1191
2015-09-24,1134,1140,1102,1103,4110100,1103
2015-09-25,1109,1117,1063,1102,3534500,1102
2015-09-28,1083,1087,1046,1061,3451600,1061
2015-09-29,1061,1062,1021,1021,3949300,1021
2015-09-30,1045,1075,1035,1066,2573600,1066
2015-10-01,1066,1144,1052,1125,3116500,1125
2015-10-02,1069,1126,1067,1106,3126100,1106
2015-10-05,1124,1179,1122,1166,2904600,1166
2015-10-06,1196,1217,1132,1138,2900800,1138
2015-10-07,1134,1200,1108,1187,3226600,1187
2015-10-08,1198,1250,1197,1236,3802900,1236
2015-10-09,1245,1293,1237,1261,3516600,1261
2015-10-13,1248,1276,1246,1267,2544100,1267
2015-10-14,1236,1238,1163,1169,5299500,1169
2015-10-15,1165,1213,1153,1206,3693700,1206
2015-10-16,1207,1221,1160,1182,3440400,1182
2015-10-19,1160,1180,1107,1114,4442100,1114
2015-10-20,1130,1158,1123,1152,2331900,1152
2015-10-21,1135,1198,1130,1194,2245600,1194
2015-10-22,1194,1239,1177,1219,3093600,1219
2015-10-23,1247,1260,1214,1221,3269900,1221
2015-10-26,1236,1255,1230,1238,1750800,1238
2015-10-27,1225,1225,1158,1168,4068700,1168
2015-10-28,1203,1235,1201,1210,4012300,1210
2015-10-29,1229,1239,1194,1216,2707800,1216
2015-10-30,1204,1238,1197,1228,2410800,1228
2015-11-02,1227,1237,1198,1204,2792100,1204
2015-11-04,1232,1266,1223,1248,3971600,1248
2015-11-05,1251,1277,1218,1247,3988700,1247
2015-11-06,1127,1146,1051,1065,12061000,1065
2015-11-09,1070,1095,1053,1085,4738700,1085
2015-11-10,1065,1147,1065,1133,6154900,1133
2015-11-11,1123,1158,1122,1146,3797900,1146
2015-11-12,1149,1235,1140,1225,7330300,1225
2015-11-13,1208,1255,1204,1250,5781500,1250
2015-11-16,1220,1236,1177,1189,4474600,1189
2015-11-17,1220,1255,1212,1248,3941300,1248
2015-11-18,1265,1325,1239,1318,9774900,1318
2015-11-19,1342,1382,1336,1365,7319600,1365
2015-11-20,1367,1387,1331,1382,4501200,1382
2015-11-24,1386,1410,1360,1389,5211200,1389
2015-11-25,1379,1400,1370,1377,3206800,1377
2015-11-26,1336,1375,1274,1294,8049400,1294
2015-11-27,1277,1319,1274,1299,4115900,1299
2015-11-30,1308,1348,1297,1306,3692400,1306
2015-12-01,1263,1310,1261,1308,4121200,1308
2015-12-02,1282,1292,1258,1280,3431000,1280
2015-12-03,1267,1301,1260,1262,3394600,1262
2015-12-04,1236,1255,1228,1248,2953200,1248
2015-12-07,1270,1282,1252,1260,2611700,1260
2015-12-08,1250,1260,1179,1187,5606100,1187
2015-12-09,1178,1212,1168,1191,2956900,1191
2015-12-10,1161,1163,1139,1146,3288500,1146
2015-12-11,1126,1136,1114,1125,4349400,1125
2015-12-14,1074,1083,1050,1081,7654600,1081
2015-12-15,1072,1084,1040,1050,4395000,1050
2015-12-16,1074,1078,1044,1053,4218800,1053
2015-12-17,1066,1078,1027,1037,5238200,1037
2015-12-18,1021,1034,984,988,8965100,988
2015-12-21,980,983,913,930,14258500,930
2015-12-22,939,953,917,918,6296800,918
2015-12-24,924,941,916,916,4973300,916
2015-12-25,910,923,894,909,4603600,909
2015-12-28,921,963,920,933,6093600,933
2015-12-29,931,933,909,924,3594300,924
2015-12-30,924,949,919,924,3438000,924
2016-01-04,915,921,873,880,7955500,880
2016-01-05,885,894,861,869,8047000,869
2016-01-06,875,885,859,873,5912700,873
2016-01-07,875,892,847,855,5723200,855
2016-01-08,847,900,844,860,7143700,860
2016-01-12,830,833,778,784,11466300,784
2016-01-13,804,838,801,817,9117400,817
2016-01-14,780,830,771,827,9366300,827
2016-01-15,840,857,806,812,6842500,812
2016-01-18,779,806,766,800,5466500,800
2016-01-19,798,834,778,834,7240200,834
2016-01-20,824,836,797,802,5690100,802
2016-01-21,809,853,790,793,7502500,793
2016-01-22,840,863,832,861,8170500,861
2016-01-25,875,881,829,837,5528700,837
2016-01-26,822,823,781,786,7315700,786
2016-01-27,800,806,784,801,6679100,801
2016-01-28,794,810,777,778,4965500,778
2016-01-29,775,802,748,798,8232900,798
2016-02-01,821,843,815,841,6064600,841
2016-02-02,828,834,796,800,4078900,800
2016-02-03,779,779,733,736,5758200,736
2016-02-04,721,748,708,709,8073900,709
2016-02-05,700,727,687,699,6080000,699
2016-02-08,680,737,670,727,7559900,727
2016-02-09,677,679,636,639,6163300,639
2016-02-10,705,718,659,671,10143300,671
2016-02-12,621,636,611,614,8954800,614
2016-02-15,656,662,635,658,5687800,658
2016-02-16,655,732,652,711,8446700,711
2016-02-17,696,731,695,708,7741800,708
2016-02-18,738,789,738,772,9280500,772
2016-02-19,760,780,751,774,6997000,774
2016-02-22,765,776,746,763,5317700,763
2016-02-23,763,803,757,766,4575500,766
2016-02-24,741,745,719,733,4629000,733
2016-02-25,735,750,721,734,4511900,734
2016-02-26,719,733,707,707,6213900,707
2016-02-29,715,746,710,718,3999500,718
2016-03-01,716,727,696,717,3581700,717
2016-03-02,762,805,754,794,8048100,794
2016-03-03,791,846,785,843,8027600,843
2016-03-04,840,875,826,831,6420400,831
2016-03-07,830,850,824,826,3363500,826
2016-03-08,823,838,797,812,3280100,812
2016-03-09,801,802,770,793,4526400,793
2016-03-10,813,821,783,799,2847000,799
2016-03-11,790,827,788,824,4326200,824
2016-03-14,843,863,841,855,3908100,855
2016-03-15,852,858,826,834,3199000,834
2016-03-16,822,823,795,805,3803900,805
2016-03-17,816,842,795,804,3797500,804
2016-03-18,791,799,743,756,6737500,756
2016-03-22,778,782,749,763,3833400,763
2016-03-23,768,774,746,750,3887800,750
2016-03-24,750,751,732,734,3657300,734
2016-03-25,728,747,716,740,3351600,740
2016-03-28,740,744,723,733,3082000,733
2016-03-29,725,738,712,737,3035300,737
2016-03-30,722,727,708,708,3707200,708
2016-03-31,712,735,708,708,4054000,708
2016-04-01,709,716,672,680,5802500,680
2016-04-04,680,694,671,675,5380400,675
2016-04-05,670,671,632,635,5699300,635
2016-04-06,631,643,601,622,8620400,622
2016-04-07,622,636,605,628,6578900,628
2016-04-08,601,654,594,634,8356400,634
2016-04-11,629,629,606,626,5574800,626
2016-04-12,626,682,625,677,6277500,677
2016-04-13,698,727,685,721,6619700,721
2016-04-14,730,742,683,691,11251900,691
2016-04-15,680,707,678,689,5811300,689
2016-04-18,659,665,645,648,5073500,648
2016-04-19,672,686,665,675,5586000,675
2016-04-20,682,695,676,684,5993200,684
2016-04-21,702,710,691,706,5742800,706
2016-04-22,703,743,702,737,7370100,737
2016-04-25,749,760,734,751,6323500,751
2016-04-26,737,739,718,720,4049000,720
2016-04-27,747,767,744,750,6995900,750
2016-04-28,760,784,723,725,7479800,725
2016-05-02,695,703,667,681,6361400,681
2016-05-06,682,691,666,672,4915500,672
2016-05-09,682,694,676,686,2913600,686
2016-05-10,693,720,662,716,5678400,716
2016-05-11,725,743,695,696,5765000,696
2016-05-12,688,704,673,703,4661300,703
2016-05-13,650,687,648,655,8005500,655
2016-05-16,657,681,654,667,4962200,667
2016-05-17,678,688,665,686,4477500,686
2016-05-18,681,699,679,690,4254400,690
2016-05-19,712,718,689,691,3270900,691
2016-05-20,685,698,675,696,2965600,696
2016-05-23,696,713,681,711,4332100,711
2016-05-24,706,731,701,726,4170200,726
2016-05-25,741,762,738,758,5170000,758
2016-05-26,752,768,733,737,4623400,737
2016-05-27,745,751,730,749,2861100,749
2016-05-30,739,762,734,760,3603800,760
2016-05-31,754,790,752,784,5525700,784
2016-06-01,782,821,781,790,7135100,790
2016-06-02,779,781,747,752,6139200,752
2016-06-03,750,758,728,740,4210900,740
2016-06-06,710,726,701,722,3974200,722
2016-06-07,725,744,725,737,3054800,737
2016-06-08,748,758,736,754,3858900,754
2016-06-09,741,756,736,748,3124700,748
2016-06-10,748,762,737,759,3499400,759
2016-06-13,729,731,695,697,5190100,697
2016-06-14,687,701,663,673,5796800,673
2016-06-15,666,694,657,688,5319400,688
2016-06-16,698,710,637,643,7382000,643
2016-06-17,663,684,663,677,7565100,677
2016-06-20,702,725,695,707,5043500,707
2016-06-21,690,717,682,711,3661500,711
2016-06-22,711,717,695,713,4412500,713
2016-06-23,707,747,700,741,4913700,741
2016-06-24,756,765,650,656,10827600,656
2016-06-27,666,669,626,641,4398600,641
2016-06-28,624,633,602,627,5667300,627
2016-06-29,647,652,628,646,5298100,646
2016-06-30,656,669,647,647,4831500,647
2016-07-01,655,673,652,656,4105200,656
2016-07-04,649,668,644,662,4526100,662
2016-07-05,659,669,650,660,2919100,660
2016-07-06,632,640,607,618,6527000,618
2016-07-07,611,619,590,594,8101400,594
2016-07-08,595,608,591,597,5954100,597
2016-07-11,620,647,615,640,6357000,640
2016-07-12,656,688,655,681,6966100,681
2016-07-13,714,720,706,710,7204100,710
2016-07-14,700,710,679,705,5967600,705
2016-07-15,702,709,683,689,7407000,689
2016-07-19,679,711,679,709,5283000,709
2016-07-20,688,692,675,683,5655000,683
2016-07-21,706,742,705,717,8470200,717
2016-07-22,682,705,681,685,5747600,685
2016-07-25,690,700,684,685,3768300,685
2016-07-26,681,686,668,671,4677600,671
2016-07-27,735,771,729,753,11650700,753
2016-07-28,761,805,759,783,16961100,783
2016-07-29,780,791,755,777,7505600,777
2016-08-01,754,781,746,775,4793000,775
2016-08-02,772,777,760,765,2657000,765
2016-08-03,743,760,736,736,3676700,736
2016-08-04,750,788,743,786,5906000,786
2016-08-05,816,819,781,796,6382800,796
2016-08-08,766,830,738,805,13412900,805
2016-08-09,813,858,802,853,8295400,853
2016-08-10,830,841,804,819,5570800,819
2016-08-12,821,824,802,805,3567300,805
2016-08-15,806,827,804,806,2968600,806
2016-08-16,806,813,782,783,4311100,783
2016-08-17,778,791,771,789,3798000,789
2016-08-18,774,840,761,817,9978900,817
2016-08-19,839,944,837,911,20451300,911
2016-08-22,930,962,891,915,10709500,915
2016-08-23,885,892,855,860,8246600,860
2016-08-24,851,881,832,847,7709300,847
2016-08-25,848,852,824,837,5354400,837
2016-08-26,841,865,834,847,6829000,847
2016-08-29,875,876,853,856,5385800,856
2016-08-30,855,883,847,878,4093700,878
2016-08-31,895,932,894,904,6090000,904
2016-09-01,900,935,890,915,6444200,915
2016-09-02,920,926,877,892,5561700,892
2016-09-05,914,914,863,867,4787800,867
2016-09-06,867,870,838,851,5978900,851
2016-09-07,839,840,809,824,5688100,824
2016-09-08,809,819,800,809,5086100,809
2016-09-09,805,832,804,821,3520100,821
2016-09-12,791,803,772,780,5323500,780
2016-09-13,794,805,779,781,4630500,781
2016-09-14,771,817,766,789,6890900,789
2016-09-15,780,805,776,781,4265500,781
2016-09-16,792,817,787,804,4757600,804
2016-09-20,815,843,811,823,6022700,823
2016-09-21,824,855,802,845,6435600,845
2016-09-23,843,843,810,814,3491700,814
2016-09-26,819,833,799,800,3986100,800
2016-09-27,785,808,772,808,4890600,808
2016-09-28,800,803,786,801,3121400,801
2016-09-29,813,847,811,840,6011800,840
2016-09-30,828,836,812,821,4441800,821
2016-10-03,848,865,837,844,6112000,844
2016-10-04,851,885,849,883,6909600,883
2016-10-05,900,932,891,913,10347500,913
2016-10-06,928,952,922,935,8124200,935
2016-10-07,925,943,917,942,4160100,942
2016-10-11,970,984,945,955,6804600,955
2016-10-12,911,924,903,915,5755900,915
2016-10-13,926,934,904,917,4080800,917
2016-10-14,902,910,886,909,5035300,909
2016-10-17,919,928,907,920,2824300,920
2016-10-18,914,916,900,908,3110600,908
2016-10-19,906,914,897,907,2616700,907
2016-10-20,909,916,903,910,2378100,910
2016-10-21,918,942,914,925,4633600,925
2016-10-24,929,930,893,906,4134300,906
2016-10-25,911,925,909,919,3312700,919
2016-10-26,909,922,905,917,2409600,917
2016-10-27,924,934,918,932,3812200,932
2016-10-28,980,1019,979,1010,11638200,1010
2016-10-31,1061,1128,1057,1102,16096000,1102
2016-11-01,1107,1133,1081,1128,7963200,1128
2016-11-02,1108,1126,1089,1100,6708600,1100
2016-11-04,1067,1100,1058,1087,7701200,1087
2016-11-07,1130,1134,1093,1111,5307800,1111
2016-11-08,1120,1139,1103,1108,5230100,1108
2016-11-09,1120,1135,970,1011,11549600,1011
2016-11-10,1148,1168,1108,1141,8084900,1141
2016-11-11,1201,1263,1168,1192,14152300,1192
2016-11-14,1250,1317,1241,1279,10302700,1279
2016-11-15,1279,1303,1224,1248,8406800,1248
2016-11-16,1298,1298,1241,1263,10157400,1263
2016-11-17,1237,1256,1220,1252,6262500,1252
2016-11-18,1295,1318,1286,1313,7533700,1313
2016-11-21,1320,1333,1293,1327,5053100,1327
2016-11-22,1318,1323,1267,1280,6543500,1280
2016-11-24,1310,1312,1264,1272,6552900,1272
2016-11-25,1285,1315,1270,1284,6300700,1284
2016-11-28,1269,1274,1219,1270,6452900,1270
2016-11-29,1250,1258,1228,1253,5166700,1253
2016-11-30,1272,1281,1247,1253,4527800,1253
2016-12-01,1297,1358,1289,1322,9208700,1322
2016-12-02,1262,1291,1242,1287,7875900,1287
2016-12-05,1271,1342,1263,1336,6150800,1336
2016-12-06,1385,1418,1382,1410,9642400,1410
2016-12-07,1450,1474,1406,1445,8124000,1445
2016-12-08,1480,1523,1455,1517,8653400,1517
2016-12-09,1540,1609,1538,1607,11333000,1607
2016-12-12,1590,1591,1516,1549,9736400,1549
2016-12-13,1490,1498,1448,1475,9792500,1475
2016-12-14,1501,1517,1465,1511,6216300,1511
2016-12-15,1551,1570,1511,1520,8281100,1520
2016-12-16,1560,1594,1546,1592,7240400,1592
2016-12-19,1557,1580,1542,1560,5220100,1560
2016-12-20,1511,1520,1456,1507,8652800,1507
2016-12-21,1493,1533,1491,1496,5443300,1496
2016-12-22,1472,1550,1460,1546,5797700,1546
2016-12-26,1545,1578,1534,1557,4361800,1557
2016-12-27,1567,1586,1553,1570,3791700,1570
2016-12-28,1566,1618,1561,1595,5630300,1595
2016-12-29,1560,1561,1497,1514,7870600,1514
2016-12-30,1474,1519,1465,1510,4739400,1510
2017-01-04,1550,1594,1543,1587,6201000,1587
