Date,Open,High,Low,Close,Volume,Adj Close
2008-10-20,343,366,332,363,13762000,363
2008-10-21,373,376,354,368,8988000,368
2008-10-22,354,355,334,334,8397000,334
2008-10-23,327,340,318,339,13241000,339
2008-10-24,344,345,299,302,15299000,302
2008-10-27,297,309,262,267,16070000,267
2008-10-28,268,286,257,284,18604000,284
2008-10-29,301,302,266,280,19839000,280
2008-10-30,285,326,284,321,25939000,321
2008-10-31,316,316,292,293,19421000,293
2008-11-04,307,334,305,329,13284000,329
2008-11-05,348,358,342,352,13176000,352
2008-11-06,337,337,316,321,9905000,321
2008-11-07,305,321,297,310,9796000,310
2008-11-10,328,333,322,326,5599000,326
2008-11-11,326,331,314,319,7200000,319
2008-11-12,313,313,300,301,9091000,301
2008-11-13,281,283,270,274,17498000,274
2008-11-14,298,299,285,287,13428000,287
2008-11-17,281,301,276,290,7599000,290
2008-11-18,281,285,274,275,9932000,275
2008-11-19,279,282,275,279,7168000,279
2008-11-20,270,271,264,264,7709000,264
2008-11-21,260,287,256,283,13947000,283
2008-11-25,299,300,284,295,7339000,295
2008-11-26,291,303,286,300,11198000,300
2008-11-27,305,316,301,306,11897000,306
2008-11-28,308,333,308,333,13431000,333
2008-12-01,326,340,323,326,10382000,326
2008-12-02,305,314,292,292,9331000,292
2008-12-03,297,304,286,291,10090000,291
2008-12-04,292,293,278,286,10222000,286
2008-12-05,286,288,276,276,8722000,276
2008-12-08,280,301,279,300,7848000,300
2008-12-09,304,307,292,299,7787000,299
2008-12-10,307,317,302,314,7024000,314
2008-12-11,314,323,309,323,7421000,323
2008-12-12,308,314,296,302,9757000,302
2008-12-15,310,315,305,308,6961000,308
2008-12-16,293,294,289,290,13285000,290
2008-12-17,295,297,282,291,7548000,291
2008-12-18,290,297,288,293,5773000,293
2008-12-19,291,295,283,284,10902000,284
2008-12-22,283,284,278,282,7312000,282
2008-12-24,284,290,280,287,7677000,287
2008-12-25,292,292,284,288,3020000,288
2008-12-26,289,294,288,294,4714000,294
2008-12-29,296,298,293,296,4495000,296
2008-12-30,295,302,294,302,4129000,302
2009-01-05,321,326,319,321,5747000,321
2009-01-06,321,325,318,323,7537000,323
2009-01-07,328,367,327,363,18407000,363
2009-01-08,338,343,326,326,11903000,326
2009-01-09,326,332,315,322,6866000,322
2009-01-13,302,311,301,307,7911000,307
2009-01-14,308,326,308,320,8206000,320
2009-01-15,305,317,304,312,9547000,312
2009-01-16,319,330,317,328,6543000,328
2009-01-19,331,340,321,324,6146000,324
2009-01-20,320,320,302,310,7457000,310
2009-01-21,301,302,294,296,8627000,296
2009-01-22,299,301,290,299,5695000,299
2009-01-23,303,303,292,294,6327000,294
2009-01-26,291,294,286,287,4694000,287
2009-01-27,294,310,294,308,5344000,308
2009-01-28,309,317,302,313,4886000,313
2009-01-29,323,326,314,318,6632000,318
2009-01-30,303,308,289,289,8765000,289
2009-02-02,289,294,282,287,10299000,287
2009-02-03,289,296,282,286,11503000,286
2009-02-04,291,298,289,296,6573000,296
2009-02-05,291,296,286,286,9242000,286
2009-02-06,296,299,291,295,6808000,295
2009-02-09,302,304,287,287,5334000,287
2009-02-10,292,294,286,288,5267000,288
2009-02-12,283,286,279,279,5411000,279
2009-02-13,281,293,281,284,7571000,284
2009-02-16,283,290,283,287,4516000,287
2009-02-17,284,285,278,280,4951000,280
2009-02-18,271,275,266,266,8243000,266
2009-02-19,269,271,265,267,6914000,267
2009-02-20,277,286,275,283,12889000,283
2009-02-23,273,280,270,279,6563000,279
2009-02-24,272,279,272,279,3534000,279
2009-02-25,289,290,282,288,7554000,288
2009-02-26,289,298,288,288,5873000,288
2009-02-27,285,300,284,298,7260000,298
2009-03-02,283,289,280,282,5333000,282
2009-03-03,277,287,276,282,4285000,282
2009-03-04,282,294,280,292,4640000,292
2009-03-05,293,311,293,304,11166000,304
2009-03-06,290,298,289,291,6316000,291
2009-03-09,293,311,293,311,9471000,311
2009-03-10,307,308,298,299,8436000,299
2009-03-11,310,316,309,314,6630000,314
2009-03-12,315,323,307,309,11224000,309
2009-03-13,318,325,316,324,11260000,324
2009-03-16,328,334,327,328,7108000,328
2009-03-17,326,332,321,330,6160000,330
2009-03-18,332,339,327,335,8639000,335
2009-03-19,340,341,325,328,7503000,328
2009-03-23,328,340,325,340,5896000,340
2009-03-24,347,355,342,354,6321000,354
2009-03-25,354,358,346,358,6300000,358
2009-03-26,356,363,348,363,4566000,363
2009-03-27,361,367,353,353,6265000,353
2009-03-30,349,357,334,337,8157000,337
2009-03-31,331,344,328,333,6610000,333
2009-04-01,334,345,331,345,5132000,345
2009-04-02,353,362,351,361,5315000,361
2009-04-03,365,372,356,358,10344000,358
2009-04-06,373,384,372,379,9623000,379
2009-04-07,383,391,372,373,9026000,373
2009-04-08,361,368,359,363,6607000,363
2009-04-09,370,383,370,382,9082000,382
2009-04-10,391,393,374,380,6734000,380
2009-04-13,376,394,373,390,7443000,390
2009-04-14,394,397,386,395,9443000,395
2009-04-15,397,400,392,399,10153000,399
2009-04-16,398,405,380,381,11258000,381
2009-04-17,394,412,393,411,10193000,411
2009-04-20,407,417,403,417,5205000,417
2009-04-21,397,409,393,406,11322000,406
2009-04-22,417,417,400,407,7945000,407
2009-04-23,412,412,395,404,5785000,404
2009-04-24,409,410,400,401,8321000,401
2009-04-27,406,416,402,408,9064000,408
2009-04-28,406,411,387,388,7330000,388
2009-04-30,383,392,379,385,10472000,385
2009-05-01,384,400,384,395,6525000,395
2009-05-07,415,421,404,421,7786000,421
2009-05-08,425,435,414,417,11113000,417
2009-05-11,419,452,419,445,18437000,445
2009-05-12,430,431,411,415,16739000,415
2009-05-13,424,434,418,428,10791000,428
2009-05-14,417,425,409,411,8110000,411
2009-05-15,416,423,415,419,4261000,419
2009-05-18,409,417,407,411,5589000,411
2009-05-19,422,426,418,423,4871000,423
2009-05-20,422,425,419,425,6149000,425
2009-05-21,420,425,415,425,7746000,425
2009-05-22,415,422,413,414,6083000,414
2009-05-25,418,423,416,419,5208000,419
2009-05-26,418,419,408,414,5460000,414
2009-05-27,415,418,409,410,4303000,410
2009-05-28,405,415,405,414,5417000,414
2009-05-29,414,422,410,419,9325000,419
2009-06-01,424,430,420,423,8638000,423
2009-06-02,434,445,428,432,16268000,432
2009-06-03,441,450,439,446,11613000,446
2009-06-04,442,445,436,443,7982000,443
2009-06-05,443,443,436,438,5375000,438
2009-06-08,445,456,442,447,9645000,447
2009-06-09,442,450,436,437,4022000,437
2009-06-10,447,452,444,448,4876000,448
2009-06-11,450,451,446,447,3291000,447
2009-06-12,455,455,444,447,10110000,447
2009-06-15,447,450,441,441,5055000,441
2009-06-16,438,438,417,418,6340000,418
2009-06-17,415,429,414,427,4644000,427
2009-06-18,422,423,414,419,4594000,419
2009-06-19,423,429,416,421,4520000,421
2009-06-22,425,427,419,424,4658000,424
2009-06-23,416,416,405,407,6600000,407
2009-06-24,414,420,409,416,6888000,416
2009-06-25,421,430,418,424,5276000,424
2009-06-26,432,435,428,432,4047000,432
2009-06-29,437,437,418,422,5724000,422
2009-06-30,431,435,428,435,4792000,435
2009-07-01,430,441,426,431,5024000,431
2009-07-02,441,445,438,442,9955000,442
2009-07-03,435,442,434,439,5223000,439
2009-07-06,437,439,427,430,2866000,430
2009-07-07,435,437,423,425,4191000,425
2009-07-08,412,417,406,413,5755000,413
2009-07-09,405,408,397,399,4868000,399
2009-07-10,402,408,400,402,6840000,402
2009-07-13,404,417,403,407,11266000,407
2009-07-14,417,425,414,420,9010000,420
2009-07-15,430,433,425,427,5285000,427
2009-07-16,437,437,426,430,7329000,430
2009-07-17,432,435,428,429,4102000,429
2009-07-21,437,442,435,442,4290000,442
2009-07-22,433,447,433,444,5679000,444
2009-07-23,440,446,438,441,6680000,441
2009-07-24,448,450,444,449,5871000,449
2009-07-27,452,457,447,448,9032000,448
2009-07-28,447,448,439,445,6106000,445
2009-07-29,443,451,440,448,5821000,448
2009-07-30,450,450,440,447,2689000,447
2009-07-31,454,473,452,469,13309000,469
2009-08-03,479,481,464,467,6342000,467
2009-08-04,472,472,447,449,7405000,449
2009-08-05,457,457,446,446,3807000,446
2009-08-06,444,456,444,456,7527000,456
2009-08-07,451,451,441,449,5560000,449
2009-08-10,458,466,455,464,7586000,464
2009-08-11,467,479,466,479,9320000,479
2009-08-12,474,475,469,473,5267000,473
2009-08-13,478,484,476,483,5938000,483
2009-08-14,485,487,482,484,5018000,484
2009-08-17,478,478,466,468,4271000,468
2009-08-18,462,464,453,456,5057000,456
2009-08-19,460,467,454,455,4362000,455
2009-08-20,459,460,446,457,6788000,457
2009-08-21,458,460,440,447,6144000,447
2009-08-24,461,461,455,460,4109000,460
2009-08-25,456,464,455,459,3745000,459
2009-08-26,460,467,460,461,3524000,461
2009-08-27,458,459,442,449,6567000,449
2009-08-28,454,457,448,450,4490000,450
2009-08-31,455,462,445,446,3493000,446
2009-09-01,444,447,441,445,4546000,445
2009-09-02,436,436,431,433,6589000,433
2009-09-03,435,436,427,432,5487000,432
2009-09-04,438,439,412,420,13279000,420
2009-09-07,418,424,415,420,7696000,420
2009-09-08,425,426,420,423,4422000,423
2009-09-09,423,430,419,422,5391000,422
2009-09-10,426,432,422,429,5191000,429
2009-09-11,434,434,423,427,8262000,427
2009-09-14,422,423,413,415,5051000,415
2009-09-15,425,428,415,415,6040000,415
2009-09-16,420,428,419,419,5087000,419
2009-09-17,428,432,422,427,5094000,427
2009-09-18,422,423,413,423,5053000,423
2009-09-24,418,426,416,421,7747000,421
2009-09-25,416,416,408,408,6430000,408
2009-09-28,398,398,385,388,9476000,388
2009-09-29,388,390,380,381,8817000,381
2009-09-30,381,382,371,374,8437000,374
2009-10-01,377,380,373,375,7241000,375
2009-10-02,370,370,359,362,8061000,362
2009-10-05,354,356,343,348,11377000,348
2009-10-06,357,360,352,360,10019000,360
2009-10-07,364,375,363,371,10715000,371
2009-10-08,366,377,361,373,7896000,373
2009-10-09,376,383,370,383,8388000,383
2009-10-13,386,391,382,388,5300000,388
2009-10-14,384,385,367,372,6600000,372
2009-10-15,379,380,374,376,4453000,376
2009-10-16,377,381,374,378,6980000,378
2009-10-19,376,386,375,385,6626000,385
2009-10-20,390,399,390,394,9296000,394
2009-10-21,392,394,384,386,8582000,386
2009-10-22,381,381,370,376,9735000,376
2009-10-23,386,386,369,370,13280000,370
2009-10-26,378,385,375,378,11020000,378
2009-10-27,373,375,370,371,5450000,371
2009-10-28,366,367,359,360,6293000,360
2009-10-29,350,359,348,359,12488000,359
2009-10-30,360,374,355,369,9404000,369
2009-11-02,355,358,353,356,7019000,356
2009-11-04,353,354,349,349,5886000,349
2009-11-05,353,356,349,354,5882000,354
2009-11-06,359,359,353,358,4681000,358
2009-11-09,357,359,351,355,6385000,355
2009-11-10,358,365,355,360,5682000,360
2009-11-11,369,377,367,376,14847000,376
2009-11-12,381,385,371,372,5581000,372
2009-11-13,377,378,367,370,6417000,370
2009-11-16,369,369,358,359,4765000,359
2009-11-17,366,374,361,362,9328000,362
2009-11-18,361,364,355,360,5660000,360
2009-11-19,356,357,342,345,7624000,345
2009-11-20,342,354,337,354,7226000,354
2009-11-24,350,353,345,347,4309000,347
2009-11-25,350,350,340,342,5208000,342
2009-11-26,338,344,337,338,6661000,338
2009-11-27,332,332,322,325,8867000,325
2009-11-30,332,342,331,340,5767000,340
2009-12-01,334,355,334,355,7832000,355
2009-12-02,346,355,342,344,9975000,344
2009-12-03,350,368,350,366,7587000,366
2009-12-04,368,372,362,369,9556000,369
2009-12-07,374,380,372,377,5770000,377
2009-12-08,372,377,369,375,4213000,375
2009-12-09,369,377,363,375,6967000,375
2009-12-10,376,378,358,363,7370000,363
2009-12-11,368,376,364,376,8564000,376
2009-12-14,375,375,365,371,4043000,371
2009-12-15,368,374,366,369,3729000,369
2009-12-16,379,380,374,379,5310000,379
2009-12-17,381,385,377,377,5462000,377
2009-12-18,373,378,372,376,4969000,376
2009-12-21,381,382,376,376,2395000,376
2009-12-22,380,383,377,381,3271000,381
2009-12-24,385,396,383,392,8457000,392
2009-12-25,399,402,393,395,7322000,395
2009-12-28,398,407,398,403,6427000,403
2009-12-29,403,406,400,403,3864000,403
2009-12-30,407,410,405,405,6465000,405
2010-01-04,403,407,401,405,3714000,405
2010-01-05,409,412,405,406,6094000,406
2010-01-06,410,410,402,403,6869000,403
2010-01-07,401,407,398,404,5018000,404
2010-01-08,409,412,403,408,5553000,408
2010-01-12,410,424,407,420,8378000,420
2010-01-13,412,422,412,416,6838000,416
2010-01-14,420,427,418,426,7808000,426
2010-01-15,423,433,421,429,9261000,429
2010-01-18,423,425,419,422,4535000,422
2010-01-19,417,422,415,418,4572000,418
2010-01-20,423,431,418,420,8810000,420
2010-01-21,415,429,413,427,6641000,427
2010-01-22,419,424,415,422,6704000,422
2010-01-25,420,423,413,418,4463000,418
2010-01-26,415,420,404,405,6855000,405
2010-01-27,409,418,402,402,7975000,402
2010-01-28,404,411,402,407,5511000,407
2010-01-29,407,410,404,407,6520000,407
2010-02-01,404,405,389,397,8265000,397
2010-02-02,404,409,402,408,5729000,408
2010-02-03,412,427,409,422,13367000,422
2010-02-04,415,425,413,421,10200000,421
2010-02-05,409,410,405,405,8211000,405
2010-02-08,400,407,399,402,4597000,402
2010-02-09,396,399,387,391,8857000,391
2010-02-10,398,406,396,401,9619000,401
2010-02-12,404,405,397,400,5264000,400
2010-02-15,399,401,396,397,2319000,397
2010-02-16,399,404,394,396,3754000,396
2010-02-17,400,406,398,405,6034000,405
2010-02-18,406,411,402,411,5198000,411
2010-02-19,408,414,400,403,4976000,403
2010-02-22,410,415,407,412,5129000,412
2010-02-23,414,429,412,418,19329000,418
2010-02-24,413,414,405,408,11395000,408
2010-02-25,408,409,397,399,8474000,399
2010-02-26,398,400,393,394,6766000,394
2010-03-01,396,398,393,395,5038000,395
2010-03-02,393,397,389,396,6376000,396
2010-03-03,395,398,393,396,4288000,396
2010-03-04,396,399,390,390,6532000,390
2010-03-05,394,402,393,399,6251000,399
2010-03-08,407,409,404,408,5390000,408
2010-03-09,405,409,404,405,3409000,405
2010-03-10,406,410,405,408,4637000,408
2010-03-11,412,414,411,412,5984000,412
2010-03-12,425,432,419,426,19338000,426
2010-03-15,425,431,425,426,7237000,426
2010-03-16,425,435,422,432,11011000,432
2010-03-17,435,443,433,439,11560000,439
2010-03-18,438,438,431,431,4678000,431
2010-03-19,437,443,435,440,7549000,440
2010-03-23,437,442,432,435,6683000,435
2010-03-24,438,440,433,435,3533000,435
2010-03-25,440,441,434,437,5208000,437
2010-03-26,437,455,437,453,11093000,453
2010-03-29,446,456,446,452,7618000,452
2010-03-30,455,459,451,458,5481000,458
2010-03-31,458,459,453,457,7240000,457
2010-04-01,456,460,455,460,7301000,460
2010-04-02,462,463,459,462,3579000,462
2010-04-05,465,471,464,465,4802000,465
2010-04-06,465,466,452,455,7175000,455
2010-04-07,479,484,476,480,22254000,480
2010-04-08,478,487,477,478,12475000,478
2010-04-09,475,484,474,482,9261000,482
2010-04-12,487,487,483,483,3768000,483
2010-04-13,481,481,472,475,4885000,475
2010-04-14,477,479,470,474,6895000,474
2010-04-15,475,475,468,468,7640000,468
2010-04-16,467,469,458,461,9298000,461
2010-04-19,451,454,448,450,8193000,450
2010-04-20,451,454,448,449,4571000,449
2010-04-21,453,454,444,449,14090000,449
2010-04-22,444,445,438,443,9847000,443
2010-04-23,440,442,435,437,7916000,437
2010-04-26,445,472,445,462,28188000,462
2010-04-27,454,460,450,455,13736000,455
2010-04-28,445,448,442,446,11535000,446
2010-04-30,438,446,437,446,12598000,446
2010-05-06,435,436,425,427,8983000,427
2010-05-07,406,423,405,418,10850000,418
2010-05-10,411,427,406,419,22295000,419
2010-05-11,424,424,402,406,17072000,406
2010-05-12,408,410,401,404,11087000,404
2010-05-13,409,412,405,411,8856000,411
2010-05-14,404,406,401,401,13371000,401
2010-05-17,396,398,388,391,11303000,391
2010-05-18,394,399,389,391,8235000,391
2010-05-19,385,386,376,385,12513000,385
2010-05-20,382,389,381,384,10506000,384
2010-05-21,371,381,370,380,15544000,380
2010-05-24,380,383,373,379,10387000,379
2010-05-25,380,381,365,368,13572000,368
2010-05-26,371,375,365,372,9155000,372
2010-05-27,367,378,365,377,8963000,377
2010-05-28,385,386,374,378,10186000,378
2010-05-31,374,376,370,372,11639000,372
2010-06-01,373,378,371,376,9621000,376
2010-06-02,371,377,366,368,9192000,368
2010-06-03,376,383,373,381,6935000,381
2010-06-04,383,384,375,376,8004000,376
2010-06-07,369,369,363,364,7273000,364
2010-06-08,362,372,361,362,9525000,362
2010-06-09,362,368,359,362,9479000,362
2010-06-10,361,362,356,360,6222000,360
2010-06-11,366,368,362,365,9922000,365
2010-06-14,368,373,366,373,5207000,373
2010-06-15,371,378,371,376,6717000,376
2010-06-16,383,386,382,385,5949000,385
2010-06-17,383,386,379,380,5384000,380
2010-06-18,382,382,378,379,4662000,379
2010-06-21,386,390,384,388,6607000,388
2010-06-22,385,386,378,381,9657000,381
2010-06-23,376,376,370,371,7061000,371
2010-06-24,372,375,369,372,4909000,372
2010-06-25,367,368,358,360,5467000,360
2010-06-28,360,361,353,356,5936000,356
2010-06-29,358,362,352,353,5182000,353
2010-06-30,344,349,340,347,7879000,347
2010-07-01,343,346,341,343,5482000,343
2010-07-02,351,354,346,352,8764000,352
2010-07-05,350,359,350,355,5883000,355
2010-07-06,350,362,346,362,5880000,362
2010-07-07,362,365,357,362,7126000,362
2010-07-08,370,375,369,374,5246000,374
2010-07-09,378,378,367,372,6750000,372
2010-07-12,368,380,367,372,6515000,372
2010-07-13,374,378,369,372,4442000,372
2010-07-14,380,382,377,378,4190000,378
2010-07-15,371,374,359,361,12962000,361
2010-07-16,355,356,344,346,13949000,346
2010-07-20,336,337,331,334,17546000,334
2010-07-21,339,342,333,340,15106000,340
2010-07-22,337,341,335,336,6687000,336
2010-07-23,346,349,341,342,10556000,342
2010-07-26,346,353,343,344,8005000,344
2010-07-27,348,352,341,349,8695000,349
2010-07-28,354,361,354,359,6267000,359
2010-07-29,354,364,353,362,6401000,362
2010-07-30,361,387,352,375,28135000,375
2010-08-02,378,384,378,378,10149000,378
2010-08-03,384,391,383,386,10721000,386
2010-08-04,387,388,376,378,14011000,378
2010-08-05,385,386,382,382,5456000,382
2010-08-06,383,389,382,389,7104000,389
2010-08-09,384,393,384,392,7494000,392
2010-08-10,397,402,396,398,13215000,398
2010-08-11,390,390,378,379,11660000,379
2010-08-12,369,370,360,370,15687000,370
2010-08-13,368,372,365,370,9504000,370
2010-08-16,366,369,363,369,6424000,369
2010-08-17,363,368,361,364,4470000,364
2010-08-18,371,373,365,369,5632000,369
2010-08-19,368,374,367,373,4962000,373
2010-08-20,368,371,358,363,7878000,363
2010-08-23,360,365,359,361,4417000,361
2010-08-24,357,360,355,356,5063000,356
2010-08-25,351,352,344,350,10074000,350
2010-08-26,351,353,346,350,6448000,350
2010-08-27,342,358,341,356,8317000,356
2010-08-30,354,363,351,355,12855000,355
2010-08-31,350,351,343,345,10241000,345
2010-09-01,345,350,343,350,8072000,350
2010-09-02,355,356,345,352,10334000,352
2010-09-03,353,361,353,361,8045000,361
2010-09-06,364,369,362,368,7094000,368
2010-09-07,366,370,364,368,6662000,368
2010-09-08,361,366,360,361,10421000,361
2010-09-09,368,369,364,366,6839000,366
2010-09-10,365,370,362,367,11704000,367
2010-09-13,371,374,369,372,6777000,372
2010-09-14,373,375,369,372,7664000,372
2010-09-15,372,385,370,382,11149000,382
2010-09-16,385,385,376,378,9274000,378
2010-09-17,379,385,375,385,9118000,385
2010-09-21,388,391,378,380,10262000,380
2010-09-22,379,383,376,378,5199000,378
2010-09-24,373,383,372,375,7287000,375
2010-09-27,379,381,376,378,5529000,378
2010-09-28,376,383,375,379,4309000,379
2010-09-29,382,386,380,383,5222000,383
2010-09-30,381,383,362,366,24340000,366
2010-10-01,363,364,330,347,56560000,347
2010-10-04,345,347,335,338,22773000,338
2010-10-05,338,345,333,341,20617000,341
2010-10-06,349,357,346,357,20484000,357
2010-10-07,354,358,353,356,9531000,356
2010-10-08,354,360,353,355,6261000,355
2010-10-12,356,359,342,344,8540000,344
2010-10-13,349,350,345,348,7006000,348
2010-10-14,352,354,349,353,10225000,353
2010-10-15,353,355,349,354,6323000,354
2010-10-18,355,358,353,355,5193000,355
2010-10-19,363,371,362,366,16011000,366
2010-10-20,359,362,356,358,7684000,358
2010-10-21,357,361,349,356,11413000,356
2010-10-22,354,361,352,357,9108000,357
2010-10-25,360,361,353,358,6001000,358
2010-10-26,357,360,354,355,9623000,355
2010-10-27,360,360,350,353,8287000,353
2010-10-28,351,351,345,349,7333000,349
2010-10-29,347,351,343,351,7963000,351
2010-11-01,346,351,345,346,5268000,346
2010-11-02,347,349,331,332,14281000,332
2010-11-04,339,342,332,334,13627000,334
2010-11-05,338,352,338,350,17224000,350
2010-11-08,352,354,346,350,6601000,350
2010-11-09,346,349,344,347,7544000,347
2010-11-10,348,352,346,348,8919000,348
2010-11-11,348,352,346,346,10000000,346
2010-11-12,346,356,346,350,15217000,350
2010-11-15,350,353,347,347,7493000,347
2010-11-16,348,349,340,347,11339000,347
2010-11-17,342,350,341,349,7843000,349
2010-11-18,349,359,349,359,11580000,359
2010-11-19,363,366,360,364,10276000,364
2010-11-22,364,368,363,364,6768000,364
2010-11-24,356,362,355,359,8110000,359
2010-11-25,366,366,358,360,5908000,360
2010-11-26,363,373,362,364,8375000,364
2010-11-29,362,370,362,367,6610000,367
2010-11-30,366,368,359,359,8991000,359
2010-12-01,356,362,354,361,7874000,361
2010-12-02,367,368,364,366,6696000,366
2010-12-03,369,372,367,369,7661000,369
2010-12-06,369,372,368,371,5237000,371
2010-12-07,368,375,368,374,9284000,374
2010-12-08,375,384,375,382,13417000,382
2010-12-09,380,384,380,383,10028000,383
2010-12-10,388,388,381,388,20012000,388
2010-12-13,385,391,385,388,11963000,388
2010-12-14,387,396,387,396,8765000,396
2010-12-15,393,395,389,391,7936000,391
2010-12-16,388,394,388,392,7750000,392
2010-12-17,390,392,389,391,5885000,391
2010-12-20,388,389,382,385,8573000,385
2010-12-21,384,389,383,388,6666000,388
2010-12-22,387,393,387,388,6845000,388
2010-12-24,387,387,383,385,3846000,385
2010-12-27,384,390,384,389,4090000,389
2010-12-28,389,391,387,390,2924000,390
2010-12-29,392,403,392,403,11942000,403
2010-12-30,400,404,396,400,8801000,400
2011-01-04,407,416,404,414,14635000,414
2011-01-05,415,419,412,417,11948000,417
2011-01-06,420,426,419,423,9311000,423
2011-01-07,423,423,417,419,12914000,419
2011-01-11,418,428,415,424,12016000,424
2011-01-12,429,432,420,421,9653000,421
2011-01-13,427,430,422,430,9219000,430
2011-01-14,426,429,422,423,12302000,423
2011-01-17,428,433,425,427,9381000,427
2011-01-18,427,432,422,427,11271000,427
2011-01-19,428,447,428,447,21533000,447
2011-01-20,445,446,431,433,19627000,433
2011-01-21,435,437,421,422,10588000,422
2011-01-24,423,434,421,433,11180000,433
2011-01-25,439,442,436,440,7583000,440
2011-01-26,434,437,433,435,8462000,435
2011-01-27,434,437,431,437,6097000,437
2011-01-28,437,439,431,432,7017000,432
2011-01-31,424,432,415,424,11721000,424
2011-02-01,427,434,426,430,9208000,430
2011-02-02,435,441,434,437,8669000,437
2011-02-03,435,461,434,451,26587000,451
2011-02-04,453,459,449,458,12942000,458
2011-02-07,463,468,460,463,12191000,463
2011-02-08,464,468,460,461,11606000,461
2011-02-09,463,463,450,452,10868000,452
2011-02-10,447,453,445,449,13116000,449
2011-02-14,457,459,450,454,8154000,454
2011-02-15,456,462,454,460,7713000,460
2011-02-16,463,468,458,463,12414000,463
2011-02-17,468,470,465,467,8496000,467
2011-02-18,467,468,464,467,6614000,467
2011-02-21,466,472,464,471,10194000,471
2011-02-22,464,464,451,454,14382000,454
2011-02-23,448,458,445,450,14698000,450
2011-02-24,447,448,418,425,37092000,425
2011-02-25,433,441,430,435,24070000,435
2011-02-28,440,441,426,440,13740000,440
2011-03-01,441,448,440,447,11516000,447
2011-03-02,439,439,428,430,18927000,430
2011-03-03,434,442,429,441,15865000,441
2011-03-04,446,452,437,442,17898000,442
2011-03-07,437,439,423,426,16392000,426
2011-03-08,427,429,421,425,12947000,425
2011-03-09,430,434,424,431,11397000,431
2011-03-10,427,430,420,423,6485000,423
2011-03-11,420,422,416,416,13940000,416
2011-03-14,376,403,376,382,16368000,382
2011-03-15,367,369,331,344,15336000,344
2011-03-16,351,376,351,375,16801000,375
2011-03-17,351,372,348,366,13325000,366
2011-03-18,370,380,366,373,9967000,373
2011-03-22,384,398,384,396,8840000,396
2011-03-23,395,405,390,398,15406000,398
2011-03-24,398,407,395,402,13996000,402
2011-03-25,408,408,397,403,8643000,403
2011-03-28,405,406,392,397,11362000,397
2011-03-29,392,401,390,396,8770000,396
2011-03-30,396,420,394,420,13916000,420
2011-03-31,419,423,409,415,10947000,415
2011-04-01,420,426,416,417,10092000,417
2011-04-04,416,422,415,417,6863000,417
2011-04-05,417,417,405,406,9189000,406
2011-04-06,410,412,401,403,8627000,403
2011-04-07,405,407,397,398,5218000,398
2011-04-08,399,409,395,404,7787000,404
2011-04-11,402,410,402,406,5972000,406
2011-04-12,402,405,397,399,8571000,399
2011-04-13,397,408,397,406,7261000,406
2011-04-14,403,409,400,407,6542000,407
2011-04-15,404,406,401,403,6954000,403
2011-04-18,405,410,402,404,9316000,404
2011-04-19,398,402,397,401,7145000,401
2011-04-20,404,419,401,417,16895000,417
2011-04-21,421,427,420,421,16891000,421
2011-04-22,417,439,417,427,22692000,427
2011-04-25,428,432,422,424,10645000,424
2011-04-26,423,427,420,423,9642000,423
2011-04-27,425,431,424,429,9314000,429
2011-04-28,430,432,426,430,12359000,430
2011-05-02,437,437,433,437,5027000,437
2011-05-06,429,429,424,426,7377000,426
2011-05-09,434,437,428,432,9308000,432
2011-05-10,429,438,429,435,10228000,435
2011-05-11,440,446,417,418,26169000,418
2011-05-12,419,424,413,414,13699000,414
2011-05-13,413,417,405,411,11079000,411
2011-05-16,408,411,405,405,6728000,405
2011-05-17,405,408,400,404,6757000,404
2011-05-18,406,420,405,418,14686000,418
2011-05-19,417,419,406,408,7946000,408
2011-05-20,408,412,404,406,7539000,406
2011-05-23,403,405,399,400,4650000,400
2011-05-24,399,401,396,397,4991000,397
2011-05-25,401,401,392,393,5956000,393
2011-05-26,399,399,396,399,5547000,399
2011-05-27,397,399,396,396,3622000,396
2011-05-30,393,398,392,396,3942000,396
2011-05-31,397,406,397,406,7619000,406
2011-06-01,405,406,402,403,6778000,403
2011-06-02,396,400,396,397,6858000,397
2011-06-03,401,404,391,391,5069000,391
2011-06-06,391,395,386,386,6103000,386
2011-06-07,385,394,382,392,6943000,392
2011-06-08,389,396,387,395,5006000,395
2011-06-09,399,402,393,397,6840000,397
2011-06-10,400,404,393,394,9686000,394
2011-06-13,392,399,391,399,7554000,399
2011-06-14,395,403,394,401,8013000,401
2011-06-15,404,407,398,402,6551000,402
2011-06-16,397,398,392,392,6057000,392
2011-06-17,394,394,384,388,6407000,388
2011-06-20,390,394,382,384,6746000,384
2011-06-21,386,389,382,388,6057000,388
2011-06-22,389,396,387,396,7770000,396
2011-06-23,390,393,385,388,7920000,388
2011-06-24,389,391,386,391,4488000,391
2011-06-27,390,390,384,384,7185000,384
2011-06-28,387,390,384,385,6568000,385
2011-06-29,391,395,389,395,9287000,395
2011-06-30,401,402,394,400,7865000,400
2011-07-01,401,403,398,400,4414000,400
2011-07-04,404,405,401,402,4736000,402
2011-07-05,402,406,400,403,5329000,403
2011-07-06,404,411,402,410,6028000,410
2011-07-07,409,410,405,407,4757000,407
2011-07-08,412,413,408,410,5610000,410
2011-07-11,407,413,405,406,5377000,406
2011-07-12,399,402,397,398,5514000,398
2011-07-13,396,403,395,397,6907000,397
2011-07-14,395,400,394,396,5510000,396
2011-07-15,399,403,398,402,7218000,402
2011-07-19,401,404,397,399,7146000,399
2011-07-20,401,403,397,399,6368000,399
2011-07-21,394,396,390,393,10357000,393
2011-07-22,395,396,390,391,7703000,391
2011-07-25,393,394,389,390,9098000,390
2011-07-26,389,393,388,390,7744000,390
2011-07-27,390,392,387,390,6225000,390
2011-07-28,387,389,383,386,5973000,386
2011-07-29,388,399,386,392,14143000,392
2011-08-01,393,395,390,391,8566000,391
2011-08-02,387,393,385,391,8576000,391
2011-08-03,386,387,383,384,5667000,384
2011-08-04,385,388,382,383,6385000,383
2011-08-05,370,373,367,371,9384000,371
2011-08-08,363,367,359,361,8549000,361
2011-08-09,347,347,332,346,18118000,346
2011-08-10,354,356,350,353,11821000,353
2011-08-11,345,347,340,345,11713000,345
2011-08-12,348,349,340,343,10134000,343
2011-08-15,349,349,341,343,7014000,343
2011-08-16,346,348,345,347,7838000,347
2011-08-17,343,345,339,341,8668000,341
2011-08-18,335,337,328,330,10941000,330
2011-08-19,320,324,316,318,10859000,318
2011-08-22,319,322,312,313,11904000,313
2011-08-23,317,319,312,316,10421000,316
2011-08-24,320,322,306,307,14062000,307
2011-08-25,317,325,313,319,11088000,319
2011-08-26,320,321,314,318,9258000,318
2011-08-29,318,323,313,320,9605000,320
2011-08-30,324,326,321,322,9474000,322
2011-08-31,322,322,317,319,8608000,319
2011-09-01,320,328,320,325,12872000,325
2011-09-02,321,325,317,318,10753000,318
2011-09-05,318,319,311,313,7913000,313
2011-09-06,312,314,304,306,8227000,306
2011-09-07,312,316,310,314,5617000,314
2011-09-08,318,319,312,314,3777000,314
2011-09-09,314,317,311,312,7489000,312
2011-09-12,302,306,299,306,12532000,306
2011-09-13,309,315,306,312,5344000,312
2011-09-14,311,315,304,305,6413000,305
2011-09-15,312,317,308,309,8179000,309
2011-09-16,314,323,313,322,8086000,322
2011-09-20,315,317,312,316,5529000,316
2011-09-21,318,319,315,317,4623000,317
2011-09-22,315,315,301,303,9463000,303
2011-09-26,303,303,287,292,12783000,292
2011-09-27,300,303,298,303,7571000,303
2011-09-28,300,303,297,300,8298000,300
2011-09-29,298,300,293,300,8423000,300
2011-09-30,300,306,296,301,7685000,301
2011-10-03,294,296,287,295,6840000,295
2011-10-04,289,289,282,283,10293000,283
2011-10-05,285,285,274,275,10449000,275
2011-10-06,277,280,273,275,9838000,275
2011-10-07,281,287,280,282,8303000,282
2011-10-11,289,294,289,292,6288000,292
2011-10-12,290,294,286,293,4671000,293
2011-10-13,298,307,297,304,8094000,304
2011-10-14,304,306,297,298,9155000,298
2011-10-17,304,305,300,300,4863000,300
2011-10-18,297,297,293,294,5645000,294
2011-10-19,298,298,283,286,14221000,286
2011-10-20,283,286,281,283,8399000,283
2011-10-21,282,284,275,277,10367000,277
2011-10-24,278,287,276,285,7669000,285
2011-10-25,292,292,282,283,7872000,283
2011-10-26,283,291,279,285,9667000,285
2011-10-27,285,297,282,297,8226000,297
2011-10-28,305,309,303,306,12913000,306
2011-10-31,305,312,294,295,15515000,295
2011-11-01,292,292,281,282,9355000,282
2011-11-02,279,280,271,272,9824000,272
2011-11-04,276,279,270,278,10795000,278
2011-11-07,278,278,273,276,4754000,276
2011-11-08,274,277,271,272,5055000,272
2011-11-09,271,273,267,269,9001000,269
2011-11-10,262,265,260,265,9411000,265
2011-11-11,265,268,262,265,5045000,265
2011-11-14,269,271,267,268,2602000,268
2011-11-15,265,268,264,264,3187000,264
2011-11-16,265,267,260,261,5451000,261
2011-11-17,259,266,256,263,9336000,263
2011-11-18,260,264,259,261,6214000,261
2011-11-21,269,271,261,261,11102000,261
2011-11-22,257,271,254,270,11302000,270
2011-11-24,266,275,265,273,12042000,273
2011-11-25,273,276,270,271,7288000,271
2011-11-28,275,278,272,277,8646000,277
2011-11-29,280,280,275,279,8892000,279
2011-11-30,280,288,278,288,11533000,288
2011-12-01,295,300,293,298,12751000,298
2011-12-02,300,305,297,305,10729000,305
2011-12-05,310,312,305,306,6486000,306
2011-12-06,302,303,294,294,8511000,294
2011-12-07,297,301,290,300,10618000,300
2011-12-08,299,300,295,297,4982000,297
2011-12-09,295,299,294,297,11746000,297
2011-12-12,301,303,298,301,8032000,301
2011-12-13,294,299,292,296,10014000,296
2011-12-14,295,297,292,297,5583000,297
2011-12-15,296,296,287,288,8432000,288
2011-12-16,289,292,285,287,6700000,287
2011-12-19,287,287,281,284,6940000,284
2011-12-20,283,288,282,286,5689000,286
2011-12-21,291,293,289,290,6929000,290
2011-12-22,289,289,277,278,12465000,278
2011-12-26,282,282,275,277,8443000,277
2011-12-27,278,285,278,285,7326000,285
2011-12-28,285,285,279,281,5412000,281
2011-12-29,280,281,277,279,4198000,279
2011-12-30,280,282,278,281,3940000,281
2012-01-04,284,287,283,286,4149000,286
2012-01-05,285,295,284,294,8679000,294
2012-01-06,293,295,287,290,11146000,290
2012-01-10,290,291,282,284,6388000,284
2012-01-11,286,289,286,289,6182000,289
2012-01-12,286,287,280,283,5611000,283
2012-01-13,285,288,283,286,6435000,286
2012-01-16,284,284,276,277,10413000,277
2012-01-17,279,282,277,280,6760000,280
2012-01-18,281,292,278,289,8868000,289
2012-01-19,295,311,294,309,23475000,309
2012-01-20,312,321,311,319,16503000,319
2012-01-23,316,321,313,320,18072000,320
2012-01-24,323,324,313,317,13836000,317
2012-01-25,319,322,315,320,18729000,320
2012-01-26,319,319,310,312,11312000,312
2012-01-27,311,316,308,312,10837000,312
2012-01-30,313,314,307,309,6961000,309
2012-01-31,309,312,305,307,9830000,307
2012-02-01,308,312,307,311,4941000,311
2012-02-02,312,318,311,315,8764000,315
2012-02-03,313,315,302,309,24518000,309
2012-02-06,309,312,306,309,10358000,309
2012-02-07,310,312,307,310,10087000,310
2012-02-08,310,315,310,314,16604000,314
2012-02-09,311,314,309,312,17902000,312
2012-02-10,312,314,309,311,11221000,311
2012-02-13,310,325,309,318,12938000,318
2012-02-14,315,315,307,313,11818000,313
2012-02-15,314,325,314,321,12440000,321
2012-02-16,320,330,318,329,16944000,329
2012-02-17,337,340,328,329,15980000,329
2012-02-20,338,340,333,337,8980000,337
2012-02-21,336,343,336,338,10534000,338
2012-02-22,338,341,331,337,14128000,337
2012-02-23,338,345,337,341,15542000,341
2012-02-24,343,345,340,341,10676000,341
2012-02-27,345,353,344,346,12038000,346
2012-02-28,340,344,335,343,13875000,343
2012-02-29,348,355,346,352,18757000,352
2012-03-01,359,363,343,345,25132000,345
2012-03-02,352,352,338,340,18890000,340
2012-03-05,341,344,339,341,10468000,341
2012-03-06,341,344,332,332,15157000,332
2012-03-07,327,334,324,333,14689000,333
2012-03-08,336,341,336,337,8436000,337
2012-03-09,346,351,343,346,15060000,346
2012-03-12,348,351,345,345,7851000,345
2012-03-13,348,351,342,343,12745000,343
2012-03-14,350,355,349,355,10324000,355
2012-03-15,357,359,354,356,8277000,356
2012-03-16,356,361,355,361,10197000,361
2012-03-19,365,374,364,371,18186000,371
2012-03-21,369,370,364,364,8655000,364
2012-03-22,361,366,359,362,9338000,362
2012-03-23,356,359,354,356,6736000,356
2012-03-26,357,364,357,360,6705000,360
2012-03-27,368,369,362,366,7832000,366
2012-03-28,357,365,356,362,7280000,362
2012-03-29,363,363,348,352,14046000,352
2012-03-30,353,356,350,352,7797000,352
2012-04-02,358,360,353,355,9430000,355
2012-04-03,355,355,350,350,6400000,350
2012-04-04,350,355,342,344,9546000,344
2012-04-05,340,343,333,341,13299000,341
2012-04-06,337,338,333,335,5947000,335
2012-04-09,329,333,327,330,7362000,330
2012-04-10,332,337,327,328,10404000,328
2012-04-11,322,327,320,325,15413000,325
2012-04-12,332,333,325,331,9777000,331
2012-04-13,339,346,335,338,16792000,338
2012-04-16,330,332,328,328,7088000,328
2012-04-17,330,334,327,328,6599000,328
2012-04-18,334,342,332,340,8626000,340
2012-04-19,339,346,338,341,7854000,341
2012-04-20,340,340,333,336,7122000,336
2012-04-23,342,344,336,339,7543000,339
2012-04-24,334,335,328,329,9987000,329
2012-04-25,334,335,329,330,8276000,330
2012-04-26,334,334,327,331,3648000,331
2012-04-27,332,340,327,331,7911000,331
2012-05-01,330,331,322,323,6808000,323
2012-05-02,324,326,320,323,5584000,323
2012-05-07,315,316,311,312,5844000,312
2012-05-08,312,317,310,314,5398000,314
2012-05-09,313,313,309,313,4385000,313
2012-05-10,312,328,298,302,27223000,302
2012-05-11,300,300,289,290,15902000,290
2012-05-14,295,295,285,289,9174000,289
2012-05-15,283,286,277,282,17244000,282
2012-05-16,282,283,277,279,8392000,279
2012-05-17,278,288,277,286,8998000,286
2012-05-18,278,280,272,274,11275000,274
2012-05-21,276,279,273,275,6473000,275
2012-05-22,279,280,275,277,6599000,277
2012-05-23,275,275,265,265,11179000,265
2012-05-24,264,265,251,257,21100000,257
2012-05-25,258,259,253,255,10954000,255
2012-05-28,256,256,245,248,10582000,248
2012-05-29,247,253,244,252,11989000,252
2012-05-30,252,254,248,251,11497000,251
2012-05-31,245,251,242,247,18392000,247
2012-06-01,245,246,231,232,19747000,232
2012-06-04,226,226,221,224,16968000,224
2012-06-05,225,230,225,229,15192000,229
2012-06-06,232,239,230,238,13198000,238
2012-06-07,242,244,237,240,10109000,240
2012-06-08,242,242,231,233,13604000,233
2012-06-11,239,243,238,241,10081000,241
2012-06-12,236,238,233,234,11401000,234
2012-06-13,236,240,235,237,8448000,237
2012-06-14,237,239,236,239,7670000,239
2012-06-15,244,246,238,239,9729000,239
2012-06-18,249,252,247,252,9282000,252
2012-06-19,253,255,247,249,8280000,249
2012-06-20,252,253,249,253,7303000,253
2012-06-21,256,259,253,256,10618000,256
2012-06-22,251,257,250,257,7882000,257
2012-06-25,262,262,248,250,12422000,250
2012-06-26,245,248,242,246,11924000,246
2012-06-27,246,247,240,243,8222000,243
2012-06-28,244,245,233,240,22751000,240
2012-06-29,240,246,236,243,16000000,243
2012-07-02,250,253,248,250,13318000,250
2012-07-03,248,253,245,246,14495000,246
2012-07-04,247,249,240,242,13504000,242
2012-07-05,241,245,239,241,13707000,241
2012-07-06,241,244,239,242,12247000,242
2012-07-09,240,241,236,237,11894000,237
2012-07-10,239,239,232,233,10825000,233
2012-07-11,231,231,225,227,12811000,227
2012-07-12,227,227,220,220,19600000,220
2012-07-13,220,225,219,222,14455000,222
2012-07-17,223,224,216,217,11555000,217
2012-07-18,217,220,213,215,9488000,215
2012-07-19,217,222,217,222,10797000,222
2012-07-20,222,222,215,218,8757000,218
2012-07-23,215,217,212,213,8273000,213
2012-07-24,210,212,206,206,13192000,206
2012-07-25,206,206,200,201,12802000,201
2012-07-26,204,209,202,207,13111000,207
2012-07-27,212,214,209,213,9068000,213
2012-07-30,220,220,215,217,11799000,217
2012-07-31,216,225,212,219,16620000,219
2012-08-01,214,215,208,210,9036000,210
2012-08-02,212,214,205,207,9903000,207
2012-08-03,205,206,202,203,6660000,203
2012-08-06,209,209,205,206,6780000,206
2012-08-07,206,215,204,215,12895000,215
2012-08-08,216,226,215,220,17682000,220
2012-08-09,220,223,218,221,12500000,221
2012-08-10,219,222,213,215,13503000,215
2012-08-13,214,215,211,212,7643000,212
2012-08-14,211,214,210,211,7838000,211
2012-08-15,212,213,207,208,9905000,208
2012-08-16,209,215,208,214,8955000,214
2012-08-17,216,222,216,221,13512000,221
2012-08-20,224,225,220,221,8490000,221
2012-08-21,219,221,217,219,7682000,219
2012-08-22,219,223,217,220,12012000,220
2012-08-23,219,221,215,221,9689000,221
2012-08-24,217,218,214,214,6301000,214
2012-08-27,218,219,215,215,3981000,215
2012-08-28,216,216,209,210,8964000,210
2012-08-29,210,211,208,211,5236000,211
2012-08-30,211,211,208,209,5261000,209
2012-08-31,204,206,203,204,7619000,204
2012-09-03,205,207,201,204,8389000,204
2012-09-04,206,208,203,205,9112000,205
2012-09-05,204,205,195,196,14455000,196
2012-09-06,196,196,191,194,8678000,194
2012-09-07,200,205,200,205,13669000,205
2012-09-10,202,208,202,206,7833000,206
2012-09-11,205,206,201,202,4808000,202
2012-09-12,202,208,202,206,8386000,206
2012-09-13,208,215,208,211,10734000,211
2012-09-14,218,224,215,222,17071000,222
2012-09-18,225,233,224,231,18473000,231
2012-09-19,233,235,226,233,17012000,233
2012-09-20,230,234,224,227,14105000,227
2012-09-21,229,231,225,229,11323000,229
2012-09-24,227,229,222,224,11744000,224
2012-09-25,224,228,223,226,12576000,226
2012-09-26,217,219,208,210,15347000,210
2012-09-27,207,207,199,202,22256000,202
2012-09-28,205,207,199,199,14881000,199
2012-10-01,198,198,195,197,10038000,197
2012-10-02,200,205,198,198,15064000,198
2012-10-03,200,200,193,195,13662000,195
2012-10-04,196,204,196,199,11465000,199
2012-10-05,199,203,198,201,9134000,201
2012-10-09,202,203,193,195,13112000,195
2012-10-10,192,193,189,190,11887000,190
2012-10-11,188,193,186,187,12088000,187
2012-10-12,192,193,189,191,7541000,191
2012-10-15,191,198,190,198,10127000,198
2012-10-16,203,207,202,205,13844000,205
2012-10-17,219,220,214,215,17973000,215
2012-10-18,216,223,214,222,15644000,222
2012-10-19,218,223,217,223,12724000,223
2012-10-22,220,227,219,225,13255000,225
2012-10-23,232,233,223,226,17070000,226
2012-10-24,220,226,219,221,10472000,221
2012-10-25,223,225,221,225,9150000,225
2012-10-26,227,228,219,219,9380000,219
2012-10-29,220,222,216,218,8560000,218
2012-10-30,220,224,219,219,7367000,219
2012-10-31,221,225,220,224,7334000,224
2012-11-01,221,222,211,221,18407000,221
2012-11-02,225,227,223,227,11852000,227
2012-11-05,224,229,224,226,9862000,226
2012-11-06,224,227,218,218,11792000,218
2012-11-07,219,223,217,219,14899000,219
2012-11-08,214,216,212,215,8615000,215
2012-11-09,211,212,207,210,8419000,210
2012-11-12,208,210,205,206,5806000,206
2012-11-13,207,209,203,206,5881000,206
2012-11-14,205,206,203,206,5451000,206
2012-11-15,209,220,208,218,11896000,218
2012-11-16,222,228,222,227,12658000,227
2012-11-19,231,232,227,230,10347000,230
2012-11-20,232,237,230,233,13558000,233
2012-11-21,237,242,236,239,13952000,239
2012-11-22,246,248,243,248,18458000,248
2012-11-26,249,257,249,249,13512000,249
2012-11-27,245,249,239,241,16907000,241
2012-11-28,240,241,227,231,20658000,231
2012-11-29,235,239,233,238,13021000,238
2012-11-30,237,239,231,235,14171000,235
2012-12-03,238,240,236,238,6390000,238
2012-12-04,239,239,233,235,9926000,235
2012-12-05,232,238,231,235,6914000,235
2012-12-06,239,241,235,235,13189000,235
2012-12-07,236,240,236,239,8397000,239
2012-12-10,244,245,238,239,6750000,239
2012-12-11,237,238,234,237,8378000,237
2012-12-12,239,244,238,244,10214000,244
2012-12-13,250,256,250,255,17899000,255
2012-12-14,257,262,251,259,18462000,259
2012-12-17,262,264,256,258,12526000,258
2012-12-18,257,266,257,264,12672000,264
2012-12-19,269,274,268,274,11486000,274
2012-12-20,274,277,269,272,15148000,272
2012-12-21,277,279,264,267,16060000,267
2012-12-25,272,273,261,262,11724000,262
2012-12-26,263,267,262,267,13444000,267
2012-12-27,269,272,266,268,16049000,268
2012-12-28,268,269,265,269,15983000,269
2013-01-04,278,279,274,277,9468000,277
2013-01-07,279,280,266,268,13210000,268
2013-01-08,262,264,255,256,17871000,256
2013-01-09,254,262,251,260,18701000,260
2013-01-10,263,272,263,266,22808000,266
2013-01-11,271,273,268,268,15655000,268
2013-01-15,271,272,265,268,11184000,268
2013-01-16,268,268,255,257,18137000,257
2013-01-17,258,262,247,253,23134000,253
2013-01-18,260,265,259,262,18382000,262
2013-01-21,257,261,251,258,17614000,258
2013-01-22,257,259,251,253,17671000,253
2013-01-23,252,254,245,245,16541000,245
2013-01-24,245,254,244,253,21718000,253
2013-01-25,262,272,260,268,35894000,268
2013-01-28,269,270,262,263,19689000,263
2013-01-29,261,268,261,262,16281000,262
2013-01-30,263,269,261,268,13816000,268
2013-01-31,266,268,261,267,16541000,267
2013-02-01,268,272,265,270,17911000,270
2013-02-04,283,285,270,281,30478000,281
2013-02-05,273,274,266,267,20838000,267
2013-02-06,272,285,271,284,32859000,284
2013-02-07,282,289,281,288,19935000,288
2013-02-08,281,287,280,285,18949000,285
2013-02-12,292,298,290,294,18220000,294
2013-02-13,300,301,278,283,20123000,283
2013-02-14,280,286,272,274,27382000,274
2013-02-15,272,273,267,272,20299000,272
2013-02-18,274,277,273,275,10962000,275
2013-02-19,273,276,272,274,8285000,274
2013-02-20,280,284,276,279,11222000,279
2013-02-21,277,279,273,278,12808000,278
2013-02-22,273,276,269,274,14734000,274
2013-02-25,280,281,277,281,10256000,281
2013-02-26,273,279,273,275,11895000,275
2013-02-27,280,280,270,271,14810000,271
2013-02-28,276,276,271,274,9382000,274
2013-03-01,271,273,268,269,12284000,269
2013-03-04,269,270,258,262,24862000,262
2013-03-05,262,267,262,263,11104000,263
2013-03-06,266,266,258,261,12975000,261
2013-03-07,263,274,261,274,20547000,274
2013-03-08,275,279,270,279,25618000,279
2013-03-11,283,297,282,294,31278000,294
2013-03-12,297,298,290,296,22372000,296
2013-03-13,290,296,288,290,10679000,290
2013-03-14,289,292,285,290,13655000,290
2013-03-15,291,296,289,296,16895000,296
2013-03-18,288,290,282,283,10318000,283
2013-03-19,287,292,286,291,13415000,291
2013-03-21,291,293,286,288,9314000,288
2013-03-22,283,285,281,282,7085000,282
2013-03-25,286,287,281,281,5758000,281
2013-03-26,276,276,269,275,19619000,275
2013-03-27,288,298,283,295,30717000,295
2013-03-28,295,295,290,294,14571000,294
2013-03-29,295,295,289,293,8955000,293
2013-04-01,289,290,279,279,12692000,279
2013-04-02,275,275,266,267,14560000,267
2013-04-03,271,271,261,268,18615000,268
2013-04-04,258,263,250,263,33092000,263
2013-04-05,283,288,266,269,28032000,269
2013-04-08,280,281,275,281,18581000,281
2013-04-09,282,285,276,278,13245000,278
2013-04-10,278,295,278,289,17730000,289
2013-04-11,294,296,289,296,16061000,296
2013-04-12,298,301,291,296,16532000,296
2013-04-15,291,292,286,289,12448000,289
2013-04-16,281,285,276,279,17954000,279
2013-04-17,283,288,280,287,13690000,287
2013-04-18,284,286,281,283,7181000,283
2013-04-19,283,284,278,281,8138000,281
2013-04-22,287,290,283,286,16690000,286
2013-04-23,289,301,283,298,26893000,298
2013-04-24,309,330,305,329,50688000,329
2013-04-25,335,343,326,339,40062000,339
2013-04-26,334,335,325,327,24335000,327
2013-04-30,327,328,315,326,17384000,326
2013-05-01,322,329,321,325,12779000,325
2013-05-02,323,327,317,319,9394000,319
2013-05-07,327,337,327,333,13501000,333
2013-05-08,340,340,330,332,12692000,332
2013-05-09,331,334,324,325,10408000,325
2013-05-10,332,345,331,343,20134000,343
2013-05-13,350,354,344,345,17526000,345
2013-05-14,346,347,338,341,9062000,341
2013-05-15,351,367,350,358,19032000,358
2013-05-16,366,373,359,367,25703000,367
2013-05-17,366,387,365,382,22811000,382
2013-05-20,396,402,392,397,20321000,397
2013-05-21,398,416,397,402,21015000,402
2013-05-22,417,418,401,401,13844000,401
2013-05-23,404,415,370,375,27683000,375
2013-05-24,380,385,356,374,19164000,374
2013-05-27,358,361,345,348,17595000,348
2013-05-28,341,355,338,351,13296000,351
2013-05-29,359,360,345,348,13790000,348
2013-05-30,340,345,322,328,24746000,328
2013-05-31,333,340,323,327,14782000,327
2013-06-03,315,326,308,320,21390000,320
2013-06-04,315,328,311,327,13412000,327
2013-06-05,322,325,309,311,12177000,311
2013-06-06,302,315,299,302,14681000,302
2013-06-07,301,308,293,301,16022000,301
2013-06-10,315,315,305,309,20364000,309
2013-06-11,317,325,314,317,18204000,317
2013-06-12,308,317,302,312,11758000,312
2013-06-13,303,303,289,292,25717000,292
2013-06-14,300,301,288,289,21338000,289
2013-06-17,291,303,281,302,25640000,302
2013-06-18,300,308,299,303,13847000,303
2013-06-19,308,313,305,309,10086000,309
2013-06-20,305,312,303,306,10155000,306
2013-06-21,296,306,288,304,30668000,304
2013-06-24,305,311,298,301,15531000,301
2013-06-25,299,299,288,295,17636000,295
2013-06-26,297,304,293,294,12275000,294
2013-06-27,298,303,295,301,10833000,301
2013-06-28,304,315,304,312,16950000,312
2013-07-01,316,317,307,315,8725000,315
2013-07-02,318,328,316,328,14660000,328
2013-07-03,329,331,324,326,10100000,326
2013-07-04,327,337,326,328,14727000,328
2013-07-05,332,337,331,336,7989000,336
2013-07-08,339,343,325,328,12464000,328
2013-07-09,333,336,331,335,7946000,335
2013-07-10,334,336,326,329,7966000,329
2013-07-11,324,327,318,327,10867000,327
2013-07-12,330,337,329,335,12359000,335
2013-07-16,340,343,337,342,7288000,342
2013-07-17,339,347,338,346,8132000,346
2013-07-18,347,351,344,350,8108000,350
2013-07-19,348,350,331,337,15598000,337
2013-07-22,342,342,337,341,6171000,341
2013-07-23,341,347,338,345,10864000,345
2013-07-24,344,348,339,340,8390000,340
2013-07-25,342,346,332,335,11879000,335
2013-07-26,327,332,325,328,9666000,328
2013-07-29,335,339,320,321,27031000,321
2013-07-30,321,335,321,332,11630000,332
2013-07-31,327,330,322,323,9983000,323
2013-08-01,325,333,323,333,10559000,333
2013-08-02,341,348,337,346,12863000,346
2013-08-05,349,358,348,352,13585000,352
2013-08-06,348,351,334,347,28369000,347
2013-08-07,342,358,340,346,22557000,346
2013-08-08,341,349,331,332,16225000,332
2013-08-09,332,339,331,333,13407000,333
2013-08-12,333,344,332,341,9229000,341
2013-08-13,344,352,342,349,11490000,349
2013-08-14,354,368,352,366,25214000,366
2013-08-15,362,373,361,363,21747000,363
2013-08-16,358,368,357,363,13675000,363
2013-08-19,359,361,351,359,14487000,359
2013-08-20,355,361,350,350,9352000,350
2013-08-21,352,355,343,347,13423000,347
2013-08-22,344,354,341,350,8408000,350
2013-08-23,357,367,356,363,11047000,363
2013-08-26,364,365,356,361,7831000,361
2013-08-27,358,364,357,361,6757000,361
2013-08-28,352,357,348,354,8649000,354
2013-08-29,358,362,355,362,8531000,362
2013-08-30,363,367,356,358,10573000,358
2013-09-02,358,360,355,358,7179000,358
2013-09-03,360,369,360,369,13425000,369
2013-09-04,364,372,363,371,9293000,371
2013-09-05,372,376,370,372,12507000,372
2013-09-06,373,375,369,374,9098000,374
2013-09-09,380,383,370,374,8562000,374
2013-09-10,376,379,374,378,7058000,378
2013-09-11,380,387,379,381,9712000,381
2013-09-12,382,383,375,380,7460000,380
2013-09-13,371,372,365,370,16460000,370
2013-09-17,373,379,371,375,8539000,375
2013-09-18,375,377,368,371,9644000,371
2013-09-19,375,380,373,380,8088000,380
2013-09-20,380,385,375,375,11682000,375
2013-09-24,375,383,375,382,8907000,382
2013-09-25,383,383,378,380,6543000,380
2013-09-26,375,376,366,375,8894000,375
2013-09-27,379,384,376,377,8769000,377
2013-09-30,372,379,369,374,8126000,374
2013-10-01,373,376,368,369,7624000,369
2013-10-02,369,373,357,362,9096000,362
2013-10-03,361,365,361,365,6967000,365
2013-10-04,361,363,357,359,7503000,359
2013-10-07,354,355,345,349,8593000,349
2013-10-08,345,355,344,351,6323000,351
2013-10-09,346,360,345,358,7213000,358
2013-10-10,358,359,353,357,7397000,357
2013-10-11,360,369,360,367,11742000,367
2013-10-15,366,369,363,365,5736000,365
2013-10-16,365,368,363,365,4114000,365
2013-10-17,369,372,365,369,5524000,369
2013-10-18,370,370,364,365,4868000,365
2013-10-21,366,371,359,362,7727000,362
2013-10-22,360,365,359,361,8949000,361
2013-10-23,362,364,355,355,5076000,355
2013-10-24,352,362,349,361,8651000,361
2013-10-25,362,362,349,350,14046000,350
2013-10-28,352,356,350,356,6557000,356
2013-10-29,351,355,350,351,6749000,351
2013-10-30,355,362,354,358,8482000,358
2013-10-31,367,371,358,358,14166000,358
2013-11-01,362,365,356,365,8967000,365
2013-11-05,371,372,349,354,14892000,354
2013-11-06,355,369,355,365,9805000,365
2013-11-07,365,366,361,364,5272000,364
2013-11-08,360,365,359,364,6315000,364
2013-11-11,369,374,366,374,10101000,374
2013-11-12,372,378,369,377,9138000,377
2013-11-13,375,379,374,379,7300000,379
2013-11-14,379,389,378,387,14065000,387
2013-11-15,392,402,392,397,16343000,397
2013-11-18,399,401,395,397,8409000,397
2013-11-19,394,398,389,397,8894000,397
2013-11-20,401,403,394,397,11241000,397
2013-11-21,400,405,398,405,12337000,405
2013-11-22,406,408,402,405,11354000,405
2013-11-25,405,407,403,405,8455000,405
2013-11-26,403,412,401,409,10517000,409
2013-11-27,409,410,403,406,7231000,406
2013-11-28,410,414,408,413,9006000,413
2013-11-29,412,414,409,412,8099000,412
2013-12-02,410,412,405,407,5625000,407
2013-12-03,408,418,404,415,12439000,415
2013-12-04,408,412,404,409,8696000,409
2013-12-05,407,409,398,399,11314000,399
2013-12-06,398,415,396,414,20242000,414
2013-12-09,417,422,416,420,10549000,420
2013-12-10,424,430,422,425,14649000,425
2013-12-11,420,422,410,417,14910000,417
2013-12-12,407,408,391,397,33977000,397
2013-12-13,397,403,397,401,21156000,401
2013-12-16,400,401,389,392,11661000,392
2013-12-17,404,419,403,418,31335000,418
2013-12-18,418,428,416,421,21239000,421
2013-12-19,426,427,413,417,12779000,417
2013-12-20,416,419,412,414,9887000,414
2013-12-24,416,422,411,414,11861000,414
2013-12-25,411,413,406,408,8140000,408
2013-12-26,410,414,409,410,6774000,410
2013-12-27,414,414,404,411,8310000,411
2013-12-30,414,415,411,412,9404000,412
2014-01-06,409,416,408,415,10015000,415
2014-01-07,413,418,411,414,9054000,414
2014-01-08,421,430,420,429,12250000,429
2014-01-09,430,430,419,424,11038000,424
2014-01-10,422,440,422,437,29797000,437
2014-01-14,430,432,421,428,16938000,428
2014-01-15,436,439,432,437,8913000,437
2014-01-16,438,444,437,441,11662000,441
2014-01-17,439,448,438,446,12098000,446
2014-01-20,445,448,439,439,10784000,439
2014-01-21,439,442,435,436,8084000,436
2014-01-22,440,454,438,452,18566000,452
2014-01-23,458,458,445,452,17628000,452
2014-01-24,449,453,444,449,13985000,449
2014-01-27,433,438,429,429,15120000,429
2014-01-28,431,434,427,429,8951000,429
2014-01-29,435,446,434,445,10404000,445
2014-01-30,430,433,423,430,15357000,430
2014-01-31,436,436,418,422,12815000,422
2014-02-03,413,424,411,421,12798000,421
2014-02-04,402,410,394,396,14596000,396
2014-02-05,407,408,392,394,13355000,394
2014-02-06,392,400,388,395,8980000,395
2014-02-07,409,424,409,421,11741000,421
2014-02-10,428,429,415,421,9055000,421
2014-02-12,427,434,425,431,9097000,431
2014-02-13,420,423,412,413,13201000,413
2014-02-14,418,422,406,408,12290000,408
2014-02-17,409,418,403,416,7615000,416
2014-02-18,417,425,414,424,9103000,424
2014-02-19,423,429,419,427,6636000,427
2014-02-20,424,427,418,420,8645000,420
2014-02-21,424,428,419,422,9810000,422
2014-02-24,421,430,417,425,10940000,425
2014-02-25,425,437,425,434,12485000,434
2014-02-26,427,437,423,427,14721000,427
2014-02-27,423,425,414,414,12771000,414
2014-02-28,415,420,413,416,11931000,416
2014-03-03,409,412,401,410,12455000,410
2014-03-04,404,419,404,415,9197000,415
2014-03-05,418,422,414,416,9622000,416
2014-03-06,416,425,414,422,7016000,422
2014-03-07,425,427,421,424,6186000,424
2014-03-10,423,423,417,422,8310000,422
2014-03-11,425,425,418,421,3533000,421
2014-03-12,413,414,407,410,8043000,410
2014-03-13,408,418,407,412,7658000,412
2014-03-14,399,403,394,396,13522000,396
2014-03-17,391,395,384,388,10328000,388
2014-03-18,395,396,388,388,11009000,388
2014-03-19,392,399,390,392,8744000,392
2014-03-20,393,394,371,373,13915000,373
2014-03-24,368,378,364,370,16301000,370
2014-03-25,368,371,360,371,12445000,371
2014-03-26,370,375,363,368,10245000,368
2014-03-27,363,376,360,375,10341000,375
2014-03-28,370,374,366,368,11420000,368
2014-03-31,372,382,372,381,12010000,381
2014-04-01,383,385,377,382,9617000,382
2014-04-02,387,390,383,383,9939000,383
2014-04-03,381,385,375,380,14493000,380
2014-04-04,380,390,379,388,9683000,388
2014-04-07,383,388,383,386,7937000,386
2014-04-08,383,383,375,376,7457000,376
2014-04-09,374,377,369,371,10874000,371
2014-04-10,377,389,374,380,11246000,380
2014-04-11,372,378,370,371,10297000,371
2014-04-14,368,372,366,368,5781000,368
2014-04-15,371,375,370,371,4929000,371
2014-04-16,376,385,374,385,5806000,385
2014-04-17,386,390,384,385,7268000,385
2014-04-18,393,395,386,389,4598000,389
2014-04-21,388,390,386,387,4670000,387
2014-04-22,391,392,380,381,10708000,381
2014-04-23,384,386,380,386,7006000,386
2014-04-24,388,390,382,383,8444000,383
2014-04-25,385,392,383,388,6009000,388
2014-04-28,382,385,378,382,5039000,382
2014-04-30,389,392,382,383,7860000,383
2014-05-01,385,391,385,390,5569000,390
2014-05-02,386,388,382,384,5889000,384
2014-05-07,379,381,368,371,8245000,371
2014-05-08,375,379,374,376,5728000,376
2014-05-09,370,377,370,374,5330000,374
2014-05-12,374,375,369,370,5149000,370
2014-05-13,384,392,382,389,11264000,389
2014-05-14,386,392,385,391,6603000,391
2014-05-15,384,385,372,377,13340000,377
2014-05-16,368,370,366,369,8354000,369
2014-05-19,369,371,362,366,7480000,366
2014-05-20,369,374,367,371,7632000,371
2014-05-21,368,375,367,372,6113000,372
2014-05-22,378,385,376,383,8147000,383
2014-05-23,385,389,383,385,7536000,385
2014-05-26,363,373,357,365,22125000,365
2014-05-27,366,372,365,370,13530000,370
2014-05-28,373,378,371,374,7571000,374
2014-05-29,371,373,369,372,5642000,372
2014-05-30,371,378,367,377,11371000,377
2014-06-02,380,387,380,384,9785000,384
2014-06-03,387,388,380,381,8268000,381
2014-06-04,383,383,370,375,14167000,375
2014-06-05,375,375,366,369,16183000,369
2014-06-06,372,377,371,377,13941000,377
2014-06-09,379,380,375,376,6106000,376
2014-06-10,377,380,374,375,6523000,375
2014-06-11,376,380,374,380,5979000,380
2014-06-12,380,385,377,383,8263000,383
2014-06-13,377,383,377,383,10688000,383
2014-06-16,383,387,381,384,9797000,384
2014-06-17,384,384,376,379,8933000,379
2014-06-18,379,387,377,385,9530000,385
2014-06-19,387,389,384,386,13037000,386
2014-06-20,388,388,380,381,18572000,381
2014-06-23,385,388,384,386,8121000,386
2014-06-24,384,390,380,389,9653000,389
2014-06-25,388,390,387,388,5120000,388
2014-06-26,388,388,385,386,5281000,386
2014-06-27,385,387,377,380,10023000,380
2014-06-30,379,384,376,383,10287000,383
2014-07-01,385,388,383,386,6575000,386
2014-07-02,390,393,388,391,9160000,391
2014-07-03,391,392,386,388,4396000,388
2014-07-04,389,393,387,392,7338000,392
2014-07-07,392,397,390,391,6736000,391
2014-07-08,388,390,383,386,8387000,386
2014-07-09,390,391,382,385,7015000,385
2014-07-10,385,387,378,379,10435000,379
2014-07-11,375,379,375,377,6198000,377
2014-07-14,379,383,378,381,4257000,381
2014-07-15,383,388,382,383,6113000,383
2014-07-16,385,389,384,384,4488000,384
2014-07-17,386,387,384,384,4386000,384
2014-07-18,379,383,377,379,6712000,379
2014-07-22,378,382,377,380,6262000,380
2014-07-23,382,384,381,383,1779000,383
2014-07-24,383,388,382,385,6107000,385
2014-07-25,389,392,388,392,5775000,392
2014-07-28,389,397,388,392,7703000,392
2014-07-29,394,395,391,393,4808000,393
2014-07-30,391,393,389,391,4500000,391
2014-07-31,388,401,387,397,13026000,397
2014-08-01,394,398,386,387,11685000,387
2014-08-04,385,387,381,382,9339000,382
2014-08-05,382,385,376,379,9213000,379
2014-08-06,377,379,373,373,8886000,373
2014-08-07,374,377,368,373,9748000,373
2014-08-08,366,368,361,364,15106000,364
2014-08-11,368,369,362,368,12373000,368
2014-08-12,367,372,365,368,8213000,368
2014-08-13,366,368,364,368,7618000,368
2014-08-14,371,373,366,368,9239000,368
2014-08-15,367,369,366,368,3466000,368
2014-08-18,371,371,368,370,4567000,370
2014-08-19,370,373,369,370,5470000,370
2014-08-20,371,374,371,372,7218000,372
2014-08-21,374,378,374,376,7821000,376
2014-08-22,377,377,372,373,3956000,373
2014-08-25,376,377,374,374,6998000,374
2014-08-26,375,376,370,371,7354000,371
2014-08-27,372,374,371,374,7566000,374
2014-08-28,371,375,370,372,7880000,372
2014-08-29,371,374,369,373,5893000,373
2014-09-01,375,377,374,375,4771000,375
2014-09-02,377,384,377,381,10115000,381
2014-09-03,383,385,380,383,8722000,383
2014-09-04,383,390,381,387,12684000,387
2014-09-05,396,398,389,390,20513000,390
2014-09-08,393,396,389,393,9429000,393
2014-09-09,392,394,388,389,7682000,389
2014-09-10,388,389,384,389,6998000,389
2014-09-11,392,393,388,390,7601000,390
2014-09-12,393,398,392,393,15036000,393
2014-09-16,394,395,391,392,5015000,392
2014-09-17,394,396,389,394,8994000,394
2014-09-18,400,408,399,400,22672000,400
2014-09-19,400,405,398,405,14248000,405
2014-09-22,404,410,402,408,11396000,408
2014-09-24,408,413,407,410,11904000,410
2014-09-25,407,407,397,402,19685000,402
2014-09-26,389,394,387,393,13972000,393
2014-09-29,396,397,388,393,9781000,393
2014-09-30,391,393,386,391,11571000,391
2014-10-01,389,392,387,387,8817000,387
2014-10-02,381,382,372,373,17772000,373
2014-10-03,373,377,371,374,10586000,374
2014-10-06,379,380,374,377,8768000,377
2014-10-07,376,380,374,375,9384000,375
2014-10-08,369,371,363,365,19134000,365
2014-10-09,367,369,362,363,11463000,363
2014-10-10,358,359,354,358,14602000,358
2014-10-14,350,352,346,348,13304000,348
2014-10-15,348,351,345,349,10924000,349
2014-10-16,340,342,335,339,16024000,339
2014-10-17,339,342,333,334,12816000,334
2014-10-20,341,346,338,344,11019000,344
2014-10-21,347,349,338,342,11795000,342
2014-10-22,361,363,350,355,25342000,355
2014-10-23,354,363,352,359,13174000,359
2014-10-24,363,364,356,359,11968000,359
2014-10-27,362,367,359,363,12848000,363
2014-10-28,363,366,358,363,9840000,363
2014-10-29,363,368,361,366,7479000,366
2014-10-30,366,373,366,368,11888000,368
2014-10-31,371,380,370,378,15553000,378
2014-11-04,399,400,384,385,16706000,385
2014-11-05,387,394,387,393,15533000,393
2014-11-06,394,395,386,392,11592000,392
2014-11-07,392,394,387,391,10643000,391
2014-11-10,389,396,388,394,10383000,394
2014-11-11,397,403,395,400,13605000,400
2014-11-12,404,408,402,405,15106000,405
2014-11-13,403,410,398,408,10215000,408
2014-11-14,411,412,406,412,12097000,412
2014-11-17,410,413,403,405,12351000,405
2014-11-18,413,420,413,417,15351000,417
2014-11-19,420,428,418,419,12047000,419
2014-11-20,423,427,419,423,9314000,423
2014-11-21,421,427,419,424,8582000,424
2014-11-25,430,436,427,432,14216000,432
2014-11-26,431,438,430,435,9602000,435
2014-11-27,436,438,432,435,8606000,435
2014-11-28,440,454,439,449,17706000,449
2014-12-01,458,468,456,467,16096000,467
2014-12-02,461,466,458,465,10603000,465
2014-12-03,475,485,473,481,18815000,481
2014-12-04,486,494,484,492,15211000,492
2014-12-05,493,498,491,497,10156000,497
2014-12-08,500,508,499,504,13243000,504
2014-12-09,500,518,499,514,16957000,514
2014-12-10,510,511,497,502,19107000,502
2014-12-11,489,501,480,493,23867000,493
2014-12-12,489,498,476,477,22473000,477
2014-12-15,465,477,463,466,12685000,466
2014-12-16,459,467,456,461,10201000,461
2014-12-17,459,467,457,462,15636000,462
2014-12-18,472,482,468,477,15709000,477
2014-12-19,491,492,473,477,14112000,477
2014-12-22,480,482,473,477,6410000,477
2014-12-24,485,487,480,484,5783000,484
2014-12-25,485,488,479,482,5091000,482
2014-12-26,481,489,481,487,4916000,487
2014-12-29,491,494,479,486,6351000,486
2014-12-30,487,487,479,479,5167000,479
2015-01-05,474,484,470,479,8480000,479
2015-01-06,463,466,456,458,12299000,458
2015-01-07,450,462,448,459,9769000,459
2015-01-08,463,467,461,462,8774000,462
2015-01-09,463,464,457,460,9538000,460
2015-01-13,453,460,450,459,7597000,459
2015-01-14,457,464,451,452,8817000,452
2015-01-15,453,467,453,464,11420000,464
2015-01-16,454,460,445,448,11789000,448
2015-01-19,450,455,446,454,10747000,454
2015-01-20,455,461,453,459,8616000,459
2015-01-21,460,471,457,465,13506000,465
2015-01-22,464,464,453,457,9881000,457
2015-01-23,462,470,460,468,8403000,468
2015-01-26,455,461,455,460,7271000,460
2015-01-27,464,469,463,467,6088000,467
2015-01-28,464,488,462,488,11803000,488
2015-01-29,480,485,473,473,8930000,473
2015-01-30,480,481,467,468,7419000,468
2015-02-02,491,511,487,509,23009000,509
2015-02-03,506,510,495,499,16959000,499
2015-02-04,506,515,506,514,15912000,514
2015-02-05,509,519,506,511,15075000,511
2015-02-06,511,513,504,512,9266000,512
2015-02-09,518,522,510,513,6416000,513
2015-02-10,520,540,518,540,18218000,540
2015-02-12,544,551,540,543,12985000,543
2015-02-13,544,548,539,543,9988000,543
2015-02-16,542,546,537,539,5567000,539
2015-02-17,534,540,533,539,8588000,539
2015-02-18,541,547,538,546,9231000,546
2015-02-19,546,546,535,540,10512000,540
2015-02-20,546,560,544,551,14171000,551
2015-02-23,555,560,549,552,6181000,552
2015-02-24,551,557,546,556,7192000,556
2015-02-25,560,560,552,554,4987000,554
2015-02-26,551,551,543,551,9311000,551
2015-02-27,554,561,553,559,8989000,559
2015-03-02,561,569,561,566,6985000,566
2015-03-03,567,581,561,578,15368000,578
2015-03-04,580,580,566,575,6995000,575
2015-03-05,576,585,574,581,8428000,581
2015-03-06,589,602,589,600,12964000,600
2015-03-09,596,598,584,585,8435000,585
2015-03-10,595,604,587,592,11625000,592
2015-03-11,582,590,581,583,6885000,583
2015-03-12,588,601,586,599,10066000,599
2015-03-13,605,607,599,602,9340000,602
2015-03-16,598,600,592,594,6186000,594
2015-03-17,600,600,591,593,5940000,593
2015-03-18,598,613,591,608,12147000,608
2015-03-19,603,613,596,605,10226000,605
2015-03-20,602,608,594,606,8298000,606
2015-03-23,608,622,607,621,13463000,621
2015-03-24,617,631,615,630,12891000,630
2015-03-25,621,628,606,620,14576000,620
2015-03-26,610,618,608,612,9267000,612
2015-03-27,612,622,600,606,9585000,606
2015-03-30,602,615,594,613,10949000,613
2015-03-31,620,626,616,618,13009000,618
2015-04-01,605,608,596,599,15605000,599
2015-04-02,602,613,601,610,9103000,610
2015-04-03,608,616,606,616,5677000,616
2015-04-06,610,617,608,616,4804000,616
2015-04-07,619,636,619,633,10145000,633
2015-04-08,640,647,633,639,12804000,639
2015-04-09,640,650,639,649,8609000,649
2015-04-10,650,651,636,640,12322000,640
2015-04-13,645,649,642,647,5945000,647
2015-04-14,650,662,649,659,9077000,659
2015-04-15,660,672,658,666,10275000,666
2015-04-16,667,671,648,654,10180000,654
2015-04-17,660,660,646,649,7271000,649
2015-04-20,636,647,631,642,5927000,642
2015-04-21,650,661,650,658,6907000,658
2015-04-22,662,665,653,656,5771000,656
2015-04-23,660,662,651,655,6684000,655
2015-04-24,670,703,670,699,24796000,699
2015-04-27,696,697,680,684,10734000,684
2015-04-28,683,694,682,691,5395000,691
2015-04-30,683,683,670,675,10408000,675
2015-05-01,669,671,661,669,5930000,669
2015-05-07,666,668,651,652,8168000,652
2015-05-08,653,657,643,653,9565000,653
2015-05-11,663,674,661,668,7866000,668
2015-05-12,680,680,668,674,5467000,674
2015-05-13,684,690,676,685,11184000,685
2015-05-14,687,692,685,687,8715000,687
2015-05-15,689,697,686,690,7925000,690
2015-05-18,691,705,690,700,7250000,700
2015-05-19,701,708,701,703,8880000,703
2015-05-20,706,713,691,695,11578000,695
2015-05-21,691,708,686,706,7127000,706
2015-05-22,695,703,693,697,8617000,697
2015-05-25,702,709,700,707,4802000,707
2015-05-26,705,712,704,710,4336000,710
2015-05-27,710,712,702,710,5782000,710
2015-05-28,712,719,711,716,8722000,716
2015-05-29,715,734,714,725,15053000,725
2015-06-01,729,742,727,739,6329000,739
2015-06-02,752,760,750,752,8044000,752
2015-06-03,747,749,739,741,7401000,741
2015-06-04,746,764,744,764,11342000,764
2015-06-05,760,766,757,765,9837000,765
2015-06-08,772,776,766,773,8189000,773
2015-06-09,770,775,762,764,8896000,764
2015-06-10,769,771,753,758,9814000,758
2015-06-11,762,769,760,767,7928000,767
2015-06-12,777,782,770,778,12664000,778
2015-06-15,772,784,772,782,6303000,782
2015-06-16,782,798,782,792,12196000,792
2015-06-17,790,791,779,782,7477000,782
2015-06-18,784,784,772,773,5702000,773
2015-06-19,771,783,768,773,11811000,773
2015-06-22,770,786,768,784,6180000,784
2015-06-23,739,746,729,746,31772000,746
2015-06-24,750,760,745,750,14605000,750
2015-06-25,752,754,740,752,10571000,752
2015-06-26,753,771,752,765,10712000,765
2015-06-29,735,748,731,739,10616000,739
2015-06-30,732,740,729,736,9505000,736
2015-07-01,747,749,733,734,6378000,734
2015-07-02,750,757,742,743,8800000,743
2015-07-03,742,745,738,740,5219000,740
2015-07-06,723,735,722,726,7601000,726
2015-07-07,733,739,731,734,5761000,734
2015-07-08,722,725,690,690,14281000,690
2015-07-09,670,687,656,686,14774000,686
2015-07-10,696,697,676,677,10890000,677
2015-07-13,687,695,682,686,7207000,686
2015-07-14,700,714,698,711,8975000,711
2015-07-15,716,727,712,718,6930000,718
2015-07-16,729,732,723,731,8060000,731
2015-07-17,731,734,726,730,4546000,730
2015-07-21,733,738,721,725,7278000,725
2015-07-22,725,738,717,723,8153000,723
2015-07-23,732,733,724,729,4376000,729
2015-07-24,775,776,745,747,17764000,747
2015-07-27,734,735,708,710,14466000,710
2015-07-28,690,698,680,683,20727000,683
2015-07-29,695,707,679,680,14719000,680
2015-07-30,697,707,687,706,10280000,706
2015-07-31,706,712,701,708,6657000,708
2015-08-03,683,688,656,666,19596000,666
2015-08-04,661,664,636,638,19778000,638
2015-08-05,640,646,622,638,19628000,638
2015-08-06,647,657,645,653,14077000,653
2015-08-07,654,661,650,654,13011000,654
2015-08-10,648,653,621,629,16364000,629
2015-08-11,639,645,632,635,11384000,635
2015-08-12,632,642,618,628,10837000,628
2015-08-13,620,627,616,623,13834000,623
2015-08-14,629,638,627,628,9631000,628
2015-08-17,633,640,630,636,8618000,636
2015-08-18,639,654,638,651,11390000,651
2015-08-19,648,650,630,631,10768000,631
2015-08-20,627,632,616,617,10918000,617
2015-08-21,598,607,593,598,12357000,598
2015-08-24,561,574,554,556,20326000,556
2015-08-25,534,566,521,530,18577000,530
2015-08-26,534,548,530,546,18512000,546
2015-08-27,564,584,562,569,20237000,569
2015-08-28,583,617,583,606,33156000,606
2015-08-31,597,611,594,604,16358000,604
2015-09-01,605,611,580,580,14273000,580
2015-09-02,571,598,566,584,19002000,584
2015-09-03,608,615,594,595,12966000,595
2015-09-04,597,598,566,573,11607000,573
2015-09-07,565,573,555,568,9808000,568
2015-09-08,571,574,562,562,8644000,562
2015-09-09,582,603,580,603,10555000,603
2015-09-10,593,616,593,608,16916000,608
2015-09-11,626,636,619,620,20600000,620
2015-09-14,622,625,605,608,10674000,608
2015-09-15,614,620,604,605,8704000,605
2015-09-16,616,629,614,629,9865000,629
2015-09-17,642,655,641,650,14218000,650
2015-09-18,633,635,617,626,12769000,626
2015-09-24,620,624,614,616,9762000,616
2015-09-25,618,625,602,625,12645000,625
2015-09-28,621,628,605,609,10403000,609
2015-09-29,591,591,577,577,11758000,577
2015-09-30,594,608,591,602,10849000,602
2015-10-01,612,639,611,632,14836000,632
2015-10-02,632,662,630,656,16454000,656
2015-10-05,654,669,653,668,9542000,668
2015-10-06,675,681,672,675,10366000,675
2015-10-07,677,691,672,690,13283000,690
2015-10-08,677,680,664,669,18719000,669
2015-10-09,673,684,667,682,15571000,682
2015-10-13,688,705,685,699,17905000,699
2015-10-14,683,692,675,679,9769000,679
2015-10-15,670,688,662,684,7164000,684
2015-10-16,696,705,691,694,10393000,694
2015-10-19,692,696,676,676,12131000,676
2015-10-20,683,688,677,683,8816000,683
2015-10-21,680,700,680,700,9035000,700
2015-10-22,711,713,654,661,34122000,661
2015-10-23,678,683,670,678,15221000,678
2015-10-26,686,687,678,681,8171000,681
2015-10-27,682,684,670,672,8976000,672
2015-10-28,673,690,671,688,10150000,688
2015-10-29,692,696,683,691,8395000,691
2015-10-30,687,701,683,699,10678000,699
2015-11-02,662,676,661,661,16964000,661
2015-11-04,671,672,659,660,11436000,660
2015-11-05,655,674,651,670,13342000,670
2015-11-06,671,679,670,676,7876000,676
2015-11-09,682,698,681,691,10523000,691
2015-11-10,681,686,678,684,6076000,684
2015-11-11,679,689,678,681,6742000,681
2015-11-12,677,677,664,666,9910000,666
2015-11-13,651,665,650,663,9071000,663
2015-11-16,647,658,647,654,7385000,654
2015-11-17,667,686,665,680,12994000,680
2015-11-18,683,689,676,677,7456000,677
2015-11-19,684,687,681,686,6664000,686
2015-11-20,677,689,677,688,7198000,688
2015-11-24,692,710,692,709,14275000,709
2015-11-25,703,716,699,708,11365000,708
2015-11-26,720,722,712,718,14260000,718
2015-11-27,724,724,710,715,7085000,715
2015-11-30,709,711,701,706,8981000,706
2015-12-01,715,738,711,737,14717000,737
2015-12-02,737,742,731,733,9149000,733
2015-12-03,731,731,722,724,7050000,724
2015-12-04,712,724,711,722,8406000,722
2015-12-07,731,733,722,725,7896000,725
2015-12-08,726,728,705,708,8487000,708
2015-12-09,695,703,689,693,9685000,693
2015-12-10,685,691,679,682,8444000,682
2015-12-11,673,692,673,686,9868000,686
2015-12-14,666,680,660,679,10898000,679
2015-12-15,678,687,662,664,8914000,664
2015-12-16,672,683,668,682,8376000,682
2015-12-17,695,699,690,692,8546000,692
2015-12-18,686,703,677,679,11989000,679
2015-12-21,671,677,659,674,8925000,674
2015-12-22,675,680,669,673,4397000,673
2015-12-24,680,685,670,672,4510000,672
2015-12-25,673,678,667,669,4107000,669
2015-12-28,684,701,682,701,9171000,701
2015-12-29,698,705,692,704,7413000,704
2015-12-30,702,708,700,701,4246000,701
2016-01-04,676,682,661,665,17058000,665
2016-01-05,655,658,623,629,24301000,629
2016-01-06,628,636,618,629,20064000,629
2016-01-07,624,624,603,605,16859000,605
2016-01-08,593,605,587,595,18383000,595
2016-01-12,580,587,573,575,13215000,575
2016-01-13,585,592,579,591,14020000,591
2016-01-14,572,577,562,576,12481000,576
2016-01-15,586,589,570,573,10761000,573
2016-01-18,553,566,549,564,10437000,564
2016-01-19,556,567,552,566,13623000,566
2016-01-20,571,576,547,549,17844000,549
2016-01-21,545,564,534,534,14480000,534
2016-01-22,554,577,544,574,18962000,574
2016-01-25,584,588,572,583,12505000,583
2016-01-26,577,582,565,567,9394000,567
2016-01-27,577,588,573,584,11471000,584
2016-01-28,583,592,580,580,11763000,580
2016-01-29,576,608,571,603,22273000,603
2016-02-01,613,615,606,609,12043000,609
2016-02-02,590,602,579,581,14247000,581
2016-02-03,569,573,548,554,13156000,554
2016-02-04,570,587,560,565,13787000,565
2016-02-05,547,549,540,545,14484000,545
2016-02-08,535,558,535,554,8628000,554
2016-02-09,529,530,506,508,14884000,508
2016-02-10,507,510,483,492,18660000,492
2016-02-12,463,468,441,443,30655000,443
2016-02-15,472,484,457,480,12412000,480
2016-02-16,479,503,472,492,16685000,492
2016-02-17,488,492,469,477,15603000,477
2016-02-18,500,517,496,507,18416000,507
2016-02-19,503,511,495,503,13602000,503
2016-02-22,495,508,492,502,8471000,502
2016-02-23,509,517,503,505,9480000,505
2016-02-24,492,503,489,498,10054000,498
2016-02-25,502,506,493,501,10016000,501
2016-02-26,509,518,499,500,7112000,500
2016-02-29,505,515,494,494,10494000,494
2016-03-01,489,493,479,491,9997000,491
2016-03-02,507,517,502,510,12686000,510
2016-03-03,510,517,507,516,11318000,516
2016-03-04,518,520,514,518,11159000,518
2016-03-07,520,530,514,515,12285000,515
2016-03-08,510,512,501,506,16963000,506
2016-03-09,498,500,487,494,13010000,494
2016-03-10,499,501,492,496,11977000,496
2016-03-11,491,495,484,492,19396000,492
2016-03-14,501,516,500,515,14232000,515
2016-03-15,517,519,509,514,9965000,514
2016-03-16,508,518,507,511,7856000,511
2016-03-17,513,522,506,511,10961000,511
2016-03-18,511,514,499,504,11295000,504
2016-03-22,513,523,512,519,10746000,519
2016-03-23,519,522,508,509,9632000,509
2016-03-24,510,511,502,507,7753000,507
2016-03-25,508,515,503,513,5707000,513
2016-03-28,520,523,511,520,6541000,520
2016-03-29,515,519,510,517,6746000,517
2016-03-30,517,519,510,512,7785000,512
2016-03-31,516,517,508,509,7531000,509
2016-04-01,503,503,480,483,14434000,483
2016-04-04,477,484,467,471,12522000,471
2016-04-05,473,478,460,462,13073000,462
2016-04-06,455,456,445,453,12241000,453
2016-04-07,455,460,452,456,7694000,456
2016-04-08,448,470,443,463,9114000,463
2016-04-11,463,465,449,461,5940000,461
2016-04-12,455,468,450,467,10480000,467
2016-04-13,473,485,471,482,10608000,482
2016-04-14,494,505,493,504,11235000,504
2016-04-15,497,503,494,499,6298000,499
2016-04-18,475,482,473,479,10434000,479
2016-04-19,491,497,489,493,9994000,493
2016-04-20,502,514,502,504,14258000,504
2016-04-21,516,526,512,525,12264000,525
2016-04-22,517,531,517,529,9191000,529
2016-04-25,539,542,529,532,9035000,532
2016-04-26,530,532,519,527,10474000,527
2016-04-27,528,532,520,524,6005000,524
2016-04-28,528,536,505,506,14303000,506
2016-05-02,481,489,479,486,10416000,486
2016-05-06,479,485,473,478,8078000,478
2016-05-09,484,485,477,479,4211000,479
2016-05-10,475,494,472,492,9801000,492
2016-05-11,498,508,497,503,9234000,503
2016-05-12,486,499,480,499,12673000,499
2016-05-13,505,505,480,481,15988000,481
2016-05-16,477,482,471,478,7823000,478
2016-05-17,486,492,481,485,8745000,485
2016-05-18,488,500,485,493,9969000,493
2016-05-19,501,504,489,492,6970000,492
2016-05-20,488,494,485,491,7073000,491
2016-05-23,486,487,474,485,11204000,485
2016-05-24,483,483,476,480,7239000,480
2016-05-25,490,491,486,487,8688000,487
2016-05-26,492,495,480,481,9826000,481
2016-05-27,483,487,480,486,6672000,486
2016-05-30,493,497,488,496,5277000,496
2016-05-31,496,508,495,508,11934000,508
2016-06-01,510,511,502,504,8506000,504
2016-06-02,501,501,482,484,10063000,484
2016-06-03,485,488,481,484,5029000,484
2016-06-06,476,482,473,482,6777000,482
2016-06-07,485,493,483,492,7448000,492
2016-06-08,494,502,490,502,9714000,502
2016-06-09,494,498,487,490,9136000,490
2016-06-10,482,482,467,473,16951000,473
2016-06-13,459,461,452,453,8035000,453
2016-06-14,450,452,445,450,8322000,450
2016-06-15,446,460,444,456,10357000,456
2016-06-16,455,456,435,438,9488000,438
2016-06-17,446,449,440,447,11785000,447
2016-06-20,457,463,455,459,7029000,459
2016-06-21,451,466,447,466,5953000,466
2016-06-22,466,466,457,461,6965000,461
2016-06-23,458,470,455,468,5726000,468
2016-06-24,474,475,418,425,13190000,425
2016-06-27,427,427,409,415,8312000,415
2016-06-28,406,420,401,413,8874000,413
2016-06-29,417,424,411,421,13526000,421
2016-06-30,427,432,418,418,9694000,418
2016-07-01,426,435,422,423,11060000,423
2016-07-04,418,429,414,426,7071000,426
2016-07-05,422,425,413,419,8106000,419
2016-07-06,409,411,399,404,11085000,404
2016-07-07,405,410,401,403,7268000,403
2016-07-08,403,407,396,396,9054000,396
2016-07-11,409,417,407,412,9491000,412
2016-07-12,426,438,425,433,10822000,433
2016-07-13,451,457,444,445,14378000,445
2016-07-14,444,447,432,440,13187000,440
2016-07-15,444,454,441,451,12895000,451
2016-07-19,454,459,451,457,8417000,457
2016-07-20,449,450,437,445,11154000,445
2016-07-21,451,457,448,452,9169000,452
2016-07-22,444,448,439,444,6407000,444
2016-07-25,446,457,444,451,8712000,451
2016-07-26,446,448,429,435,10020000,435
2016-07-27,446,463,444,458,19907000,458
2016-07-28,458,463,456,457,11345000,457
2016-07-29,454,463,444,460,12453000,460
2016-08-01,412,423,411,418,18047000,418
2016-08-02,413,418,413,414,5801000,414
2016-08-03,408,411,400,403,12153000,403
2016-08-04,405,413,399,413,12845000,413
2016-08-05,411,418,410,413,7527000,413
2016-08-08,421,424,417,420,8366000,420
2016-08-09,414,419,413,418,8532000,418
2016-08-10,417,426,415,421,11086000,421
2016-08-12,417,431,410,430,10238000,430
2016-08-15,426,430,425,427,3671000,427
2016-08-16,434,442,430,430,10389000,430
2016-08-17,423,430,419,428,18243000,428
2016-08-18,416,422,411,416,18269000,416
2016-08-19,424,437,421,430,10978000,430
2016-08-22,432,435,428,434,4973000,434
2016-08-23,434,438,428,430,7165000,430
2016-08-24,435,439,433,435,5451000,435
2016-08-25,433,436,430,436,5871000,436
2016-08-26,437,442,433,435,8854000,435
2016-08-29,445,460,443,456,8464000,456
2016-08-30,455,465,455,457,7371000,457
2016-08-31,466,474,462,474,10526000,474
2016-09-01,476,489,472,476,12227000,476
2016-09-02,469,469,461,467,8624000,467
2016-09-05,480,480,469,470,6414000,470
2016-09-06,472,484,467,481,8173000,481
2016-09-07,478,487,473,479,11692000,479
2016-09-08,478,484,476,480,6735000,480
2016-09-09,479,486,479,484,8803000,484
2016-09-12,471,475,466,472,8636000,472
2016-09-13,471,473,464,471,6488000,471
2016-09-14,463,468,458,459,11765000,459
2016-09-15,459,461,452,459,10278000,459
2016-09-16,459,459,454,459,7567000,459
2016-09-20,453,463,453,458,6667000,458
2016-09-21,453,471,449,470,11000000,470
2016-09-23,467,467,460,461,7888000,461
2016-09-26,463,463,452,453,7529000,453
2016-09-27,450,461,448,461,12938000,461
2016-09-28,450,454,437,440,13578000,440
2016-09-29,449,462,448,456,14686000,456
2016-09-30,442,446,438,445,11844000,445
2016-10-03,451,453,444,444,7512000,444
2016-10-04,448,453,447,451,7077000,451
2016-10-05,453,461,450,456,8033000,456
2016-10-06,466,471,465,467,10215000,467
2016-10-07,468,473,468,472,7159000,472
2016-10-11,474,488,474,478,10250000,478
2016-10-12,475,489,473,479,11215000,479
2016-10-13,481,484,471,478,8636000,478
2016-10-14,480,483,473,482,9410000,482
2016-10-17,484,487,480,483,6608000,483
2016-10-18,484,494,482,491,10435000,491
2016-10-19,496,496,488,491,8264000,491
2016-10-20,490,498,489,495,7191000,495
2016-10-21,491,503,491,498,12265000,498
2016-10-24,502,507,498,504,9918000,504
2016-10-25,507,509,502,504,7040000,504
2016-10-26,500,513,499,512,9256000,512
2016-10-27,512,515,503,508,7752000,508
2016-10-28,512,517,511,516,10333000,516
2016-10-31,496,500,490,498,21721000,498
2016-11-01,500,502,491,498,12467000,498
2016-11-02,491,491,481,483,10870000,483
2016-11-04,480,482,472,477,11086000,477
2016-11-07,485,487,480,483,8409000,483
2016-11-08,479,482,477,481,7601000,481
2016-11-09,484,486,440,449,21960000,449
2016-11-10,481,483,473,476,18298000,476
2016-11-11,482,487,477,480,11630000,480
2016-11-14,482,491,480,491,10822000,491
2016-11-15,493,501,492,495,12439000,495
2016-11-16,503,504,499,502,8569000,502
2016-11-17,495,497,489,496,10651000,496
2016-11-18,507,508,499,500,10963000,500
2016-11-21,504,505,500,502,7780000,502
2016-11-22,505,510,504,508,7028000,508
2016-11-24,513,517,508,516,8457000,516
2016-11-25,520,541,518,531,16853000,531
2016-11-28,526,531,520,527,11436000,527
2016-11-29,526,528,519,524,8457000,524
2016-11-30,527,530,519,523,11138000,523
2016-12-01,539,554,536,544,22111000,544
2016-12-02,550,566,549,554,18755000,554
2016-12-05,558,575,557,567,24606000,567
2016-12-06,573,582,568,572,16852000,572
2016-12-07,583,588,574,577,12269000,577
2016-12-08,579,582,567,581,18458000,581
2016-12-09,599,600,587,594,18221000,594
2016-12-12,600,600,577,589,14261000,589
2016-12-13,580,588,576,585,11086000,585
2016-12-14,583,584,578,582,7884000,582
2016-12-15,580,586,573,577,12581000,577
2016-12-16,584,590,583,586,13703000,586
2016-12-19,582,589,581,587,9778000,587
2016-12-20,583,586,575,577,12913000,577
2016-12-21,576,580,563,571,15167000,571
2016-12-22,577,579,571,578,9944000,578
2016-12-26,578,579,573,573,6075000,573
2016-12-27,565,568,560,562,11769000,562
2016-12-28,562,566,562,564,4591000,564
2016-12-29,561,562,549,553,10055000,553
2016-12-30,555,558,549,556,8982000,556
2017-01-04,558,575,556,571,12512000,571
