Date,Open,High,Low,Close,Volume,Adj Close
2008-10-20,201,204,194,203,2908000,203
2008-10-21,213,214,206,211,3120000,211
2008-10-22,206,207,198,198,4003000,198
2008-10-23,191,196,184,196,5821000,196
2008-10-24,199,199,180,180,4599000,180
2008-10-27,177,183,157,161,5262000,161
2008-10-28,162,182,161,180,3253000,180
2008-10-29,192,194,178,185,4328000,185
2008-10-30,192,217,189,210,4738000,210
2008-10-31,211,221,207,212,6072000,212
2008-11-04,225,229,215,227,3908000,227
2008-11-05,232,240,232,235,4766000,235
2008-11-06,225,226,207,207,6082000,207
2008-11-07,199,212,195,202,5402000,202
2008-11-10,212,225,212,224,4752000,224
2008-11-11,224,229,215,216,4773000,216
2008-11-12,216,224,212,220,3127000,220
2008-11-13,216,217,210,212,3709000,212
2008-11-14,226,228,221,222,3921000,222
2008-11-17,222,231,216,225,4344000,225
2008-11-18,225,226,219,221,3853000,221
2008-11-19,222,228,216,219,4324000,219
2008-11-20,211,211,202,203,3316000,203
2008-11-21,194,208,190,205,4239000,205
2008-11-25,220,221,211,218,2955000,218
2008-11-26,218,218,213,215,1516000,215
2008-11-27,220,222,216,220,1478000,220
2008-11-28,220,220,212,215,3606000,215
2008-12-01,215,216,210,212,2024000,212
2008-12-02,199,203,197,197,2682000,197
2008-12-03,202,202,198,199,1968000,199
2008-12-04,202,207,195,199,3043000,199
2008-12-05,199,201,195,195,2871000,195
2008-12-08,200,213,199,213,3220000,213
2008-12-09,214,216,210,213,1718000,213
2008-12-10,214,219,211,217,2178000,217
2008-12-11,212,216,211,215,3548000,215
2008-12-12,215,220,206,211,6266000,211
2008-12-15,217,223,216,222,3014000,222
2008-12-16,223,226,218,219,3030000,219
2008-12-17,222,222,209,213,2640000,213
2008-12-18,216,219,213,218,1958000,218
2008-12-19,216,220,214,216,1523000,216
2008-12-22,212,215,205,207,3249000,207
2008-12-24,205,208,204,207,1516000,207
2008-12-25,212,212,206,209,568000,209
2008-12-26,209,213,209,213,855000,213
2008-12-29,209,218,209,217,1633000,217
2008-12-30,217,217,214,217,543000,217
2009-01-05,226,226,219,220,767000,220
2009-01-06,223,228,222,226,1868000,226
2009-01-07,229,238,229,236,4164000,236
2009-01-08,231,232,218,219,2113000,219
2009-01-09,219,221,213,216,2212000,216
2009-01-13,212,212,202,203,2552000,203
2009-01-14,203,207,203,205,1807000,205
2009-01-15,195,201,195,198,2647000,198
2009-01-16,202,204,199,202,1712000,202
2009-01-19,206,206,202,203,1341000,203
2009-01-20,202,202,196,198,2061000,198
2009-01-21,192,198,192,194,2243000,194
2009-01-22,196,198,189,192,1639000,192
2009-01-23,191,192,187,187,1468000,187
2009-01-26,185,190,183,185,1554000,185
2009-01-27,187,197,186,195,1564000,195
2009-01-28,198,199,194,199,1700000,199
2009-01-29,201,203,195,198,2237000,198
2009-01-30,193,194,188,191,1268000,191
2009-02-02,188,189,178,180,2835000,180
2009-02-03,179,180,174,176,2425000,176
2009-02-04,180,189,179,183,3654000,183
2009-02-05,184,192,181,187,3818000,187
2009-02-06,187,189,177,179,3787000,179
2009-02-09,180,181,172,172,1749000,172
2009-02-10,170,171,160,162,3170000,162
2009-02-12,163,166,161,165,2694000,165
2009-02-13,165,171,165,168,2652000,168
2009-02-16,163,165,161,165,2762000,165
2009-02-17,161,162,155,155,3360000,155
2009-02-18,154,164,152,161,3537000,161
2009-02-19,161,163,153,155,2129000,155
2009-02-20,153,155,150,152,1958000,152
2009-02-23,146,152,146,150,1401000,150
2009-02-24,146,155,146,154,2408000,154
2009-02-25,160,160,152,153,2216000,153
2009-02-26,156,162,155,158,2927000,158
2009-02-27,157,162,155,160,3312000,160
2009-03-02,153,156,151,151,1551000,151
2009-03-03,148,154,147,151,1994000,151
2009-03-04,149,150,146,150,3475000,150
2009-03-05,153,159,152,157,3343000,157
2009-03-06,151,155,150,153,2452000,153
2009-03-09,153,155,150,153,1227000,153
2009-03-10,152,154,151,152,1263000,152
2009-03-11,157,158,153,156,2066000,156
2009-03-12,154,156,152,153,1274000,153
2009-03-13,155,159,155,159,4502000,159
2009-03-16,161,166,161,162,3371000,162
2009-03-17,164,168,161,166,2467000,166
2009-03-18,167,170,166,169,2755000,169
2009-03-19,170,173,167,168,2046000,168
2009-03-23,173,178,168,177,3050000,177
2009-03-24,185,186,181,186,2666000,186
2009-03-25,185,186,182,186,3293000,186
2009-03-26,186,186,182,186,1265000,186
2009-03-27,187,189,182,182,2310000,182
2009-03-30,184,186,171,172,2684000,172
2009-03-31,174,182,173,177,2583000,177
2009-04-01,182,183,174,180,1822000,180
2009-04-02,182,187,181,185,2303000,185
2009-04-03,192,199,192,194,5212000,194
2009-04-06,196,205,196,204,3670000,204
2009-04-07,207,209,201,202,3305000,202
2009-04-08,202,205,201,203,3768000,203
2009-04-09,202,211,202,210,3127000,210
2009-04-10,215,216,206,207,2450000,207
2009-04-13,207,214,207,213,1284000,213
2009-04-14,214,218,210,217,2587000,217
2009-04-15,217,217,211,212,2530000,212
2009-04-16,217,221,211,212,3594000,212
2009-04-17,217,219,216,218,1887000,218
2009-04-20,220,223,217,223,1553000,223
2009-04-21,213,215,211,213,2405000,213
2009-04-22,218,218,212,215,2008000,215
2009-04-23,212,213,202,209,3330000,209
2009-04-24,211,212,205,206,1397000,206
2009-04-27,241,244,214,222,16547000,222
2009-04-28,231,232,215,215,8561000,215
2009-04-30,226,227,218,218,4429000,218
2009-05-01,216,222,212,220,2863000,220
2009-05-07,228,229,222,226,2969000,226
2009-05-08,221,246,220,238,7724000,238
2009-05-11,248,253,243,252,6170000,252
2009-05-12,250,252,244,248,5621000,248
2009-05-13,249,251,244,249,3116000,249
2009-05-14,245,259,244,250,6713000,250
2009-05-15,256,260,253,255,3791000,255
2009-05-18,275,276,263,267,9798000,267
2009-05-19,272,273,257,260,5191000,260
2009-05-20,264,267,260,266,3191000,266
2009-05-21,266,267,261,264,3209000,264
2009-05-22,259,262,255,261,2246000,261
2009-05-25,258,264,256,258,3103000,258
2009-05-26,256,257,245,248,5361000,248
2009-05-27,251,255,250,255,4606000,255
2009-05-28,248,255,248,254,2792000,254
2009-05-29,255,262,254,261,4122000,261
2009-06-01,256,265,256,264,2247000,264
2009-06-02,267,268,257,258,2943000,258
2009-06-03,262,268,260,262,3618000,262
2009-06-04,262,265,261,262,1818000,262
2009-06-05,264,266,260,262,2240000,262
2009-06-08,264,265,260,262,1461000,262
2009-06-09,261,263,256,257,2057000,257
2009-06-10,260,263,258,262,1464000,262
2009-06-11,264,268,263,266,2827000,266
2009-06-12,270,270,264,265,5931000,265
2009-06-15,267,268,262,267,1761000,267
2009-06-16,263,264,255,255,2024000,255
2009-06-17,251,262,251,260,1738000,260
2009-06-18,258,264,257,263,3111000,263
2009-06-19,263,266,259,264,2738000,264
2009-06-22,262,271,260,269,2934000,269
2009-06-23,265,266,253,254,4695000,254
2009-06-24,256,260,254,256,1995000,256
2009-06-25,260,264,259,261,1516000,261
2009-06-26,262,266,259,265,2728000,265
2009-06-29,267,268,258,259,2471000,259
2009-06-30,264,271,263,269,4146000,269
2009-07-01,267,280,264,277,6742000,277
2009-07-02,282,286,271,273,5221000,273
2009-07-03,267,272,265,270,2116000,270
2009-07-06,290,293,282,284,12911000,284
2009-07-07,288,293,281,285,8684000,285
2009-07-08,279,280,270,273,3910000,273
2009-07-09,268,275,268,269,2457000,269
2009-07-10,274,278,268,277,4291000,277
2009-07-13,270,277,260,263,4036000,263
2009-07-14,270,270,262,265,2764000,265
2009-07-15,260,263,257,262,3004000,262
2009-07-16,268,273,266,266,2800000,266
2009-07-17,269,277,265,275,5401000,275
2009-07-21,283,287,280,286,4416000,286
2009-07-22,286,292,282,289,3497000,289
2009-07-23,290,298,289,293,6438000,293
2009-07-24,299,301,294,300,5247000,300
2009-07-27,303,311,300,305,7390000,305
2009-07-28,304,304,297,302,3104000,302
2009-07-29,298,306,298,304,2910000,304
2009-07-30,303,305,297,302,2173000,302
2009-07-31,307,311,304,308,3975000,308
2009-08-03,313,318,309,312,3959000,312
2009-08-04,314,315,304,305,2798000,305
2009-08-05,306,308,296,296,2811000,296
2009-08-06,296,304,296,302,2639000,302
2009-08-07,302,312,295,305,7628000,305
2009-08-10,310,317,309,312,4395000,312
2009-08-11,314,324,313,321,4640000,321
2009-08-12,317,331,317,326,7304000,326
2009-08-13,332,336,326,327,4866000,327
2009-08-14,329,331,323,326,4465000,326
2009-08-17,329,345,329,341,10591000,341
2009-08-18,342,359,338,359,19703000,359
2009-08-19,374,387,369,372,28865000,372
2009-08-20,380,380,364,379,12693000,379
2009-08-21,375,377,360,368,11166000,368
2009-08-24,380,381,375,379,7707000,379
2009-08-25,379,410,375,408,45526000,408
2009-08-26,407,424,399,406,45144000,406
2009-08-27,403,416,393,401,21258000,401
2009-08-28,406,407,395,398,12337000,398
2009-08-31,406,407,386,394,10852000,394
2009-09-01,397,414,391,408,32273000,408
2009-09-02,403,409,399,399,13571000,399
2009-09-03,402,405,393,394,12051000,394
2009-09-04,391,393,375,381,12096000,381
2009-09-07,378,381,367,373,12263000,373
2009-09-08,371,386,368,382,15371000,382
2009-09-09,374,379,371,375,5861000,375
2009-09-10,380,385,376,379,6469000,379
2009-09-11,380,397,369,397,34441000,397
2009-09-14,414,421,409,410,61269000,410
2009-09-15,415,419,403,407,17976000,407
2009-09-16,410,421,405,413,21513000,413
2009-09-17,415,420,411,414,10571000,414
2009-09-18,407,409,398,402,8803000,402
2009-09-24,408,410,404,407,6232000,407
2009-09-25,402,415,400,407,8364000,407
2009-09-28,400,401,375,378,9382000,378
2009-09-29,384,385,370,373,7021000,373
2009-09-30,375,378,365,370,5706000,370
2009-10-01,367,367,354,356,7061000,356
2009-10-02,343,351,341,348,7234000,348
2009-10-05,345,351,333,335,4206000,335
2009-10-06,340,359,340,350,12607000,350
2009-10-07,350,369,350,366,8197000,366
2009-10-08,366,368,357,360,4304000,360
2009-10-09,370,384,367,379,12234000,379
2009-10-13,385,390,381,383,5965000,383
2009-10-14,381,382,367,371,6023000,371
2009-10-15,381,384,372,376,4696000,376
2009-10-16,378,379,365,374,7632000,374
2009-10-19,365,374,358,369,5246000,369
2009-10-20,373,375,364,368,4154000,368
2009-10-21,365,373,363,365,3238000,365
2009-10-22,363,366,353,362,4349000,362
2009-10-23,369,370,362,364,3222000,364
2009-10-26,359,365,356,364,3956000,364
2009-10-27,359,362,353,353,3562000,353
2009-10-28,355,356,346,349,4599000,349
2009-10-29,339,340,329,333,6842000,333
2009-10-30,340,342,335,338,4501000,338
2009-11-02,323,329,322,325,3639000,325
2009-11-04,320,329,317,324,3863000,324
2009-11-05,328,349,323,347,16163000,347
2009-11-06,346,351,338,346,8740000,346
2009-11-09,345,368,344,364,15944000,364
2009-11-10,372,376,368,368,10859000,368
2009-11-11,369,375,365,367,4010000,367
2009-11-12,369,372,355,357,4031000,357
2009-11-13,361,367,355,363,8284000,363
2009-11-16,373,386,371,383,19136000,383
2009-11-17,381,387,367,370,10104000,370
2009-11-18,374,381,368,375,9314000,375
2009-11-19,373,374,362,366,5533000,366
2009-11-20,356,371,355,368,5962000,368
2009-11-24,369,371,362,364,3834000,364
2009-11-25,357,362,347,358,4560000,358
2009-11-26,353,369,352,365,6316000,365
2009-11-27,356,360,348,350,6375000,350
2009-11-30,354,363,352,363,4741000,363
2009-12-01,363,378,360,377,5939000,377
2009-12-02,377,383,371,379,4658000,379
2009-12-03,382,394,380,393,7621000,393
2009-12-04,391,394,384,391,4395000,391
2009-12-07,394,402,388,402,8441000,402
2009-12-08,414,419,411,414,18435000,414
2009-12-09,409,412,404,409,7866000,409
2009-12-10,404,407,387,391,8218000,391
2009-12-11,391,420,391,414,15733000,414
2009-12-14,419,426,414,425,16105000,425
2009-12-15,420,426,417,420,6175000,420
2009-12-16,419,422,410,415,5069000,415
2009-12-17,412,418,408,415,5473000,415
2009-12-18,413,428,411,427,12688000,427
2009-12-21,425,434,420,428,11071000,428
2009-12-22,433,438,428,438,7358000,438
2009-12-24,443,446,434,437,8360000,437
2009-12-25,437,437,428,428,4263000,428
2009-12-28,426,432,422,427,5031000,427
2009-12-29,428,429,416,418,5483000,418
2009-12-30,423,423,413,415,2730000,415
2010-01-04,420,428,418,423,3544000,423
2010-01-05,425,427,418,420,3541000,420
2010-01-06,422,423,417,421,3157000,421
2010-01-07,419,423,418,420,3100000,420
2010-01-08,424,431,416,421,6785000,421
2010-01-12,418,424,407,423,5415000,423
2010-01-13,417,420,409,410,4179000,410
2010-01-14,413,417,407,416,4573000,416
2010-01-15,408,413,407,410,4947000,410
2010-01-18,403,405,395,396,5370000,396
2010-01-19,396,405,391,401,6071000,401
2010-01-20,404,406,390,391,3971000,391
2010-01-21,385,399,384,399,6038000,399
2010-01-22,390,394,387,393,4214000,393
2010-01-25,386,392,384,387,4007000,387
2010-01-26,387,388,379,379,3692000,379
2010-01-27,376,379,365,367,4651000,367
2010-01-28,374,378,367,374,3331000,374
2010-01-29,366,374,366,368,2576000,368
2010-02-01,369,370,361,366,3683000,366
2010-02-02,371,380,371,379,4577000,379
2010-02-03,386,391,374,382,7156000,382
2010-02-04,386,392,382,388,6170000,388
2010-02-05,371,379,371,377,3788000,377
2010-02-08,378,384,375,375,3559000,375
2010-02-09,373,377,369,372,2487000,372
2010-02-10,376,377,372,374,1921000,374
2010-02-12,375,378,369,374,2994000,374
2010-02-15,375,377,369,369,1331000,369
2010-02-16,369,371,364,364,2361000,364
2010-02-17,370,372,367,371,2254000,371
2010-02-18,371,379,369,379,3174000,379
2010-02-19,379,385,369,372,3377000,372
2010-02-22,378,381,376,381,2671000,381
2010-02-23,377,379,370,371,3567000,371
2010-02-24,363,366,361,363,4219000,363
2010-02-25,367,368,357,359,3177000,359
2010-02-26,357,361,351,359,3561000,359
2010-03-01,358,360,354,360,2069000,360
2010-03-02,361,363,355,359,1880000,359
2010-03-03,356,359,354,358,2063000,358
2010-03-04,356,360,353,353,1988000,353
2010-03-05,356,373,355,372,6795000,372
2010-03-08,379,382,376,379,4347000,379
2010-03-09,377,378,374,375,1748000,375
2010-03-10,372,382,372,380,3323000,380
2010-03-11,382,388,381,387,3088000,387
2010-03-12,392,392,383,385,6168000,385
2010-03-15,386,387,373,376,4450000,376
2010-03-16,372,373,359,362,8518000,362
2010-03-17,365,374,364,373,5980000,373
2010-03-18,375,376,364,366,4809000,366
2010-03-19,370,372,365,371,3940000,371
2010-03-23,371,374,368,373,2822000,373
2010-03-24,376,377,371,373,2759000,373
2010-03-25,374,374,369,372,2083000,372
2010-03-26,372,377,370,377,3584000,377
2010-03-29,375,390,374,390,5755000,390
2010-03-30,394,407,393,406,7791000,406
2010-03-31,403,405,397,402,3731000,402
2010-04-01,394,402,392,400,3923000,400
2010-04-02,405,412,401,409,3612000,409
2010-04-05,414,416,409,412,2560000,412
2010-04-06,412,412,401,404,2788000,404
2010-04-07,404,406,401,403,2409000,403
2010-04-08,398,402,396,399,1877000,399
2010-04-09,405,416,405,412,6810000,412
2010-04-12,415,415,405,406,3344000,406
2010-04-13,406,406,396,402,3478000,402
2010-04-14,405,406,397,399,2468000,399
2010-04-15,402,408,396,408,2742000,408
2010-04-16,410,410,402,406,2839000,406
2010-04-19,401,403,394,395,3681000,395
2010-04-20,398,402,395,396,2212000,396
2010-04-21,404,407,400,406,3381000,406
2010-04-22,402,407,399,405,2590000,405
2010-04-23,401,410,401,408,3063000,408
2010-04-26,409,416,409,415,4720000,415
2010-04-27,420,425,419,423,5032000,423
2010-04-28,415,417,411,411,3679000,411
2010-04-30,419,423,418,422,3219000,422
2010-05-06,414,416,411,415,3304000,415
2010-05-07,399,430,395,418,14570000,418
2010-05-10,423,436,420,435,14732000,435
2010-05-11,442,447,422,426,6620000,426
2010-05-12,434,440,427,432,5603000,432
2010-05-13,440,451,439,446,7908000,446
2010-05-14,438,450,438,444,4307000,444
2010-05-17,440,447,433,440,6246000,440
2010-05-18,448,459,436,438,14777000,438
2010-05-19,436,456,433,456,13181000,456
2010-05-20,458,461,434,438,9169000,438
2010-05-21,422,429,417,425,7883000,425
2010-05-24,428,435,420,431,8624000,431
2010-05-25,425,426,404,405,8922000,405
2010-05-26,412,418,406,411,8883000,411
2010-05-27,410,419,407,417,5365000,417
2010-05-28,425,430,415,420,4213000,420
2010-05-31,415,429,414,429,4436000,429
2010-06-01,422,434,421,425,3873000,425
2010-06-02,420,427,411,414,5556000,414
2010-06-03,422,437,421,435,6403000,435
2010-06-04,431,441,430,436,4151000,436
2010-06-07,428,428,419,422,4436000,422
2010-06-08,425,443,423,437,10580000,437
2010-06-09,434,438,428,433,6427000,433
2010-06-10,433,445,430,443,7117000,443
2010-06-11,451,454,448,451,8848000,451
2010-06-14,454,466,454,465,6573000,465
2010-06-15,463,470,459,468,5792000,468
2010-06-16,477,477,466,470,5114000,470
2010-06-17,467,467,452,457,4321000,457
2010-06-18,455,465,450,454,5250000,454
2010-06-21,462,468,460,467,5040000,467
2010-06-22,459,463,448,449,9116000,449
2010-06-23,444,449,441,444,6763000,444
2010-06-24,443,452,443,448,3989000,448
2010-06-25,441,444,434,436,3482000,436
2010-06-28,435,435,419,423,4707000,423
2010-06-29,428,437,422,423,4446000,423
2010-06-30,414,421,411,417,4175000,417
2010-07-01,410,414,401,406,3827000,406
2010-07-02,412,416,409,413,3828000,413
2010-07-05,425,431,419,423,3731000,423
2010-07-06,422,436,417,435,5764000,435
2010-07-07,434,434,423,426,3801000,426
2010-07-08,440,442,436,438,2641000,438
2010-07-09,443,443,434,438,2783000,438
2010-07-12,437,449,434,442,3508000,442
2010-07-13,447,451,435,437,3329000,437
2010-07-14,445,449,444,447,1982000,447
2010-07-15,448,448,438,439,2719000,439
2010-07-16,437,437,418,419,3220000,419
2010-07-20,412,424,411,417,2892000,417
2010-07-21,419,422,407,412,3141000,412
2010-07-22,410,414,407,409,2785000,409
2010-07-23,417,417,409,410,2690000,410
2010-07-26,416,425,415,421,2274000,421
2010-07-27,423,428,417,417,2554000,417
2010-07-28,425,434,423,434,2096000,434
2010-07-29,431,443,428,440,3001000,440
2010-07-30,442,449,436,436,8144000,436
2010-08-02,434,439,425,430,3434000,430
2010-08-03,438,442,426,428,5691000,428
2010-08-04,428,429,420,420,3200000,420
2010-08-05,427,433,426,429,3828000,429
2010-08-06,423,426,402,404,9877000,404
2010-08-09,397,406,389,404,7185000,404
2010-08-10,404,404,377,382,17446000,382
2010-08-11,377,381,372,373,10116000,373
2010-08-12,367,371,362,371,6859000,371
2010-08-13,368,370,362,368,7266000,368
2010-08-16,361,373,356,372,6871000,372
2010-08-17,364,368,361,365,4368000,365
2010-08-18,369,371,363,369,4265000,369
2010-08-19,369,376,367,375,3979000,375
2010-08-20,368,370,363,366,4836000,366
2010-08-23,363,367,362,363,2504000,363
2010-08-24,357,362,355,356,3166000,356
2010-08-25,349,351,341,343,6055000,343
2010-08-26,351,352,344,351,5542000,351
2010-08-27,344,355,343,353,4306000,353
2010-08-30,361,364,357,359,3278000,359
2010-08-31,350,351,337,338,4952000,338
2010-09-01,339,346,336,345,6214000,345
2010-09-02,352,353,345,348,4420000,348
2010-09-03,351,352,347,352,2103000,352
2010-09-06,357,367,356,365,5569000,365
2010-09-07,361,365,360,361,3398000,361
2010-09-08,354,354,347,349,3735000,349
2010-09-09,355,356,350,353,3335000,353
2010-09-10,352,363,351,358,4866000,358
2010-09-13,365,371,363,367,3930000,367
2010-09-14,367,372,366,368,4197000,368
2010-09-15,364,380,361,374,6252000,374
2010-09-16,379,382,372,375,3761000,375
2010-09-17,377,383,377,380,3861000,380
2010-09-21,384,390,382,384,3005000,384
2010-09-22,380,386,378,386,3169000,386
2010-09-24,378,378,365,366,6559000,366
2010-09-27,370,375,367,370,4974000,370
2010-09-28,366,370,364,365,2102000,365
2010-09-29,366,370,364,369,3652000,369
2010-09-30,371,372,359,359,2453000,359
2010-10-01,361,365,355,356,3993000,356
2010-10-04,356,362,352,355,3983000,355
2010-10-05,352,359,348,357,4244000,357
2010-10-06,362,373,360,372,3752000,372
2010-10-07,370,371,366,370,1956000,370
2010-10-08,371,375,368,368,3011000,368
2010-10-12,372,372,353,354,3685000,354
2010-10-13,360,374,358,366,6120000,366
2010-10-14,371,374,366,368,4721000,368
2010-10-15,367,372,366,370,2448000,370
2010-10-18,370,370,365,366,2448000,366
2010-10-19,368,380,367,375,4662000,375
2010-10-20,370,373,365,371,3514000,371
2010-10-21,372,372,362,363,2639000,363
2010-10-22,366,368,363,365,1781000,365
2010-10-25,368,369,361,366,2027000,366
2010-10-26,365,369,362,366,2918000,366
2010-10-27,369,371,364,370,3339000,370
2010-10-28,366,368,360,361,2480000,361
2010-10-29,356,357,349,354,3071000,354
2010-11-01,351,358,350,352,2021000,352
2010-11-02,352,358,349,350,2974000,350
2010-11-04,357,362,355,360,1645000,360
2010-11-05,368,371,367,369,2938000,369
2010-11-08,373,382,369,380,5491000,380
2010-11-09,380,390,379,386,5581000,386
2010-11-10,386,387,379,380,3769000,380
2010-11-11,382,384,377,378,3538000,378
2010-11-12,374,379,371,371,3468000,371
2010-11-15,373,374,363,366,3794000,366
2010-11-16,369,369,361,362,3441000,362
2010-11-17,359,364,358,363,2676000,363
2010-11-18,364,371,364,370,2666000,370
2010-11-19,375,377,365,366,4537000,366
2010-11-22,369,372,367,369,3976000,369
2010-11-24,361,367,358,364,3802000,364
2010-11-25,367,371,364,368,3267000,368
2010-11-26,370,372,364,366,2659000,366
2010-11-29,367,373,366,370,4854000,370
2010-11-30,370,380,370,372,7784000,372
2010-12-01,372,386,370,381,8321000,381
2010-12-02,384,387,382,385,3931000,385
2010-12-03,388,388,381,382,2774000,382
2010-12-06,380,383,379,381,2536000,381
2010-12-07,383,384,377,381,3605000,381
2010-12-08,381,386,380,385,3771000,385
2010-12-09,387,387,381,382,3534000,382
2010-12-10,388,388,381,383,5959000,383
2010-12-13,384,397,383,394,6956000,394
2010-12-14,394,401,393,398,5958000,398
2010-12-15,403,404,393,397,5036000,397
2010-12-16,397,400,395,397,2298000,397
2010-12-17,399,399,390,391,4199000,391
2010-12-20,390,395,388,389,4741000,389
2010-12-21,388,391,386,390,2565000,390
2010-12-22,393,395,387,387,2910000,387
2010-12-24,386,386,382,383,2035000,383
2010-12-27,381,382,375,381,4401000,381
2010-12-28,383,390,381,386,3678000,386
2010-12-29,385,393,383,391,4502000,391
2010-12-30,391,393,386,386,2427000,386
2011-01-04,392,395,388,393,2246000,393
2011-01-05,377,385,377,382,5974000,382
2011-01-06,385,391,385,389,6251000,389
2011-01-07,389,391,386,388,3575000,388
2011-01-11,388,395,387,392,3852000,392
2011-01-12,395,395,387,388,3045000,388
2011-01-13,391,396,390,393,4368000,393
2011-01-14,389,398,389,396,7566000,396
2011-01-17,401,404,397,398,4031000,398
2011-01-18,398,400,396,399,2394000,399
2011-01-19,400,401,397,399,3946000,399
2011-01-20,398,398,392,393,1932000,393
2011-01-21,394,395,386,387,2944000,387
2011-01-24,388,397,385,395,3097000,395
2011-01-25,400,407,398,405,6267000,405
2011-01-26,404,415,404,413,8066000,413
2011-01-27,412,417,404,408,8982000,408
2011-01-28,411,416,404,408,5066000,408
2011-01-31,401,405,396,400,2420000,400
2011-02-01,401,402,390,391,5545000,391
2011-02-02,395,400,392,393,4516000,393
2011-02-03,399,399,392,394,4047000,394
2011-02-04,396,398,394,395,3160000,395
2011-02-07,400,404,399,401,2613000,401
2011-02-08,404,407,399,405,5517000,405
2011-02-09,407,410,398,406,7123000,406
2011-02-10,402,410,402,408,3747000,408
2011-02-14,406,408,403,407,2427000,407
2011-02-15,410,421,410,419,6893000,419
2011-02-16,417,432,416,426,8126000,426
2011-02-17,429,431,424,429,4914000,429
2011-02-18,429,429,423,429,3960000,429
2011-02-21,428,428,421,426,4197000,426
2011-02-22,424,427,421,426,5582000,426
2011-02-23,421,426,421,424,4905000,424
2011-02-24,420,425,418,419,8455000,419
2011-02-25,422,431,418,424,6729000,424
2011-02-28,427,440,425,438,8556000,438
2011-03-01,438,442,434,440,3763000,440
2011-03-02,434,435,423,424,4328000,424
2011-03-03,424,428,422,427,3236000,427
2011-03-04,430,432,427,428,2805000,428
2011-03-07,426,426,418,420,2451000,420
2011-03-08,420,425,417,418,2846000,418
2011-03-09,425,430,421,423,2916000,423
2011-03-10,421,424,413,415,2191000,415
2011-03-11,409,411,404,405,6148000,405
2011-03-14,379,385,358,365,4368000,365
2011-03-15,345,347,296,313,7432000,313
2011-03-16,315,340,313,335,7422000,335
2011-03-17,317,349,312,338,6906000,338
2011-03-18,343,361,343,356,4790000,356
2011-03-22,370,379,368,373,4127000,373
2011-03-23,370,371,361,367,4087000,367
2011-03-24,383,388,377,380,6866000,380
2011-03-25,390,395,384,388,3456000,388
2011-03-28,393,397,387,394,4085000,394
2011-03-29,386,400,385,392,4884000,392
2011-03-30,401,416,397,412,5729000,412
2011-03-31,413,413,404,410,3171000,410
2011-04-01,410,422,409,413,4299000,413
2011-04-04,412,412,398,400,4915000,400
2011-04-05,396,398,390,391,3433000,391
2011-04-06,395,396,385,389,4388000,389
2011-04-07,389,392,377,380,4879000,380
2011-04-08,378,394,375,390,5489000,390
2011-04-11,388,392,387,389,2360000,389
2011-04-12,382,385,378,383,4056000,383
2011-04-13,383,390,379,389,3716000,389
2011-04-14,389,398,383,396,4116000,396
2011-04-15,394,407,393,394,7015000,394
2011-04-18,394,403,394,397,3315000,397
2011-04-19,390,396,387,388,3785000,388
2011-04-20,387,397,387,396,3203000,396
2011-04-21,399,400,396,398,2241000,398
2011-04-22,400,405,397,401,3861000,401
2011-04-25,405,407,400,401,1473000,401
2011-04-26,399,407,397,405,2932000,405
2011-04-27,405,409,401,409,3817000,409
2011-04-28,410,417,407,415,6945000,415
2011-05-02,420,427,415,426,3949000,426
2011-05-06,415,420,414,419,4520000,419
2011-05-09,419,421,413,415,2235000,415
2011-05-10,415,452,411,448,16989000,448
2011-05-11,449,455,444,448,12825000,448
2011-05-12,445,457,444,444,7439000,444
2011-05-13,445,446,431,438,4131000,438
2011-05-16,432,438,427,429,5622000,429
2011-05-17,427,428,416,423,6799000,423
2011-05-18,428,433,422,431,7060000,431
2011-05-19,433,435,422,424,5457000,424
2011-05-20,419,428,416,418,6842000,418
2011-05-23,415,420,411,414,5670000,414
2011-05-24,412,418,411,414,2862000,414
2011-05-25,417,417,402,403,5461000,403
2011-05-26,408,412,406,409,3316000,409
2011-05-27,404,411,401,407,3000000,407
2011-05-30,407,416,406,413,3337000,413
2011-05-31,413,418,413,418,3315000,418
2011-06-01,418,418,408,409,6341000,409
2011-06-02,402,410,400,407,4226000,407
2011-06-03,411,418,407,407,4548000,407
2011-06-06,407,410,398,401,2605000,401
2011-06-07,398,401,390,394,7587000,394
2011-06-08,392,394,389,391,4753000,391
2011-06-09,391,394,388,392,4189000,392
2011-06-10,394,397,391,392,5024000,392
2011-06-13,390,392,388,390,2790000,390
2011-06-14,391,396,390,395,2716000,395
2011-06-15,398,405,397,402,4606000,402
2011-06-16,397,399,394,395,2958000,395
2011-06-17,394,396,389,392,2939000,392
2011-06-20,391,392,380,381,4280000,381
2011-06-21,383,388,381,387,3630000,387
2011-06-22,392,396,391,394,2831000,394
2011-06-23,388,394,388,389,2022000,389
2011-06-24,392,392,388,390,2274000,390
2011-06-27,390,390,384,385,2940000,385
2011-06-28,386,386,380,382,5870000,382
2011-06-29,384,384,377,380,8107000,380
2011-06-30,381,387,378,386,7747000,386
2011-07-01,390,392,385,388,4989000,388
2011-07-04,393,395,390,392,3858000,392
2011-07-05,391,392,387,387,2995000,387
2011-07-06,387,392,385,392,3699000,392
2011-07-07,393,403,392,402,8175000,402
2011-07-08,409,409,399,400,6081000,400
2011-07-11,396,398,394,395,4206000,395
2011-07-12,390,390,379,380,10096000,380
2011-07-13,380,385,379,382,6319000,382
2011-07-14,381,382,377,379,4240000,379
2011-07-15,377,380,375,377,6261000,377
2011-07-19,375,379,375,376,4070000,376
2011-07-20,382,384,380,382,3273000,382
2011-07-21,384,387,383,385,5046000,385
2011-07-22,389,389,383,383,3734000,383
2011-07-25,383,386,381,382,3317000,382
2011-07-26,382,386,381,384,2837000,384
2011-07-27,385,386,382,383,2895000,383
2011-07-28,381,381,376,377,3105000,377
2011-07-29,376,381,373,373,4508000,373
2011-08-01,377,380,375,375,2807000,375
2011-08-02,373,375,368,370,3942000,370
2011-08-03,364,364,358,360,2619000,360
2011-08-04,361,366,359,363,4585000,363
2011-08-05,342,353,342,351,6157000,351
2011-08-08,346,358,344,351,8807000,351
2011-08-09,340,341,325,340,7576000,340
2011-08-10,348,353,345,346,4920000,346
2011-08-11,339,343,334,341,3909000,341
2011-08-12,344,346,337,338,3434000,338
2011-08-15,341,346,339,341,2804000,341
2011-08-16,341,347,340,342,3820000,342
2011-08-17,341,341,332,333,5568000,333
2011-08-18,331,332,325,326,3737000,326
2011-08-19,313,317,310,311,4654000,311
2011-08-22,311,316,306,306,3965000,306
2011-08-23,308,309,304,307,3431000,307
2011-08-24,312,314,303,303,4185000,303
2011-08-25,310,321,308,318,5292000,318
2011-08-26,315,320,313,318,3994000,318
2011-08-29,321,329,319,326,3869000,326
2011-08-30,330,333,328,328,2796000,328
2011-08-31,325,326,321,325,3994000,325
2011-09-01,328,338,327,336,3861000,336
2011-09-02,336,337,327,329,2951000,329
2011-09-05,321,322,315,317,3677000,317
2011-09-06,311,314,307,309,3271000,309
2011-09-07,314,316,310,314,2958000,314
2011-09-08,320,321,317,317,2141000,317
2011-09-09,314,318,311,313,4532000,313
2011-09-12,304,307,302,303,2706000,303
2011-09-13,305,314,303,311,2601000,311
2011-09-14,313,315,303,303,1959000,303
2011-09-15,308,312,306,308,3116000,308
2011-09-16,313,318,311,318,2439000,318
2011-09-20,310,314,307,309,2233000,309
2011-09-21,306,307,291,302,6319000,302
2011-09-22,300,302,299,299,2589000,299
2011-09-26,299,299,290,291,4428000,291
2011-09-27,296,301,294,298,2858000,298
2011-09-28,297,301,297,297,2321000,297
2011-09-29,293,298,290,297,4766000,297
2011-09-30,300,304,295,298,3298000,298
2011-10-03,292,295,285,287,3000000,287
2011-10-04,279,280,273,276,3648000,276
2011-10-05,281,282,269,274,3098000,274
2011-10-06,275,285,275,285,2829000,285
2011-10-07,286,294,286,292,2040000,292
2011-10-11,297,299,293,295,2428000,295
2011-10-12,292,294,289,293,2032000,293
2011-10-13,298,299,296,296,2100000,296
2011-10-14,296,296,289,289,2352000,289
2011-10-17,294,295,290,293,1716000,293
2011-10-18,288,292,285,290,1221000,290
2011-10-19,292,292,285,286,1825000,286
2011-10-20,287,287,281,282,1380000,282
2011-10-21,285,286,283,285,1031000,285
2011-10-24,288,291,287,290,1449000,290
2011-10-25,294,295,290,290,1849000,290
2011-10-26,287,292,283,289,1330000,289
2011-10-27,293,303,291,303,2195000,303
2011-10-28,311,311,303,304,1944000,304
2011-10-31,304,314,304,304,2143000,304
2011-11-01,300,300,291,292,2002000,292
2011-11-02,291,292,285,285,1715000,285
2011-11-04,288,291,282,287,2948000,287
2011-11-07,288,290,285,288,2530000,288
2011-11-08,285,314,283,301,8078000,301
2011-11-09,300,308,294,304,6287000,304
2011-11-10,294,297,291,295,4556000,295
2011-11-11,297,302,295,298,3127000,298
2011-11-14,306,310,304,307,3304000,307
2011-11-15,307,309,304,307,2368000,307
2011-11-16,308,309,299,300,2625000,300
2011-11-17,298,301,292,299,2145000,299
2011-11-18,294,299,293,296,3189000,296
2011-11-21,296,301,296,299,2091000,299
2011-11-22,296,303,295,298,2695000,298
2011-11-24,294,295,286,287,2935000,287
2011-11-25,291,292,283,283,3383000,283
2011-11-28,287,294,286,290,2103000,290
2011-11-29,296,301,294,300,2221000,300
2011-11-30,298,300,294,297,2362000,297
2011-12-01,307,308,302,304,2794000,304
2011-12-02,304,308,304,308,2064000,308
2011-12-05,311,315,310,312,2280000,312
2011-12-06,313,313,305,305,2122000,305
2011-12-07,308,312,307,310,2352000,310
2011-12-08,309,311,306,306,1516000,306
2011-12-09,303,308,303,304,5101000,304
2011-12-12,308,312,306,309,1794000,309
2011-12-13,303,305,301,302,2033000,302
2011-12-14,300,302,294,297,2707000,297
2011-12-15,292,294,289,290,1702000,290
2011-12-16,294,294,286,288,2140000,288
2011-12-19,286,287,278,281,2919000,281
2011-12-20,281,284,280,281,1988000,281
2011-12-21,285,288,282,284,2047000,284
2011-12-22,287,287,282,283,1199000,283
2011-12-26,287,287,282,283,1307000,283
2011-12-27,282,284,281,282,1234000,282
2011-12-28,284,287,281,283,1708000,283
2011-12-29,281,285,280,284,1282000,284
2011-12-30,284,285,281,285,1026000,285
2012-01-04,289,291,286,289,1653000,289
2012-01-05,289,289,284,284,1508000,284
2012-01-06,284,286,280,281,1474000,281
2012-01-10,281,281,276,279,3200000,279
2012-01-11,279,281,278,281,1443000,281
2012-01-12,280,282,279,280,1468000,280
2012-01-13,282,285,280,283,2451000,283
2012-01-16,281,283,279,282,1267000,282
2012-01-17,285,285,281,285,1806000,285
2012-01-18,283,292,282,289,2365000,289
2012-01-19,290,295,290,293,2232000,293
2012-01-20,299,307,298,305,4592000,305
2012-01-23,303,310,302,309,3515000,309
2012-01-24,310,310,304,306,1637000,306
2012-01-25,309,310,306,309,1690000,309
2012-01-26,310,317,309,310,1896000,310
2012-01-27,309,312,306,308,1696000,308
2012-01-30,305,305,301,303,1483000,303
2012-01-31,302,305,300,301,1674000,301
2012-02-01,299,304,299,302,1253000,302
2012-02-02,303,307,303,307,1283000,307
2012-02-03,306,306,297,300,2869000,300
2012-02-06,301,308,301,306,1740000,306
2012-02-07,308,315,306,315,4917000,315
2012-02-08,312,316,309,315,3929000,315
2012-02-09,315,315,311,315,2173000,315
2012-02-10,317,319,315,316,2595000,316
2012-02-13,315,316,311,316,1575000,316
2012-02-14,315,315,309,313,1836000,313
2012-02-15,315,324,315,320,3125000,320
2012-02-16,318,320,313,313,3280000,313
2012-02-17,317,318,313,316,4669000,316
2012-02-20,320,324,319,322,2047000,322
2012-02-21,320,328,320,325,3705000,325
2012-02-22,329,336,329,335,4914000,335
2012-02-23,334,335,331,333,2080000,333
2012-02-24,335,335,331,334,2169000,334
2012-02-27,334,336,330,331,3080000,331
2012-02-28,326,331,321,330,2461000,330
2012-02-29,331,334,325,326,2196000,326
2012-03-01,329,333,324,326,2900000,326
2012-03-02,332,333,328,331,2157000,331
2012-03-05,334,336,326,328,2408000,328
2012-03-06,328,330,324,328,2097000,328
2012-03-07,321,329,320,327,1372000,327
2012-03-08,332,333,330,333,1643000,333
2012-03-09,339,341,334,336,4728000,336
2012-03-12,341,342,334,335,2457000,335
2012-03-13,334,338,331,332,2189000,332
2012-03-14,340,344,337,339,2490000,339
2012-03-15,341,342,337,340,1841000,340
2012-03-16,339,342,337,342,1570000,342
2012-03-19,341,343,340,340,902000,340
2012-03-21,343,343,337,338,1446000,338
2012-03-22,337,339,333,336,1411000,336
2012-03-23,336,336,333,334,1528000,334
2012-03-26,334,335,332,332,1187000,332
2012-03-27,338,342,337,341,1406000,341
2012-03-28,339,343,336,343,2523000,343
2012-03-29,340,340,332,335,2277000,335
2012-03-30,335,336,330,331,1924000,331
2012-04-02,334,335,328,329,1734000,329
2012-04-03,325,329,323,328,1010000,328
2012-04-04,327,328,318,320,1581000,320
2012-04-05,317,322,315,319,1650000,319
2012-04-06,317,317,311,315,1456000,315
2012-04-09,311,311,307,308,1574000,308
2012-04-10,307,309,302,305,1895000,305
2012-04-11,297,303,296,301,2634000,301
2012-04-12,301,308,299,306,1613000,306
2012-04-13,314,318,309,310,4158000,310
2012-04-16,305,315,304,311,1968000,311
2012-04-17,310,312,309,310,1200000,310
2012-04-18,315,321,314,320,1355000,320
2012-04-19,318,319,314,317,1931000,317
2012-04-20,316,317,313,315,1443000,315
2012-04-23,315,317,313,316,1208000,316
2012-04-24,315,317,313,315,2054000,315
2012-04-25,321,322,316,316,1737000,316
2012-04-26,320,324,316,318,1029000,318
2012-04-27,317,321,311,312,2206000,312
2012-05-01,314,316,309,311,1737000,311
2012-05-02,310,313,307,309,1561000,309
2012-05-07,298,302,298,300,1495000,300
2012-05-08,301,302,299,301,1579000,301
2012-05-09,297,313,296,304,4317000,304
2012-05-10,307,315,306,308,3004000,308
2012-05-11,307,308,298,300,2442000,300
2012-05-14,300,300,293,293,2697000,293
2012-05-15,290,291,284,290,2630000,290
2012-05-16,290,290,284,286,2407000,286
2012-05-17,286,295,285,294,1891000,294
2012-05-18,286,286,281,282,2337000,282
2012-05-21,283,283,277,280,1453000,280
2012-05-22,283,286,282,283,1535000,283
2012-05-23,283,283,271,272,2482000,272
2012-05-24,273,275,270,272,1919000,272
2012-05-25,275,275,266,267,1813000,267
2012-05-28,267,269,263,266,1237000,266
2012-05-29,264,272,263,271,1829000,271
2012-05-30,269,270,263,267,1792000,267
2012-05-31,260,263,258,263,3831000,263
2012-06-01,259,261,252,254,1812000,254
2012-06-04,245,249,243,243,2471000,243
2012-06-05,245,254,245,254,2264000,254
2012-06-06,255,264,254,263,3537000,263
2012-06-07,265,267,261,266,2831000,266
2012-06-08,268,269,260,262,5109000,262
2012-06-11,269,281,268,277,6418000,277
2012-06-12,270,272,267,268,2931000,268
2012-06-13,270,271,264,268,2907000,268
2012-06-14,265,270,264,269,2129000,269
2012-06-15,270,274,269,273,2584000,273
2012-06-18,279,283,277,279,1859000,279
2012-06-19,278,282,276,277,1714000,277
2012-06-20,279,285,279,283,2013000,283
2012-06-21,288,290,285,289,2343000,289
2012-06-22,284,290,282,288,2259000,288
2012-06-25,292,293,284,285,1441000,285
2012-06-26,283,285,275,277,2116000,277
2012-06-27,278,278,273,278,1769000,278
2012-06-28,282,285,278,279,2133000,279
2012-06-29,273,278,272,276,5315000,276
2012-07-02,280,282,274,275,3683000,275
2012-07-03,277,284,277,279,2536000,279
2012-07-04,281,285,281,283,1793000,283
2012-07-05,284,287,282,283,1822000,283
2012-07-06,279,280,275,277,3446000,277
2012-07-09,269,274,269,271,3027000,271
2012-07-10,276,279,271,271,2264000,271
2012-07-11,272,273,270,272,2393000,272
2012-07-12,272,272,263,266,3684000,266
2012-07-13,268,273,268,272,2522000,272
2012-07-17,275,275,269,271,2419000,271
2012-07-18,272,276,269,271,2201000,271
2012-07-19,273,277,272,274,1354000,274
2012-07-20,272,274,266,268,2926000,268
2012-07-23,265,265,250,252,5174000,252
2012-07-24,250,253,248,251,2316000,251
2012-07-25,250,250,242,243,2660000,243
2012-07-26,245,247,243,245,2498000,245
2012-07-27,248,252,247,249,1887000,249
2012-07-30,255,256,250,252,1732000,252
2012-07-31,251,261,249,260,2301000,260
2012-08-01,257,257,253,256,1331000,256
2012-08-02,257,258,254,254,1405000,254
2012-08-03,251,252,247,251,1498000,251
2012-08-06,258,259,253,258,1725000,258
2012-08-07,256,276,253,271,6447000,271
2012-08-08,279,280,271,274,3331000,274
2012-08-09,276,280,273,280,2264000,280
2012-08-10,281,281,274,278,1503000,278
2012-08-13,277,280,276,279,1017000,279
2012-08-14,279,282,277,282,1715000,282
2012-08-15,283,283,275,282,1715000,282
2012-08-16,282,286,280,286,1508000,286
2012-08-17,287,289,283,289,1772000,289
2012-08-20,291,293,286,287,1385000,287
2012-08-21,289,289,283,285,1090000,285
2012-08-22,283,285,279,281,1459000,281
2012-08-23,278,283,277,281,2146000,281
2012-08-24,279,280,275,276,1256000,276
2012-08-27,278,278,274,275,1203000,275
2012-08-28,275,276,263,265,2848000,265
2012-08-29,267,268,264,266,1422000,266
2012-08-30,267,268,262,264,1311000,264
2012-08-31,261,264,257,257,1204000,257
2012-09-03,257,260,253,255,1621000,255
2012-09-04,254,257,252,254,1807000,254
2012-09-05,254,254,247,249,1206000,249
2012-09-06,248,249,244,245,1971000,245
2012-09-07,251,252,248,250,2917000,250
2012-09-10,247,251,244,250,1540000,250
2012-09-11,249,249,243,245,1931000,245
2012-09-12,247,249,246,249,2361000,249
2012-09-13,248,254,247,251,2178000,251
2012-09-14,255,261,254,257,3296000,257
2012-09-18,258,264,258,261,1925000,261
2012-09-19,264,265,259,264,2392000,264
2012-09-20,260,264,257,258,2452000,258
2012-09-21,259,260,257,260,1402000,260
2012-09-24,258,259,253,255,1957000,255
2012-09-25,255,259,253,257,1860000,257
2012-09-26,250,252,246,248,1797000,248
2012-09-27,246,247,242,246,2231000,246
2012-09-28,247,247,242,242,2244000,242
2012-10-01,242,242,234,235,3230000,235
2012-10-02,236,238,229,229,4815000,229
2012-10-03,227,229,223,228,3258000,228
2012-10-04,232,237,229,233,2482000,233
2012-10-05,237,238,234,236,2389000,236
2012-10-09,237,239,235,237,2274000,237
2012-10-10,233,236,232,234,1503000,234
2012-10-11,233,238,232,233,1923000,233
2012-10-12,237,238,235,236,2461000,236
2012-10-15,240,244,236,241,2636000,241
2012-10-16,245,250,244,249,2765000,249
2012-10-17,252,252,247,249,1908000,249
2012-10-18,251,255,249,255,1794000,255
2012-10-19,251,254,248,253,1897000,253
2012-10-22,248,256,245,254,2297000,254
2012-10-23,257,258,249,252,1442000,252
2012-10-24,245,251,245,246,2228000,246
2012-10-25,248,253,247,252,1633000,252
2012-10-26,252,252,242,243,3122000,243
2012-10-29,244,246,243,246,1140000,246
2012-10-30,245,249,243,243,1729000,243
2012-10-31,245,249,244,246,1315000,246
2012-11-01,246,251,246,249,1115000,249
2012-11-02,252,253,250,252,1065000,252
2012-11-05,249,252,248,250,1126000,250
2012-11-06,251,251,247,248,866000,248
2012-11-07,250,254,245,247,3776000,247
2012-11-08,244,249,244,249,1930000,249
2012-11-09,244,250,243,249,2749000,249
2012-11-12,250,252,248,250,1839000,250
2012-11-13,249,250,246,250,1687000,250
2012-11-14,251,251,248,250,1423000,250
2012-11-15,249,256,246,255,3335000,255
2012-11-16,258,263,257,263,3789000,263
2012-11-19,267,271,266,267,1535000,267
2012-11-20,269,270,266,268,1983000,268
2012-11-21,271,277,270,277,2858000,277
2012-11-22,280,280,275,278,2316000,278
2012-11-26,283,286,279,279,2730000,279
2012-11-27,279,280,274,275,2319000,275
2012-11-28,265,269,262,266,3806000,266
2012-11-29,267,272,267,270,1654000,270
2012-11-30,272,272,265,269,4418000,269
2012-12-03,270,271,266,268,1944000,268
2012-12-04,268,270,266,269,1951000,269
2012-12-05,267,274,265,269,3069000,269
2012-12-06,271,275,271,273,1996000,273
2012-12-07,273,275,271,273,1182000,273
2012-12-10,278,278,273,275,1306000,275
2012-12-11,273,274,269,272,1830000,272
2012-12-12,275,275,272,273,1262000,273
2012-12-13,276,282,275,280,2249000,280
2012-12-14,279,281,276,280,4467000,280
2012-12-17,286,286,279,280,2405000,280
2012-12-18,280,284,277,277,3385000,277
2012-12-19,279,283,277,282,3467000,282
2012-12-20,278,284,276,281,3949000,281
2012-12-21,284,285,278,278,3285000,278
2012-12-25,284,285,279,280,1826000,280
2012-12-26,281,286,280,286,2126000,286
2012-12-27,290,298,289,293,3375000,293
2012-12-28,295,296,291,293,1912000,293
2013-01-04,303,304,301,303,1643000,303
2013-01-07,307,310,300,300,2294000,300
2013-01-08,303,303,296,300,3127000,300
2013-01-09,301,305,298,303,2788000,303
2013-01-10,305,306,302,304,1837000,304
2013-01-11,307,309,304,308,2546000,308
2013-01-15,312,312,307,309,2779000,309
2013-01-16,311,311,304,305,2565000,305
2013-01-17,307,313,301,307,2923000,307
2013-01-18,312,315,310,315,2630000,315
2013-01-21,320,321,312,315,2684000,315
2013-01-22,315,316,309,312,2416000,312
2013-01-23,309,310,303,303,2330000,303
2013-01-24,302,309,300,308,1776000,308
2013-01-25,315,319,313,319,2092000,319
2013-01-28,321,323,317,317,1836000,317
2013-01-29,316,323,316,320,1807000,320
2013-01-30,321,324,318,324,1734000,324
2013-01-31,323,331,321,330,2607000,330
2013-02-01,334,334,327,330,1815000,330
2013-02-04,332,332,327,330,1481000,330
2013-02-05,327,329,320,321,2486000,321
2013-02-06,331,336,328,334,2803000,334
2013-02-07,334,343,321,339,6549000,339
2013-02-08,331,341,330,331,3473000,331
2013-02-12,339,344,337,340,2653000,340
2013-02-13,341,341,327,329,2064000,329
2013-02-14,331,340,331,337,3616000,337
2013-02-15,333,334,324,329,2114000,329
2013-02-18,335,339,332,336,2594000,336
2013-02-19,334,339,332,334,1114000,334
2013-02-20,339,341,336,340,2481000,340
2013-02-21,341,349,340,343,3817000,343
2013-02-22,344,348,337,344,3261000,344
2013-02-25,350,357,350,355,3171000,355
2013-02-26,345,358,345,351,3220000,351
2013-02-27,358,358,344,345,4135000,345
2013-02-28,353,355,351,353,2934000,353
2013-03-01,353,358,350,357,2318000,357
2013-03-04,360,360,355,357,1359000,357
2013-03-05,359,359,351,352,2054000,352
2013-03-06,354,354,346,350,2765000,350
2013-03-07,353,354,346,347,3049000,347
2013-03-08,351,356,349,355,6296000,355
2013-03-11,356,362,354,355,2699000,355
2013-03-12,361,368,360,360,3557000,360
2013-03-13,359,365,359,363,2016000,363
2013-03-14,365,365,355,358,2576000,358
2013-03-15,360,364,359,362,2026000,362
2013-03-18,358,361,352,352,2451000,352
2013-03-19,354,357,352,356,3036000,356
2013-03-21,358,360,353,359,3863000,359
2013-03-22,357,357,350,351,2083000,351
2013-03-25,357,358,355,356,2585000,356
2013-03-26,351,352,343,344,3082000,344
2013-03-27,343,344,334,338,3613000,338
2013-03-28,336,342,335,338,4087000,338
2013-03-29,338,338,329,334,2979000,334
2013-04-01,331,331,314,315,4848000,315
2013-04-02,311,311,302,307,3511000,307
2013-04-03,310,313,302,310,6237000,310
2013-04-04,314,335,308,335,14690000,335
2013-04-05,344,348,331,334,6600000,334
2013-04-08,341,343,336,339,3353000,339
2013-04-09,342,347,341,344,3926000,344
2013-04-10,344,347,341,343,4249000,343
2013-04-11,348,353,347,350,3703000,350
2013-04-12,354,354,347,350,4120000,350
2013-04-15,347,349,341,341,3400000,341
2013-04-16,333,340,331,334,5117000,334
2013-04-17,337,341,335,336,3764000,336
2013-04-18,332,334,328,328,3571000,328
2013-04-19,328,329,323,325,3845000,325
2013-04-22,328,337,327,329,4729000,329
2013-04-23,332,352,331,343,8493000,343
2013-04-24,346,356,346,356,4712000,356
2013-04-25,357,358,350,352,4210000,352
2013-04-26,357,363,352,359,7456000,359
2013-04-30,363,363,354,356,2945000,356
2013-05-01,356,357,350,352,2682000,352
2013-05-02,344,349,338,343,5054000,343
2013-05-07,351,363,351,362,4301000,362
2013-05-08,362,362,356,359,3699000,359
2013-05-09,359,386,358,371,7096000,371
2013-05-10,382,391,379,384,6977000,384
2013-05-13,385,396,385,391,3518000,391
2013-05-14,391,392,377,378,3124000,378
2013-05-15,390,409,390,398,7928000,398
2013-05-16,390,391,376,380,8051000,380
2013-05-17,374,379,369,377,6492000,377
2013-05-20,385,389,379,386,4894000,386
2013-05-21,387,404,383,396,7825000,396
2013-05-22,400,403,390,391,2966000,391
2013-05-23,396,403,373,374,10072000,374
2013-05-24,377,388,360,376,5814000,376
2013-05-27,361,369,357,358,4847000,358
2013-05-28,354,365,352,358,4466000,358
2013-05-29,365,372,360,364,4819000,364
2013-05-30,353,360,339,341,7444000,341
2013-05-31,345,349,332,343,43038000,343
2013-06-03,327,341,324,331,7925000,331
2013-06-04,328,338,319,336,5827000,336
2013-06-05,334,337,320,320,5307000,320
2013-06-06,315,322,307,309,5178000,309
2013-06-07,307,313,300,303,9413000,303
2013-06-10,319,329,315,327,3625000,327
2013-06-11,327,332,321,325,3293000,325
2013-06-12,318,320,309,318,4248000,318
2013-06-13,308,310,302,303,4586000,303
2013-06-14,317,323,309,310,6856000,310
2013-06-17,308,320,308,320,3580000,320
2013-06-18,325,333,322,325,7175000,325
2013-06-19,329,339,329,338,5625000,338
2013-06-20,338,341,331,334,5838000,334
2013-06-21,326,338,321,336,9181000,336
2013-06-24,341,342,333,338,2939000,338
2013-06-25,338,338,318,324,4897000,324
2013-06-26,328,332,322,322,2757000,322
2013-06-27,333,346,332,346,8015000,346
2013-06-28,351,364,349,360,5566000,360
2013-07-01,360,372,359,370,5291000,370
2013-07-02,368,369,354,360,5174000,360
2013-07-03,358,360,350,353,5631000,353
2013-07-04,353,356,349,353,2538000,353
2013-07-05,354,360,354,360,2175000,360
2013-07-08,366,367,352,355,4369000,355
2013-07-09,356,360,351,357,3797000,357
2013-07-10,359,361,351,355,3754000,355
2013-07-11,353,356,350,355,2368000,355
2013-07-12,354,365,354,361,3279000,361
2013-07-16,369,380,367,368,3575000,368
2013-07-17,368,373,366,372,2516000,372
2013-07-18,374,381,372,379,3850000,379
2013-07-19,386,394,374,379,10123000,379
2013-07-22,381,382,375,379,3328000,379
2013-07-23,380,387,378,384,2776000,384
2013-07-24,381,386,380,384,1906000,384
2013-07-25,387,387,375,376,1968000,376
2013-07-26,373,378,371,371,5975000,371
2013-07-29,363,370,360,366,4985000,366
2013-07-30,362,371,361,370,3232000,370
2013-07-31,369,375,361,362,3057000,362
2013-08-01,361,375,360,375,2278000,375
2013-08-02,382,390,379,390,3001000,390
2013-08-05,388,392,384,388,2411000,388
2013-08-06,390,396,383,395,3309000,395
2013-08-07,386,409,381,389,8855000,389
2013-08-08,381,389,373,376,6024000,376
2013-08-09,382,384,375,381,4451000,381
2013-08-12,380,388,373,384,1936000,384
2013-08-13,389,398,386,397,2286000,397
2013-08-14,398,398,388,396,1952000,396
2013-08-15,390,393,386,388,2230000,388
2013-08-16,382,395,381,391,2258000,391
2013-08-19,387,388,378,384,2436000,384
2013-08-20,380,383,370,371,2742000,371
2013-08-21,372,372,362,366,2945000,366
2013-08-22,362,364,358,362,2428000,362
2013-08-23,370,377,367,370,3494000,370
2013-08-26,370,373,366,368,1833000,368
2013-08-27,365,378,365,374,2488000,374
2013-08-28,364,374,364,368,2322000,368
2013-08-29,368,371,365,367,1807000,367
2013-08-30,368,371,360,360,2279000,360
2013-09-02,363,368,361,366,1229000,366
2013-09-03,370,378,370,376,1677000,376
2013-09-04,377,382,373,381,1595000,381
2013-09-05,380,383,377,380,1333000,380
2013-09-06,381,382,373,375,1282000,375
2013-09-09,388,389,378,381,1738000,381
2013-09-10,384,387,383,385,1231000,385
2013-09-11,388,388,381,382,1365000,382
2013-09-12,383,387,383,387,1330000,387
2013-09-13,389,391,384,388,4198000,388
2013-09-17,388,393,387,389,1490000,389
2013-09-18,390,392,384,384,2312000,384
2013-09-19,388,392,386,392,1823000,392
2013-09-20,393,393,388,389,1586000,389
2013-09-24,389,390,385,389,1384000,389
2013-09-25,388,393,387,391,2372000,391
2013-09-26,388,394,382,393,2198000,393
2013-09-27,391,393,388,393,2182000,393
2013-09-30,388,388,381,382,2750000,382
2013-10-01,384,388,382,382,1595000,382
2013-10-02,384,387,374,374,2213000,374
2013-10-03,372,374,363,363,2664000,363
2013-10-04,364,379,364,373,5162000,373
2013-10-07,376,379,366,366,3525000,366
2013-10-08,363,369,362,365,1948000,365
2013-10-09,371,394,369,392,7872000,392
2013-10-10,390,393,382,388,4589000,388
2013-10-11,399,400,394,398,4331000,398
2013-10-15,401,411,400,408,5017000,408
2013-10-16,406,411,405,407,2607000,407
2013-10-17,410,414,405,410,2020000,410
2013-10-18,410,412,402,406,2737000,406
2013-10-21,406,413,404,409,2054000,409
2013-10-22,408,413,406,408,1664000,408
2013-10-23,411,411,398,398,2141000,398
2013-10-24,393,401,392,400,2939000,400
2013-10-25,399,400,393,395,2719000,395
2013-10-28,392,400,392,399,2222000,399
2013-10-29,398,407,394,404,3344000,404
2013-10-30,410,415,408,412,4211000,412
2013-10-31,411,414,409,410,2449000,410
2013-11-01,410,411,402,404,1717000,404
2013-11-05,408,408,398,402,2731000,402
2013-11-06,400,412,398,410,1902000,410
2013-11-07,409,410,400,408,2059000,408
2013-11-08,401,412,396,406,4403000,406
2013-11-11,413,417,410,415,3734000,415
2013-11-12,414,418,412,417,2875000,417
2013-11-13,415,418,411,411,2565000,411
2013-11-14,414,418,412,416,3453000,416
2013-11-15,420,425,417,420,3803000,420
2013-11-18,424,424,418,421,2233000,421
2013-11-19,420,421,414,416,2358000,416
2013-11-20,417,418,413,415,1567000,415
2013-11-21,417,421,415,420,1564000,420
2013-11-22,423,424,417,420,2334000,420
2013-11-25,424,424,419,424,1455000,424
2013-11-26,421,425,418,423,1806000,423
2013-11-27,419,426,417,423,2369000,423
2013-11-28,427,439,425,437,4846000,437
2013-11-29,438,438,434,438,3077000,438
2013-12-02,440,444,433,437,2093000,437
2013-12-03,440,441,435,440,2391000,440
2013-12-04,433,436,429,432,2181000,432
2013-12-05,429,435,428,430,2925000,430
2013-12-06,424,425,415,420,3490000,420
2013-12-09,430,432,427,431,1785000,431
2013-12-10,433,433,427,429,871000,429
2013-12-11,427,429,423,425,1392000,425
2013-12-12,422,426,419,422,1650000,422
2013-12-13,422,427,419,420,3923000,420
2013-12-16,420,423,414,415,1179000,415
2013-12-17,420,428,418,427,2407000,427
2013-12-18,425,430,424,428,1834000,428
2013-12-19,431,432,427,430,2105000,430
2013-12-20,426,427,423,425,2108000,425
2013-12-24,426,426,416,418,2592000,418
2013-12-25,412,418,412,416,2440000,416
2013-12-26,421,424,418,422,1434000,422
2013-12-27,423,424,419,422,987000,422
2013-12-30,425,434,423,434,2286000,434
2014-01-06,431,433,423,428,2434000,428
2014-01-07,425,426,417,418,1774000,418
2014-01-08,421,425,419,425,1308000,425
2014-01-09,423,424,416,417,1868000,417
2014-01-10,413,422,413,420,3388000,420
2014-01-14,409,412,406,406,3290000,406
2014-01-15,415,418,408,418,3132000,418
2014-01-16,420,431,420,427,4801000,427
2014-01-17,428,429,421,425,2130000,425
2014-01-20,425,426,418,419,2232000,419
2014-01-21,420,421,415,415,2467000,415
2014-01-22,414,418,412,417,2040000,417
2014-01-23,419,419,409,409,2294000,409
2014-01-24,406,412,404,407,2802000,407
2014-01-27,393,399,392,395,2259000,395
2014-01-28,399,400,393,393,1613000,393
2014-01-29,402,411,402,411,1712000,411
2014-01-30,397,400,395,399,1777000,399
2014-01-31,405,405,395,399,1973000,399
2014-02-03,395,396,390,391,1350000,391
2014-02-04,382,383,365,367,3266000,367
2014-02-05,372,384,368,373,2860000,373
2014-02-06,370,373,365,369,2179000,369
2014-02-07,375,386,372,375,3759000,375
2014-02-10,377,386,373,377,4891000,377
2014-02-12,385,389,381,385,2418000,385
2014-02-13,383,387,378,379,1947000,379
2014-02-14,374,377,365,371,4586000,371
2014-02-17,373,386,373,383,3077000,383
2014-02-18,383,390,381,388,2630000,388
2014-02-19,386,392,386,388,1411000,388
2014-02-20,386,389,378,379,2442000,379
2014-02-21,385,398,385,398,2397000,398
2014-02-24,395,403,389,396,3068000,396
2014-02-25,404,406,398,401,2534000,401
2014-02-26,395,402,394,399,1757000,399
2014-02-27,399,400,393,396,1225000,396
2014-02-28,393,395,389,392,1383000,392
2014-03-03,385,389,380,388,1849000,388
2014-03-04,383,393,382,391,917000,391
2014-03-05,394,399,392,396,1482000,396
2014-03-06,394,401,392,400,1383000,400
2014-03-07,404,408,403,407,2040000,407
2014-03-10,403,404,399,401,1504000,401
2014-03-11,403,409,398,403,1497000,403
2014-03-12,395,397,390,392,1979000,392
2014-03-13,391,394,390,390,1361000,390
2014-03-14,378,380,374,374,4640000,374
2014-03-17,372,376,369,371,1573000,371
2014-03-18,375,376,370,374,2180000,374
2014-03-19,377,377,367,369,3356000,369
2014-03-20,368,370,358,359,3764000,359
2014-03-24,360,366,351,353,4782000,353
2014-03-25,346,352,333,349,8768000,349
2014-03-26,352,356,345,354,8647000,354
2014-03-27,347,349,338,349,7537000,349
2014-03-28,348,353,342,352,4505000,352
2014-03-31,354,355,350,354,3710000,354
2014-04-01,355,356,346,351,4606000,351
2014-04-02,354,364,353,358,5644000,358
2014-04-03,359,365,359,361,4087000,361
2014-04-04,359,365,359,363,3706000,363
2014-04-07,360,373,359,364,4026000,364
2014-04-08,365,369,363,366,5489000,366
2014-04-09,361,361,354,359,5656000,359
2014-04-10,360,363,352,354,4538000,354
2014-04-11,348,355,345,347,4472000,347
2014-04-14,346,352,345,349,2189000,349
2014-04-15,351,353,344,345,3528000,345
2014-04-16,348,357,348,357,2436000,357
2014-04-17,356,361,355,358,3206000,358
2014-04-18,360,361,354,356,1841000,356
2014-04-21,356,360,354,357,1557000,357
2014-04-22,358,360,355,355,1478000,355
2014-04-23,356,358,353,355,1718000,355
2014-04-24,353,356,347,351,2922000,351
2014-04-25,350,354,349,352,2094000,352
2014-04-28,350,350,344,346,1894000,346
2014-04-30,347,347,338,339,2278000,339
2014-05-01,339,345,338,344,2769000,344
2014-05-02,344,344,340,342,2481000,342
2014-05-07,340,343,337,338,2981000,338
2014-05-08,339,346,339,344,2934000,344
2014-05-09,341,365,340,358,7267000,358
2014-05-12,357,358,343,347,5142000,347
2014-05-13,349,361,348,361,4457000,361
2014-05-14,362,364,359,363,2634000,363
2014-05-15,360,362,353,361,3321000,361
2014-05-16,358,358,353,356,2388000,356
2014-05-19,356,359,354,355,2339000,355
2014-05-20,356,360,353,357,2212000,357
2014-05-21,355,361,354,361,3058000,361
2014-05-22,363,375,362,373,4478000,373
2014-05-23,374,376,366,367,4359000,367
2014-05-26,372,376,370,375,3409000,375
2014-05-27,374,378,373,374,1803000,374
2014-05-28,374,374,368,369,2602000,369
2014-05-29,367,370,364,368,1647000,368
2014-05-30,370,373,368,369,2807000,369
2014-06-02,374,378,373,375,2082000,375
2014-06-03,379,380,374,374,2357000,374
2014-06-04,374,376,369,372,2042000,372
2014-06-05,370,370,364,365,3378000,365
2014-06-06,369,369,363,367,2598000,367
2014-06-09,369,372,367,369,1975000,369
2014-06-10,371,371,365,366,1508000,366
2014-06-11,370,371,368,370,1301000,370
2014-06-12,368,368,363,366,1713000,366
2014-06-13,360,368,360,367,2588000,367
2014-06-16,367,368,363,363,1525000,363
2014-06-17,363,370,363,368,2060000,368
2014-06-18,371,373,368,373,1936000,373
2014-06-19,374,379,373,379,1496000,379
2014-06-20,379,383,377,383,3629000,383
2014-06-23,390,392,385,387,3474000,387
2014-06-24,382,386,377,382,3052000,382
2014-06-25,384,388,381,384,2944000,384
2014-06-26,390,393,389,391,3522000,391
2014-06-27,395,396,381,384,5255000,384
2014-06-30,383,389,381,389,2289000,389
2014-07-01,389,396,387,394,2234000,394
2014-07-02,395,397,391,395,2608000,395
2014-07-03,393,394,387,389,2096000,389
2014-07-04,391,393,391,392,1150000,392
2014-07-07,391,393,389,389,1505000,389
2014-07-08,386,392,381,388,2091000,388
2014-07-09,383,388,382,387,1200000,387
2014-07-10,389,389,384,385,1601000,385
2014-07-11,380,384,378,383,2020000,383
2014-07-14,387,388,384,386,1187000,386
2014-07-15,387,389,386,386,1384000,386
2014-07-16,384,389,383,388,1270000,388
2014-07-17,389,389,384,386,1156000,386
2014-07-18,380,384,378,381,1439000,381
2014-07-22,382,386,382,386,1246000,386
2014-07-23,386,387,384,385,1167000,385
2014-07-24,387,390,384,386,1803000,386
2014-07-25,391,392,389,392,1839000,392
2014-07-28,391,398,390,396,2716000,396
2014-07-29,397,398,394,396,1150000,396
2014-07-30,394,394,387,393,1424000,393
2014-07-31,395,395,387,388,2448000,388
2014-08-01,386,389,385,387,1510000,387
2014-08-04,388,392,386,391,1416000,391
2014-08-05,389,392,383,383,1492000,383
2014-08-06,381,383,375,376,2088000,376
2014-08-07,376,378,344,345,8314000,345
2014-08-08,350,358,348,354,6292000,354
2014-08-11,356,358,348,351,4236000,351
2014-08-12,351,357,349,355,4616000,355
2014-08-13,354,356,352,353,2016000,353
2014-08-14,353,355,352,352,2057000,352
2014-08-15,352,354,352,353,1256000,353
2014-08-18,355,356,352,352,1525000,352
2014-08-19,353,354,351,351,2360000,351
2014-08-20,352,353,351,352,1638000,352
2014-08-21,353,357,353,356,3275000,356
2014-08-22,356,357,354,355,1497000,355
2014-08-25,356,357,351,356,3097000,356
2014-08-26,355,357,354,355,1445000,355
2014-08-27,354,355,351,353,2739000,353
2014-08-28,352,353,351,351,1710000,351
2014-08-29,351,352,350,352,2304000,352
2014-09-01,351,353,350,350,2512000,350
2014-09-02,350,359,350,359,4144000,359
2014-09-03,360,362,354,355,3702000,355
2014-09-04,355,356,351,353,3817000,353
2014-09-05,355,356,350,350,2756000,350
2014-09-08,352,353,350,350,2587000,350
2014-09-09,352,354,352,352,1495000,352
2014-09-10,351,354,351,352,1923000,352
2014-09-11,356,360,354,360,3503000,360
2014-09-12,363,363,360,360,5259000,360
2014-09-16,360,361,355,355,2394000,355
2014-09-17,356,357,354,354,1408000,354
2014-09-18,357,360,357,359,1975000,359
2014-09-19,361,363,358,363,2481000,363
2014-09-22,364,365,362,363,2563000,363
2014-09-24,362,366,361,361,2715000,361
2014-09-25,366,373,364,369,3816000,369
2014-09-26,361,365,360,363,1906000,363
2014-09-29,367,369,366,368,2105000,368
2014-09-30,368,368,358,359,1943000,359
2014-10-01,358,359,355,356,2465000,356
2014-10-02,353,354,348,349,3361000,349
2014-10-03,349,351,345,348,2245000,348
2014-10-06,350,353,350,351,1452000,351
2014-10-07,350,354,349,349,2315000,349
2014-10-08,346,347,342,342,2825000,342
2014-10-09,343,346,342,343,3233000,343
2014-10-10,340,340,336,337,3699000,337
2014-10-14,334,340,333,336,3362000,336
2014-10-15,337,338,335,337,2206000,337
2014-10-16,333,334,326,327,4608000,327
2014-10-17,331,333,325,325,3064000,325
2014-10-20,333,337,330,336,2309000,336
2014-10-21,336,336,326,326,2678000,326
2014-10-22,332,339,331,338,2610000,338
2014-10-23,335,340,334,335,1702000,335
2014-10-24,343,343,338,342,2441000,342
2014-10-27,344,347,343,346,1876000,346
2014-10-28,345,346,341,344,1271000,344
2014-10-29,347,348,345,347,2220000,347
2014-10-30,347,349,344,348,2899000,348
2014-10-31,350,361,350,359,4553000,359
2014-11-04,368,368,362,362,4222000,362
2014-11-05,361,365,360,364,3769000,364
2014-11-06,365,367,357,358,3632000,358
2014-11-07,362,365,360,363,2250000,363
2014-11-10,361,388,360,382,10182000,382
2014-11-11,382,389,380,386,5849000,386
2014-11-12,387,392,386,387,4181000,387
2014-11-13,385,394,384,393,3923000,393
2014-11-14,396,398,391,398,4536000,398
2014-11-17,396,396,388,390,2467000,390
2014-11-18,390,399,390,399,3758000,399
2014-11-19,400,406,399,400,4090000,400
2014-11-20,398,406,397,403,2720000,403
2014-11-21,400,404,396,403,2450000,403
2014-11-25,405,408,404,405,2076000,405
2014-11-26,402,407,401,406,1465000,406
2014-11-27,406,406,399,402,1528000,402
2014-11-28,403,407,401,405,1554000,405
2014-12-01,402,408,402,406,1314000,406
2014-12-02,405,415,404,413,3044000,413
2014-12-03,416,419,415,415,1570000,415
2014-12-04,417,424,417,422,2189000,422
2014-12-05,420,431,417,429,3220000,429
2014-12-08,434,441,432,441,3417000,441
2014-12-09,439,450,437,447,4855000,447
2014-12-10,442,442,429,430,3341000,430
2014-12-11,423,427,418,425,1964000,425
2014-12-12,426,432,425,426,3614000,426
2014-12-15,418,420,412,413,3323000,413
2014-12-16,406,412,405,409,2320000,409
2014-12-17,411,427,411,426,4257000,426
2014-12-18,435,442,435,439,4170000,439
2014-12-19,450,451,443,450,4555000,450
2014-12-22,448,449,446,449,1759000,449
2014-12-24,451,458,450,452,2804000,452
2014-12-25,449,452,446,448,1328000,448
2014-12-26,453,455,450,453,1848000,453
2014-12-29,455,456,444,452,1692000,452
2014-12-30,450,450,444,444,1569000,444
2015-01-05,440,449,436,445,2031000,445
2015-01-06,435,438,433,433,2453000,433
2015-01-07,429,442,429,438,2734000,438
2015-01-08,441,453,440,448,2715000,448
2015-01-09,449,450,440,443,2682000,443
2015-01-13,435,446,434,444,2462000,444
2015-01-14,440,444,435,436,2036000,436
2015-01-15,435,440,433,440,3444000,440
2015-01-16,430,430,419,427,4591000,427
2015-01-19,429,435,427,431,3194000,431
2015-01-20,434,438,432,437,1797000,437
2015-01-21,435,436,431,433,1935000,433
2015-01-22,433,448,431,445,5228000,445
2015-01-23,450,461,449,459,4247000,459
2015-01-26,454,460,453,458,2173000,458
2015-01-27,460,466,459,465,2655000,465
2015-01-28,460,472,460,470,2679000,470
2015-01-29,467,470,459,461,2250000,461
2015-01-30,468,471,462,467,2882000,467
2015-02-02,462,466,452,461,3164000,461
2015-02-03,464,470,456,459,3187000,459
2015-02-04,464,468,457,465,2535000,465
2015-02-05,458,463,453,454,2342000,454
2015-02-06,459,463,452,459,2841000,459
2015-02-09,451,464,451,460,1623000,460
2015-02-10,454,459,452,453,2040000,453
2015-02-12,459,460,447,450,4843000,450
2015-02-13,450,452,447,450,2856000,450
2015-02-16,451,457,451,453,2745000,453
2015-02-17,451,451,445,448,2432000,448
2015-02-18,450,457,448,453,3978000,453
2015-02-19,456,459,454,456,2793000,456
2015-02-20,458,458,452,454,2695000,454
2015-02-23,454,456,451,455,3003000,455
2015-02-24,457,458,455,458,2634000,458
2015-02-25,460,465,457,459,1910000,459
2015-02-26,459,461,456,461,1465000,461
2015-02-27,463,471,461,466,3907000,466
2015-03-02,469,474,468,470,2805000,470
2015-03-03,472,482,472,476,2830000,476
2015-03-04,475,480,473,479,2144000,479
2015-03-05,478,481,475,476,1352000,476
2015-03-06,478,482,478,479,1330000,479
2015-03-09,478,478,469,474,1740000,474
2015-03-10,477,481,470,472,2002000,472
2015-03-11,469,474,467,468,1484000,468
2015-03-12,467,473,464,472,1831000,472
2015-03-13,456,467,454,464,7850000,464
2015-03-16,466,470,465,467,1887000,467
2015-03-17,474,477,470,472,2485000,472
2015-03-18,473,478,470,474,1570000,474
2015-03-19,473,477,470,475,1957000,475
2015-03-20,473,475,470,474,2604000,474
2015-03-23,477,488,475,486,3008000,486
2015-03-24,481,484,475,479,2682000,479
2015-03-25,483,494,482,488,4209000,488
2015-03-26,484,486,476,478,3136000,478
2015-03-27,466,476,460,462,3624000,462
2015-03-30,463,472,462,469,2657000,469
2015-03-31,475,479,470,474,3254000,474
2015-04-01,516,517,470,470,15593000,470
2015-04-02,471,476,464,466,5340000,466
2015-04-03,469,474,468,473,2157000,473
2015-04-06,469,473,468,469,1595000,469
2015-04-07,474,483,470,481,3193000,481
2015-04-08,481,487,479,485,2451000,485
2015-04-09,486,497,486,496,4703000,496
2015-04-10,499,502,494,500,4624000,500
2015-04-13,499,503,495,501,2482000,501
2015-04-14,499,508,499,507,2191000,507
2015-04-15,503,506,500,501,2267000,501
2015-04-16,501,504,492,496,2830000,496
2015-04-17,495,497,491,495,2361000,495
2015-04-20,489,495,487,493,1743000,493
2015-04-21,494,496,492,493,1299000,493
2015-04-22,494,499,491,496,2543000,496
2015-04-23,495,497,493,496,2361000,496
2015-04-24,494,496,491,492,1698000,492
2015-04-27,494,501,491,498,1800000,498
2015-04-28,498,502,495,499,1907000,499
2015-04-30,495,495,488,490,2179000,490
2015-05-01,486,489,484,486,1574000,486
2015-05-07,482,491,479,480,2898000,480
2015-05-08,478,487,477,485,2281000,485
2015-05-11,489,494,487,491,2060000,491
2015-05-12,487,517,482,511,8655000,511
2015-05-13,509,524,508,520,4623000,520
2015-05-14,520,524,518,521,2956000,521
2015-05-15,520,523,515,518,1626000,518
2015-05-18,518,521,516,518,1657000,518
2015-05-19,521,528,520,527,3309000,527
2015-05-20,530,550,529,548,5519000,548
2015-05-21,548,557,542,545,3468000,545
2015-05-22,547,547,537,540,2536000,540
2015-05-25,548,559,546,558,3732000,558
2015-05-26,558,558,552,553,1459000,553
2015-05-27,557,583,557,574,9705000,574
2015-05-28,580,580,564,567,3030000,567
2015-05-29,567,569,559,564,2537000,564
2015-06-01,561,570,558,568,1902000,568
2015-06-02,570,574,564,572,2593000,572
2015-06-03,565,570,563,565,1419000,565
2015-06-04,568,572,566,572,1931000,572
2015-06-05,569,576,566,573,2062000,573
2015-06-08,575,582,571,577,1993000,577
2015-06-09,567,574,564,564,1768000,564
2015-06-10,569,582,566,567,4272000,567
2015-06-11,571,573,564,570,1911000,570
2015-06-12,577,577,563,567,3216000,567
2015-06-15,565,572,563,568,1658000,568
2015-06-16,565,568,563,565,1362000,565
2015-06-17,564,566,558,561,1781000,561
2015-06-18,557,557,547,548,1994000,548
2015-06-19,551,561,550,559,2733000,559
2015-06-22,556,561,552,556,1244000,556
2015-06-23,557,569,552,567,2571000,567
2015-06-24,570,575,559,561,2830000,561
2015-06-25,561,562,557,558,1314000,558
2015-06-26,559,565,559,561,1767000,561
2015-06-29,547,551,543,543,2645000,543
2015-06-30,541,545,535,544,1761000,544
2015-07-01,544,547,540,543,1450000,543
2015-07-02,552,557,545,552,1848000,552
2015-07-03,553,553,546,548,1190000,548
2015-07-06,538,543,534,535,2665000,535
2015-07-07,540,546,535,535,1740000,535
2015-07-08,528,529,507,507,3898000,507
2015-07-09,498,513,491,512,3013000,512
2015-07-10,517,517,503,507,2323000,507
2015-07-13,510,515,507,511,1498000,511
2015-07-14,523,526,516,520,1624000,520
2015-07-15,524,524,517,521,1156000,521
2015-07-16,526,527,521,523,1879000,523
2015-07-17,528,528,520,522,1351000,522
2015-07-21,528,534,521,526,1401000,526
2015-07-22,525,525,520,524,1081000,524
2015-07-23,523,524,517,523,1024000,523
2015-07-24,525,528,518,520,1306000,520
2015-07-27,513,515,507,509,1462000,509
2015-07-28,505,512,503,506,1928000,506
2015-07-29,504,509,503,506,1367000,506
2015-07-30,510,519,509,513,1457000,513
2015-07-31,512,520,511,516,1193000,516
2015-08-03,520,521,516,520,1542000,520
2015-08-04,520,520,513,515,1951000,515
2015-08-05,516,531,515,530,1844000,530
2015-08-06,532,562,530,559,6458000,559
2015-08-07,542,555,542,552,2222000,552
2015-08-10,555,560,550,558,2217000,558
2015-08-11,565,574,564,568,2500000,568
2015-08-12,561,566,556,558,1356000,558
2015-08-13,553,562,551,562,1707000,562
2015-08-14,563,565,560,563,1869000,563
2015-08-17,564,574,563,574,1718000,574
2015-08-18,574,584,574,583,2558000,583
2015-08-19,580,580,567,567,2345000,567
2015-08-20,567,576,563,568,2135000,568
2015-08-21,549,552,539,540,3397000,540
2015-08-24,521,530,503,504,4019000,504
2015-08-25,490,505,480,482,4247000,482
2015-08-26,482,495,475,494,4158000,494
2015-08-27,502,507,497,501,3456000,501
2015-08-28,515,522,514,520,3114000,520
2015-08-31,520,521,510,517,3157000,517
2015-09-01,514,514,495,495,2237000,495
2015-09-02,488,504,485,494,2931000,494
2015-09-03,499,508,495,497,2013000,497
2015-09-04,496,496,479,482,3108000,482
2015-09-07,475,483,466,475,3506000,475
2015-09-08,476,479,463,463,2898000,463
2015-09-09,483,504,481,498,4421000,498
2015-09-10,484,494,479,492,3268000,492
2015-09-11,491,499,489,491,3935000,491
2015-09-14,495,498,483,487,1719000,487
2015-09-15,490,498,488,489,1563000,489
2015-09-16,493,496,490,493,1726000,493
2015-09-17,498,504,496,502,2054000,502
2015-09-18,493,494,483,490,2482000,490
2015-09-24,480,484,470,470,2381000,470
2015-09-25,478,481,468,478,2829000,478
2015-09-28,471,475,466,469,2002000,469
2015-09-29,461,462,450,451,2787000,451
2015-09-30,462,473,460,470,2138000,470
2015-10-01,473,492,473,487,3646000,487
2015-10-02,486,502,486,498,2299000,498
2015-10-05,504,514,501,510,2876000,510
2015-10-06,517,517,506,508,2561000,508
2015-10-07,534,545,529,537,7362000,537
2015-10-08,541,544,530,536,3557000,536
2015-10-09,544,557,542,555,3847000,555
2015-10-13,547,554,540,543,3917000,543
2015-10-14,540,546,534,536,3580000,536
2015-10-15,531,541,529,538,2579000,538
2015-10-16,545,548,541,546,2204000,546
2015-10-19,546,546,535,538,2093000,538
2015-10-20,540,542,527,529,2987000,529
2015-10-21,525,545,522,543,1983000,543
2015-10-22,538,543,533,536,2281000,536
2015-10-23,548,555,546,553,2715000,553
2015-10-26,557,561,553,558,1653000,558
2015-10-27,558,560,553,554,1852000,554
2015-10-28,558,559,554,558,1849000,558
2015-10-29,563,565,556,559,1757000,559
2015-10-30,554,567,554,565,2635000,565
2015-11-02,557,564,554,554,2024000,554
2015-11-04,559,561,550,551,2271000,551
2015-11-05,550,556,548,551,2008000,551
2015-11-06,549,555,546,550,1997000,550
2015-11-09,560,581,555,572,4162000,572
2015-11-10,549,555,544,547,3680000,547
2015-11-11,547,550,539,548,2850000,548
2015-11-12,545,547,533,536,2699000,536
2015-11-13,527,535,526,534,2111000,534
2015-11-16,523,534,523,532,1564000,532
2015-11-17,537,543,534,534,2948000,534
2015-11-18,537,539,529,531,2137000,531
2015-11-19,538,541,534,540,1906000,540
2015-11-20,535,537,530,537,2046000,537
2015-11-24,538,543,537,541,1319000,541
2015-11-25,542,543,538,541,1400000,541
2015-11-26,545,545,540,541,1181000,541
2015-11-27,545,546,540,542,1812000,542
2015-11-30,542,545,538,544,1428000,544
2015-12-01,551,573,549,571,4102000,571
2015-12-02,572,575,564,564,2424000,564
2015-12-03,563,567,560,565,1766000,565
2015-12-04,553,559,548,553,1951000,553
2015-12-07,562,572,558,560,1640000,560
2015-12-08,559,560,547,548,1513000,548
2015-12-09,545,547,532,535,2983000,535
2015-12-10,530,534,527,533,2246000,533
2015-12-11,534,541,531,538,2986000,538
2015-12-14,528,542,526,539,2323000,539
2015-12-15,533,534,525,525,1860000,525
2015-12-16,528,532,526,531,2345000,531
2015-12-17,535,546,534,538,2697000,538
2015-12-18,536,548,525,525,2798000,525
2015-12-21,524,527,516,525,1641000,525
2015-12-22,526,529,523,526,1029000,526
2015-12-24,531,539,525,528,1565000,528
2015-12-25,533,533,527,529,1317000,529
2015-12-28,532,553,532,544,2122000,544
2015-12-29,540,543,536,541,1257000,541
2015-12-30,542,547,537,540,1359000,540
2016-01-04,530,536,519,520,2056000,520
2016-01-05,520,526,517,521,1715000,521
2016-01-06,521,524,512,517,1500000,517
2016-01-07,517,519,511,512,4127000,512
2016-01-08,510,518,507,510,3854000,510
2016-01-12,498,502,492,492,2161000,492
2016-01-13,497,507,496,506,1556000,506
2016-01-14,490,494,480,488,2707000,488
2016-01-15,498,500,483,487,1510000,487
2016-01-18,480,488,472,485,1885000,485
2016-01-19,485,495,483,494,2889000,494
2016-01-20,493,494,475,476,2027000,476
2016-01-21,476,492,467,468,2294000,468
2016-01-22,480,483,471,481,4999000,481
2016-01-25,494,497,485,495,3109000,495
2016-01-26,491,493,484,488,2663000,488
2016-01-27,496,506,496,505,2097000,505
2016-01-28,504,513,498,505,1640000,505
2016-01-29,512,530,507,527,3869000,527
2016-02-01,532,537,530,535,1867000,535
2016-02-02,526,531,514,515,2282000,515
2016-02-03,505,507,486,493,3631000,493
2016-02-04,494,505,492,498,2019000,498
2016-02-05,490,493,419,434,11429000,434
2016-02-08,426,451,425,449,4629000,449
2016-02-09,425,432,394,402,6576000,402
2016-02-10,406,409,382,393,5469000,393
2016-02-12,384,385,367,370,6070000,370
2016-02-15,385,402,383,398,3060000,398
2016-02-16,393,404,390,393,2540000,393
2016-02-17,393,400,381,387,2201000,387
2016-02-18,398,406,395,403,2632000,403
2016-02-19,398,399,390,397,1768000,397
2016-02-22,397,407,393,401,2312000,401
2016-02-23,401,404,395,400,2407000,400
2016-02-24,394,400,391,397,1593000,397
2016-02-25,403,418,402,416,3415000,416
2016-02-26,419,423,402,403,2786000,403
2016-02-29,406,412,400,400,2060000,400
2016-03-01,399,404,391,403,2346000,403
2016-03-02,415,420,409,419,2220000,419
2016-03-03,418,425,417,421,2384000,421
2016-03-04,418,422,415,420,2171000,420
2016-03-07,419,419,407,412,2733000,412
2016-03-08,431,436,424,431,6206000,431
2016-03-09,426,430,421,424,4206000,424
2016-03-10,425,447,425,443,5111000,443
2016-03-11,438,458,436,453,7006000,453
2016-03-14,459,466,457,463,3608000,463
2016-03-15,459,461,449,454,4764000,454
2016-03-16,448,460,448,455,1939000,455
2016-03-17,459,463,450,454,2838000,454
2016-03-18,456,459,451,455,2551000,455
2016-03-22,462,467,459,467,2500000,467
2016-03-23,467,469,463,464,2513000,464
2016-03-24,464,467,458,462,2504000,462
2016-03-25,463,464,458,462,1991000,462
2016-03-28,464,466,457,464,2096000,464
2016-03-29,451,459,450,455,2382000,455
2016-03-30,456,462,450,461,2645000,461
2016-03-31,465,471,462,463,2764000,463
2016-04-01,463,465,451,454,6256000,454
2016-04-04,452,468,451,464,5410000,464
2016-04-05,464,470,448,452,4490000,452
2016-04-06,450,454,445,447,3416000,447
2016-04-07,447,455,443,450,3129000,450
2016-04-08,442,460,437,453,4025000,453
2016-04-11,453,457,442,456,2921000,456
2016-04-12,454,460,452,456,2381000,456
2016-04-13,464,475,461,468,3466000,468
2016-04-14,475,482,468,480,3714000,480
2016-04-15,479,485,475,481,2806000,481
2016-04-18,463,476,463,471,2280000,471
2016-04-19,480,489,479,486,2200000,486
2016-04-20,490,492,482,485,2530000,485
2016-04-21,493,493,485,488,2693000,488
2016-04-22,481,485,475,484,3727000,484
2016-04-25,488,488,477,482,2588000,482
2016-04-26,482,483,474,480,1893000,480
2016-04-27,483,486,476,480,2466000,480
2016-04-28,485,490,464,466,2441000,466
2016-05-02,445,454,445,453,2432000,453
2016-05-06,451,454,445,446,2687000,446
2016-05-09,449,449,439,442,3183000,442
2016-05-10,445,458,445,458,3727000,458
2016-05-11,469,480,461,470,4311000,470
2016-05-12,467,495,466,495,4194000,495
2016-05-13,498,499,486,490,3455000,490
2016-05-16,490,496,487,490,2033000,490
2016-05-17,494,500,490,500,1969000,500
2016-05-18,499,503,491,495,2296000,495
2016-05-19,498,499,486,489,2106000,489
2016-05-20,488,489,482,487,2625000,487
2016-05-23,484,488,475,486,2397000,486
2016-05-24,484,484,477,477,1642000,477
2016-05-25,484,489,478,479,1882000,479
2016-05-26,473,480,471,477,1868000,477
2016-05-27,474,481,474,478,1304000,478
2016-05-30,478,483,472,478,2070000,478
2016-05-31,474,488,474,486,2002000,486
2016-06-01,482,484,472,473,2390000,473
2016-06-02,468,470,460,462,1968000,462
2016-06-03,462,467,460,463,944000,463
2016-06-06,456,464,453,462,1782000,462
2016-06-07,464,470,463,469,1703000,469
2016-06-08,469,471,464,468,1575000,468
2016-06-09,462,465,456,459,2358000,459
2016-06-10,456,456,449,453,2967000,453
2016-06-13,444,446,433,434,2067000,434
2016-06-14,435,440,431,435,2034000,435
2016-06-15,431,439,429,435,1856000,435
2016-06-16,428,432,414,415,2783000,415
2016-06-17,417,426,417,419,3199000,419
2016-06-20,432,442,430,439,4138000,439
2016-06-21,431,442,431,440,2757000,440
2016-06-22,437,437,425,428,1973000,428
2016-06-23,428,431,425,430,1182000,430
2016-06-24,436,437,391,395,3562000,395
2016-06-27,401,407,398,403,1659000,403
2016-06-28,401,408,395,403,1884000,403
2016-06-29,407,412,403,410,1611000,410
2016-06-30,415,419,409,411,1546000,411
2016-07-01,410,415,407,412,1485000,412
2016-07-04,406,419,406,418,1380000,418
2016-07-05,418,418,412,417,1268000,417
2016-07-06,409,410,402,408,1694000,408
2016-07-07,407,410,400,402,1688000,402
2016-07-08,406,409,400,400,1767000,400
2016-07-11,404,412,399,409,2635000,409
2016-07-12,417,428,417,423,2059000,423
2016-07-13,439,446,435,440,2873000,440
2016-07-14,440,446,439,444,1914000,444
2016-07-15,449,461,446,460,4283000,460
2016-07-19,452,453,444,448,3411000,448
2016-07-20,442,448,438,447,2854000,447
2016-07-21,453,458,451,456,1891000,456
2016-07-22,450,452,445,451,1657000,451
2016-07-25,455,459,452,453,1828000,453
2016-07-26,452,453,440,442,2685000,442
2016-07-27,448,460,447,458,2226000,458
2016-07-28,456,460,449,450,1908000,450
2016-07-29,449,458,443,449,2451000,449
2016-08-01,449,450,439,443,1815000,443
2016-08-02,441,449,440,441,2039000,441
2016-08-03,436,437,427,429,2276000,429
2016-08-04,431,437,429,436,2582000,436
2016-08-05,452,455,411,416,5876000,416
2016-08-08,424,427,417,420,2470000,420
2016-08-09,418,420,413,420,2606000,420
2016-08-10,414,416,401,405,4849000,405
2016-08-12,410,411,398,404,4973000,404
2016-08-15,400,404,395,399,2380000,399
2016-08-16,406,416,404,405,3237000,405
2016-08-17,406,415,406,413,2243000,413
2016-08-18,408,420,408,414,2916000,414
2016-08-19,420,420,412,413,1975000,413
2016-08-22,412,413,406,410,1873000,410
2016-08-23,408,410,404,407,1573000,407
2016-08-24,409,412,409,412,1376000,412
2016-08-25,412,420,412,417,2331000,417
2016-08-26,418,423,414,420,2264000,420
2016-08-29,425,432,425,426,2147000,426
2016-08-30,425,427,423,427,1350000,427
2016-08-31,432,439,431,437,2040000,437
2016-09-01,440,446,438,442,2116000,442
2016-09-02,442,446,438,446,2608000,446
2016-09-05,450,453,446,447,1901000,447
2016-09-06,447,451,443,450,1666000,450
2016-09-07,447,449,443,447,2123000,447
2016-09-08,448,450,445,449,1679000,449
2016-09-09,456,457,451,456,2913000,456
2016-09-12,452,452,437,439,1964000,439
2016-09-13,442,449,439,447,2247000,447
2016-09-14,444,449,442,445,2232000,445
2016-09-15,442,443,438,441,1549000,441
2016-09-16,443,445,437,440,1954000,440
2016-09-20,437,453,435,451,2914000,451
2016-09-21,451,461,445,460,2728000,460
2016-09-23,460,463,457,459,1796000,459
2016-09-26,456,461,452,453,1505000,453
2016-09-27,442,454,441,453,2620000,453
2016-09-28,439,442,429,430,3656000,430
2016-09-29,432,441,431,439,2555000,439
2016-09-30,432,437,431,435,1676000,435
2016-10-03,443,443,439,441,1687000,441
2016-10-04,446,453,445,453,2740000,453
2016-10-05,457,459,451,456,2058000,456
2016-10-06,458,462,456,457,2244000,457
2016-10-07,438,442,430,432,4753000,432
2016-10-11,432,439,431,436,2535000,436
2016-10-12,420,420,410,412,6559000,412
2016-10-13,413,428,413,426,4635000,426
2016-10-14,420,428,420,427,2991000,427
2016-10-17,430,432,426,429,2383000,429
2016-10-18,437,440,432,435,1748000,435
2016-10-19,440,443,436,442,2469000,442
2016-10-20,447,453,446,452,2710000,452
2016-10-21,451,455,449,452,2640000,452
2016-10-24,451,460,451,459,1834000,459
2016-10-25,462,467,460,463,1463000,463
2016-10-26,462,469,461,468,1710000,468
2016-10-27,467,470,465,468,1270000,468
2016-10-28,473,480,472,479,2218000,479
2016-10-31,480,482,474,477,1565000,477
2016-11-01,478,482,474,481,1907000,481
2016-11-02,475,478,464,466,3207000,466
2016-11-04,458,466,453,465,2963000,465
2016-11-07,473,476,467,468,2429000,468
2016-11-08,470,472,454,466,2695000,466
2016-11-09,477,479,437,440,3434000,440
2016-11-10,476,476,463,467,2631000,467
2016-11-11,470,474,462,462,2473000,462
2016-11-14,466,475,464,474,1836000,474
2016-11-15,472,477,470,471,1728000,471
2016-11-16,476,483,473,482,2745000,482
2016-11-17,478,479,474,477,2249000,477
2016-11-18,482,491,482,484,3747000,484
2016-11-21,484,488,483,486,1551000,486
2016-11-22,486,494,485,492,1287000,492
2016-11-24,500,503,496,497,1976000,497
2016-11-25,499,508,497,501,2411000,501
2016-11-28,499,503,496,502,1915000,502
2016-11-29,497,502,495,500,1715000,500
2016-11-30,508,509,503,505,6118000,505
2016-12-01,509,513,503,505,5663000,505
2016-12-02,500,505,495,498,4178000,498
2016-12-05,494,504,493,501,3434000,501
2016-12-06,507,513,507,511,3036000,511
2016-12-07,512,518,512,517,2042000,517
2016-12-08,520,527,515,526,3695000,526
2016-12-09,530,533,524,527,3177000,527
2016-12-12,530,530,520,527,2029000,527
2016-12-13,528,529,519,529,2358000,529
2016-12-14,529,531,525,530,1700000,530
2016-12-15,529,531,524,527,1816000,527
2016-12-16,532,535,530,531,2033000,531
2016-12-19,529,531,525,530,1135000,530
2016-12-20,530,534,524,534,1705000,534
2016-12-21,531,532,511,514,3270000,514
2016-12-22,517,521,514,521,1601000,521
2016-12-26,523,523,517,519,1099000,519
2016-12-27,516,521,514,519,1219000,519
2016-12-28,518,523,515,522,1067000,522
2016-12-29,521,521,513,516,1529000,516
2016-12-30,513,519,509,516,1618000,516
2017-01-04,517,536,517,536,2706000,536
