Date,Open,High,Low,Close,Volume,Adj Close
2010-04-01,448.0,468.0,439.0,465.0,57078100,465.0
2010-04-02,486.0,525.0,486.0,523.0,66975000,523.0
2010-04-05,529.0,531.0,508.0,513.0,23827100,513.0
2010-04-06,518.0,520.0,500.0,507.0,15910300,507.0
2010-04-07,500.0,520.0,500.0,514.0,21116500,514.0
2010-04-08,520.0,535.0,517.0,530.0,40765400,530.0
2010-04-09,528.0,537.0,518.0,521.0,17240100,521.0
2010-04-12,534.0,537.0,532.0,535.0,17450700,535.0
2010-04-13,538.0,548.0,532.0,546.0,27877000,546.0
2010-04-14,547.0,553.0,540.0,547.0,19617300,547.0
2010-04-15,555.0,559.0,551.0,555.0,12447900,555.0
2010-04-16,556.0,558.0,539.0,543.0,12837500,543.0
2010-04-19,533.0,545.0,531.0,535.0,11367300,535.0
2010-04-20,541.0,545.0,531.0,531.0,10657400,531.0
2010-04-21,541.0,542.0,533.0,537.0,9617500,537.0
2010-04-22,530.0,536.0,523.0,536.0,10900400,536.0
2010-04-23,536.0,538.0,524.0,529.0,10288000,529.0
2010-04-26,533.0,536.0,531.0,536.0,7136900,536.0
2010-04-27,527.0,531.0,524.0,531.0,6792500,531.0
2010-04-28,520.0,526.0,519.0,523.0,10433100,523.0
2010-04-30,533.0,533.0,521.0,524.0,11507500,524.0
2010-05-06,504.0,513.0,498.0,499.0,14701500,499.0
2010-05-07,485.0,496.0,481.0,488.0,12621900,488.0
2010-05-10,483.0,538.0,483.0,538.0,19342400,538.0
2010-05-11,528.0,533.0,511.0,514.0,14914300,514.0
2010-05-12,516.0,530.0,516.0,526.0,13797800,526.0
2010-05-13,536.0,544.0,532.0,540.0,10986900,540.0
2010-05-14,531.0,537.0,527.0,529.0,8180400,529.0
2010-05-17,519.0,526.0,511.0,515.0,12740500,515.0
2010-05-18,516.0,517.0,491.0,504.0,15487700,504.0
2010-05-19,486.0,497.0,485.0,495.0,11360800,495.0
2010-05-20,503.0,514.0,492.0,493.0,12826900,493.0
2010-05-21,477.0,483.0,463.0,474.0,14409100,474.0
2010-05-24,475.0,503.0,472.0,496.0,13577400,496.0
2010-05-25,490.0,490.0,475.0,477.0,8456000,477.0
2010-05-26,483.0,484.0,461.0,467.0,12324800,467.0
2010-05-27,466.0,484.0,466.0,479.0,10820800,479.0
2010-05-28,488.0,495.0,482.0,488.0,9293000,488.0
2010-05-31,492.0,504.0,491.0,497.0,8576400,497.0
2010-06-01,494.0,499.0,489.0,492.0,6704000,492.0
2010-06-02,490.0,493.0,481.0,484.0,8179700,484.0
2010-06-03,500.0,503.0,496.0,499.0,8053700,499.0
2010-06-04,500.0,515.0,499.0,507.0,10626400,507.0
2010-06-07,491.0,492.0,465.0,468.0,13474200,468.0
2010-06-08,468.0,472.0,462.0,467.0,9267700,467.0
2010-06-09,468.0,475.0,462.0,469.0,8745100,469.0
2010-06-10,475.0,488.0,472.0,484.0,9670000,484.0
2010-06-11,493.0,493.0,467.0,470.0,16078300,470.0
2010-06-14,473.0,474.0,466.0,471.0,5650300,471.0
2010-06-15,467.0,473.0,467.0,471.0,6242700,471.0
2010-06-16,477.0,480.0,467.0,470.0,8089400,470.0
2010-06-17,465.0,467.0,451.0,455.0,11133900,455.0
2010-06-18,458.0,469.0,457.0,467.0,10725300,467.0
2010-06-21,464.0,476.0,464.0,474.0,9093500,474.0
2010-06-22,466.0,467.0,457.0,458.0,12129700,458.0
2010-06-23,463.0,466.0,445.0,448.0,18722000,448.0
2010-06-24,444.0,450.0,441.0,445.0,7393800,445.0
2010-06-25,446.0,448.0,440.0,442.0,8996700,442.0
2010-06-28,449.0,449.0,437.0,440.0,5125200,440.0
2010-06-29,440.0,443.0,433.0,435.0,5327800,435.0
2010-06-30,436.0,443.0,431.0,437.0,9959100,437.0
2010-07-01,430.0,437.0,426.0,434.0,6375100,434.0
2010-07-02,447.0,452.0,441.0,444.0,8520700,444.0
2010-07-05,442.0,444.0,435.0,438.0,4586100,438.0
2010-07-06,430.0,445.0,422.0,445.0,10589300,445.0
2010-07-07,447.0,460.0,444.0,460.0,13456900,460.0
2010-07-08,473.0,489.0,472.0,489.0,21607500,489.0
2010-07-09,489.0,492.0,473.0,490.0,16667800,490.0
2010-07-12,491.0,500.0,489.0,489.0,11368200,489.0
2010-07-13,490.0,494.0,480.0,481.0,5936100,481.0
2010-07-14,493.0,493.0,481.0,484.0,6380800,484.0
2010-07-15,477.0,480.0,468.0,470.0,7751500,470.0
2010-07-16,468.0,478.0,462.0,465.0,8450700,465.0
2010-07-20,450.0,453.0,438.0,441.0,14348300,441.0
2010-07-21,445.0,449.0,439.0,441.0,15321800,441.0
2010-07-22,437.0,451.0,437.0,444.0,11032600,444.0
2010-07-23,454.0,467.0,453.0,461.0,13431700,461.0
2010-07-26,469.0,479.0,466.0,468.0,8008100,468.0
2010-07-27,467.0,467.0,461.0,463.0,5409600,463.0
2010-07-28,473.0,483.0,472.0,481.0,8115700,481.0
2010-07-29,476.0,484.0,475.0,482.0,4381100,482.0
2010-07-30,476.0,478.0,467.0,468.0,7718700,468.0
2010-08-02,468.0,475.0,465.0,473.0,5026400,473.0
2010-08-03,483.0,489.0,481.0,486.0,8713800,486.0
2010-08-04,486.0,486.0,468.0,477.0,10551500,477.0
2010-08-05,484.0,492.0,480.0,489.0,9870400,489.0
2010-08-06,485.0,496.0,484.0,487.0,7566100,487.0
2010-08-09,484.0,486.0,477.0,483.0,3908500,483.0
2010-08-10,479.0,480.0,463.0,471.0,8788600,471.0
2010-08-11,472.0,472.0,460.0,461.0,7768800,461.0
2010-08-12,450.0,455.0,443.0,455.0,12941200,455.0
2010-08-13,456.0,472.0,452.0,469.0,9506800,469.0
2010-08-16,459.0,460.0,450.0,454.0,7597600,454.0
2010-08-17,447.0,455.0,447.0,452.0,5248200,452.0
2010-08-18,456.0,473.0,455.0,470.0,9735800,470.0
2010-08-19,475.0,479.0,472.0,478.0,10282500,478.0
2010-08-20,467.0,468.0,455.0,460.0,10211200,460.0
2010-08-23,459.0,469.0,458.0,466.0,7460500,466.0
2010-08-24,458.0,465.0,453.0,461.0,7318800,461.0
2010-08-25,453.0,457.0,443.0,446.0,10309100,446.0
2010-08-26,445.0,446.0,433.0,436.0,11431200,436.0
2010-08-27,434.0,452.0,432.0,450.0,11376300,450.0
2010-08-30,454.0,455.0,439.0,440.0,7648700,440.0
2010-08-31,433.0,436.0,422.0,424.0,11237800,424.0
2010-09-01,425.0,439.0,422.0,438.0,11888200,438.0
2010-09-02,446.0,447.0,427.0,432.0,8806300,432.0
2010-09-03,435.0,435.0,426.0,433.0,9337600,433.0
2010-09-06,440.0,442.0,436.0,439.0,7266500,439.0
2010-09-07,437.0,447.0,437.0,438.0,10713500,438.0
2010-09-08,435.0,442.0,429.0,441.0,10943100,441.0
2010-09-09,444.0,444.0,436.0,438.0,6946800,438.0
2010-09-10,446.0,452.0,442.0,451.0,14989800,451.0
2010-09-13,459.0,466.0,458.0,461.0,12477900,461.0
2010-09-14,461.0,468.0,459.0,464.0,9439600,464.0
2010-09-15,460.0,472.0,459.0,463.0,9764000,463.0
2010-09-16,471.0,471.0,458.0,458.0,9281900,458.0
2010-09-17,461.0,473.0,451.0,472.0,12070200,472.0
2010-09-21,472.0,478.0,466.0,467.0,9185400,467.0
2010-09-22,468.0,477.0,467.0,475.0,12433600,475.0
2010-09-24,477.0,482.0,473.0,474.0,15716900,474.0
2010-09-27,479.0,481.0,472.0,481.0,7306000,481.0
2010-09-28,475.0,476.0,468.0,470.0,6825100,470.0
2010-09-29,477.0,487.0,474.0,486.0,12139400,486.0
2010-09-30,492.0,494.0,478.0,484.0,15481800,484.0
2010-10-01,485.0,494.0,480.0,492.0,16482500,492.0
2010-10-04,492.0,502.0,491.0,493.0,11743100,493.0
2010-10-05,487.0,499.0,487.0,496.0,13015600,496.0
2010-10-06,500.0,501.0,492.0,493.0,13094500,493.0
2010-10-07,496.0,505.0,489.0,496.0,15625500,496.0
2010-10-08,488.0,493.0,487.0,490.0,12974700,490.0
2010-10-12,489.0,489.0,471.0,474.0,12458000,474.0
2010-10-13,481.0,482.0,461.0,462.0,16936300,462.0
2010-10-14,471.0,490.0,471.0,486.0,22828400,486.0
2010-10-15,485.0,492.0,483.0,486.0,12753600,486.0
2010-10-18,487.0,492.0,484.0,488.0,9758100,488.0
2010-10-19,495.0,501.0,490.0,492.0,11150500,492.0
2010-10-20,479.0,481.0,471.0,478.0,13632300,478.0
2010-10-21,481.0,484.0,470.0,475.0,11567600,475.0
2010-10-22,479.0,479.0,472.0,475.0,5400900,475.0
2010-10-25,477.0,486.0,468.0,473.0,11757200,473.0
2010-10-26,476.0,487.0,475.0,484.0,12154800,484.0
2010-10-27,477.0,481.0,468.0,476.0,10380400,476.0
2010-10-28,468.0,478.0,466.0,473.0,14848200,473.0
2010-10-29,474.0,480.0,468.0,473.0,13170400,473.0
2010-11-01,473.0,479.0,468.0,476.0,6999700,476.0
2010-11-02,470.0,472.0,465.0,467.0,6063800,467.0
2010-11-04,471.0,487.0,471.0,483.0,9997500,483.0
2010-11-05,494.0,498.0,491.0,496.0,8758400,496.0
2010-11-08,516.0,529.0,514.0,527.0,23276600,527.0
2010-11-09,525.0,530.0,522.0,522.0,7081500,522.0
2010-11-10,520.0,532.0,520.0,529.0,10183800,529.0
2010-11-11,529.0,530.0,519.0,523.0,5783200,523.0
2010-11-12,520.0,524.0,512.0,513.0,6990400,513.0
2010-11-15,516.0,517.0,505.0,509.0,8984100,509.0
2010-11-16,513.0,513.0,498.0,507.0,10420800,507.0
2010-11-17,497.0,508.0,495.0,506.0,8411200,506.0
2010-11-18,511.0,530.0,511.0,530.0,13615100,530.0
2010-11-19,532.0,533.0,525.0,527.0,9408400,527.0
2010-11-22,530.0,532.0,527.0,528.0,6631700,528.0
2010-11-24,515.0,532.0,513.0,524.0,9936000,524.0
2010-11-25,523.0,528.0,519.0,520.0,9474500,520.0
2010-11-26,524.0,535.0,520.0,532.0,11502200,532.0
2010-11-29,527.0,534.0,525.0,526.0,9031600,526.0
2010-11-30,528.0,530.0,516.0,518.0,13519900,518.0
2010-12-01,520.0,533.0,516.0,531.0,14272800,531.0
2010-12-02,538.0,541.0,533.0,534.0,10341700,534.0
2010-12-03,539.0,544.0,536.0,540.0,11457200,540.0
2010-12-06,539.0,548.0,538.0,539.0,11987100,539.0
2010-12-07,535.0,540.0,528.0,530.0,11706000,530.0
2010-12-08,535.0,540.0,532.0,536.0,12953600,536.0
2010-12-09,537.0,539.0,532.0,534.0,6834900,534.0
2010-12-10,540.0,540.0,529.0,534.0,17372900,534.0
2010-12-13,533.0,547.0,530.0,547.0,9889100,547.0
2010-12-14,550.0,558.0,548.0,556.0,16388700,556.0
2010-12-15,557.0,561.0,550.0,552.0,11394700,552.0
2010-12-16,552.0,559.0,549.0,554.0,8325100,554.0
2010-12-17,554.0,555.0,545.0,547.0,9122400,547.0
2010-12-20,548.0,548.0,536.0,539.0,9327600,539.0
2010-12-21,540.0,552.0,539.0,547.0,9715900,547.0
2010-12-22,545.0,553.0,545.0,551.0,11214800,551.0
2010-12-24,556.0,559.0,552.0,557.0,11162000,557.0
2010-12-27,554.0,559.0,554.0,557.0,7241200,557.0
2010-12-28,551.0,558.0,550.0,555.0,5221800,555.0
2010-12-29,557.0,559.0,554.0,559.0,5183000,559.0
2010-12-30,556.0,557.0,551.0,551.0,4353200,551.0
2011-01-04,559.0,567.0,556.0,563.0,13524400,563.0
2011-01-05,560.0,580.0,559.0,576.0,19927200,576.0
2011-01-06,583.0,586.0,574.0,574.0,11256300,574.0
2011-01-07,574.0,580.0,572.0,578.0,8111900,578.0
2011-01-11,580.0,581.0,575.0,576.0,8642500,576.0
2011-01-12,584.0,588.0,580.0,580.0,12012400,580.0
2011-01-13,590.0,595.0,587.0,592.0,10346100,592.0
2011-01-14,585.0,590.0,583.0,583.0,9127300,583.0
2011-01-17,590.0,590.0,568.0,570.0,14507300,570.0
2011-01-18,571.0,580.0,569.0,576.0,8432800,576.0
2011-01-19,578.0,580.0,573.0,580.0,7991100,580.0
2011-01-20,578.0,578.0,573.0,575.0,7566800,575.0
2011-01-21,575.0,577.0,552.0,555.0,17331200,555.0
2011-01-24,558.0,558.0,550.0,554.0,11461200,554.0
2011-01-25,556.0,572.0,552.0,566.0,14076100,566.0
2011-01-26,561.0,566.0,556.0,561.0,12038200,561.0
2011-01-27,563.0,564.0,555.0,560.0,9410700,560.0
2011-01-28,560.0,560.0,547.0,551.0,10830900,551.0
2011-01-31,542.0,557.0,541.0,555.0,13956100,555.0
2011-02-01,565.0,577.0,564.0,572.0,19347900,572.0
2011-02-02,576.0,580.0,574.0,576.0,10708100,576.0
2011-02-03,593.0,594.0,575.0,579.0,20286300,579.0
2011-02-04,581.0,588.0,580.0,580.0,11660000,580.0
2011-02-07,588.0,588.0,580.0,582.0,7191000,582.0
2011-02-08,585.0,586.0,581.0,583.0,6745000,583.0
2011-02-09,583.0,586.0,573.0,574.0,8921800,574.0
2011-02-10,570.0,585.0,569.0,584.0,9262800,584.0
2011-02-14,584.0,584.0,578.0,583.0,9733800,583.0
2011-02-15,586.0,586.0,580.0,583.0,7895600,583.0
2011-02-16,578.0,580.0,573.0,573.0,11675000,573.0
2011-02-17,580.0,584.0,566.0,570.0,18174500,570.0
2011-02-18,573.0,578.0,570.0,575.0,11849400,575.0
2011-02-21,575.0,587.0,573.0,585.0,16586700,585.0
2011-02-22,590.0,598.0,585.0,591.0,25566800,591.0
2011-02-23,587.0,594.0,584.0,584.0,14145700,584.0
2011-02-24,587.0,588.0,571.0,574.0,11756500,574.0
2011-02-25,569.0,576.0,566.0,572.0,12319800,572.0
2011-02-28,569.0,577.0,560.0,573.0,12182200,573.0
2011-03-01,577.0,587.0,576.0,586.0,10625500,586.0
2011-03-02,580.0,585.0,576.0,580.0,10215700,580.0
2011-03-03,582.0,590.0,577.0,585.0,10809700,585.0
2011-03-04,592.0,602.0,589.0,602.0,18228500,602.0
2011-03-07,601.0,606.0,595.0,597.0,11414900,597.0
2011-03-08,597.0,600.0,588.0,588.0,10403500,588.0
2011-03-09,597.0,605.0,596.0,601.0,13321100,601.0
2011-03-10,603.0,606.0,592.0,596.0,13889500,596.0
2011-03-11,597.0,598.0,588.0,589.0,20949500,589.0
2011-03-14,489.0,530.0,489.0,501.0,39620400,501.0
2011-03-15,485.0,493.0,401.0,445.0,38345300,445.0
2011-03-16,493.0,497.0,465.0,483.0,33346200,483.0
2011-03-17,467.0,516.0,463.0,501.0,26991700,501.0
2011-03-18,531.0,538.0,514.0,516.0,21682100,516.0
2011-03-22,566.0,579.0,555.0,576.0,33323400,576.0
2011-03-23,561.0,562.0,536.0,545.0,32235000,545.0
2011-03-24,538.0,558.0,531.0,554.0,18326000,554.0
2011-03-25,564.0,570.0,552.0,568.0,18406400,568.0
2011-03-28,558.0,577.0,557.0,572.0,12480100,572.0
2011-03-29,554.0,569.0,553.0,562.0,13037000,562.0
2011-03-30,563.0,566.0,555.0,565.0,12344900,565.0
2011-03-31,565.0,566.0,553.0,560.0,10258900,560.0
2011-04-01,570.0,580.0,567.0,568.0,14336500,568.0
2011-04-04,574.0,577.0,565.0,567.0,8606400,567.0
2011-04-05,570.0,570.0,548.0,554.0,12967800,554.0
2011-04-06,556.0,559.0,536.0,545.0,14279600,545.0
2011-04-07,545.0,554.0,537.0,539.0,8029300,539.0
2011-04-08,540.0,550.0,536.0,545.0,11245400,545.0
2011-04-11,526.0,545.0,526.0,544.0,8737500,544.0
2011-04-12,525.0,532.0,521.0,526.0,13840200,526.0
2011-04-13,526.0,536.0,521.0,535.0,14323400,535.0
2011-04-14,527.0,530.0,522.0,525.0,10961500,525.0
2011-04-15,534.0,534.0,519.0,520.0,14306600,520.0
2011-04-18,524.0,527.0,519.0,520.0,7256900,520.0
2011-04-19,515.0,520.0,515.0,516.0,7041100,516.0
2011-04-20,520.0,525.0,516.0,525.0,7852300,525.0
2011-04-21,530.0,531.0,522.0,525.0,6849500,525.0
2011-04-22,523.0,534.0,523.0,532.0,7146600,532.0
2011-04-25,528.0,542.0,528.0,535.0,9056900,535.0
2011-04-26,549.0,553.0,543.0,547.0,14594000,547.0
2011-04-27,548.0,561.0,547.0,556.0,11795700,556.0
2011-04-28,559.0,564.0,555.0,562.0,13367000,562.0
2011-05-02,570.0,573.0,559.0,561.0,8313100,561.0
2011-05-06,547.0,549.0,532.0,542.0,10793300,542.0
2011-05-09,551.0,554.0,543.0,547.0,9887500,547.0
2011-05-10,551.0,558.0,548.0,555.0,15470800,555.0
2011-05-11,557.0,559.0,546.0,551.0,8110000,551.0
2011-05-12,540.0,548.0,528.0,537.0,21474200,537.0
2011-05-13,536.0,536.0,505.0,528.0,15183600,528.0
2011-05-16,517.0,522.0,512.0,515.0,7605900,515.0
2011-05-17,509.0,521.0,508.0,520.0,8300600,520.0
2011-05-18,521.0,528.0,518.0,525.0,8889300,525.0
2011-05-19,531.0,533.0,522.0,525.0,7920700,525.0
2011-05-20,520.0,528.0,515.0,516.0,7840500,516.0
2011-05-23,518.0,520.0,506.0,512.0,10298900,512.0
2011-05-24,502.0,509.0,502.0,506.0,8801400,506.0
2011-05-25,504.0,509.0,496.0,498.0,14629400,498.0
2011-05-26,504.0,516.0,502.0,514.0,14149600,514.0
2011-05-27,509.0,521.0,506.0,516.0,9798400,516.0
2011-05-30,512.0,519.0,508.0,515.0,7482200,515.0
2011-05-31,516.0,534.0,516.0,534.0,11748500,534.0
2011-06-01,532.0,543.0,528.0,542.0,13431900,542.0
2011-06-02,534.0,536.0,524.0,528.0,11408000,528.0
2011-06-03,526.0,527.0,512.0,515.0,11347000,515.0
2011-06-06,516.0,519.0,513.0,513.0,7043300,513.0
2011-06-07,511.0,526.0,509.0,524.0,11802300,524.0
2011-06-08,528.0,535.0,526.0,531.0,10672400,531.0
2011-06-09,527.0,528.0,519.0,520.0,11116500,520.0
2011-06-10,527.0,534.0,522.0,530.0,13489700,530.0
2011-06-13,531.0,531.0,525.0,527.0,9253300,527.0
2011-06-14,522.0,534.0,522.0,529.0,8839600,529.0
2011-06-15,535.0,535.0,530.0,533.0,5218600,533.0
2011-06-16,526.0,527.0,513.0,516.0,11281600,516.0
2011-06-17,517.0,517.0,504.0,511.0,13275200,511.0
2011-06-20,509.0,512.0,503.0,505.0,6213400,505.0
2011-06-21,509.0,510.0,503.0,510.0,11654200,510.0
2011-06-22,511.0,518.0,508.0,517.0,7690400,517.0
2011-06-23,511.0,518.0,511.0,514.0,5722400,514.0
2011-06-24,510.0,519.0,508.0,518.0,11478400,518.0
2011-06-27,521.0,522.0,511.0,513.0,8330300,513.0
2011-06-28,512.0,525.0,512.0,517.0,13851300,517.0
2011-06-29,526.0,528.0,522.0,527.0,6296900,527.0
2011-06-30,533.0,543.0,530.0,539.0,16238200,539.0
2011-07-01,540.0,541.0,535.0,538.0,6410900,538.0
2011-07-04,542.0,549.0,540.0,546.0,8089100,546.0
2011-07-05,546.0,549.0,542.0,544.0,6266500,544.0
2011-07-06,541.0,550.0,541.0,549.0,8027100,549.0
2011-07-07,546.0,548.0,543.0,547.0,7201500,547.0
2011-07-08,552.0,557.0,547.0,551.0,8179000,551.0
2011-07-11,546.0,551.0,543.0,549.0,6118400,549.0
2011-07-12,540.0,547.0,538.0,542.0,6310300,542.0
2011-07-13,541.0,555.0,540.0,550.0,9071900,550.0
2011-07-14,548.0,549.0,541.0,543.0,8840500,543.0
2011-07-15,540.0,550.0,540.0,549.0,5186300,549.0
2011-07-19,545.0,555.0,541.0,551.0,8474300,551.0
2011-07-20,557.0,558.0,553.0,555.0,7299700,555.0
2011-07-21,555.0,564.0,554.0,562.0,8833100,562.0
2011-07-22,566.0,576.0,563.0,572.0,14484000,572.0
2011-07-25,575.0,575.0,563.0,569.0,9680600,569.0
2011-07-26,572.0,572.0,565.0,566.0,7750600,566.0
2011-07-27,562.0,563.0,556.0,560.0,10442500,560.0
2011-07-28,556.0,556.0,545.0,549.0,11046300,549.0
2011-07-29,549.0,566.0,548.0,557.0,15788200,557.0
2011-08-01,570.0,576.0,561.0,565.0,9858800,565.0
2011-08-02,558.0,570.0,555.0,570.0,8412000,570.0
2011-08-03,555.0,559.0,542.0,547.0,12512300,547.0
2011-08-04,541.0,549.0,536.0,539.0,9723000,539.0
2011-08-05,514.0,520.0,505.0,519.0,18679600,519.0
2011-08-08,506.0,512.0,500.0,505.0,11688700,505.0
2011-08-09,482.0,484.0,461.0,484.0,27114900,484.0
2011-08-10,497.0,500.0,487.0,493.0,18927200,493.0
2011-08-11,477.0,486.0,477.0,482.0,12044200,482.0
2011-08-12,487.0,492.0,479.0,482.0,10802800,482.0
2011-08-15,488.0,489.0,480.0,483.0,7636100,483.0
2011-08-16,485.0,489.0,483.0,486.0,8968300,486.0
2011-08-17,484.0,486.0,476.0,480.0,8657300,480.0
2011-08-18,480.0,481.0,476.0,478.0,8912400,478.0
2011-08-19,466.0,475.0,458.0,463.0,9911500,463.0
2011-08-22,457.0,465.0,450.0,453.0,9700200,453.0
2011-08-23,459.0,461.0,442.0,448.0,13844000,448.0
2011-08-24,455.0,459.0,441.0,444.0,12764000,444.0
2011-08-25,452.0,466.0,449.0,457.0,10835100,457.0
2011-08-26,462.0,474.0,462.0,472.0,13160200,472.0
2011-08-29,470.0,472.0,461.0,467.0,10394400,467.0
2011-08-30,473.0,482.0,471.0,474.0,9976000,474.0
2011-08-31,474.0,482.0,469.0,482.0,10350400,482.0
2011-09-01,481.0,484.0,476.0,479.0,8318700,479.0
2011-09-02,478.0,481.0,470.0,473.0,8586300,473.0
2011-09-05,460.0,462.0,450.0,456.0,10838700,456.0
2011-09-06,448.0,451.0,441.0,443.0,10334300,443.0
2011-09-07,449.0,454.0,443.0,454.0,9657000,454.0
2011-09-08,464.0,465.0,452.0,456.0,6979100,456.0
2011-09-09,455.0,456.0,444.0,447.0,11496700,447.0
2011-09-12,433.0,439.0,432.0,436.0,10300600,436.0
2011-09-13,437.0,441.0,433.0,439.0,10584000,439.0
2011-09-14,440.0,445.0,434.0,435.0,9006300,435.0
2011-09-15,438.0,445.0,436.0,442.0,10740600,442.0
2011-09-16,451.0,475.0,449.0,471.0,13125800,471.0
2011-09-20,458.0,460.0,452.0,457.0,8914400,457.0
2011-09-21,453.0,459.0,451.0,456.0,6369700,456.0
2011-09-22,451.0,453.0,444.0,449.0,6688600,449.0
2011-09-26,449.0,450.0,419.0,424.0,11399300,424.0
2011-09-27,434.0,434.0,428.0,434.0,8984300,434.0
2011-09-28,435.0,446.0,434.0,437.0,9088000,437.0
2011-09-29,429.0,435.0,424.0,434.0,11782600,434.0
2011-09-30,436.0,440.0,435.0,440.0,10185800,440.0
2011-10-03,430.0,432.0,411.0,415.0,12269900,415.0
2011-10-04,405.0,408.0,394.0,403.0,15807200,403.0
2011-10-05,408.0,414.0,404.0,410.0,13923900,410.0
2011-10-06,415.0,432.0,415.0,426.0,11409500,426.0
2011-10-07,427.0,434.0,426.0,431.0,6148700,431.0
2011-10-11,439.0,440.0,435.0,438.0,5187900,438.0
2011-10-12,433.0,444.0,432.0,442.0,4654500,442.0
2011-10-13,445.0,449.0,443.0,444.0,6459400,444.0
2011-10-14,444.0,460.0,442.0,456.0,9988300,456.0
2011-10-17,461.0,472.0,460.0,469.0,7509300,469.0
2011-10-18,461.0,468.0,455.0,457.0,6169600,457.0
2011-10-19,462.0,463.0,442.0,445.0,8166500,445.0
2011-10-20,450.0,451.0,441.0,445.0,4541200,445.0
2011-10-21,447.0,448.0,439.0,441.0,5048100,441.0
2011-10-24,445.0,457.0,444.0,453.0,4547100,453.0
2011-10-25,461.0,465.0,455.0,455.0,6939600,455.0
2011-10-26,456.0,459.0,446.0,451.0,5962100,451.0
2011-10-27,452.0,469.0,446.0,467.0,7220000,467.0
2011-10-28,475.0,480.0,473.0,479.0,9976800,479.0
2011-10-31,478.0,484.0,464.0,464.0,8623100,464.0
2011-11-01,458.0,463.0,455.0,462.0,6619800,462.0
2011-11-02,460.0,460.0,451.0,453.0,7223700,453.0
2011-11-04,460.0,468.0,445.0,452.0,14358200,452.0
2011-11-07,456.0,468.0,455.0,467.0,7395600,467.0
2011-11-08,467.0,475.0,466.0,469.0,8506900,469.0
2011-11-09,472.0,489.0,472.0,487.0,12858800,487.0
2011-11-10,471.0,479.0,462.0,474.0,12724200,474.0
2011-11-11,479.0,493.0,472.0,486.0,13401500,486.0
2011-11-14,495.0,495.0,483.0,490.0,10118300,490.0
2011-11-15,485.0,489.0,483.0,486.0,6901800,486.0
2011-11-16,492.0,495.0,484.0,490.0,11854500,490.0
2011-11-17,485.0,493.0,480.0,486.0,12225200,486.0
2011-11-18,475.0,484.0,474.0,478.0,9729300,478.0
2011-11-21,474.0,475.0,460.0,463.0,8490800,463.0
2011-11-22,456.0,474.0,453.0,468.0,9969700,468.0
2011-11-24,456.0,465.0,454.0,457.0,7525200,457.0
2011-11-25,457.0,460.0,450.0,452.0,7531000,452.0
2011-11-28,455.0,470.0,454.0,466.0,6881500,466.0
2011-11-29,472.0,479.0,468.0,479.0,5749700,479.0
2011-11-30,474.0,481.0,470.0,481.0,8159800,481.0
2011-12-01,498.0,499.0,490.0,492.0,9567600,492.0
2011-12-02,494.0,500.0,493.0,495.0,6595900,495.0
2011-12-05,496.0,498.0,490.0,493.0,4468700,493.0
2011-12-06,491.0,494.0,481.0,481.0,10337000,481.0
2011-12-07,484.0,489.0,475.0,488.0,11623300,488.0
2011-12-08,489.0,489.0,480.0,480.0,8494500,480.0
2011-12-09,474.0,485.0,474.0,481.0,13907800,481.0
2011-12-12,489.0,490.0,482.0,483.0,9128700,483.0
2011-12-13,474.0,478.0,472.0,477.0,7153900,477.0
2011-12-14,477.0,483.0,471.0,477.0,10332800,477.0
2011-12-15,471.0,472.0,462.0,463.0,8758000,463.0
2011-12-16,461.0,463.0,455.0,457.0,9456700,457.0
2011-12-19,455.0,461.0,445.0,450.0,8849800,450.0
2011-12-20,448.0,453.0,447.0,451.0,6714600,451.0
2011-12-21,459.0,461.0,452.0,455.0,5172200,455.0
2011-12-22,455.0,457.0,452.0,455.0,5832100,455.0
2011-12-26,471.0,471.0,460.0,462.0,5918300,462.0
2011-12-27,461.0,468.0,459.0,462.0,6183200,462.0
2011-12-28,461.0,464.0,458.0,461.0,4743400,461.0
2011-12-29,459.0,463.0,455.0,461.0,5666100,461.0
2011-12-30,463.0,467.0,460.0,465.0,4867300,465.0
2012-01-04,473.0,478.0,469.0,474.0,9479400,474.0
2012-01-05,476.0,480.0,472.0,473.0,7736100,473.0
2012-01-06,470.0,472.0,458.0,462.0,9260000,462.0
2012-01-10,463.0,465.0,450.0,452.0,11632400,452.0
2012-01-11,456.0,458.0,449.0,451.0,10046200,451.0
2012-01-12,450.0,451.0,446.0,450.0,7614600,450.0
2012-01-13,452.0,461.0,450.0,460.0,9342100,460.0
2012-01-16,455.0,455.0,448.0,450.0,6006000,450.0
2012-01-17,454.0,456.0,449.0,454.0,8438700,454.0
2012-01-18,455.0,474.0,454.0,466.0,11062400,466.0
2012-01-19,468.0,472.0,464.0,467.0,9038600,467.0
2012-01-20,472.0,477.0,470.0,473.0,8943200,473.0
2012-01-23,465.0,466.0,457.0,460.0,13221000,460.0
2012-01-24,462.0,464.0,457.0,459.0,9742400,459.0
2012-01-25,457.0,463.0,457.0,461.0,10691700,461.0
2012-01-26,463.0,473.0,461.0,472.0,15605600,472.0
2012-01-27,469.0,484.0,468.0,476.0,18820200,476.0
2012-01-30,475.0,477.0,467.0,470.0,9743700,470.0
2012-01-31,465.0,467.0,459.0,460.0,10626400,460.0
2012-02-01,460.0,463.0,455.0,459.0,10211600,459.0
2012-02-02,458.0,463.0,454.0,454.0,9846100,454.0
2012-02-03,451.0,464.0,451.0,460.0,10333100,460.0
2012-02-06,468.0,470.0,457.0,457.0,9677400,457.0
2012-02-07,462.0,466.0,460.0,465.0,11727200,465.0
2012-02-08,464.0,464.0,460.0,464.0,7447500,464.0
2012-02-09,464.0,473.0,463.0,471.0,9924000,471.0
2012-02-10,473.0,488.0,473.0,486.0,18662100,486.0
2012-02-13,485.0,489.0,480.0,487.0,10296500,487.0
2012-02-14,485.0,492.0,480.0,485.0,8345200,485.0
2012-02-15,485.0,494.0,479.0,491.0,15219600,491.0
2012-02-16,495.0,502.0,493.0,496.0,12099600,496.0
2012-02-17,501.0,508.0,496.0,504.0,14672700,504.0
2012-02-20,514.0,516.0,508.0,509.0,9044300,509.0
2012-02-21,509.0,514.0,501.0,507.0,10275400,507.0
2012-02-22,505.0,508.0,501.0,506.0,11003700,506.0
2012-02-23,505.0,507.0,500.0,505.0,8190100,505.0
2012-02-24,507.0,519.0,506.0,517.0,14782800,517.0
2012-02-27,520.0,523.0,511.0,512.0,10115800,512.0
2012-02-28,507.0,510.0,502.0,507.0,11467700,507.0
2012-02-29,509.0,516.0,507.0,510.0,10057400,510.0
2012-03-01,508.0,511.0,500.0,503.0,8275300,503.0
2012-03-02,510.0,513.0,504.0,506.0,11400200,506.0
2012-03-05,505.0,510.0,502.0,503.0,10721200,503.0
2012-03-06,504.0,507.0,490.0,497.0,15981900,497.0
2012-03-07,489.0,495.0,488.0,493.0,7802500,493.0
2012-03-08,500.0,502.0,496.0,502.0,7121600,502.0
2012-03-09,512.0,512.0,504.0,506.0,12207700,506.0
2012-03-12,509.0,511.0,504.0,504.0,8507100,504.0
2012-03-13,505.0,516.0,504.0,511.0,12490800,511.0
2012-03-14,518.0,521.0,513.0,518.0,9756500,518.0
2012-03-15,523.0,528.0,520.0,525.0,12034700,525.0
2012-03-16,523.0,529.0,521.0,528.0,17267300,528.0
2012-03-19,534.0,538.0,531.0,536.0,11827400,536.0
2012-03-21,518.0,528.0,517.0,523.0,12171200,523.0
2012-03-22,526.0,534.0,524.0,529.0,10500000,529.0
2012-03-23,526.0,527.0,520.0,520.0,7349100,520.0
2012-03-26,524.0,527.0,519.0,522.0,7968400,522.0
2012-03-27,529.0,535.0,525.0,533.0,7927100,533.0
2012-03-28,529.0,530.0,518.0,523.0,6741800,523.0
2012-03-29,521.0,521.0,508.0,514.0,6882800,514.0
2012-03-30,516.0,516.0,507.0,513.0,9623000,513.0
2012-04-02,522.0,523.0,515.0,515.0,8452100,515.0
2012-04-03,512.0,514.0,509.0,509.0,7192500,509.0
2012-04-04,511.0,521.0,509.0,509.0,9720400,509.0
2012-04-05,504.0,509.0,501.0,507.0,8893500,507.0
2012-04-06,501.0,507.0,500.0,503.0,7291900,503.0
2012-04-09,500.0,504.0,496.0,497.0,6840200,497.0
2012-04-10,497.0,497.0,486.0,487.0,7925500,487.0
2012-04-11,479.0,483.0,476.0,480.0,10413700,480.0
2012-04-12,480.0,487.0,477.0,485.0,8813400,485.0
2012-04-13,489.0,492.0,480.0,482.0,7828700,482.0
2012-04-16,478.0,481.0,475.0,475.0,6464500,475.0
2012-04-17,479.0,479.0,470.0,471.0,5689400,471.0
2012-04-18,476.0,483.0,473.0,481.0,5956900,481.0
2012-04-19,476.0,481.0,473.0,477.0,7055000,477.0
2012-04-20,481.0,482.0,474.0,477.0,4521800,477.0
2012-04-23,477.0,479.0,471.0,472.0,5166200,472.0
2012-04-24,470.0,472.0,466.0,469.0,6066500,469.0
2012-04-25,472.0,473.0,462.0,465.0,7727200,465.0
2012-04-26,465.0,466.0,453.0,455.0,14030800,455.0
2012-04-27,453.0,456.0,448.0,453.0,17290400,453.0
2012-05-01,453.0,455.0,445.0,446.0,8147300,446.0
2012-05-02,449.0,457.0,449.0,454.0,7322100,454.0
2012-05-07,442.0,448.0,437.0,440.0,10803300,440.0
2012-05-08,438.0,446.0,436.0,445.0,6835700,445.0
2012-05-09,439.0,440.0,431.0,433.0,11959300,433.0
2012-05-10,432.0,436.0,430.0,431.0,8353100,431.0
2012-05-11,435.0,436.0,421.0,426.0,12051800,426.0
2012-05-14,426.0,428.0,419.0,421.0,8790500,421.0
2012-05-15,414.0,420.0,412.0,419.0,9338700,419.0
2012-05-16,422.0,423.0,408.0,413.0,10065000,413.0
2012-05-17,413.0,422.0,408.0,420.0,10130900,420.0
2012-05-18,411.0,412.0,406.0,407.0,10791700,407.0
2012-05-21,406.0,409.0,405.0,406.0,8648300,406.0
2012-05-22,410.0,415.0,409.0,413.0,9383400,413.0
2012-05-23,410.0,413.0,402.0,402.0,8471200,402.0
2012-05-24,402.0,405.0,398.0,402.0,9000800,402.0
2012-05-25,405.0,406.0,398.0,400.0,6672300,400.0
2012-05-28,398.0,408.0,398.0,404.0,7970600,404.0
2012-05-29,401.0,407.0,398.0,406.0,7329400,406.0
2012-05-30,404.0,405.0,395.0,399.0,10506100,399.0
2012-05-31,392.0,400.0,391.0,398.0,11215000,398.0
2012-06-01,390.0,391.0,373.0,375.0,23106700,375.0
2012-06-04,364.0,367.0,357.0,360.0,16872600,360.0
2012-06-05,363.0,374.0,361.0,373.0,16256800,373.0
2012-06-06,373.0,379.0,367.0,377.0,18772500,377.0
2012-06-07,384.0,389.0,383.0,386.0,13102700,386.0
2012-06-08,387.0,387.0,373.0,374.0,13862300,374.0
2012-06-11,382.0,386.0,379.0,385.0,10176100,385.0
2012-06-12,375.0,377.0,368.0,373.0,12715600,373.0
2012-06-13,375.0,375.0,369.0,372.0,6311400,372.0
2012-06-14,370.0,375.0,368.0,374.0,9151500,374.0
2012-06-15,377.0,377.0,370.0,375.0,10716000,375.0
2012-06-18,385.0,387.0,381.0,385.0,8619900,385.0
2012-06-19,392.0,407.0,387.0,390.0,27313400,390.0
2012-06-20,397.0,404.0,395.0,403.0,14323200,403.0
2012-06-21,404.0,415.0,404.0,413.0,18264500,413.0
2012-06-22,405.0,413.0,401.0,410.0,13315700,410.0
2012-06-25,411.0,411.0,404.0,405.0,6952000,405.0
2012-06-26,397.0,404.0,395.0,399.0,12723100,399.0
2012-06-27,399.0,401.0,392.0,396.0,9227900,396.0
2012-06-28,403.0,405.0,400.0,403.0,5469500,403.0
2012-06-29,402.0,413.0,398.0,408.0,12928600,408.0
2012-07-02,416.0,418.0,411.0,413.0,8578200,413.0
2012-07-03,412.0,416.0,409.0,409.0,7558000,409.0
2012-07-04,413.0,415.0,407.0,408.0,9321600,408.0
2012-07-05,407.0,408.0,401.0,401.0,10316800,401.0
2012-07-06,400.0,401.0,390.0,391.0,15582600,391.0
2012-07-09,388.0,390.0,384.0,386.0,7070900,386.0
2012-07-10,395.0,402.0,394.0,395.0,15531300,395.0
2012-07-11,393.0,396.0,389.0,392.0,6690500,392.0
2012-07-12,393.0,394.0,385.0,386.0,8587100,386.0
2012-07-13,386.0,391.0,381.0,386.0,8901200,386.0
2012-07-17,378.0,378.0,356.0,356.0,23945400,356.0
2012-07-18,356.0,371.0,353.0,370.0,17770200,370.0
2012-07-19,374.0,385.0,373.0,381.0,13172600,381.0
2012-07-20,381.0,382.0,373.0,375.0,11846100,375.0
2012-07-23,369.0,371.0,359.0,361.0,8298000,361.0
2012-07-24,358.0,362.0,355.0,356.0,7156400,356.0
2012-07-25,356.0,357.0,346.0,347.0,9330000,347.0
2012-07-26,351.0,357.0,350.0,355.0,11138300,355.0
2012-07-27,365.0,371.0,362.0,369.0,7978300,369.0
2012-07-30,377.0,378.0,363.0,371.0,10674800,371.0
2012-07-31,368.0,381.0,363.0,380.0,9422500,380.0
2012-08-01,375.0,377.0,365.0,365.0,10410400,365.0
2012-08-02,369.0,375.0,366.0,370.0,8552100,370.0
2012-08-03,364.0,386.0,357.0,379.0,15953800,379.0
2012-08-06,387.0,388.0,377.0,382.0,10958500,382.0
2012-08-07,385.0,392.0,383.0,389.0,7230800,389.0
2012-08-08,395.0,399.0,385.0,387.0,10257500,387.0
2012-08-09,395.0,409.0,395.0,409.0,16538900,409.0
2012-08-10,417.0,425.0,413.0,418.0,15914100,418.0
2012-08-13,410.0,417.0,408.0,411.0,7730700,411.0
2012-08-14,419.0,427.0,401.0,403.0,17497100,403.0
2012-08-15,405.0,409.0,396.0,406.0,12356300,406.0
2012-08-16,411.0,419.0,411.0,415.0,8266800,415.0
2012-08-17,415.0,418.0,412.0,417.0,9826400,417.0
2012-08-20,412.0,413.0,406.0,409.0,6466000,409.0
2012-08-21,411.0,414.0,408.0,411.0,4778500,411.0
2012-08-22,411.0,412.0,402.0,408.0,6658000,408.0
2012-08-23,407.0,410.0,403.0,405.0,8791000,405.0
2012-08-24,405.0,405.0,396.0,398.0,7091700,398.0
2012-08-27,400.0,406.0,400.0,403.0,6212200,403.0
2012-08-28,405.0,406.0,399.0,403.0,11664000,403.0
2012-08-29,410.0,416.0,410.0,413.0,10864500,413.0
2012-08-30,412.0,418.0,407.0,416.0,10594400,416.0
2012-08-31,406.0,414.0,405.0,405.0,11252800,405.0
2012-09-03,403.0,405.0,393.0,394.0,8316100,394.0
2012-09-04,398.0,399.0,392.0,396.0,6829700,396.0
2012-09-05,392.0,393.0,380.0,380.0,9810300,380.0
2012-09-06,381.0,385.0,372.0,374.0,10384900,374.0
2012-09-07,384.0,400.0,382.0,397.0,10756100,397.0
2012-09-10,401.0,411.0,400.0,408.0,7938600,408.0
2012-09-11,401.0,406.0,399.0,404.0,6547300,404.0
2012-09-12,404.0,411.0,402.0,408.0,7613400,408.0
2012-09-13,409.0,413.0,407.0,412.0,5631600,412.0
2012-09-14,418.0,433.0,416.0,430.0,16569200,430.0
2012-09-18,428.0,441.0,425.0,437.0,11259500,437.0
2012-09-19,434.0,443.0,431.0,441.0,10249800,441.0
2012-09-20,434.0,437.0,427.0,432.0,10437000,432.0
2012-09-21,434.0,438.0,427.0,435.0,10027400,435.0
2012-09-24,430.0,438.0,430.0,432.0,5221400,432.0
2012-09-25,420.0,434.0,418.0,433.0,9394100,433.0
2012-09-26,420.0,423.0,417.0,421.0,7699100,421.0
2012-09-27,416.0,423.0,415.0,421.0,7453000,421.0
2012-09-28,421.0,430.0,421.0,427.0,12052000,427.0
2012-10-01,429.0,433.0,423.0,432.0,9384000,432.0
2012-10-02,438.0,449.0,437.0,445.0,16388400,445.0
2012-10-03,441.0,442.0,433.0,441.0,13732300,441.0
2012-10-04,438.0,441.0,426.0,433.0,13992100,433.0
2012-10-05,435.0,438.0,431.0,434.0,9942000,434.0
2012-10-09,426.0,431.0,422.0,424.0,12400200,424.0
2012-10-10,420.0,436.0,419.0,432.0,10138600,432.0
2012-10-11,431.0,448.0,431.0,439.0,13905300,439.0
2012-10-12,440.0,449.0,439.0,446.0,12377300,446.0
2012-10-15,447.0,453.0,446.0,451.0,11027800,451.0
2012-10-16,451.0,452.0,440.0,444.0,8579400,444.0
2012-10-17,450.0,451.0,445.0,450.0,12774100,450.0
2012-10-18,452.0,456.0,446.0,451.0,12373500,451.0
2012-10-19,448.0,453.0,445.0,449.0,7175600,449.0
2012-10-22,439.0,450.0,437.0,447.0,8189600,447.0
2012-10-23,446.0,447.0,437.0,440.0,9134600,440.0
2012-10-24,431.0,443.0,429.0,438.0,8406300,438.0
2012-10-25,434.0,435.0,421.0,422.0,14298200,422.0
2012-10-26,427.0,428.0,418.0,420.0,8330000,420.0
2012-10-29,419.0,422.0,410.0,417.0,7204900,417.0
2012-10-30,410.0,418.0,403.0,408.0,12168400,408.0
2012-10-31,413.0,425.0,412.0,425.0,10862100,425.0
2012-11-01,425.0,426.0,420.0,420.0,7382200,420.0
2012-11-02,428.0,428.0,418.0,422.0,9311100,422.0
2012-11-05,408.0,430.0,407.0,419.0,15416500,419.0
2012-11-06,415.0,422.0,414.0,419.0,7813600,419.0
2012-11-07,421.0,429.0,418.0,423.0,10732900,423.0
2012-11-08,415.0,419.0,414.0,419.0,7609000,419.0
2012-11-09,414.0,415.0,407.0,412.0,8162300,412.0
2012-11-12,411.0,412.0,406.0,408.0,4505600,408.0
2012-11-13,411.0,419.0,409.0,419.0,8024500,419.0
2012-11-14,416.0,417.0,410.0,412.0,6211900,412.0
2012-11-15,409.0,412.0,403.0,410.0,10318200,410.0
2012-11-16,409.0,410.0,402.0,406.0,13753100,406.0
2012-11-19,414.0,429.0,414.0,426.0,13826300,426.0
2012-11-20,435.0,441.0,431.0,435.0,13625000,435.0
2012-11-21,437.0,439.0,430.0,435.0,7307900,435.0
2012-11-22,437.0,438.0,421.0,425.0,11700700,425.0
2012-11-26,433.0,434.0,412.0,413.0,19925400,413.0
2012-11-27,419.0,421.0,415.0,418.0,13231500,418.0
2012-11-28,416.0,427.0,416.0,420.0,11350200,420.0
2012-11-29,426.0,438.0,424.0,436.0,12179000,436.0
2012-11-30,441.0,455.0,438.0,440.0,18250600,440.0
2012-12-03,434.0,439.0,433.0,434.0,10495500,434.0
2012-12-04,440.0,444.0,439.0,443.0,7989000,443.0
2012-12-05,443.0,451.0,441.0,445.0,11449500,445.0
2012-12-06,452.0,452.0,444.0,446.0,7144800,446.0
2012-12-07,449.0,449.0,437.0,445.0,6448100,445.0
2012-12-10,452.0,452.0,440.0,443.0,7998000,443.0
2012-12-11,443.0,448.0,441.0,447.0,4464200,447.0
2012-12-12,450.0,456.0,448.0,453.0,8911300,453.0
2012-12-13,457.0,457.0,451.0,453.0,6384700,453.0
2012-12-14,454.0,458.0,452.0,456.0,13733600,456.0
2012-12-17,462.0,462.0,455.0,458.0,7464700,458.0
2012-12-18,461.0,474.0,459.0,467.0,12194200,467.0
2012-12-19,475.0,477.0,471.0,471.0,13973500,471.0
2012-12-20,476.0,478.0,468.0,471.0,14117900,471.0
2012-12-21,472.0,477.0,468.0,474.0,15544400,474.0
2012-12-25,479.0,480.0,468.0,472.0,5890300,472.0
2012-12-26,471.0,478.0,470.0,477.0,8121800,477.0
2012-12-27,490.0,492.0,480.0,483.0,8974800,483.0
2012-12-28,487.0,487.0,477.0,483.0,7193500,483.0
2013-01-04,497.0,500.0,491.0,499.0,9745400,499.0
2013-01-07,499.0,501.0,492.0,493.0,10648300,493.0
2013-01-08,498.0,500.0,490.0,495.0,8127500,495.0
2013-01-09,493.0,501.0,490.0,498.0,9859600,498.0
2013-01-10,496.0,504.0,496.0,499.0,9424800,499.0
2013-01-11,505.0,519.0,503.0,517.0,15979100,517.0
2013-01-15,520.0,522.0,512.0,515.0,9902200,515.0
2013-01-16,516.0,517.0,501.0,504.0,12356100,504.0
2013-01-17,507.0,508.0,496.0,506.0,9855300,506.0
2013-01-18,514.0,517.0,509.0,512.0,12082700,512.0
2013-01-21,517.0,527.0,512.0,519.0,14903400,519.0
2013-01-22,521.0,525.0,512.0,517.0,12399700,517.0
2013-01-23,518.0,518.0,504.0,508.0,10682100,508.0
2013-01-24,504.0,511.0,504.0,510.0,7551600,510.0
2013-01-25,513.0,518.0,509.0,511.0,9176400,511.0
2013-01-28,517.0,525.0,514.0,515.0,9324700,515.0
2013-01-29,515.0,533.0,515.0,525.0,14846100,525.0
2013-01-30,527.0,542.0,520.0,537.0,15197700,537.0
2013-01-31,542.0,545.0,535.0,540.0,10562300,540.0
2013-02-01,545.0,545.0,532.0,535.0,11156400,535.0
2013-02-04,538.0,539.0,532.0,537.0,7224600,537.0
2013-02-05,525.0,539.0,523.0,528.0,11049100,528.0
2013-02-06,545.0,553.0,539.0,546.0,16279700,546.0
2013-02-07,549.0,558.0,543.0,554.0,17526300,554.0
2013-02-08,554.0,564.0,548.0,549.0,12314600,549.0
2013-02-12,559.0,564.0,545.0,546.0,8950600,546.0
2013-02-13,547.0,554.0,536.0,541.0,9173200,541.0
2013-02-14,538.0,543.0,526.0,536.0,9138400,536.0
2013-02-15,530.0,532.0,512.0,520.0,17100100,520.0
2013-02-18,532.0,538.0,526.0,528.0,7353200,528.0
2013-02-19,532.0,549.0,529.0,543.0,13010800,543.0
2013-02-20,552.0,560.0,550.0,552.0,9672900,552.0
2013-02-21,550.0,551.0,539.0,548.0,14068700,548.0
2013-02-22,538.0,547.0,537.0,545.0,6964700,545.0
2013-02-25,560.0,570.0,557.0,569.0,13887500,569.0
2013-02-26,559.0,568.0,559.0,561.0,10919500,561.0
2013-02-27,566.0,569.0,550.0,555.0,8619800,555.0
2013-02-28,557.0,567.0,557.0,566.0,10843900,566.0
2013-03-01,558.0,561.0,553.0,561.0,8248800,561.0
2013-03-04,562.0,563.0,550.0,554.0,7030600,554.0
2013-03-05,556.0,558.0,546.0,550.0,9988100,550.0
2013-03-06,552.0,554.0,542.0,549.0,8811400,549.0
2013-03-07,554.0,556.0,547.0,552.0,9912500,552.0
2013-03-08,553.0,558.0,549.0,550.0,19530500,550.0
2013-03-11,555.0,560.0,550.0,553.0,11141500,553.0
2013-03-12,556.0,556.0,548.0,549.0,12439200,549.0
2013-03-13,559.0,562.0,546.0,549.0,12867900,549.0
2013-03-14,549.0,550.0,540.0,544.0,11601800,544.0
2013-03-15,549.0,554.0,543.0,549.0,15275100,549.0
2013-03-18,542.0,542.0,532.0,534.0,9093500,534.0
2013-03-19,537.0,539.0,530.0,533.0,10554600,533.0
2013-03-21,536.0,549.0,534.0,545.0,11390900,545.0
2013-03-22,541.0,544.0,537.0,540.0,8445300,540.0
2013-03-25,550.0,555.0,547.0,549.0,13748500,549.0
2013-03-26,550.0,551.0,541.0,542.0,11768900,542.0
2013-03-27,542.0,544.0,538.0,544.0,7361700,544.0
2013-03-28,538.0,540.0,523.0,527.0,11663500,527.0
2013-03-29,533.0,536.0,521.0,521.0,10783500,521.0
2013-04-01,526.0,526.0,505.0,505.0,11689900,505.0
2013-04-02,505.0,505.0,486.0,486.0,16688600,486.0
2013-04-03,488.0,494.0,480.0,493.0,14586600,493.0
2013-04-04,487.0,504.0,483.0,504.0,16513600,504.0
2013-04-05,521.0,526.0,503.0,507.0,27059800,507.0
2013-04-08,517.0,521.0,505.0,507.0,17891700,507.0
2013-04-09,517.0,526.0,512.0,524.0,19633300,524.0
2013-04-10,536.0,549.0,534.0,548.0,20593300,548.0
2013-04-11,556.0,559.0,531.0,538.0,18659100,538.0
2013-04-12,538.0,543.0,533.0,540.0,11245800,540.0
2013-04-15,535.0,537.0,517.0,522.0,13848400,522.0
2013-04-16,503.0,524.0,500.0,509.0,28196900,509.0
2013-04-17,519.0,523.0,511.0,520.0,10934100,520.0
2013-04-18,520.0,520.0,511.0,515.0,8630900,515.0
2013-04-19,509.0,512.0,501.0,503.0,12721300,503.0
2013-04-22,511.0,515.0,502.0,502.0,14187500,502.0
2013-04-23,502.0,505.0,498.0,499.0,12205200,499.0
2013-04-24,505.0,515.0,503.0,515.0,11208400,515.0
2013-04-25,522.0,530.0,516.0,529.0,13071600,529.0
2013-04-26,533.0,534.0,518.0,522.0,10459000,522.0
2013-04-30,529.0,533.0,526.0,528.0,13618500,528.0
2013-05-01,527.0,532.0,522.0,529.0,11144100,529.0
2013-05-02,525.0,526.0,520.0,524.0,7462300,524.0
2013-05-07,541.0,545.0,533.0,535.0,12387600,535.0
2013-05-08,533.0,538.0,526.0,531.0,15741500,531.0
2013-05-09,532.0,539.0,517.0,519.0,13447800,519.0
2013-05-10,529.0,530.0,521.0,523.0,13378900,523.0
2013-05-13,526.0,531.0,521.0,524.0,12858300,524.0
2013-05-14,529.0,534.0,525.0,531.0,11801900,531.0
2013-05-15,535.0,542.0,533.0,536.0,14020700,536.0
2013-05-16,541.0,542.0,529.0,532.0,11243400,532.0
2013-05-17,528.0,542.0,527.0,535.0,10909800,535.0
2013-05-20,545.0,562.0,539.0,553.0,24902200,553.0
2013-05-21,563.0,581.0,557.0,574.0,20808800,574.0
2013-05-22,579.0,584.0,571.0,577.0,14180400,577.0
2013-05-23,579.0,592.0,545.0,550.0,21203600,550.0
2013-05-24,560.0,563.0,520.0,536.0,21419800,536.0
2013-05-27,535.0,538.0,523.0,523.0,11959200,523.0
2013-05-28,520.0,537.0,520.0,526.0,11397600,526.0
2013-05-29,536.0,536.0,521.0,522.0,12290000,522.0
2013-05-30,517.0,521.0,496.0,506.0,17403700,506.0
2013-05-31,508.0,513.0,500.0,500.0,13428900,500.0
2013-06-03,496.0,497.0,484.0,494.0,13662900,494.0
2013-06-04,486.0,496.0,474.0,493.0,16183100,493.0
2013-06-05,485.0,489.0,471.0,472.0,16860700,472.0
2013-06-06,467.0,475.0,456.0,467.0,25602700,467.0
2013-06-07,457.0,458.0,438.0,444.0,23680400,444.0
2013-06-10,463.0,473.0,453.0,471.0,11625800,471.0
2013-06-11,468.0,476.0,460.0,463.0,15160300,463.0
2013-06-12,455.0,461.0,451.0,459.0,10801000,459.0
2013-06-13,451.0,454.0,440.0,444.0,14488200,444.0
2013-06-14,454.0,459.0,449.0,449.0,19832500,449.0
2013-06-17,450.0,471.0,447.0,471.0,11956200,471.0
2013-06-18,477.0,487.0,471.0,475.0,10431100,475.0
2013-06-19,480.0,488.0,476.0,484.0,11427800,484.0
2013-06-20,479.0,483.0,469.0,476.0,14593600,476.0
2013-06-21,460.0,482.0,458.0,482.0,15746600,482.0
2013-06-24,490.0,490.0,470.0,472.0,8979500,472.0
2013-06-25,472.0,478.0,456.0,459.0,18886500,459.0
2013-06-26,468.0,473.0,457.0,458.0,11600800,458.0
2013-06-27,464.0,480.0,459.0,479.0,12479400,479.0
2013-06-28,487.0,490.0,475.0,481.0,14116000,481.0
2013-07-01,485.0,485.0,472.0,482.0,9746300,482.0
2013-07-02,485.0,487.0,477.0,481.0,13025400,481.0
2013-07-03,485.0,492.0,480.0,484.0,12712600,484.0
2013-07-04,482.0,491.0,478.0,490.0,10398300,490.0
2013-07-05,495.0,499.0,492.0,496.0,11014800,496.0
2013-07-08,504.0,509.0,488.0,488.0,10786500,488.0
2013-07-09,496.0,503.0,492.0,498.0,10993300,498.0
2013-07-10,498.0,502.0,494.0,497.0,7914700,497.0
2013-07-11,490.0,505.0,490.0,502.0,10498900,502.0
2013-07-12,499.0,505.0,498.0,504.0,9262600,504.0
2013-07-16,500.0,503.0,499.0,503.0,6903600,503.0
2013-07-17,499.0,504.0,494.0,500.0,9531200,500.0
2013-07-18,500.0,514.0,499.0,511.0,12134200,511.0
2013-07-19,514.0,519.0,506.0,516.0,14756500,516.0
2013-07-22,520.0,520.0,513.0,515.0,10849200,515.0
2013-07-23,506.0,524.0,506.0,522.0,12640500,522.0
2013-07-24,522.0,523.0,516.0,519.0,6255400,519.0
2013-07-25,520.0,526.0,516.0,523.0,11287600,523.0
2013-07-26,524.0,526.0,516.0,518.0,20059200,518.0
2013-07-29,512.0,515.0,500.0,501.0,16583700,501.0
2013-07-30,505.0,519.0,505.0,515.0,11314800,515.0
2013-07-31,513.0,531.0,511.0,521.0,16805000,521.0
2013-08-01,522.0,545.0,521.0,545.0,16840300,545.0
2013-08-02,549.0,552.0,540.0,545.0,9958100,545.0
2013-08-05,536.0,539.0,527.0,537.0,8795700,537.0
2013-08-06,536.0,536.0,527.0,536.0,9164500,536.0
2013-08-07,530.0,531.0,518.0,523.0,10889500,523.0
2013-08-08,515.0,528.0,512.0,525.0,15918900,525.0
2013-08-09,524.0,525.0,513.0,518.0,10874000,518.0
2013-08-12,515.0,524.0,513.0,520.0,6534500,520.0
2013-08-13,526.0,529.0,523.0,526.0,7639400,526.0
2013-08-14,527.0,533.0,524.0,531.0,8298500,531.0
2013-08-15,526.0,534.0,526.0,530.0,7472600,530.0
2013-08-16,528.0,534.0,524.0,526.0,12102900,526.0
2013-08-19,536.0,547.0,534.0,547.0,16956800,547.0
2013-08-20,543.0,550.0,537.0,537.0,15161000,537.0
2013-08-21,534.0,539.0,526.0,530.0,11880200,530.0
2013-08-22,526.0,537.0,525.0,530.0,7999800,530.0
2013-08-23,538.0,545.0,537.0,539.0,9605600,539.0
2013-08-26,543.0,544.0,535.0,538.0,6736300,538.0
2013-08-27,534.0,540.0,530.0,540.0,9296600,540.0
2013-08-28,536.0,538.0,518.0,521.0,11974800,521.0
2013-08-29,519.0,536.0,518.0,528.0,11058800,528.0
2013-08-30,528.0,530.0,516.0,520.0,8773300,520.0
2013-09-02,521.0,525.0,514.0,520.0,4694700,520.0
2013-09-03,525.0,533.0,523.0,529.0,6887100,529.0
2013-09-04,531.0,535.0,529.0,532.0,6319800,532.0
2013-09-05,530.0,542.0,527.0,542.0,10820000,542.0
2013-09-06,539.0,540.0,530.0,538.0,6437200,538.0
2013-09-09,545.0,550.0,540.0,543.0,7245000,543.0
2013-09-10,543.0,548.0,542.0,544.0,6859900,544.0
2013-09-11,546.0,547.0,541.0,545.0,7554000,545.0
2013-09-12,545.0,554.0,544.0,551.0,8792500,551.0
2013-09-13,551.0,554.0,540.0,546.0,11182800,546.0
2013-09-17,553.0,554.0,542.0,544.0,4586000,544.0
2013-09-18,545.0,551.0,544.0,548.0,7995100,548.0
2013-09-19,555.0,555.0,542.0,546.0,11046800,546.0
2013-09-20,545.0,549.0,537.0,538.0,9633900,538.0
2013-09-24,539.0,544.0,537.0,540.0,7955700,540.0
2013-09-25,538.0,539.0,530.0,532.0,7883000,532.0
2013-09-26,521.0,528.0,517.0,528.0,8151800,528.0
2013-09-27,525.0,528.0,522.0,522.0,8103300,522.0
2013-09-30,522.0,522.0,509.0,509.0,9787000,509.0
2013-10-01,507.0,509.0,501.0,504.0,11480000,504.0
2013-10-02,505.0,513.0,495.0,496.0,13670600,496.0
2013-10-03,500.0,500.0,481.0,487.0,18347300,487.0
2013-10-04,485.0,488.0,481.0,487.0,14028000,487.0
2013-10-07,487.0,487.0,473.0,475.0,11648200,475.0
2013-10-08,475.0,477.0,467.0,471.0,9291000,471.0
2013-10-09,470.0,483.0,469.0,483.0,8695200,483.0
2013-10-10,484.0,484.0,476.0,480.0,9873000,480.0
2013-10-11,483.0,486.0,475.0,480.0,13646500,480.0
2013-10-15,483.0,488.0,479.0,483.0,10530300,483.0
2013-10-16,491.0,497.0,489.0,493.0,17516800,493.0
2013-10-17,494.0,498.0,485.0,487.0,9751300,487.0
2013-10-18,490.0,493.0,488.0,493.0,5559000,493.0
2013-10-21,497.0,497.0,491.0,491.0,4922600,491.0
2013-10-22,494.0,496.0,492.0,493.0,4433300,493.0
2013-10-23,496.0,496.0,485.0,490.0,8475300,490.0
2013-10-24,493.0,501.0,488.0,498.0,10906700,498.0
2013-10-25,502.0,502.0,489.0,490.0,9330200,490.0
2013-10-28,492.0,492.0,487.0,490.0,6655300,490.0
2013-10-29,488.0,491.0,486.0,489.0,5828700,489.0
2013-10-30,493.0,497.0,490.0,492.0,6531000,492.0
2013-10-31,492.0,494.0,485.0,485.0,5568400,485.0
2013-11-01,490.0,497.0,484.0,492.0,9103400,492.0
2013-11-05,497.0,510.0,495.0,508.0,15792000,508.0
2013-11-06,509.0,521.0,505.0,513.0,14047300,513.0
2013-11-07,513.0,513.0,505.0,508.0,8344400,508.0
2013-11-08,505.0,509.0,503.0,506.0,5050600,506.0
2013-11-11,512.0,513.0,503.0,507.0,5781000,507.0
2013-11-12,507.0,508.0,503.0,507.0,6844000,507.0
2013-11-13,506.0,513.0,502.0,513.0,8542400,513.0
2013-11-14,514.0,520.0,512.0,516.0,8574400,516.0
2013-11-15,521.0,526.0,520.0,521.0,9530000,521.0
2013-11-18,526.0,527.0,518.0,524.0,8828900,524.0
2013-11-19,523.0,531.0,522.0,528.0,15391400,528.0
2013-11-20,510.0,526.0,506.0,524.0,33266000,524.0
2013-11-21,520.0,527.0,518.0,524.0,9182400,524.0
2013-11-22,525.0,525.0,518.0,523.0,9535600,523.0
2013-11-25,526.0,530.0,523.0,529.0,8677500,529.0
2013-11-26,530.0,537.0,528.0,532.0,13013500,532.0
2013-11-27,534.0,538.0,532.0,537.0,8256600,537.0
2013-11-28,538.0,538.0,533.0,535.0,5596000,535.0
2013-11-29,533.0,535.0,529.0,533.0,8311400,533.0
2013-12-02,531.0,533.0,523.0,527.0,9617200,527.0
2013-12-03,526.0,529.0,522.0,526.0,5924400,526.0
2013-12-04,522.0,525.0,517.0,519.0,8917000,519.0
2013-12-05,517.0,523.0,515.0,515.0,10533700,515.0
2013-12-06,519.0,522.0,512.0,517.0,7163800,517.0
2013-12-09,523.0,529.0,521.0,527.0,6943000,527.0
2013-12-10,528.0,534.0,527.0,533.0,8241000,533.0
2013-12-11,532.0,533.0,526.0,531.0,5893400,531.0
2013-12-12,529.0,534.0,525.0,533.0,8833600,533.0
2013-12-13,530.0,534.0,522.0,524.0,16594900,524.0
2013-12-16,522.0,525.0,513.0,518.0,6659800,518.0
2013-12-17,521.0,525.0,518.0,524.0,5646700,524.0
2013-12-18,520.0,527.0,517.0,521.0,13173500,521.0
2013-12-19,529.0,534.0,526.0,534.0,10919200,534.0
2013-12-20,532.0,533.0,524.0,526.0,10784700,526.0
2013-12-24,526.0,532.0,526.0,528.0,5731000,528.0
2013-12-25,526.0,527.0,518.0,522.0,6650300,522.0
2013-12-26,528.0,530.0,524.0,527.0,6202200,527.0
2013-12-27,527.0,530.0,522.0,524.0,8767100,524.0
2013-12-30,530.0,542.0,528.0,541.0,9665800,541.0
2014-01-06,541.0,545.0,531.0,537.0,10663700,537.0
2014-01-07,536.0,537.0,530.0,531.0,8442600,531.0
2014-01-08,537.0,541.0,534.0,538.0,6505400,538.0
2014-01-09,540.0,540.0,525.0,526.0,10517200,526.0
2014-01-10,522.0,534.0,521.0,527.0,11482800,527.0
2014-01-14,525.0,529.0,522.0,522.0,9985200,522.0
2014-01-15,535.0,541.0,532.0,539.0,15094900,539.0
2014-01-16,546.0,553.0,545.0,546.0,12575400,546.0
2014-01-17,545.0,550.0,542.0,550.0,9293600,550.0
2014-01-20,543.0,547.0,538.0,543.0,9526800,543.0
2014-01-21,535.0,540.0,534.0,540.0,11865400,540.0
2014-01-22,533.0,535.0,524.0,533.0,18315900,533.0
2014-01-23,535.0,538.0,530.0,532.0,16937100,532.0
2014-01-24,528.0,533.0,525.0,531.0,13045000,531.0
2014-01-27,516.0,518.0,509.0,513.0,14452000,513.0
2014-01-28,514.0,515.0,506.0,506.0,11497600,506.0
2014-01-29,512.0,515.0,509.0,509.0,7461000,509.0
2014-01-30,502.0,504.0,496.0,499.0,12616700,499.0
2014-01-31,502.0,509.0,494.0,497.0,12402300,497.0
2014-02-03,498.0,504.0,490.0,491.0,6918800,491.0
2014-02-04,483.0,487.0,467.0,468.0,16231400,468.0
2014-02-05,475.0,477.0,464.0,470.0,13520300,470.0
2014-02-06,476.0,486.0,466.0,479.0,18758100,479.0
2014-02-07,486.0,491.0,481.0,487.0,7938300,487.0
2014-02-10,494.0,496.0,485.0,494.0,12280400,494.0
2014-02-12,497.0,501.0,491.0,494.0,10327800,494.0
2014-02-13,495.0,495.0,482.0,483.0,9443700,483.0
2014-02-14,498.0,502.0,488.0,494.0,18624100,494.0
2014-02-17,497.0,502.0,489.0,500.0,16645100,500.0
2014-02-18,504.0,511.0,498.0,507.0,13601400,507.0
2014-02-19,510.0,524.0,508.0,520.0,19916900,520.0
2014-02-20,518.0,524.0,504.0,505.0,18722400,505.0
2014-02-21,511.0,532.0,511.0,528.0,27426300,528.0
2014-02-24,526.0,540.0,525.0,533.0,24519100,533.0
2014-02-25,538.0,547.0,534.0,546.0,21567100,546.0
2014-02-26,545.0,546.0,535.0,537.0,12164000,537.0
2014-02-27,534.0,539.0,528.0,531.0,14258300,531.0
2014-02-28,528.0,534.0,524.0,527.0,11178400,527.0
2014-03-03,524.0,531.0,520.0,525.0,14218800,525.0
2014-03-04,521.0,533.0,518.0,530.0,15314500,530.0
2014-03-05,535.0,543.0,530.0,536.0,12538100,536.0
2014-03-06,536.0,539.0,531.0,538.0,12474400,538.0
2014-03-07,542.0,549.0,542.0,547.0,12656200,547.0
2014-03-10,542.0,543.0,535.0,538.0,11617500,538.0
2014-03-11,540.0,551.0,539.0,549.0,12816200,549.0
2014-03-12,543.0,543.0,528.0,530.0,12375000,530.0
2014-03-13,524.0,531.0,522.0,527.0,10738200,527.0
2014-03-14,512.0,519.0,511.0,513.0,15231000,513.0
2014-03-17,507.0,513.0,506.0,509.0,8849100,509.0
2014-03-18,516.0,517.0,510.0,511.0,5961200,511.0
2014-03-19,514.0,522.0,511.0,513.0,8845900,513.0
2014-03-20,516.0,519.0,505.0,505.0,7127800,505.0
2014-03-24,509.0,511.0,488.0,491.0,16597500,491.0
2014-03-25,483.0,495.0,475.0,492.0,18815000,492.0
2014-03-26,493.0,498.0,488.0,496.0,17918600,496.0
2014-03-27,480.0,489.0,472.0,486.0,17849800,486.0
2014-03-28,483.0,486.0,477.0,482.0,17236400,482.0
2014-03-31,491.0,497.0,490.0,497.0,12264000,497.0
2014-04-01,496.0,496.0,485.0,493.0,12783500,493.0
2014-04-02,493.0,503.0,490.0,500.0,10824400,500.0
2014-04-03,502.0,507.0,499.0,500.0,11274900,500.0
2014-04-04,497.0,505.0,496.0,503.0,7089900,503.0
2014-04-07,500.0,506.0,498.0,502.0,8904500,502.0
2014-04-08,499.0,501.0,488.0,491.0,9416100,491.0
2014-04-09,483.0,489.0,482.0,487.0,10008700,487.0
2014-04-10,490.0,492.0,482.0,483.0,8546500,483.0
2014-04-11,478.0,490.0,477.0,488.0,10473300,488.0
2014-04-14,490.0,498.0,488.0,494.0,8349300,494.0
2014-04-15,499.0,502.0,493.0,495.0,8086700,495.0
2014-04-16,500.0,511.0,498.0,511.0,8306800,511.0
2014-04-17,512.0,519.0,510.0,514.0,10391700,514.0
2014-04-18,515.0,518.0,512.0,516.0,5529700,516.0
2014-04-21,520.0,532.0,517.0,528.0,14295600,528.0
2014-04-22,528.0,532.0,521.0,523.0,14945700,523.0
2014-04-23,526.0,526.0,514.0,526.0,11744600,526.0
2014-04-24,524.0,534.0,523.0,529.0,11107200,529.0
2014-04-25,528.0,534.0,526.0,528.0,6362400,528.0
2014-04-28,521.0,529.0,520.0,527.0,5318800,527.0
2014-04-30,527.0,535.0,525.0,530.0,8861700,530.0
2014-05-01,530.0,535.0,528.0,534.0,6608200,534.0
2014-05-02,530.0,534.0,526.0,534.0,9681900,534.0
2014-05-07,529.0,529.0,513.0,515.0,12151400,515.0
2014-05-08,518.0,523.0,514.0,519.0,9399100,519.0
2014-05-09,520.0,523.0,479.0,509.0,19597800,509.0
2014-05-12,505.0,508.0,498.0,499.0,7615100,499.0
2014-05-13,512.0,513.0,506.0,511.0,6377700,511.0
2014-05-14,512.0,513.0,504.0,511.0,7873200,511.0
2014-05-15,505.0,521.0,503.0,521.0,8951000,521.0
2014-05-16,516.0,516.0,510.0,514.0,7320500,514.0
2014-05-19,510.0,514.0,508.0,510.0,4072400,510.0
2014-05-20,511.0,512.0,503.0,506.0,6288500,506.0
2014-05-21,511.0,519.0,510.0,517.0,9774300,517.0
2014-05-22,520.0,529.0,519.0,523.0,9435400,523.0
2014-05-23,526.0,537.0,525.0,532.0,7216100,532.0
2014-05-26,536.0,536.0,529.0,535.0,4826600,535.0
2014-05-27,535.0,538.0,531.0,532.0,3975000,532.0
2014-05-28,534.0,535.0,523.0,524.0,7671900,524.0
2014-05-29,523.0,527.0,518.0,525.0,6966300,525.0
2014-05-30,526.0,533.0,522.0,530.0,6553400,530.0
2014-06-02,530.0,535.0,527.0,532.0,7730900,532.0
2014-06-03,538.0,545.0,536.0,542.0,11340200,542.0
2014-06-04,539.0,544.0,532.0,544.0,9308000,544.0
2014-06-05,543.0,545.0,539.0,544.0,6966100,544.0
2014-06-06,544.0,549.0,543.0,548.0,7337100,548.0
2014-06-09,550.0,555.0,547.0,547.0,8694100,547.0
2014-06-10,544.0,545.0,537.0,540.0,11759600,540.0
2014-06-11,541.0,547.0,538.0,544.0,6191300,544.0
2014-06-12,541.0,549.0,538.0,548.0,5465700,548.0
2014-06-13,538.0,547.0,538.0,540.0,19901200,540.0
2014-06-16,538.0,540.0,532.0,537.0,10771400,537.0
2014-06-17,538.0,540.0,527.0,529.0,18307200,529.0
2014-06-18,529.0,536.0,526.0,533.0,10273700,533.0
2014-06-19,531.0,545.0,530.0,541.0,8680700,541.0
2014-06-20,541.0,542.0,534.0,536.0,7855100,536.0
2014-06-23,536.0,547.0,535.0,546.0,8790100,546.0
2014-06-24,540.0,548.0,533.0,546.0,7535300,546.0
2014-06-25,545.0,552.0,543.0,548.0,9398000,548.0
2014-06-26,549.0,551.0,545.0,548.0,4942100,548.0
2014-06-27,549.0,549.0,537.0,539.0,6815900,539.0
2014-06-30,543.0,546.0,537.0,542.0,8797400,542.0
2014-07-01,543.0,551.0,540.0,549.0,7676900,549.0
2014-07-02,552.0,556.0,550.0,555.0,8683600,555.0
2014-07-03,555.0,555.0,530.0,537.0,20172900,537.0
2014-07-04,539.0,540.0,531.0,533.0,13459800,533.0
2014-07-07,532.0,534.0,529.0,530.0,6287200,530.0
2014-07-08,535.0,536.0,528.0,532.0,9606800,532.0
2014-07-09,529.0,540.0,529.0,536.0,8228500,536.0
2014-07-10,533.0,539.0,530.0,531.0,6199000,531.0
2014-07-11,528.0,535.0,527.0,532.0,7126400,532.0
2014-07-14,536.0,539.0,534.0,537.0,6528000,537.0
2014-07-15,538.0,544.0,533.0,536.0,7011100,536.0
2014-07-16,548.0,552.0,538.0,539.0,15867500,539.0
2014-07-17,543.0,545.0,539.0,542.0,5081400,542.0
2014-07-18,538.0,540.0,536.0,538.0,3939700,538.0
2014-07-22,540.9,541.8,538.0,539.0,5375300,539.0
2014-07-23,541.0,541.5,536.3,537.8,6326400,537.8
2014-07-24,535.6,541.3,535.3,539.1,7267100,539.1
2014-07-25,547.0,548.0,540.4,543.7,7114800,543.7
2014-07-28,539.3,542.5,537.3,541.6,5134100,541.6
2014-07-29,541.6,541.6,536.2,539.9,6296200,539.9
2014-07-30,540.0,540.0,535.3,536.5,5379800,536.5
2014-07-31,536.8,537.0,528.0,534.5,11414200,534.5
2014-08-01,530.1,538.0,527.5,532.3,8648400,532.3
2014-08-04,528.0,531.3,522.0,529.3,8996400,529.3
2014-08-05,529.5,534.4,523.3,525.4,7981100,525.4
2014-08-06,522.3,527.8,521.4,523.9,10119200,523.9
2014-08-07,522.3,525.0,517.2,524.8,8339300,524.8
2014-08-08,519.4,520.3,509.1,511.1,10942400,511.1
2014-08-11,519.0,519.9,514.1,518.6,5895000,518.6
2014-08-12,522.4,526.8,520.7,523.1,4334400,523.1
2014-08-13,524.6,526.0,522.6,524.9,5699600,524.9
2014-08-14,526.1,528.4,524.2,526.0,5162800,526.0
2014-08-15,524.1,525.0,514.6,517.6,8305600,517.6
2014-08-18,522.0,522.0,514.7,519.8,7583800,519.8
2014-08-19,524.0,531.9,521.7,530.7,9671200,530.7
2014-08-20,534.0,539.3,530.5,532.1,6862700,532.1
2014-08-21,533.2,541.2,533.0,539.1,8968300,539.1
2014-08-22,542.0,542.8,536.7,538.3,6556700,538.3
2014-08-25,542.0,542.3,535.2,536.0,5957800,536.0
2014-08-26,536.5,539.8,533.1,534.8,5400800,534.8
2014-08-27,534.9,540.7,533.8,537.5,4413500,537.5
2014-08-28,537.0,540.7,536.8,539.9,5727600,539.9
2014-08-29,537.2,541.2,534.8,534.8,7161100,534.8
2014-09-01,534.7,536.6,531.8,533.5,4748100,533.5
2014-09-02,533.5,539.1,533.0,537.2,5616100,537.2
2014-09-03,537.2,537.6,530.5,533.5,10078700,533.5
2014-09-04,531.9,532.0,527.9,529.5,10604500,529.5
2014-09-05,530.8,534.2,527.9,528.0,8169700,528.0
2014-09-08,529.4,529.5,520.9,522.1,11481200,522.1
2014-09-09,522.8,525.4,518.6,518.6,7367700,518.6
2014-09-10,519.8,528.0,519.0,527.9,8937800,527.9
2014-09-11,530.0,534.9,525.3,532.9,7590900,532.9
2014-09-12,530.8,533.7,525.0,526.0,11958600,526.0
2014-09-16,527.0,527.0,521.4,523.8,6109400,523.8
2014-09-17,523.0,523.8,519.1,519.3,5704000,519.3
2014-09-18,524.4,524.5,519.6,521.2,7296900,521.2
2014-09-19,523.4,524.8,520.2,521.0,10789200,521.0
2014-09-22,521.0,525.0,520.7,524.6,6883100,524.6
2014-09-24,525.4,525.4,516.5,519.0,12529300,519.0
2014-09-25,523.0,526.4,519.3,526.4,10742000,526.4
2014-09-26,517.1,523.0,515.1,522.4,11953300,522.4
2014-09-29,521.7,524.2,515.0,515.5,10484600,515.5
2014-09-30,515.5,515.8,504.8,505.5,10879800,505.5
2014-10-01,504.1,506.0,499.5,500.7,10093800,500.7
2014-10-02,499.0,501.5,492.0,493.8,13354800,493.8
2014-10-03,492.3,498.5,489.0,493.0,7727700,493.0
2014-10-06,502.5,503.4,496.4,497.7,9938300,497.7
2014-10-07,498.0,498.5,492.8,493.7,6443300,493.7
2014-10-08,489.0,492.9,485.4,491.5,9276200,491.5
2014-10-09,491.5,493.7,487.4,488.0,7526900,488.0
2014-10-10,482.5,485.1,478.3,481.3,10722400,481.3
2014-10-14,475.0,476.5,469.1,469.9,16303500,469.9
2014-10-15,470.0,470.9,462.0,467.5,11581000,467.5
2014-10-16,455.9,455.9,443.1,448.5,20874400,448.5
2014-10-17,455.0,457.4,448.9,448.9,13705900,448.9
2014-10-20,456.2,461.4,455.3,459.9,10666300,459.9
2014-10-21,465.0,469.9,450.2,452.6,11801400,452.6
2014-10-22,457.3,459.5,450.5,457.2,12107400,457.2
2014-10-23,453.9,454.1,445.0,448.1,14935700,448.1
2014-10-24,457.3,459.0,447.5,449.1,13283600,449.1
2014-10-27,451.5,454.5,449.2,452.2,8856700,452.2
2014-10-28,452.3,458.3,443.1,443.9,11816800,443.9
2014-10-29,449.1,456.8,447.8,455.3,11370500,455.3
2014-10-30,455.6,460.6,455.0,459.0,11856900,459.0
2014-10-31,463.3,479.9,462.4,475.2,17517200,475.2
2014-11-04,494.8,495.0,467.7,468.9,19435500,468.9
2014-11-05,462.5,463.4,450.3,455.0,23508900,455.0
2014-11-06,458.7,463.3,452.2,453.3,17188500,453.3
2014-11-07,452.5,456.3,449.2,453.9,14632600,453.9
2014-11-10,453.6,457.5,451.1,457.4,9821600,457.4
2014-11-11,455.2,459.8,452.2,453.8,12544800,453.8
2014-11-12,457.0,457.7,451.2,451.7,14445600,451.7
2014-11-13,451.6,461.2,451.4,459.3,17268100,459.3
2014-11-14,459.8,460.9,446.1,449.5,28869200,449.5
2014-11-17,448.9,449.0,435.2,436.5,31331800,436.5
2014-11-18,437.0,439.1,435.0,436.1,22180100,436.1
2014-11-19,436.1,438.6,433.3,437.1,16439000,437.1
2014-11-20,438.8,442.3,435.0,441.0,12398400,441.0
2014-11-21,444.2,455.0,442.5,453.8,18194700,453.8
2014-11-25,458.0,460.0,453.5,459.4,18972000,459.4
2014-11-26,458.5,460.7,454.5,455.1,12768900,455.1
2014-11-27,457.4,459.4,452.0,452.2,11381800,452.2
2014-11-28,450.0,450.9,440.1,441.6,18816600,441.6
2014-12-01,444.8,445.0,436.0,437.1,16571500,437.1
2014-12-02,439.6,445.0,437.7,444.0,20379400,444.0
2014-12-03,446.0,449.3,442.0,442.4,15325000,442.4
2014-12-04,445.8,447.8,444.1,447.2,13333200,447.2
2014-12-05,446.0,447.0,440.6,443.2,14658200,443.2
2014-12-08,445.0,447.4,442.4,446.6,11642400,446.6
2014-12-09,442.0,448.3,440.0,446.4,15340100,446.4
2014-12-10,444.8,446.5,442.1,444.1,13842000,444.1
2014-12-11,441.3,442.1,437.9,439.2,14047700,439.2
2014-12-12,436.0,438.6,435.0,435.0,19067100,435.0
2014-12-15,433.4,436.4,426.2,434.6,14005300,434.6
2014-12-16,431.9,434.2,425.5,426.2,16114200,426.2
2014-12-17,425.0,434.9,425.0,432.1,14431900,432.1
2014-12-18,440.0,448.8,439.8,447.4,17370700,447.4
2014-12-19,452.6,453.0,445.8,451.4,15219900,451.4
2014-12-22,471.4,484.2,469.4,480.5,36494600,480.5
2014-12-24,480.5,480.8,475.0,477.5,14627700,477.5
2014-12-25,469.5,476.1,465.1,476.0,9742000,476.0
2014-12-26,477.8,481.9,473.9,474.7,10200300,474.7
2014-12-29,475.8,476.0,467.4,471.7,9142400,471.7
2014-12-30,469.8,474.5,468.7,469.8,5528500,469.8
2015-01-05,468.7,471.0,462.3,467.1,7940500,467.1
2015-01-06,459.1,460.0,452.1,454.1,12644800,454.1
2015-01-07,449.9,450.5,443.4,443.8,17546000,443.8
2015-01-08,450.5,450.6,444.0,444.9,11774300,444.9
2015-01-09,447.4,448.2,441.1,444.7,12399100,444.7
2015-01-13,440.0,446.8,435.0,437.8,16599500,437.8
2015-01-14,435.0,435.2,419.2,420.4,31791600,420.4
2015-01-15,423.3,429.0,420.1,426.1,13815000,426.1
2015-01-16,420.0,425.7,417.1,425.6,17076600,425.6
2015-01-19,430.4,436.4,429.3,430.0,11153600,430.0
2015-01-20,431.7,438.9,429.0,438.9,7720100,438.9
2015-01-21,437.9,440.6,433.7,439.5,9134600,439.5
2015-01-22,441.5,446.9,440.1,446.9,9536200,446.9
2015-01-23,448.0,449.6,445.2,447.5,7972400,447.5
2015-01-26,445.0,445.2,437.5,443.6,8823200,443.6
2015-01-27,445.1,445.6,437.0,445.1,9579000,445.1
2015-01-28,439.1,444.7,438.1,443.3,8374100,443.3
2015-01-29,440.1,443.3,435.2,435.8,10292900,435.8
2015-01-30,438.5,438.9,435.0,435.8,10330100,435.8
2015-02-02,436.0,446.0,436.0,438.2,11242800,438.2
2015-02-03,446.7,458.6,443.5,452.2,18461100,452.2
2015-02-04,462.0,463.5,451.0,457.4,20258400,457.4
2015-02-05,451.3,458.3,450.0,455.2,13396200,455.2
2015-02-06,462.0,474.5,462.0,473.2,19219000,473.2
2015-02-09,469.3,473.7,461.0,468.8,12998300,468.8
2015-02-10,463.1,471.2,460.6,471.2,12114900,471.2
2015-02-12,472.5,475.0,463.1,464.1,13896400,464.1
2015-02-13,464.1,470.4,464.0,468.5,14118100,468.5
2015-02-16,471.1,476.2,469.0,475.0,11434500,475.0
2015-02-17,475.7,480.4,475.1,476.7,8733300,476.7
2015-02-18,477.7,477.8,470.4,471.1,11625600,471.1
2015-02-19,471.1,472.8,466.7,468.5,12351700,468.5
2015-02-20,468.1,473.9,465.2,466.7,16357500,466.7
2015-02-23,467.1,468.6,465.2,467.0,11203200,467.0
2015-02-24,467.7,475.3,467.1,475.1,14951200,475.1
2015-02-25,478.3,483.6,478.3,483.0,13815300,483.0
2015-02-26,485.0,491.6,485.0,490.6,14711900,490.6
2015-02-27,492.0,492.2,484.2,484.9,12528000,484.9
2015-03-02,485.0,489.7,480.0,487.0,9679000,487.0
2015-03-03,487.0,487.4,482.5,487.3,8057100,487.3
2015-03-04,486.9,491.8,485.0,486.8,11083600,486.8
2015-03-05,486.0,491.0,485.0,489.5,10470200,489.5
2015-03-06,489.6,491.0,487.0,489.6,7901900,489.6
2015-03-09,490.5,494.4,487.1,492.3,10594000,492.3
2015-03-10,494.0,494.9,489.5,490.5,11144500,490.5
2015-03-11,487.0,487.1,480.7,484.2,12465600,484.2
2015-03-12,481.1,483.0,475.2,482.6,14781000,482.6
2015-03-13,483.7,487.0,480.4,484.5,18865600,484.5
2015-03-16,480.5,483.4,476.1,476.7,15901100,476.7
2015-03-17,478.6,479.6,475.0,478.1,8310100,478.1
2015-03-18,475.1,479.1,473.1,479.1,9229200,479.1
2015-03-19,481.3,486.2,478.1,480.5,9447000,480.5
2015-03-20,480.8,480.9,475.7,478.5,10087500,478.5
2015-03-23,482.6,484.8,480.4,481.8,8488800,481.8
2015-03-24,481.8,487.9,480.0,486.4,11205900,486.4
2015-03-25,489.4,489.9,480.8,482.0,15579700,482.0
2015-03-26,483.3,492.9,481.4,488.9,16254500,488.9
2015-03-27,483.8,490.1,472.6,476.4,18058000,476.4
2015-03-30,470.0,471.0,456.9,462.9,14529700,462.9
2015-03-31,467.0,469.8,461.7,462.2,12699300,462.2
2015-04-01,463.0,464.0,455.8,456.4,14234700,456.4
2015-04-02,459.1,464.3,458.3,460.5,11374900,460.5
2015-04-03,464.4,466.0,460.8,463.7,8672800,463.7
2015-04-06,460.2,464.3,457.7,463.9,8027500,463.9
2015-04-07,470.0,483.8,470.0,482.5,15165900,482.5
2015-04-08,488.6,492.9,486.5,488.5,15797500,488.5
2015-04-09,483.4,486.0,478.5,483.0,11324200,483.0
2015-04-10,485.9,487.5,483.2,483.8,8837400,483.8
2015-04-13,486.1,489.1,484.1,487.4,8538800,487.4
2015-04-14,487.0,492.6,485.9,491.7,9846800,491.7
2015-04-15,491.7,491.9,486.5,488.7,9889500,488.7
2015-04-16,494.1,514.4,494.1,507.9,26013600,507.9
2015-04-17,514.0,524.0,513.0,519.1,23732600,519.1
2015-04-20,517.7,520.6,512.2,516.5,9606200,516.5
2015-04-21,518.5,518.5,512.2,517.6,13172600,517.6
2015-04-22,513.5,514.0,509.0,510.0,9715500,510.0
2015-04-23,510.5,517.5,510.2,512.5,12224600,512.5
2015-04-24,516.9,525.6,516.8,521.0,18923100,521.0
2015-04-27,522.0,524.7,519.2,521.2,9709000,521.2
2015-04-28,523.6,529.8,522.9,527.6,12829100,527.6
2015-04-30,527.1,528.4,520.7,522.7,11214000,522.7
2015-05-01,520.1,522.4,515.8,521.7,8352200,521.7
2015-05-07,520.0,525.3,518.2,523.1,12145900,523.1
2015-05-08,520.9,522.5,510.5,514.6,12816000,514.6
2015-05-11,521.0,533.0,520.0,528.8,15511000,528.8
2015-05-12,531.0,540.0,528.5,540.0,20370400,540.0
2015-05-13,540.0,547.9,539.9,545.2,13027200,545.2
2015-05-14,540.1,546.5,538.5,542.7,8287600,542.7
2015-05-15,542.3,542.4,533.9,538.4,9186100,538.4
2015-05-18,540.9,547.8,537.4,546.4,13419300,546.4
2015-05-19,546.0,546.8,540.9,544.8,8861900,544.8
2015-05-20,549.0,549.0,527.6,529.4,20354100,529.4
2015-05-21,531.2,533.9,526.3,527.9,13380800,527.9
2015-05-22,532.9,538.3,530.0,533.4,14327400,533.4
2015-05-25,530.7,539.8,525.7,538.6,14051100,538.6
2015-05-26,548.9,555.9,542.6,553.6,20391900,553.6
2015-05-27,549.6,553.5,545.7,553.5,13650600,553.5
2015-05-28,554.0,554.0,547.1,552.0,11774400,552.0
2015-05-29,550.1,556.4,548.3,549.5,14288300,549.5
2015-06-01,547.2,558.9,544.1,557.3,12992000,557.3
2015-06-02,559.0,568.0,558.7,558.8,13456400,558.8
2015-06-03,557.9,562.3,555.2,561.9,5878700,561.9
2015-06-04,564.0,566.8,556.3,560.4,11586000,560.4
2015-06-05,557.4,559.0,546.8,550.3,11373100,550.3
2015-06-08,553.9,561.4,551.3,558.4,10436500,558.4
2015-06-09,554.0,564.7,553.9,556.8,13713800,556.8
2015-06-10,560.2,564.3,555.4,558.1,13157900,558.1
2015-06-11,561.1,563.9,550.7,553.0,10524500,553.0
2015-06-12,555.6,555.6,547.5,550.6,16915500,550.6
2015-06-15,547.5,548.4,538.2,542.4,10251200,542.4
2015-06-16,542.5,544.9,532.4,541.6,9983000,541.6
2015-06-17,543.7,548.7,541.7,544.7,9740300,544.7
2015-06-18,539.8,545.4,529.6,532.7,12173100,532.7
2015-06-19,532.0,532.6,525.1,528.3,10831700,528.3
2015-06-22,526.9,531.8,521.6,527.0,8800400,527.0
2015-06-23,532.5,538.0,529.4,534.1,9460600,534.1
2015-06-24,537.6,539.6,532.5,534.1,8845400,534.1
2015-06-25,534.1,541.2,533.9,539.1,10468100,539.1
2015-06-26,540.3,540.7,528.1,537.7,10742500,537.7
2015-06-29,530.5,536.2,526.0,532.5,11472500,532.5
2015-06-30,528.1,533.7,526.4,528.2,8398600,528.2
2015-07-01,533.4,533.5,522.5,524.7,9573400,524.7
2015-07-02,525.6,526.3,521.0,525.0,9817400,525.0
2015-07-03,522.5,523.0,518.1,519.6,8874500,519.6
2015-07-06,513.8,516.4,509.5,514.1,7963400,514.1
2015-07-07,510.0,518.6,508.2,515.6,8792500,515.6
2015-07-08,512.2,513.8,501.5,502.1,11742900,502.1
2015-07-09,495.2,502.8,493.0,501.3,15580000,501.3
2015-07-10,501.9,509.5,500.4,505.4,11286600,505.4
2015-07-13,508.7,514.6,504.0,506.1,12360200,506.1
2015-07-14,513.0,526.1,510.1,521.0,13920300,521.0
2015-07-15,526.7,529.9,522.7,527.0,8065700,527.0
2015-07-16,527.0,527.2,518.5,525.4,8752100,525.4
2015-07-17,522.5,524.8,519.0,523.7,4901800,523.7
2015-07-21,529.9,530.0,507.2,510.3,17987200,510.3
2015-07-22,513.5,521.7,511.6,516.4,9746900,516.4
2015-07-23,511.8,512.0,504.5,505.4,14258400,505.4
2015-07-24,509.0,509.3,503.1,504.4,7002200,504.4
2015-07-27,501.5,505.8,499.1,502.7,6332000,502.7
2015-07-28,499.5,503.3,495.6,500.2,6106400,500.2
2015-07-29,506.0,511.0,499.7,500.5,6261900,500.5
2015-07-30,505.3,534.0,505.3,526.7,16246500,526.7
2015-07-31,524.8,529.5,518.9,529.1,12802300,529.1
2015-08-03,521.0,522.1,503.3,505.6,12318500,505.6
2015-08-04,503.4,512.0,499.6,504.7,12542500,504.7
2015-08-05,505.8,510.8,502.2,503.7,12758900,503.7
2015-08-06,503.9,509.8,501.1,506.7,8623700,506.7
2015-08-07,504.0,514.4,504.0,508.3,11073900,508.3
2015-08-10,507.0,512.9,504.3,509.8,10888500,509.8
2015-08-11,520.0,523.8,515.2,517.0,10218300,517.0
2015-08-12,511.1,512.7,506.7,509.8,8939400,509.8
2015-08-13,510.1,513.2,505.1,507.1,9845400,507.1
2015-08-14,502.5,502.6,496.5,498.2,11248900,498.2
2015-08-17,497.1,499.0,495.0,498.0,7610600,498.0
2015-08-18,490.0,490.1,478.2,479.9,20252800,479.9
2015-08-19,479.9,483.6,477.2,478.6,13225600,478.6
2015-08-20,475.0,475.1,464.1,468.3,14262900,468.3
2015-08-21,467.5,474.3,462.5,466.1,21957500,466.1
2015-08-24,454.1,455.8,445.2,447.9,22094500,447.9
2015-08-25,440.0,444.8,426.1,431.4,27400100,431.4
2015-08-26,443.9,449.4,432.0,445.8,20800000,445.8
2015-08-27,450.0,451.4,443.0,443.5,13632800,443.5
2015-08-28,459.5,478.0,456.2,469.0,32802300,469.0
2015-08-31,472.0,472.4,460.0,468.9,13066800,468.9
2015-09-01,470.1,473.6,455.2,455.5,12981200,455.5
2015-09-02,448.0,452.5,441.5,442.1,11086900,442.1
2015-09-03,446.3,452.6,445.0,446.1,8042100,446.1
2015-09-04,447.5,447.6,435.4,440.2,10431400,440.2
2015-09-07,438.5,444.4,435.1,441.8,7612600,441.8
2015-09-08,442.7,453.8,441.9,447.2,10957600,447.2
2015-09-09,468.8,480.8,463.2,479.1,21245000,479.1
2015-09-10,466.0,466.4,452.6,458.8,18115100,458.8
2015-09-11,452.0,456.0,447.7,451.1,16220800,451.1
2015-09-14,447.9,448.1,440.8,446.1,9564100,446.1
2015-09-15,448.4,452.5,441.1,445.5,8604600,445.5
2015-09-16,452.0,454.9,447.5,451.7,7239600,451.7
2015-09-17,459.1,463.0,450.0,453.3,13357000,453.3
2015-09-18,455.1,460.8,449.3,453.4,14693000,453.4
2015-09-24,451.0,460.0,447.1,454.0,20774900,454.0
2015-09-25,454.8,459.2,449.1,457.5,13777200,457.5
2015-09-28,449.1,450.2,440.4,444.8,9502100,444.8
2015-09-29,437.7,437.7,422.5,425.6,14093100,425.6
2015-09-30,427.3,432.1,423.8,430.9,11042100,430.9
2015-10-01,432.0,444.8,430.2,438.7,10075400,438.7
2015-10-02,432.6,439.8,432.4,438.8,7126400,438.8
2015-10-05,445.6,456.4,443.8,450.1,9682000,450.1
2015-10-06,458.3,469.9,455.2,463.6,14418000,463.6
2015-10-07,471.0,482.1,470.1,477.6,17270400,477.6
2015-10-08,474.0,482.7,470.3,479.4,14308000,479.4
2015-10-09,491.0,497.8,490.6,493.3,17689900,493.3
2015-10-13,474.0,489.0,470.4,487.1,14351200,487.1
2015-10-14,481.7,481.9,472.8,478.7,11982000,478.7
2015-10-15,477.1,481.9,473.0,478.8,9445900,478.8
2015-10-16,481.8,489.9,479.9,485.4,10178000,485.4
2015-10-19,485.5,487.2,476.0,480.7,8659100,480.7
2015-10-20,482.0,484.7,470.1,476.4,12026100,476.4
2015-10-21,476.8,488.9,475.4,486.4,9835200,486.4
2015-10-22,482.0,488.9,481.0,483.3,7580900,483.3
2015-10-23,488.8,490.6,482.0,485.8,10735800,485.8
2015-10-26,492.3,492.9,483.3,485.5,8862100,485.5
2015-10-27,482.0,483.9,465.7,466.6,17946800,466.6
2015-10-28,464.6,473.9,462.4,470.3,11589500,470.3
2015-10-29,478.3,480.3,467.5,470.4,21296700,470.4
2015-10-30,473.0,478.0,467.5,476.0,11933600,476.0
2015-11-02,473.0,475.7,468.3,474.2,10739700,474.2
2015-11-04,480.0,498.5,479.7,492.3,22913400,492.3
2015-11-05,484.7,490.8,479.1,480.1,16237600,480.1
2015-11-06,483.2,485.0,470.5,473.5,11918300,473.5
2015-11-09,477.2,479.0,472.2,479.0,10356300,479.0
2015-11-10,471.4,477.5,470.2,473.7,8977800,473.7
2015-11-11,470.6,478.0,469.7,471.7,11644800,471.7
2015-11-12,469.0,473.1,462.7,469.9,9873200,469.9
2015-11-13,465.4,467.9,458.8,462.7,9183700,462.7
2015-11-16,470.7,486.1,470.0,482.1,24507900,482.1
2015-11-17,484.8,501.4,482.2,498.5,25435000,498.5
2015-11-18,497.2,498.4,488.6,493.0,10828900,493.0
2015-11-19,499.0,503.5,492.5,497.2,10994900,497.2
2015-11-20,493.1,499.6,489.2,499.6,10339800,499.6
2015-11-24,497.8,499.1,492.5,497.9,9012200,497.9
2015-11-25,500.6,511.3,500.3,504.0,12130200,504.0
2015-11-26,504.0,508.2,498.6,501.4,9471700,501.4
2015-11-27,503.5,508.5,501.4,503.6,8889300,503.6
2015-11-30,501.2,502.4,495.5,499.3,11739300,499.3
2015-12-01,500.0,506.2,497.7,504.2,8587800,504.2
2015-12-02,504.1,507.4,500.4,503.3,9624700,503.3
2015-12-03,502.4,517.5,499.7,516.8,18783200,516.8
2015-12-04,513.0,517.4,510.5,516.0,14705900,516.0
2015-12-07,515.3,518.4,510.3,517.6,12515000,517.6
2015-12-08,511.7,511.7,496.2,498.2,15147800,498.2
2015-12-09,497.5,511.6,492.2,505.9,14596100,505.9
2015-12-10,507.9,515.4,505.1,509.1,14253100,509.1
2015-12-11,500.0,511.3,499.9,510.3,13094600,510.3
2015-12-14,501.1,502.7,492.2,497.8,13199100,497.8
2015-12-15,493.5,494.8,486.5,486.9,13589800,486.9
2015-12-16,496.6,507.3,496.6,505.0,10960700,505.0
2015-12-17,508.6,514.5,505.9,510.4,12217000,510.4
2015-12-18,508.1,513.1,491.0,491.3,16748100,491.3
2015-12-21,491.1,502.4,491.0,496.8,11387400,496.8
2015-12-22,493.1,498.4,487.5,496.9,8201000,496.9
2015-12-24,504.1,513.9,503.6,506.7,9336200,506.7
2015-12-25,513.4,513.4,503.0,504.4,6515100,504.4
2015-12-28,505.4,509.4,500.0,507.7,5971100,507.7
2015-12-29,503.9,510.5,499.8,509.7,5892100,509.7
2015-12-30,513.0,517.0,508.0,508.4,5874100,508.4
2016-01-04,508.4,517.3,504.4,513.0,12219200,513.0
2016-01-05,508.7,511.5,501.1,504.7,13196900,504.7
2016-01-06,499.1,500.1,482.1,486.5,13686300,486.5
2016-01-07,482.8,484.9,471.9,474.2,16294600,474.2
2016-01-08,469.0,475.2,466.1,467.8,11434400,467.8
2016-01-12,452.6,459.8,441.4,441.6,17651500,441.6
2016-01-13,445.0,449.5,442.3,447.1,11416000,447.1
2016-01-14,436.1,437.4,427.7,435.1,14956500,435.1
2016-01-15,438.7,447.7,431.1,433.6,10955500,433.6
2016-01-18,424.6,432.6,420.1,429.6,8960300,429.6
2016-01-19,429.7,435.0,425.0,434.0,8397900,434.0
2016-01-20,431.6,431.7,410.2,411.3,15464500,411.3
2016-01-21,411.3,419.8,404.8,404.9,13555000,404.9
2016-01-22,421.9,429.3,416.8,428.2,14743400,428.2
2016-01-25,440.6,441.8,433.3,438.0,12398100,438.0
2016-01-26,434.7,437.5,427.7,431.7,12437100,431.7
2016-01-27,439.2,448.5,439.2,446.0,13988200,446.0
2016-01-28,446.3,446.6,435.6,438.1,11520900,438.1
2016-01-29,445.6,460.2,439.0,456.0,19691600,456.0
2016-02-01,459.0,463.9,456.1,458.5,12855400,458.5
2016-02-02,451.1,454.9,439.9,442.5,12421800,442.5
2016-02-03,442.0,460.8,429.2,457.7,27561500,457.7
2016-02-04,466.0,481.0,462.1,468.1,26100900,468.1
2016-02-05,474.8,486.6,472.7,484.2,24988200,484.2
2016-02-08,472.0,477.0,459.8,473.6,12059000,473.6
2016-02-09,449.9,458.8,446.0,452.9,13846700,452.9
2016-02-10,450.9,455.8,436.7,443.2,15550900,443.2
2016-02-12,431.5,446.1,423.6,424.2,16238400,424.2
2016-02-15,440.2,461.5,438.3,456.5,17892800,456.5
2016-02-16,450.6,462.1,450.6,453.9,16381000,453.9
2016-02-17,447.6,448.0,426.3,434.5,18344900,434.5
2016-02-18,456.0,470.9,452.7,462.0,18496300,462.0
2016-02-19,454.0,458.0,441.2,447.0,12463000,447.0
2016-02-22,443.3,449.5,440.1,445.2,9475500,445.2
2016-02-23,456.7,461.7,441.6,442.7,12155000,442.7
2016-02-24,437.0,448.3,436.0,446.8,11424000,446.8
2016-02-25,450.5,456.3,448.1,450.8,11206700,450.8
2016-02-26,453.9,458.3,448.3,453.1,9482800,453.1
2016-02-29,453.9,454.3,439.1,439.1,12258900,439.1
2016-03-01,438.4,443.8,434.0,442.0,9386400,442.0
2016-03-02,453.3,458.6,449.6,457.6,10688900,457.6
2016-03-03,465.6,470.5,464.3,470.5,10322900,470.5
2016-03-04,470.3,480.9,464.6,479.3,10764500,479.3
2016-03-07,475.3,476.4,466.9,469.9,10511300,469.9
2016-03-08,473.7,479.3,460.5,463.7,14108200,463.7
2016-03-09,456.5,458.0,449.0,456.6,16191600,456.6
2016-03-10,463.3,463.4,456.6,458.9,8739200,458.9
2016-03-11,449.7,462.8,449.0,457.8,17757800,457.8
2016-03-14,462.8,464.6,458.2,460.1,7197500,460.1
2016-03-15,459.0,459.6,452.1,456.2,8704600,456.2
2016-03-16,452.1,460.4,446.7,451.7,8876100,451.7
2016-03-17,459.7,462.3,452.9,454.7,9126300,454.7
2016-03-18,458.5,467.4,453.5,457.3,12877500,457.3
2016-03-22,467.0,469.7,454.7,459.2,12533800,459.2
2016-03-23,459.1,460.0,452.0,454.9,8118700,454.9
2016-03-24,450.3,453.0,438.0,443.7,14218200,443.7
2016-03-25,447.8,450.3,442.6,447.2,10516800,447.2
2016-03-28,448.0,449.7,442.5,449.0,11073800,449.0
2016-03-29,444.0,446.7,439.8,441.5,10719400,441.5
2016-03-30,435.0,439.5,428.8,434.1,12888900,434.1
2016-03-31,434.4,438.9,431.2,433.8,10823800,433.8
2016-04-01,437.7,437.8,421.4,423.0,12041800,423.0
2016-04-04,422.6,428.9,421.7,425.1,8268700,425.1
2016-04-05,420.0,423.8,408.5,410.3,12444400,410.3
2016-04-06,414.2,417.6,407.4,408.7,11025400,408.7
2016-04-07,413.6,427.2,413.6,420.6,11953000,420.6
2016-04-08,419.8,435.0,415.1,430.6,13862500,430.6
2016-04-11,432.3,438.8,428.6,436.7,9954600,436.7
2016-04-12,433.7,445.5,431.6,442.4,8153500,442.4
2016-04-13,448.0,454.0,444.0,452.8,9768800,452.8
2016-04-14,458.0,461.9,455.6,459.2,11780100,459.2
2016-04-15,457.4,459.7,453.1,455.2,8075700,455.2
2016-04-18,435.3,456.9,432.4,455.4,15640500,455.4
2016-04-19,462.5,466.8,458.5,463.4,12118900,463.4
2016-04-20,469.0,477.3,467.3,472.1,13210300,472.1
2016-04-21,480.0,483.7,473.6,481.8,10623800,481.8
2016-04-22,476.3,482.8,475.4,481.4,9644100,481.4
2016-04-25,483.0,483.4,474.1,480.5,8356800,480.5
2016-04-26,480.3,482.7,474.0,480.9,6267400,480.9
2016-04-27,483.0,486.8,480.2,481.1,9473200,481.1
2016-04-28,485.1,492.8,468.9,470.6,13125100,470.6
2016-05-02,450.0,460.4,447.1,459.3,10947600,459.3
2016-05-06,454.3,457.1,449.6,452.9,10038500,452.9
2016-05-09,458.0,458.9,449.9,449.9,8310200,449.9
2016-05-10,445.1,451.0,441.0,447.7,10472500,447.7
2016-05-11,450.0,453.4,437.6,442.7,19713500,442.7
2016-05-12,443.4,448.9,440.1,446.2,11341500,446.2
2016-05-13,446.8,448.0,432.8,433.7,14365700,433.7
2016-05-16,430.4,433.9,423.3,425.0,15534200,425.0
2016-05-17,425.0,432.0,424.9,427.4,14622700,427.4
2016-05-18,426.5,437.8,426.1,434.8,14111200,434.8
2016-05-19,432.9,434.0,421.2,422.8,16697300,422.8
2016-05-20,422.8,423.4,418.3,422.3,14255200,422.3
2016-05-23,422.0,426.7,419.5,424.2,11477000,424.2
2016-05-24,424.6,425.1,421.4,422.5,8672900,422.5
2016-05-25,428.0,429.0,423.2,424.2,7191600,424.2
2016-05-26,432.0,434.7,429.5,430.0,9652400,430.0
2016-05-27,433.4,437.5,431.2,432.9,10068000,432.9
2016-05-30,436.0,436.1,431.4,434.3,7749500,434.3
2016-05-31,435.7,435.7,427.0,433.0,20256500,433.0
2016-06-01,430.6,432.5,426.0,427.5,11818600,427.5
2016-06-02,425.3,426.8,419.4,419.5,10822500,419.5
2016-06-03,421.6,424.6,420.0,424.6,9104200,424.6
2016-06-06,419.4,426.5,418.0,426.5,7739500,426.5
2016-06-07,430.6,433.7,429.5,432.8,9008900,432.8
2016-06-08,435.6,442.7,434.0,441.1,11558000,441.1
2016-06-09,442.5,448.8,442.5,445.0,10163100,445.0
2016-06-10,441.9,442.8,428.1,432.0,15108200,432.0
2016-06-13,424.1,425.3,415.9,415.9,10241800,415.9
2016-06-14,418.6,421.7,412.0,413.3,8449300,413.3
2016-06-15,411.3,414.5,406.6,410.2,8928000,410.2
2016-06-16,410.2,413.6,401.4,401.8,13068100,401.8
2016-06-17,404.3,408.1,402.1,404.1,8723000,404.1
2016-06-20,409.8,415.8,408.0,410.0,9410100,410.0
2016-06-21,410.0,417.8,407.0,414.9,11661000,414.9
2016-06-22,415.8,420.6,411.6,412.2,11355900,412.2
2016-06-23,413.7,416.2,410.5,414.5,9783700,414.5
2016-06-24,417.4,417.4,388.0,391.0,18607600,391.0
2016-06-27,396.1,397.0,378.1,383.2,17066700,383.2
2016-06-28,381.9,388.4,376.8,381.6,14177300,381.6
2016-06-29,387.3,393.6,384.1,393.4,17103800,393.4
2016-06-30,398.9,400.9,395.3,398.7,14054200,398.7
2016-07-01,398.7,399.4,391.4,394.6,11538600,394.6
2016-07-04,392.6,398.5,390.1,398.4,7108600,398.4
2016-07-05,393.0,398.0,390.6,398.0,8439200,398.0
2016-07-06,390.0,390.1,379.5,385.2,18116000,385.2
2016-07-07,381.5,384.3,379.3,383.9,8754600,383.9
2016-07-08,383.3,385.5,380.2,381.0,10111400,381.0
2016-07-11,385.4,395.3,385.2,392.2,8640600,392.2
2016-07-12,398.8,403.6,396.1,400.1,10053500,400.1
2016-07-13,404.0,404.1,398.1,399.8,12556900,399.8
2016-07-14,398.0,407.2,396.6,405.2,8101900,405.2
2016-07-15,407.0,408.0,399.0,400.9,11582000,400.9
2016-07-19,404.8,404.9,397.3,402.3,12279100,402.3
2016-07-20,400.7,403.0,396.4,398.6,8012000,398.6
2016-07-21,404.0,405.5,398.8,400.1,9348100,400.1
2016-07-22,397.0,398.6,392.0,395.3,9932800,395.3
2016-07-25,392.0,397.7,388.1,392.6,9799100,392.6
2016-07-26,390.0,390.1,381.7,385.6,13038500,385.6
2016-07-27,388.8,391.4,386.0,389.9,8672200,389.9
2016-07-28,385.9,388.6,383.3,387.3,8185400,387.3
2016-07-29,384.5,390.9,381.7,387.9,11843000,387.9
2016-08-01,386.0,388.0,380.0,385.3,11225600,385.3
2016-08-02,381.0,383.6,376.9,376.9,11666100,376.9
2016-08-03,375.0,378.8,371.1,375.5,16368800,375.5
2016-08-04,378.4,383.3,368.3,370.3,20236700,370.3
2016-08-05,371.0,372.3,361.9,362.9,17800900,362.9
2016-08-08,367.6,367.8,364.4,367.4,9214000,367.4
2016-08-09,368.0,373.5,367.6,373.2,9618900,373.2
2016-08-10,371.9,380.4,370.4,378.0,10977200,378.0
2016-08-12,378.0,381.1,375.5,377.0,12287100,377.0
2016-08-15,377.8,378.5,372.3,373.2,9089200,373.2
2016-08-16,376.8,381.4,376.1,377.2,15835400,377.2
2016-08-17,377.7,390.5,377.5,389.9,13581100,389.9
2016-08-18,392.0,394.8,382.1,382.4,13213600,382.4
2016-08-19,388.0,394.4,385.6,392.7,14922900,392.7
2016-08-22,393.0,395.3,389.6,392.8,9486800,392.8
2016-08-23,386.5,386.8,380.9,383.4,11204500,383.4
2016-08-24,381.0,387.0,380.0,383.7,7125500,383.7
2016-08-25,381.3,381.5,376.3,377.3,8837700,377.3
2016-08-26,377.1,377.4,372.7,372.7,9576500,372.7
2016-08-29,379.7,380.0,373.6,374.8,10342400,374.8
2016-08-30,374.9,380.4,373.2,378.5,8904700,378.5
2016-08-31,381.4,387.9,377.8,386.9,16599400,386.9
2016-09-01,389.1,393.0,385.2,386.1,13777000,386.1
2016-09-02,389.0,393.0,385.0,391.7,10652800,391.7
2016-09-05,398.7,403.1,398.0,398.2,11396100,398.2
2016-09-06,400.6,405.0,399.6,399.7,10320900,399.7
2016-09-07,399.0,408.8,397.5,403.1,15220500,403.1
2016-09-08,400.0,403.7,396.0,400.1,15613900,400.1
2016-09-09,402.3,406.8,400.4,402.5,14866200,402.5
2016-09-12,399.9,405.6,398.9,400.1,13012000,400.1
2016-09-13,401.2,407.8,400.7,403.0,11461800,403.0
2016-09-14,398.7,398.7,392.6,394.2,13397700,394.2
2016-09-15,392.3,392.3,388.1,389.8,10505200,389.8
2016-09-16,391.0,393.8,386.2,392.8,13017000,392.8
2016-09-20,387.4,394.3,386.2,392.9,8735400,392.9
2016-09-21,393.9,400.3,389.1,400.3,11680300,400.3
2016-09-23,401.4,402.5,398.4,401.4,9225200,401.4
2016-09-26,400.0,400.0,394.5,395.4,10732300,395.4
2016-09-27,392.0,404.1,392.0,404.1,12509000,404.1
2016-09-28,393.6,394.7,390.3,393.1,8678600,393.1
2016-09-29,402.9,406.9,402.0,404.8,16875800,404.8
2016-09-30,401.0,407.5,398.1,407.1,12702000,407.1
2016-10-03,406.9,408.4,401.4,402.1,7636700,402.1
2016-10-04,402.5,405.2,400.2,405.2,9715300,405.2
2016-10-05,406.9,407.3,402.7,403.7,9323500,403.7
2016-10-06,407.0,412.0,406.3,407.9,12141500,407.9
2016-10-07,409.0,412.4,408.0,409.8,13315100,409.8
2016-10-11,415.2,419.8,413.4,419.5,17828100,419.5
2016-10-12,415.0,419.5,413.7,414.7,12480000,414.7
2016-10-13,414.4,415.5,407.7,408.9,13304500,408.9
2016-10-14,408.0,416.0,407.3,415.8,12340800,415.8
2016-10-17,415.8,418.3,413.3,415.3,8579700,415.3
2016-10-18,412.6,416.6,410.4,416.6,9425600,416.6
2016-10-19,416.0,418.5,414.3,416.4,10545100,416.4
2016-10-20,418.0,418.9,413.6,415.2,12564000,415.2
2016-10-21,416.1,417.0,413.0,413.8,10986600,413.8
2016-10-24,413.2,414.5,410.5,412.3,8153700,412.3
2016-10-25,413.6,415.9,410.5,411.5,9764400,411.5
2016-10-26,410.0,412.5,407.4,412.5,8434500,412.5
2016-10-27,413.0,416.9,411.7,415.1,10299500,415.1
2016-10-28,417.3,418.6,415.7,418.2,19504900,418.2
2016-10-31,415.0,416.7,411.1,415.9,10339600,415.9
2016-11-01,413.0,413.5,408.8,409.9,9427900,409.9
2016-11-02,405.0,408.1,404.0,407.5,8979400,407.5
2016-11-04,403.5,405.7,401.3,403.7,10532500,403.7
2016-11-07,404.9,407.5,401.8,404.4,8382600,404.4
2016-11-08,404.3,406.2,402.6,405.8,7890400,405.8
2016-11-09,405.0,408.8,383.0,387.4,22109400,387.4
2016-11-10,401.0,404.5,399.3,402.4,14149500,402.4
2016-11-11,407.0,413.0,405.0,410.0,19824300,410.0
2016-11-14,411.0,419.5,409.9,419.5,16707500,419.5
2016-11-15,426.6,428.7,420.3,422.9,16511400,422.9
2016-11-16,429.2,430.6,426.1,429.2,15181600,429.2
2016-11-17,426.2,431.1,426.1,430.5,13956000,430.5
2016-11-18,431.0,435.4,428.0,431.5,13581800,431.5
2016-11-21,434.4,439.5,431.1,439.3,14380200,439.3
2016-11-22,442.2,446.7,442.2,445.2,17785100,445.2
2016-11-24,448.0,449.0,442.0,442.6,13260500,442.6
2016-11-25,443.5,447.1,441.3,445.0,13251900,445.0
2016-11-28,440.8,444.2,436.5,444.1,12241700,444.1
2016-11-29,438.1,445.3,436.3,443.0,11042500,443.0
2016-11-30,442.0,444.5,435.1,436.4,18751100,436.4
2016-12-01,460.4,473.0,456.6,468.9,30358600,468.9
2016-12-02,473.0,474.0,467.8,471.0,17746600,471.0
2016-12-05,470.3,473.7,467.2,472.0,16443300,472.0
2016-12-06,478.1,481.6,474.0,480.9,23831200,480.9
2016-12-07,485.2,489.9,481.7,489.5,19694100,489.5
2016-12-08,499.2,501.3,496.3,500.0,22174700,500.0
2016-12-09,505.0,518.0,504.6,516.4,26424800,516.4
2016-12-12,530.0,531.3,502.4,514.0,18239400,514.0
2016-12-13,511.0,521.2,508.8,521.2,14515000,521.2
2016-12-14,521.8,522.5,510.2,515.9,15345400,515.9
2016-12-15,510.8,510.9,498.1,501.8,21235700,501.8
2016-12-16,502.2,508.3,501.9,506.9,16769200,506.9
2016-12-19,503.3,506.2,500.9,503.4,13356500,503.4
2016-12-20,501.8,502.6,493.6,497.7,17303800,497.7
2016-12-21,496.1,501.3,495.2,499.5,13258600,499.5
2016-12-22,499.9,504.4,496.5,503.7,12532400,503.7
2016-12-26,503.0,504.2,494.2,496.3,10911000,496.3
2016-12-27,495.0,503.0,493.6,496.9,10649100,496.9
2016-12-28,500.0,504.8,497.8,498.8,14660800,498.8
2016-12-29,495.0,495.7,490.2,495.4,11807700,495.4
2016-12-30,492.0,497.4,490.8,494.7,9622000,494.7
2017-01-04,498.0,513.4,497.6,510.0,19079400,510.0
