Date,Open,High,Low,Close,Volume,Adj Close
2008-10-20,412,443.0,404.0,441.0,14848000.0,4410.0
2008-10-21,446,459.0,431.0,439.0,9111000.0,4390.0
2008-10-22,422,423.0,391.0,397.0,12172000.0,3970.0
2008-10-23,358,363.0,344.0,359.0,15350000.0,3590.0
2008-10-24,309,324.0,282.0,291.0,22912000.0,2910.0
2008-10-27,296,314.0,267.0,268.0,17192000.0,2680.0
2008-10-28,270,294.0,263.0,290.0,13014000.0,2900.0
2008-10-29,320,329.0,299.0,316.0,14023000.0,3160.0
2008-10-30,320,338.0,308.0,333.0,12578000.0,3330.0
2008-10-31,338,342.0,315.0,315.0,15827000.0,3150.0
2008-11-04,365,376.0,348.0,374.0,15047000.0,3740.0
2008-11-05,388,403.0,385.0,396.0,12620000.0,3960.0
2008-11-06,381,383.0,364.0,369.0,8113000.0,3690.0
2008-11-07,344,360.0,323.0,350.0,9948000.0,3500.0
2008-11-10,363,375.0,361.0,372.0,6425000.0,3720.0
2008-11-11,364,365.0,348.0,360.0,9550000.0,3600.0
2008-11-12,342,355.0,340.0,345.0,7124000.0,3450.0
2008-11-13,320,324.0,304.0,314.0,10639000.0,3140.0
2008-11-14,329,332.0,291.0,298.0,17708000.0,2980.0
2008-11-17,300,320.0,288.0,313.0,14152000.0,3130.0
2008-11-18,303,305.0,294.0,295.0,6925000.0,2950.0
2008-11-19,294,295.0,270.0,277.0,10103000.0,2770.0
2008-11-20,258,261.0,248.0,253.0,9652000.0,2530.0
2008-11-21,235,263.0,231.0,260.0,11783000.0,2600.0
2008-11-25,270,276.0,261.0,270.0,9961000.0,2700.0
2008-11-26,261,270.0,256.0,259.0,9780000.0,2590.0
2008-11-27,269,280.0,264.0,276.0,8287000.0,2760.0
2008-11-28,270,279.0,267.0,277.0,6397000.0,2770.0
2008-12-01,281,283.0,271.0,272.0,3640000.0,2720.0
2008-12-02,262,269.0,252.0,254.0,5583000.0,2540.0
2008-12-03,258,264.0,252.0,258.0,5443000.0,2580.0
2008-12-04,270,274.0,263.0,265.0,10006000.0,2650.0
2008-12-05,266,269.0,256.0,258.0,6595000.0,2580.0
2008-12-08,268,279.0,267.0,279.0,5416000.0,2790.0
2008-12-09,293,308.0,291.0,307.0,14672000.0,3070.0
2008-12-10,298,310.0,292.0,306.0,8477000.0,3060.0
2008-12-11,315,330.0,309.0,330.0,8570000.0,3300.0
2008-12-12,325,330.0,299.0,310.0,10743000.0,3100.0
2008-12-15,322,333.0,322.0,328.0,5522000.0,3280.0
2008-12-16,318,323.0,305.0,314.0,5362000.0,3140.0
2008-12-17,309,312.0,291.0,296.0,7094000.0,2960.0
2008-12-18,297,306.0,289.0,300.0,5897000.0,3000.0
2008-12-19,290,303.0,285.0,296.0,6966000.0,2960.0
2008-12-22,286,289.0,276.0,288.0,7703000.0,2880.0
2008-12-24,278,281.0,272.0,276.0,3396000.0,2760.0
2008-12-25,275,286.0,274.0,286.0,2190000.0,2860.0
2008-12-26,289,297.0,284.0,293.0,6670000.0,2930.0
2008-12-29,292,293.0,286.0,290.0,2490000.0,2900.0
2008-12-30,284,292.0,284.0,291.0,1679000.0,2910.0
2009-01-05,299,299.0,286.0,288.0,4096000.0,2880.0
2009-01-06,290,318.0,288.0,314.0,22596000.0,3140.0
2009-01-07,311,330.0,311.0,327.0,17878000.0,3270.0
2009-01-08,326,340.0,316.0,319.0,14749000.0,3190.0
2009-01-09,324,324.0,299.0,306.0,11618000.0,3060.0
2009-01-13,299,299.0,288.0,290.0,6287000.0,2900.0
2009-01-14,292,301.0,292.0,296.0,6993000.0,2960.0
2009-01-15,278,283.0,276.0,279.0,6844000.0,2790.0
2009-01-16,284,291.0,276.0,286.0,10541000.0,2860.0
2009-01-19,293,297.0,281.0,281.0,7321000.0,2810.0
2009-01-20,279,281.0,265.0,270.0,7006000.0,2700.0
2009-01-21,261,276.0,259.0,264.0,8030000.0,2640.0
2009-01-22,266,267.0,251.0,256.0,8766000.0,2560.0
2009-01-23,252,255.0,244.0,246.0,6467000.0,2460.0
2009-01-26,240,241.0,218.0,218.0,16579000.0,2180.0
2009-01-27,228,246.0,225.0,244.0,17922000.0,2440.0
2009-01-28,241,257.0,230.0,252.0,16637000.0,2520.0
2009-01-29,264,268.0,257.0,261.0,14021000.0,2610.0
2009-01-30,232,236.0,222.0,224.0,23125000.0,2240.0
2009-02-02,229,236.0,223.0,226.0,14155000.0,2260.0
2009-02-03,224,233.0,223.0,226.0,5853000.0,2260.0
2009-02-04,230,238.0,229.0,236.0,5996000.0,2360.0
2009-02-05,229,242.0,228.0,235.0,5565000.0,2350.0
2009-02-06,245,246.0,235.0,236.0,5563000.0,2360.0
2009-02-09,241,242.0,226.0,229.0,5366000.0,2290.0
2009-02-10,236,237.0,226.0,230.0,4927000.0,2300.0
2009-02-12,225,232.0,223.0,227.0,3935000.0,2270.0
2009-02-13,228,230.0,224.0,226.0,10024000.0,2260.0
2009-02-16,230,239.0,229.0,234.0,5243000.0,2340.0
2009-02-17,230,232.0,223.0,226.0,7910000.0,2260.0
2009-02-18,220,227.0,218.0,224.0,5453000.0,2240.0
2009-02-19,227,228.0,220.0,225.0,4124000.0,2250.0
2009-02-20,222,234.0,218.0,220.0,8742000.0,2200.0
2009-02-23,210,213.0,201.0,206.0,7173000.0,2060.0
2009-02-24,198,201.0,192.0,200.0,9584000.0,2000.0
2009-02-25,209,209.0,197.0,203.0,6655000.0,2030.0
2009-02-26,201,216.0,201.0,208.0,6599000.0,2080.0
2009-02-27,204,205.0,194.0,197.0,9619000.0,1970.0
2009-03-02,192,194.0,187.0,194.0,6264000.0,1940.0
2009-03-03,186,197.0,184.0,194.0,5797000.0,1940.0
2009-03-04,189,203.0,189.0,199.0,6038000.0,1990.0
2009-03-05,205,209.0,202.0,204.0,7290000.0,2040.0
2009-03-06,196,203.0,190.0,193.0,6879000.0,1930.0
2009-03-09,192,194.0,188.0,188.0,6237000.0,1880.0
2009-03-10,189,189.0,183.0,184.0,5765000.0,1840.0
2009-03-11,192,193.0,188.0,188.0,4634000.0,1880.0
2009-03-12,187,191.0,185.0,189.0,4807000.0,1890.0
2009-03-13,192,198.0,189.0,198.0,9707000.0,1980.0
2009-03-16,196,208.0,195.0,205.0,8436000.0,2050.0
2009-03-17,208,209.0,202.0,205.0,6253000.0,2050.0
2009-03-18,212,217.0,206.0,208.0,6895000.0,2080.0
2009-03-19,213,219.0,207.0,211.0,8080000.0,2110.0
2009-03-23,216,231.0,213.0,229.0,9235000.0,2290.0
2009-03-24,237,243.0,235.0,239.0,12410000.0,2390.0
2009-03-25,240,243.0,235.0,239.0,6752000.0,2390.0
2009-03-26,242,254.0,240.0,252.0,7084000.0,2520.0
2009-03-27,256,278.0,256.0,267.0,15017000.0,2670.0
2009-03-30,272,282.0,258.0,263.0,21560000.0,2630.0
2009-03-31,257,261.0,242.0,242.0,11219000.0,2420.0
2009-04-01,246,259.0,244.0,259.0,11367000.0,2590.0
2009-04-02,274,287.0,271.0,286.0,15476000.0,2860.0
2009-04-03,301,302.0,287.0,287.0,12451000.0,2870.0
2009-04-06,299,311.0,296.0,306.0,11858000.0,3060.0
2009-04-07,306,311.0,298.0,301.0,7338000.0,3010.0
2009-04-08,286,286.0,274.0,280.0,12168000.0,2800.0
2009-04-09,288,299.0,286.0,298.0,7221000.0,2980.0
2009-04-10,300,301.0,283.0,292.0,9977000.0,2920.0
2009-04-13,291,300.0,285.0,292.0,8725000.0,2920.0
2009-04-14,291,295.0,276.0,279.0,13549000.0,2790.0
2009-04-15,275,275.0,265.0,269.0,9608000.0,2690.0
2009-04-16,277,285.0,269.0,272.0,6694000.0,2720.0
2009-04-17,280,283.0,276.0,281.0,6849000.0,2810.0
2009-04-20,279,288.0,279.0,286.0,4129000.0,2860.0
2009-04-21,272,278.0,270.0,276.0,6047000.0,2760.0
2009-04-22,279,291.0,278.0,287.0,8952000.0,2870.0
2009-04-23,288,294.0,283.0,291.0,10624000.0,2910.0
2009-04-24,293,303.0,287.0,297.0,11785000.0,2970.0
2009-04-27,298,302.0,286.0,288.0,6882000.0,2880.0
2009-04-28,286,292.0,269.0,270.0,5810000.0,2700.0
2009-04-30,280,281.0,272.0,277.0,4774000.0,2770.0
2009-05-01,274,284.0,272.0,281.0,4986000.0,2810.0
2009-05-07,296,302.0,293.0,302.0,8179000.0,3020.0
2009-05-08,303,315.0,300.0,313.0,12792000.0,3130.0
2009-05-11,317,321.0,303.0,308.0,8661000.0,3080.0
2009-05-12,309,319.0,308.0,312.0,6237000.0,3120.0
2009-05-13,309,312.0,297.0,299.0,6399000.0,2990.0
2009-05-14,290,291.0,283.0,286.0,6043000.0,2860.0
2009-05-15,287,293.0,287.0,293.0,3269000.0,2930.0
2009-05-18,286,290.0,282.0,284.0,3423000.0,2840.0
2009-05-19,297,303.0,293.0,295.0,7370000.0,2950.0
2009-05-20,305,310.0,267.0,268.0,34435000.0,2680.0
2009-05-21,268,269.0,261.0,265.0,14811000.0,2650.0
2009-05-22,255,261.0,254.0,256.0,12632000.0,2560.0
2009-05-25,257,261.0,247.0,251.0,13634000.0,2510.0
2009-05-26,251,265.0,249.0,264.0,17395000.0,2640.0
2009-05-27,267,273.0,262.0,264.0,13465000.0,2640.0
2009-05-28,261,267.0,261.0,266.0,4834000.0,2660.0
2009-05-29,272,273.0,269.0,273.0,7248000.0,2730.0
2009-06-01,270,276.0,269.0,275.0,6986000.0,2750.0
2009-06-02,283,283.0,277.0,277.0,7862000.0,2770.0
2009-06-03,280,284.0,278.0,282.0,7334000.0,2820.0
2009-06-04,284,298.0,283.0,290.0,13878000.0,2900.0
2009-06-05,300,310.0,299.0,306.0,16093000.0,3060.0
2009-06-08,310,314.0,309.0,312.0,9657000.0,3120.0
2009-06-09,310,311.0,302.0,308.0,7674000.0,3080.0
2009-06-10,304,307.0,299.0,307.0,8803000.0,3070.0
2009-06-11,307,307.0,301.0,303.0,7016000.0,3030.0
2009-06-12,307,310.0,303.0,307.0,11116000.0,3070.0
2009-06-15,311,314.0,308.0,308.0,5780000.0,3080.0
2009-06-16,305,305.0,294.0,297.0,6943000.0,2970.0
2009-06-17,292,300.0,288.0,297.0,7405000.0,2970.0
2009-06-18,292,293.0,285.0,288.0,4635000.0,2880.0
2009-06-19,293,298.0,283.0,284.0,6933000.0,2840.0
2009-06-22,280,286.0,277.0,283.0,4936000.0,2830.0
2009-06-23,274,275.0,268.0,270.0,6079000.0,2700.0
2009-06-24,271,274.0,270.0,271.0,5878000.0,2710.0
2009-06-25,276,290.0,275.0,286.0,8739000.0,2860.0
2009-06-26,290,292.0,284.0,287.0,6428000.0,2870.0
2009-06-29,287,295.0,282.0,284.0,6215000.0,2840.0
2009-06-30,287,291.0,282.0,282.0,7686000.0,2820.0
2009-07-01,281,294.0,280.0,288.0,7298000.0,2880.0
2009-07-02,288,289.0,280.0,281.0,4307000.0,2810.0
2009-07-03,274,278.0,271.0,276.0,5532000.0,2760.0
2009-07-06,275,277.0,270.0,270.0,3800000.0,2700.0
2009-07-07,273,276.0,261.0,262.0,7795000.0,2620.0
2009-07-08,254,255.0,251.0,253.0,5159000.0,2530.0
2009-07-09,250,253.0,246.0,248.0,5453000.0,2480.0
2009-07-10,253,258.0,249.0,250.0,6460000.0,2500.0
2009-07-13,245,246.0,231.0,233.0,7905000.0,2330.0
2009-07-14,243,250.0,241.0,248.0,7009000.0,2480.0
2009-07-15,248,248.0,241.0,244.0,7358000.0,2440.0
2009-07-16,253,253.0,241.0,243.0,4969000.0,2430.0
2009-07-17,247,249.0,244.0,248.0,3737000.0,2480.0
2009-07-21,252,267.0,252.0,266.0,8248000.0,2660.0
2009-07-22,271,280.0,268.0,278.0,12513000.0,2780.0
2009-07-23,273,278.0,269.0,277.0,7299000.0,2770.0
2009-07-24,282,283.0,275.0,280.0,7821000.0,2800.0
2009-07-27,283,286.0,278.0,280.0,4417000.0,2800.0
2009-07-28,283,284.0,273.0,280.0,4382000.0,2800.0
2009-07-29,275,277.0,273.0,274.0,2511000.0,2740.0
2009-07-30,274,279.0,272.0,279.0,3736000.0,2790.0
2009-07-31,284,284.0,279.0,283.0,3460000.0,2830.0
2009-08-03,285,287.0,281.0,287.0,4783000.0,2870.0
2009-08-04,290,293.0,280.0,282.0,6587000.0,2820.0
2009-08-05,283,283.0,276.0,278.0,3085000.0,2780.0
2009-08-06,279,314.0,279.0,308.0,30910000.0,3080.0
2009-08-07,312,320.0,308.0,319.0,22903000.0,3190.0
2009-08-10,315,327.0,312.0,325.0,11732000.0,3250.0
2009-08-11,344,357.0,343.0,355.0,29945000.0,3550.0
2009-08-12,353,372.0,349.0,359.0,27909000.0,3590.0
2009-08-13,354,367.0,352.0,357.0,17869000.0,3570.0
2009-08-14,359,374.0,355.0,367.0,12173000.0,3670.0
2009-08-17,372,373.0,362.0,362.0,7457000.0,3620.0
2009-08-18,357,368.0,357.0,365.0,8121000.0,3650.0
2009-08-19,365,374.0,356.0,358.0,6729000.0,3580.0
2009-08-20,357,369.0,349.0,365.0,13345000.0,3650.0
2009-08-21,358,362.0,345.0,349.0,12020000.0,3490.0
2009-08-24,358,359.0,353.0,355.0,6095000.0,3550.0
2009-08-25,355,367.0,352.0,361.0,12932000.0,3610.0
2009-08-26,362,365.0,356.0,360.0,7902000.0,3600.0
2009-08-27,340,343.0,330.0,334.0,28779000.0,3340.0
2009-08-28,330,333.0,322.0,330.0,15781000.0,3300.0
2009-08-31,334,335.0,325.0,326.0,5757000.0,3260.0
2009-09-01,334,340.0,332.0,337.0,13634000.0,3370.0
2009-09-02,328,330.0,322.0,327.0,12625000.0,3270.0
2009-09-03,324,326.0,314.0,315.0,9804000.0,3150.0
2009-09-04,320,322.0,316.0,318.0,7277000.0,3180.0
2009-09-07,323,330.0,322.0,330.0,8429000.0,3300.0
2009-09-08,333,333.0,324.0,327.0,4584000.0,3270.0
2009-09-09,331,348.0,330.0,337.0,24385000.0,3370.0
2009-09-10,334,342.0,333.0,341.0,9745000.0,3410.0
2009-09-11,341,344.0,333.0,334.0,9000000.0,3340.0
2009-09-14,329,330.0,318.0,319.0,5900000.0,3190.0
2009-09-15,317,320.0,311.0,311.0,5941000.0,3110.0
2009-09-16,314,317.0,310.0,310.0,8550000.0,3100.0
2009-09-17,318,318.0,310.0,315.0,6792000.0,3150.0
2009-09-18,315,319.0,311.0,318.0,7564000.0,3180.0
2009-09-24,314,319.0,311.0,314.0,5748000.0,3140.0
2009-09-25,301,306.0,301.0,304.0,8118000.0,3040.0
2009-09-28,295,296.0,288.0,289.0,9898000.0,2890.0
2009-09-29,295,301.0,288.0,295.0,7478000.0,2950.0
2009-09-30,298,301.0,290.0,300.0,5072000.0,3000.0
2009-10-01,296,300.0,293.0,296.0,3567000.0,2960.0
2009-10-02,286,289.0,281.0,283.0,6653000.0,2830.0
2009-10-05,284,302.0,277.0,289.0,12508000.0,2890.0
2009-10-06,291,298.0,287.0,292.0,7141000.0,2920.0
2009-10-07,292,303.0,291.0,299.0,7405000.0,2990.0
2009-10-08,300,312.0,296.0,308.0,7265000.0,3080.0
2009-10-09,305,308.0,301.0,303.0,6458000.0,3030.0
2009-10-13,304,305.0,297.0,302.0,4700000.0,3020.0
2009-10-14,302,303.0,289.0,302.0,6734000.0,3020.0
2009-10-15,305,309.0,303.0,306.0,4533000.0,3060.0
2009-10-16,307,308.0,298.0,301.0,4238000.0,3010.0
2009-10-19,296,299.0,289.0,292.0,7203000.0,2920.0
2009-10-20,293,297.0,290.0,293.0,10194000.0,2930.0
2009-10-21,294,301.0,294.0,296.0,6474000.0,2960.0
2009-10-22,296,297.0,288.0,291.0,6397000.0,2910.0
2009-10-23,293,295.0,290.0,291.0,6244000.0,2910.0
2009-10-26,293,300.0,292.0,300.0,5064000.0,3000.0
2009-10-27,292,300.0,288.0,290.0,7366000.0,2900.0
2009-10-28,291,293.0,280.0,283.0,7103000.0,2830.0
2009-10-29,273,276.0,268.0,268.0,9749000.0,2680.0
2009-10-30,270,274.0,267.0,274.0,7164000.0,2740.0
2009-11-02,265,267.0,262.0,264.0,6397000.0,2640.0
2009-11-04,261,264.0,257.0,258.0,6079000.0,2580.0
2009-11-05,261,267.0,258.0,261.0,6584000.0,2610.0
2009-11-06,269,274.0,269.0,271.0,9978000.0,2710.0
2009-11-09,266,273.0,265.0,267.0,4801000.0,2670.0
2009-11-10,276,286.0,275.0,281.0,10553000.0,2810.0
2009-11-11,281,289.0,275.0,279.0,10475000.0,2790.0
2009-11-12,282,288.0,276.0,279.0,8034000.0,2790.0
2009-11-13,274,279.0,255.0,256.0,17858000.0,2560.0
2009-11-16,259,260.0,246.0,250.0,9134000.0,2500.0
2009-11-17,252,253.0,237.0,239.0,10765000.0,2390.0
2009-11-18,239,240.0,233.0,237.0,5883000.0,2370.0
2009-11-19,238,239.0,234.0,234.0,4554000.0,2340.0
2009-11-20,236,239.0,225.0,229.0,13456000.0,2290.0
2009-11-24,235,237.0,229.0,232.0,6990000.0,2320.0
2009-11-25,237,241.0,228.0,233.0,9990000.0,2330.0
2009-11-26,227,230.0,222.0,223.0,8119000.0,2230.0
2009-11-27,213,214.0,206.0,208.0,16496000.0,2080.0
2009-11-30,216,220.0,213.0,219.0,9613000.0,2190.0
2009-12-01,221,228.0,216.0,227.0,9101000.0,2270.0
2009-12-02,231,235.0,229.0,232.0,9540000.0,2320.0
2009-12-03,243,257.0,240.0,256.0,15704000.0,2560.0
2009-12-04,255,259.0,250.0,257.0,11046000.0,2570.0
2009-12-07,262,266.0,261.0,264.0,7924000.0,2640.0
2009-12-08,257,259.0,254.0,256.0,6432000.0,2560.0
2009-12-09,248,252.0,246.0,250.0,6784000.0,2500.0
2009-12-10,245,254.0,245.0,246.0,6674000.0,2460.0
2009-12-11,251,255.0,246.0,255.0,6175000.0,2550.0
2009-12-14,257,257.0,252.0,255.0,3368000.0,2550.0
2009-12-15,252,255.0,248.0,248.0,4022000.0,2480.0
2009-12-16,250,254.0,249.0,253.0,4753000.0,2530.0
2009-12-17,254,255.0,248.0,249.0,3349000.0,2490.0
2009-12-18,245,251.0,243.0,251.0,3923000.0,2510.0
2009-12-21,255,257.0,254.0,256.0,3503000.0,2560.0
2009-12-22,260,268.0,259.0,265.0,7754000.0,2650.0
2009-12-24,270,271.0,264.0,266.0,7038000.0,2660.0
2009-12-25,269,269.0,263.0,266.0,4440000.0,2660.0
2009-12-28,269,274.0,268.0,271.0,4102000.0,2710.0
2009-12-29,270,272.0,266.0,269.0,5906000.0,2690.0
2009-12-30,266,269.0,263.0,265.0,3624000.0,2650.0
2010-01-04,264,264.0,259.0,262.0,4381000.0,2620.0
2010-01-05,265,266.0,259.0,260.0,4560000.0,2600.0
2010-01-06,262,266.0,261.0,263.0,5879000.0,2630.0
2010-01-07,261,263.0,259.0,259.0,9337000.0,2590.0
2010-01-08,263,264.0,261.0,263.0,5734000.0,2630.0
2010-01-12,266,274.0,264.0,269.0,8429000.0,2690.0
2010-01-13,270,275.0,268.0,271.0,8299000.0,2710.0
2010-01-14,273,276.0,271.0,274.0,7134000.0,2740.0
2010-01-15,276,286.0,275.0,279.0,14066000.0,2790.0
2010-01-18,277,282.0,274.0,279.0,10176000.0,2790.0
2010-01-19,277,279.0,269.0,271.0,7325000.0,2710.0
2010-01-20,275,277.0,268.0,271.0,9137000.0,2710.0
2010-01-21,265,270.0,264.0,266.0,13364000.0,2660.0
2010-01-22,262,262.0,252.0,257.0,18438000.0,2570.0
2010-01-25,251,253.0,246.0,250.0,16890000.0,2500.0
2010-01-26,248,252.0,240.0,242.0,9788000.0,2420.0
2010-01-27,244,246.0,239.0,241.0,7910000.0,2410.0
2010-01-28,243,244.0,237.0,238.0,8258000.0,2380.0
2010-01-29,236,237.0,232.0,234.0,6842000.0,2340.0
2010-02-01,234,237.0,230.0,232.0,6584000.0,2320.0
2010-02-02,235,243.0,235.0,241.0,10020000.0,2410.0
2010-02-03,242,244.0,239.0,242.0,6061000.0,2420.0
2010-02-04,242,243.0,236.0,239.0,4766000.0,2390.0
2010-02-05,230,231.0,226.0,228.0,9524000.0,2280.0
2010-02-08,226,229.0,221.0,223.0,8827000.0,2230.0
2010-02-09,225,229.0,222.0,225.0,8831000.0,2250.0
2010-02-10,231,232.0,228.0,230.0,6330000.0,2300.0
2010-02-12,235,239.0,233.0,235.0,6911000.0,2350.0
2010-02-15,236,237.0,229.0,231.0,3411000.0,2310.0
2010-02-16,229,232.0,228.0,231.0,3030000.0,2310.0
2010-02-17,236,238.0,235.0,235.0,4202000.0,2350.0
2010-02-18,242,247.0,237.0,239.0,10741000.0,2390.0
2010-02-19,240,243.0,233.0,234.0,6046000.0,2340.0
2010-02-22,239,242.0,238.0,241.0,5843000.0,2410.0
2010-02-23,241,241.0,235.0,238.0,6669000.0,2380.0
2010-02-24,234,244.0,233.0,241.0,9558000.0,2410.0
2010-02-25,239,241.0,232.0,235.0,9541000.0,2350.0
2010-02-26,233,240.0,233.0,238.0,4887000.0,2380.0
2010-03-01,237,239.0,234.0,236.0,5496000.0,2360.0
2010-03-02,234,236.0,228.0,230.0,8246000.0,2300.0
2010-03-03,229,235.0,228.0,235.0,9257000.0,2350.0
2010-03-04,232,236.0,231.0,234.0,4541000.0,2340.0
2010-03-05,239,243.0,238.0,241.0,8167000.0,2410.0
2010-03-08,247,248.0,244.0,246.0,5086000.0,2460.0
2010-03-09,245,246.0,242.0,244.0,4485000.0,2440.0
2010-03-10,245,247.0,244.0,246.0,2760000.0,2460.0
2010-03-11,249,252.0,248.0,248.0,6823000.0,2480.0
2010-03-12,256,263.0,253.0,260.0,17050000.0,2600.0
2010-03-15,265,272.0,264.0,267.0,15183000.0,2670.0
2010-03-16,265,271.0,265.0,267.0,6417000.0,2670.0
2010-03-17,268,270.0,266.0,269.0,3785000.0,2690.0
2010-03-18,271,271.0,263.0,265.0,6879000.0,2650.0
2010-03-19,267,268.0,264.0,265.0,3921000.0,2650.0
2010-03-23,264,265.0,262.0,263.0,3525000.0,2630.0
2010-03-24,264,268.0,262.0,267.0,5316000.0,2670.0
2010-03-25,268,268.0,262.0,264.0,3543000.0,2640.0
2010-03-26,268,269.0,263.0,267.0,6950000.0,2670.0
2010-03-29,264,267.0,263.0,266.0,4798000.0,2660.0
2010-03-30,267,275.0,266.0,273.0,8673000.0,2730.0
2010-03-31,278,278.0,271.0,276.0,9820000.0,2760.0
2010-04-01,279,279.0,273.0,277.0,4365000.0,2770.0
2010-04-02,282,286.0,278.0,283.0,10157000.0,2830.0
2010-04-05,284,286.0,282.0,284.0,4409000.0,2840.0
2010-04-06,285,286.0,275.0,277.0,8500000.0,2770.0
2010-04-07,275,275.0,267.0,273.0,7742000.0,2730.0
2010-04-08,270,271.0,268.0,270.0,5056000.0,2700.0
2010-04-09,269,273.0,269.0,272.0,3813000.0,2720.0
2010-04-12,279,281.0,276.0,277.0,8151000.0,2770.0
2010-04-13,276,277.0,273.0,276.0,3380000.0,2760.0
2010-04-14,277,284.0,277.0,281.0,6264000.0,2810.0
2010-04-15,283,284.0,280.0,282.0,5922000.0,2820.0
2010-04-16,293,296.0,287.0,287.0,17903000.0,2870.0
2010-04-19,283,288.0,282.0,285.0,6674000.0,2850.0
2010-04-20,285,286.0,278.0,282.0,7244000.0,2820.0
2010-04-21,284,287.0,282.0,285.0,6995000.0,2850.0
2010-04-22,283,284.0,277.0,283.0,4807000.0,2830.0
2010-04-23,282,282.0,278.0,280.0,5605000.0,2800.0
2010-04-26,284,294.0,284.0,291.0,9603000.0,2910.0
2010-04-27,293,311.0,293.0,308.0,17533000.0,3080.0
2010-04-28,298,309.0,297.0,306.0,15613000.0,3060.0
2010-04-30,311,319.0,310.0,311.0,11839000.0,3110.0
2010-05-06,303,306.0,294.0,296.0,11496000.0,2960.0
2010-05-07,276,280.0,272.0,276.0,18740000.0,2760.0
2010-05-10,275,282.0,275.0,276.0,13763000.0,2760.0
2010-05-11,285,290.0,273.0,276.0,14627000.0,2760.0
2010-05-12,278,289.0,278.0,279.0,12970000.0,2790.0
2010-05-13,281,286.0,277.0,277.0,10400000.0,2770.0
2010-05-14,271,278.0,270.0,278.0,11024000.0,2780.0
2010-05-17,270,270.0,250.0,254.0,25142000.0,2540.0
2010-05-18,258,260.0,251.0,252.0,10297000.0,2520.0
2010-05-19,242,247.0,236.0,244.0,18664000.0,2440.0
2010-05-20,244,251.0,241.0,242.0,11319000.0,2420.0
2010-05-21,234,241.0,233.0,240.0,11398000.0,2400.0
2010-05-24,237,241.0,235.0,239.0,9084000.0,2390.0
2010-05-25,240,243.0,230.0,234.0,11226000.0,2340.0
2010-05-26,239,243.0,231.0,234.0,11195000.0,2340.0
2010-05-27,232,242.0,231.0,240.0,11736000.0,2400.0
2010-05-28,247,248.0,236.0,240.0,10987000.0,2400.0
2010-05-31,237,245.0,235.0,238.0,10892000.0,2380.0
2010-06-01,236,239.0,232.0,237.0,9213000.0,2370.0
2010-06-02,235,238.0,230.0,233.0,13469000.0,2330.0
2010-06-03,237,242.0,236.0,241.0,9894000.0,2410.0
2010-06-04,248,252.0,245.0,246.0,11452000.0,2460.0
2010-06-07,238,238.0,234.0,235.0,6419000.0,2350.0
2010-06-08,232,238.0,230.0,236.0,10249000.0,2360.0
2010-06-09,236,236.0,226.0,230.0,9852000.0,2300.0
2010-06-10,230,232.0,225.0,232.0,6730000.0,2320.0
2010-06-11,235,240.0,233.0,238.0,11964000.0,2380.0
2010-06-14,244,249.0,243.0,247.0,5529000.0,2470.0
2010-06-15,248,250.0,246.0,246.0,4256000.0,2460.0
2010-06-16,252,253.0,248.0,249.0,4888000.0,2490.0
2010-06-17,246,248.0,242.0,245.0,5314000.0,2450.0
2010-06-18,248,249.0,243.0,244.0,2103000.0,2440.0
2010-06-21,247,251.0,246.0,249.0,4444000.0,2490.0
2010-06-22,252,253.0,247.0,249.0,4957000.0,2490.0
2010-06-23,246,246.0,240.0,242.0,6430000.0,2420.0
2010-06-24,241,245.0,240.0,243.0,2594000.0,2430.0
2010-06-25,237,237.0,229.0,232.0,7222000.0,2320.0
2010-06-28,230,231.0,225.0,227.0,5085000.0,2270.0
2010-06-29,226,228.0,222.0,224.0,8441000.0,2240.0
2010-06-30,217,220.0,213.0,220.0,5616000.0,2200.0
2010-07-01,216,218.0,213.0,215.0,4852000.0,2150.0
2010-07-02,216,220.0,215.0,218.0,5580000.0,2180.0
2010-07-05,217,220.0,216.0,216.0,4821000.0,2160.0
2010-07-06,212,216.0,208.0,216.0,10817000.0,2160.0
2010-07-07,216,218.0,209.0,213.0,8007000.0,2130.0
2010-07-08,219,227.0,217.0,222.0,11173000.0,2220.0
2010-07-09,223,227.0,219.0,225.0,9142000.0,2250.0
2010-07-12,227,231.0,223.0,224.0,7944000.0,2240.0
2010-07-13,224,227.0,223.0,225.0,5214000.0,2250.0
2010-07-14,230,234.0,230.0,233.0,5929000.0,2330.0
2010-07-15,231,233.0,229.0,232.0,3701000.0,2320.0
2010-07-16,228,229.0,220.0,222.0,6631000.0,2220.0
2010-07-20,218,221.0,213.0,218.0,4864000.0,2180.0
2010-07-21,223,223.0,210.0,213.0,6740000.0,2130.0
2010-07-22,208,209.0,205.0,207.0,7891000.0,2070.0
2010-07-23,212,215.0,209.0,213.0,6256000.0,2130.0
2010-07-26,215,217.0,214.0,215.0,5033000.0,2150.0
2010-07-27,215,216.0,212.0,213.0,3228000.0,2130.0
2010-07-28,217,222.0,216.0,219.0,8250000.0,2190.0
2010-07-29,218,219.0,216.0,218.0,2549000.0,2180.0
2010-07-30,218,218.0,212.0,213.0,4849000.0,2130.0
2010-08-02,214,215.0,210.0,211.0,2875000.0,2110.0
2010-08-03,215,216.0,213.0,214.0,2903000.0,2140.0
2010-08-04,211,212.0,209.0,211.0,3754000.0,2110.0
2010-08-05,212,216.0,211.0,215.0,6817000.0,2150.0
2010-08-06,220,232.0,218.0,227.0,33695000.0,2270.0
2010-08-09,228,242.0,228.0,234.0,26797000.0,2340.0
2010-08-10,232,238.0,230.0,234.0,12503000.0,2340.0
2010-08-11,230,232.0,226.0,229.0,10333000.0,2290.0
2010-08-12,222,228.0,220.0,227.0,10089000.0,2270.0
2010-08-13,229,233.0,224.0,231.0,9407000.0,2310.0
2010-08-16,227,229.0,223.0,229.0,6361000.0,2290.0
2010-08-17,225,225.0,221.0,224.0,8883000.0,2240.0
2010-08-18,229,230.0,224.0,225.0,7000000.0,2250.0
2010-08-19,223,223.0,215.0,217.0,16623000.0,2170.0
2010-08-20,215,215.0,200.0,203.0,44513000.0,2030.0
2010-08-23,202,202.0,196.0,200.0,30040000.0,2000.0
2010-08-24,198,201.0,191.0,199.0,68576000.0,1990.0
2010-08-25,194,195.0,187.0,189.0,40503000.0,1890.0
2010-08-26,188,189.0,183.0,185.0,14914000.0,1850.0
2010-08-27,184,189.0,181.0,187.0,16882000.0,1870.0
2010-08-30,190,193.0,189.0,190.0,12674000.0,1900.0
2010-08-31,187,188.0,184.0,184.0,6985000.0,1840.0
2010-09-01,184,188.0,184.0,187.0,8632000.0,1870.0
2010-09-02,190,190.0,186.0,188.0,11571000.0,1880.0
2010-09-03,187,187.0,184.0,186.0,12084000.0,1860.0
2010-09-06,185,190.0,184.0,189.0,24239000.0,1890.0
2010-09-07,190,197.0,189.0,191.0,46718000.0,1910.0
2010-09-08,188,191.0,183.0,187.0,76401000.0,1870.0
2010-09-09,189,190.0,184.0,187.0,65372000.0,1870.0
2010-09-10,186,187.0,183.0,183.0,25051000.0,1830.0
2010-09-13,184,185.0,181.0,181.0,24034000.0,1810.0
2010-09-14,181,182.0,179.0,180.0,26325000.0,1800.0
2010-09-15,180,183.0,179.0,180.0,28279000.0,1800.0
2010-09-16,185,186.0,183.0,184.0,90954000.0,1840.0
2010-09-17,184,193.0,183.0,191.0,50980000.0,1910.0
2010-09-21,194,195.0,187.0,188.0,24413000.0,1880.0
2010-09-22,186,190.0,186.0,187.0,16765000.0,1870.0
2010-09-24,186,187.0,182.0,184.0,20701000.0,1840.0
2010-09-27,185,186.0,181.0,183.0,16077000.0,1830.0
2010-09-28,182,184.0,179.0,183.0,17437000.0,1830.0
2010-09-29,182,185.0,182.0,185.0,12982000.0,1850.0
2010-09-30,185,186.0,181.0,182.0,13687000.0,1820.0
2010-10-01,183,184.0,167.0,172.0,48470000.0,1720.0
2010-10-04,172,176.0,167.0,168.0,34474000.0,1680.0
2010-10-05,165,170.0,163.0,170.0,20244000.0,1700.0
2010-10-06,170,175.0,170.0,173.0,14379000.0,1730.0
2010-10-07,173,176.0,172.0,175.0,10758000.0,1750.0
2010-10-08,176,179.0,175.0,178.0,10802000.0,1780.0
2010-10-12,178,178.0,169.0,170.0,9995000.0,1700.0
2010-10-13,172,172.0,166.0,166.0,9754000.0,1660.0
2010-10-14,170,172.0,168.0,171.0,7036000.0,1710.0
2010-10-15,171,173.0,169.0,171.0,6071000.0,1710.0
2010-10-18,170,172.0,170.0,171.0,3064000.0,1710.0
2010-10-19,172,173.0,171.0,172.0,3531000.0,1720.0
2010-10-20,169,171.0,168.0,171.0,5126000.0,1710.0
2010-10-21,170,173.0,169.0,170.0,3892000.0,1700.0
2010-10-22,170,174.0,170.0,174.0,6390000.0,1740.0
2010-10-25,173,176.0,172.0,172.0,5312000.0,1720.0
2010-10-26,173,178.0,172.0,175.0,10840000.0,1750.0
2010-10-27,179,186.0,178.0,178.0,25886000.0,1780.0
2010-10-28,176,182.0,174.0,180.0,16015000.0,1800.0
2010-10-29,182,183.0,176.0,177.0,9015000.0,1770.0
2010-11-01,175,175.0,170.0,172.0,7292000.0,1720.0
2010-11-02,172,176.0,172.0,174.0,5795000.0,1740.0
2010-11-04,176,178.0,173.0,177.0,6233000.0,1770.0
2010-11-05,182,186.0,178.0,184.0,19812000.0,1840.0
2010-11-08,184,185.0,182.0,183.0,7310000.0,1830.0
2010-11-09,182,185.0,179.0,181.0,10742000.0,1810.0
2010-11-10,181,183.0,180.0,180.0,6176000.0,1800.0
2010-11-11,181,184.0,180.0,184.0,7958000.0,1840.0
2010-11-12,182,188.0,182.0,186.0,17109000.0,1860.0
2010-11-15,188,190.0,185.0,189.0,11040000.0,1890.0
2010-11-16,190,191.0,186.0,186.0,9855000.0,1860.0
2010-11-17,184,185.0,183.0,183.0,5726000.0,1830.0
2010-11-18,183,190.0,183.0,189.0,6672000.0,1890.0
2010-11-19,191,194.0,190.0,193.0,11756000.0,1930.0
2010-11-22,195,201.0,194.0,199.0,17713000.0,1990.0
2010-11-24,194,199.0,193.0,197.0,12702000.0,1970.0
2010-11-25,201,206.0,199.0,205.0,16609000.0,2050.0
2010-11-26,205,208.0,202.0,202.0,13598000.0,2020.0
2010-11-29,202,206.0,201.0,202.0,13394000.0,2020.0
2010-11-30,201,203.0,194.0,196.0,18510000.0,1960.0
2010-12-01,192,193.0,189.0,191.0,16813000.0,1910.0
2010-12-02,197,202.0,196.0,201.0,15822000.0,2010.0
2010-12-03,201,204.0,200.0,203.0,12350000.0,2030.0
2010-12-06,203,203.0,201.0,201.0,4728000.0,2010.0
2010-12-07,201,202.0,199.0,200.0,8569000.0,2000.0
2010-12-08,203,210.0,201.0,210.0,21848000.0,2100.0
2010-12-09,212,214.0,208.0,208.0,13002000.0,2080.0
2010-12-10,210,210.0,205.0,205.0,12804000.0,2050.0
2010-12-13,206,210.0,204.0,209.0,8381000.0,2090.0
2010-12-14,210,213.0,208.0,211.0,11077000.0,2110.0
2010-12-15,216,219.0,214.0,215.0,26483000.0,2150.0
2010-12-16,213,219.0,213.0,218.0,13929000.0,2180.0
2010-12-17,216,218.0,215.0,218.0,8186000.0,2180.0
2010-12-20,216,217.0,212.0,214.0,9644000.0,2140.0
2010-12-21,213,221.0,213.0,220.0,17009000.0,2200.0
2010-12-22,218,225.0,218.0,225.0,17183000.0,2250.0
2010-12-24,223,226.0,220.0,221.0,14186000.0,2210.0
2010-12-27,220,222.0,217.0,218.0,9956000.0,2180.0
2010-12-28,220,224.0,219.0,222.0,12328000.0,2220.0
2010-12-29,220,223.0,220.0,223.0,5251000.0,2230.0
2010-12-30,222,222.0,218.0,219.0,4887000.0,2190.0
2011-01-04,227,227.0,222.0,225.0,17320000.0,2250.0
2011-01-05,225,227.0,223.0,223.0,6810000.0,2230.0
2011-01-06,226,235.0,226.0,230.0,24192000.0,2300.0
2011-01-07,228,231.0,228.0,231.0,10552000.0,2310.0
2011-01-11,230,232.0,225.0,226.0,21167000.0,2260.0
2011-01-12,230,231.0,228.0,228.0,9532000.0,2280.0
2011-01-13,231,236.0,228.0,232.0,22425000.0,2320.0
2011-01-14,229,231.0,229.0,230.0,14216000.0,2300.0
2011-01-17,230,231.0,222.0,224.0,12708000.0,2240.0
2011-01-18,223,226.0,222.0,225.0,10721000.0,2250.0
2011-01-19,225,226.0,223.0,224.0,5029000.0,2240.0
2011-01-20,224,228.0,219.0,221.0,17113000.0,2210.0
2011-01-21,223,223.0,211.0,214.0,19815000.0,2140.0
2011-01-24,212,212.0,206.0,209.0,20229000.0,2090.0
2011-01-25,212,218.0,211.0,213.0,23166000.0,2130.0
2011-01-26,214,225.0,212.0,223.0,31497000.0,2230.0
2011-01-27,221,226.0,218.0,220.0,22725000.0,2200.0
2011-01-28,220,223.0,215.0,217.0,17684000.0,2170.0
2011-01-31,212,214.0,209.0,213.0,17017000.0,2130.0
2011-02-01,212,214.0,205.0,209.0,21284000.0,2090.0
2011-02-02,211,218.0,209.0,214.0,20210000.0,2140.0
2011-02-03,217,222.0,216.0,222.0,18192000.0,2220.0
2011-02-04,215,217.0,212.0,214.0,21282000.0,2140.0
2011-02-07,213,214.0,208.0,212.0,19753000.0,2120.0
2011-02-08,213,218.0,212.0,216.0,16129000.0,2160.0
2011-02-09,218,219.0,215.0,216.0,9092000.0,2160.0
2011-02-10,216,219.0,213.0,219.0,9328000.0,2190.0
2011-02-14,220,222.0,219.0,220.0,6824000.0,2200.0
2011-02-15,221,221.0,218.0,219.0,5504000.0,2190.0
2011-02-16,220,233.0,220.0,228.0,40158000.0,2280.0
2011-02-17,231,233.0,229.0,231.0,19506000.0,2310.0
2011-02-18,233,238.0,231.0,236.0,23363000.0,2360.0
2011-02-21,237,239.0,232.0,235.0,15943000.0,2350.0
2011-02-22,232,233.0,227.0,231.0,17245000.0,2310.0
2011-02-23,227,229.0,226.0,228.0,11783000.0,2280.0
2011-02-24,225,226.0,222.0,224.0,15474000.0,2240.0
2011-02-25,225,228.0,224.0,227.0,9862000.0,2270.0
2011-02-28,235,236.0,231.0,234.0,22819000.0,2340.0
2011-03-01,237,240.0,236.0,238.0,27147000.0,2380.0
2011-03-02,233,237.0,232.0,236.0,19009000.0,2360.0
2011-03-03,237,248.0,236.0,247.0,43418000.0,2470.0
2011-03-04,248,251.0,245.0,248.0,39024000.0,2480.0
2011-03-07,252,259.0,249.0,249.0,45048000.0,2490.0
2011-03-08,245,249.0,245.0,246.0,15182000.0,2460.0
2011-03-09,246,246.0,240.0,242.0,21446000.0,2420.0
2011-03-10,238,240.0,234.0,238.0,13478000.0,2380.0
2011-03-11,235,236.0,231.0,233.0,17469000.0,2330.0
2011-03-14,218,230.0,214.0,218.0,30712000.0,2180.0
2011-03-15,214,215.0,186.0,194.0,37104000.0,1940.0
2011-03-16,201,211.0,200.0,209.0,29600000.0,2090.0
2011-03-17,203,216.0,200.0,215.0,26679000.0,2150.0
2011-03-18,222,226.0,218.0,221.0,18061000.0,2210.0
2011-03-22,226,230.0,221.0,227.0,22478000.0,2270.0
2011-03-23,230,240.0,229.0,231.0,33369000.0,2310.0
2011-03-24,232,238.0,229.0,231.0,16172000.0,2310.0
2011-03-25,232,234.0,225.0,227.0,18803000.0,2270.0
2011-03-28,224,229.0,220.0,228.0,15247000.0,2280.0
2011-03-29,221,228.0,219.0,226.0,16010000.0,2260.0
2011-03-30,230,235.0,226.0,233.0,21427000.0,2330.0
2011-03-31,234,243.0,231.0,240.0,28508000.0,2400.0
2011-04-01,243,249.0,240.0,242.0,25829000.0,2420.0
2011-04-04,245,248.0,243.0,245.0,13434000.0,2450.0
2011-04-05,243,243.0,237.0,241.0,10393000.0,2410.0
2011-04-06,241,244.0,237.0,239.0,18889000.0,2390.0
2011-04-07,242,245.0,238.0,239.0,13467000.0,2390.0
2011-04-08,236,242.0,234.0,242.0,13754000.0,2420.0
2011-04-11,242,244.0,240.0,242.0,8712000.0,2420.0
2011-04-12,243,243.0,235.0,239.0,13628000.0,2390.0
2011-04-13,237,242.0,236.0,241.0,10094000.0,2410.0
2011-04-14,245,247.0,242.0,244.0,13751000.0,2440.0
2011-04-15,246,247.0,241.0,243.0,20809000.0,2430.0
2011-04-18,242,243.0,239.0,240.0,10533000.0,2400.0
2011-04-19,236,236.0,231.0,232.0,13887000.0,2320.0
2011-04-20,232,238.0,231.0,235.0,15672000.0,2350.0
2011-04-21,236,240.0,234.0,237.0,12582000.0,2370.0
2011-04-22,238,240.0,236.0,238.0,13803000.0,2380.0
2011-04-25,239,243.0,238.0,239.0,13298000.0,2390.0
2011-04-26,239,240.0,235.0,236.0,5837000.0,2360.0
2011-04-27,235,238.0,234.0,236.0,7732000.0,2360.0
2011-04-28,237,238.0,235.0,238.0,8704000.0,2380.0
2011-05-02,239,246.0,238.0,243.0,10486000.0,2430.0
2011-05-06,242,246.0,241.0,244.0,10185000.0,2440.0
2011-05-09,244,246.0,241.0,242.0,5000000.0,2420.0
2011-05-10,241,243.0,240.0,241.0,5790000.0,2410.0
2011-05-11,242,244.0,241.0,242.0,5677000.0,2420.0
2011-05-12,241,246.0,238.0,244.0,11800000.0,2440.0
2011-05-13,245,251.0,241.0,248.0,20380000.0,2480.0
2011-05-16,244,245.0,239.0,239.0,11422000.0,2390.0
2011-05-17,236,241.0,236.0,238.0,10845000.0,2380.0
2011-05-18,243,248.0,241.0,244.0,22954000.0,2440.0
2011-05-19,247,254.0,247.0,251.0,31603000.0,2510.0
2011-05-20,249,253.0,247.0,251.0,8400000.0,2510.0
2011-05-23,248,256.0,247.0,252.0,24498000.0,2520.0
2011-05-24,249,252.0,247.0,248.0,12286000.0,2480.0
2011-05-25,252,254.0,249.0,250.0,14844000.0,2500.0
2011-05-26,253,254.0,249.0,253.0,8773000.0,2530.0
2011-05-27,261,264.0,257.0,259.0,29243000.0,2590.0
2011-05-30,260,263.0,258.0,262.0,19354000.0,2620.0
2011-05-31,263,268.0,260.0,267.0,28453000.0,2670.0
2011-06-01,269,270.0,263.0,265.0,15794000.0,2650.0
2011-06-02,260,261.0,255.0,256.0,13413000.0,2560.0
2011-06-03,255,257.0,252.0,253.0,15403000.0,2530.0
2011-06-06,252,254.0,249.0,250.0,12218000.0,2500.0
2011-06-07,250,254.0,249.0,251.0,11689000.0,2510.0
2011-06-08,249,251.0,246.0,248.0,9675000.0,2480.0
2011-06-09,248,250.0,246.0,248.0,8942000.0,2480.0
2011-06-10,249,251.0,247.0,249.0,10251000.0,2490.0
2011-06-13,247,248.0,244.0,245.0,6151000.0,2450.0
2011-06-14,245,247.0,244.0,246.0,6867000.0,2460.0
2011-06-15,248,249.0,242.0,245.0,13661000.0,2450.0
2011-06-16,242,243.0,241.0,242.0,5286000.0,2420.0
2011-06-17,242,242.0,237.0,239.0,7060000.0,2390.0
2011-06-20,240,243.0,238.0,241.0,7620000.0,2410.0
2011-06-21,242,244.0,241.0,244.0,8798000.0,2440.0
2011-06-22,245,249.0,243.0,249.0,13595000.0,2490.0
2011-06-23,246,249.0,245.0,245.0,9539000.0,2450.0
2011-06-24,245,245.0,242.0,244.0,12458000.0,2440.0
2011-06-27,242,242.0,239.0,241.0,10848000.0,2410.0
2011-06-28,242,242.0,239.0,240.0,9310000.0,2400.0
2011-06-29,244,248.0,243.0,247.0,19335000.0,2470.0
2011-06-30,247,251.0,245.0,249.0,12669000.0,2490.0
2011-07-01,250,255.0,250.0,253.0,9167000.0,2530.0
2011-07-04,256,257.0,252.0,252.0,5470000.0,2520.0
2011-07-05,251,256.0,251.0,254.0,7765000.0,2540.0
2011-07-06,255,256.0,253.0,256.0,8857000.0,2560.0
2011-07-07,255,259.0,254.0,257.0,9489000.0,2570.0
2011-07-08,259,259.0,254.0,254.0,5969000.0,2540.0
2011-07-11,254,254.0,251.0,252.0,4359000.0,2520.0
2011-07-12,248,249.0,245.0,246.0,9047000.0,2460.0
2011-07-13,245,247.0,244.0,246.0,6894000.0,2460.0
2011-07-14,246,249.0,245.0,248.0,8616000.0,2480.0
2011-07-15,247,250.0,247.0,250.0,5246000.0,2500.0
2011-07-19,248,251.0,247.0,248.0,6254000.0,2480.0
2011-07-20,251,253.0,251.0,252.0,5673000.0,2520.0
2011-07-21,253,254.0,250.0,251.0,4452000.0,2510.0
2011-07-22,252,254.0,251.0,253.0,5040000.0,2530.0
2011-07-25,252,253.0,250.0,251.0,2241000.0,2510.0
2011-07-26,252,254.0,250.0,253.0,5825000.0,2530.0
2011-07-27,252,252.0,250.0,252.0,3480000.0,2520.0
2011-07-28,251,252.0,248.0,249.0,6236000.0,2490.0
2011-07-29,248,248.0,246.0,246.0,4134000.0,2460.0
2011-08-01,247,251.0,246.0,249.0,5247000.0,2490.0
2011-08-02,248,249.0,245.0,245.0,4544000.0,2450.0
2011-08-03,241,242.0,235.0,237.0,16460000.0,2370.0
2011-08-04,238,239.0,234.0,235.0,9213000.0,2350.0
2011-08-05,214,224.0,213.0,224.0,19800000.0,2240.0
2011-08-08,221,222.0,215.0,219.0,15944000.0,2190.0
2011-08-09,213,215.0,204.0,213.0,19495000.0,2130.0
2011-08-10,219,223.0,218.0,219.0,12489000.0,2190.0
2011-08-11,214,215.0,210.0,211.0,15096000.0,2110.0
2011-08-12,214,216.0,208.0,210.0,7532000.0,2100.0
2011-08-15,210,211.0,205.0,207.0,14943000.0,2070.0
2011-08-16,207,209.0,205.0,207.0,11155000.0,2070.0
2011-08-17,207,207.0,201.0,204.0,17183000.0,2040.0
2011-08-18,202,203.0,194.0,195.0,34710000.0,1950.0
2011-08-19,192,192.0,186.0,187.0,34973000.0,1870.0
2011-08-22,187,190.0,182.0,184.0,19683000.0,1840.0
2011-08-23,186,189.0,185.0,188.0,12863000.0,1880.0
2011-08-24,191,192.0,183.0,185.0,15516000.0,1850.0
2011-08-25,188,192.0,186.0,189.0,13055000.0,1890.0
2011-08-26,188,190.0,187.0,189.0,10311000.0,1890.0
2011-08-29,191,194.0,188.0,191.0,12456000.0,1910.0
2011-08-30,194,197.0,193.0,195.0,11585000.0,1950.0
2011-08-31,195,196.0,192.0,193.0,10485000.0,1930.0
2011-09-01,195,200.0,195.0,199.0,13351000.0,1990.0
2011-09-02,197,198.0,195.0,195.0,10196000.0,1950.0
2011-09-05,192,193.0,188.0,190.0,11867000.0,1900.0
2011-09-06,188,189.0,183.0,184.0,8258000.0,1840.0
2011-09-07,188,189.0,186.0,187.0,9321000.0,1870.0
2011-09-08,189,189.0,185.0,186.0,6531000.0,1860.0
2011-09-09,184,187.0,182.0,183.0,11436000.0,1830.0
2011-09-12,179,180.0,177.0,177.0,7456000.0,1770.0
2011-09-13,178,181.0,174.0,180.0,11899000.0,1800.0
2011-09-14,180,183.0,173.0,174.0,13959000.0,1740.0
2011-09-15,176,179.0,174.0,177.0,11044000.0,1770.0
2011-09-16,179,184.0,179.0,182.0,9324000.0,1820.0
2011-09-20,179,180.0,176.0,178.0,9144000.0,1780.0
2011-09-21,177,182.0,177.0,178.0,11601000.0,1780.0
2011-09-22,176,177.0,168.0,171.0,13755000.0,1710.0
2011-09-26,171,172.0,165.0,166.0,10368000.0,1660.0
2011-09-27,168,171.0,168.0,169.0,10243000.0,1690.0
2011-09-28,171,175.0,171.0,172.0,8226000.0,1720.0
2011-09-29,170,173.0,166.0,173.0,10351000.0,1730.0
2011-09-30,176,179.0,172.0,175.0,13539000.0,1750.0
2011-10-03,170,171.0,167.0,169.0,8462000.0,1690.0
2011-10-04,164,164.0,161.0,162.0,12842000.0,1620.0
2011-10-05,164,164.0,147.0,154.0,31120000.0,1540.0
2011-10-06,157,159.0,153.0,155.0,13803000.0,1550.0
2011-10-07,156,162.0,156.0,160.0,12092000.0,1600.0
2011-10-11,167,169.0,164.0,166.0,12390000.0,1660.0
2011-10-12,165,166.0,163.0,165.0,7605000.0,1650.0
2011-10-13,170,175.0,169.0,173.0,15703000.0,1730.0
2011-10-14,172,173.0,168.0,169.0,9506000.0,1690.0
2011-10-17,175,179.0,173.0,175.0,11477000.0,1750.0
2011-10-18,170,173.0,169.0,173.0,8740000.0,1730.0
2011-10-19,176,177.0,170.0,171.0,5677000.0,1710.0
2011-10-20,170,171.0,165.0,167.0,9176000.0,1670.0
2011-10-21,166,169.0,166.0,168.0,3681000.0,1680.0
2011-10-24,171,174.0,171.0,172.0,6759000.0,1720.0
2011-10-25,174,175.0,169.0,170.0,7117000.0,1700.0
2011-10-26,168,171.0,165.0,170.0,5259000.0,1700.0
2011-10-27,170,174.0,168.0,173.0,9985000.0,1730.0
2011-10-28,177,178.0,172.0,172.0,8171000.0,1720.0
2011-10-31,173,176.0,172.0,172.0,8420000.0,1720.0
2011-11-01,169,172.0,166.0,169.0,8460000.0,1690.0
2011-11-02,165,167.0,158.0,159.0,15224000.0,1590.0
2011-11-04,154,155.0,148.0,152.0,23593000.0,1520.0
2011-11-07,155,155.0,151.0,152.0,13588000.0,1520.0
2011-11-08,150,151.0,147.0,148.0,13271000.0,1480.0
2011-11-09,147,149.0,146.0,149.0,11143000.0,1490.0
2011-11-10,144,144.0,140.0,142.0,13767000.0,1420.0
2011-11-11,142,142.0,138.0,140.0,10071000.0,1400.0
2011-11-14,143,149.0,143.0,144.0,13816000.0,1440.0
2011-11-15,142,144.0,142.0,144.0,3891000.0,1440.0
2011-11-16,143,144.0,138.0,139.0,8870000.0,1390.0
2011-11-17,136,140.0,134.0,139.0,14264000.0,1390.0
2011-11-18,137,141.0,137.0,139.0,8667000.0,1390.0
2011-11-21,138,139.0,136.0,137.0,3780000.0,1370.0
2011-11-22,136,139.0,135.0,137.0,6531000.0,1370.0
2011-11-24,136,137.0,135.0,135.0,4919000.0,1350.0
2011-11-25,135,137.0,134.0,136.0,5499000.0,1360.0
2011-11-28,137,141.0,137.0,140.0,10198000.0,1400.0
2011-11-29,143,145.0,141.0,145.0,8663000.0,1450.0
2011-11-30,145,146.0,142.0,145.0,9634000.0,1450.0
2011-12-01,149,151.0,147.0,150.0,11964000.0,1500.0
2011-12-02,150,151.0,148.0,149.0,7459000.0,1490.0
2011-12-05,151,153.0,150.0,152.0,8203000.0,1520.0
2011-12-06,152,155.0,150.0,151.0,9437000.0,1510.0
2011-12-07,151,154.0,150.0,154.0,6394000.0,1540.0
2011-12-08,153,154.0,151.0,152.0,4951000.0,1520.0
2011-12-09,149,151.0,146.0,146.0,11981000.0,1460.0
2011-12-12,149,150.0,148.0,149.0,5412000.0,1490.0
2011-12-13,147,151.0,146.0,147.0,8388000.0,1470.0
2011-12-14,147,150.0,146.0,149.0,8934000.0,1490.0
2011-12-15,147,151.0,145.0,146.0,14215000.0,1460.0
2011-12-16,147,148.0,145.0,147.0,7615000.0,1470.0
2011-12-19,146,147.0,141.0,143.0,6520000.0,1430.0
2011-12-20,142,144.0,142.0,143.0,3749000.0,1430.0
2011-12-21,145,146.0,143.0,144.0,5507000.0,1440.0
2011-12-22,144,145.0,142.0,143.0,3604000.0,1430.0
2011-12-26,145,145.0,143.0,143.0,1740000.0,1430.0
2011-12-27,144,144.0,143.0,144.0,1192000.0,1440.0
2011-12-28,144,144.0,142.0,143.0,1903000.0,1430.0
2011-12-29,142,143.0,140.0,142.0,4774000.0,1420.0
2011-12-30,143,144.0,142.0,144.0,1849000.0,1440.0
2012-01-04,145,146.0,143.0,145.0,8853000.0,1450.0
2012-01-05,144,146.0,143.0,144.0,4350000.0,1440.0
2012-01-06,143,144.0,138.0,140.0,10712000.0,1400.0
2012-01-10,140,142.0,138.0,139.0,5159000.0,1390.0
2012-01-11,139,140.0,138.0,139.0,5509000.0,1390.0
2012-01-12,138,139.0,135.0,136.0,9471000.0,1360.0
2012-01-13,137,140.0,136.0,138.0,11740000.0,1380.0
2012-01-16,136,137.0,134.0,134.0,6340000.0,1340.0
2012-01-17,136,140.0,135.0,137.0,9740000.0,1370.0
2012-01-18,137,144.0,137.0,142.0,13101000.0,1420.0
2012-01-19,144,149.0,144.0,149.0,12392000.0,1490.0
2012-01-20,151,152.0,149.0,151.0,13164000.0,1510.0
2012-01-23,152,157.0,151.0,156.0,14167000.0,1560.0
2012-01-24,156,157.0,152.0,153.0,8555000.0,1530.0
2012-01-25,154,160.0,153.0,159.0,12288000.0,1590.0
2012-01-26,159,162.0,157.0,158.0,11673000.0,1580.0
2012-01-27,159,161.0,156.0,157.0,9629000.0,1570.0
2012-01-30,157,158.0,154.0,156.0,8819000.0,1560.0
2012-01-31,155,155.0,152.0,154.0,7783000.0,1540.0
2012-02-01,152,155.0,150.0,152.0,11114000.0,1520.0
2012-02-02,153,155.0,148.0,150.0,17241000.0,1500.0
2012-02-03,138,139.0,130.0,132.0,87250000.0,1320.0
2012-02-06,135,136.0,130.0,131.0,40892000.0,1310.0
2012-02-07,131,131.0,126.0,128.0,44979000.0,1280.0
2012-02-08,128,129.0,126.0,127.0,29096000.0,1270.0
2012-02-09,128,135.0,128.0,133.0,71400000.0,1330.0
2012-02-10,134,135.0,132.0,133.0,44515000.0,1330.0
2012-02-13,133,137.0,133.0,135.0,37686000.0,1350.0
2012-02-14,136,137.0,133.0,134.0,32899000.0,1340.0
2012-02-15,135,137.0,133.0,136.0,17899000.0,1360.0
2012-02-16,136,140.0,135.0,137.0,41543000.0,1370.0
2012-02-17,139,142.0,139.0,139.0,45816000.0,1390.0
2012-02-20,142,143.0,140.0,141.0,9873000.0,1410.0
2012-02-21,141,143.0,138.0,139.0,28978000.0,1390.0
2012-02-22,139,141.0,138.0,141.0,10833000.0,1410.0
2012-02-23,141,143.0,140.0,143.0,13847000.0,1430.0
2012-02-24,143,144.0,141.0,142.0,15189000.0,1420.0
2012-02-27,144,148.0,144.0,146.0,24876000.0,1460.0
2012-02-28,144,145.0,140.0,141.0,41040000.0,1410.0
2012-02-29,143,143.0,135.0,136.0,46219000.0,1360.0
2012-03-01,137,138.0,127.0,128.0,79684000.0,1280.0
2012-03-02,127,130.0,126.0,126.0,78916000.0,1260.0
2012-03-05,128,132.0,127.0,130.0,48203000.0,1300.0
2012-03-06,130,131.0,128.0,129.0,33679000.0,1290.0
2012-03-07,128,130.0,126.0,127.0,38785000.0,1270.0
2012-03-08,129,130.0,127.0,128.0,34422000.0,1280.0
2012-03-09,128,130.0,126.0,129.0,43497000.0,1290.0
2012-03-12,127,128.0,122.0,123.0,69872000.0,1230.0
2012-03-13,122,124.0,121.0,123.0,35211000.0,1230.0
2012-03-14,125,126.0,122.0,123.0,35005000.0,1230.0
2012-03-15,123,123.0,121.0,121.0,23045000.0,1210.0
2012-03-16,121,130.0,120.0,130.0,76611000.0,1300.0
2012-03-19,131,132.0,128.0,131.0,35441000.0,1310.0
2012-03-21,130,132.0,129.0,131.0,23588000.0,1310.0
2012-03-22,130,131.0,128.0,129.0,21919000.0,1290.0
2012-03-23,128,128.0,126.0,126.0,17908000.0,1260.0
2012-03-26,127,130.0,125.0,126.0,27967000.0,1260.0
2012-03-27,129,130.0,127.0,128.0,21151000.0,1280.0
2012-03-28,127,128.0,125.0,125.0,18174000.0,1250.0
2012-03-29,126,128.0,124.0,128.0,12558000.0,1280.0
2012-03-30,128,129.0,125.0,127.0,16887000.0,1270.0
2012-04-02,126,127.0,125.0,126.0,6650000.0,1260.0
2012-04-03,126,127.0,126.0,126.0,6493000.0,1260.0
2012-04-04,126,126.0,122.0,122.0,12074000.0,1220.0
2012-04-05,121,123.0,120.0,121.0,18029000.0,1210.0
2012-04-06,122,123.0,120.0,121.0,13028000.0,1210.0
2012-04-09,120,121.0,118.0,118.0,11066000.0,1180.0
2012-04-10,119,120.0,117.0,117.0,9625000.0,1170.0
2012-04-11,115,116.0,115.0,115.0,8744000.0,1150.0
2012-04-12,116,117.0,115.0,116.0,7481000.0,1160.0
2012-04-13,118,119.0,117.0,118.0,12448000.0,1180.0
2012-04-16,117,117.0,114.0,115.0,11124000.0,1150.0
2012-04-17,115,116.0,113.0,115.0,14666000.0,1150.0
2012-04-18,116,116.0,115.0,116.0,12221000.0,1160.0
2012-04-19,114,115.0,107.0,108.0,66031000.0,1080.0
2012-04-20,108,111.0,107.0,107.0,32981000.0,1070.0
2012-04-23,106,107.0,103.0,104.0,28076000.0,1040.0
2012-04-24,102,107.0,102.0,105.0,27866000.0,1050.0
2012-04-25,105,107.0,105.0,105.0,8547000.0,1050.0
2012-04-26,105,106.0,104.0,106.0,16264000.0,1060.0
2012-04-27,106,106.0,104.0,104.0,15003000.0,1040.0
2012-05-01,104,104.0,101.0,101.0,10670000.0,1010.0
2012-05-02,102,104.0,101.0,104.0,8712000.0,1040.0
2012-05-07,101,103.0,101.0,102.0,13278000.0,1020.0
2012-05-08,103,104.0,102.0,103.0,6429000.0,1030.0
2012-05-09,102,103.0,100.0,100.0,16491000.0,1000.0
2012-05-10,100,102.0,100.0,101.0,9068000.0,1010.0
2012-05-11,99,100.0,98.0,99.0,21769000.0,990.0
2012-05-14,99,99.0,95.0,96.0,20743000.0,960.0
2012-05-15,93,95.0,90.0,93.0,32615000.0,930.0
2012-05-16,92,93.0,90.0,90.0,16466000.0,900.0
2012-05-17,88,94.0,88.0,93.0,19273000.0,930.0
2012-05-18,89,90.0,88.0,89.0,15916000.0,890.0
2012-05-21,89,91.0,88.0,88.0,12542000.0,880.0
2012-05-22,90,91.0,89.0,89.0,11518000.0,890.0
2012-05-23,89,90.0,84.0,84.0,16482000.0,840.0
2012-05-24,83,85.0,81.0,85.0,22920000.0,850.0
2012-05-25,83,86.0,82.0,83.0,17469000.0,830.0
2012-05-28,82,83.0,80.0,81.0,11379000.0,810.0
2012-05-29,80,84.0,78.0,84.0,18197000.0,840.0
2012-05-30,84,84.0,80.0,81.0,20920000.0,810.0
2012-05-31,78,81.0,76.0,77.0,69116000.0,770.0
2012-06-01,76,78.0,71.0,72.0,37855000.0,720.0
2012-06-04,70,71.0,67.0,67.0,25401000.0,670.0
2012-06-05,71,75.0,70.0,73.0,37066000.0,730.0
2012-06-06,74,82.0,73.0,81.0,57364000.0,810.0
2012-06-07,85,85.0,81.0,84.0,59915000.0,840.0
2012-06-08,84,84.0,78.0,81.0,40506000.0,810.0
2012-06-11,83,85.0,81.0,83.0,26975000.0,830.0
2012-06-12,80,81.0,78.0,80.0,14279000.0,800.0
2012-06-13,81,82.0,79.0,79.0,19332000.0,790.0
2012-06-14,78,80.0,77.0,78.0,12292000.0,780.0
2012-06-15,80,81.0,78.0,78.0,13108000.0,780.0
2012-06-18,82,83.0,81.0,83.0,23623000.0,830.0
2012-06-19,82,85.0,81.0,83.0,25022000.0,830.0
2012-06-20,86,91.0,85.0,89.0,41267000.0,890.0
2012-06-21,91,92.0,89.0,89.0,21989000.0,890.0
2012-06-22,87,91.0,86.0,89.0,22383000.0,890.0
2012-06-25,91,92.0,89.0,89.0,15097000.0,890.0
2012-06-26,88,89.0,84.0,85.0,16040000.0,850.0
2012-06-27,85,86.0,83.0,84.0,13352000.0,840.0
2012-06-28,86,87.0,85.0,86.0,9066000.0,860.0
2012-06-29,85,87.0,84.0,87.0,12959000.0,870.0
2012-07-02,88,89.0,85.0,85.0,11677000.0,850.0
2012-07-03,85,86.0,84.0,84.0,9787000.0,840.0
2012-07-04,85,86.0,84.0,84.0,4078000.0,840.0
2012-07-05,85,85.0,83.0,83.0,5188000.0,830.0
2012-07-06,83,84.0,81.0,82.0,9595000.0,820.0
2012-07-09,81,82.0,80.0,80.0,6187000.0,800.0
2012-07-10,80,81.0,78.0,78.0,13108000.0,780.0
2012-07-11,78,78.0,77.0,77.0,7118000.0,770.0
2012-07-12,77,77.0,73.0,74.0,21964000.0,740.0
2012-07-13,73,75.0,72.0,75.0,6205000.0,750.0
2012-07-17,74,75.0,71.0,72.0,8851000.0,720.0
2012-07-18,72,72.0,70.0,71.0,6768000.0,710.0
2012-07-19,71,74.0,70.0,73.0,9968000.0,730.0
2012-07-20,73,73.0,70.0,70.0,4892000.0,700.0
2012-07-23,69,70.0,68.0,69.0,6500000.0,690.0
2012-07-24,69,72.0,68.0,68.0,13763000.0,680.0
2012-07-25,68,69.0,67.0,67.0,10383000.0,670.0
2012-07-26,67,70.0,66.0,69.0,7063000.0,690.0
2012-07-27,70,73.0,69.0,71.0,13013000.0,710.0
2012-07-30,72,73.0,70.0,72.0,9188000.0,720.0
2012-07-31,71,73.0,69.0,73.0,9192000.0,730.0
2012-08-01,71,72.0,69.0,71.0,9681000.0,710.0
2012-08-02,70,72.0,70.0,70.0,7227000.0,700.0
2012-08-03,60,64.0,58.0,60.0,49068000.0,600.0
2012-08-06,61,61.0,54.0,56.0,42911000.0,560.0
2012-08-07,55,57.0,53.0,56.0,31216000.0,560.0
2012-08-08,57,58.0,55.0,56.0,24021000.0,560.0
2012-08-09,55,57.0,55.0,55.0,16636000.0,550.0
2012-08-10,55,57.0,54.0,56.0,13166000.0,560.0
2012-08-13,58,63.0,56.0,62.0,36277000.0,620.0
2012-08-14,61,62.0,58.0,58.0,38757000.0,580.0
2012-08-15,59,60.0,56.0,57.0,27891000.0,570.0
2012-08-16,57,59.0,57.0,57.0,13646000.0,570.0
2012-08-17,58,60.0,56.0,58.0,25261000.0,580.0
2012-08-20,59,60.0,58.0,59.0,18529000.0,590.0
2012-08-21,58,59.0,58.0,59.0,3084000.0,590.0
2012-08-22,58,59.0,57.0,57.0,7241000.0,570.0
2012-08-23,57,58.0,56.0,57.0,13178000.0,570.0
2012-08-24,57,57.0,56.0,57.0,2992000.0,570.0
2012-08-27,57,57.0,56.0,56.0,3999000.0,560.0
2012-08-28,56,57.0,54.0,54.0,14027000.0,540.0
2012-08-29,54,57.0,54.0,56.0,10624000.0,560.0
2012-08-30,57,58.0,56.0,57.0,12835000.0,570.0
2012-08-31,55,56.0,55.0,55.0,7445000.0,550.0
2012-09-03,56,56.0,54.0,54.0,9869000.0,540.0
2012-09-04,54,56.0,54.0,56.0,4010000.0,560.0
2012-09-05,55,57.0,55.0,55.0,5985000.0,550.0
2012-09-06,55,56.0,54.0,54.0,4951000.0,540.0
2012-09-07,56,57.0,54.0,55.0,15733000.0,550.0
2012-09-10,55,57.0,55.0,57.0,8409000.0,570.0
2012-09-11,56,58.0,55.0,58.0,13652000.0,580.0
2012-09-12,58,59.0,57.0,58.0,11305000.0,580.0
2012-09-13,58,61.0,57.0,61.0,21582000.0,610.0
2012-09-14,62,65.0,61.0,63.0,26188000.0,630.0
2012-09-18,63,63.0,61.0,61.0,8355000.0,610.0
2012-09-19,61,62.0,59.0,61.0,10612000.0,610.0
2012-09-20,60,61.0,59.0,60.0,6265000.0,600.0
2012-09-21,59,61.0,58.0,59.0,17726000.0,590.0
2012-09-24,59,59.0,57.0,57.0,5629000.0,570.0
2012-09-25,57,58.0,56.0,57.0,7028000.0,570.0
2012-09-26,56,57.0,55.0,55.0,6304000.0,550.0
2012-09-27,55,57.0,55.0,55.0,6829000.0,550.0
2012-09-28,56,57.0,54.0,55.0,14947000.0,550.0
2012-10-01,56,57.0,55.0,56.0,8956000.0,560.0
2012-10-02,57,57.0,56.0,56.0,2528000.0,560.0
2012-10-03,56,58.0,55.0,57.0,7768000.0,570.0
2012-10-04,57,61.0,57.0,60.0,14813000.0,600.0
2012-10-05,61,62.0,60.0,62.0,16613000.0,620.0
2012-10-09,61,63.0,60.0,61.0,14495000.0,610.0
2012-10-10,60,61.0,58.0,59.0,6907000.0,590.0
2012-10-11,58,60.0,57.0,58.0,8647000.0,580.0
2012-10-12,59,60.0,59.0,60.0,4336000.0,600.0
2012-10-15,59,62.0,59.0,62.0,9005000.0,620.0
2012-10-16,62,63.0,60.0,63.0,9339000.0,630.0
2012-10-17,64,66.0,62.0,66.0,25634000.0,660.0
2012-10-18,66,67.0,64.0,66.0,16583000.0,660.0
2012-10-19,64,65.0,64.0,65.0,8136000.0,650.0
2012-10-22,63,68.0,62.0,66.0,17788000.0,660.0
2012-10-23,67,68.0,64.0,66.0,11143000.0,660.0
2012-10-24,65,66.0,62.0,62.0,17388000.0,620.0
2012-10-25,62,63.0,60.0,61.0,22547000.0,610.0
2012-10-26,61,61.0,60.0,60.0,4755000.0,600.0
2012-10-29,63,64.0,62.0,62.0,14073000.0,620.0
2012-10-30,63,66.0,62.0,66.0,22319000.0,660.0
2012-10-31,66,68.0,66.0,66.0,14294000.0,660.0
2012-11-01,67,74.0,66.0,71.0,43713000.0,710.0
2012-11-02,73,74.0,71.0,73.0,17511000.0,730.0
2012-11-05,73,76.0,71.0,73.0,27485000.0,730.0
2012-11-06,73,74.0,72.0,73.0,10062000.0,730.0
2012-11-07,74,75.0,73.0,74.0,19300000.0,740.0
2012-11-08,72,74.0,72.0,72.0,11749000.0,720.0
2012-11-09,71,71.0,70.0,70.0,5185000.0,700.0
2012-11-12,70,70.0,67.0,68.0,11729000.0,680.0
2012-11-13,68,68.0,66.0,68.0,8958000.0,680.0
2012-11-14,68,69.0,68.0,68.0,4099000.0,680.0
2012-11-15,69,73.0,68.0,72.0,23777000.0,720.0
2012-11-16,73,75.0,72.0,74.0,20254000.0,740.0
2012-11-19,75,76.0,74.0,74.0,11888000.0,740.0
2012-11-20,77,81.0,75.0,81.0,49124000.0,810.0
2012-11-21,83,85.0,82.0,85.0,43387000.0,850.0
2012-11-22,86,88.0,85.0,86.0,38279000.0,860.0
2012-11-26,88,91.0,88.0,90.0,30390000.0,900.0
2012-11-27,88,89.0,86.0,87.0,19902000.0,870.0
2012-11-28,87,87.0,85.0,86.0,9860000.0,860.0
2012-11-29,88,92.0,88.0,91.0,42021000.0,910.0
2012-11-30,93,94.0,89.0,92.0,27089000.0,920.0
2012-12-03,92,94.0,90.0,92.0,23751000.0,920.0
2012-12-04,92,92.0,91.0,91.0,7240000.0,910.0
2012-12-05,90,91.0,89.0,89.0,17493000.0,890.0
2012-12-06,91,92.0,89.0,91.0,14058000.0,910.0
2012-12-07,91,92.0,89.0,90.0,6025000.0,900.0
2012-12-10,90,91.0,83.0,86.0,35089000.0,860.0
2012-12-11,84,87.0,84.0,84.0,11498000.0,840.0
2012-12-12,86,87.0,85.0,86.0,9260000.0,860.0
2012-12-13,89,93.0,88.0,91.0,40943000.0,910.0
2012-12-14,93,96.0,91.0,95.0,47288000.0,950.0
2012-12-17,98,98.0,93.0,93.0,25837000.0,930.0
2012-12-18,94,96.0,93.0,95.0,20335000.0,950.0
2012-12-19,96,97.0,93.0,96.0,30552000.0,960.0
2012-12-20,95,96.0,94.0,94.0,9445000.0,940.0
2012-12-21,95,97.0,92.0,94.0,28120000.0,940.0
2012-12-25,95,95.0,93.0,93.0,8158000.0,930.0
2012-12-26,93,95.0,93.0,95.0,7996000.0,950.0
2012-12-27,96,113.0,95.0,110.0,108871000.0,1100.0
2012-12-28,110,114.0,108.0,113.0,62491000.0,1130.0
2013-01-04,116,117.0,108.0,111.0,43813000.0,1110.0
2013-01-07,111,111.0,105.0,106.0,26631000.0,1060.0
2013-01-08,103,106.0,102.0,102.0,19653000.0,1020.0
2013-01-09,102,107.0,100.0,106.0,24674000.0,1060.0
2013-01-10,107,107.0,105.0,105.0,14134000.0,1050.0
2013-01-11,108,109.0,105.0,106.0,18468000.0,1060.0
2013-01-15,109,115.0,106.0,108.0,63668000.0,1080.0
2013-01-16,108,108.0,103.0,103.0,24559000.0,1030.0
2013-01-17,104,105.0,98.0,101.0,26302000.0,1010.0
2013-01-18,105,106.0,103.0,105.0,17107000.0,1050.0
2013-01-21,106,106.0,102.0,104.0,9677000.0,1040.0
2013-01-22,104,105.0,102.0,102.0,16889000.0,1020.0
2013-01-23,101,104.0,97.0,97.0,21004000.0,970.0
2013-01-24,96,100.0,95.0,99.0,22281000.0,990.0
2013-01-25,101,104.0,98.0,100.0,23789000.0,1000.0
2013-01-28,102,103.0,100.0,101.0,20082000.0,1010.0
2013-01-29,100,102.0,98.0,102.0,12514000.0,1020.0
2013-01-30,102,109.0,101.0,106.0,29480000.0,1060.0
2013-01-31,106,107.0,104.0,107.0,22512000.0,1070.0
2013-02-01,108,111.0,104.0,105.0,36535000.0,1050.0
2013-02-04,105,106.0,99.0,100.0,41365000.0,1000.0
2013-02-05,105,122.0,103.0,118.0,185198000.0,1180.0
2013-02-06,121,123.0,115.0,122.0,90182000.0,1220.0
2013-02-07,123,128.0,121.0,124.0,66158000.0,1240.0
2013-02-08,124,125.0,115.0,116.0,49664000.0,1160.0
2013-02-12,120,121.0,112.0,114.0,28081000.0,1140.0
2013-02-13,113,114.0,110.0,111.0,27137000.0,1110.0
2013-02-14,115,119.0,113.0,118.0,40850000.0,1180.0
2013-02-15,115,117.0,111.0,114.0,32273000.0,1140.0
2013-02-18,116,120.0,115.0,117.0,37586000.0,1170.0
2013-02-19,117,119.0,115.0,118.0,16663000.0,1180.0
2013-02-20,118,121.0,116.0,118.0,38255000.0,1180.0
2013-02-21,116,117.0,115.0,115.0,9847000.0,1150.0
2013-02-22,115,116.0,111.0,114.0,19784000.0,1140.0
2013-02-25,116,119.0,114.0,116.0,20840000.0,1160.0
2013-02-26,113,116.0,112.0,112.0,16856000.0,1120.0
2013-02-27,114,115.0,111.0,111.0,15861000.0,1110.0
2013-02-28,115,118.0,114.0,117.0,32528000.0,1170.0
2013-03-01,116,117.0,115.0,116.0,10195000.0,1160.0
2013-03-04,117,118.0,115.0,115.0,12462000.0,1150.0
2013-03-05,115,116.0,113.0,113.0,8188000.0,1130.0
2013-03-06,114,114.0,112.0,113.0,11256000.0,1130.0
2013-03-07,113,114.0,112.0,113.0,9258000.0,1130.0
2013-03-08,114,115.0,113.0,114.0,20036000.0,1140.0
2013-03-11,115,115.0,112.0,114.0,15132000.0,1140.0
2013-03-12,113,114.0,112.0,114.0,11841000.0,1140.0
2013-03-13,113,114.0,112.0,113.0,9771000.0,1130.0
2013-03-14,113,114.0,110.0,111.0,18701000.0,1110.0
2013-03-15,111,112.0,108.0,109.0,22070000.0,1090.0
2013-03-18,107,108.0,105.0,105.0,12063000.0,1050.0
2013-03-19,105,110.0,105.0,108.0,15417000.0,1080.0
2013-03-21,109,114.0,109.0,112.0,25257000.0,1120.0
2013-03-22,110,111.0,108.0,109.0,9963000.0,1090.0
2013-03-25,109,110.0,106.0,106.0,9195000.0,1060.0
2013-03-26,106,108.0,106.0,106.0,7986000.0,1060.0
2013-03-27,107,108.0,107.0,107.0,3627000.0,1070.0
2013-03-28,106,107.0,102.0,104.0,17915000.0,1040.0
2013-03-29,105,110.0,104.0,106.0,28059000.0,1060.0
2013-04-01,106,106.0,102.0,102.0,15343000.0,1020.0
2013-04-02,99,102.0,96.0,100.0,15802000.0,1000.0
2013-04-03,102,104.0,99.0,101.0,15521000.0,1010.0
2013-04-04,99,102.0,98.0,102.0,15073000.0,1020.0
2013-04-05,105,106.0,99.0,101.0,15889000.0,1010.0
2013-04-08,104,105.0,101.0,104.0,18311000.0,1040.0
2013-04-09,105,105.0,102.0,104.0,8091000.0,1040.0
2013-04-10,104,117.0,103.0,117.0,57146000.0,1170.0
2013-04-11,115,116.0,111.0,113.0,32866000.0,1130.0
2013-04-12,113,115.0,112.0,115.0,20432000.0,1150.0
2013-04-15,113,114.0,111.0,113.0,14408000.0,1130.0
2013-04-16,110,111.0,109.0,110.0,9642000.0,1100.0
2013-04-17,111,112.0,107.0,108.0,16201000.0,1080.0
2013-04-18,108,110.0,107.0,108.0,11711000.0,1080.0
2013-04-19,108,109.0,107.0,108.0,7619000.0,1080.0
2013-04-22,110,117.0,108.0,115.0,56004000.0,1150.0
2013-04-23,114,119.0,114.0,117.0,54798000.0,1170.0
2013-04-24,120,121.0,111.0,115.0,52182000.0,1150.0
2013-04-25,114,119.0,114.0,116.0,35425000.0,1160.0
2013-04-26,118,118.0,114.0,115.0,19784000.0,1150.0
2013-04-30,115,115.0,111.0,112.0,18538000.0,1120.0
2013-05-01,112,114.0,112.0,112.0,6446000.0,1120.0
2013-05-02,112,114.0,111.0,113.0,13208000.0,1130.0
2013-05-07,115,120.0,114.0,120.0,33990000.0,1200.0
2013-05-08,118,122.0,118.0,120.0,25084000.0,1200.0
2013-05-09,121,122.0,114.0,116.0,19974000.0,1160.0
2013-05-10,118,121.0,117.0,118.0,23574000.0,1180.0
2013-05-13,119,121.0,118.0,119.0,24619000.0,1190.0
2013-05-14,120,130.0,119.0,129.0,103789000.0,1290.0
2013-05-15,130,131.0,124.0,125.0,57910000.0,1250.0
2013-05-16,125,126.0,119.0,124.0,26720000.0,1240.0
2013-05-17,115,120.0,111.0,118.0,67584000.0,1180.0
2013-05-20,120,127.0,118.0,125.0,57987000.0,1250.0
2013-05-21,126,141.0,122.0,138.0,138357000.0,1380.0
2013-05-22,143,150.0,133.0,135.0,150860000.0,1350.0
2013-05-23,135,142.0,123.0,123.0,94922000.0,1230.0
2013-05-24,128,131.0,118.0,124.0,53351000.0,1240.0
2013-05-27,122,122.0,114.0,114.0,45606000.0,1140.0
2013-05-28,114,119.0,114.0,118.0,30931000.0,1180.0
2013-05-29,120,121.0,116.0,117.0,25882000.0,1170.0
2013-05-30,115,115.0,110.0,112.0,30669000.0,1120.0
2013-05-31,112,113.0,108.0,109.0,23553000.0,1090.0
2013-06-03,107,108.0,105.0,105.0,18997000.0,1050.0
2013-06-04,105,110.0,101.0,108.0,19144000.0,1080.0
2013-06-05,107,109.0,101.0,102.0,27189000.0,1020.0
2013-06-06,100,104.0,97.0,98.0,30851000.0,980.0
2013-06-07,95,97.0,93.0,95.0,26576000.0,950.0
2013-06-10,100,102.0,98.0,100.0,31606000.0,1000.0
2013-06-11,101,101.0,95.0,96.0,32966000.0,960.0
2013-06-12,95,99.0,94.0,97.0,13600000.0,970.0
2013-06-13,96,96.0,92.0,92.0,22797000.0,920.0
2013-06-14,95,96.0,90.0,91.0,33467000.0,910.0
2013-06-17,91,96.0,91.0,96.0,18920000.0,960.0
2013-06-18,95,98.0,94.0,95.0,16522000.0,950.0
2013-06-19,98,100.0,95.0,98.0,34938000.0,980.0
2013-06-20,97,99.0,95.0,96.0,13071000.0,960.0
2013-06-21,93,95.0,91.0,94.0,27749000.0,940.0
2013-06-24,95,96.0,93.0,94.0,9294000.0,940.0
2013-06-25,93,94.0,92.0,92.0,10184000.0,920.0
2013-06-26,94,94.0,90.0,91.0,13437000.0,910.0
2013-06-27,90,91.0,83.0,90.0,26723000.0,900.0
2013-06-28,90,95.0,90.0,93.0,31711000.0,930.0
2013-07-01,94,95.0,92.0,95.0,12657000.0,950.0
2013-07-02,96,99.0,96.0,98.0,27221000.0,980.0
2013-07-03,99,100.0,97.0,97.0,7559000.0,970.0
2013-07-04,97,99.0,96.0,97.0,7441000.0,970.0
2013-07-05,98,103.0,98.0,101.0,28512000.0,1010.0
2013-07-08,104,106.0,100.0,101.0,23207000.0,1010.0
2013-07-09,103,104.0,101.0,103.0,10694000.0,1030.0
2013-07-10,103,103.0,100.0,101.0,10483000.0,1010.0
2013-07-11,100,102.0,100.0,102.0,12403000.0,1020.0
2013-07-12,105,114.0,103.0,113.0,88676000.0,1130.0
2013-07-16,112,112.0,109.0,111.0,24512000.0,1110.0
2013-07-17,111,115.0,109.0,113.0,32512000.0,1130.0
2013-07-18,115,116.0,113.0,114.0,34260000.0,1140.0
2013-07-19,114,115.0,108.0,110.0,35174000.0,1100.0
2013-07-22,112,112.0,109.0,111.0,13608000.0,1110.0
2013-07-23,110,111.0,110.0,110.0,4355000.0,1100.0
2013-07-24,110,110.0,108.0,109.0,6624000.0,1090.0
2013-07-25,109,111.0,108.0,108.0,14690000.0,1080.0
2013-07-26,107,108.0,104.0,105.0,20633000.0,1050.0
2013-07-29,102,103.0,101.0,101.0,11978000.0,1010.0
2013-07-30,100,104.0,100.0,104.0,11987000.0,1040.0
2013-07-31,103,106.0,102.0,103.0,10722000.0,1030.0
2013-08-01,101,103.0,100.0,102.0,11272000.0,1020.0
2013-08-02,107,109.0,105.0,107.0,31356000.0,1070.0
2013-08-05,106,110.0,105.0,108.0,11504000.0,1080.0
2013-08-06,108,111.0,107.0,111.0,13882000.0,1110.0
2013-08-07,108,109.0,106.0,106.0,13125000.0,1060.0
2013-08-08,105,107.0,103.0,103.0,10466000.0,1030.0
2013-08-09,104,105.0,103.0,103.0,7457000.0,1030.0
2013-08-12,103,105.0,102.0,103.0,13245000.0,1030.0
2013-08-13,104,105.0,103.0,104.0,12478000.0,1040.0
2013-08-14,105,112.0,105.0,109.0,58527000.0,1090.0
2013-08-15,107,114.0,107.0,112.0,33245000.0,1120.0
2013-08-16,111,112.0,109.0,110.0,18789000.0,1100.0
2013-08-19,111,113.0,109.0,110.0,9893000.0,1100.0
2013-08-20,109,111.0,106.0,106.0,39455000.0,1060.0
2013-08-21,106,108.0,103.0,105.0,19654000.0,1050.0
2013-08-22,105,108.0,104.0,108.0,11627000.0,1080.0
2013-08-23,109,112.0,108.0,112.0,18200000.0,1120.0
2013-08-26,111,112.0,109.0,110.0,5988000.0,1100.0
2013-08-27,110,114.0,108.0,108.0,21954000.0,1080.0
2013-08-28,106,108.0,105.0,107.0,7700000.0,1070.0
2013-08-29,107,109.0,106.0,106.0,12590000.0,1060.0
2013-08-30,108,109.0,106.0,107.0,8854000.0,1070.0
2013-09-02,107,109.0,107.0,108.0,6883000.0,1080.0
2013-09-03,110,112.0,110.0,111.0,16233000.0,1110.0
2013-09-04,111,113.0,110.0,112.0,16148000.0,1120.0
2013-09-05,113,118.0,113.0,114.0,41569000.0,1140.0
2013-09-06,112,116.0,110.0,115.0,30208000.0,1150.0
2013-09-09,120,120.0,116.0,117.0,15827000.0,1170.0
2013-09-10,118,118.0,116.0,117.0,17886000.0,1170.0
2013-09-11,119,120.0,117.0,118.0,10705000.0,1180.0
2013-09-12,117,118.0,116.0,118.0,10903000.0,1180.0
2013-09-13,118,119.0,115.0,118.0,13883000.0,1180.0
2013-09-17,118,118.0,116.0,118.0,7649000.0,1180.0
2013-09-18,118,121.0,117.0,119.0,20111000.0,1190.0
2013-09-19,119,121.0,118.0,119.0,15702000.0,1190.0
2013-09-20,120,125.0,119.0,122.0,29021000.0,1220.0
2013-09-24,123,124.0,119.0,123.0,34690000.0,1230.0
2013-09-25,123,123.0,119.0,119.0,19235000.0,1190.0
2013-09-26,120,127.0,119.0,126.0,24002000.0,1260.0
2013-09-27,126,131.0,125.0,128.0,42072000.0,1280.0
2013-09-30,125,128.0,124.0,126.0,14701000.0,1260.0
2013-10-01,126,127.0,123.0,123.0,19524000.0,1230.0
2013-10-02,122,126.0,119.0,121.0,22032000.0,1210.0
2013-10-03,121,124.0,118.0,123.0,19345000.0,1230.0
2013-10-04,120,121.0,118.0,120.0,16914000.0,1200.0
2013-10-07,122,124.0,119.0,122.0,23273000.0,1220.0
2013-10-08,120,121.0,119.0,120.0,10432000.0,1200.0
2013-10-09,120,124.0,118.0,122.0,17155000.0,1220.0
2013-10-10,123,124.0,121.0,122.0,11425000.0,1220.0
2013-10-11,124,126.0,123.0,126.0,15630000.0,1260.0
2013-10-15,127,127.0,124.0,124.0,11315000.0,1240.0
2013-10-16,124,128.0,124.0,127.0,11658000.0,1270.0
2013-10-17,128,128.0,126.0,127.0,10258000.0,1270.0
2013-10-18,126,129.0,126.0,127.0,11464000.0,1270.0
2013-10-21,127,129.0,126.0,126.0,11315000.0,1260.0
2013-10-22,127,128.0,126.0,128.0,5741000.0,1280.0
2013-10-23,128,132.0,126.0,127.0,34564000.0,1270.0
2013-10-24,127,128.0,125.0,126.0,18746000.0,1260.0
2013-10-25,127,128.0,125.0,125.0,8977000.0,1250.0
2013-10-28,126,128.0,125.0,127.0,9842000.0,1270.0
2013-10-29,127,130.0,127.0,127.0,13102000.0,1270.0
2013-10-30,129,132.0,127.0,127.0,22803000.0,1270.0
2013-10-31,127,129.0,127.0,127.0,8005000.0,1270.0
2013-11-01,127,128.0,125.0,126.0,8307000.0,1260.0
2013-11-05,126,127.0,122.0,123.0,11486000.0,1230.0
2013-11-06,123,125.0,121.0,125.0,10588000.0,1250.0
2013-11-07,126,126.0,123.0,124.0,12235000.0,1240.0
2013-11-08,119,122.0,117.0,122.0,22479000.0,1220.0
2013-11-11,123,125.0,122.0,124.0,8562000.0,1240.0
2013-11-12,123,125.0,122.0,124.0,9142000.0,1240.0
2013-11-13,123,126.0,122.0,126.0,11641000.0,1260.0
2013-11-14,124,126.0,124.0,126.0,12508000.0,1260.0
2013-11-15,126,127.0,124.0,126.0,10211000.0,1260.0
2013-11-18,125,127.0,124.0,125.0,11569000.0,1250.0
2013-11-19,125,125.0,123.0,125.0,6051000.0,1250.0
2013-11-20,125,125.0,123.0,124.0,7808000.0,1240.0
2013-11-21,124,125.0,122.0,123.0,9142000.0,1230.0
2013-11-22,122,123.0,121.0,123.0,8589000.0,1230.0
2013-11-25,124,125.0,123.0,125.0,6900000.0,1250.0
2013-11-26,124,125.0,122.0,122.0,12044000.0,1220.0
2013-11-27,123,123.0,121.0,121.0,11219000.0,1210.0
2013-11-28,122,123.0,121.0,122.0,4566000.0,1220.0
2013-11-29,122,122.0,120.0,121.0,9388000.0,1210.0
2013-12-02,122,123.0,121.0,122.0,5404000.0,1220.0
2013-12-03,122,127.0,122.0,127.0,18568000.0,1270.0
2013-12-04,125,127.0,124.0,124.0,16563000.0,1240.0
2013-12-05,124,125.0,122.0,123.0,10188000.0,1230.0
2013-12-06,123,124.0,123.0,123.0,3564000.0,1230.0
2013-12-09,125,127.0,124.0,125.0,16363000.0,1250.0
2013-12-10,125,126.0,124.0,125.0,8037000.0,1250.0
2013-12-11,125,126.0,124.0,125.0,7591000.0,1250.0
2013-12-12,123,125.0,123.0,125.0,5117000.0,1250.0
2013-12-13,124,126.0,123.0,125.0,18243000.0,1250.0
2013-12-16,125,126.0,122.0,123.0,7457000.0,1230.0
2013-12-17,124,126.0,123.0,126.0,9649000.0,1260.0
2013-12-18,124,126.0,124.0,126.0,9402000.0,1260.0
2013-12-19,126,128.0,125.0,127.0,22099000.0,1270.0
2013-12-20,127,129.0,126.0,129.0,25313000.0,1290.0
2013-12-24,129,132.0,128.0,130.0,31928000.0,1300.0
2013-12-25,128,129.0,127.0,127.0,9700000.0,1270.0
2013-12-26,129,133.0,128.0,132.0,31380000.0,1320.0
2013-12-27,132,134.0,130.0,131.0,26025000.0,1310.0
2013-12-30,135,143.0,134.0,137.0,73081000.0,1370.0
2014-01-06,137,141.0,135.0,138.0,25213000.0,1380.0
2014-01-07,139,143.0,138.0,139.0,36043000.0,1390.0
2014-01-08,142,143.0,140.0,141.0,26754000.0,1410.0
2014-01-09,142,148.0,142.0,146.0,54145000.0,1460.0
2014-01-10,146,157.0,145.0,154.0,77339000.0,1540.0
2014-01-14,148,152.0,146.0,149.0,39911000.0,1490.0
2014-01-15,152,156.0,151.0,152.0,25618000.0,1520.0
2014-01-16,154,156.0,147.0,149.0,33520000.0,1490.0
2014-01-17,149,150.0,148.0,148.0,17559000.0,1480.0
2014-01-20,148,149.0,146.0,146.0,16226000.0,1460.0
2014-01-21,147,148.0,145.0,146.0,13790000.0,1460.0
2014-01-22,145,149.0,144.0,148.0,25527000.0,1480.0
2014-01-23,147,152.0,147.0,149.0,27462000.0,1490.0
2014-01-24,145,148.0,143.0,146.0,22093000.0,1460.0
2014-01-27,141,143.0,137.0,138.0,26381000.0,1380.0
2014-01-28,137,141.0,134.0,138.0,15234000.0,1380.0
2014-01-29,140,145.0,140.0,144.0,16363000.0,1440.0
2014-01-30,140,140.0,136.0,138.0,20530000.0,1380.0
2014-01-31,140,140.0,134.0,135.0,15610000.0,1350.0
2014-02-03,132,135.0,131.0,132.0,19479000.0,1320.0
2014-02-04,127,127.0,122.0,124.0,28351000.0,1240.0
2014-02-05,127,130.0,123.0,127.0,34580000.0,1270.0
2014-02-06,129,132.0,128.0,129.0,21388000.0,1290.0
2014-02-07,133,134.0,131.0,132.0,8796000.0,1320.0
2014-02-10,134,135.0,131.0,135.0,12711000.0,1350.0
2014-02-12,137,138.0,135.0,135.0,13181000.0,1350.0
2014-02-13,136,136.0,130.0,130.0,19371000.0,1300.0
2014-02-14,132,133.0,126.0,128.0,14846000.0,1280.0
2014-02-17,127,132.0,126.0,131.0,8878000.0,1310.0
2014-02-18,130,134.0,128.0,134.0,12208000.0,1340.0
2014-02-19,133,135.0,131.0,132.0,13781000.0,1320.0
2014-02-20,130,132.0,127.0,127.0,14983000.0,1270.0
2014-02-21,130,133.0,129.0,132.0,12543000.0,1320.0
2014-02-24,132,140.0,130.0,139.0,26048000.0,1390.0
2014-02-25,140,146.0,138.0,144.0,29843000.0,1440.0
2014-02-26,142,144.0,141.0,142.0,16124000.0,1420.0
2014-02-27,142,147.0,140.0,143.0,19181000.0,1430.0
2014-02-28,143,145.0,141.0,143.0,8740000.0,1430.0
2014-03-03,139,140.0,136.0,139.0,16399000.0,1390.0
2014-03-04,138,142.0,137.0,139.0,11266000.0,1390.0
2014-03-05,142,144.0,141.0,143.0,9397000.0,1430.0
2014-03-06,143,144.0,141.0,143.0,12508000.0,1430.0
2014-03-07,144,145.0,141.0,142.0,11362000.0,1420.0
2014-03-10,142,143.0,139.0,142.0,7346000.0,1420.0
2014-03-11,141,142.0,141.0,142.0,4858000.0,1420.0
2014-03-12,140,141.0,139.0,141.0,5355000.0,1410.0
2014-03-13,140,143.0,140.0,141.0,8323000.0,1410.0
2014-03-14,137,139.0,136.0,137.0,12983000.0,1370.0
2014-03-17,137,139.0,135.0,136.0,8996000.0,1360.0
2014-03-18,138,139.0,137.0,138.0,7602000.0,1380.0
2014-03-19,139,140.0,136.0,138.0,11347000.0,1380.0
2014-03-20,138,141.0,137.0,137.0,12740000.0,1370.0
2014-03-24,137,145.0,137.0,143.0,17870000.0,1430.0
2014-03-25,141,144.0,141.0,143.0,11784000.0,1430.0
2014-03-26,143,144.0,140.0,141.0,10887000.0,1410.0
2014-03-27,140,144.0,138.0,144.0,15675000.0,1440.0
2014-03-28,144,146.0,142.0,146.0,10844000.0,1460.0
2014-03-31,147,148.0,146.0,147.0,9321000.0,1470.0
2014-04-01,148,149.0,147.0,148.0,8267000.0,1480.0
2014-04-02,148,149.0,147.0,149.0,10541000.0,1490.0
2014-04-03,149,152.0,148.0,149.0,22705000.0,1490.0
2014-04-04,146,148.0,146.0,146.0,7238000.0,1460.0
2014-04-07,144,147.0,143.0,145.0,9833000.0,1450.0
2014-04-08,144,146.0,142.0,143.0,8707000.0,1430.0
2014-04-09,142,144.0,141.0,141.0,10786000.0,1410.0
2014-04-10,143,145.0,140.0,141.0,10879000.0,1410.0
2014-04-11,139,142.0,138.0,140.0,10341000.0,1400.0
2014-04-14,140,140.0,136.0,138.0,10882000.0,1380.0
2014-04-15,139,140.0,138.0,138.0,8136000.0,1380.0
2014-04-16,140,142.0,139.0,140.0,9782000.0,1400.0
2014-04-17,140,143.0,140.0,140.0,9167000.0,1400.0
2014-04-18,141,141.0,140.0,141.0,2963000.0,1410.0
2014-04-21,142,143.0,140.0,141.0,4190000.0,1410.0
2014-04-22,140,142.0,139.0,140.0,7736000.0,1400.0
2014-04-23,140,140.0,139.0,139.0,3947000.0,1390.0
2014-04-24,139,139.0,137.0,137.0,4020000.0,1370.0
2014-04-25,137,138.0,136.0,136.0,4820000.0,1360.0
2014-04-28,135,135.0,132.0,132.0,4882000.0,1320.0
2014-04-30,132,132.0,130.0,131.0,8128000.0,1310.0
2014-05-01,131,136.0,131.0,136.0,9371000.0,1360.0
2014-05-02,135,140.0,135.0,140.0,7445000.0,1400.0
2014-05-07,138,139.0,136.0,136.0,4845000.0,1360.0
2014-05-08,136,139.0,135.0,138.0,5284000.0,1380.0
2014-05-09,137,137.0,134.0,135.0,8445000.0,1350.0
2014-05-12,134,134.0,130.0,132.0,10084000.0,1320.0
2014-05-13,133,134.0,131.0,132.0,8617000.0,1320.0
2014-05-14,131,132.0,128.0,130.0,11060000.0,1300.0
2014-05-15,129,134.0,129.0,132.0,9515000.0,1320.0
2014-05-16,131,132.0,125.0,126.0,20623000.0,1260.0
2014-05-19,126,127.0,123.0,123.0,14673000.0,1230.0
2014-05-20,124,125.0,122.0,123.0,9510000.0,1230.0
2014-05-21,122,123.0,119.0,122.0,12821000.0,1220.0
2014-05-22,121,123.0,120.0,122.0,15231000.0,1220.0
2014-05-23,122,125.0,122.0,122.0,7551000.0,1220.0
2014-05-26,123,124.0,121.0,124.0,10792000.0,1240.0
2014-05-27,123,125.0,122.0,122.0,10050000.0,1220.0
2014-05-28,122,123.0,120.0,121.0,12313000.0,1210.0
2014-05-29,122,126.0,121.0,123.0,15780000.0,1230.0
2014-05-30,125,125.0,122.0,122.0,6534000.0,1220.0
2014-06-02,123,126.0,123.0,124.0,14094000.0,1240.0
2014-06-03,125,126.0,123.0,124.0,7348000.0,1240.0
2014-06-04,123,124.0,121.0,122.0,14549000.0,1220.0
2014-06-05,122,123.0,121.0,122.0,8189000.0,1220.0
2014-06-06,123,124.0,122.0,124.0,8709000.0,1240.0
2014-06-09,124,127.0,124.0,124.0,8374000.0,1240.0
2014-06-10,124,126.0,123.0,124.0,10828000.0,1240.0
2014-06-11,124,126.0,124.0,126.0,5863000.0,1260.0
2014-06-12,124,126.0,124.0,125.0,6466000.0,1250.0
2014-06-13,124,127.0,124.0,126.0,18072000.0,1260.0
2014-06-16,126,127.0,124.0,124.0,8293000.0,1240.0
2014-06-17,125,126.0,124.0,124.0,6781000.0,1240.0
2014-06-18,125,125.0,123.0,124.0,7575000.0,1240.0
2014-06-19,134,145.0,132.0,145.0,98684000.0,1450.0
2014-06-20,144,146.0,140.0,142.0,59275000.0,1420.0
2014-06-23,144,145.0,142.0,143.0,30251000.0,1430.0
2014-06-24,143,146.0,141.0,142.0,34853000.0,1420.0
2014-06-25,141,146.0,141.0,142.0,28330000.0,1420.0
2014-06-26,143,144.0,141.0,141.0,8494000.0,1410.0
2014-06-27,142,142.0,137.0,139.0,19601000.0,1390.0
2014-06-30,139,143.0,137.0,143.0,11112000.0,1430.0
2014-07-01,143,145.0,142.0,143.0,22625000.0,1430.0
2014-07-02,145,148.0,143.0,143.0,25505000.0,1430.0
2014-07-03,144,145.0,143.0,143.0,7872000.0,1430.0
2014-07-04,144,146.0,144.0,146.0,9178000.0,1460.0
2014-07-07,145,146.0,142.0,142.0,10090000.0,1420.0
2014-07-08,142,143.0,140.0,143.0,11089000.0,1430.0
2014-07-09,141,143.0,140.0,141.0,10882000.0,1410.0
2014-07-10,141,142.0,138.0,139.0,6253000.0,1390.0
2014-07-11,137,138.0,135.0,136.0,6941000.0,1360.0
2014-07-14,137,139.0,136.0,137.0,7832000.0,1370.0
2014-07-15,138,139.0,137.0,138.0,5795000.0,1380.0
2014-07-16,137,139.0,136.0,136.0,11853000.0,1360.0
2014-07-17,138,140.0,136.0,137.0,19519000.0,1370.0
2014-07-18,135,136.0,134.0,135.0,7588000.0,1350.0
2014-07-22,135,136.0,135.0,136.0,4934000.0,1360.0
2014-07-23,138,142.0,136.0,139.0,21708000.0,1390.0
2014-07-24,140,143.0,140.0,141.0,19997000.0,1410.0
2014-07-25,141,143.0,140.0,142.0,9382000.0,1420.0
2014-07-28,142,144.0,141.0,142.0,10645000.0,1420.0
2014-07-29,143,144.0,140.0,142.0,6375000.0,1420.0
2014-07-30,142,143.0,140.0,142.0,6462000.0,1420.0
2014-07-31,144,146.0,143.0,145.0,24309000.0,1450.0
2014-08-01,141,142.0,137.0,138.0,20269000.0,1380.0
2014-08-04,137,138.0,134.0,135.0,14390000.0,1350.0
2014-08-05,135,135.0,130.0,130.0,20718000.0,1300.0
2014-08-06,131,133.0,131.0,132.0,17315000.0,1320.0
2014-08-07,130,131.0,125.0,127.0,31598000.0,1270.0
2014-08-08,125,126.0,121.0,122.0,41379000.0,1220.0
2014-08-11,125,126.0,123.0,126.0,14547000.0,1260.0
2014-08-12,126,128.0,124.0,124.0,15371000.0,1240.0
2014-08-13,124,126.0,123.0,126.0,9325000.0,1260.0
2014-08-14,127,129.0,126.0,127.0,10703000.0,1270.0
2014-08-15,128,128.0,124.0,128.0,17288000.0,1280.0
2014-08-18,129,131.0,128.0,129.0,20693000.0,1290.0
2014-08-19,131,132.0,129.0,129.0,9527000.0,1290.0
2014-08-20,129,131.0,129.0,129.0,9548000.0,1290.0
2014-08-21,130,130.0,128.0,130.0,6124000.0,1300.0
2014-08-22,130,130.0,128.0,128.0,4419000.0,1280.0
2014-08-25,128,129.0,127.0,128.0,4614000.0,1280.0
2014-08-26,128,129.0,127.0,127.0,3778000.0,1270.0
2014-08-27,128,129.0,127.0,128.0,6718000.0,1280.0
2014-08-28,127,128.0,126.0,127.0,6663000.0,1270.0
2014-08-29,126,127.0,123.0,124.0,11931000.0,1240.0
2014-09-01,127,127.0,125.0,126.0,10944000.0,1260.0
2014-09-02,126,128.0,125.0,127.0,10203000.0,1270.0
2014-09-03,127,128.0,126.0,127.0,11634000.0,1270.0
2014-09-04,127,127.0,125.0,126.0,8021000.0,1260.0
2014-09-05,127,127.0,125.0,126.0,10332000.0,1260.0
2014-09-08,127,127.0,125.0,125.0,9467000.0,1250.0
2014-09-09,126,127.0,125.0,125.0,5943000.0,1250.0
2014-09-10,125,125.0,123.0,124.0,13444000.0,1240.0
2014-09-11,124,126.0,124.0,126.0,13587000.0,1260.0
2014-09-12,125,126.0,124.0,125.0,11456000.0,1250.0
2014-09-16,125,125.0,124.0,124.0,5045000.0,1240.0
2014-09-17,124,125.0,122.0,122.0,6692000.0,1220.0
2014-09-18,123,125.0,122.0,124.0,7970000.0,1240.0
2014-09-19,124,127.0,124.0,125.0,25054000.0,1250.0
2014-09-22,124,125.0,121.0,122.0,16680000.0,1220.0
2014-09-24,121,123.0,121.0,122.0,6324000.0,1220.0
2014-09-25,123,123.0,122.0,122.0,6624000.0,1220.0
2014-09-26,121,123.0,121.0,122.0,5427000.0,1220.0
2014-09-29,123,125.0,123.0,124.0,9706000.0,1240.0
2014-09-30,124,125.0,121.0,121.0,11039000.0,1210.0
2014-10-01,121,122.0,121.0,121.0,8079000.0,1210.0
2014-10-02,120,121.0,116.0,116.0,21399000.0,1160.0
2014-10-03,116,118.0,115.0,117.0,15269000.0,1170.0
2014-10-06,120,120.0,118.0,118.0,5968000.0,1180.0
2014-10-07,116,117.0,111.0,112.0,27056000.0,1120.0
2014-10-08,110,111.0,107.0,108.0,23304000.0,1080.0
2014-10-09,108,109.0,104.0,105.0,31621000.0,1050.0
2014-10-10,102,104.0,101.0,102.0,25877000.0,1020.0
2014-10-14,100,103.0,99.0,101.0,18396000.0,1010.0
2014-10-15,102,103.0,100.0,102.0,10932000.0,1020.0
2014-10-16,99,100.0,96.0,96.0,33536000.0,960.0
2014-10-17,96,98.0,94.0,96.0,24194000.0,960.0
2014-10-20,99,101.0,97.0,99.0,13882000.0,990.0
2014-10-21,99,100.0,97.0,98.0,15602000.0,980.0
2014-10-22,99,100.0,98.0,98.0,11140000.0,980.0
2014-10-23,97,98.0,96.0,97.0,15437000.0,970.0
2014-10-24,97,98.0,96.0,96.0,14259000.0,960.0
2014-10-27,97,98.0,95.0,96.0,27417000.0,960.0
2014-10-28,95,95.0,94.0,94.0,16215000.0,940.0
2014-10-29,94,98.0,94.0,97.0,15749000.0,970.0
2014-10-30,99,99.0,96.0,98.0,18945000.0,980.0
2014-10-31,99,105.0,99.0,105.0,19141000.0,1050.0
2014-11-04,112,113.0,109.0,110.0,28084000.0,1100.0
2014-11-05,111,112.0,106.0,108.0,26327000.0,1080.0
2014-11-06,109,111.0,107.0,108.0,19441000.0,1080.0
2014-11-07,111,112.0,104.0,104.0,39424000.0,1040.0
2014-11-10,105,110.0,104.0,108.0,17305000.0,1080.0
2014-11-11,108,110.0,108.0,109.0,21102000.0,1090.0
2014-11-12,110,111.0,108.0,108.0,18424000.0,1080.0
2014-11-13,108,109.0,107.0,108.0,8687000.0,1080.0
2014-11-14,109,109.0,107.0,107.0,10609000.0,1070.0
2014-11-17,107,108.0,103.0,104.0,15676000.0,1040.0
2014-11-18,105,108.0,105.0,107.0,6880000.0,1070.0
2014-11-19,108,112.0,107.0,111.0,25571000.0,1110.0
2014-11-20,113,117.0,112.0,117.0,34730000.0,1170.0
2014-11-21,116,116.0,113.0,115.0,19150000.0,1150.0
2014-11-25,116,117.0,114.0,115.0,12844000.0,1150.0
2014-11-26,116,116.0,114.0,115.0,14446000.0,1150.0
2014-11-27,115,117.0,113.0,116.0,15270000.0,1160.0
2014-11-28,116,119.0,116.0,118.0,26805000.0,1180.0
2014-12-01,119,120.0,118.0,119.0,9506000.0,1190.0
2014-12-02,119,120.0,118.0,119.0,8023000.0,1190.0
2014-12-03,119,120.0,118.0,119.0,10341000.0,1190.0
2014-12-04,120,120.0,118.0,119.0,12471000.0,1190.0
2014-12-05,118,119.0,117.0,118.0,9573000.0,1180.0
2014-12-08,118,118.0,116.0,118.0,8137000.0,1180.0
2014-12-09,117,118.0,116.0,116.0,7823000.0,1160.0
2014-12-10,115,116.0,113.0,115.0,13660000.0,1150.0
2014-12-11,113,115.0,110.0,114.0,23931000.0,1140.0
2014-12-12,116,119.0,115.0,119.0,14822000.0,1190.0
2014-12-15,117,118.0,114.0,115.0,17073000.0,1150.0
2014-12-16,114,114.0,110.0,110.0,14771000.0,1100.0
2014-12-17,110,112.0,109.0,111.0,8515000.0,1110.0
2014-12-18,114,114.0,112.0,113.0,10576000.0,1130.0
2014-12-19,114,115.0,112.0,114.0,9226000.0,1140.0
2014-12-22,114,114.0,113.0,114.0,7655000.0,1140.0
2014-12-24,114,116.0,113.0,114.0,14811000.0,1140.0
2014-12-25,113,114.0,111.0,113.0,11883000.0,1130.0
2014-12-26,112,117.0,112.0,115.0,14297000.0,1150.0
2014-12-29,116,116.0,113.0,115.0,8837000.0,1150.0
2014-12-30,114,114.0,113.0,114.0,4437000.0,1140.0
2015-01-05,113,115.0,112.0,114.0,12073000.0,1140.0
2015-01-06,112,113.0,110.0,111.0,14089000.0,1110.0
2015-01-07,110,113.0,109.0,110.0,20258000.0,1100.0
2015-01-08,112,113.0,111.0,112.0,11042000.0,1120.0
2015-01-09,113,113.0,110.0,111.0,12421000.0,1110.0
2015-01-13,110,110.0,107.0,110.0,22205000.0,1100.0
2015-01-14,108,109.0,106.0,106.0,19806000.0,1060.0
2015-01-15,106,108.0,106.0,106.0,10144000.0,1060.0
2015-01-16,104,105.0,101.0,102.0,24874000.0,1020.0
2015-01-19,104,108.0,103.0,106.0,18379000.0,1060.0
2015-01-20,108,111.0,107.0,108.0,15612000.0,1080.0
2015-01-21,107,108.0,106.0,107.0,8258000.0,1070.0
2015-01-22,108,109.0,106.0,109.0,6553000.0,1090.0
2015-01-23,109,111.0,108.0,109.0,9368000.0,1090.0
2015-01-26,107,109.0,106.0,106.0,9039000.0,1060.0
2015-01-27,108,112.0,107.0,112.0,20147000.0,1120.0
2015-01-28,110,113.0,110.0,112.0,13023000.0,1120.0
2015-01-29,112,114.0,110.0,110.0,15696000.0,1100.0
2015-01-30,111,112.0,109.0,109.0,11050000.0,1090.0
2015-02-02,108,109.0,103.0,103.0,29688000.0,1030.0
2015-02-03,106,108.0,103.0,108.0,22837000.0,1080.0
2015-02-04,110,111.0,108.0,110.0,14526000.0,1100.0
2015-02-05,108,111.0,108.0,110.0,10475000.0,1100.0
2015-02-06,110,110.0,108.0,110.0,6422000.0,1100.0
2015-02-09,110,113.0,110.0,111.0,18837000.0,1110.0
2015-02-10,110,112.0,110.0,110.0,5606000.0,1100.0
2015-02-12,112,113.0,110.0,112.0,11412000.0,1120.0
2015-02-13,112,113.0,111.0,112.0,13159000.0,1120.0
2015-02-16,113,116.0,113.0,115.0,22045000.0,1150.0
2015-02-17,115,117.0,114.0,115.0,13584000.0,1150.0
2015-02-18,116,118.0,115.0,118.0,27472000.0,1180.0
2015-02-19,117,119.0,116.0,118.0,13941000.0,1180.0
2015-02-20,118,119.0,116.0,116.0,11095000.0,1160.0
2015-02-23,118,118.0,116.0,117.0,12629000.0,1170.0
2015-02-24,116,122.0,116.0,122.0,31383000.0,1220.0
2015-02-25,123,126.0,122.0,125.0,34099000.0,1250.0
2015-02-26,124,126.0,122.0,125.0,20185000.0,1250.0
2015-02-27,124,125.0,123.0,123.0,14593000.0,1230.0
2015-03-02,123,127.0,123.0,125.0,30401000.0,1250.0
2015-03-03,125,125.0,119.0,120.0,30284000.0,1200.0
2015-03-04,118,120.0,117.0,119.0,17664000.0,1190.0
2015-03-05,118,121.0,118.0,119.0,13087000.0,1190.0
2015-03-06,120,121.0,119.0,120.0,15297000.0,1200.0
2015-03-09,119,120.0,117.0,118.0,17793000.0,1180.0
2015-03-10,118,119.0,114.0,116.0,30432000.0,1160.0
2015-03-11,114,117.0,113.0,115.0,19215000.0,1150.0
2015-03-12,115,117.0,115.0,115.0,10024000.0,1150.0
2015-03-13,116,117.0,113.0,115.0,26220000.0,1150.0
2015-03-16,116,116.0,114.0,115.0,9538000.0,1150.0
2015-03-17,117,117.0,115.0,115.0,13490000.0,1150.0
2015-03-18,115,116.0,114.0,116.0,13309000.0,1160.0
2015-03-19,115,117.0,114.0,115.0,11779000.0,1150.0
2015-03-20,115,117.0,115.0,116.0,21205000.0,1160.0
2015-03-23,118,121.0,117.0,119.0,22178000.0,1190.0
2015-03-24,119,120.0,118.0,119.0,8245000.0,1190.0
2015-03-25,119,119.0,117.0,119.0,12874000.0,1190.0
2015-03-26,117,118.0,115.0,117.0,14549000.0,1170.0
2015-03-27,117,118.0,115.0,115.0,9642000.0,1150.0
2015-03-30,116,117.0,115.0,116.0,8806000.0,1160.0
2015-03-31,116,120.0,116.0,118.0,21898000.0,1180.0
2015-04-01,117,118.0,116.0,117.0,13885000.0,1170.0
2015-04-02,118,120.0,117.0,117.0,16564000.0,1170.0
2015-04-03,118,118.0,116.0,117.0,9722000.0,1170.0
2015-04-06,116,117.0,115.0,116.0,10483000.0,1160.0
2015-04-07,117,122.0,116.0,122.0,23159000.0,1220.0
2015-04-08,122,123.0,120.0,120.0,12066000.0,1200.0
2015-04-09,121,121.0,119.0,120.0,8458000.0,1200.0
2015-04-10,121,124.0,120.0,124.0,20346000.0,1240.0
2015-04-13,124,127.0,123.0,124.0,31175000.0,1240.0
2015-04-14,123,127.0,123.0,125.0,25497000.0,1250.0
2015-04-15,125,129.0,125.0,126.0,30825000.0,1260.0
2015-04-16,126,130.0,126.0,130.0,39755000.0,1300.0
2015-04-17,131,132.0,126.0,127.0,36994000.0,1270.0
2015-04-20,125,127.0,124.0,126.0,17054000.0,1260.0
2015-04-21,128,128.0,125.0,126.0,13031000.0,1260.0
2015-04-22,127,128.0,126.0,127.0,10297000.0,1270.0
2015-04-23,128,129.0,127.0,127.0,11661000.0,1270.0
2015-04-24,127,129.0,126.0,127.0,10505000.0,1270.0
2015-04-27,127,128.0,125.0,126.0,13841000.0,1260.0
2015-04-28,126,127.0,122.0,124.0,18114000.0,1240.0
2015-04-30,122,123.0,121.0,122.0,10741000.0,1220.0
2015-05-01,122,123.0,120.0,121.0,11554000.0,1210.0
2015-05-07,120,125.0,119.0,122.0,22188000.0,1220.0
2015-05-08,123,123.0,121.0,122.0,10144000.0,1220.0
2015-05-11,123,124.0,121.0,121.0,10827000.0,1210.0
2015-05-12,121,124.0,121.0,123.0,9555000.0,1230.0
2015-05-13,123,124.0,122.0,122.0,12236000.0,1220.0
2015-05-14,123,125.0,122.0,124.0,19252000.0,1240.0
2015-05-15,123,123.0,117.0,118.0,42518000.0,1180.0
2015-05-18,118,119.0,116.0,119.0,16459000.0,1190.0
2015-05-19,119,120.0,119.0,119.0,5188000.0,1190.0
2015-05-20,120,121.0,119.0,120.0,8278000.0,1200.0
2015-05-21,120,121.0,118.0,120.0,17333000.0,1200.0
2015-05-22,120,121.0,119.0,120.0,9192000.0,1200.0
2015-05-25,120,125.0,120.0,123.0,16140000.0,1230.0
2015-05-26,124,127.0,124.0,126.0,25366000.0,1260.0
2015-05-27,128,130.0,127.0,130.0,28234000.0,1300.0
2015-05-28,131,132.0,128.0,130.0,22985000.0,1300.0
2015-05-29,128,130.0,128.0,130.0,10073000.0,1300.0
2015-06-01,129,135.0,129.0,134.0,35863000.0,1340.0
2015-06-02,135,136.0,132.0,134.0,24858000.0,1340.0
2015-06-03,135,141.0,134.0,140.0,40577000.0,1400.0
2015-06-04,141,147.0,141.0,142.0,69718000.0,1420.0
2015-06-05,141,144.0,139.0,140.0,37495000.0,1400.0
2015-06-08,140,142.0,137.0,138.0,24459000.0,1380.0
2015-06-09,136,138.0,134.0,135.0,31588000.0,1350.0
2015-06-10,136,137.0,133.0,134.0,23202000.0,1340.0
2015-06-11,135,137.0,134.0,136.0,18523000.0,1360.0
2015-06-12,137,138.0,133.0,134.0,23540000.0,1340.0
2015-06-15,133,134.0,132.0,134.0,13843000.0,1340.0
2015-06-16,134,135.0,133.0,134.0,14307000.0,1340.0
2015-06-17,135,136.0,132.0,133.0,22178000.0,1330.0
2015-06-18,134,134.0,131.0,131.0,9319000.0,1310.0
2015-06-19,133,133.0,130.0,132.0,21605000.0,1320.0
2015-06-22,132,133.0,130.0,133.0,17308000.0,1330.0
2015-06-23,135,137.0,133.0,136.0,20357000.0,1360.0
2015-06-24,136,139.0,136.0,136.0,20235000.0,1360.0
2015-06-25,135,136.0,134.0,135.0,11555000.0,1350.0
2015-06-26,135,141.0,133.0,137.0,26923000.0,1370.0
2015-06-29,130,133.0,130.0,130.0,31382000.0,1300.0
2015-06-30,132,133.0,129.0,130.0,18001000.0,1300.0
2015-07-01,130,132.0,130.0,130.0,14341000.0,1300.0
2015-07-02,132,133.0,130.0,130.0,9027000.0,1300.0
2015-07-03,130,131.0,127.0,128.0,20609000.0,1280.0
2015-07-06,126,127.0,124.0,126.0,15387000.0,1260.0
2015-07-07,128,129.0,124.0,125.0,19503000.0,1250.0
2015-07-08,125,125.0,120.0,120.0,31711000.0,1200.0
2015-07-09,117,121.0,115.0,120.0,26111000.0,1200.0
2015-07-10,120,121.0,118.0,120.0,25388000.0,1200.0
2015-07-13,122,124.0,121.0,123.0,13867000.0,1230.0
2015-07-14,125,128.0,125.0,127.0,14332000.0,1270.0
2015-07-15,127,128.0,125.0,125.0,7986000.0,1250.0
2015-07-16,127,127.0,123.0,126.0,18931000.0,1260.0
2015-07-17,125,127.0,123.0,127.0,16229000.0,1270.0
2015-07-21,127,130.0,126.0,130.0,12764000.0,1300.0
2015-07-22,129,132.0,128.0,128.0,21474000.0,1280.0
2015-07-23,128,130.0,127.0,130.0,6507000.0,1300.0
2015-07-24,129,130.0,128.0,128.0,8400000.0,1280.0
2015-07-27,128,129.0,126.0,127.0,10246000.0,1270.0
2015-07-28,125,127.0,124.0,125.0,15442000.0,1250.0
2015-07-29,125,126.0,124.0,124.0,12949000.0,1240.0
2015-07-30,125,129.0,123.0,128.0,17652000.0,1280.0
2015-07-31,128,131.0,127.0,128.0,17149000.0,1280.0
2015-08-03,121,122.0,116.0,117.0,49047000.0,1170.0
2015-08-04,117,117.0,114.0,114.0,20158000.0,1140.0
2015-08-05,114,116.0,113.0,114.0,16678000.0,1140.0
2015-08-06,115,118.0,115.0,116.0,10273000.0,1160.0
2015-08-07,115,117.0,115.0,117.0,13716000.0,1170.0
2015-08-10,116,117.0,115.0,115.0,8253000.0,1150.0
2015-08-11,117,117.0,115.0,116.0,9116000.0,1160.0
2015-08-12,115,117.0,114.0,115.0,15259000.0,1150.0
2015-08-13,115,119.0,114.0,118.0,38245000.0,1180.0
2015-08-14,118,120.0,117.0,117.0,22130000.0,1170.0
2015-08-17,119,120.0,118.0,120.0,11981000.0,1200.0
2015-08-18,120,122.0,119.0,122.0,16168000.0,1220.0
2015-08-19,121,122.0,120.0,121.0,9793000.0,1210.0
2015-08-20,120,121.0,119.0,121.0,8972000.0,1210.0
2015-08-21,117,118.0,116.0,116.0,9209000.0,1160.0
2015-08-24,113,113.0,107.0,108.0,36381000.0,1080.0
2015-08-25,102,110.0,99.0,104.0,38329000.0,1040.0
2015-08-26,108,109.0,105.0,108.0,22340000.0,1080.0
2015-08-27,110,110.0,107.0,107.0,22312000.0,1070.0
2015-08-28,109,113.0,109.0,112.0,20695000.0,1120.0
2015-08-31,111,112.0,110.0,110.0,8866000.0,1100.0
2015-09-01,108,109.0,106.0,106.0,15491000.0,1060.0
2015-09-02,103,108.0,103.0,107.0,24893000.0,1070.0
2015-09-03,110,111.0,108.0,110.0,14149000.0,1100.0
2015-09-04,109,110.0,106.0,108.0,13387000.0,1080.0
2015-09-07,105,106.0,103.0,105.0,10975000.0,1050.0
2015-09-08,104,106.0,103.0,105.0,12960000.0,1050.0
2015-09-09,107,113.0,107.0,113.0,22612000.0,1130.0
2015-09-10,110,111.0,109.0,110.0,11869000.0,1100.0
2015-09-11,109,111.0,107.0,109.0,18067000.0,1090.0
2015-09-14,109,111.0,108.0,109.0,6707000.0,1090.0
2015-09-15,110,111.0,106.0,107.0,15723000.0,1070.0
2015-09-16,109,109.0,106.0,109.0,5743000.0,1090.0
2015-09-17,109,111.0,109.0,110.0,11464000.0,1100.0
2015-09-18,109,110.0,107.0,107.0,11452000.0,1070.0
2015-09-24,105,107.0,103.0,104.0,11441000.0,1040.0
2015-09-25,103,105.0,101.0,105.0,14764000.0,1050.0
2015-09-28,105,105.0,102.0,103.0,13409000.0,1030.0
2015-09-29,101,101.0,97.0,98.0,26342000.0,980.0
2015-09-30,100,102.0,99.0,101.0,10693000.0,1010.0
2015-10-01,101,104.0,100.0,103.0,12627000.0,1030.0
2015-10-02,102,104.0,101.0,103.0,7140000.0,1030.0
2015-10-05,103,105.0,102.0,103.0,7444000.0,1030.0
2015-10-06,105,107.0,104.0,106.0,8979000.0,1060.0
2015-10-07,105,108.0,105.0,107.0,10975000.0,1070.0
2015-10-08,107,109.0,106.0,107.0,7875000.0,1070.0
2015-10-09,107,112.0,107.0,112.0,15958000.0,1120.0
2015-10-13,112,116.0,111.0,113.0,18731000.0,1130.0
2015-10-14,112,115.0,111.0,111.0,18001000.0,1110.0
2015-10-15,110,112.0,109.0,112.0,5813000.0,1120.0
2015-10-16,114,116.0,112.0,112.0,13484000.0,1120.0
2015-10-19,113,114.0,112.0,114.0,4346000.0,1140.0
2015-10-20,113,114.0,111.0,112.0,13568000.0,1120.0
2015-10-21,112,115.0,111.0,115.0,11819000.0,1150.0
2015-10-22,113,115.0,113.0,114.0,10661000.0,1140.0
2015-10-23,116,117.0,114.0,115.0,9149000.0,1150.0
2015-10-26,116,116.0,115.0,116.0,3380000.0,1160.0
2015-10-27,115,115.0,114.0,115.0,5245000.0,1150.0
2015-10-28,114,115.0,112.0,113.0,18817000.0,1130.0
2015-10-29,114,114.0,112.0,114.0,9359000.0,1140.0
2015-10-30,106,107.0,103.0,105.0,33406000.0,1050.0
2015-11-02,104,106.0,103.0,104.0,14386000.0,1040.0
2015-11-04,107,107.0,105.0,105.0,8662000.0,1050.0
2015-11-05,106,106.0,104.0,105.0,8746000.0,1050.0
2015-11-06,106,108.0,104.0,108.0,17579000.0,1080.0
2015-11-09,109,110.0,107.0,109.0,13577000.0,1090.0
2015-11-10,107,108.0,106.0,106.0,11400000.0,1060.0
2015-11-11,106,107.0,104.0,106.0,10072000.0,1060.0
2015-11-12,105,106.0,105.0,105.0,5510000.0,1050.0
2015-11-13,105,107.0,104.0,105.0,8213000.0,1050.0
2015-11-16,104,105.0,103.0,105.0,10433000.0,1050.0
2015-11-17,106,108.0,105.0,106.0,12748000.0,1060.0
2015-11-18,106,107.0,105.0,105.0,8093000.0,1050.0
2015-11-19,106,106.0,105.0,106.0,6400000.0,1060.0
2015-11-20,105,106.0,105.0,105.0,7699000.0,1050.0
2015-11-24,106,107.0,106.0,107.0,10440000.0,1070.0
2015-11-25,106,107.0,106.0,106.0,7252000.0,1060.0
2015-11-26,106,107.0,105.0,105.0,16453000.0,1050.0
2015-11-27,106,108.0,105.0,105.0,18162000.0,1050.0
2015-11-30,106,107.0,104.0,106.0,20770000.0,1060.0
2015-12-01,104,106.0,104.0,104.0,17854000.0,1040.0
2015-12-02,104,105.0,103.0,104.0,14150000.0,1040.0
2015-12-03,103,104.0,102.0,102.0,23409000.0,1020.0
2015-12-04,101,103.0,101.0,101.0,20780000.0,1010.0
2015-12-07,102,103.0,101.0,101.0,20810000.0,1010.0
2015-12-08,102,103.0,101.0,101.0,18837000.0,1010.0
2015-12-09,101,102.0,101.0,101.0,14424000.0,1010.0
2015-12-10,101,102.0,101.0,102.0,5580000.0,1020.0
2015-12-11,101,102.0,100.0,102.0,18726000.0,1020.0
2015-12-14,101,101.0,99.0,101.0,11336000.0,1010.0
2015-12-15,100,100.0,98.0,99.0,27826000.0,990.0
2015-12-16,100,101.0,99.0,100.0,12054000.0,1000.0
2015-12-17,101,101.0,99.0,101.0,13747000.0,1010.0
2015-12-18,100,101.0,99.0,100.0,13833000.0,1000.0
2015-12-21,100,100.0,97.0,99.0,17166000.0,990.0
2015-12-22,98,99.0,97.0,98.0,14163000.0,980.0
2015-12-24,98,99.0,96.0,96.0,26939000.0,960.0
2015-12-25,95,96.0,93.0,94.0,29681000.0,940.0
2015-12-28,94,100.0,94.0,98.0,17633000.0,980.0
2015-12-29,98,99.0,97.0,98.0,13588000.0,980.0
2015-12-30,98,100.0,98.0,98.0,4862000.0,980.0
2016-01-04,99,101.0,97.0,98.0,10945000.0,980.0
2016-01-05,97,99.0,97.0,98.0,9297000.0,980.0
2016-01-06,99,101.0,97.0,98.0,21772000.0,980.0
2016-01-07,97,99.0,94.0,95.0,16756000.0,950.0
2016-01-08,94,95.0,93.0,93.0,17955000.0,930.0
2016-01-12,92,93.0,89.0,90.0,17249000.0,900.0
2016-01-13,91,93.0,90.0,92.0,12073000.0,920.0
2016-01-14,89,90.0,86.0,89.0,18036000.0,890.0
2016-01-15,90,91.0,86.0,87.0,25908000.0,870.0
2016-01-18,83,86.0,81.0,85.0,16608000.0,850.0
2016-01-19,85,87.0,84.0,85.0,13170000.0,850.0
2016-01-20,85,86.0,82.0,82.0,17805000.0,820.0
2016-01-21,82,85.0,80.0,81.0,21986000.0,810.0
2016-01-22,83,86.0,82.0,86.0,12421000.0,860.0
2016-01-25,87,90.0,85.0,88.0,16087000.0,880.0
2016-01-26,86,89.0,86.0,87.0,7974000.0,870.0
2016-01-27,90,91.0,88.0,88.0,15814000.0,880.0
2016-01-28,88,89.0,87.0,87.0,13895000.0,870.0
2016-01-29,87,88.0,84.0,88.0,21994000.0,880.0
2016-02-01,88,88.0,84.0,86.0,21333000.0,860.0
2016-02-02,86,89.0,85.0,85.0,13880000.0,850.0
2016-02-03,83,84.0,80.0,80.0,21058000.0,800.0
2016-02-04,80,83.0,78.0,81.0,15455000.0,810.0
2016-02-05,80,82.0,77.0,78.0,24278000.0,780.0
2016-02-08,77,80.0,76.0,78.0,21030000.0,780.0
2016-02-09,75,76.0,73.0,74.0,15123000.0,740.0
2016-02-10,74,75.0,70.0,71.0,13724000.0,710.0
2016-02-12,67,68.0,64.0,64.0,27920000.0,640.0
2016-02-15,68,69.0,65.0,68.0,15074000.0,680.0
2016-02-16,67,72.0,67.0,70.0,13410000.0,700.0
2016-02-17,69,73.0,68.0,70.0,19664000.0,700.0
2016-02-18,72,76.0,72.0,73.0,13853000.0,730.0
2016-02-19,71,75.0,71.0,73.0,11644000.0,730.0
2016-02-22,73,74.0,72.0,72.0,8655000.0,720.0
2016-02-23,72,74.0,71.0,71.0,10488000.0,710.0
2016-02-24,70,71.0,70.0,70.0,7280000.0,700.0
2016-02-25,74,75.0,72.0,73.0,23853000.0,730.0
2016-02-26,74,75.0,72.0,72.0,16704000.0,720.0
2016-02-29,72,74.0,71.0,72.0,9103000.0,720.0
2016-03-01,72,72.0,70.0,71.0,12308000.0,710.0
2016-03-02,73,73.0,71.0,73.0,10103000.0,730.0
2016-03-03,72,77.0,72.0,76.0,18420000.0,760.0
2016-03-04,76,81.0,76.0,78.0,20586000.0,780.0
2016-03-07,81,82.0,79.0,81.0,14267000.0,810.0
2016-03-08,82,83.0,79.0,80.0,18034000.0,800.0
2016-03-09,79,81.0,77.0,79.0,16015000.0,790.0
2016-03-10,81,81.0,79.0,81.0,8670000.0,810.0
2016-03-11,80,83.0,79.0,83.0,12362000.0,830.0
2016-03-14,83,83.0,81.0,83.0,12059000.0,830.0
2016-03-15,83,85.0,82.0,84.0,14334000.0,840.0
2016-03-16,84,84.0,81.0,82.0,12454000.0,820.0
2016-03-17,83,84.0,82.0,83.0,7568000.0,830.0
2016-03-18,83,83.0,80.0,82.0,13437000.0,820.0
2016-03-22,83,83.0,81.0,83.0,6117000.0,830.0
2016-03-23,83,83.0,81.0,81.0,5379000.0,810.0
2016-03-24,81,82.0,80.0,80.0,6421000.0,800.0
2016-03-25,81,81.0,79.0,80.0,6865000.0,800.0
2016-03-28,79,80.0,77.0,79.0,13900000.0,790.0
2016-03-29,78,81.0,78.0,80.0,5876000.0,800.0
2016-03-30,80,82.0,80.0,81.0,7397000.0,810.0
2016-03-31,81,82.0,79.0,80.0,5588000.0,800.0
2016-04-01,75,81.0,75.0,79.0,35522000.0,790.0
2016-04-04,80,83.0,79.0,82.0,22882000.0,820.0
2016-04-05,81,82.0,79.0,80.0,11577000.0,800.0
2016-04-06,79,80.0,77.0,79.0,11795000.0,790.0
2016-04-07,80,80.0,77.0,79.0,5198000.0,790.0
2016-04-08,78,80.0,77.0,80.0,6300000.0,800.0
2016-04-11,80,81.0,79.0,80.0,7012000.0,800.0
2016-04-12,81,85.0,81.0,84.0,14737000.0,840.0
2016-04-13,84,86.0,83.0,86.0,8412000.0,860.0
2016-04-14,86,88.0,86.0,87.0,12281000.0,870.0
2016-04-15,87,88.0,85.0,85.0,7130000.0,850.0
2016-04-18,83,84.0,82.0,84.0,8927000.0,840.0
2016-04-19,85,87.0,84.0,87.0,9494000.0,870.0
2016-04-20,88,90.0,87.0,89.0,17526000.0,890.0
2016-04-21,90,94.0,90.0,93.0,22269000.0,930.0
2016-04-22,92,95.0,92.0,94.0,14543000.0,940.0
2016-04-25,95,96.0,92.0,94.0,15820000.0,940.0
2016-04-26,93,94.0,90.0,91.0,10007000.0,910.0
2016-04-27,91,92.0,89.0,91.0,13468000.0,910.0
2016-04-28,90,91.0,86.0,86.0,14706000.0,860.0
2016-05-02,84,86.0,83.0,83.0,7405000.0,830.0
2016-05-06,84,84.0,81.0,82.0,7306000.0,820.0
2016-05-09,84,87.0,81.0,82.0,15071000.0,820.0
2016-05-10,84,89.0,83.0,87.0,28390000.0,870.0
2016-05-11,91,92.0,85.0,86.0,26872000.0,860.0
2016-05-12,85,86.0,84.0,85.0,8366000.0,850.0
2016-05-13,86,86.0,82.0,82.0,12609000.0,820.0
2016-05-16,86,90.0,85.0,85.0,19715000.0,850.0
2016-05-17,86,87.0,84.0,85.0,11445000.0,850.0
2016-05-18,84,86.0,83.0,84.0,16556000.0,840.0
2016-05-19,85,87.0,82.0,87.0,17554000.0,870.0
2016-05-20,86,89.0,85.0,88.0,11417000.0,880.0
2016-05-23,89,91.0,88.0,91.0,15895000.0,910.0
2016-05-24,90,93.0,90.0,92.0,14700000.0,920.0
2016-05-25,94,94.0,92.0,92.0,9242000.0,920.0
2016-05-26,92,92.0,90.0,91.0,8540000.0,910.0
2016-05-27,92,93.0,91.0,92.0,6319000.0,920.0
2016-05-30,93,93.0,91.0,93.0,5526000.0,930.0
2016-05-31,92,93.0,90.0,93.0,11362000.0,930.0
2016-06-01,93,93.0,90.0,90.0,12769000.0,900.0
2016-06-02,89,90.0,85.0,87.0,17910000.0,870.0
2016-06-03,87,89.0,86.0,88.0,10287000.0,880.0
2016-06-06,86,87.0,84.0,85.0,11749000.0,850.0
2016-06-07,86,88.0,84.0,87.0,12659000.0,870.0
2016-06-08,88,88.0,86.0,87.0,7772000.0,870.0
2016-06-09,87,88.0,86.0,86.0,12103000.0,860.0
2016-06-10,85,86.0,83.0,84.0,8886000.0,840.0
2016-06-13,82,82.0,79.0,79.0,15821000.0,790.0
2016-06-14,79,80.0,77.0,78.0,15018000.0,780.0
2016-06-15,77,78.0,76.0,78.0,10373000.0,780.0
2016-06-16,77,78.0,74.0,74.0,11926000.0,740.0
2016-06-17,76,78.0,75.0,77.0,12996000.0,770.0
2016-06-20,79,83.0,78.0,81.0,15047000.0,810.0
2016-06-21,82,84.0,81.0,83.0,11850000.0,830.0
2016-06-22,82,83.0,79.0,81.0,16773000.0,810.0
2016-06-23,81,87.0,80.0,86.0,19103000.0,860.0
2016-06-24,89,89.0,69.0,70.0,69477000.0,700.0
2016-06-27,70,70.0,64.0,64.0,37689000.0,640.0
2016-06-28,64,64.0,60.0,62.0,46047000.0,620.0
2016-06-29,64,65.0,62.0,63.0,21736000.0,630.0
2016-06-30,65,67.0,63.0,64.0,35334000.0,640.0
2016-07-01,65,66.0,65.0,66.0,13053000.0,660.0
2016-07-04,65,67.0,65.0,66.0,15944000.0,660.0
2016-07-05,66,67.0,65.0,65.0,7734000.0,650.0
2016-07-06,64,64.0,60.0,62.0,37535000.0,620.0
2016-07-07,62,63.0,60.0,60.0,19559000.0,600.0
2016-07-08,61,62.0,60.0,60.0,13068000.0,600.0
2016-07-11,62,64.0,61.0,64.0,16505000.0,640.0
2016-07-12,66,67.0,64.0,65.0,18678000.0,650.0
2016-07-13,68,69.0,66.0,69.0,35307000.0,690.0
2016-07-14,68,71.0,68.0,70.0,18567000.0,700.0
2016-07-15,73,76.0,72.0,74.0,35934000.0,740.0
2016-07-19,75,76.0,73.0,74.0,16458000.0,740.0
2016-07-20,72,75.0,71.0,75.0,14383000.0,750.0
2016-07-21,75,77.0,74.0,76.0,19814000.0,760.0
2016-07-22,74,76.0,74.0,75.0,12792000.0,750.0
2016-07-25,75,76.0,74.0,74.0,10516000.0,740.0
2016-07-26,74,74.0,71.0,72.0,12827000.0,720.0
2016-07-27,73,76.0,73.0,76.0,12386000.0,760.0
2016-07-28,75,76.0,74.0,74.0,6806000.0,740.0
2016-07-29,74,76.0,73.0,76.0,15181000.0,760.0
2016-08-01,79,81.0,77.0,81.0,22635000.0,810.0
2016-08-02,80,83.0,79.0,82.0,14625000.0,820.0
2016-08-03,80,81.0,78.0,79.0,18430000.0,790.0
2016-08-04,79,79.0,77.0,79.0,12811000.0,790.0
2016-08-05,78,81.0,78.0,79.0,10032000.0,790.0
2016-08-08,79,81.0,79.0,81.0,10188000.0,810.0
2016-08-09,81,82.0,78.0,82.0,15381000.0,820.0
2016-08-10,81,82.0,79.0,80.0,10304000.0,800.0
2016-08-12,80,81.0,79.0,80.0,8624000.0,800.0
2016-08-15,78,80.0,78.0,80.0,5877000.0,800.0
2016-08-16,80,81.0,79.0,79.0,8123000.0,790.0
2016-08-17,79,81.0,79.0,81.0,10782000.0,810.0
2016-08-18,79,81.0,78.0,79.0,10564000.0,790.0
2016-08-19,80,81.0,79.0,80.0,8752000.0,800.0
2016-08-22,80,81.0,79.0,80.0,6555000.0,800.0
2016-08-23,79,80.0,76.0,77.0,12175000.0,770.0
2016-08-24,77,79.0,76.0,78.0,10535000.0,780.0
2016-08-25,77,78.0,76.0,76.0,7973000.0,760.0
2016-08-26,76,77.0,75.0,76.0,8248000.0,760.0
2016-08-29,77,79.0,77.0,79.0,9436000.0,790.0
2016-08-30,79,79.0,78.0,79.0,6482000.0,790.0
2016-08-31,80,81.0,79.0,80.0,12189000.0,800.0
2016-09-01,80,81.0,79.0,80.0,7146000.0,800.0
2016-09-02,80,82.0,80.0,81.0,11334000.0,810.0
2016-09-05,83,84.0,82.0,83.0,15493000.0,830.0
2016-09-06,84,85.0,83.0,84.0,10483000.0,840.0
2016-09-07,82,85.0,82.0,85.0,7323000.0,850.0
2016-09-08,85,85.0,84.0,84.0,7087000.0,840.0
2016-09-09,84,86.0,83.0,86.0,9322000.0,860.0
2016-09-12,84,86.0,83.0,84.0,6667000.0,840.0
2016-09-13,84,85.0,83.0,84.0,6781000.0,840.0
2016-09-14,83,84.0,82.0,84.0,5896000.0,840.0
2016-09-15,83,84.0,82.0,82.0,4707000.0,820.0
2016-09-16,83,84.0,82.0,83.0,4069000.0,830.0
2016-09-20,82,84.0,81.0,82.0,7942000.0,820.0
2016-09-21,82,84.0,81.0,84.0,7584000.0,840.0
2016-09-23,84,84.0,83.0,84.0,6403000.0,840.0
2016-09-26,83,84.0,82.0,82.0,5746000.0,820.0
2016-09-27,80,83.0,80.0,82.0,8262000.0,820.0
2016-09-28,835,847.0,808.0,820.0,912300.0,820.0
2016-09-29,818,842.0,818.0,842.0,1093600.0,842.0
2016-09-30,827,830.0,800.0,800.0,1387100.0,800.0
2016-10-03,805,812.0,799.0,803.0,683400.0,803.0
2016-10-04,807,814.0,801.0,813.0,553700.0,813.0
2016-10-05,813,822.0,804.0,820.0,588800.0,820.0
2016-10-06,828,844.0,823.0,832.0,673900.0,832.0
2016-10-07,818,826.0,803.0,825.0,891900.0,825.0
2016-10-11,836,849.0,830.0,844.0,816500.0,844.0
2016-10-12,836,844.0,831.0,835.0,590900.0,835.0
2016-10-13,840,841.0,806.0,808.0,913900.0,808.0
2016-10-14,805,814.0,804.0,809.0,476600.0,809.0
2016-10-17,813,821.0,811.0,819.0,456900.0,819.0
2016-10-18,819,831.0,814.0,830.0,395700.0,830.0
2016-10-19,827,828.0,811.0,815.0,601200.0,815.0
2016-10-20,816,828.0,816.0,824.0,483000.0,824.0
2016-10-21,826,831.0,824.0,826.0,462400.0,826.0
2016-10-24,830,830.0,814.0,816.0,796500.0,816.0
2016-10-25,824,845.0,824.0,841.0,1228300.0,841.0
2016-10-26,841,841.0,834.0,841.0,625200.0,841.0
2016-10-27,839,839.0,830.0,832.0,610700.0,832.0
2016-10-28,839,872.0,838.0,872.0,2092900.0,872.0
2016-10-31,878,879.0,840.0,855.0,1539900.0,855.0
2016-11-01,859,861.0,846.0,850.0,820200.0,850.0
2016-11-02,840,840.0,819.0,820.0,1051800.0,820.0
2016-11-04,817,819.0,799.0,802.0,1241300.0,802.0
2016-11-07,812,818.0,801.0,805.0,942400.0,805.0
2016-11-08,806,810.0,786.0,786.0,1457600.0,786.0
2016-11-09,796,809.0,720.0,730.0,2891200.0,730.0
2016-11-10,781,783.0,761.0,773.0,1942000.0,773.0
2016-11-11,778,788.0,772.0,772.0,1490900.0,772.0
2016-11-14,780,795.0,777.0,791.0,760600.0,791.0
2016-11-15,794,797.0,786.0,791.0,848500.0,791.0
2016-11-16,798,800.0,794.0,798.0,711100.0,798.0
2016-11-17,797,797.0,783.0,791.0,814800.0,791.0
2016-11-18,795,814.0,794.0,811.0,1408800.0,811.0
2016-11-21,815,828.0,814.0,827.0,943800.0,827.0
2016-11-22,823,830.0,819.0,829.0,908400.0,829.0
2016-11-24,838,843.0,828.0,841.0,1229200.0,841.0
2016-11-25,845,852.0,822.0,822.0,1893200.0,822.0
2016-11-28,818,829.0,804.0,813.0,1093400.0,813.0
2016-11-29,813,816.0,800.0,801.0,1085700.0,801.0
2016-11-30,807,809.0,800.0,805.0,996100.0,805.0
2016-12-01,812,828.0,812.0,814.0,1435200.0,814.0
2016-12-02,813,820.0,812.0,818.0,744500.0,818.0
2016-12-05,812,813.0,801.0,807.0,822700.0,807.0
2016-12-06,813,822.0,813.0,821.0,990400.0,821.0
2016-12-07,824,907.0,824.0,899.0,3571400.0,899.0
2016-12-08,900,913.0,889.0,910.0,3020700.0,910.0
2016-12-09,910,916.0,897.0,906.0,2024100.0,906.0
2016-12-12,914,917.0,888.0,903.0,1599200.0,903.0
2016-12-13,895,898.0,875.0,879.0,1548600.0,879.0
2016-12-14,875,883.0,863.0,880.0,1807700.0,880.0
2016-12-15,880,893.0,876.0,892.0,1224000.0,892.0
2016-12-16,901,937.0,901.0,920.0,2738000.0,920.0
2016-12-19,912,916.0,894.0,900.0,1104800.0,900.0
2016-12-20,905,906.0,887.0,893.0,1262600.0,893.0
2016-12-21,894,899.0,879.0,884.0,920300.0,884.0
2016-12-22,883,884.0,872.0,882.0,836800.0,882.0
2016-12-26,872,878.0,863.0,867.0,1423800.0,867.0
2016-12-27,865,871.0,861.0,863.0,1051000.0,863.0
2016-12-28,865,887.0,864.0,878.0,920200.0,878.0
2016-12-29,872,873.0,847.0,848.0,1429000.0,848.0
2016-12-30,848,855.0,842.0,851.0,979100.0,851.0
2017-01-04,862,881.0,858.0,880.0,1230300.0,880.0
