Date,Open,High,Low,Close,Volume,Adj Close
2008-10-20,135,139,131,134,4752000,134
2008-10-21,141,146,139,144,4054000,144
2008-10-22,139,142,133,133,3325000,133
2008-10-23,130,141,124,140,6161000,140
2008-10-24,138,139,126,126,4810000,126
2008-10-27,131,132,123,126,5302000,126
2008-10-28,123,147,117,147,4960000,147
2008-10-29,145,157,144,152,5186000,152
2008-10-30,149,163,146,160,4734000,160
2008-10-31,155,160,148,151,3946000,151
2008-11-04,152,166,143,164,5497000,164
2008-11-05,165,169,161,162,3263000,162
2008-11-06,151,155,148,151,2781000,151
2008-11-07,141,152,138,150,3156000,150
2008-11-10,155,159,152,159,2675000,159
2008-11-11,155,159,151,154,1715000,154
2008-11-12,144,149,141,142,1825000,142
2008-11-13,137,140,136,136,2034000,136
2008-11-14,140,145,136,138,3115000,138
2008-11-17,134,147,133,145,2124000,145
2008-11-18,141,143,135,135,3168000,135
2008-11-19,138,144,137,142,4114000,142
2008-11-20,140,154,139,148,10200000,148
2008-11-21,148,172,145,162,17484000,162
2008-11-25,172,179,170,179,8089000,179
2008-11-26,168,174,163,171,8246000,171
2008-11-27,174,189,172,186,10035000,186
2008-11-28,188,196,187,194,10605000,194
2008-12-01,192,193,179,180,7608000,180
2008-12-02,172,187,170,181,11812000,181
2008-12-03,185,185,174,175,7816000,175
2008-12-04,184,197,184,193,16092000,193
2008-12-05,195,208,192,201,19613000,201
2008-12-08,198,222,197,222,13860000,222
2008-12-09,220,235,220,227,14931000,227
2008-12-10,229,230,217,219,8809000,219
2008-12-11,220,226,215,222,8932000,222
2008-12-12,212,219,205,214,7446000,214
2008-12-15,217,239,216,236,11036000,236
2008-12-16,231,234,211,214,8852000,214
2008-12-17,221,222,199,206,7433000,206
2008-12-18,208,215,205,208,5199000,208
2008-12-19,209,229,208,222,10957000,222
2008-12-22,228,233,222,224,5968000,224
2008-12-24,222,227,220,224,3492000,224
2008-12-25,226,231,222,228,2617000,228
2008-12-26,230,231,226,229,2095000,229
2008-12-29,225,228,217,226,4413000,226
2008-12-30,226,229,221,227,1382000,227
2009-01-05,231,234,228,228,1092000,228
2009-01-06,233,241,232,237,8069000,237
2009-01-07,238,244,228,231,9134000,231
2009-01-08,231,234,225,226,4404000,226
2009-01-09,231,232,218,219,3532000,219
2009-01-13,218,218,206,207,3489000,207
2009-01-14,207,213,204,210,2517000,210
2009-01-15,202,210,201,208,4117000,208
2009-01-16,213,220,209,218,3897000,218
2009-01-19,221,223,216,221,2823000,221
2009-01-20,222,226,211,215,3613000,215
2009-01-21,210,220,206,214,3374000,214
2009-01-22,219,219,212,219,3382000,219
2009-01-23,218,218,211,212,2517000,212
2009-01-26,210,212,190,191,6130000,191
2009-01-27,192,205,190,201,4386000,201
2009-01-28,201,203,192,194,3135000,194
2009-01-29,198,201,184,189,7210000,189
2009-01-30,189,189,181,183,4991000,183
2009-02-02,180,195,180,186,4774000,186
2009-02-03,189,194,186,186,4230000,186
2009-02-04,193,204,192,201,5346000,201
2009-02-05,198,207,196,202,3637000,202
2009-02-06,206,212,205,208,3306000,208
2009-02-09,213,215,197,197,3113000,197
2009-02-10,201,202,196,198,1682000,198
2009-02-12,203,218,203,215,10293000,215
2009-02-13,216,223,212,222,8681000,222
2009-02-16,221,229,220,222,8400000,222
2009-02-17,229,244,226,227,28848000,227
2009-02-18,231,234,222,223,17892000,223
2009-02-19,226,226,214,219,12860000,219
2009-02-20,220,223,213,213,5249000,213
2009-02-23,208,219,208,218,6267000,218
2009-02-24,212,220,212,216,4712000,216
2009-02-25,221,224,209,213,6837000,213
2009-02-26,213,225,211,215,4881000,215
2009-02-27,218,219,209,212,5198000,212
2009-03-02,209,220,208,214,4559000,214
2009-03-03,209,215,209,212,3200000,212
2009-03-04,213,233,212,231,8521000,231
2009-03-05,232,234,226,227,6341000,227
2009-03-06,219,223,210,213,9101000,213
2009-03-09,213,221,213,214,4951000,214
2009-03-10,218,223,217,219,5883000,219
2009-03-11,225,226,217,220,4170000,220
2009-03-12,222,233,222,227,9086000,227
2009-03-13,231,232,221,228,7940000,228
2009-03-16,228,240,227,239,7967000,239
2009-03-17,244,249,238,243,12857000,243
2009-03-18,250,250,230,232,10965000,232
2009-03-19,237,241,226,240,9527000,240
2009-03-23,238,249,236,248,6655000,248
2009-03-24,253,262,248,261,8831000,261
2009-03-25,256,261,248,251,7148000,251
2009-03-26,242,248,241,247,7280000,247
2009-03-27,248,249,238,240,5768000,240
2009-03-30,241,249,230,232,4878000,232
2009-03-31,233,243,222,227,5597000,227
2009-04-01,232,243,227,243,5432000,243
2009-04-02,247,248,236,242,7288000,242
2009-04-03,245,246,227,235,12357000,235
2009-04-06,240,248,238,245,7029000,245
2009-04-07,242,247,239,243,4007000,243
2009-04-08,239,248,237,244,6323000,244
2009-04-09,246,248,239,243,9245000,243
2009-04-10,246,246,234,238,6978000,238
2009-04-13,230,238,229,234,4770000,234
2009-04-14,236,237,227,228,6117000,228
2009-04-15,223,225,220,223,7176000,223
2009-04-16,226,231,222,224,5387000,224
2009-04-17,227,229,222,227,6020000,227
2009-04-20,224,230,223,230,3554000,230
2009-04-21,228,241,224,241,10950000,241
2009-04-22,243,251,240,245,11010000,245
2009-04-23,244,246,232,239,6041000,239
2009-04-24,239,241,232,233,3163000,233
2009-04-27,236,238,226,228,3649000,228
2009-04-28,228,231,221,222,3051000,222
2009-04-30,224,229,220,221,3627000,221
2009-05-01,222,224,217,221,3707000,221
2009-05-07,231,232,221,224,6055000,224
2009-05-08,215,220,215,218,7777000,218
2009-05-11,218,219,207,211,9069000,211
2009-05-12,211,221,211,220,7928000,220
2009-05-13,216,224,211,224,7687000,224
2009-05-14,217,220,212,216,5015000,216
2009-05-15,216,226,215,226,6131000,226
2009-05-18,214,216,207,208,9078000,208
2009-05-19,210,212,206,207,5625000,207
2009-05-20,203,204,198,201,11211000,201
2009-05-21,202,207,200,204,6148000,204
2009-05-22,202,211,201,211,5984000,211
2009-05-25,212,215,205,207,4721000,207
2009-05-26,204,206,201,204,4486000,204
2009-05-27,205,206,200,201,4330000,201
2009-05-28,213,223,211,218,32920000,218
2009-05-29,220,223,215,217,8158000,217
2009-06-01,214,215,211,213,7775000,213
2009-06-02,215,216,204,205,8437000,205
2009-06-03,208,212,207,211,5001000,211
2009-06-04,210,213,208,213,4989000,213
2009-06-05,211,213,209,211,4934000,211
2009-06-08,213,217,213,216,5384000,216
2009-06-09,216,219,212,212,4672000,212
2009-06-10,212,214,210,214,4497000,214
2009-06-11,212,213,207,208,5920000,208
2009-06-12,213,213,208,209,8450000,209
2009-06-15,209,210,208,210,2527000,210
2009-06-16,206,208,200,201,4887000,201
2009-06-17,200,208,200,208,3022000,208
2009-06-18,207,208,204,206,3275000,206
2009-06-19,205,208,204,207,2960000,207
2009-06-22,208,210,205,208,3830000,208
2009-06-23,204,205,202,203,2967000,203
2009-06-24,203,204,201,202,2260000,202
2009-06-25,202,208,201,205,5105000,205
2009-06-26,207,208,203,207,2217000,207
2009-06-29,208,212,207,209,3740000,209
2009-06-30,212,213,208,209,3011000,209
2009-07-01,209,211,208,210,2462000,210
2009-07-02,212,212,204,206,4146000,206
2009-07-03,202,204,201,204,3783000,204
2009-07-06,204,204,201,202,1586000,202
2009-07-07,201,202,194,197,4957000,197
2009-07-08,194,194,185,187,4506000,187
2009-07-09,184,190,181,188,5152000,188
2009-07-10,188,193,183,185,5157000,185
2009-07-13,185,186,170,173,6350000,173
2009-07-14,178,183,177,182,5421000,182
2009-07-15,182,185,181,185,1977000,185
2009-07-16,194,194,183,186,4428000,186
2009-07-17,186,186,175,178,4863000,178
2009-07-21,182,186,178,186,5334000,186
2009-07-22,185,186,182,184,2160000,184
2009-07-23,188,194,186,190,6012000,190
2009-07-24,194,194,186,187,3518000,187
2009-07-27,189,190,185,187,2971000,187
2009-07-28,187,188,182,184,3524000,184
2009-07-29,184,184,178,179,2613000,179
2009-07-30,177,181,176,180,2777000,180
2009-07-31,179,180,177,180,2254000,180
2009-08-03,184,191,183,191,6540000,191
2009-08-04,191,192,186,187,5162000,187
2009-08-05,187,191,187,190,4412000,190
2009-08-06,188,189,184,187,3799000,187
2009-08-07,186,186,181,184,3742000,184
2009-08-10,186,190,185,190,3171000,190
2009-08-11,190,194,189,192,3674000,192
2009-08-12,188,191,186,191,3653000,191
2009-08-13,192,195,191,194,4086000,194
2009-08-14,192,194,191,193,3440000,193
2009-08-17,194,194,188,190,2881000,190
2009-08-18,187,189,186,189,1637000,189
2009-08-19,189,189,184,187,2307000,187
2009-08-20,187,191,185,191,2603000,191
2009-08-21,191,191,185,187,2946000,187
2009-08-24,188,190,188,188,1923000,188
2009-08-25,190,194,189,191,5196000,191
2009-08-26,193,200,191,199,6589000,199
2009-08-27,199,205,197,203,7893000,203
2009-08-28,203,203,199,201,4083000,201
2009-08-31,201,202,196,198,2243000,198
2009-09-01,196,198,195,197,2553000,197
2009-09-02,189,194,189,193,3836000,193
2009-09-03,191,192,187,189,3016000,189
2009-09-04,188,189,182,183,2888000,183
2009-09-07,183,185,181,183,1869000,183
2009-09-08,184,184,182,183,1431000,183
2009-09-09,182,186,182,184,1609000,184
2009-09-10,183,185,183,184,1901000,184
2009-09-11,184,186,182,183,4773000,183
2009-09-14,182,182,176,178,2626000,178
2009-09-15,177,178,175,176,2095000,176
2009-09-16,176,179,175,175,2922000,175
2009-09-17,176,178,173,178,3190000,178
2009-09-18,158,163,155,161,12008000,161
2009-09-24,166,169,163,167,8349000,167
2009-09-25,165,166,163,164,3250000,164
2009-09-28,163,166,161,165,4937000,165
2009-09-29,166,171,165,169,4367000,169
2009-09-30,170,178,169,170,6196000,170
2009-10-01,166,168,165,168,2109000,168
2009-10-02,166,168,165,167,3383000,167
2009-10-05,165,167,162,166,2865000,166
2009-10-06,166,170,163,166,5938000,166
2009-10-07,167,169,165,166,4533000,166
2009-10-08,167,170,165,168,3644000,168
2009-10-09,169,170,166,168,3256000,168
2009-10-13,171,171,167,168,2642000,168
2009-10-14,169,170,166,168,2840000,168
2009-10-15,170,170,167,168,1837000,168
2009-10-16,169,170,166,167,1997000,167
2009-10-19,166,169,164,168,2348000,168
2009-10-20,169,170,167,169,1616000,169
2009-10-21,170,175,169,173,3112000,173
2009-10-22,171,172,167,169,1957000,169
2009-10-23,170,171,166,166,2302000,166
2009-10-26,165,168,163,168,2434000,168
2009-10-27,165,166,164,164,1922000,164
2009-10-28,162,163,160,163,3030000,163
2009-10-29,162,165,161,164,2792000,164
2009-10-30,164,166,161,161,2529000,161
2009-11-02,159,162,158,159,2900000,159
2009-11-04,162,171,159,169,4490000,169
2009-11-05,167,169,165,167,3180000,167
2009-11-06,166,167,164,165,1855000,165
2009-11-09,167,167,162,162,2066000,162
2009-11-10,164,165,159,161,2340000,161
2009-11-11,162,163,158,158,4074000,158
2009-11-12,160,163,159,162,3113000,162
2009-11-13,162,164,157,157,3400000,157
2009-11-16,157,157,153,155,1206000,155
2009-11-17,155,156,147,148,2696000,148
2009-11-18,146,148,142,142,1731000,142
2009-11-19,146,148,144,145,2351000,145
2009-11-20,140,144,140,144,2011000,144
2009-11-24,143,143,137,138,2515000,138
2009-11-25,133,135,129,134,5646000,134
2009-11-26,132,135,130,135,2470000,135
2009-11-27,131,132,127,128,2516000,128
2009-11-30,131,132,127,130,2704000,130
2009-12-01,131,138,130,136,4489000,136
2009-12-02,137,139,136,137,2015000,137
2009-12-03,142,142,138,140,2070000,140
2009-12-04,138,144,137,142,2712000,142
2009-12-07,146,148,143,143,1570000,143
2009-12-08,147,148,144,147,3911000,147
2009-12-09,144,146,143,144,2568000,144
2009-12-10,144,145,138,138,2689000,138
2009-12-11,138,142,137,140,5131000,140
2009-12-14,140,142,139,141,1764000,141
2009-12-15,138,144,137,141,2202000,141
2009-12-16,140,141,137,137,3282000,137
2009-12-17,136,138,134,137,4078000,137
2009-12-18,138,141,136,141,1922000,141
2009-12-21,142,143,140,143,1707000,143
2009-12-22,144,145,142,144,1510000,144
2009-12-24,144,144,141,142,2130000,142
2009-12-25,141,142,140,140,848000,140
2009-12-28,140,145,140,143,2145000,143
2009-12-29,144,145,142,142,1671000,142
2009-12-30,143,145,142,142,1119000,142
2010-01-04,144,148,144,147,1556000,147
2010-01-05,150,150,146,148,1883000,148
2010-01-06,149,155,148,154,3207000,154
2010-01-07,155,159,153,156,3181000,156
2010-01-08,157,158,154,157,3586000,157
2010-01-12,155,156,153,155,2001000,155
2010-01-13,153,155,152,152,1950000,152
2010-01-14,150,154,150,153,1771000,153
2010-01-15,151,153,150,151,1579000,151
2010-01-18,150,151,147,149,1926000,149
2010-01-19,149,153,149,152,1980000,152
2010-01-20,154,156,149,149,3868000,149
2010-01-21,149,151,149,151,2632000,151
2010-01-22,150,150,146,148,3105000,148
2010-01-25,144,145,141,143,3635000,143
2010-01-26,142,143,138,139,2768000,139
2010-01-27,138,140,136,136,1936000,136
2010-01-28,137,138,136,136,2779000,136
2010-01-29,134,135,131,132,2483000,132
2010-02-01,132,132,130,132,2335000,132
2010-02-02,134,135,133,134,1400000,134
2010-02-03,134,137,134,137,1558000,137
2010-02-04,137,138,136,137,1783000,137
2010-02-05,134,135,132,132,1858000,132
2010-02-08,133,136,132,132,1948000,132
2010-02-09,132,134,132,133,1525000,133
2010-02-10,135,136,132,136,2317000,136
2010-02-12,138,142,136,142,5281000,142
2010-02-15,138,138,133,134,3697000,134
2010-02-16,134,136,132,135,3524000,135
2010-02-17,136,140,135,138,2691000,138
2010-02-18,138,140,136,140,1887000,140
2010-02-19,140,148,140,141,7092000,141
2010-02-22,150,150,144,147,7328000,147
2010-02-23,146,148,144,146,3646000,146
2010-02-24,146,153,145,151,7093000,151
2010-02-25,149,152,145,147,6690000,147
2010-02-26,147,152,145,151,3281000,151
2010-03-01,149,150,146,147,4246000,147
2010-03-02,148,149,145,149,1798000,149
2010-03-03,147,149,143,145,3227000,145
2010-03-04,143,147,141,145,8348000,145
2010-03-05,147,149,146,148,2709000,148
2010-03-08,150,152,149,150,1875000,150
2010-03-09,150,152,149,151,1302000,151
2010-03-10,153,157,152,155,5576000,155
2010-03-11,153,159,151,158,3715000,158
2010-03-12,158,160,156,159,6688000,159
2010-03-15,159,162,158,161,1794000,161
2010-03-16,161,162,160,160,1862000,160
2010-03-17,161,163,161,162,1378000,162
2010-03-18,161,162,160,160,1968000,160
2010-03-19,161,162,160,160,1717000,160
2010-03-23,160,160,156,157,3424000,157
2010-03-24,157,158,153,156,3711000,156
2010-03-25,157,157,154,155,2969000,155
2010-03-26,155,161,155,161,3739000,161
2010-03-29,158,162,158,158,2783000,158
2010-03-30,160,167,160,163,3614000,163
2010-03-31,162,165,160,162,3279000,162
2010-04-01,163,165,161,162,4622000,162
2010-04-02,164,164,159,160,2812000,160
2010-04-05,162,164,160,164,2481000,164
2010-04-06,164,164,160,164,3247000,164
2010-04-07,165,167,162,164,5700000,164
2010-04-08,161,163,158,158,3798000,158
2010-04-09,157,162,156,161,4225000,161
2010-04-12,160,165,160,163,3731000,163
2010-04-13,163,164,162,164,2866000,164
2010-04-14,167,168,165,165,3204000,165
2010-04-15,166,169,166,169,2038000,169
2010-04-16,169,171,167,170,4469000,170
2010-04-19,169,169,165,166,1968000,166
2010-04-20,168,178,167,175,10150000,175
2010-04-21,174,179,171,177,7137000,177
2010-04-22,176,179,173,178,4080000,178
2010-04-23,180,184,177,183,5144000,183
2010-04-26,185,187,183,185,1949000,185
2010-04-27,182,184,179,182,2819000,182
2010-04-28,179,182,178,180,2405000,180
2010-04-30,180,184,179,181,2034000,181
2010-05-06,177,179,172,173,2997000,173
2010-05-07,168,168,161,166,3560000,166
2010-05-10,166,171,166,170,2821000,170
2010-05-11,172,178,171,172,3123000,172
2010-05-12,174,177,172,173,1771000,173
2010-05-13,178,178,174,175,1096000,175
2010-05-14,174,176,170,172,5372000,172
2010-05-17,170,176,169,171,3929000,171
2010-05-18,172,174,166,167,3927000,167
2010-05-19,166,168,164,167,1749000,167
2010-05-20,166,170,165,167,1305000,167
2010-05-21,162,163,157,161,4015000,161
2010-05-24,164,167,160,166,3724000,166
2010-05-25,166,173,165,168,7270000,168
2010-05-26,168,175,167,173,7713000,173
2010-05-27,169,177,168,175,3900000,175
2010-05-28,180,183,177,180,4281000,180
2010-05-31,182,184,181,183,2555000,183
2010-06-01,183,183,178,180,2135000,180
2010-06-02,188,190,184,187,10817000,187
2010-06-03,189,189,184,186,5865000,186
2010-06-04,184,185,176,179,7608000,179
2010-06-07,175,177,173,174,4637000,174
2010-06-08,172,175,169,170,4614000,170
2010-06-09,170,173,166,168,3779000,168
2010-06-10,164,166,162,164,4579000,164
2010-06-11,169,177,169,176,9537000,176
2010-06-14,176,182,176,181,4806000,181
2010-06-15,182,183,181,183,2508000,183
2010-06-16,188,193,186,191,6008000,191
2010-06-17,188,191,187,190,3793000,190
2010-06-18,190,191,188,190,1712000,190
2010-06-21,192,194,190,192,2838000,192
2010-06-22,192,193,190,191,2569000,191
2010-06-23,189,189,184,186,2073000,186
2010-06-24,186,189,185,188,2795000,188
2010-06-25,185,186,183,184,1138000,184
2010-06-28,182,183,179,179,1730000,179
2010-06-29,178,181,172,174,4047000,174
2010-06-30,170,171,166,170,5649000,170
2010-07-01,168,172,167,168,3182000,168
2010-07-02,172,175,170,175,3179000,175
2010-07-05,176,178,173,176,2763000,176
2010-07-06,173,177,170,176,2344000,176
2010-07-07,176,177,170,171,2495000,171
2010-07-08,175,175,172,173,2045000,173
2010-07-09,173,173,164,171,9181000,171
2010-07-12,170,171,166,166,3557000,166
2010-07-13,167,170,167,168,2357000,168
2010-07-14,171,173,170,172,2142000,172
2010-07-15,172,177,171,176,3358000,176
2010-07-16,175,178,169,170,4337000,170
2010-07-20,166,169,165,166,2522000,166
2010-07-21,169,169,162,162,2646000,162
2010-07-22,158,161,157,158,3071000,158
2010-07-23,163,164,161,161,1501000,161
2010-07-26,163,166,163,166,1468000,166
2010-07-27,169,170,165,166,2037000,166
2010-07-28,168,171,167,171,1299000,171
2010-07-29,170,171,169,169,1352000,169
2010-07-30,165,166,162,162,3013000,162
2010-08-02,162,165,162,162,996000,162
2010-08-03,163,164,160,162,2822000,162
2010-08-04,162,165,160,161,1555000,161
2010-08-05,162,165,161,164,2235000,164
2010-08-06,163,168,163,167,1377000,167
2010-08-09,164,170,163,166,1526000,166
2010-08-10,167,170,167,169,1910000,169
2010-08-11,168,168,162,164,2279000,164
2010-08-12,160,161,158,160,1796000,160
2010-08-13,158,164,153,162,3884000,162
2010-08-16,162,165,161,164,1225000,164
2010-08-17,161,163,160,161,1144000,161
2010-08-18,162,162,158,160,1723000,160
2010-08-19,158,162,153,155,6052000,155
2010-08-20,153,154,145,146,6401000,146
2010-08-23,146,146,144,145,1903000,145
2010-08-24,143,146,142,145,1136000,145
2010-08-25,143,145,141,141,2185000,141
2010-08-26,142,143,139,140,1916000,140
2010-08-27,141,146,141,146,1949000,146
2010-08-30,148,150,146,147,1873000,147
2010-08-31,144,144,137,139,2670000,139
2010-09-01,141,144,139,141,2452000,141
2010-09-02,146,146,143,145,3153000,145
2010-09-03,145,145,140,143,2853000,143
2010-09-06,144,149,144,149,2442000,149
2010-09-07,148,148,144,148,2684000,148
2010-09-08,144,144,142,143,1622000,143
2010-09-09,144,145,142,144,1560000,144
2010-09-10,146,148,145,147,3159000,147
2010-09-13,150,153,148,152,3792000,152
2010-09-14,151,154,150,153,2901000,153
2010-09-15,152,163,151,159,5729000,159
2010-09-16,160,162,157,159,3484000,159
2010-09-17,160,161,159,161,2647000,161
2010-09-21,161,162,158,158,1106000,158
2010-09-22,154,155,150,151,3275000,151
2010-09-24,150,154,150,153,3366000,153
2010-09-27,153,154,149,150,2329000,150
2010-09-28,150,152,148,151,805000,151
2010-09-29,150,153,150,150,2356000,150
2010-09-30,150,152,143,143,2666000,143
2010-10-01,145,146,141,141,2453000,141
2010-10-04,142,147,142,143,2877000,143
2010-10-05,142,143,138,139,4692000,139
2010-10-06,143,151,142,151,3913000,151
2010-10-07,150,152,150,151,1328000,151
2010-10-08,151,154,150,154,2550000,154
2010-10-12,156,158,149,149,2044000,149
2010-10-13,152,153,150,151,2609000,151
2010-10-14,152,154,151,153,2313000,153
2010-10-15,150,153,149,153,1822000,153
2010-10-18,154,154,150,151,1984000,151
2010-10-19,149,151,148,149,1418000,149
2010-10-20,147,147,142,143,2534000,143
2010-10-21,146,155,144,151,8862000,151
2010-10-22,152,157,151,157,4478000,157
2010-10-25,158,163,154,162,7288000,162
2010-10-26,159,165,157,162,6432000,162
2010-10-27,163,165,159,161,3057000,161
2010-10-28,158,159,155,157,4522000,157
2010-10-29,162,163,155,156,4720000,156
2010-11-01,157,161,155,159,6469000,159
2010-11-02,158,160,156,158,2830000,158
2010-11-04,159,164,158,163,2271000,163
2010-11-05,168,170,164,167,5102000,167
2010-11-08,164,165,158,159,4867000,159
2010-11-09,159,163,158,160,6692000,160
2010-11-10,161,162,156,156,3949000,156
2010-11-11,157,158,156,157,1526000,157
2010-11-12,155,157,155,156,2697000,156
2010-11-15,155,162,155,161,4957000,161
2010-11-16,162,166,162,166,6968000,166
2010-11-17,165,170,162,170,6482000,170
2010-11-18,171,180,170,180,7237000,180
2010-11-19,177,179,174,177,6275000,177
2010-11-22,182,187,180,184,6148000,184
2010-11-24,179,186,178,185,5833000,185
2010-11-25,189,193,186,192,6381000,192
2010-11-26,194,198,185,186,7842000,186
2010-11-29,191,196,187,193,6458000,193
2010-11-30,191,192,184,185,3897000,185
2010-12-01,186,192,184,191,4197000,191
2010-12-02,195,196,193,195,3211000,195
2010-12-03,197,197,190,190,3951000,190
2010-12-06,190,193,188,190,3919000,190
2010-12-07,191,191,188,189,2382000,189
2010-12-08,189,190,186,187,5795000,187
2010-12-09,184,186,181,184,5206000,184
2010-12-10,182,183,180,181,6996000,181
2010-12-13,182,187,180,187,2379000,187
2010-12-14,187,190,185,188,5632000,188
2010-12-15,190,194,188,194,5680000,194
2010-12-16,195,196,192,195,4455000,195
2010-12-17,195,195,192,195,2865000,195
2010-12-20,196,196,190,192,2346000,192
2010-12-21,192,195,191,195,1694000,195
2010-12-22,196,196,194,196,2125000,196
2010-12-24,194,194,190,190,2481000,190
2010-12-27,189,191,189,191,1308000,191
2010-12-28,189,190,187,188,1569000,188
2010-12-29,186,186,182,185,3369000,185
2010-12-30,185,185,182,184,2873000,184
2011-01-04,186,187,184,186,2251000,186
2011-01-05,186,191,186,189,3373000,189
2011-01-06,192,193,191,192,2023000,192
2011-01-07,193,193,189,190,2392000,190
2011-01-11,190,193,190,192,1941000,192
2011-01-12,196,198,191,195,4112000,195
2011-01-13,198,198,192,193,2320000,193
2011-01-14,190,193,188,188,3241000,188
2011-01-17,186,188,185,186,3403000,186
2011-01-18,186,189,185,188,2242000,188
2011-01-19,191,192,187,188,2807000,188
2011-01-20,187,189,184,184,2146000,184
2011-01-21,185,185,181,182,3036000,182
2011-01-24,183,185,181,184,1107000,184
2011-01-25,185,189,185,188,2209000,188
2011-01-26,189,190,186,189,1688000,189
2011-01-27,188,188,186,188,990000,188
2011-01-28,189,189,182,183,1765000,183
2011-01-31,181,183,177,181,2958000,181
2011-02-01,181,185,180,185,3265000,185
2011-02-02,186,191,186,190,2533000,190
2011-02-03,191,191,187,189,1887000,189
2011-02-04,189,190,188,190,1042000,190
2011-02-07,191,194,191,194,2564000,194
2011-02-08,194,194,190,191,2343000,191
2011-02-09,193,193,191,192,687000,192
2011-02-10,190,206,190,205,14167000,205
2011-02-14,205,210,204,206,5974000,206
2011-02-15,204,211,204,207,5631000,207
2011-02-16,208,216,207,214,6113000,214
2011-02-17,218,231,217,223,14805000,223
2011-02-18,226,227,219,223,7863000,223
2011-02-21,223,224,218,223,3041000,223
2011-02-22,218,220,214,215,3343000,215
2011-02-23,213,221,212,219,4984000,219
2011-02-24,216,218,210,211,4983000,211
2011-02-25,210,217,210,213,3707000,213
2011-02-28,214,215,210,212,4323000,212
2011-03-01,217,220,214,217,4466000,217
2011-03-02,211,211,206,208,4052000,208
2011-03-03,209,212,207,209,2481000,209
2011-03-04,213,213,207,208,2227000,208
2011-03-07,206,208,202,203,2247000,203
2011-03-08,204,209,204,208,2994000,208
2011-03-09,208,210,202,202,3719000,202
2011-03-10,202,202,198,198,2823000,198
2011-03-11,194,203,191,200,8889000,200
2011-03-14,256,259,208,215,29317000,215
2011-03-15,220,220,184,203,13826000,203
2011-03-16,210,225,201,210,13547000,210
2011-03-17,213,228,210,225,12526000,225
2011-03-18,241,242,232,237,10758000,237
2011-03-22,247,251,240,250,18610000,250
2011-03-23,254,269,248,252,23920000,252
2011-03-24,258,264,252,257,10360000,257
2011-03-25,268,271,254,258,14347000,258
2011-03-28,258,259,245,249,10720000,249
2011-03-29,245,250,240,244,8669000,244
2011-03-30,246,252,246,249,11170000,249
2011-03-31,251,251,239,241,10210000,241
2011-04-01,245,255,242,253,12385000,253
2011-04-04,255,257,248,250,11909000,250
2011-04-05,248,248,241,245,7940000,245
2011-04-06,247,247,240,241,4797000,241
2011-04-07,240,241,236,236,5081000,236
2011-04-08,236,241,231,238,6683000,238
2011-04-11,243,247,240,241,5777000,241
2011-04-12,240,240,233,235,6242000,235
2011-04-13,231,233,228,230,9611000,230
2011-04-14,229,236,228,235,6438000,235
2011-04-15,235,235,231,233,2624000,233
2011-04-18,233,233,229,230,4144000,230
2011-04-19,225,228,223,228,3970000,228
2011-04-20,227,228,221,223,7419000,223
2011-04-21,225,234,225,227,6151000,227
2011-04-22,224,228,223,225,2735000,225
2011-04-25,225,229,223,228,2648000,228
2011-04-26,227,227,221,222,4871000,222
2011-04-27,225,226,219,219,7211000,219
2011-04-28,219,220,215,219,7510000,219
2011-05-02,227,231,225,228,11204000,228
2011-05-06,224,235,223,233,11201000,233
2011-05-09,234,234,227,228,8582000,228
2011-05-10,228,230,227,229,3941000,229
2011-05-11,230,231,224,225,5416000,225
2011-05-12,225,229,224,227,5992000,227
2011-05-13,232,234,224,227,16497000,227
2011-05-16,227,228,222,223,3916000,223
2011-05-17,220,224,219,223,4742000,223
2011-05-18,223,226,221,221,5245000,221
2011-05-19,224,225,221,221,4045000,221
2011-05-20,219,220,215,216,5628000,216
2011-05-23,212,212,208,210,5031000,210
2011-05-24,206,208,203,207,5622000,207
2011-05-25,206,209,203,203,5100000,203
2011-05-26,202,209,201,209,8694000,209
2011-05-27,206,209,206,208,2811000,208
2011-05-30,206,207,204,207,1285000,207
2011-05-31,207,212,206,207,5329000,207
2011-06-01,208,210,206,210,2945000,210
2011-06-02,205,211,205,210,6410000,210
2011-06-03,209,209,203,204,3380000,204
2011-06-06,204,207,200,200,5643000,200
2011-06-07,196,200,196,198,4731000,198
2011-06-08,203,209,202,204,9167000,204
2011-06-09,206,212,205,209,8065000,209
2011-06-10,212,216,207,209,11046000,209
2011-06-13,206,210,205,209,2856000,209
2011-06-14,210,210,207,209,1073000,209
2011-06-15,212,222,211,221,9958000,221
2011-06-16,217,220,216,219,5553000,219
2011-06-17,218,219,211,212,6013000,212
2011-06-20,213,220,213,217,5123000,217
2011-06-21,216,220,215,218,5611000,218
2011-06-22,220,228,218,224,9423000,224
2011-06-23,221,227,221,224,6121000,224
2011-06-24,224,227,223,225,5899000,225
2011-06-27,228,231,224,225,5237000,225
2011-06-28,227,228,223,225,3923000,225
2011-06-29,227,227,219,221,6431000,221
2011-06-30,222,225,220,225,4520000,225
2011-07-01,229,230,226,226,5411000,226
2011-07-04,227,229,224,225,4079000,225
2011-07-05,225,227,224,225,2933000,225
2011-07-06,224,227,224,226,4231000,226
2011-07-07,225,227,223,224,3184000,224
2011-07-08,226,226,224,224,1728000,224
2011-07-11,223,224,221,222,2705000,222
2011-07-12,220,221,216,219,4286000,219
2011-07-13,217,222,217,222,2442000,222
2011-07-14,219,222,218,220,3391000,220
2011-07-15,219,226,219,223,3776000,223
2011-07-19,223,227,222,225,3051000,225
2011-07-20,228,229,224,225,2834000,225
2011-07-21,225,226,222,223,2865000,223
2011-07-22,224,227,223,226,1956000,226
2011-07-25,227,228,224,226,2341000,226
2011-07-26,227,231,226,230,3428000,230
2011-07-27,230,232,227,230,4428000,230
2011-07-28,226,230,224,226,3155000,226
2011-07-29,225,227,222,223,2338000,223
2011-08-01,225,231,225,230,2593000,230
2011-08-02,227,228,224,226,2463000,226
2011-08-03,222,223,218,219,3299000,219
2011-08-04,221,224,218,220,3002000,220
2011-08-05,204,213,203,208,6695000,208
2011-08-08,207,212,205,206,4329000,206
2011-08-09,197,208,193,206,4809000,206
2011-08-10,211,216,211,213,2945000,213
2011-08-11,206,224,204,223,14252000,223
2011-08-12,225,228,218,223,9280000,223
2011-08-15,226,227,221,225,9144000,225
2011-08-16,226,227,221,223,6027000,223
2011-08-17,224,225,222,224,6854000,224
2011-08-18,222,224,221,222,2499000,222
2011-08-19,217,218,212,218,3749000,218
2011-08-22,217,219,213,215,8052000,215
2011-08-23,216,220,215,219,5167000,219
2011-08-24,222,224,218,219,4826000,219
2011-08-25,221,224,221,223,6640000,223
2011-08-26,222,229,221,229,8268000,229
2011-08-29,229,238,228,236,9330000,236
2011-08-30,238,240,235,239,4968000,239
2011-08-31,231,236,227,234,7336000,234
2011-09-01,237,237,234,235,2909000,235
2011-09-02,233,236,231,234,3309000,234
2011-09-05,232,236,230,236,4103000,236
2011-09-06,235,235,225,226,6383000,226
2011-09-07,234,235,225,229,5167000,229
2011-09-08,230,231,225,226,3446000,226
2011-09-09,227,229,224,227,6920000,227
2011-09-12,223,237,223,236,9724000,236
2011-09-13,238,240,236,239,5430000,239
2011-09-14,239,240,232,233,5379000,233
2011-09-15,237,244,236,244,7571000,244
2011-09-16,244,245,242,244,3652000,244
2011-09-20,244,246,242,242,4378000,242
2011-09-21,245,249,244,249,4044000,249
2011-09-22,247,249,245,245,3775000,245
2011-09-26,245,245,235,240,5531000,240
2011-09-27,244,248,243,247,4148000,247
2011-09-28,249,254,248,253,5045000,253
2011-09-29,249,263,249,262,5602000,262
2011-09-30,260,265,256,263,6507000,263
2011-10-03,261,263,256,260,5369000,260
2011-10-04,253,258,253,256,3428000,256
2011-10-05,257,259,254,256,3436000,256
2011-10-06,259,262,253,254,3249000,254
2011-10-07,255,256,251,253,3867000,253
2011-10-11,259,260,257,258,2832000,258
2011-10-12,256,259,255,258,2582000,258
2011-10-13,259,262,253,253,5517000,253
2011-10-14,253,254,248,248,3299000,248
2011-10-17,254,254,242,244,5204000,244
2011-10-18,243,248,243,246,2762000,246
2011-10-19,248,248,244,246,2511000,246
2011-10-20,245,250,243,247,2562000,247
2011-10-21,245,249,245,247,1746000,247
2011-10-24,247,250,247,248,2309000,248
2011-10-25,249,250,244,245,2255000,245
2011-10-26,247,248,242,242,1768000,242
2011-10-27,242,243,237,242,2768000,242
2011-10-28,244,244,232,239,5403000,239
2011-10-31,240,243,238,240,2728000,240
2011-11-01,237,242,237,241,2807000,241
2011-11-02,240,243,239,241,1919000,241
2011-11-04,242,245,239,245,2164000,245
2011-11-07,244,245,241,243,2037000,243
2011-11-08,244,250,223,229,7987000,229
2011-11-09,232,240,232,234,5031000,234
2011-11-10,227,231,224,230,3302000,230
2011-11-11,231,231,224,230,3895000,230
2011-11-14,231,232,229,230,3518000,230
2011-11-15,229,235,229,231,2203000,231
2011-11-16,231,233,225,225,1944000,225
2011-11-17,223,227,222,225,2659000,225
2011-11-18,222,225,222,223,2048000,223
2011-11-21,222,223,220,222,1413000,222
2011-11-22,220,222,218,220,1935000,220
2011-11-24,217,220,216,216,1517000,216
2011-11-25,217,220,215,216,1544000,216
2011-11-28,220,222,217,220,2961000,220
2011-11-29,219,222,218,221,2949000,221
2011-11-30,221,224,219,219,2839000,219
2011-12-01,225,228,223,225,2633000,225
2011-12-02,225,229,225,227,1949000,227
2011-12-05,229,233,228,232,2680000,232
2011-12-06,233,234,228,229,2294000,229
2011-12-07,231,238,230,237,3052000,237
2011-12-08,234,240,233,238,1942000,238
2011-12-09,236,239,235,235,5162000,235
2011-12-12,237,241,236,239,2692000,239
2011-12-13,236,242,236,238,1993000,238
2011-12-14,238,242,234,235,3170000,235
2011-12-15,233,240,232,236,3290000,236
2011-12-16,237,239,232,234,3061000,234
2011-12-19,220,221,207,215,16745000,215
2011-12-20,215,220,213,218,6625000,218
2011-12-21,220,221,209,212,5920000,212
2011-12-22,212,213,207,209,4499000,209
2011-12-26,211,211,206,208,3326000,208
2011-12-27,206,211,206,208,3052000,208
2011-12-28,207,209,207,207,1721000,207
2011-12-29,206,208,205,208,1375000,208
2011-12-30,209,212,208,210,1666000,210
2012-01-04,211,215,211,214,2798000,214
2012-01-05,214,219,214,217,3891000,217
2012-01-06,218,220,216,218,3108000,218
2012-01-10,221,225,220,221,3596000,221
2012-01-11,221,226,221,225,4007000,225
2012-01-12,225,228,221,223,3294000,223
2012-01-13,226,226,222,222,2862000,222
2012-01-16,221,223,218,220,3309000,220
2012-01-17,225,233,224,230,5629000,230
2012-01-18,234,238,233,234,5765000,234
2012-01-19,234,236,233,236,2254000,236
2012-01-20,237,240,234,239,4145000,239
2012-01-23,239,242,239,239,3264000,239
2012-01-24,239,240,233,234,2054000,234
2012-01-25,237,237,233,233,4203000,233
2012-01-26,234,239,234,237,3545000,237
2012-01-27,237,240,237,240,2060000,240
2012-01-30,239,240,237,238,1599000,238
2012-01-31,237,238,235,236,2299000,236
2012-02-01,237,241,235,235,2062000,235
2012-02-02,235,238,234,234,1563000,234
2012-02-03,236,238,235,236,2303000,236
2012-02-06,238,241,238,240,2109000,240
2012-02-07,252,254,247,250,6272000,250
2012-02-08,251,254,249,251,5636000,251
2012-02-09,253,256,250,254,4983000,254
2012-02-10,255,255,244,249,5131000,249
2012-02-13,245,252,244,250,2461000,250
2012-02-14,251,253,246,247,2839000,247
2012-02-15,247,250,246,250,2832000,250
2012-02-16,248,249,243,245,3938000,245
2012-02-17,247,247,244,244,2870000,244
2012-02-20,246,246,239,240,4313000,240
2012-02-21,238,238,230,233,10401000,233
2012-02-22,235,240,234,237,5587000,237
2012-02-23,239,245,236,244,6869000,244
2012-02-24,246,247,244,246,4927000,246
2012-02-27,249,249,246,248,2955000,248
2012-02-28,245,248,244,245,5963000,245
2012-02-29,243,248,243,246,3418000,246
2012-03-01,241,244,235,237,6322000,237
2012-03-02,239,241,238,241,2952000,241
2012-03-05,239,240,234,235,4201000,235
2012-03-06,234,238,233,236,4975000,236
2012-03-07,233,239,233,238,2616000,238
2012-03-08,241,243,239,242,3732000,242
2012-03-09,245,246,240,243,6165000,243
2012-03-12,246,248,244,245,3453000,245
2012-03-13,247,248,242,245,3454000,245
2012-03-14,247,248,243,243,4354000,243
2012-03-15,245,245,238,240,5572000,240
2012-03-16,239,241,237,238,3174000,238
2012-03-19,238,242,237,240,3155000,240
2012-03-21,241,246,241,243,3968000,243
2012-03-22,242,242,238,239,3459000,239
2012-03-23,239,240,236,237,2554000,237
2012-03-26,237,239,233,234,3605000,234
2012-03-27,235,237,234,236,2668000,236
2012-03-28,233,236,232,233,2625000,233
2012-03-29,234,239,232,237,3595000,237
2012-03-30,239,243,239,241,4134000,241
2012-04-02,243,244,241,241,3419000,241
2012-04-03,242,243,240,242,2040000,242
2012-04-04,243,245,241,242,3093000,242
2012-04-05,242,246,241,244,5711000,244
2012-04-06,244,246,241,245,3661000,245
2012-04-09,244,244,240,242,2541000,242
2012-04-10,243,244,240,241,1957000,241
2012-04-11,238,239,234,235,4173000,235
2012-04-12,235,238,233,237,2755000,237
2012-04-13,238,241,236,240,4659000,240
2012-04-16,240,241,239,239,2615000,239
2012-04-17,239,239,234,235,3098000,235
2012-04-18,238,243,238,242,3387000,242
2012-04-19,241,242,240,242,2286000,242
2012-04-20,242,242,239,241,1923000,241
2012-04-23,241,243,241,242,2098000,242
2012-04-24,241,242,238,239,1876000,239
2012-04-25,240,240,237,240,2211000,240
2012-04-26,241,241,239,239,1312000,239
2012-04-27,239,246,239,243,3720000,243
2012-05-01,241,241,238,240,1504000,240
2012-05-02,241,242,236,241,2474000,241
2012-05-07,236,246,236,240,3245000,240
2012-05-08,242,245,242,244,3259000,244
2012-05-09,243,243,239,240,2080000,240
2012-05-10,236,237,233,235,2187000,235
2012-05-11,235,236,220,224,7076000,224
2012-05-14,224,225,219,222,3011000,222
2012-05-15,217,223,215,221,4864000,221
2012-05-16,222,226,220,221,3269000,221
2012-05-17,222,226,221,223,3575000,223
2012-05-18,218,221,213,219,3893000,219
2012-05-21,223,224,220,221,2784000,221
2012-05-22,228,234,226,232,5556000,232
2012-05-23,230,230,226,227,3256000,227
2012-05-24,228,230,222,229,3726000,229
2012-05-25,231,237,228,229,5120000,229
2012-05-28,231,235,230,233,3477000,233
2012-05-29,235,239,231,238,5125000,238
2012-05-30,237,238,233,236,3222000,236
2012-05-31,233,235,230,232,3297000,232
2012-06-01,230,230,222,224,2209000,224
2012-06-04,219,221,217,220,1986000,220
2012-06-05,222,228,221,228,2869000,228
2012-06-06,230,236,230,234,4038000,234
2012-06-07,234,236,229,231,5274000,231
2012-06-08,231,231,220,221,5982000,221
2012-06-11,228,231,225,226,3316000,226
2012-06-12,224,231,221,229,2761000,229
2012-06-13,231,234,229,233,2439000,233
2012-06-14,232,233,227,230,2913000,230
2012-06-15,230,237,228,233,2349000,233
2012-06-18,241,242,237,237,1910000,237
2012-06-19,235,243,235,239,2290000,239
2012-06-20,244,245,239,244,2917000,244
2012-06-21,246,249,243,246,3174000,246
2012-06-22,243,249,242,247,2983000,247
2012-06-25,249,256,248,254,6433000,254
2012-06-26,252,259,252,257,6761000,257
2012-06-27,256,264,254,262,6204000,262
2012-06-28,260,264,258,262,3950000,262
2012-06-29,261,265,260,263,4138000,263
2012-07-02,261,263,257,262,3615000,262
2012-07-03,263,269,262,263,3537000,263
2012-07-04,266,267,260,261,2641000,261
2012-07-05,261,262,258,259,2310000,259
2012-07-06,260,261,256,257,2495000,257
2012-07-09,257,261,257,258,2150000,258
2012-07-10,260,263,257,259,4159000,259
2012-07-11,257,260,256,260,1387000,260
2012-07-12,261,262,257,258,2445000,258
2012-07-13,259,267,258,265,4238000,265
2012-07-17,265,268,263,266,2663000,266
2012-07-18,268,270,265,268,3444000,268
2012-07-19,268,269,264,268,1421000,268
2012-07-20,268,268,261,263,2410000,263
2012-07-23,262,263,258,260,1596000,260
2012-07-24,257,259,252,256,3036000,256
2012-07-25,256,256,251,253,3222000,253
2012-07-26,254,256,250,255,3108000,255
2012-07-27,258,260,255,258,1984000,258
2012-07-30,263,263,257,260,2273000,260
2012-07-31,260,262,258,260,1852000,260
2012-08-01,258,264,257,262,1732000,262
2012-08-02,263,272,262,270,5096000,270
2012-08-03,267,277,266,273,4408000,273
2012-08-06,269,270,258,265,5857000,265
2012-08-07,266,275,266,274,3251000,274
2012-08-08,277,282,269,269,6181000,269
2012-08-09,269,272,267,270,4261000,270
2012-08-10,269,270,264,266,3750000,266
2012-08-13,263,266,261,265,1929000,265
2012-08-14,265,272,265,268,2071000,268
2012-08-15,270,271,264,266,1204000,266
2012-08-16,267,270,265,270,1920000,270
2012-08-17,272,277,271,275,2271000,275
2012-08-20,275,277,271,274,1875000,274
2012-08-21,275,279,272,277,2425000,277
2012-08-22,277,277,274,275,1818000,275
2012-08-23,276,283,275,281,3551000,281
2012-08-24,273,274,269,271,2907000,271
2012-08-27,272,272,267,267,1658000,267
2012-08-28,267,267,259,260,4439000,260
2012-08-29,260,267,260,264,2849000,264
2012-08-30,264,265,251,253,5473000,253
2012-08-31,254,259,253,254,2198000,254
2012-09-03,253,257,251,252,2955000,252
2012-09-04,252,256,250,254,2044000,254
2012-09-05,256,257,251,252,1798000,252
2012-09-06,250,253,245,248,2583000,248
2012-09-07,250,251,248,251,1280000,251
2012-09-10,250,251,244,249,2211000,249
2012-09-11,249,249,243,245,2287000,245
2012-09-12,249,258,248,253,3039000,253
2012-09-13,255,259,255,258,2321000,258
2012-09-14,259,263,259,263,4225000,263
2012-09-18,262,262,256,259,2242000,259
2012-09-19,262,267,261,264,2724000,264
2012-09-20,265,265,259,262,3017000,262
2012-09-21,263,263,257,258,2436000,258
2012-09-24,257,263,256,261,2459000,261
2012-09-25,260,267,260,263,1911000,263
2012-09-26,262,265,262,263,1287000,263
2012-09-27,262,277,261,277,6296000,277
2012-09-28,275,282,275,278,4916000,278
2012-10-01,277,283,273,281,4410000,281
2012-10-02,281,281,276,280,3654000,280
2012-10-03,279,280,274,277,3634000,277
2012-10-04,277,278,273,276,3733000,276
2012-10-05,277,281,276,279,2051000,279
2012-10-09,275,282,274,279,2653000,279
2012-10-10,272,274,267,270,4590000,270
2012-10-11,267,272,263,268,3906000,268
2012-10-12,264,268,264,265,5779000,265
2012-10-15,263,267,261,265,2663000,265
2012-10-16,267,269,265,267,3673000,267
2012-10-17,268,268,264,266,3826000,266
2012-10-18,267,269,264,267,5200000,267
2012-10-19,267,267,264,265,2783000,265
2012-10-22,273,276,266,266,5812000,266
2012-10-23,266,267,262,264,4094000,264
2012-10-24,261,264,256,258,6467000,258
2012-10-25,254,266,253,266,3679000,266
2012-10-26,266,266,260,262,3583000,262
2012-10-29,260,264,260,263,3287000,263
2012-10-30,262,269,262,263,7876000,263
2012-10-31,261,264,260,260,3269000,260
2012-11-01,259,259,254,257,4805000,257
2012-11-02,258,260,256,258,4581000,258
2012-11-05,256,257,252,254,2965000,254
2012-11-06,258,261,257,258,3593000,258
2012-11-07,260,261,256,258,5895000,258
2012-11-08,258,265,258,261,4733000,261
2012-11-09,258,261,257,260,2737000,260
2012-11-12,260,261,256,257,2321000,257
2012-11-13,258,258,251,254,2137000,254
2012-11-14,253,257,252,255,1798000,255
2012-11-15,255,263,254,262,3819000,262
2012-11-16,259,266,259,262,4352000,262
2012-11-19,264,267,262,263,2458000,263
2012-11-20,263,265,261,264,2194000,264
2012-11-21,265,268,264,265,1964000,265
2012-11-22,266,266,259,262,5730000,262
2012-11-26,263,263,256,257,5190000,257
2012-11-27,258,263,257,260,4095000,260
2012-11-28,261,264,259,261,3388000,261
2012-11-29,261,262,259,261,3613000,261
2012-11-30,262,262,259,260,3026000,260
2012-12-03,264,272,263,271,6287000,271
2012-12-04,266,273,266,273,3885000,273
2012-12-05,273,274,269,269,2698000,269
2012-12-06,270,275,269,274,2913000,274
2012-12-07,275,275,272,273,1321000,273
2012-12-10,275,275,271,272,1669000,272
2012-12-11,273,273,266,268,2272000,268
2012-12-12,268,270,266,268,2293000,268
2012-12-13,268,270,265,266,3787000,266
2012-12-14,265,274,265,274,6902000,274
2012-12-17,276,282,275,279,6947000,279
2012-12-18,282,292,279,290,8155000,290
2012-12-19,293,296,289,293,7104000,293
2012-12-20,295,300,292,296,5855000,296
2012-12-21,303,309,296,300,6779000,300
2012-12-25,305,309,304,306,4427000,306
2012-12-26,309,318,307,317,4888000,317
2012-12-27,320,327,316,317,5886000,317
2012-12-28,318,318,308,313,3920000,313
2013-01-04,322,323,317,320,2176000,320
2013-01-07,321,322,312,314,5520000,314
2013-01-08,314,315,306,309,3368000,309
2013-01-09,309,319,308,317,4521000,317
2013-01-10,320,320,314,315,3040000,315
2013-01-11,315,316,309,309,5688000,309
2013-01-15,310,310,300,302,6493000,302
2013-01-16,299,304,293,295,6522000,295
2013-01-17,301,303,291,295,7949000,295
2013-01-18,303,304,299,301,7180000,301
2013-01-21,306,306,297,302,5280000,302
2013-01-22,302,305,298,302,4772000,302
2013-01-23,303,311,299,302,8211000,302
2013-01-24,300,307,299,306,3644000,306
2013-01-25,308,309,305,309,4364000,309
2013-01-28,310,311,296,297,7277000,297
2013-01-29,297,303,297,298,4120000,298
2013-01-30,299,303,298,303,4267000,303
2013-01-31,304,306,302,306,4832000,306
2013-02-01,307,309,302,303,4136000,303
2013-02-04,303,304,297,298,4663000,298
2013-02-05,296,299,293,294,3946000,294
2013-02-06,297,299,294,298,2955000,298
2013-02-07,296,303,295,300,5672000,300
2013-02-08,297,299,288,290,10957000,290
2013-02-12,293,293,280,282,8100000,282
2013-02-13,279,284,274,278,8524000,278
2013-02-14,276,281,273,278,4906000,278
2013-02-15,274,275,263,268,7312000,268
2013-02-18,271,276,270,275,4855000,275
2013-02-19,276,284,275,277,4993000,277
2013-02-20,281,282,273,274,4542000,274
2013-02-21,274,276,271,272,3494000,272
2013-02-22,272,275,270,274,3377000,274
2013-02-25,278,279,275,278,4573000,278
2013-02-26,272,276,272,273,3645000,273
2013-02-27,274,282,273,276,5874000,276
2013-02-28,279,280,275,277,3724000,277
2013-03-01,277,280,276,278,3428000,278
2013-03-04,286,286,281,283,5644000,283
2013-03-05,285,288,283,287,7785000,287
2013-03-06,290,298,290,296,13423000,296
2013-03-07,299,300,289,292,8217000,292
2013-03-08,290,293,289,290,8797000,290
2013-03-11,292,294,290,291,4392000,291
2013-03-12,294,295,291,292,4203000,292
2013-03-13,291,295,290,294,6011000,294
2013-03-14,295,296,293,295,2813000,295
2013-03-15,294,295,287,291,6085000,291
2013-03-18,290,291,285,285,3583000,285
2013-03-19,288,290,287,288,3073000,288
2013-03-21,290,291,287,291,2996000,291
2013-03-22,289,290,282,285,5571000,285
2013-03-25,287,287,284,284,2927000,284
2013-03-26,283,285,280,284,2954000,284
2013-03-27,280,282,280,281,2510000,281
2013-03-28,281,282,273,275,3320000,275
2013-03-29,275,277,272,274,3057000,274
2013-04-01,274,274,267,268,3243000,268
2013-04-02,267,267,258,264,5005000,264
2013-04-03,267,268,259,263,2710000,263
2013-04-04,261,261,252,258,7350000,258
2013-04-05,263,272,246,247,22317000,247
2013-04-08,255,263,253,262,9412000,262
2013-04-09,263,269,260,267,10126000,267
2013-04-10,268,277,268,277,7527000,277
2013-04-11,280,282,274,276,5412000,276
2013-04-12,275,277,269,270,7379000,270
2013-04-15,271,271,266,267,4043000,267
2013-04-16,263,267,261,264,3853000,264
2013-04-17,264,267,258,266,7152000,266
2013-04-18,263,267,262,265,3063000,265
2013-04-19,265,273,263,271,4577000,271
2013-04-22,275,279,271,277,6904000,277
2013-04-23,279,287,277,285,7188000,285
2013-04-24,288,289,282,285,5685000,285
2013-04-25,286,290,284,289,5129000,289
2013-04-26,290,290,285,286,2977000,286
2013-04-30,286,294,285,292,3788000,292
2013-05-01,292,293,288,291,2447000,291
2013-05-02,288,291,287,290,1628000,290
2013-05-07,294,295,291,293,2922000,293
2013-05-08,292,301,292,299,6913000,299
2013-05-09,300,304,300,301,4692000,301
2013-05-10,305,306,298,300,3899000,300
2013-05-13,301,314,299,314,8197000,314
2013-05-14,311,318,306,310,11357000,310
2013-05-15,313,314,304,307,6162000,307
2013-05-16,307,310,301,306,5348000,306
2013-05-17,306,344,304,334,19441000,334
2013-05-20,337,337,328,329,4752000,329
2013-05-21,329,337,328,333,3346000,333
2013-05-22,340,343,333,335,6521000,335
2013-05-23,336,342,308,308,10050000,308
2013-05-24,315,329,311,323,7206000,323
2013-05-27,311,315,305,308,4898000,308
2013-05-28,307,318,306,315,4433000,315
2013-05-29,323,325,309,310,5513000,310
2013-05-30,306,311,297,300,5088000,300
2013-05-31,308,309,300,302,2492000,302
2013-06-03,293,307,292,296,4330000,296
2013-06-04,294,299,285,294,5163000,294
2013-06-05,294,296,283,283,5045000,283
2013-06-06,280,291,278,279,5180000,279
2013-06-07,279,293,278,287,7224000,287
2013-06-10,291,301,288,300,3189000,300
2013-06-11,300,304,297,298,2608000,298
2013-06-12,293,306,291,302,3034000,302
2013-06-13,296,299,288,291,4831000,291
2013-06-14,296,301,291,298,7046000,298
2013-06-17,302,317,300,316,5765000,316
2013-06-18,312,316,305,309,3840000,309
2013-06-19,316,316,307,312,2434000,312
2013-06-20,309,312,303,306,3659000,306
2013-06-21,298,307,294,306,3153000,306
2013-06-24,307,314,304,309,2623000,309
2013-06-25,309,313,304,308,3359000,308
2013-06-26,314,314,303,303,2618000,303
2013-06-27,303,305,294,304,2804000,304
2013-06-28,307,317,305,316,3845000,316
2013-07-01,315,320,312,318,3821000,318
2013-07-02,320,322,319,321,2503000,321
2013-07-03,322,322,315,317,2107000,317
2013-07-04,314,318,314,316,2615000,316
2013-07-05,319,330,319,328,5031000,328
2013-07-08,333,333,317,318,3686000,318
2013-07-09,325,325,319,323,1580000,323
2013-07-10,325,329,322,325,2777000,325
2013-07-11,326,337,324,336,6521000,336
2013-07-12,340,350,338,347,10209000,347
2013-07-16,347,352,342,350,6932000,350
2013-07-17,351,361,349,359,11092000,359
2013-07-18,358,359,352,355,7010000,355
2013-07-19,358,359,333,343,10448000,343
2013-07-22,345,346,335,336,7862000,336
2013-07-23,337,338,329,332,5102000,332
2013-07-24,332,338,332,334,3342000,334
2013-07-25,334,335,323,324,4240000,324
2013-07-26,323,329,320,320,4461000,320
2013-07-29,317,319,313,313,2636000,313
2013-07-30,311,319,311,317,2852000,317
2013-07-31,314,324,312,318,3437000,318
2013-08-01,319,324,318,321,2782000,321
2013-08-02,327,331,325,331,3022000,331
2013-08-05,330,336,330,330,3210000,330
2013-08-06,327,330,321,327,3410000,327
2013-08-07,328,345,328,338,10620000,338
2013-08-08,338,348,336,338,5592000,338
2013-08-09,338,345,337,342,4269000,342
2013-08-12,339,344,335,341,2984000,341
2013-08-13,347,356,344,355,4090000,355
2013-08-14,357,357,351,357,3287000,357
2013-08-15,353,355,351,353,2663000,353
2013-08-16,352,361,347,352,4290000,352
2013-08-19,353,361,352,360,3212000,360
2013-08-20,356,360,348,348,3411000,348
2013-08-21,348,352,344,350,2389000,350
2013-08-22,346,352,345,351,1955000,351
2013-08-23,355,357,348,351,3160000,351
2013-08-26,355,355,350,354,2056000,354
2013-08-27,354,360,352,356,2099000,356
2013-08-28,348,354,346,352,2662000,352
2013-08-29,354,365,351,364,9112000,364
2013-08-30,364,368,358,363,4582000,363
2013-09-02,366,373,361,368,6513000,368
2013-09-03,373,374,367,369,6441000,369
2013-09-04,369,372,367,372,2503000,372
2013-09-05,374,374,366,369,4287000,369
2013-09-06,367,367,356,359,5792000,359
2013-09-09,399,400,381,387,11558000,387
2013-09-10,394,417,391,408,12885000,408
2013-09-11,412,413,387,388,9044000,388
2013-09-12,390,395,386,389,5308000,389
2013-09-13,383,388,381,383,5598000,383
2013-09-17,387,394,384,391,4667000,391
2013-09-18,392,395,390,392,3332000,392
2013-09-19,395,396,389,391,3670000,391
2013-09-20,391,395,389,392,3803000,392
2013-09-24,390,393,386,390,2640000,390
2013-09-25,390,391,382,384,3799000,384
2013-09-26,379,390,378,389,3986000,389
2013-09-27,389,390,385,388,2691000,388
2013-09-30,386,404,386,395,7629000,395
2013-10-01,395,397,388,390,3153000,390
2013-10-02,391,392,381,382,2539000,382
2013-10-03,380,388,375,384,3381000,384
2013-10-04,380,382,375,378,2725000,378
2013-10-07,378,379,366,367,2466000,367
2013-10-08,364,379,364,374,3578000,374
2013-10-09,385,394,382,392,6284000,392
2013-10-10,392,393,383,387,2894000,387
2013-10-11,393,395,389,392,3215000,392
2013-10-15,390,394,388,389,2577000,389
2013-10-16,387,391,387,388,975000,388
2013-10-17,392,392,387,389,1485000,389
2013-10-18,389,391,386,390,1822000,390
2013-10-21,391,393,389,390,1421000,390
2013-10-22,388,392,387,389,1219000,389
2013-10-23,389,391,382,382,2676000,382
2013-10-24,381,392,381,390,2841000,390
2013-10-25,393,394,389,391,3161000,391
2013-10-28,395,399,392,397,2463000,397
2013-10-29,398,400,395,400,3470000,400
2013-10-30,400,400,396,400,2441000,400
2013-10-31,399,400,393,395,2875000,395
2013-11-01,394,397,388,393,2398000,393
2013-11-05,401,401,395,399,3767000,399
2013-11-06,397,399,391,395,3345000,395
2013-11-07,398,402,393,394,5112000,394
2013-11-08,388,398,388,396,2441000,396
2013-11-11,399,402,397,401,2879000,401
2013-11-12,401,402,395,398,3203000,398
2013-11-13,398,404,395,402,4933000,402
2013-11-14,402,404,398,400,3433000,400
2013-11-15,401,403,390,393,6224000,393
2013-11-18,394,395,389,393,3950000,393
2013-11-19,392,395,391,394,2344000,394
2013-11-20,393,394,389,389,2149000,389
2013-11-21,389,394,388,394,2820000,394
2013-11-22,394,395,389,391,2171000,391
2013-11-25,392,392,386,388,2711000,388
2013-11-26,390,391,386,387,2356000,387
2013-11-27,392,398,389,396,6260000,396
2013-11-28,396,398,393,397,3576000,397
2013-11-29,393,396,389,396,3542000,396
2013-12-02,397,418,397,417,11224000,417
2013-12-03,416,417,409,416,4476000,416
2013-12-04,408,409,402,407,4454000,407
2013-12-05,410,412,403,404,2542000,404
2013-12-06,402,405,398,402,1986000,402
2013-12-09,407,407,400,402,2656000,402
2013-12-10,399,401,390,393,3506000,393
2013-12-11,392,392,388,391,2885000,391
2013-12-12,391,401,391,398,4416000,398
2013-12-13,398,401,394,395,4913000,395
2013-12-16,393,393,387,389,2038000,389
2013-12-17,390,391,388,389,1499000,389
2013-12-18,388,393,388,393,2451000,393
2013-12-19,394,396,385,387,2962000,387
2013-12-20,389,397,389,394,3316000,394
2013-12-24,396,396,388,389,1897000,389
2013-12-25,387,389,386,387,2555000,387
2013-12-26,388,398,388,396,2514000,396
2013-12-27,398,400,394,397,2490000,397
2013-12-30,401,406,399,404,2438000,404
2014-01-06,402,403,394,396,5144000,396
2014-01-07,395,400,394,397,2563000,397
2014-01-08,400,403,398,402,3068000,402
2014-01-09,401,403,398,402,2121000,402
2014-01-10,397,401,394,400,4264000,400
2014-01-14,394,394,389,390,2997000,390
2014-01-15,395,399,393,399,2571000,399
2014-01-16,399,402,396,397,1846000,397
2014-01-17,395,397,393,394,1766000,394
2014-01-20,397,399,393,398,1896000,398
2014-01-21,398,401,396,399,1260000,399
2014-01-22,397,400,393,400,2279000,400
2014-01-23,400,400,394,395,2485000,395
2014-01-24,393,395,390,393,6989000,393
2014-01-27,388,388,383,384,3138000,384
2014-01-28,387,388,382,382,2049000,382
2014-01-29,387,391,386,391,1379000,391
2014-01-30,383,387,382,386,2331000,386
2014-01-31,389,390,383,387,2308000,387
2014-02-03,385,385,375,377,2276000,377
2014-02-04,362,365,353,354,3713000,354
2014-02-05,361,370,360,368,3607000,368
2014-02-06,367,376,365,373,3095000,373
2014-02-07,377,386,377,382,2438000,382
2014-02-10,383,383,375,378,3465000,378
2014-02-12,382,385,380,384,2290000,384
2014-02-13,384,389,381,384,2735000,384
2014-02-14,387,393,377,380,5020000,380
2014-02-17,382,394,380,393,4567000,393
2014-02-18,393,402,391,399,3511000,399
2014-02-19,398,399,392,395,2748000,395
2014-02-20,395,400,389,389,4150000,389
2014-02-21,397,399,391,394,3106000,394
2014-02-24,391,392,381,386,4190000,386
2014-02-25,390,397,388,394,2858000,394
2014-02-26,389,394,388,391,1570000,391
2014-02-27,392,395,385,387,3055000,387
2014-02-28,388,396,388,392,3234000,392
2014-03-03,390,397,387,396,2765000,396
2014-03-04,392,398,391,397,2390000,397
2014-03-05,399,409,398,407,5953000,407
2014-03-06,407,412,406,410,4244000,410
2014-03-07,415,419,414,417,5444000,417
2014-03-10,416,421,414,417,4042000,417
2014-03-11,419,431,419,425,5535000,425
2014-03-12,420,427,418,424,5243000,424
2014-03-13,420,426,418,422,2647000,422
2014-03-14,412,417,410,413,6788000,413
2014-03-17,410,420,409,414,4460000,414
2014-03-18,420,432,419,429,4031000,429
2014-03-19,432,440,424,427,4561000,427
2014-03-20,426,427,412,412,5591000,412
2014-03-24,415,434,415,433,5168000,433
2014-03-25,436,448,430,430,5398000,430
2014-03-26,428,432,419,423,3760000,423
2014-03-27,413,424,407,423,3816000,423
2014-03-28,423,424,415,421,3070000,421
2014-03-31,427,430,423,427,2545000,427
2014-04-01,428,441,428,435,3821000,435
2014-04-02,433,433,424,426,4411000,426
2014-04-03,427,428,421,425,3548000,425
2014-04-04,424,427,420,424,3182000,424
2014-04-07,419,421,417,419,1999000,419
2014-04-08,419,444,419,419,8504000,419
2014-04-09,413,413,399,405,6963000,405
2014-04-10,416,417,408,412,3189000,412
2014-04-11,404,415,404,411,4333000,411
2014-04-14,408,411,405,405,3283000,405
2014-04-15,410,414,406,408,4914000,408
2014-04-16,407,413,404,412,3082000,412
2014-04-17,410,420,410,420,4771000,420
2014-04-18,422,428,418,426,2708000,426
2014-04-21,427,430,423,424,1750000,424
2014-04-22,426,429,423,423,1446000,423
2014-04-23,425,426,416,417,2012000,417
2014-04-24,418,422,415,419,1826000,419
2014-04-25,419,419,412,414,2252000,414
2014-04-28,409,412,405,405,1229000,405
2014-04-30,410,412,405,406,2456000,406
2014-05-01,408,411,405,409,3038000,409
2014-05-02,410,414,408,410,1335000,410
2014-05-07,406,408,400,400,2697000,400
2014-05-08,402,404,399,401,2464000,401
2014-05-09,399,404,396,398,2562000,398
2014-05-12,399,403,397,400,2240000,400
2014-05-13,407,409,397,400,3605000,400
2014-05-14,393,396,378,383,8506000,383
2014-05-15,376,384,374,377,5122000,377
2014-05-16,375,375,367,369,4430000,369
2014-05-19,370,374,367,370,3503000,370
2014-05-20,365,371,361,368,4015000,368
2014-05-21,363,371,363,367,3207000,367
2014-05-22,372,373,367,371,2899000,371
2014-05-23,369,370,365,365,3078000,365
2014-05-26,370,373,367,370,2075000,370
2014-05-27,370,374,368,371,1804000,371
2014-05-28,371,374,369,370,1915000,370
2014-05-29,368,371,367,370,1394000,370
2014-05-30,369,371,366,367,2363000,367
2014-06-02,368,380,368,377,4098000,377
2014-06-03,379,379,373,374,4204000,374
2014-06-04,374,379,373,378,2423000,378
2014-06-05,379,380,375,375,1154000,375
2014-06-06,377,383,375,381,2321000,381
2014-06-09,384,390,384,387,2616000,387
2014-06-10,389,389,383,383,1611000,383
2014-06-11,386,392,385,391,2812000,391
2014-06-12,389,392,387,390,1679000,390
2014-06-13,387,390,385,388,2997000,388
2014-06-16,391,394,387,388,1853000,388
2014-06-17,392,392,385,385,1586000,385
2014-06-18,384,387,382,386,1813000,386
2014-06-19,389,393,387,390,2175000,390
2014-06-20,387,390,386,386,2078000,386
2014-06-23,387,390,386,387,1679000,387
2014-06-24,384,388,381,386,2142000,386
2014-06-25,385,387,383,384,1220000,384
2014-06-26,387,387,384,384,890000,384
2014-06-27,382,385,379,379,1613000,379
2014-06-30,377,386,377,385,1456000,385
2014-07-01,386,391,385,390,2008000,390
2014-07-02,390,390,381,381,3169000,381
2014-07-03,382,384,380,380,1689000,380
2014-07-04,382,384,381,381,814000,381
2014-07-07,380,381,378,379,1212000,379
2014-07-08,377,378,373,375,2043000,375
2014-07-09,373,374,369,372,3353000,372
2014-07-10,375,378,373,374,2902000,374
2014-07-11,369,377,369,375,3125000,375
2014-07-14,375,377,373,377,1252000,377
2014-07-15,371,374,370,370,3055000,370
2014-07-16,368,372,368,369,1705000,369
2014-07-17,369,370,366,366,2046000,366
2014-07-18,364,365,361,363,2026000,363
2014-07-22,363,368,363,367,2286000,367
2014-07-23,365,368,362,363,2176000,363
2014-07-24,362,367,362,365,2193000,365
2014-07-25,366,367,361,363,3362000,363
2014-07-28,363,366,362,364,2124000,364
2014-07-29,367,371,366,370,2267000,370
2014-07-30,368,373,366,372,1919000,372
2014-07-31,373,374,370,374,1903000,374
2014-08-01,372,375,370,373,1708000,373
2014-08-04,371,373,369,370,1279000,370
2014-08-05,366,370,351,351,7423000,351
2014-08-06,356,363,349,352,5503000,352
2014-08-07,348,352,345,348,3357000,348
2014-08-08,340,342,334,335,6149000,335
2014-08-11,341,342,336,338,3415000,338
2014-08-12,339,342,337,338,1961000,338
2014-08-13,339,342,337,341,1649000,341
2014-08-14,343,346,341,345,1823000,345
2014-08-15,348,355,345,354,3506000,354
2014-08-18,354,355,351,351,1566000,351
2014-08-19,356,357,353,354,2139000,354
2014-08-20,354,354,345,346,4398000,346
2014-08-21,347,348,343,345,2778000,345
2014-08-22,345,345,342,342,1050000,342
2014-08-25,345,346,342,343,1572000,343
2014-08-26,341,344,340,343,2500000,343
2014-08-27,345,360,345,358,9221000,358
2014-08-28,358,367,353,364,10123000,364
2014-08-29,364,367,360,367,5406000,367
2014-09-01,369,374,366,372,5056000,372
2014-09-02,378,385,377,381,8582000,381
2014-09-03,385,389,381,383,7901000,383
2014-09-04,383,384,378,379,3546000,379
2014-09-05,383,385,375,377,4700000,377
2014-09-08,378,384,377,382,3040000,382
2014-09-09,384,384,378,379,2284000,379
2014-09-10,376,377,371,373,4873000,373
2014-09-11,373,373,364,367,4928000,367
2014-09-12,361,369,360,366,6295000,366
2014-09-16,364,369,364,364,1936000,364
2014-09-17,365,366,361,362,1474000,362
2014-09-18,363,366,361,362,2264000,362
2014-09-19,365,371,365,369,3948000,369
2014-09-22,370,371,367,370,2116000,370
2014-09-24,367,372,366,370,2419000,370
2014-09-25,373,377,371,373,2504000,373
2014-09-26,369,371,366,369,1956000,369
2014-09-29,372,372,363,366,2480000,366
2014-09-30,364,365,357,360,2386000,360
2014-10-01,359,365,357,358,2348000,358
2014-10-02,354,357,351,351,3677000,351
2014-10-03,352,358,347,348,4111000,348
2014-10-06,350,354,349,352,2203000,352
2014-10-07,352,357,351,351,2391000,351
2014-10-08,347,356,346,354,2643000,354
2014-10-09,355,356,349,349,2630000,349
2014-10-10,345,349,341,342,4678000,342
2014-10-14,333,335,326,326,8963000,326
2014-10-15,329,332,324,330,3790000,330
2014-10-16,322,323,318,318,2842000,318
2014-10-17,318,326,318,321,4260000,321
2014-10-20,326,333,325,329,2560000,329
2014-10-21,330,331,324,324,2761000,324
2014-10-22,327,331,326,331,1966000,331
2014-10-23,329,336,329,332,1736000,332
2014-10-24,337,342,334,341,3637000,341
2014-10-27,341,343,336,338,2589000,338
2014-10-28,335,335,329,330,2310000,330
2014-10-29,334,337,332,333,2331000,333
2014-10-30,333,337,333,334,1788000,334
2014-10-31,338,347,334,344,4130000,344
2014-11-04,360,361,349,349,5648000,349
2014-11-05,349,356,349,353,4258000,353
2014-11-06,352,360,348,351,4958000,351
2014-11-07,353,371,350,366,6718000,366
2014-11-10,364,370,362,364,3057000,364
2014-11-11,363,371,361,369,3903000,369
2014-11-12,372,379,370,372,4771000,372
2014-11-13,372,372,357,360,7113000,360
2014-11-14,360,361,349,352,8036000,352
2014-11-17,347,348,335,337,6863000,337
2014-11-18,340,346,339,346,5148000,346
2014-11-19,347,351,346,347,6523000,347
2014-11-20,348,348,341,343,2553000,343
2014-11-21,341,342,334,340,4010000,340
2014-11-25,342,344,339,341,2233000,341
2014-11-26,338,339,331,337,4246000,337
2014-11-27,335,337,332,333,2521000,333
2014-11-28,333,338,333,335,3992000,335
2014-12-01,337,343,336,343,2493000,343
2014-12-02,341,346,339,345,1875000,345
2014-12-03,346,347,340,342,2701000,342
2014-12-04,358,361,354,357,7653000,357
2014-12-05,358,365,356,364,5073000,364
2014-12-08,367,369,362,367,2720000,367
2014-12-09,363,365,359,361,2069000,361
2014-12-10,359,363,358,360,2040000,360
2014-12-11,362,365,357,363,3587000,363
2014-12-12,364,364,356,356,6246000,356
2014-12-15,353,357,351,354,1802000,354
2014-12-16,350,350,340,340,4850000,340
2014-12-17,339,345,338,343,2120000,343
2014-12-18,350,350,336,337,4478000,337
2014-12-19,341,343,337,342,4384000,342
2014-12-22,345,350,343,349,2717000,349
2014-12-24,352,353,346,348,1896000,348
2014-12-25,345,348,342,345,1842000,345
2014-12-26,345,348,344,346,1375000,346
2014-12-29,347,348,342,345,1896000,345
2014-12-30,343,348,342,345,1260000,345
2015-01-05,344,349,342,343,1715000,343
2015-01-06,340,340,334,336,2817000,336
2015-01-07,334,337,333,334,1709000,334
2015-01-08,338,343,336,341,1958000,341
2015-01-09,346,346,338,340,3892000,340
2015-01-13,337,338,332,338,2999000,338
2015-01-14,336,347,335,343,4770000,343
2015-01-15,345,353,344,351,5268000,351
2015-01-16,348,350,337,346,5636000,346
2015-01-19,348,349,343,344,2133000,344
2015-01-20,343,347,339,341,3484000,341
2015-01-21,340,341,334,337,2380000,337
2015-01-22,336,342,334,341,2231000,341
2015-01-23,342,343,340,342,1497000,342
2015-01-26,339,342,338,342,2129000,342
2015-01-27,343,348,342,345,1909000,345
2015-01-28,342,344,339,341,2396000,341
2015-01-29,339,346,338,343,2831000,343
2015-01-30,344,348,343,344,2661000,344
2015-02-02,342,345,341,343,2557000,343
2015-02-03,345,353,344,349,3269000,349
2015-02-04,353,361,352,360,4838000,360
2015-02-05,357,357,349,354,3131000,354
2015-02-06,355,357,352,357,2360000,357
2015-02-09,361,361,352,355,2762000,355
2015-02-10,355,360,353,359,3251000,359
2015-02-12,356,358,353,353,3277000,353
2015-02-13,355,359,352,358,2947000,358
2015-02-16,356,363,356,362,3557000,362
2015-02-17,358,358,354,355,2931000,355
2015-02-18,357,359,355,357,3765000,357
2015-02-19,355,356,352,353,3023000,353
2015-02-20,354,359,353,357,2416000,357
2015-02-23,359,361,355,358,2700000,358
2015-02-24,361,372,360,369,5687000,369
2015-02-25,374,385,370,370,8650000,370
2015-02-26,372,375,369,371,3069000,371
2015-02-27,368,370,366,367,2774000,367
2015-03-02,366,380,366,374,4053000,374
2015-03-03,373,375,368,375,2670000,375
2015-03-04,374,383,371,379,3624000,379
2015-03-05,374,375,371,371,1892000,371
2015-03-06,372,376,372,374,1649000,374
2015-03-09,370,371,365,366,3242000,366
2015-03-10,365,366,358,360,3546000,360
2015-03-11,356,359,356,356,2619000,356
2015-03-12,357,358,352,357,3841000,357
2015-03-13,356,360,353,358,4886000,358
2015-03-16,359,362,355,357,3577000,357
2015-03-17,358,358,355,356,2151000,356
2015-03-18,356,357,353,354,2268000,354
2015-03-19,354,358,353,356,3685000,356
2015-03-20,357,360,356,360,2047000,360
2015-03-23,360,362,357,362,2211000,362
2015-03-24,362,365,359,360,2462000,360
2015-03-25,363,372,362,370,6913000,370
2015-03-26,368,370,365,367,2347000,367
2015-03-27,365,369,355,359,3436000,359
2015-03-30,359,363,355,362,2689000,362
2015-03-31,367,371,365,369,4207000,369
2015-04-01,367,373,366,369,5198000,369
2015-04-02,368,374,366,373,3552000,373
2015-04-03,375,383,374,382,6652000,382
2015-04-06,379,384,377,383,2442000,383
2015-04-07,383,394,382,391,6425000,391
2015-04-08,392,394,385,386,3907000,386
2015-04-09,387,388,383,385,2119000,385
2015-04-10,382,385,378,383,2144000,383
2015-04-13,387,397,387,394,5295000,394
2015-04-14,394,397,391,394,2303000,394
2015-04-15,389,395,389,393,1444000,393
2015-04-16,390,399,390,398,2955000,398
2015-04-17,395,402,391,396,3303000,396
2015-04-20,390,398,388,397,1885000,397
2015-04-21,397,402,395,399,3084000,399
2015-04-22,398,406,398,406,3661000,406
2015-04-23,403,414,403,410,3492000,410
2015-04-24,410,412,401,403,4123000,403
2015-04-27,399,401,396,399,2457000,399
2015-04-28,401,406,398,400,2626000,400
2015-04-30,395,397,388,391,2563000,391
2015-05-01,389,392,386,388,1466000,388
2015-05-07,389,404,389,399,5381000,399
2015-05-08,400,411,398,404,3252000,404
2015-05-11,410,411,406,409,1821000,409
2015-05-12,404,416,404,414,2543000,414
2015-05-13,410,413,403,412,2390000,412
2015-05-14,405,445,399,424,9988000,424
2015-05-15,431,433,421,421,6259000,421
2015-05-18,423,424,417,422,4436000,422
2015-05-19,422,422,416,416,4051000,416
2015-05-20,416,422,416,417,4460000,417
2015-05-21,416,420,413,418,2659000,418
2015-05-22,419,422,418,420,2423000,420
2015-05-25,423,425,419,420,2260000,420
2015-05-26,421,427,420,425,2101000,425
2015-05-27,426,430,424,429,2317000,429
2015-05-28,440,452,439,450,7379000,450
2015-05-29,447,451,446,446,4074000,446
2015-06-01,438,454,438,451,3355000,451
2015-06-02,454,461,451,453,2951000,453
2015-06-03,448,453,447,448,2843000,448
2015-06-04,447,463,447,458,3726000,458
2015-06-05,462,467,455,460,6057000,460
2015-06-08,465,469,457,462,3718000,462
2015-06-09,458,458,449,451,3557000,451
2015-06-10,443,444,431,438,8753000,438
2015-06-11,446,454,445,454,3957000,454
2015-06-12,458,459,450,455,3460000,455
2015-06-15,454,458,450,457,1971000,457
2015-06-16,457,459,448,455,2866000,455
2015-06-17,455,457,450,454,2224000,454
2015-06-18,454,455,449,453,1691000,453
2015-06-19,455,461,452,460,3462000,460
2015-06-22,461,463,454,459,2441000,459
2015-06-23,468,473,459,465,3461000,465
2015-06-24,469,473,463,466,3213000,466
2015-06-25,467,470,463,468,1826000,468
2015-06-26,469,469,458,461,1898000,461
2015-06-29,450,456,443,449,1665000,449
2015-06-30,448,454,445,453,1630000,453
2015-07-01,453,456,448,452,3034000,452
2015-07-02,453,458,449,452,3311000,452
2015-07-03,452,453,445,448,2027000,448
2015-07-06,441,448,435,440,2649000,440
2015-07-07,442,449,439,441,2670000,441
2015-07-08,442,453,438,448,7764000,448
2015-07-09,441,456,429,454,6325000,454
2015-07-10,453,453,444,448,3345000,448
2015-07-13,452,468,452,462,3317000,462
2015-07-14,465,468,461,465,2460000,465
2015-07-15,470,474,465,467,3094000,467
2015-07-16,467,477,466,473,2533000,473
2015-07-17,473,475,467,468,1971000,468
2015-07-21,472,474,470,473,2307000,473
2015-07-22,469,470,466,469,1966000,469
2015-07-23,470,477,465,474,2409000,474
2015-07-24,479,483,468,470,2149000,470
2015-07-27,465,467,455,457,2962000,457
2015-07-28,456,463,453,461,1696000,461
2015-07-29,462,462,455,461,1556000,461
2015-07-30,463,469,461,462,2064000,462
2015-07-31,460,469,459,465,2578000,465
2015-08-03,467,469,464,467,976000,467
2015-08-04,466,469,455,458,1959000,458
2015-08-05,459,464,455,462,1954000,462
2015-08-06,468,483,466,480,3043000,480
2015-08-07,476,498,476,491,5229000,491
2015-08-10,494,507,491,505,4110000,505
2015-08-11,507,512,499,505,2875000,505
2015-08-12,505,511,500,502,2717000,502
2015-08-13,505,511,500,509,2603000,509
2015-08-14,514,521,510,517,4055000,517
2015-08-17,519,524,512,523,2101000,523
2015-08-18,520,522,514,515,1990000,515
2015-08-19,508,518,506,515,2394000,515
2015-08-20,513,524,510,511,2142000,511
2015-08-21,501,510,500,502,2632000,502
2015-08-24,492,494,478,479,3241000,479
2015-08-25,470,486,462,467,7606000,467
2015-08-26,483,487,464,472,7784000,472
2015-08-27,478,482,470,476,4698000,476
2015-08-28,488,488,473,476,4682000,476
2015-08-31,476,478,461,471,6510000,471
2015-09-01,471,475,463,464,3840000,464
2015-09-02,460,473,456,464,4866000,464
2015-09-03,471,479,469,472,4199000,472
2015-09-04,470,471,454,457,3660000,457
2015-09-07,453,455,447,451,2827000,451
2015-09-08,459,463,447,448,2818000,448
2015-09-09,460,463,451,460,4391000,460
2015-09-10,462,473,457,473,3332000,473
2015-09-11,477,490,475,483,5868000,483
2015-09-14,482,487,474,479,2147000,479
2015-09-15,481,485,472,476,2150000,476
2015-09-16,479,480,459,459,3589000,459
2015-09-17,465,466,454,458,3213000,458
2015-09-18,458,458,445,453,4468000,453
2015-09-24,447,458,445,450,2932000,450
2015-09-25,451,456,443,448,3612000,448
2015-09-28,448,450,442,445,2665000,445
2015-09-29,440,440,424,426,3549000,426
2015-09-30,431,434,419,424,4743000,424
2015-10-01,432,432,419,423,3289000,423
2015-10-02,427,446,423,444,6128000,444
2015-10-05,447,448,433,438,3053000,438
2015-10-06,438,444,436,440,2464000,440
2015-10-07,442,446,436,438,3540000,438
2015-10-08,441,441,434,437,2110000,437
2015-10-09,435,444,429,444,4913000,444
2015-10-13,443,448,438,445,4145000,445
2015-10-14,444,454,443,452,4379000,452
2015-10-15,452,471,451,467,7028000,467
2015-10-16,466,477,465,473,5254000,473
2015-10-19,472,472,463,468,2929000,468
2015-10-20,469,470,463,465,2013000,465
2015-10-21,464,489,463,484,4813000,484
2015-10-22,485,487,472,475,2563000,475
2015-10-23,481,481,469,477,3199000,477
2015-10-26,480,480,467,468,3399000,468
2015-10-27,475,475,464,465,2702000,465
2015-10-28,473,474,462,467,2942000,467
2015-10-29,467,467,458,463,3756000,463
2015-10-30,467,470,462,468,2931000,468
2015-11-02,466,472,463,466,2722000,466
2015-11-04,474,474,458,458,3685000,458
2015-11-05,458,472,456,472,2532000,472
2015-11-06,485,517,483,513,9773000,513
2015-11-09,509,512,505,509,4368000,509
2015-11-10,506,518,506,514,3286000,514
2015-11-11,508,516,507,514,3224000,514
2015-11-12,514,519,510,511,2744000,511
2015-11-13,503,515,500,512,2143000,512
2015-11-16,504,513,503,506,1269000,506
2015-11-17,516,519,511,511,2691000,511
2015-11-18,512,514,494,495,4312000,495
2015-11-19,497,500,493,498,3094000,498
2015-11-20,502,506,493,506,2360000,506
2015-11-24,512,514,502,504,2743000,504
2015-11-25,501,503,495,498,1810000,498
2015-11-26,498,502,494,496,2819000,496
2015-11-27,488,492,472,477,6645000,477
2015-11-30,480,480,472,474,3159000,474
2015-12-01,474,474,461,465,6794000,465
2015-12-02,461,463,451,454,6440000,454
2015-12-03,454,454,444,449,4766000,449
2015-12-04,449,455,447,449,5136000,449
2015-12-07,456,456,451,454,4007000,454
2015-12-08,446,452,440,442,4826000,442
2015-12-09,442,446,435,438,5059000,438
2015-12-10,434,441,433,434,2302000,434
2015-12-11,441,444,435,438,5401000,438
2015-12-14,436,442,431,441,4848000,441
2015-12-15,447,450,438,441,5062000,441
2015-12-16,440,447,437,444,3041000,444
2015-12-17,452,458,447,457,3588000,457
2015-12-18,458,467,452,457,7870000,457
2015-12-21,454,458,448,457,2696000,457
2015-12-22,460,462,459,460,2420000,460
2015-12-24,468,476,463,464,5059000,464
2015-12-25,459,459,439,441,4146000,441
2015-12-28,444,445,439,443,4406000,443
2015-12-29,444,448,441,447,2553000,447
2015-12-30,448,450,443,445,1496000,445
2016-01-04,438,447,437,437,2692000,437
2016-01-05,441,461,440,456,6030000,456
2016-01-06,460,466,454,457,4494000,457
2016-01-07,455,460,448,452,3479000,452
2016-01-08,448,466,448,459,5528000,459
2016-01-12,460,465,451,452,5751000,452
2016-01-13,455,459,441,457,7695000,457
2016-01-14,450,459,442,458,6937000,458
2016-01-15,462,475,460,466,9658000,466
2016-01-18,462,462,455,460,4600000,460
2016-01-19,468,482,467,481,7855000,481
2016-01-20,480,481,457,459,5657000,459
2016-01-21,459,468,451,452,6218000,452
2016-01-22,457,468,442,452,8909000,452
2016-01-25,457,458,443,445,8172000,445
2016-01-26,458,470,447,466,12532000,466
2016-01-27,469,475,465,468,5090000,468
2016-01-28,462,482,462,478,4863000,478
2016-01-29,482,489,470,489,5065000,489
2016-02-01,491,500,491,492,4818000,492
2016-02-02,485,489,465,468,5767000,468
2016-02-03,460,461,452,457,3897000,457
2016-02-04,453,458,448,454,3033000,454
2016-02-05,447,453,441,446,2564000,446
2016-02-08,439,449,434,448,3015000,448
2016-02-09,430,435,423,427,4008000,427
2016-02-10,460,460,421,425,8363000,425
2016-02-12,412,426,396,413,10618000,413
2016-02-15,435,436,418,431,4204000,431
2016-02-16,425,431,416,421,3952000,421
2016-02-17,420,425,410,414,5769000,414
2016-02-18,422,425,415,419,3227000,419
2016-02-19,411,413,400,409,3876000,409
2016-02-22,405,416,403,412,3862000,412
2016-02-23,410,412,399,407,5245000,407
2016-02-24,402,413,398,409,2717000,409
2016-02-25,415,426,411,423,3474000,423
2016-02-26,425,429,411,412,3428000,412
2016-02-29,416,416,410,412,3153000,412
2016-03-01,416,416,410,415,2116000,415
2016-03-02,423,424,412,415,4912000,415
2016-03-03,413,413,401,405,7640000,405
2016-03-04,406,427,405,426,4766000,426
2016-03-07,425,427,420,425,2720000,425
2016-03-08,427,433,422,430,3426000,430
2016-03-09,426,432,424,426,3935000,426
2016-03-10,432,441,428,438,4532000,438
2016-03-11,432,438,430,436,4149000,436
2016-03-14,440,447,434,445,2808000,445
2016-03-15,450,462,446,452,5874000,452
2016-03-16,452,460,451,457,4595000,457
2016-03-17,458,466,456,461,4222000,461
2016-03-18,457,461,450,456,2753000,456
2016-03-22,466,471,458,466,2723000,466
2016-03-23,465,466,459,464,2712000,464
2016-03-24,466,470,462,467,3261000,467
2016-03-25,469,469,441,443,4604000,443
2016-03-28,437,442,431,442,5431000,442
2016-03-29,436,441,429,440,2812000,440
2016-03-30,443,446,435,443,3845000,443
2016-03-31,444,448,440,442,2858000,442
2016-04-01,443,443,431,432,3163000,432
2016-04-04,432,439,427,435,2655000,435
2016-04-05,431,437,419,421,3344000,421
2016-04-06,429,444,427,441,6612000,441
2016-04-07,442,457,439,449,5775000,449
2016-04-08,446,459,442,453,4488000,453
2016-04-11,455,461,450,461,3207000,461
2016-04-12,460,465,455,458,3545000,458
2016-04-13,464,471,462,470,3018000,470
2016-04-14,473,480,472,478,3424000,478
2016-04-15,486,490,479,483,3781000,483
2016-04-18,478,503,475,488,7414000,488
2016-04-19,488,491,479,491,2858000,491
2016-04-20,494,498,488,491,2904000,491
2016-04-21,498,498,491,493,2522000,493
2016-04-22,490,492,484,492,3791000,492
2016-04-25,494,496,487,489,2221000,489
2016-04-26,489,490,478,481,2255000,481
2016-04-27,485,494,484,490,1667000,490
2016-04-28,490,490,470,470,3156000,470
2016-05-02,457,468,455,460,2665000,460
2016-05-06,457,465,453,455,2692000,455
2016-05-09,454,460,452,454,2590000,454
2016-05-10,457,465,456,464,2131000,464
2016-05-11,467,469,462,463,1502000,463
2016-05-12,460,475,445,447,6500000,447
2016-05-13,444,448,437,439,7045000,439
2016-05-16,439,450,438,440,3703000,440
2016-05-17,440,443,434,436,3309000,436
2016-05-18,435,438,430,433,4424000,433
2016-05-19,432,433,427,429,3651000,429
2016-05-20,426,433,426,431,3382000,431
2016-05-23,431,434,425,427,3405000,427
2016-05-24,427,435,425,432,3862000,432
2016-05-25,438,442,432,434,2686000,434
2016-05-26,430,441,423,438,3746000,438
2016-05-27,441,442,437,439,1839000,439
2016-05-30,446,459,445,457,5135000,457
2016-05-31,457,457,449,451,2437000,451
2016-06-01,449,452,443,445,2847000,445
2016-06-02,441,442,428,432,3011000,432
2016-06-03,435,441,433,439,2674000,439
2016-06-06,428,434,428,432,2254000,432
2016-06-07,438,440,432,434,1974000,434
2016-06-08,436,438,434,436,2275000,436
2016-06-09,431,436,431,435,2524000,435
2016-06-10,441,441,433,439,4673000,439
2016-06-13,432,433,426,427,3376000,427
2016-06-14,423,429,421,428,3552000,428
2016-06-15,423,430,421,427,4023000,427
2016-06-16,429,433,416,417,3290000,417
2016-06-17,422,428,417,418,4518000,418
2016-06-20,425,429,423,427,3950000,427
2016-06-21,421,428,417,427,3370000,427
2016-06-22,426,427,418,423,3782000,423
2016-06-23,422,428,417,425,1621000,425
2016-06-24,427,431,399,402,3615000,402
2016-06-27,408,425,408,425,3324000,425
2016-06-28,417,440,416,437,5422000,437
2016-06-29,440,446,437,439,2555000,439
2016-06-30,440,444,437,439,3204000,439
2016-07-01,444,455,438,453,3392000,453
2016-07-04,448,459,448,458,3977000,458
2016-07-05,456,458,450,455,1917000,455
2016-07-06,445,455,440,453,2838000,453
2016-07-07,453,458,451,455,2425000,455
2016-07-08,453,458,446,448,3344000,448
2016-07-11,460,473,458,471,3471000,471
2016-07-12,474,483,464,464,4653000,464
2016-07-13,471,473,464,468,3391000,468
2016-07-14,464,468,462,463,4610000,463
2016-07-15,465,467,458,463,4840000,463
2016-07-19,467,482,467,480,3117000,480
2016-07-20,484,497,480,485,5040000,485
2016-07-21,493,493,483,488,2860000,488
2016-07-22,480,490,478,486,3400000,486
2016-07-25,493,502,488,498,4942000,498
2016-07-26,496,499,491,496,4494000,496
2016-07-27,496,504,494,502,4592000,502
2016-07-28,498,503,495,499,2946000,499
2016-07-29,494,494,480,492,5930000,492
2016-08-01,484,484,474,477,4535000,477
2016-08-02,475,483,475,480,2782000,480
2016-08-03,476,481,472,475,4135000,475
2016-08-04,474,476,469,474,3038000,474
2016-08-05,476,482,465,466,2732000,466
2016-08-08,464,479,464,476,4231000,476
2016-08-09,475,488,471,484,2529000,484
2016-08-10,482,496,482,490,2865000,490
2016-08-12,498,500,491,495,3024000,495
2016-08-15,493,499,492,493,1457000,493
2016-08-16,492,499,491,492,1914000,492
2016-08-17,485,490,473,474,3286000,474
2016-08-18,470,471,460,464,5426000,464
2016-08-19,470,470,456,462,3666000,462
2016-08-22,460,464,452,459,4437000,459
2016-08-23,456,470,455,464,3594000,464
2016-08-24,464,471,462,470,1911000,470
2016-08-25,465,467,460,462,2831000,462
2016-08-26,464,475,463,469,3435000,469
2016-08-29,474,481,469,473,3028000,473
2016-08-30,470,472,462,463,5785000,463
2016-08-31,469,470,464,468,2871000,468
2016-09-01,469,471,464,468,1307000,468
2016-09-02,467,472,464,465,1354000,465
2016-09-05,464,465,452,454,4239000,454
2016-09-06,455,473,455,470,3111000,470
2016-09-07,465,469,463,466,1787000,466
2016-09-08,465,468,462,463,1298000,463
2016-09-09,462,467,461,465,2338000,465
2016-09-12,461,465,459,462,2084000,462
2016-09-13,464,468,462,466,1563000,466
2016-09-14,463,467,462,464,1833000,464
2016-09-15,460,467,459,466,1548000,466
2016-09-16,466,468,455,458,2256000,458
2016-09-20,457,466,454,462,1854000,462
2016-09-21,464,476,463,476,3261000,476
2016-09-23,476,478,471,476,1678000,476
2016-09-26,474,480,469,470,1472000,470
2016-09-27,467,475,466,475,1843000,475
2016-09-28,466,472,466,471,972000,471
2016-09-29,471,475,468,473,1054000,473
2016-09-30,478,478,467,468,2805000,468
2016-10-03,473,473,459,460,1899000,460
2016-10-04,459,462,455,460,2858000,460
2016-10-05,461,462,455,459,1942000,459
2016-10-06,461,462,454,455,2852000,455
2016-10-07,452,453,438,441,5289000,441
2016-10-11,444,448,443,445,3129000,445
2016-10-12,440,443,435,437,3415000,437
2016-10-13,436,439,430,431,2486000,431
2016-10-14,428,431,422,430,4081000,430
2016-10-17,425,437,425,436,3233000,436
2016-10-18,436,440,433,436,2011000,436
2016-10-19,433,439,430,432,2507000,432
2016-10-20,431,438,429,437,2812000,437
2016-10-21,439,439,428,429,3303000,429
2016-10-24,429,434,428,431,2183000,431
2016-10-25,431,437,431,436,2549000,436
2016-10-26,443,447,438,446,6689000,446
2016-10-27,445,449,444,445,2296000,445
2016-10-28,445,446,432,433,6385000,433
2016-10-31,433,436,430,435,3478000,435
2016-11-01,432,433,428,430,2296000,430
2016-11-02,425,425,414,417,5032000,417
2016-11-04,419,422,414,421,2944000,421
2016-11-07,421,426,421,423,2156000,423
2016-11-08,423,427,391,394,9913000,394
2016-11-09,394,394,367,370,9723000,370
2016-11-10,384,392,379,380,11180000,380
2016-11-11,384,394,380,384,6771000,384
2016-11-14,385,389,382,388,5159000,388
2016-11-15,391,391,386,388,3348000,388
2016-11-16,393,401,391,401,4082000,401
2016-11-17,395,398,392,395,4133000,395
2016-11-18,400,400,396,397,2545000,397
2016-11-21,399,405,399,405,3369000,405
2016-11-22,406,406,403,405,2540000,405
2016-11-24,406,406,400,401,3927000,401
2016-11-25,400,406,397,399,3522000,399
2016-11-28,398,402,394,399,4043000,399
2016-11-29,398,399,392,394,3241000,394
2016-11-30,396,406,395,404,4567000,404
2016-12-01,409,420,404,404,5594000,404
2016-12-02,403,408,400,403,3315000,403
2016-12-05,400,403,396,402,4445000,402
2016-12-06,405,406,397,402,4681000,402
2016-12-07,405,425,402,424,7946000,424
2016-12-08,431,439,425,438,9436000,438
2016-12-09,442,442,430,432,6344000,432
2016-12-12,435,435,425,431,4349000,431
2016-12-13,420,424,417,423,4946000,423
2016-12-14,420,426,416,425,4969000,425
2016-12-15,424,428,417,420,3216000,420
2016-12-16,424,426,420,422,2875000,422
2016-12-19,424,425,421,423,2525000,423
2016-12-20,424,436,424,434,6242000,434
2016-12-21,434,438,431,432,4337000,432
2016-12-22,433,445,429,443,6966000,443
2016-12-26,441,448,437,446,5252000,446
2016-12-27,450,453,443,444,4389000,444
2016-12-28,446,446,442,444,2252000,444
2016-12-29,445,446,442,443,2970000,443
2016-12-30,440,445,438,441,3442000,441
2017-01-04,445,451,443,450,4171000,450
