Date,Open,High,Low,Close,Volume,Adj Close
2008-10-20,288,299,284,296,4428000,296
2008-10-21,310,321,309,321,4230000,321
2008-10-22,311,312,286,286,4050000,286
2008-10-23,269,276,255,273,5339000,273
2008-10-24,274,274,238,238,4462000,238
2008-10-27,240,261,220,221,5135000,221
2008-10-28,221,260,214,258,4008000,258
2008-10-29,283,283,251,270,4958000,270
2008-10-30,280,317,275,317,4259000,317
2008-10-31,300,307,289,289,4171000,289
2008-11-04,299,310,294,310,2545000,310
2008-11-05,326,326,310,323,3268000,323
2008-11-06,298,306,296,300,2913000,300
2008-11-07,280,295,265,281,4028000,281
2008-11-10,306,308,296,304,2291000,304
2008-11-11,302,304,289,295,1703000,295
2008-11-12,292,303,288,300,2675000,300
2008-11-13,282,292,270,276,3217000,276
2008-11-14,294,298,279,284,4426000,284
2008-11-17,289,302,276,288,3107000,288
2008-11-18,278,287,274,283,2717000,283
2008-11-19,282,285,270,274,2885000,274
2008-11-20,260,266,250,250,2995000,250
2008-11-21,240,265,232,261,3945000,261
2008-11-25,281,281,263,269,3653000,269
2008-11-26,269,279,265,276,1980000,276
2008-11-27,281,297,277,279,2840000,279
2008-11-28,284,294,276,292,2656000,292
2008-12-01,299,322,296,312,8111000,312
2008-12-02,290,292,270,270,5826000,270
2008-12-03,273,276,265,269,3391000,269
2008-12-04,269,274,251,257,4258000,257
2008-12-05,254,264,253,257,2281000,257
2008-12-08,252,265,237,260,5073000,260
2008-12-09,268,273,256,260,3265000,260
2008-12-10,265,289,265,289,4105000,289
2008-12-11,284,295,281,295,4518000,295
2008-12-12,288,297,267,270,7461000,270
2008-12-15,274,290,274,290,4576000,290
2008-12-16,293,303,285,297,4968000,297
2008-12-17,301,302,277,282,4836000,282
2008-12-18,286,301,283,301,6231000,301
2008-12-19,296,302,292,295,2774000,295
2008-12-22,300,306,297,304,3200000,304
2008-12-24,301,303,290,297,2322000,297
2008-12-25,299,300,293,300,1090000,300
2008-12-26,310,316,307,311,3762000,311
2008-12-29,310,315,306,312,2646000,312
2008-12-30,316,325,314,325,1810000,325
2009-01-05,337,345,330,337,2988000,337
2009-01-06,325,335,313,335,5543000,335
2009-01-07,336,364,335,359,6374000,359
2009-01-08,348,354,342,345,2799000,345
2009-01-09,350,356,339,350,3551000,350
2009-01-13,341,342,321,323,2928000,323
2009-01-14,327,334,322,325,2444000,325
2009-01-15,305,315,302,306,3624000,306
2009-01-16,313,315,302,309,3808000,309
2009-01-19,323,323,311,313,2771000,313
2009-01-20,308,312,301,306,2148000,306
2009-01-21,281,288,275,276,6582000,276
2009-01-22,280,282,265,281,4275000,281
2009-01-23,282,282,274,276,2430000,276
2009-01-26,271,276,263,266,2655000,266
2009-01-27,271,298,271,295,4374000,295
2009-01-28,294,301,285,299,3247000,299
2009-01-29,305,311,294,301,3848000,301
2009-01-30,293,303,290,292,2434000,292
2009-02-02,286,303,286,289,2531000,289
2009-02-03,291,313,290,297,2690000,297
2009-02-04,307,333,305,330,6350000,330
2009-02-05,333,338,324,324,4589000,324
2009-02-06,339,342,317,318,3939000,318
2009-02-09,328,336,320,321,2885000,321
2009-02-10,322,331,320,324,3353000,324
2009-02-12,319,325,304,309,4626000,309
2009-02-13,309,323,304,316,3307000,316
2009-02-16,308,319,304,317,2858000,317
2009-02-17,322,326,295,298,4441000,298
2009-02-18,290,297,287,293,3495000,293
2009-02-19,299,305,289,291,3562000,291
2009-02-20,291,293,286,289,2027000,289
2009-02-23,288,296,281,293,2491000,293
2009-02-24,288,290,283,289,2026000,289
2009-02-25,295,302,293,300,2905000,300
2009-02-26,300,309,295,298,2758000,298
2009-02-27,296,313,294,308,2679000,308
2009-03-02,298,311,298,306,2548000,306
2009-03-03,301,313,297,303,1975000,303
2009-03-04,299,311,299,308,3355000,308
2009-03-05,318,334,316,326,3404000,326
2009-03-06,324,334,322,325,3679000,325
2009-03-09,325,332,319,330,4592000,330
2009-03-10,328,332,321,321,2831000,321
2009-03-11,331,343,330,341,4369000,341
2009-03-12,336,347,331,334,3590000,334
2009-03-13,348,362,344,355,6759000,355
2009-03-16,355,380,355,375,4986000,375
2009-03-17,378,396,375,383,6194000,383
2009-03-18,384,390,374,386,4545000,386
2009-03-19,389,395,379,386,3162000,386
2009-03-23,386,409,383,407,4015000,407
2009-03-24,416,416,398,406,3635000,406
2009-03-25,406,418,400,414,3606000,414
2009-03-26,406,413,401,407,1994000,407
2009-03-27,412,423,403,413,3376000,413
2009-03-30,408,408,370,374,4061000,374
2009-03-31,369,386,365,367,2626000,367
2009-04-01,372,395,371,395,2680000,395
2009-04-02,410,412,400,408,3570000,408
2009-04-03,420,423,410,423,4474000,423
2009-04-06,433,436,415,422,3948000,422
2009-04-07,413,420,408,411,2619000,411
2009-04-08,401,405,393,396,2645000,396
2009-04-09,405,415,404,415,2738000,415
2009-04-10,420,421,402,409,3039000,409
2009-04-13,399,419,394,411,3735000,411
2009-04-14,416,417,396,401,3402000,401
2009-04-15,402,404,390,394,2100000,394
2009-04-16,401,423,400,409,4755000,409
2009-04-17,410,418,408,418,2777000,418
2009-04-20,423,438,417,438,3777000,438
2009-04-21,418,422,407,418,4775000,418
2009-04-22,424,426,408,420,2626000,420
2009-04-23,420,422,403,415,2853000,415
2009-04-24,415,416,397,398,3407000,398
2009-04-27,401,406,390,403,3059000,403
2009-04-28,403,406,372,374,3264000,374
2009-04-30,391,393,384,391,2618000,391
2009-05-01,386,399,384,394,2960000,394
2009-05-07,419,428,412,428,4128000,428
2009-05-08,433,434,423,433,2841000,433
2009-05-11,431,437,421,427,2468000,427
2009-05-12,411,420,408,415,3780000,415
2009-05-13,415,416,401,406,2062000,406
2009-05-14,396,398,382,386,2489000,386
2009-05-15,387,398,386,395,2298000,395
2009-05-18,382,386,380,385,2242000,385
2009-05-19,395,396,382,392,2890000,392
2009-05-20,399,406,396,404,2529000,404
2009-05-21,409,422,407,418,4344000,418
2009-05-22,413,421,411,413,2616000,413
2009-05-25,415,421,415,418,2225000,418
2009-05-26,415,424,411,424,2822000,424
2009-05-27,425,430,407,412,4354000,412
2009-05-28,410,423,409,419,2709000,419
2009-05-29,424,428,416,424,2890000,424
2009-06-01,430,461,426,460,5903000,460
2009-06-02,470,471,443,444,4159000,444
2009-06-03,444,464,444,463,3260000,463
2009-06-04,456,471,448,452,3745000,452
2009-06-05,460,462,444,451,2852000,451
2009-06-08,455,457,446,448,1814000,448
2009-06-09,443,443,426,434,2632000,434
2009-06-10,454,473,451,472,6878000,472
2009-06-11,463,474,461,474,4293000,474
2009-06-12,480,482,470,475,5420000,475
2009-06-15,474,475,452,454,2592000,454
2009-06-16,439,440,426,428,3466000,428
2009-06-17,420,436,420,434,3449000,434
2009-06-18,429,434,410,418,2503000,418
2009-06-19,422,425,404,413,3795000,413
2009-06-22,408,410,400,408,2917000,408
2009-06-23,396,398,385,391,3645000,391
2009-06-24,396,397,386,390,3535000,390
2009-06-25,396,408,392,404,3147000,404
2009-06-26,411,411,402,407,1966000,407
2009-06-29,409,410,390,393,1943000,393
2009-06-30,398,404,397,402,1776000,402
2009-07-01,393,402,391,395,2558000,395
2009-07-02,399,406,395,396,3284000,396
2009-07-03,389,393,386,392,2163000,392
2009-07-06,388,390,377,379,1876000,379
2009-07-07,379,381,364,366,3606000,366
2009-07-08,362,369,355,363,3554000,363
2009-07-09,357,368,348,356,3155000,356
2009-07-10,356,362,348,349,3150000,349
2009-07-13,344,354,329,333,3049000,333
2009-07-14,346,357,344,351,2033000,351
2009-07-15,368,376,366,375,5057000,375
2009-07-16,385,391,374,376,2744000,376
2009-07-17,378,385,367,377,1829000,377
2009-07-21,386,400,383,399,2609000,399
2009-07-22,396,407,388,402,2496000,402
2009-07-23,405,419,403,416,3352000,416
2009-07-24,421,422,414,419,2466000,419
2009-07-27,425,428,421,424,2230000,424
2009-07-28,426,428,419,424,1862000,424
2009-07-29,419,429,417,421,1435000,421
2009-07-30,418,420,405,418,1637000,418
2009-07-31,430,434,420,432,2938000,432
2009-08-03,442,454,439,454,3802000,454
2009-08-04,458,465,448,451,2724000,451
2009-08-05,460,460,449,450,1987000,450
2009-08-06,449,469,448,464,2700000,464
2009-08-07,461,461,445,459,2012000,459
2009-08-10,468,486,466,479,4005000,479
2009-08-11,478,497,476,495,3827000,495
2009-08-12,485,488,478,483,2784000,483
2009-08-13,485,495,484,491,1810000,491
2009-08-14,496,499,490,497,2840000,497
2009-08-17,487,491,467,467,3172000,467
2009-08-18,463,479,459,475,3573000,475
2009-08-19,468,476,463,464,2544000,464
2009-08-20,471,481,466,479,2006000,479
2009-08-21,484,489,463,476,2889000,476
2009-08-24,491,505,487,505,3201000,505
2009-08-25,508,517,503,510,3825000,510
2009-08-26,515,520,513,517,2511000,517
2009-08-27,518,546,516,534,6829000,534
2009-08-28,530,541,528,536,3261000,536
2009-08-31,542,554,520,525,3119000,525
2009-09-01,526,541,517,535,2390000,535
2009-09-02,517,527,516,522,7436000,522
2009-09-03,540,559,526,543,15018000,543
2009-09-04,552,567,547,561,12471000,561
2009-09-07,568,575,554,573,6760000,573
2009-09-08,569,571,558,567,4281000,567
2009-09-09,566,582,564,577,3891000,577
2009-09-10,586,613,583,608,6051000,608
2009-09-11,603,603,577,595,8007000,595
2009-09-14,605,606,570,577,5018000,577
2009-09-15,584,589,567,570,3417000,570
2009-09-16,572,582,556,565,5012000,565
2009-09-17,581,605,574,603,9079000,603
2009-09-18,593,598,580,580,5041000,580
2009-09-24,574,586,572,584,3028000,584
2009-09-25,574,575,562,564,2327000,564
2009-09-28,542,545,524,527,3398000,527
2009-09-29,547,562,543,547,5986000,547
2009-09-30,537,549,535,544,2967000,544
2009-10-01,544,554,528,532,3228000,532
2009-10-02,512,521,509,517,3273000,517
2009-10-05,510,517,488,488,3539000,488
2009-10-06,503,518,503,513,6367000,513
2009-10-07,543,555,536,547,4370000,547
2009-10-08,549,572,538,554,4763000,554
2009-10-09,575,582,569,580,6584000,580
2009-10-13,587,595,582,583,3309000,583
2009-10-14,580,583,563,580,3354000,580
2009-10-15,593,599,587,596,4540000,596
2009-10-16,606,612,565,568,9870000,568
2009-10-19,575,599,570,596,6003000,596
2009-10-20,598,602,588,590,3837000,590
2009-10-21,587,597,584,593,2681000,593
2009-10-22,589,591,575,582,2461000,582
2009-10-23,589,591,582,585,2272000,585
2009-10-26,576,585,572,580,2155000,580
2009-10-27,570,570,551,552,4119000,552
2009-10-28,542,549,531,542,3271000,542
2009-10-29,521,530,518,528,3928000,528
2009-10-30,545,547,536,541,2127000,541
2009-11-02,518,529,516,528,2654000,528
2009-11-04,534,546,525,533,3416000,533
2009-11-05,533,534,513,517,2210000,517
2009-11-06,527,528,508,518,3743000,518
2009-11-09,521,534,515,530,2729000,530
2009-11-10,540,547,533,535,2435000,535
2009-11-11,536,536,499,503,7094000,503
2009-11-12,505,514,501,501,3973000,501
2009-11-13,502,505,486,493,3354000,493
2009-11-16,498,505,487,492,3062000,492
2009-11-17,501,507,486,487,3850000,487
2009-11-18,480,487,464,478,3950000,478
2009-11-19,482,488,470,477,3944000,477
2009-11-20,470,478,465,472,3347000,472
2009-11-24,480,491,467,469,4116000,469
2009-11-25,459,471,459,468,2127000,468
2009-11-26,463,473,461,464,2614000,464
2009-11-27,456,461,442,444,3588000,444
2009-11-30,455,467,455,462,2527000,462
2009-12-01,459,480,453,479,2357000,479
2009-12-02,483,499,483,490,4022000,490
2009-12-03,499,509,495,508,3047000,508
2009-12-04,507,510,495,502,2380000,502
2009-12-07,505,510,496,504,2215000,504
2009-12-08,491,509,491,507,2586000,507
2009-12-09,495,497,488,488,1938000,488
2009-12-10,480,492,475,478,2264000,478
2009-12-11,485,495,477,493,4120000,493
2009-12-14,498,501,488,498,2143000,498
2009-12-15,503,506,500,504,1806000,504
2009-12-16,504,508,496,497,1572000,497
2009-12-17,502,510,500,504,2656000,504
2009-12-18,494,499,493,499,1485000,499
2009-12-21,497,505,497,501,1409000,501
2009-12-22,502,505,498,501,1737000,501
2009-12-24,509,514,506,512,2342000,512
2009-12-25,514,518,509,512,1463000,512
2009-12-28,515,518,513,515,1368000,515
2009-12-29,520,521,511,512,1549000,512
2009-12-30,514,519,508,514,1310000,514
2010-01-04,521,527,517,518,1578000,518
2010-01-05,530,546,530,534,4492000,534
2010-01-06,532,538,527,535,2202000,535
2010-01-07,545,558,540,543,4581000,543
2010-01-08,543,547,532,541,3151000,541
2010-01-12,540,546,536,543,1839000,543
2010-01-13,533,534,520,525,2733000,525
2010-01-14,530,543,525,539,2755000,539
2010-01-15,529,543,527,543,2827000,543
2010-01-18,543,543,532,535,2184000,535
2010-01-19,559,559,540,544,3692000,544
2010-01-20,564,571,559,561,8855000,561
2010-01-21,548,552,539,551,4887000,551
2010-01-22,541,545,528,532,3696000,532
2010-01-25,519,527,515,523,2098000,523
2010-01-26,522,534,521,521,2705000,521
2010-01-27,522,527,512,516,1767000,516
2010-01-28,515,522,511,511,1942000,511
2010-01-29,501,507,499,504,1818000,504
2010-02-01,500,509,489,492,3061000,492
2010-02-02,503,512,502,510,1580000,510
2010-02-03,519,520,507,509,1370000,509
2010-02-04,510,510,496,504,1846000,504
2010-02-05,489,494,487,492,2194000,492
2010-02-08,490,497,486,491,2908000,491
2010-02-09,482,489,469,470,3897000,470
2010-02-10,477,494,476,491,4119000,491
2010-02-12,513,513,501,506,4574000,506
2010-02-15,505,506,498,503,1550000,503
2010-02-16,504,507,495,498,1565000,498
2010-02-17,509,520,509,519,1634000,519
2010-02-18,519,520,512,519,880000,519
2010-02-19,520,522,507,508,1767000,508
2010-02-22,525,527,518,521,1260000,521
2010-02-23,512,519,510,516,1554000,516
2010-02-24,506,514,503,508,1812000,508
2010-02-25,512,517,499,501,1771000,501
2010-02-26,501,508,499,502,1998000,502
2010-03-01,515,520,509,511,2297000,511
2010-03-02,513,514,501,508,1487000,508
2010-03-03,510,514,505,512,1795000,512
2010-03-04,515,523,509,511,1876000,511
2010-03-05,516,519,514,518,1371000,518
2010-03-08,528,529,522,527,1836000,527
2010-03-09,524,526,520,525,1031000,525
2010-03-10,521,524,519,520,1192000,520
2010-03-11,529,530,520,527,1893000,527
2010-03-12,537,537,530,537,5868000,537
2010-03-15,535,545,534,541,2636000,541
2010-03-16,536,540,530,532,2711000,532
2010-03-17,538,545,535,542,2481000,542
2010-03-18,543,550,538,542,2767000,542
2010-03-19,546,546,542,543,1154000,543
2010-03-23,546,547,542,543,1124000,543
2010-03-24,545,554,540,542,2488000,542
2010-03-25,542,543,535,539,1589000,539
2010-03-26,549,553,546,552,2572000,552
2010-03-29,542,553,539,552,1782000,552
2010-03-30,567,575,565,569,4410000,569
2010-03-31,572,572,561,563,2373000,563
2010-04-01,571,573,566,569,2788000,569
2010-04-02,578,578,569,576,1702000,576
2010-04-05,579,583,578,580,1477000,580
2010-04-06,584,585,571,573,2176000,573
2010-04-07,574,577,567,575,1185000,575
2010-04-08,565,573,565,568,1770000,568
2010-04-09,570,576,570,575,2814000,575
2010-04-12,581,581,574,574,1142000,574
2010-04-13,571,572,554,562,2073000,562
2010-04-14,562,564,556,560,2129000,560
2010-04-15,569,579,566,574,2801000,574
2010-04-16,569,569,555,558,2424000,558
2010-04-19,545,548,538,541,2359000,541
2010-04-20,542,547,541,543,1958000,543
2010-04-21,552,552,546,550,1508000,550
2010-04-22,544,546,537,543,1201000,543
2010-04-23,541,542,537,539,1167000,539
2010-04-26,549,553,547,551,1291000,551
2010-04-27,550,555,548,550,1077000,550
2010-04-28,530,531,525,527,4019000,527
2010-04-30,532,535,520,526,2658000,526
2010-05-06,507,510,495,501,4547000,501
2010-05-07,480,500,478,498,2671000,498
2010-05-10,498,510,495,505,2536000,505
2010-05-11,515,516,493,495,1971000,495
2010-05-12,500,511,487,494,2294000,494
2010-05-13,502,519,500,517,2901000,517
2010-05-14,505,524,496,514,4162000,514
2010-05-17,509,515,502,506,3387000,506
2010-05-18,507,511,493,497,2947000,497
2010-05-19,487,499,481,497,1819000,497
2010-05-20,492,497,484,487,1964000,487
2010-05-21,471,473,458,471,3363000,471
2010-05-24,470,475,460,471,2665000,471
2010-05-25,463,465,446,449,2820000,449
2010-05-26,457,469,456,463,4524000,463
2010-05-27,458,478,457,478,2507000,478
2010-05-28,487,491,472,479,2763000,479
2010-05-31,481,494,479,488,2979000,488
2010-06-01,492,493,476,479,2516000,479
2010-06-02,471,478,455,464,4951000,464
2010-06-03,472,476,468,475,3085000,475
2010-06-04,477,485,472,477,2908000,477
2010-06-07,469,470,454,464,3064000,464
2010-06-08,456,466,454,458,2406000,458
2010-06-09,451,451,433,436,5806000,436
2010-06-10,437,439,419,436,5745000,436
2010-06-11,452,464,450,461,8134000,461
2010-06-14,467,476,464,469,2138000,469
2010-06-15,467,472,463,469,1511000,469
2010-06-16,477,484,476,479,1738000,479
2010-06-17,477,483,475,478,997000,478
2010-06-18,480,480,473,477,1327000,477
2010-06-21,480,493,480,490,2047000,490
2010-06-22,488,495,486,488,1668000,488
2010-06-23,484,485,477,478,1003000,478
2010-06-24,474,482,473,475,1595000,475
2010-06-25,467,467,458,462,1480000,462
2010-06-28,461,463,454,454,1047000,454
2010-06-29,452,456,437,441,2424000,441
2010-06-30,433,433,426,432,3224000,432
2010-07-01,431,431,405,408,5702000,408
2010-07-02,411,412,405,408,3118000,408
2010-07-05,412,418,409,417,2626000,417
2010-07-06,413,425,407,422,2361000,422
2010-07-07,423,424,411,417,2411000,417
2010-07-08,433,433,424,427,2207000,427
2010-07-09,435,437,430,432,2464000,432
2010-07-12,428,445,428,435,1538000,435
2010-07-13,435,439,425,428,1865000,428
2010-07-14,436,439,433,438,1034000,438
2010-07-15,432,434,426,429,1627000,429
2010-07-16,432,447,427,431,4479000,431
2010-07-20,420,421,411,412,2628000,412
2010-07-21,416,425,416,422,3109000,422
2010-07-22,417,421,414,418,2522000,418
2010-07-23,430,434,420,429,3283000,429
2010-07-26,435,446,434,441,1718000,441
2010-07-27,446,451,443,446,1785000,446
2010-07-28,451,462,449,458,1965000,458
2010-07-29,456,468,455,460,1641000,460
2010-07-30,455,458,449,455,2008000,455
2010-08-02,465,467,457,461,2640000,461
2010-08-03,472,479,463,475,2702000,475
2010-08-04,473,491,470,489,6317000,489
2010-08-05,497,502,494,502,4682000,502
2010-08-06,498,501,493,498,3098000,498
2010-08-09,492,494,486,494,1857000,494
2010-08-10,496,501,483,488,2727000,488
2010-08-11,481,482,469,472,2645000,472
2010-08-12,462,471,457,470,3084000,470
2010-08-13,471,477,466,471,2994000,471
2010-08-16,463,468,457,466,2264000,466
2010-08-17,458,470,458,469,1402000,469
2010-08-18,473,477,465,473,1922000,473
2010-08-19,463,478,459,476,4531000,476
2010-08-20,466,467,448,451,6519000,451
2010-08-23,448,453,447,450,1985000,450
2010-08-24,443,446,436,443,2457000,443
2010-08-25,436,446,433,438,2261000,438
2010-08-26,443,447,438,441,1631000,441
2010-08-27,437,449,435,446,2298000,446
2010-08-30,458,461,448,451,2127000,451
2010-08-31,443,444,432,434,1682000,434
2010-09-01,434,445,431,440,2884000,440
2010-09-02,453,454,446,453,2459000,453
2010-09-03,456,464,455,463,2593000,463
2010-09-06,471,477,466,477,2218000,477
2010-09-07,475,480,469,471,1717000,471
2010-09-08,463,465,451,455,2376000,455
2010-09-09,463,471,463,469,3151000,469
2010-09-10,469,479,469,475,3788000,475
2010-09-13,480,488,479,482,2434000,482
2010-09-14,482,485,477,483,2071000,483
2010-09-15,484,501,482,495,4810000,495
2010-09-16,499,502,485,493,2587000,493
2010-09-17,494,497,489,495,1665000,495
2010-09-21,496,496,486,488,2357000,488
2010-09-22,485,486,480,485,1952000,485
2010-09-24,479,493,474,483,3100000,483
2010-09-27,493,493,486,490,2110000,490
2010-09-28,486,497,484,494,2316000,494
2010-09-29,496,513,496,507,3939000,507
2010-09-30,510,512,497,497,2491000,497
2010-10-01,502,504,486,492,2748000,492
2010-10-04,493,504,488,500,2984000,500
2010-10-05,500,511,497,509,3694000,509
2010-10-06,515,524,513,520,4542000,520
2010-10-07,521,529,520,524,3063000,524
2010-10-08,524,524,518,520,2595000,520
2010-10-12,526,527,507,508,3226000,508
2010-10-13,518,519,512,515,2412000,515
2010-10-14,522,536,520,534,4731000,534
2010-10-15,534,536,529,533,2899000,533
2010-10-18,534,542,532,534,2686000,534
2010-10-19,537,546,533,535,3041000,535
2010-10-20,519,526,516,525,3406000,525
2010-10-21,535,536,519,521,3688000,521
2010-10-22,521,529,521,523,1627000,523
2010-10-25,526,528,519,522,2097000,522
2010-10-26,522,526,513,513,2430000,513
2010-10-27,515,520,499,503,3167000,503
2010-10-28,499,501,494,496,2739000,496
2010-10-29,492,493,484,489,2907000,489
2010-11-01,489,500,486,493,2645000,493
2010-11-02,491,501,491,496,2454000,496
2010-11-04,501,506,494,497,2452000,497
2010-11-05,514,522,511,518,3371000,518
2010-11-08,525,530,522,527,3295000,527
2010-11-09,526,536,523,524,3050000,524
2010-11-10,527,535,527,532,2942000,532
2010-11-11,535,536,529,530,1921000,530
2010-11-12,531,542,521,522,3634000,522
2010-11-15,520,521,507,511,3114000,511
2010-11-16,514,516,502,505,3365000,505
2010-11-17,497,503,488,501,2763000,501
2010-11-18,501,512,492,512,3494000,512
2010-11-19,517,518,510,511,2083000,511
2010-11-22,520,522,512,520,1975000,520
2010-11-24,500,515,500,509,1807000,509
2010-11-25,515,515,509,511,1335000,511
2010-11-26,511,515,507,508,1298000,508
2010-11-29,509,515,507,514,1595000,514
2010-11-30,512,513,493,496,3633000,496
2010-12-01,497,505,495,501,2903000,501
2010-12-02,514,519,511,518,3418000,518
2010-12-03,521,523,515,516,1389000,516
2010-12-06,517,528,517,528,2322000,528
2010-12-07,533,533,524,526,2065000,526
2010-12-08,528,531,525,529,2557000,529
2010-12-09,526,531,518,523,2467000,523
2010-12-10,528,528,516,521,4853000,521
2010-12-13,522,528,521,526,1565000,526
2010-12-14,527,531,524,529,1493000,529
2010-12-15,533,533,526,527,2044000,527
2010-12-16,527,529,523,528,1350000,528
2010-12-17,525,529,525,529,1292000,529
2010-12-20,528,530,517,521,2001000,521
2010-12-21,524,526,521,526,1588000,526
2010-12-22,528,535,528,534,2636000,534
2010-12-24,528,531,526,531,1133000,531
2010-12-27,530,541,530,539,3019000,539
2010-12-28,539,542,534,535,1649000,535
2010-12-29,537,543,535,543,1119000,543
2010-12-30,542,543,529,533,2109000,533
2011-01-04,543,552,541,550,3632000,550
2011-01-05,549,553,544,545,3017000,545
2011-01-06,552,552,547,548,1685000,548
2011-01-07,545,546,541,542,1652000,542
2011-01-11,536,547,534,545,2849000,545
2011-01-12,551,551,545,545,1847000,545
2011-01-13,549,559,547,559,3859000,559
2011-01-14,553,556,549,549,2796000,549
2011-01-17,559,561,552,556,3658000,556
2011-01-18,556,567,556,563,3686000,563
2011-01-19,570,592,570,592,8907000,592
2011-01-20,588,598,586,593,4887000,593
2011-01-21,591,592,571,574,4066000,574
2011-01-24,578,590,577,589,4113000,589
2011-01-25,590,597,588,592,2982000,592
2011-01-26,587,593,577,586,3322000,586
2011-01-27,591,596,585,589,2584000,589
2011-01-28,590,590,576,579,2786000,579
2011-01-31,569,583,568,577,2406000,577
2011-02-01,586,591,584,589,2007000,589
2011-02-02,596,606,596,602,3359000,602
2011-02-03,594,601,591,599,3100000,599
2011-02-04,606,620,605,612,3015000,612
2011-02-07,625,626,615,619,2475000,619
2011-02-08,625,638,622,623,4619000,623
2011-02-09,597,602,579,586,12091000,586
2011-02-10,586,590,583,589,6242000,589
2011-02-14,595,597,590,591,3815000,591
2011-02-15,596,607,596,601,6398000,601
2011-02-16,600,603,593,600,4401000,600
2011-02-17,607,609,596,599,2143000,599
2011-02-18,600,603,595,601,1909000,601
2011-02-21,596,601,594,599,1660000,599
2011-02-22,591,593,576,580,3489000,580
2011-02-23,570,581,570,578,3014000,578
2011-02-24,571,573,559,562,3119000,562
2011-02-25,560,571,558,567,2564000,567
2011-02-28,569,576,561,574,2904000,574
2011-03-01,576,580,571,578,2533000,578
2011-03-02,567,568,557,557,4343000,557
2011-03-03,561,564,558,562,2303000,562
2011-03-04,570,571,563,565,2874000,565
2011-03-07,559,561,551,554,2365000,554
2011-03-08,549,557,547,553,1807000,553
2011-03-09,559,563,554,557,1166000,557
2011-03-10,553,554,547,548,1929000,548
2011-03-11,539,546,537,537,4691000,537
2011-03-14,489,505,475,489,3937000,489
2011-03-15,465,467,409,415,4924000,415
2011-03-16,425,450,422,447,4994000,447
2011-03-17,420,459,416,448,5865000,448
2011-03-18,452,475,452,470,4834000,470
2011-03-22,494,499,482,487,4155000,487
2011-03-23,490,490,472,477,4402000,477
2011-03-24,482,492,480,488,3157000,488
2011-03-25,495,498,485,490,1737000,490
2011-03-28,494,495,490,494,1874000,494
2011-03-29,481,491,478,486,2529000,486
2011-03-30,487,508,487,507,2806000,507
2011-03-31,510,518,501,518,3365000,518
2011-04-01,519,529,511,521,3818000,521
2011-04-04,521,537,521,529,3235000,529
2011-04-05,525,532,516,526,3191000,526
2011-04-06,532,532,517,519,2058000,519
2011-04-07,520,526,504,513,3629000,513
2011-04-08,516,532,512,524,4230000,524
2011-04-11,517,528,517,520,1954000,520
2011-04-12,511,514,497,499,3944000,499
2011-04-13,495,497,483,491,8207000,491
2011-04-14,490,493,483,489,4769000,489
2011-04-15,490,495,483,489,7591000,489
2011-04-18,494,500,487,491,6159000,491
2011-04-19,485,495,483,487,5562000,487
2011-04-20,495,505,493,498,6889000,498
2011-04-21,501,509,496,508,6033000,508
2011-04-22,500,515,495,510,6315000,510
2011-04-25,513,529,513,522,8583000,522
2011-04-26,514,516,507,509,7223000,509
2011-04-27,510,518,508,516,7211000,516
2011-04-28,521,531,520,528,6880000,528
2011-05-02,531,538,526,527,6274000,527
2011-05-06,510,521,508,520,4353000,520
2011-05-09,520,526,516,517,5443000,517
2011-05-10,517,528,514,524,3009000,524
2011-05-11,528,534,527,531,1877000,531
2011-05-12,522,530,515,515,2339000,515
2011-05-13,516,516,496,499,4007000,499
2011-05-16,500,508,496,499,2445000,499
2011-05-17,485,490,474,482,6428000,482
2011-05-18,486,501,477,498,6976000,498
2011-05-19,513,517,503,507,7184000,507
2011-05-20,505,507,497,499,4037000,499
2011-05-23,498,499,484,484,2214000,484
2011-05-24,484,487,479,481,2737000,481
2011-05-25,481,482,475,475,2916000,475
2011-05-26,478,490,477,489,3220000,489
2011-05-27,482,491,481,486,1675000,486
2011-05-30,482,486,477,485,2840000,485
2011-05-31,485,498,481,483,18376000,483
2011-06-01,491,499,489,496,6588000,496
2011-06-02,481,486,478,479,4190000,479
2011-06-03,484,485,473,477,3364000,477
2011-06-06,475,476,463,468,3328000,468
2011-06-07,464,471,462,469,1994000,469
2011-06-08,468,468,459,465,1924000,465
2011-06-09,464,472,460,470,2191000,470
2011-06-10,482,483,472,475,4908000,475
2011-06-13,469,474,466,473,1473000,473
2011-06-14,471,478,467,475,1733000,475
2011-06-15,480,485,474,479,3707000,479
2011-06-16,476,482,474,475,1744000,475
2011-06-17,477,478,470,470,2330000,470
2011-06-20,467,474,465,471,1880000,471
2011-06-21,472,473,467,471,1457000,471
2011-06-22,479,486,478,483,1860000,483
2011-06-23,481,486,477,478,1418000,478
2011-06-24,480,485,480,485,1052000,485
2011-06-27,481,484,479,479,1098000,479
2011-06-28,486,487,481,482,1142000,482
2011-06-29,490,491,485,490,1326000,490
2011-06-30,491,502,490,496,2953000,496
2011-07-01,497,504,495,496,2553000,496
2011-07-04,504,505,501,505,1854000,505
2011-07-05,505,513,504,508,2260000,508
2011-07-06,508,521,505,519,5929000,519
2011-07-07,518,524,516,520,3447000,520
2011-07-08,530,539,524,529,8627000,529
2011-07-11,524,534,524,528,5718000,528
2011-07-12,520,522,516,520,2293000,520
2011-07-13,517,524,517,523,1421000,523
2011-07-14,520,527,518,524,2033000,524
2011-07-15,526,533,526,532,2048000,532
2011-07-19,531,537,529,536,1827000,536
2011-07-20,542,543,524,528,3850000,528
2011-07-21,536,536,528,529,1861000,529
2011-07-22,535,535,528,532,1304000,532
2011-07-25,533,539,527,527,1485000,527
2011-07-26,526,531,524,529,1342000,529
2011-07-27,529,538,525,533,1953000,533
2011-07-28,528,528,515,519,1935000,519
2011-07-29,512,523,510,518,1131000,518
2011-08-01,519,531,518,526,1329000,526
2011-08-02,524,525,518,519,1850000,519
2011-08-03,509,510,500,502,2139000,502
2011-08-04,505,513,502,505,1464000,505
2011-08-05,480,485,476,482,2467000,482
2011-08-08,474,475,461,465,3340000,465
2011-08-09,436,458,431,454,4277000,454
2011-08-10,467,470,459,463,4075000,463
2011-08-11,449,460,445,460,2786000,460
2011-08-12,462,464,454,457,1727000,457
2011-08-15,459,464,456,463,2164000,463
2011-08-16,462,466,460,463,1568000,463
2011-08-17,457,461,452,456,1945000,456
2011-08-18,452,454,443,445,2215000,445
2011-08-19,435,437,430,431,1748000,431
2011-08-22,428,432,418,420,2135000,420
2011-08-23,424,429,422,429,3053000,429
2011-08-24,431,435,421,422,1738000,422
2011-08-25,422,440,421,432,2317000,432
2011-08-26,428,439,428,436,1560000,436
2011-08-29,437,461,435,452,2890000,452
2011-08-30,460,463,453,455,2099000,455
2011-08-31,451,454,447,450,1557000,450
2011-09-01,451,464,451,463,1798000,463
2011-09-02,455,462,450,450,3264000,450
2011-09-05,448,448,437,440,2054000,440
2011-09-06,438,439,425,426,1928000,426
2011-09-07,431,439,429,437,1602000,437
2011-09-08,440,444,436,439,1403000,439
2011-09-09,441,444,431,432,4026000,432
2011-09-12,424,440,423,436,3874000,436
2011-09-13,439,449,436,446,2420000,446
2011-09-14,446,451,435,436,2099000,436
2011-09-15,444,446,439,444,2993000,444
2011-09-16,452,463,452,461,2992000,461
2011-09-20,457,457,446,447,1719000,447
2011-09-21,451,452,446,449,980000,449
2011-09-22,442,443,435,435,1600000,435
2011-09-26,431,431,411,417,2761000,417
2011-09-27,426,429,421,426,1923000,426
2011-09-28,434,439,431,437,2332000,437
2011-09-29,429,440,424,439,2771000,439
2011-09-30,440,447,432,435,1964000,435
2011-10-03,423,424,408,414,2428000,414
2011-10-04,403,404,394,398,3175000,398
2011-10-05,403,405,393,397,2096000,397
2011-10-06,402,414,402,411,2190000,411
2011-10-07,419,425,417,421,1957000,421
2011-10-11,414,438,412,433,2575000,433
2011-10-12,429,435,422,432,1593000,432
2011-10-13,440,456,440,453,2645000,453
2011-10-14,446,460,446,456,3368000,456
2011-10-17,462,463,436,452,5812000,452
2011-10-18,445,457,445,455,1566000,455
2011-10-19,456,458,447,451,1538000,451
2011-10-20,449,449,432,435,2186000,435
2011-10-21,436,440,436,439,847000,439
2011-10-24,449,458,446,457,1578000,457
2011-10-25,465,468,458,460,1766000,460
2011-10-26,459,481,453,476,2967000,476
2011-10-27,481,493,476,493,2955000,493
2011-10-28,501,502,485,488,2088000,488
2011-10-31,489,495,481,481,1770000,481
2011-11-01,474,482,472,473,1185000,473
2011-11-02,463,475,462,467,1539000,467
2011-11-04,474,474,463,470,1616000,470
2011-11-07,471,478,469,478,1253000,478
2011-11-08,478,480,465,471,1520000,471
2011-11-09,476,476,464,476,2045000,476
2011-11-10,470,492,465,483,4556000,483
2011-11-11,488,516,483,511,6927000,511
2011-11-14,512,518,502,512,3890000,512
2011-11-15,512,512,505,507,2054000,507
2011-11-16,502,512,495,498,2739000,498
2011-11-17,497,510,495,506,2194000,506
2011-11-18,504,507,495,499,2895000,499
2011-11-21,502,502,492,501,1386000,501
2011-11-22,501,513,495,509,2526000,509
2011-11-24,495,507,493,501,2106000,501
2011-11-25,500,506,490,496,1942000,496
2011-11-28,488,503,485,492,4229000,492
2011-11-29,495,518,494,518,2625000,518
2011-11-30,508,512,492,503,3668000,503
2011-12-01,523,528,517,519,2788000,519
2011-12-02,521,524,513,521,1762000,521
2011-12-05,521,530,510,513,2540000,513
2011-12-06,505,508,492,495,3523000,495
2011-12-07,498,507,494,505,3359000,505
2011-12-08,500,502,488,494,4347000,494
2011-12-09,482,489,480,484,5358000,484
2011-12-12,493,504,491,501,2864000,501
2011-12-13,488,495,486,491,2359000,491
2011-12-14,487,487,478,485,2632000,485
2011-12-15,478,488,475,481,2747000,481
2011-12-16,482,486,477,482,2214000,482
2011-12-19,478,480,470,471,1454000,471
2011-12-20,470,477,465,474,1186000,474
2011-12-21,489,490,482,483,1375000,483
2011-12-22,486,486,477,481,1402000,481
2011-12-26,491,491,488,488,987000,488
2011-12-27,488,491,484,485,1245000,485
2011-12-28,487,491,483,485,1101000,485
2011-12-29,482,489,475,488,1115000,488
2011-12-30,491,491,485,487,813000,487
2012-01-04,499,503,497,499,1855000,499
2012-01-05,496,503,494,502,1143000,502
2012-01-06,499,500,488,492,1340000,492
2012-01-10,490,491,481,483,1140000,483
2012-01-11,485,490,484,488,1314000,488
2012-01-12,486,487,479,484,888000,484
2012-01-13,490,499,490,493,1915000,493
2012-01-16,488,491,484,491,859000,491
2012-01-17,493,509,493,508,1729000,508
2012-01-18,498,514,496,505,1768000,505
2012-01-19,507,514,506,506,1634000,506
2012-01-20,515,515,506,506,1681000,506
2012-01-23,509,510,503,507,1213000,507
2012-01-24,510,510,500,500,687000,500
2012-01-25,497,507,496,503,1127000,503
2012-01-26,505,516,504,505,2007000,505
2012-01-27,507,518,506,514,1740000,514
2012-01-30,509,512,508,511,950000,511
2012-01-31,509,516,503,506,1398000,506
2012-02-01,507,510,504,507,1367000,507
2012-02-02,512,514,506,511,832000,511
2012-02-03,506,511,504,505,781000,505
2012-02-06,511,516,509,515,1008000,515
2012-02-07,505,516,504,513,1881000,513
2012-02-08,514,518,511,514,1869000,514
2012-02-09,508,508,495,501,3547000,501
2012-02-10,501,503,483,486,3780000,486
2012-02-13,487,492,484,488,1835000,488
2012-02-14,487,497,487,490,2196000,490
2012-02-15,493,500,490,492,3078000,492
2012-02-16,489,499,485,488,3009000,488
2012-02-17,496,502,492,496,2080000,496
2012-02-20,505,510,502,506,1751000,506
2012-02-21,504,515,503,511,2541000,511
2012-02-22,515,528,512,526,2962000,526
2012-02-23,526,532,517,529,3128000,529
2012-02-24,532,538,528,532,2626000,532
2012-02-27,544,552,538,543,3401000,543
2012-02-28,533,541,528,541,2808000,541
2012-02-29,543,554,534,535,3448000,535
2012-03-01,537,545,526,531,1612000,531
2012-03-02,539,548,537,542,1986000,542
2012-03-05,549,553,540,544,3577000,544
2012-03-06,550,555,536,539,3444000,539
2012-03-07,538,561,537,560,4819000,560
2012-03-08,562,567,558,567,3160000,567
2012-03-09,583,587,571,578,5579000,578
2012-03-12,586,591,578,579,2520000,579
2012-03-13,580,589,577,579,2301000,579
2012-03-14,591,594,584,585,2127000,585
2012-03-15,586,591,581,589,1542000,589
2012-03-16,584,586,579,584,1850000,584
2012-03-19,584,586,580,582,1362000,582
2012-03-21,583,583,577,577,1344000,577
2012-03-22,576,579,569,574,1723000,574
2012-03-23,574,574,563,564,1708000,564
2012-03-26,565,573,565,570,1009000,570
2012-03-27,580,585,576,584,1488000,584
2012-03-28,570,574,561,567,1468000,567
2012-03-29,561,563,547,556,1664000,556
2012-03-30,554,558,549,550,1433000,550
2012-04-02,560,562,552,553,1236000,553
2012-04-03,554,556,549,550,1123000,550
2012-04-04,554,555,538,539,1377000,539
2012-04-05,535,543,533,539,1634000,539
2012-04-06,537,538,528,530,1403000,530
2012-04-09,520,524,516,518,1552000,518
2012-04-10,518,527,511,515,1578000,515
2012-04-11,506,513,504,511,1821000,511
2012-04-12,514,528,509,524,1501000,524
2012-04-13,525,528,512,516,3156000,516
2012-04-16,511,516,506,507,1067000,507
2012-04-17,509,515,504,509,1131000,509
2012-04-18,520,531,519,530,1074000,530
2012-04-19,525,526,514,521,1628000,521
2012-04-20,520,523,511,519,1116000,519
2012-04-23,523,528,518,522,875000,522
2012-04-24,512,518,510,512,1043000,512
2012-04-25,520,522,517,517,858000,517
2012-04-26,521,526,517,520,895000,520
2012-04-27,517,527,511,514,1267000,514
2012-05-01,513,521,508,517,1565000,517
2012-05-02,523,524,517,521,818000,521
2012-05-07,504,523,502,521,2205000,521
2012-05-08,526,531,522,525,1544000,525
2012-05-09,518,520,513,517,1689000,517
2012-05-10,510,524,507,511,1133000,511
2012-05-11,504,505,494,502,3200000,502
2012-05-14,503,508,483,485,2513000,485
2012-05-15,482,488,477,485,1279000,485
2012-05-16,498,499,482,489,2651000,489
2012-05-17,490,513,489,504,2738000,504
2012-05-18,491,494,478,481,2234000,481
2012-05-21,482,493,481,489,2142000,489
2012-05-22,497,506,497,502,1688000,502
2012-05-23,506,506,493,496,2344000,496
2012-05-24,496,500,488,497,2153000,497
2012-05-25,495,496,429,443,15708000,443
2012-05-28,456,465,452,456,9580000,456
2012-05-29,458,473,453,471,3938000,471
2012-05-30,470,482,461,481,5167000,481
2012-05-31,470,481,466,478,3203000,478
2012-06-01,470,474,457,460,2711000,460
2012-06-04,450,456,446,455,2411000,455
2012-06-05,459,470,457,465,3166000,465
2012-06-06,467,481,462,479,2405000,479
2012-06-07,486,488,470,476,2406000,476
2012-06-08,469,469,456,460,5920000,460
2012-06-11,463,477,463,471,2443000,471
2012-06-12,465,476,461,474,2286000,474
2012-06-13,479,483,470,475,1610000,475
2012-06-14,471,475,468,473,1466000,473
2012-06-15,476,477,469,472,1488000,472
2012-06-18,484,489,481,485,1179000,485
2012-06-19,481,485,478,480,1722000,480
2012-06-20,487,488,482,485,1169000,485
2012-06-21,489,491,481,485,1054000,485
2012-06-22,480,488,477,484,1551000,484
2012-06-25,491,491,476,477,929000,477
2012-06-26,476,477,468,471,1016000,471
2012-06-27,473,476,467,475,741000,475
2012-06-28,481,484,477,481,955000,481
2012-06-29,479,492,473,491,1522000,491
2012-07-02,498,498,491,493,880000,493
2012-07-03,493,513,491,511,1876000,511
2012-07-04,512,515,506,513,1857000,513
2012-07-05,512,521,508,519,1185000,519
2012-07-06,510,516,503,506,2543000,506
2012-07-09,508,509,500,500,846000,500
2012-07-10,510,511,498,499,1650000,499
2012-07-11,495,501,495,500,750000,500
2012-07-12,505,505,489,489,1318000,489
2012-07-13,490,506,486,504,2056000,504
2012-07-17,509,517,508,514,2086000,514
2012-07-18,518,518,509,512,1195000,512
2012-07-19,516,521,515,518,1048000,518
2012-07-20,512,520,509,510,1011000,510
2012-07-23,505,505,487,488,1584000,488
2012-07-24,484,491,478,487,1341000,487
2012-07-25,479,480,453,459,3539000,459
2012-07-26,467,474,461,471,2045000,471
2012-07-27,482,487,476,482,1205000,482
2012-07-30,488,491,474,482,1332000,482
2012-07-31,481,494,478,485,1547000,485
2012-08-01,478,480,472,476,1212000,476
2012-08-02,473,482,473,478,1237000,478
2012-08-03,473,475,469,472,933000,472
2012-08-06,481,488,481,484,965000,484
2012-08-07,485,491,485,489,928000,489
2012-08-08,497,516,493,500,2493000,500
2012-08-09,530,554,530,551,6110000,551
2012-08-10,545,549,539,547,3732000,547
2012-08-13,540,545,536,541,2298000,541
2012-08-14,537,544,509,514,7441000,514
2012-08-15,517,518,497,516,3361000,516
2012-08-16,515,532,505,528,3909000,528
2012-08-17,528,547,527,545,2355000,545
2012-08-20,548,548,537,544,1292000,544
2012-08-21,541,541,536,538,1203000,538
2012-08-22,537,537,528,535,1084000,535
2012-08-23,531,533,517,525,3361000,525
2012-08-24,512,514,508,510,2453000,510
2012-08-27,520,522,506,513,1291000,513
2012-08-28,513,517,507,512,2094000,512
2012-08-29,519,524,516,523,1912000,523
2012-08-30,523,530,514,526,2918000,526
2012-08-31,516,518,512,514,1748000,514
2012-09-03,514,520,503,513,2195000,513
2012-09-04,512,516,508,510,1918000,510
2012-09-05,511,513,502,509,1448000,509
2012-09-06,506,516,504,513,1545000,513
2012-09-07,523,532,519,530,1765000,530
2012-09-10,523,536,519,531,1368000,531
2012-09-11,523,524,511,516,1696000,516
2012-09-12,519,527,517,525,1388000,525
2012-09-13,522,532,521,528,1256000,528
2012-09-14,531,550,529,545,3823000,545
2012-09-18,545,553,539,549,1555000,549
2012-09-19,549,561,547,554,2073000,554
2012-09-20,545,552,537,539,1965000,539
2012-09-21,543,550,540,545,1491000,545
2012-09-24,539,539,528,535,1346000,535
2012-09-25,535,544,533,540,1412000,540
2012-09-26,530,545,530,541,1818000,541
2012-09-27,536,550,535,548,1603000,548
2012-09-28,548,548,536,541,1465000,541
2012-10-01,539,543,536,541,1423000,541
2012-10-02,543,556,541,553,2239000,553
2012-10-03,554,565,548,551,1864000,551
2012-10-04,552,557,544,552,1243000,552
2012-10-05,554,570,553,569,2990000,569
2012-10-09,564,578,562,565,2151000,565
2012-10-10,553,553,540,544,2810000,544
2012-10-11,535,541,527,530,1861000,530
2012-10-12,528,544,528,541,2490000,541
2012-10-15,537,549,532,543,1662000,543
2012-10-16,545,545,530,538,2743000,538
2012-10-17,542,547,537,544,2047000,544
2012-10-18,550,558,546,553,1847000,553
2012-10-19,547,558,541,544,2701000,544
2012-10-22,535,550,535,547,1982000,547
2012-10-23,550,553,539,548,1913000,548
2012-10-24,541,547,532,534,2309000,534
2012-10-25,530,541,529,541,2079000,541
2012-10-26,544,547,529,529,1521000,529
2012-10-29,530,536,528,529,1562000,529
2012-10-30,524,535,522,525,2702000,525
2012-10-31,528,537,527,532,2018000,532
2012-11-01,527,529,515,518,2667000,518
2012-11-02,525,532,523,526,2725000,526
2012-11-05,516,524,516,521,1533000,521
2012-11-06,521,531,519,527,1893000,527
2012-11-07,535,535,523,526,1481000,526
2012-11-08,507,521,507,512,2744000,512
2012-11-09,511,514,505,508,2018000,508
2012-11-12,498,503,487,496,1936000,496
2012-11-13,491,495,489,493,1719000,493
2012-11-14,490,491,475,477,2288000,477
2012-11-15,485,506,485,501,3024000,501
2012-11-16,508,512,503,509,2887000,509
2012-11-19,517,518,509,511,1557000,511
2012-11-20,516,518,507,510,1719000,510
2012-11-21,516,527,515,522,1975000,522
2012-11-22,535,538,526,534,1973000,534
2012-11-26,540,544,535,537,2074000,537
2012-11-27,536,539,531,538,1557000,538
2012-11-28,533,535,522,527,1388000,527
2012-11-29,535,543,532,541,1971000,541
2012-11-30,543,543,532,536,2124000,536
2012-12-03,536,541,527,528,1610000,528
2012-12-04,529,531,525,530,1617000,530
2012-12-05,523,534,523,528,1372000,528
2012-12-06,529,529,521,525,2252000,525
2012-12-07,525,527,520,522,2322000,522
2012-12-10,523,528,518,521,1318000,521
2012-12-11,518,521,517,520,1382000,520
2012-12-12,522,526,516,518,2115000,518
2012-12-13,525,525,515,518,3960000,518
2012-12-14,522,533,519,526,5624000,526
2012-12-17,540,547,535,540,3359000,540
2012-12-18,542,548,532,534,3919000,534
2012-12-19,537,547,536,542,3350000,542
2012-12-20,541,555,539,547,3070000,547
2012-12-21,553,554,539,543,2305000,543
2012-12-25,549,551,539,542,1306000,542
2012-12-26,545,553,545,553,1315000,553
2012-12-27,554,557,545,549,1608000,549
2012-12-28,551,558,549,555,1812000,555
2013-01-04,570,570,563,568,1699000,568
2013-01-07,573,574,561,561,1533000,561
2013-01-08,557,564,555,561,1714000,561
2013-01-09,553,571,553,567,1791000,567
2013-01-10,569,572,565,568,1382000,568
2013-01-11,575,578,565,567,1872000,567
2013-01-15,572,583,571,580,1711000,580
2013-01-16,580,582,573,575,1458000,575
2013-01-17,576,587,573,582,2991000,582
2013-01-18,605,614,598,607,3496000,607
2013-01-21,613,614,600,603,2066000,603
2013-01-22,604,614,592,602,2693000,602
2013-01-23,603,626,601,613,4754000,613
2013-01-24,615,628,611,626,2826000,626
2013-01-25,635,635,627,635,2259000,635
2013-01-28,640,641,627,629,2365000,629
2013-01-29,630,637,620,621,2743000,621
2013-01-30,623,636,623,636,1636000,636
2013-01-31,633,648,632,646,2389000,646
2013-02-01,650,654,645,648,1998000,648
2013-02-04,655,656,641,644,2902000,644
2013-02-05,632,642,630,636,2017000,636
2013-02-06,646,650,641,644,1896000,644
2013-02-07,638,641,624,637,3310000,637
2013-02-08,624,645,624,636,3073000,636
2013-02-12,646,646,625,637,2119000,637
2013-02-13,635,645,632,636,1722000,636
2013-02-14,640,656,639,651,3617000,651
2013-02-15,647,649,634,641,2542000,641
2013-02-18,648,656,643,656,1531000,656
2013-02-19,653,674,652,661,1980000,661
2013-02-20,669,670,657,666,1922000,666
2013-02-21,662,664,645,645,2129000,645
2013-02-22,641,664,640,664,2141000,664
2013-02-25,674,685,670,685,2339000,685
2013-02-26,665,682,665,679,2384000,679
2013-02-27,679,682,670,675,1848000,675
2013-02-28,685,685,677,682,2477000,682
2013-03-01,681,691,678,688,1596000,688
2013-03-04,691,694,687,691,1871000,691
2013-03-05,696,696,687,692,2073000,692
2013-03-06,695,696,681,687,1590000,687
2013-03-07,689,694,688,689,1742000,689
2013-03-08,716,724,706,713,6787000,713
2013-03-11,703,725,702,718,2531000,718
2013-03-12,720,722,709,709,1613000,709
2013-03-13,703,723,703,719,1966000,719
2013-03-14,720,728,715,725,2071000,725
2013-03-15,721,725,713,716,1931000,716
2013-03-18,720,743,715,729,2416000,729
2013-03-19,744,753,734,738,1522000,738
2013-03-21,745,749,739,749,1274000,749
2013-03-22,741,745,733,741,1708000,741
2013-03-25,741,752,741,750,1430000,750
2013-03-26,745,745,735,742,1300000,742
2013-03-27,732,736,728,733,1496000,733
2013-03-28,731,739,725,735,2133000,735
2013-03-29,732,744,732,736,1733000,736
2013-04-01,738,750,719,738,2851000,738
2013-04-02,730,731,713,720,2255000,720
2013-04-03,721,726,704,719,1925000,719
2013-04-04,700,726,696,726,1838000,726
2013-04-05,730,749,704,709,2977000,709
2013-04-08,730,746,721,723,2389000,723
2013-04-09,724,755,721,746,2591000,746
2013-04-10,753,774,747,767,3347000,767
2013-04-11,768,769,729,759,3559000,759
2013-04-12,765,766,733,738,3469000,738
2013-04-15,728,730,714,716,2072000,716
2013-04-16,696,700,672,687,4627000,687
2013-04-17,690,694,683,685,2247000,685
2013-04-18,681,689,677,680,2086000,680
2013-04-19,681,688,674,681,1493000,681
2013-04-22,691,705,691,705,1786000,705
2013-04-23,700,700,688,689,1153000,689
2013-04-24,696,702,693,700,1845000,700
2013-04-25,707,709,696,697,1829000,697
2013-04-26,703,707,693,702,1766000,702
2013-04-30,706,708,695,698,970000,698
2013-05-01,698,699,688,690,1085000,690
2013-05-02,683,684,662,668,2163000,668
2013-05-07,694,709,691,701,3032000,701
2013-05-08,691,703,681,682,2959000,682
2013-05-09,681,685,671,672,2044000,672
2013-05-10,752,772,731,772,5650000,772
2013-05-13,757,813,751,791,3493000,791
2013-05-14,791,799,785,785,1974000,785
2013-05-15,800,818,798,807,1596000,807
2013-05-16,807,844,792,834,4495000,834
2013-05-17,825,859,817,851,2496000,851
2013-05-20,879,900,864,894,2947000,894
2013-05-21,888,921,877,915,2410000,915
2013-05-22,907,934,890,907,2564000,907
2013-05-23,900,921,826,826,4367000,826
2013-05-24,841,860,800,835,3107000,835
2013-05-27,800,839,800,821,2618000,821
2013-05-28,817,870,811,862,3941000,862
2013-05-29,875,884,838,850,2215000,850
2013-05-30,837,870,821,855,4101000,855
2013-05-31,865,867,840,855,1938000,855
2013-06-03,831,831,792,805,2905000,805
2013-06-04,787,813,784,810,2823000,810
2013-06-05,804,825,796,803,2919000,803
2013-06-06,800,823,778,791,3031000,791
2013-06-07,773,790,752,776,3580000,776
2013-06-10,806,810,791,810,1437000,810
2013-06-11,828,842,807,807,1848000,807
2013-06-12,786,817,775,811,1750000,811
2013-06-13,804,804,757,758,1882000,758
2013-06-14,763,790,763,773,3225000,773
2013-06-17,763,814,762,812,2914000,812
2013-06-18,814,821,798,802,1079000,802
2013-06-19,811,814,798,813,1841000,813
2013-06-20,805,815,787,804,1975000,804
2013-06-21,804,879,801,872,11571000,872
2013-06-24,878,889,848,853,5101000,853
2013-06-25,848,876,840,857,4367000,857
2013-06-26,858,858,817,818,2013000,818
2013-06-27,825,870,822,866,3794000,866
2013-06-28,870,909,870,885,4105000,885
2013-07-01,883,926,878,925,2193000,925
2013-07-02,939,962,921,930,2552000,930
2013-07-03,929,940,913,932,1629000,932
2013-07-04,919,934,907,929,1543000,929
2013-07-05,948,976,947,974,2823000,974
2013-07-08,996,1010,978,978,2576000,978
2013-07-09,983,992,961,989,1989000,989
2013-07-10,980,984,966,972,1488000,972
2013-07-11,953,976,945,972,1731000,972
2013-07-12,965,997,963,986,2782000,986
2013-07-16,999,999,965,978,2315000,978
2013-07-17,967,990,960,989,1323000,989
2013-07-18,990,1000,979,996,1307000,996
2013-07-19,999,1002,938,969,5889000,969
2013-07-22,965,970,940,955,3197000,955
2013-07-23,953,974,939,971,3330000,971
2013-07-24,960,962,941,949,1712000,949
2013-07-25,950,963,938,954,1862000,954
2013-07-26,939,941,913,916,1687000,916
2013-07-29,896,904,882,884,3637000,884
2013-07-30,872,917,871,911,3149000,911
2013-07-31,903,907,892,896,1735000,896
2013-08-01,888,906,883,896,1843000,896
2013-08-02,904,944,891,942,2215000,942
2013-08-05,938,945,929,933,1450000,933
2013-08-06,933,940,909,938,1232000,938
2013-08-07,906,912,871,871,3073000,871
2013-08-08,876,918,873,877,2829000,877
2013-08-09,892,938,892,928,5291000,928
2013-08-12,905,950,905,937,1825000,937
2013-08-13,954,963,940,958,1880000,958
2013-08-14,958,962,940,960,1501000,960
2013-08-15,958,968,937,949,1795000,949
2013-08-16,934,952,934,940,1242000,940
2013-08-19,934,951,929,951,844000,951
2013-08-20,939,954,919,922,1603000,922
2013-08-21,922,938,903,919,1424000,919
2013-08-22,905,917,893,906,1183000,906
2013-08-23,920,927,895,902,2518000,902
2013-08-26,903,914,895,900,956000,900
2013-08-27,900,924,892,911,1764000,911
2013-08-28,895,900,875,890,1499000,890
2013-08-29,890,900,881,897,1857000,897
2013-08-30,900,907,875,880,2098000,880
2013-09-02,880,892,872,880,1819000,880
2013-09-03,899,929,895,928,1940000,928
2013-09-04,914,940,910,940,1575000,940
2013-09-05,948,962,945,952,2018000,952
2013-09-06,951,952,934,938,1554000,938
2013-09-09,968,968,950,958,762000,958
2013-09-10,959,970,953,967,1381000,967
2013-09-11,968,976,959,961,945000,961
2013-09-12,960,967,947,955,1146000,955
2013-09-13,943,958,938,958,2784000,958
2013-09-17,959,961,941,953,1647000,953
2013-09-18,956,962,931,934,1322000,934
2013-09-19,958,976,944,976,2851000,976
2013-09-20,978,986,967,972,1412000,972
2013-09-24,968,990,965,988,1615000,988
2013-09-25,983,998,973,991,1899000,991
2013-09-26,989,1023,981,1023,1750000,1023
2013-09-27,1020,1020,1003,1011,1258000,1011
2013-09-30,985,998,972,988,1401000,988
2013-10-01,990,999,977,995,1294000,995
2013-10-02,1002,1002,964,969,1452000,969
2013-10-03,975,989,974,976,1653000,976
2013-10-04,957,973,943,969,1386000,969
2013-10-07,964,964,944,948,1810000,948
2013-10-08,945,955,943,948,1017000,948
2013-10-09,945,986,939,983,1939000,983
2013-10-10,985,987,975,987,1545000,987
2013-10-11,992,1006,985,1001,2294000,1001
2013-10-15,941,962,924,942,5497000,942
2013-10-16,935,949,931,936,1863000,936
2013-10-17,948,948,927,934,2007000,934
2013-10-18,935,941,926,932,1484000,932
2013-10-21,931,948,931,947,1144000,947
2013-10-22,943,944,930,936,1144000,936
2013-10-23,936,937,906,907,2388000,907
2013-10-24,907,927,906,924,1844000,924
2013-10-25,912,920,901,902,1649000,902
2013-10-28,913,916,898,914,1293000,914
2013-10-29,910,928,905,926,1106000,926
2013-10-30,930,936,925,931,950000,931
2013-10-31,935,938,922,924,1103000,924
2013-11-01,925,928,897,912,983000,912
2013-11-05,897,903,883,897,2438000,897
2013-11-06,889,921,882,914,1393000,914
2013-11-07,923,923,910,913,1020000,913
2013-11-08,890,910,890,902,1058000,902
2013-11-11,920,928,911,916,1575000,916
2013-11-12,915,944,910,940,1869000,940
2013-11-13,948,960,938,948,2348000,948
2013-11-14,960,987,954,980,3357000,980
2013-11-15,988,1002,977,999,2205000,999
2013-11-18,1010,1018,995,1008,2159000,1008
2013-11-19,997,1007,994,1003,1050000,1003
2013-11-20,1001,1007,988,994,1173000,994
2013-11-21,1004,1020,999,1019,1673000,1019
2013-11-22,1024,1035,1014,1025,2165000,1025
2013-11-25,1036,1048,1030,1043,1369000,1043
2013-11-26,1044,1044,1027,1031,1284000,1031
2013-11-27,1017,1028,1007,1015,1766000,1015
2013-11-28,1029,1044,1029,1043,1394000,1043
2013-11-29,1037,1042,1026,1039,863000,1039
2013-12-02,1031,1038,1023,1029,1044000,1029
2013-12-03,1039,1039,1011,1022,1710000,1022
2013-12-04,1004,1011,982,990,2042000,990
2013-12-05,990,995,969,973,1452000,973
2013-12-06,964,976,961,974,1088000,974
2013-12-09,998,1001,984,996,1046000,996
2013-12-10,981,993,981,989,765000,989
2013-12-11,976,988,970,977,817000,977
2013-12-12,963,983,963,979,1335000,979
2013-12-13,983,1008,982,995,3714000,995
2013-12-16,988,994,968,969,932000,969
2013-12-17,977,991,977,986,898000,986
2013-12-18,991,1000,983,1000,1267000,1000
2013-12-19,1010,1013,990,995,1675000,995
2013-12-20,996,1000,984,995,898000,995
2013-12-24,1003,1027,1003,1016,2370000,1016
2013-12-25,1003,1006,995,998,1362000,998
2013-12-26,1009,1013,1001,1012,718000,1012
2013-12-27,1015,1021,1003,1014,1254000,1014
2013-12-30,1020,1031,1011,1028,1203000,1028
2014-01-06,1020,1043,1019,1034,2134000,1034
2014-01-07,1032,1041,1023,1028,1525000,1028
2014-01-08,1045,1049,1021,1035,1152000,1035
2014-01-09,1028,1034,1005,1014,1337000,1014
2014-01-10,1002,1017,989,1014,2900000,1014
2014-01-14,984,990,970,976,2065000,976
2014-01-15,988,1000,980,1000,1319000,1000
2014-01-16,1000,1013,990,993,1067000,993
2014-01-17,981,1001,979,994,1213000,994
2014-01-20,992,997,981,983,1197000,983
2014-01-21,988,997,982,989,832000,989
2014-01-22,982,988,959,982,2212000,982
2014-01-23,990,991,976,979,888000,979
2014-01-24,958,967,944,955,1604000,955
2014-01-27,925,936,920,922,1253000,922
2014-01-28,922,935,918,930,1170000,930
2014-01-29,950,970,944,970,1354000,970
2014-01-30,925,937,921,929,1673000,929
2014-01-31,949,960,929,937,1424000,937
2014-02-03,922,930,902,916,1192000,916
2014-02-04,897,899,852,853,1476000,853
2014-02-05,853,907,810,885,5068000,885
2014-02-06,885,922,885,886,2580000,886
2014-02-07,899,912,893,899,1415000,899
2014-02-10,918,922,897,905,956000,905
2014-02-12,920,928,913,923,1974000,923
2014-02-13,917,925,889,894,1466000,894
2014-02-14,886,890,852,861,3729000,861
2014-02-17,860,873,849,870,1303000,870
2014-02-18,874,902,871,898,1250000,898
2014-02-19,886,898,879,889,942000,889
2014-02-20,890,899,860,863,1132000,863
2014-02-21,867,885,867,883,751000,883
2014-02-24,870,891,864,872,925000,872
2014-02-25,887,889,868,874,1036000,874
2014-02-26,860,873,856,858,1189000,858
2014-02-27,853,856,842,848,1220000,848
2014-02-28,843,855,835,843,1321000,843
2014-03-03,828,835,817,832,971000,832
2014-03-04,820,831,820,828,1123000,828
2014-03-05,832,859,832,851,1534000,851
2014-03-06,860,887,857,877,2182000,877
2014-03-07,896,896,872,884,1109000,884
2014-03-10,876,882,872,875,968000,875
2014-03-11,872,882,872,880,830000,880
2014-03-12,861,863,841,845,1447000,845
2014-03-13,840,847,830,832,1112000,832
2014-03-14,807,820,803,805,3559000,805
2014-03-17,805,812,802,807,933000,807
2014-03-18,825,826,815,815,747000,815
2014-03-19,815,822,796,799,1432000,799
2014-03-20,804,806,782,783,930000,783
2014-03-24,793,803,776,779,2072000,779
2014-03-25,749,793,739,783,4283000,783
2014-03-26,798,804,781,794,2829000,794
2014-03-27,780,806,772,803,2138000,803
2014-03-28,796,823,791,820,2613000,820
2014-03-31,839,863,838,862,3426000,862
2014-04-01,857,857,842,849,1562000,849
2014-04-02,852,870,842,863,1771000,863
2014-04-03,876,889,868,883,2547000,883
2014-04-04,876,877,858,863,2136000,863
2014-04-07,854,869,852,858,1273000,858
2014-04-08,850,853,843,846,1035000,846
2014-04-09,838,849,827,836,1761000,836
2014-04-10,850,856,834,840,1383000,840
2014-04-11,825,841,820,836,2385000,836
2014-04-14,825,848,821,838,1153000,838
2014-04-15,844,853,837,847,1101000,847
2014-04-16,860,880,850,880,1583000,880
2014-04-17,871,886,871,881,1406000,881
2014-04-18,883,888,860,867,1736000,867
2014-04-21,869,883,868,873,974000,873
2014-04-22,881,882,869,869,706000,869
2014-04-23,879,888,874,881,918000,881
2014-04-24,884,890,873,877,977000,877
2014-04-25,877,882,867,875,886000,875
2014-04-28,866,875,860,866,1404000,866
2014-04-30,869,870,855,858,946000,858
2014-05-01,867,880,862,878,1076000,878
2014-05-02,870,870,836,850,2635000,850
2014-05-07,835,840,818,822,1670000,822
2014-05-08,835,839,820,835,1330000,835
2014-05-09,878,898,870,878,4159000,878
2014-05-12,870,896,863,885,2386000,885
2014-05-13,898,909,890,897,1952000,897
2014-05-14,887,892,866,877,1935000,877
2014-05-15,865,877,858,867,1309000,867
2014-05-16,852,858,846,850,913000,850
2014-05-19,858,859,848,849,828000,849
2014-05-20,853,859,847,847,940000,847
2014-05-21,840,843,815,831,2525000,831
2014-05-22,843,857,840,854,1057000,854
2014-05-23,856,864,852,861,736000,861
2014-05-26,875,883,869,881,1164000,881
2014-05-27,889,916,889,909,2328000,909
2014-05-28,919,922,914,919,1644000,919
2014-05-29,913,919,908,915,1217000,915
2014-05-30,918,918,898,899,1214000,899
2014-06-02,909,932,907,925,1629000,925
2014-06-03,942,948,934,944,1750000,944
2014-06-04,949,957,942,949,1437000,949
2014-06-05,957,957,932,941,1845000,941
2014-06-06,951,965,949,962,1377000,962
2014-06-09,972,978,950,951,1125000,951
2014-06-10,951,956,933,936,1074000,936
2014-06-11,944,947,934,942,1189000,942
2014-06-12,932,947,920,941,1374000,941
2014-06-13,951,969,945,959,2964000,959
2014-06-16,959,963,938,944,1061000,944
2014-06-17,940,943,929,936,1010000,936
2014-06-18,939,942,927,932,1472000,932
2014-06-19,928,942,923,938,2075000,938
2014-06-20,928,931,917,922,2981000,922
2014-06-23,933,949,931,936,2231000,936
2014-06-24,935,955,929,949,1715000,949
2014-06-25,947,956,945,949,783000,949
2014-06-26,961,962,951,958,1173000,958
2014-06-27,959,959,943,947,1545000,947
2014-06-30,962,964,952,956,2037000,956
2014-07-01,945,951,935,943,2936000,943
2014-07-02,950,954,942,944,2001000,944
2014-07-03,953,965,948,961,2432000,961
2014-07-04,969,986,961,977,2322000,977
2014-07-07,984,990,976,978,1781000,978
2014-07-08,980,994,970,985,2228000,985
2014-07-09,973,998,973,987,1721000,987
2014-07-10,984,994,976,977,1278000,977
2014-07-11,966,981,962,972,1618000,972
2014-07-14,972,979,963,973,1015000,973
2014-07-15,974,979,954,966,2501000,966
2014-07-16,950,955,945,952,1804000,952
2014-07-17,948,954,943,948,1053000,948
2014-07-18,935,939,928,934,1612000,934
2014-07-22,943,965,943,959,2052000,959
2014-07-23,959,967,953,953,822000,953
2014-07-24,962,964,949,952,1413000,952
2014-07-25,951,966,947,964,1020000,964
2014-07-28,954,961,950,953,1205000,953
2014-07-29,953,967,953,964,1092000,964
2014-07-30,969,979,965,977,1917000,977
2014-07-31,983,988,967,969,2217000,969
2014-08-01,965,973,961,964,1109000,964
2014-08-04,961,966,955,958,887000,958
2014-08-05,961,962,941,943,1180000,943
2014-08-06,942,949,936,942,1820000,942
2014-08-07,943,954,942,953,1152000,953
2014-08-08,938,945,903,905,1903000,905
2014-08-11,932,951,926,950,1765000,950
2014-08-12,949,958,945,957,1142000,957
2014-08-13,953,973,953,970,1673000,970
2014-08-14,975,984,969,970,1073000,970
2014-08-15,970,974,947,958,1502000,958
2014-08-18,952,955,944,946,853000,946
2014-08-19,963,976,959,974,1754000,974
2014-08-20,979,979,966,970,926000,970
2014-08-21,979,984,974,984,942000,984
2014-08-22,982,982,968,971,850000,971
2014-08-25,977,977,959,965,1116000,965
2014-08-26,972,972,951,954,863000,954
2014-08-27,961,965,952,963,705000,963
2014-08-28,961,961,952,957,698000,957
2014-08-29,944,946,928,933,1456000,933
2014-09-01,942,949,941,946,636000,946
2014-09-02,951,964,947,960,928000,960
2014-09-03,960,964,940,942,1487000,942
2014-09-04,934,936,921,925,1805000,925
2014-09-05,930,933,898,901,4152000,901
2014-09-08,907,914,897,901,2012000,901
2014-09-09,909,909,883,889,1834000,889
2014-09-10,879,887,869,887,2654000,887
2014-09-11,902,907,883,906,3125000,906
2014-09-12,936,936,902,908,4564000,908
2014-09-16,900,900,886,889,1778000,889
2014-09-17,893,896,886,888,792000,888
2014-09-18,895,895,887,890,833000,890
2014-09-19,901,908,894,905,1586000,905
2014-09-22,906,906,898,905,933000,905
2014-09-24,905,907,885,893,1717000,893
2014-09-25,906,915,903,913,1358000,913
2014-09-26,895,914,894,911,1332000,911
2014-09-29,920,923,909,915,879000,915
2014-09-30,917,917,904,913,1698000,913
2014-10-01,920,931,917,919,1739000,919
2014-10-02,913,914,895,895,1811000,895
2014-10-03,892,900,878,891,1690000,891
2014-10-06,898,902,892,896,809000,896
2014-10-07,891,896,887,893,1189000,893
2014-10-08,883,892,874,882,2084000,882
2014-10-09,883,888,878,881,1447000,881
2014-10-10,871,871,856,862,2172000,862
2014-10-14,839,863,839,848,2038000,848
2014-10-15,852,856,847,854,967000,854
2014-10-16,827,836,823,828,1621000,828
2014-10-17,833,836,818,820,1466000,820
2014-10-20,845,854,836,853,1320000,853
2014-10-21,848,849,828,831,995000,831
2014-10-22,853,865,850,861,1596000,861
2014-10-23,863,864,848,849,1296000,849
2014-10-24,864,866,852,859,892000,859
2014-10-27,869,869,854,862,963000,862
2014-10-28,855,859,842,848,1283000,848
2014-10-29,859,884,855,880,1718000,880
2014-10-30,889,889,880,884,1688000,884
2014-10-31,890,927,877,921,1906000,921
2014-11-04,950,951,927,927,1999000,927
2014-11-05,930,943,920,927,1596000,927
2014-11-06,927,934,913,915,1187000,915
2014-11-07,924,931,916,925,1123000,925
2014-11-10,916,940,912,938,1100000,938
2014-11-11,940,947,932,945,1019000,945
2014-11-12,953,955,939,941,1768000,941
2014-11-13,938,948,931,939,1723000,939
2014-11-14,946,946,931,941,2445000,941
2014-11-17,938,939,912,916,1321000,916
2014-11-18,927,936,927,934,1102000,934
2014-11-19,929,934,916,920,1828000,920
2014-11-20,921,922,905,917,1353000,917
2014-11-21,920,927,903,924,1775000,924
2014-11-25,925,935,922,932,1300000,932
2014-11-26,929,951,927,950,1882000,950
2014-11-27,953,962,950,957,2172000,957
2014-11-28,964,983,964,982,2168000,982
2014-12-01,978,982,971,976,2473000,976
2014-12-02,976,986,976,982,1028000,982
2014-12-03,976,984,973,975,1587000,975
2014-12-04,984,991,980,984,917000,984
2014-12-05,976,982,973,980,770000,980
2014-12-08,983,986,976,982,1134000,982
2014-12-09,970,982,967,972,1072000,972
2014-12-10,960,962,927,932,1848000,932
2014-12-11,920,928,907,925,1040000,925
2014-12-12,931,948,921,939,2986000,939
2014-12-15,926,935,919,923,1650000,923
2014-12-16,905,909,900,905,1238000,905
2014-12-17,897,908,892,905,1371000,905
2014-12-18,919,927,913,920,1180000,920
2014-12-19,941,952,929,952,1703000,952
2014-12-22,955,979,954,978,1685000,978
2014-12-24,988,990,973,978,1026000,978
2014-12-25,966,972,963,971,694000,971
2014-12-26,962,980,962,978,543000,978
2014-12-29,978,983,967,975,698000,975
2014-12-30,971,975,965,965,626000,965
2015-01-05,965,972,958,960,608000,960
2015-01-06,942,942,917,922,1516000,922
2015-01-07,907,923,907,918,993000,918
2015-01-08,925,949,922,932,1006000,932
2015-01-09,932,935,915,919,1730000,919
2015-01-13,906,906,889,902,1291000,902
2015-01-14,886,886,851,858,2801000,858
2015-01-15,858,866,837,865,1968000,865
2015-01-16,862,926,860,924,5014000,924
2015-01-19,928,944,911,922,1671000,922
2015-01-20,914,940,911,940,2492000,940
2015-01-21,933,937,922,928,1214000,928
2015-01-22,926,954,926,951,1490000,951
2015-01-23,956,964,954,964,803000,964
2015-01-26,950,951,931,941,1623000,941
2015-01-27,949,955,944,950,1103000,950
2015-01-28,945,951,933,947,1512000,947
2015-01-29,936,964,934,954,1130000,954
2015-01-30,968,970,943,948,1713000,948
2015-02-02,941,970,941,964,974000,964
2015-02-03,964,978,951,956,1112000,956
2015-02-04,977,1007,971,992,2296000,992
2015-02-05,993,997,972,980,1400000,980
2015-02-06,990,990,973,978,1123000,978
2015-02-09,995,1002,981,986,1338000,986
2015-02-10,990,995,978,984,1707000,984
2015-02-12,999,999,983,986,1268000,986
2015-02-13,977,982,966,970,1508000,970
2015-02-16,980,983,967,970,1296000,970
2015-02-17,955,958,944,955,1796000,955
2015-02-18,959,972,953,965,1610000,965
2015-02-19,958,961,945,948,2001000,948
2015-02-20,955,962,951,958,1204000,958
2015-02-23,960,965,953,957,1505000,957
2015-02-24,960,966,955,957,2424000,957
2015-02-25,966,988,956,960,3982000,960
2015-02-26,973,981,958,977,2098000,977
2015-02-27,980,999,976,987,2549000,987
2015-03-02,997,1006,988,995,1868000,995
2015-03-03,998,999,987,989,1755000,989
2015-03-04,989,997,979,981,1903000,981
2015-03-05,980,998,978,994,1188000,994
2015-03-06,994,998,982,995,1659000,995
2015-03-09,981,985,975,983,1108000,983
2015-03-10,983,993,976,979,1366000,979
2015-03-11,972,992,971,986,1054000,986
2015-03-12,986,1014,982,1013,2016000,1013
2015-03-13,1019,1024,1005,1014,3002000,1014
2015-03-16,1004,1011,998,1002,1015000,1002
2015-03-17,1010,1012,992,1002,1438000,1002
2015-03-18,1012,1015,997,1004,1290000,1004
2015-03-19,997,1011,994,1001,1268000,1001
2015-03-20,999,1009,994,1007,1166000,1007
2015-03-23,1011,1024,1010,1023,1423000,1023
2015-03-24,1047,1097,1047,1092,4110000,1092
2015-03-25,1080,1086,1048,1061,2845000,1061
2015-03-26,1051,1054,1037,1051,1921000,1051
2015-03-27,1041,1063,1026,1034,1356000,1034
2015-03-30,1032,1039,1020,1036,866000,1036
2015-03-31,1043,1050,1021,1028,1135000,1028
2015-04-01,1017,1035,1001,1018,2328000,1018
2015-04-02,1032,1050,1027,1038,1408000,1038
2015-04-03,1034,1037,1026,1037,524000,1037
2015-04-06,1030,1030,1016,1022,804000,1022
2015-04-07,1033,1057,1031,1044,1145000,1044
2015-04-08,1059,1069,1043,1045,1444000,1045
2015-04-09,1045,1050,1032,1039,1410000,1039
2015-04-10,1034,1041,1020,1035,1404000,1035
2015-04-13,1030,1033,1016,1027,865000,1027
2015-04-14,1057,1086,1052,1054,2107000,1054
2015-04-15,1058,1061,1037,1038,1064000,1038
2015-04-16,1032,1063,1032,1061,1011000,1061
2015-04-17,1061,1083,1055,1076,1080000,1076
2015-04-20,1065,1065,1050,1063,824000,1063
2015-04-21,1077,1077,1062,1070,721000,1070
2015-04-22,1074,1074,1061,1072,555000,1072
2015-04-23,1071,1083,1060,1079,975000,1079
2015-04-24,1073,1085,1068,1080,887000,1080
2015-04-27,1085,1108,1075,1081,1801000,1081
2015-04-28,1089,1108,1083,1089,1069000,1089
2015-04-30,1075,1104,1071,1081,1288000,1081
2015-05-01,1078,1098,1078,1095,1038000,1095
2015-05-07,1096,1121,1093,1111,1829000,1111
2015-05-08,1102,1109,1093,1101,1410000,1101
2015-05-11,1118,1140,1114,1129,1491000,1129
2015-05-12,1078,1118,1059,1109,2670000,1109
2015-05-13,1108,1130,1108,1125,1659000,1125
2015-05-14,1120,1127,1111,1111,872000,1111
2015-05-15,1124,1132,1115,1126,1376000,1126
2015-05-18,1124,1135,1113,1119,965000,1119
2015-05-19,1129,1129,1112,1119,1524000,1119
2015-05-20,1123,1128,1104,1115,1637000,1115
2015-05-21,1109,1118,1101,1110,1024000,1110
2015-05-22,1110,1120,1105,1116,901000,1116
2015-05-25,1115,1120,1111,1117,628000,1117
2015-05-26,1107,1124,1107,1116,1068000,1116
2015-05-27,1114,1115,1083,1095,2978000,1095
2015-05-28,1095,1101,1076,1082,2009000,1082
2015-05-29,1085,1123,1083,1116,1931000,1116
2015-06-01,1102,1134,1102,1113,1252000,1113
2015-06-02,1106,1122,1106,1115,854000,1115
2015-06-03,1106,1134,1106,1128,1086000,1128
2015-06-04,1121,1131,1116,1120,968000,1120
2015-06-05,1122,1126,1116,1120,831000,1120
2015-06-08,1122,1122,1115,1119,657000,1119
2015-06-09,1105,1111,1095,1097,983000,1097
2015-06-10,1097,1105,1087,1090,1129000,1090
2015-06-11,1101,1128,1096,1126,835000,1126
2015-06-12,1129,1130,1110,1119,2090000,1119
2015-06-15,1100,1111,1097,1110,912000,1110
2015-06-16,1107,1113,1097,1110,780000,1110
2015-06-17,1119,1121,1100,1112,1360000,1112
2015-06-18,1103,1110,1094,1104,1637000,1104
2015-06-19,1105,1120,1105,1117,1577000,1117
2015-06-22,1119,1132,1115,1123,1145000,1123
2015-06-23,1133,1152,1133,1141,1520000,1141
2015-06-24,1152,1185,1147,1181,2505000,1181
2015-06-25,1177,1180,1166,1175,1313000,1175
2015-06-26,1187,1187,1156,1157,1768000,1157
2015-06-29,1129,1150,1120,1136,1911000,1136
2015-06-30,1144,1159,1134,1156,1715000,1156
2015-07-01,1164,1170,1149,1167,1277000,1167
2015-07-02,1186,1196,1175,1187,2140000,1187
2015-07-03,1184,1184,1162,1183,1690000,1183
2015-07-06,1159,1169,1145,1158,2637000,1158
2015-07-07,1174,1181,1151,1163,1731000,1163
2015-07-08,1150,1154,1095,1096,3010000,1096
2015-07-09,1065,1100,1027,1097,2700000,1097
2015-07-10,1110,1130,1096,1122,2192000,1122
2015-07-13,1126,1148,1107,1125,2291000,1125
2015-07-14,1134,1155,1124,1139,1701000,1139
2015-07-15,1146,1147,1125,1133,920000,1133
2015-07-16,1133,1146,1114,1142,1314000,1142
2015-07-17,1150,1152,1133,1141,938000,1141
2015-07-21,1150,1162,1140,1159,1235000,1159
2015-07-22,1155,1180,1153,1172,1377000,1172
2015-07-23,1181,1181,1145,1152,1163000,1152
2015-07-24,1147,1155,1132,1138,786000,1138
2015-07-27,1124,1134,1120,1130,633000,1130
2015-07-28,1121,1139,1110,1128,919000,1128
2015-07-29,1131,1139,1124,1132,710000,1132
2015-07-30,1138,1179,1138,1170,1230000,1170
2015-07-31,1160,1184,1154,1178,649000,1178
2015-08-03,1169,1170,1152,1167,791000,1167
2015-08-04,1157,1167,1141,1151,1133000,1151
2015-08-05,1142,1178,1139,1166,1898000,1166
2015-08-06,1183,1197,1166,1182,1460000,1182
2015-08-07,1179,1192,1171,1179,905000,1179
2015-08-10,1224,1228,1190,1218,2690000,1218
2015-08-11,1230,1243,1215,1235,2157000,1235
2015-08-12,1226,1227,1174,1189,2034000,1189
2015-08-13,1207,1214,1196,1206,1122000,1206
2015-08-14,1200,1202,1178,1198,1148000,1198
2015-08-17,1197,1210,1190,1208,625000,1208
2015-08-18,1207,1208,1172,1182,1284000,1182
2015-08-19,1176,1176,1127,1134,2080000,1134
2015-08-20,1134,1134,1105,1112,1234000,1112
2015-08-21,1099,1113,1088,1093,1426000,1093
2015-08-24,1065,1073,1030,1034,1572000,1034
2015-08-25,990,1055,977,996,2612000,996
2015-08-26,998,1016,986,1006,1999000,1006
2015-08-27,1020,1033,1007,1013,1248000,1013
2015-08-28,1037,1084,1030,1078,1721000,1078
2015-08-31,1071,1075,1048,1057,1034000,1057
2015-09-01,1045,1051,1021,1021,944000,1021
2015-09-02,1002,1024,995,999,919000,999
2015-09-03,1010,1033,1010,1017,808000,1017
2015-09-04,1007,1016,975,982,1862000,982
2015-09-07,977,1002,966,984,1397000,984
2015-09-08,977,1000,952,954,2542000,954
2015-09-09,977,1020,973,1019,2093000,1019
2015-09-10,990,999,978,992,1311000,992
2015-09-11,986,999,979,995,2867000,995
2015-09-14,1001,1012,985,1000,1335000,1000
2015-09-15,1001,1001,971,972,1256000,972
2015-09-16,983,997,978,993,1094000,993
2015-09-17,996,1016,991,1009,1330000,1009
2015-09-18,987,997,964,964,1517000,964
2015-09-24,934,946,928,932,1326000,932
2015-09-25,930,955,930,955,1450000,955
2015-09-28,930,935,912,919,1848000,919
2015-09-29,910,910,891,895,2031000,895
2015-09-30,908,927,891,903,2124000,903
2015-10-01,904,930,901,919,1875000,919
2015-10-02,913,937,903,933,1406000,933
2015-10-05,937,960,932,952,992000,952
2015-10-06,967,976,963,966,1238000,966
2015-10-07,972,1004,969,999,1750000,999
2015-10-08,999,1014,991,999,1680000,999
2015-10-09,1019,1047,1016,1047,1972000,1047
2015-10-13,1039,1055,1034,1047,1649000,1047
2015-10-14,1046,1049,1018,1023,1569000,1023
2015-10-15,1023,1043,1020,1029,1433000,1029
2015-10-16,1034,1039,1023,1029,1141000,1029
2015-10-19,1020,1022,996,1012,1707000,1012
2015-10-20,1014,1019,1001,1017,871000,1017
2015-10-21,1014,1057,1000,1054,1412000,1054
2015-10-22,1055,1064,1043,1050,901000,1050
2015-10-23,1073,1081,1062,1066,1114000,1066
2015-10-26,1072,1084,1069,1072,677000,1072
2015-10-27,1076,1076,1051,1053,765000,1053
2015-10-28,1059,1072,1051,1062,1309000,1062
2015-10-29,1062,1076,1049,1063,2094000,1063
2015-10-30,1057,1069,1048,1060,1019000,1060
2015-11-02,1040,1040,1021,1022,1334000,1022
2015-11-04,1037,1067,1036,1049,1173000,1049
2015-11-05,1049,1068,1041,1057,804000,1057
2015-11-06,1072,1090,1054,1059,979000,1059
2015-11-09,939,940,911,913,5408000,913
2015-11-10,907,909,896,906,2783000,906
2015-11-11,900,924,884,922,3911000,922
2015-11-12,937,942,916,938,3269000,938
2015-11-13,925,926,912,921,1695000,921
2015-11-16,906,922,906,918,1356000,918
2015-11-17,927,935,923,929,1178000,929
2015-11-18,937,942,923,925,2158000,925
2015-11-19,937,942,927,936,2013000,936
2015-11-20,932,932,916,930,1844000,930
2015-11-24,925,926,904,920,1893000,920
2015-11-25,916,931,904,921,2558000,921
2015-11-26,928,944,924,939,1850000,939
2015-11-27,945,963,941,952,2030000,952
2015-11-30,948,955,941,947,1062000,947
2015-12-01,942,960,940,953,1196000,953
2015-12-02,953,956,933,938,1574000,938
2015-12-03,931,953,930,947,874000,947
2015-12-04,938,947,929,934,1485000,934
2015-12-07,948,953,939,940,938000,940
2015-12-08,934,935,906,912,1544000,912
2015-12-09,900,907,890,901,1290000,901
2015-12-10,893,900,887,890,1818000,890
2015-12-11,881,899,881,893,2530000,893
2015-12-14,868,872,851,872,1626000,872
2015-12-15,874,879,848,850,1689000,850
2015-12-16,859,876,856,867,3647000,867
2015-12-17,889,893,876,879,1762000,879
2015-12-18,873,879,845,847,3188000,847
2015-12-21,845,846,835,845,1987000,845
2015-12-22,845,852,841,849,1450000,849
2015-12-24,858,874,849,850,1153000,850
2015-12-25,847,856,833,836,1146000,836
2015-12-28,842,876,842,868,1467000,868
2015-12-29,865,866,844,864,1041000,864
2015-12-30,870,887,867,876,1519000,876
2016-01-04,850,870,838,840,2494000,840
2016-01-05,841,845,826,833,1687000,833
2016-01-06,831,837,810,816,1624000,816
2016-01-07,812,813,791,791,1917000,791
2016-01-08,783,801,781,788,2014000,788
2016-01-12,781,783,752,757,2271000,757
2016-01-13,769,785,767,778,1713000,778
2016-01-14,756,777,741,775,2380000,775
2016-01-15,789,803,766,769,1827000,769
2016-01-18,748,765,741,760,1457000,760
2016-01-19,758,778,756,776,1570000,776
2016-01-20,779,784,740,740,1500000,740
2016-01-21,748,772,726,726,1656000,726
2016-01-22,754,774,748,773,1881000,773
2016-01-25,788,797,774,784,1491000,784
2016-01-26,769,771,758,760,1684000,760
2016-01-27,775,803,775,799,1790000,799
2016-01-28,796,799,773,774,1575000,774
2016-01-29,787,816,771,807,1995000,807
2016-02-01,814,821,809,821,993000,821
2016-02-02,806,806,773,777,1345000,777
2016-02-03,752,767,724,738,2459000,738
2016-02-04,728,759,727,750,2139000,750
2016-02-05,749,787,746,782,3203000,782
2016-02-08,695,700,633,637,7684000,637
2016-02-09,618,618,592,596,4825000,596
2016-02-10,600,611,574,583,4268000,583
2016-02-12,563,573,547,560,3599000,560
2016-02-15,590,608,575,603,2698000,603
2016-02-16,589,623,586,610,2496000,610
2016-02-17,606,619,588,600,1914000,600
2016-02-18,629,638,618,628,2242000,628
2016-02-19,620,630,591,600,2308000,600
2016-02-22,591,611,590,602,1603000,602
2016-02-23,612,634,606,614,2496000,614
2016-02-24,603,619,599,602,1827000,602
2016-02-25,609,642,606,634,2655000,634
2016-02-26,642,652,633,633,1712000,633
2016-02-29,662,669,644,646,1884000,646
2016-03-01,649,663,638,655,2716000,655
2016-03-02,681,694,674,690,2225000,690
2016-03-03,685,702,685,700,1705000,700
2016-03-04,709,735,705,723,3155000,723
2016-03-07,722,729,705,719,2320000,719
2016-03-08,722,731,698,703,2254000,703
2016-03-09,688,691,660,679,3003000,679
2016-03-10,693,699,682,691,2018000,691
2016-03-11,680,697,680,696,2480000,696
2016-03-14,706,717,706,713,1093000,713
2016-03-15,702,706,692,699,1825000,699
2016-03-16,689,694,679,680,2029000,680
2016-03-17,690,696,672,677,1779000,677
2016-03-18,677,704,675,701,1998000,701
2016-03-22,715,719,691,704,1397000,704
2016-03-23,707,711,695,698,895000,698
2016-03-24,690,692,668,679,1525000,679
2016-03-25,682,687,677,685,842000,685
2016-03-28,702,703,689,698,2465000,698
2016-03-29,683,683,666,675,2199000,675
2016-03-30,675,675,624,630,4499000,630
2016-03-31,638,639,623,627,3086000,627
2016-04-01,622,627,609,613,2730000,613
2016-04-04,615,631,609,625,3498000,625
2016-04-05,618,622,607,620,2951000,620
2016-04-06,618,636,618,635,3118000,635
2016-04-07,632,636,614,616,2197000,616
2016-04-08,605,627,592,620,3396000,620
2016-04-11,621,640,612,631,2751000,631
2016-04-12,631,661,627,650,2647000,650
2016-04-13,662,675,654,672,1796000,672
2016-04-14,682,700,681,698,1669000,698
2016-04-15,691,698,685,694,1564000,694
2016-04-18,665,682,665,677,1585000,677
2016-04-19,701,714,701,710,2023000,710
2016-04-20,730,736,710,718,2452000,718
2016-04-21,739,739,723,729,2451000,729
2016-04-22,717,738,715,738,3385000,738
2016-04-25,738,739,725,735,1710000,735
2016-04-26,730,732,712,723,1252000,723
2016-04-27,725,734,721,726,1687000,726
2016-04-28,732,748,698,699,2287000,699
2016-05-02,680,690,676,687,1678000,687
2016-05-06,687,691,674,676,2191000,676
2016-05-09,685,688,666,667,2499000,667
2016-05-10,665,687,653,677,2907000,677
2016-05-11,627,644,620,625,5621000,625
2016-05-12,629,651,626,650,2946000,650
2016-05-13,669,671,651,653,3311000,653
2016-05-16,654,670,647,666,1777000,666
2016-05-17,681,686,672,678,2509000,678
2016-05-18,677,706,675,701,2648000,701
2016-05-19,705,713,686,688,2364000,688
2016-05-20,690,694,681,690,2190000,690
2016-05-23,690,692,674,687,2159000,687
2016-05-24,677,677,650,653,3689000,653
2016-05-25,666,667,658,664,1748000,664
2016-05-26,668,668,652,657,1603000,657
2016-05-27,653,665,653,664,924000,664
2016-05-30,667,672,654,662,1274000,662
2016-05-31,662,675,659,673,1005000,673
2016-06-01,666,668,658,659,1149000,659
2016-06-02,651,654,633,638,1815000,638
2016-06-03,637,639,627,633,1177000,633
2016-06-06,627,645,622,638,1661000,638
2016-06-07,641,662,640,661,2255000,661
2016-06-08,657,661,641,659,2765000,659
2016-06-09,654,655,647,651,1525000,651
2016-06-10,638,638,617,621,3321000,621
2016-06-13,608,610,599,600,1781000,600
2016-06-14,600,603,586,591,1887000,591
2016-06-15,591,598,581,591,1691000,591
2016-06-16,593,595,567,569,1681000,569
2016-06-17,575,585,572,583,2417000,583
2016-06-20,592,602,586,601,2111000,601
2016-06-21,594,594,579,588,2411000,588
2016-06-22,591,591,563,569,2330000,569
2016-06-23,575,578,566,578,1868000,578
2016-06-24,579,581,517,518,3405000,518
2016-06-27,519,524,506,514,2171000,514
2016-06-28,504,514,497,513,1735000,513
2016-06-29,527,536,522,524,2227000,524
2016-06-30,540,541,522,523,2069000,523
2016-07-01,535,539,526,531,1607000,531
2016-07-04,526,542,524,538,1380000,538
2016-07-05,540,549,536,540,2311000,540
2016-07-06,531,532,520,531,2596000,531
2016-07-07,530,536,526,531,1605000,531
2016-07-08,531,535,523,526,2208000,526
2016-07-11,536,557,536,553,1534000,553
2016-07-12,563,583,563,578,1913000,578
2016-07-13,593,594,584,590,1804000,590
2016-07-14,580,593,574,588,1945000,588
2016-07-15,589,594,580,585,2551000,585
2016-07-19,568,582,552,565,5217000,565
2016-07-20,564,567,543,562,2752000,562
2016-07-21,566,584,566,581,2921000,581
2016-07-22,578,582,564,566,1554000,566
2016-07-25,566,572,559,562,1454000,562
2016-07-26,557,557,539,545,2381000,545
2016-07-27,553,568,548,559,3018000,559
2016-07-28,559,566,554,563,1942000,563
2016-07-29,556,568,537,545,3355000,545
2016-08-01,535,555,532,551,2456000,551
2016-08-02,541,547,540,540,1020000,540
2016-08-03,525,532,522,523,1599000,523
2016-08-04,523,547,523,545,2101000,545
2016-08-05,539,556,532,549,3457000,549
2016-08-08,589,639,589,637,5870000,637
2016-08-09,630,634,618,626,2746000,626
2016-08-10,627,635,621,626,1842000,626
2016-08-12,632,632,623,628,1216000,628
2016-08-15,621,627,616,617,990000,617
2016-08-16,634,655,629,631,2784000,631
2016-08-17,628,650,626,647,2343000,647
2016-08-18,646,688,643,677,5216000,677
2016-08-19,685,695,671,673,3355000,673
2016-08-22,673,673,657,659,2141000,659
2016-08-23,673,673,650,651,2351000,651
2016-08-24,652,669,650,663,1927000,663
2016-08-25,650,652,638,641,2456000,641
2016-08-26,648,655,642,643,1773000,643
2016-08-29,650,672,648,664,1287000,664
2016-08-30,664,686,664,681,1751000,681
2016-08-31,679,698,678,693,1679000,693
2016-09-01,689,706,686,697,1714000,697
2016-09-02,687,696,670,695,1812000,695
2016-09-05,712,724,702,704,1677000,704
2016-09-06,704,714,699,708,1565000,708
2016-09-07,704,706,691,699,1704000,699
2016-09-08,701,702,692,698,1032000,698
2016-09-09,706,730,704,727,2693000,727
2016-09-12,716,723,702,704,1598000,704
2016-09-13,714,715,696,702,1903000,702
2016-09-14,698,706,690,702,1425000,702
2016-09-15,702,703,688,693,1512000,693
2016-09-16,703,712,699,708,1878000,708
2016-09-20,699,702,686,687,1550000,687
2016-09-21,687,705,677,705,1482000,705
2016-09-23,705,706,697,698,1167000,698
2016-09-26,691,694,682,684,953000,684
2016-09-27,684,700,675,699,1504000,699
2016-09-28,692,698,685,690,1347000,690
2016-09-29,704,722,704,715,1618000,715
2016-09-30,708,708,691,703,1629000,703
2016-10-03,720,738,717,730,2447000,730
2016-10-04,738,746,730,743,1977000,743
2016-10-05,743,748,737,741,1490000,741
2016-10-06,750,752,734,738,1199000,738
2016-10-07,768,782,756,767,2823000,767
2016-10-11,768,773,748,750,2490000,750
2016-10-12,735,743,719,721,3348000,721
2016-10-13,731,733,717,721,1409000,721
2016-10-14,718,722,707,714,2298000,714
2016-10-17,754,757,738,754,3402000,754
2016-10-18,748,758,731,754,2428000,754
2016-10-19,757,763,749,754,1350000,754
2016-10-20,759,767,756,765,997000,765
2016-10-21,770,775,759,761,1288000,761
2016-10-24,759,760,748,756,963000,756
2016-10-25,749,760,748,758,1583000,758
2016-10-26,762,773,757,765,1241000,765
2016-10-27,765,784,765,780,1497000,780
2016-10-28,790,810,788,805,4764000,805
2016-10-31,792,794,780,781,1540000,781
2016-11-01,777,781,768,781,1227000,781
2016-11-02,772,776,762,771,1377000,771
2016-11-04,770,781,762,777,1558000,777
2016-11-07,790,796,777,785,1606000,785
2016-11-08,741,745,715,729,4467000,729
2016-11-09,741,746,685,697,4387000,697
2016-11-10,749,786,745,779,3920000,779
2016-11-11,815,820,796,810,4249000,810
2016-11-14,814,822,810,814,2312000,814
2016-11-15,818,830,815,824,2270000,824
2016-11-16,835,842,826,834,2067000,834
2016-11-17,820,825,812,821,2037000,821
2016-11-18,840,853,839,853,2094000,853
2016-11-21,832,834,821,825,2941000,825
2016-11-22,839,852,832,851,1677000,851
2016-11-24,860,880,860,876,1830000,876
2016-11-25,880,919,876,886,3822000,886
2016-11-28,878,891,877,887,1689000,887
2016-11-29,879,890,874,887,1861000,887
2016-11-30,881,885,868,878,2094000,878
2016-12-01,888,915,888,899,2770000,899
2016-12-02,894,918,893,916,1755000,916
2016-12-05,925,925,897,901,1707000,901
2016-12-06,916,934,912,932,1790000,932
2016-12-07,934,948,929,943,1888000,943
2016-12-08,950,957,938,950,2346000,950
2016-12-09,935,954,935,950,3469000,950
2016-12-12,955,959,919,934,2530000,934
2016-12-13,927,939,917,936,2716000,936
2016-12-14,930,931,911,917,1568000,917
2016-12-15,927,939,913,926,2142000,926
2016-12-16,932,932,924,929,1233000,929
2016-12-19,922,922,908,916,998000,916
2016-12-20,901,916,895,913,1226000,913
2016-12-21,915,923,899,905,1398000,905
2016-12-22,905,915,896,914,963000,914
2016-12-26,911,914,898,901,915000,901
2016-12-27,896,912,896,901,1056000,901
2016-12-28,901,929,901,919,1213000,919
2016-12-29,910,911,892,897,1175000,897
2016-12-30,888,902,884,894,861000,894
2017-01-04,900,931,900,928,1322000,928
