Date,Open,High,Low,Close,Volume,Adj Close
2008-10-20,99,101,97,100,2242000,100
2008-10-21,104,104,101,101,2323000,101
2008-10-22,99,100,94,94,2202000,94
2008-10-23,93,94,87,92,3935000,92
2008-10-24,90,91,82,82,2724000,82
2008-10-27,83,85,78,79,4366000,79
2008-10-28,78,88,76,88,2446000,88
2008-10-29,95,96,85,91,3279000,91
2008-10-30,92,102,89,102,3153000,102
2008-10-31,97,101,94,94,2515000,94
2008-11-04,98,99,96,99,1732000,99
2008-11-05,104,104,100,104,3102000,104
2008-11-06,100,101,97,98,2771000,98
2008-11-07,91,94,89,90,3523000,90
2008-11-10,92,94,90,91,2361000,91
2008-11-11,88,90,87,88,1526000,88
2008-11-12,88,90,87,87,1411000,87
2008-11-13,85,86,84,84,1647000,84
2008-11-14,88,90,86,86,2026000,86
2008-11-17,85,90,84,88,1354000,88
2008-11-18,87,92,87,92,2120000,92
2008-11-19,91,93,86,88,1518000,88
2008-11-20,84,86,81,81,1484000,81
2008-11-21,78,89,77,87,2281000,87
2008-11-25,93,93,87,91,1689000,91
2008-11-26,90,91,86,88,1038000,88
2008-11-27,88,90,88,88,914000,88
2008-11-28,88,96,88,96,3196000,96
2008-12-01,97,102,95,98,4555000,98
2008-12-02,93,96,91,92,2961000,92
2008-12-03,93,95,91,91,1805000,91
2008-12-04,92,94,86,87,2353000,87
2008-12-05,86,88,85,86,1898000,86
2008-12-08,87,91,87,91,1874000,91
2008-12-09,91,92,89,91,1674000,91
2008-12-10,90,96,89,95,2341000,95
2008-12-11,94,99,93,99,3319000,99
2008-12-12,94,98,93,94,4513000,94
2008-12-15,97,99,96,98,2095000,98
2008-12-16,97,97,95,96,1038000,96
2008-12-17,97,98,91,91,1354000,91
2008-12-18,91,94,91,94,1239000,94
2008-12-19,93,94,91,91,1117000,91
2008-12-22,91,92,90,91,1343000,91
2008-12-24,89,90,89,90,1110000,90
2008-12-25,92,92,90,91,757000,91
2008-12-26,91,93,90,91,550000,91
2008-12-29,90,91,90,90,618000,90
2008-12-30,90,91,90,91,1000000,91
2009-01-05,95,96,92,93,1045000,93
2009-01-06,94,95,90,91,4488000,91
2009-01-07,92,97,91,92,10306000,92
2009-01-08,92,92,89,90,2499000,90
2009-01-09,91,92,90,90,1905000,90
2009-01-13,90,90,86,86,2507000,86
2009-01-14,87,89,86,86,2417000,86
2009-01-15,84,85,82,84,2758000,84
2009-01-16,85,86,84,85,1989000,85
2009-01-19,86,87,85,85,865000,85
2009-01-20,84,85,83,83,1083000,83
2009-01-21,81,83,80,82,2078000,82
2009-01-22,83,83,80,82,1915000,82
2009-01-23,81,81,79,79,1392000,79
2009-01-26,80,81,79,79,1357000,79
2009-01-27,79,85,79,83,2294000,83
2009-01-28,83,84,82,83,1179000,83
2009-01-29,85,86,84,85,1571000,85
2009-01-30,83,84,81,81,1248000,81
2009-02-02,81,82,79,80,1830000,80
2009-02-03,81,86,80,81,2490000,81
2009-02-04,82,84,81,81,1559000,81
2009-02-05,82,87,82,87,2909000,87
2009-02-06,85,87,83,83,1460000,83
2009-02-09,85,87,80,81,2077000,81
2009-02-10,83,83,81,81,554000,81
2009-02-12,81,82,80,82,993000,82
2009-02-13,83,84,81,81,1388000,81
2009-02-16,82,82,80,82,1320000,82
2009-02-17,81,82,79,80,1141000,80
2009-02-18,78,79,77,78,1505000,78
2009-02-19,79,79,77,77,1077000,77
2009-02-20,77,78,75,76,1501000,76
2009-02-23,75,75,72,74,1396000,74
2009-02-24,73,73,70,73,1524000,73
2009-02-25,76,79,73,76,1777000,76
2009-02-26,75,76,74,75,879000,75
2009-02-27,73,75,73,73,835000,73
2009-03-02,71,72,70,70,1675000,70
2009-03-03,70,72,69,71,1221000,71
2009-03-04,71,74,70,73,1866000,73
2009-03-05,75,75,71,72,1600000,72
2009-03-06,71,72,70,70,1144000,70
2009-03-09,71,72,71,71,465000,71
2009-03-10,72,74,71,74,650000,74
2009-03-11,76,77,72,73,1667000,73
2009-03-12,72,74,72,73,685000,73
2009-03-13,76,76,74,76,3158000,76
2009-03-16,77,79,76,79,894000,79
2009-03-17,79,79,78,79,1069000,79
2009-03-18,80,80,77,77,1144000,77
2009-03-19,80,80,75,77,1131000,77
2009-03-23,77,81,77,81,1595000,81
2009-03-24,82,85,80,85,2933000,85
2009-03-25,84,86,83,86,1627000,86
2009-03-26,86,88,85,87,1305000,87
2009-03-27,87,88,85,85,982000,85
2009-03-30,85,86,83,83,794000,83
2009-03-31,82,82,79,82,1169000,82
2009-04-01,82,84,81,84,1108000,84
2009-04-02,86,90,85,89,2642000,89
2009-04-03,90,92,87,88,2213000,88
2009-04-06,90,91,89,90,1592000,90
2009-04-07,90,91,89,90,1513000,90
2009-04-08,88,91,86,90,3015000,90
2009-04-09,95,102,95,97,14301000,97
2009-04-10,99,100,95,96,3614000,96
2009-04-13,98,104,97,104,6747000,104
2009-04-14,105,106,98,101,4197000,101
2009-04-15,100,101,98,99,1521000,99
2009-04-16,101,105,100,100,3943000,100
2009-04-17,103,103,99,101,1964000,101
2009-04-20,101,104,100,103,2872000,103
2009-04-21,99,99,96,97,3342000,97
2009-04-22,99,99,93,93,3466000,93
2009-04-23,94,96,93,95,2272000,95
2009-04-24,97,97,94,94,1505000,94
2009-04-27,96,96,93,93,1169000,93
2009-04-28,93,94,90,91,2280000,91
2009-04-30,93,95,91,93,1470000,93
2009-05-01,93,96,93,95,1093000,95
2009-05-07,99,101,98,98,2852000,98
2009-05-08,97,103,97,103,3280000,103
2009-05-11,103,104,99,99,2510000,99
2009-05-12,99,101,99,99,1042000,99
2009-05-13,101,102,96,98,2293000,98
2009-05-14,97,98,95,96,1362000,96
2009-05-15,97,98,96,96,1120000,96
2009-05-18,95,95,93,93,847000,93
2009-05-19,96,97,94,96,1228000,96
2009-05-20,96,97,95,95,1198000,95
2009-05-21,98,99,96,97,3534000,97
2009-05-22,95,97,95,96,705000,96
2009-05-25,97,100,96,100,1879000,100
2009-05-26,100,102,99,101,3686000,101
2009-05-27,102,103,100,100,3148000,100
2009-05-28,99,102,99,100,3243000,100
2009-05-29,102,102,98,100,3652000,100
2009-06-01,101,108,101,107,6711000,107
2009-06-02,110,112,109,110,4893000,110
2009-06-03,109,112,107,110,2720000,110
2009-06-04,109,114,108,113,2762000,113
2009-06-05,114,118,114,116,4217000,116
2009-06-08,117,118,113,116,2845000,116
2009-06-09,115,116,112,113,1599000,113
2009-06-10,114,119,114,118,2876000,118
2009-06-11,117,118,116,117,1648000,117
2009-06-12,120,133,117,127,13639000,127
2009-06-15,124,128,124,124,2853000,124
2009-06-16,122,122,117,118,2290000,118
2009-06-17,117,122,116,121,1570000,121
2009-06-18,121,122,112,115,2094000,115
2009-06-19,118,118,114,116,1072000,116
2009-06-22,115,126,115,125,3860000,125
2009-06-23,120,123,118,120,5635000,120
2009-06-24,121,123,116,119,3926000,119
2009-06-25,121,126,120,124,4560000,124
2009-06-26,128,128,124,124,3463000,124
2009-06-29,126,128,121,125,3037000,125
2009-06-30,126,127,121,123,2784000,123
2009-07-01,121,125,120,121,2632000,121
2009-07-02,124,125,122,122,1732000,122
2009-07-03,117,120,115,120,1846000,120
2009-07-06,120,121,117,118,1418000,118
2009-07-07,117,118,114,115,1217000,115
2009-07-08,110,112,109,112,1796000,112
2009-07-09,109,112,105,106,2850000,106
2009-07-10,107,109,106,109,2349000,109
2009-07-13,107,108,100,102,1655000,102
2009-07-14,105,107,104,107,1010000,107
2009-07-15,108,109,107,108,631000,108
2009-07-16,111,112,110,110,1071000,110
2009-07-17,111,111,108,109,367000,109
2009-07-21,112,120,112,118,2427000,118
2009-07-22,119,123,118,121,1910000,121
2009-07-23,122,124,122,124,1883000,124
2009-07-24,125,126,122,124,1601000,124
2009-07-27,127,128,123,126,2267000,126
2009-07-28,126,128,126,127,1594000,127
2009-07-29,125,127,124,127,986000,127
2009-07-30,126,126,123,124,570000,124
2009-07-31,127,129,125,129,2007000,129
2009-08-03,130,132,129,132,2734000,132
2009-08-04,133,135,131,132,2387000,132
2009-08-05,132,132,122,124,4329000,124
2009-08-06,122,129,122,127,1757000,127
2009-08-07,128,128,124,127,1070000,127
2009-08-10,129,129,126,127,1298000,127
2009-08-11,127,129,127,129,836000,129
2009-08-12,127,129,126,128,878000,128
2009-08-13,128,130,128,128,1174000,128
2009-08-14,131,138,129,137,6038000,137
2009-08-17,136,137,133,133,2214000,133
2009-08-18,131,132,128,131,1312000,131
2009-08-19,133,139,132,134,2607000,134
2009-08-20,134,136,130,134,2488000,134
2009-08-21,136,139,129,129,4242000,129
2009-08-24,133,135,132,134,1749000,134
2009-08-25,135,136,133,133,2115000,133
2009-08-26,135,135,132,135,826000,135
2009-08-27,135,137,132,134,1458000,134
2009-08-28,136,138,135,138,1622000,138
2009-08-31,137,142,135,135,1622000,135
2009-09-01,136,139,135,139,919000,139
2009-09-02,137,138,136,136,1306000,136
2009-09-03,136,136,133,133,1507000,133
2009-09-04,134,135,131,132,911000,132
2009-09-07,134,136,133,136,775000,136
2009-09-08,134,136,133,135,515000,135
2009-09-09,134,135,133,133,481000,133
2009-09-10,136,138,135,137,1139000,137
2009-09-11,137,137,134,134,3297000,134
2009-09-14,133,135,127,128,1529000,128
2009-09-15,128,130,124,126,1644000,126
2009-09-16,126,131,126,129,910000,129
2009-09-17,131,134,130,133,1393000,133
2009-09-18,133,134,131,134,861000,134
2009-09-24,135,136,134,136,1038000,136
2009-09-25,136,136,129,130,1160000,130
2009-09-28,129,129,125,125,931000,125
2009-09-29,129,129,127,128,598000,128
2009-09-30,127,128,125,126,636000,126
2009-10-01,125,126,121,122,1074000,122
2009-10-02,118,119,114,116,1187000,116
2009-10-05,115,117,115,117,865000,117
2009-10-06,118,119,116,117,823000,117
2009-10-07,118,120,117,119,2393000,119
2009-10-08,120,122,118,119,1202000,119
2009-10-09,120,124,118,122,1808000,122
2009-10-13,124,124,121,122,917000,122
2009-10-14,121,122,119,121,1107000,121
2009-10-15,122,123,120,121,1126000,121
2009-10-16,121,122,119,121,697000,121
2009-10-19,121,122,119,122,572000,122
2009-10-20,124,125,122,124,632000,124
2009-10-21,124,124,122,124,731000,124
2009-10-22,122,124,122,123,309000,123
2009-10-23,124,125,123,124,599000,124
2009-10-26,125,128,124,128,1295000,128
2009-10-27,126,127,124,127,1131000,127
2009-10-28,127,129,124,127,1458000,127
2009-10-29,122,123,120,122,1411000,122
2009-10-30,124,125,122,122,907000,122
2009-11-02,116,121,115,117,1223000,117
2009-11-04,120,130,118,130,2628000,130
2009-11-05,129,130,123,125,2179000,125
2009-11-06,124,128,123,127,1011000,127
2009-11-09,125,126,123,123,549000,123
2009-11-10,124,125,120,120,989000,120
2009-11-11,118,123,118,120,663000,120
2009-11-12,119,120,117,117,641000,117
2009-11-13,116,119,110,114,1710000,114
2009-11-16,113,114,112,114,490000,114
2009-11-17,112,112,102,102,2010000,102
2009-11-18,103,106,102,104,988000,104
2009-11-19,109,109,105,107,1264000,107
2009-11-20,103,108,102,104,1187000,104
2009-11-24,103,105,101,101,846000,101
2009-11-25,103,103,100,101,1015000,101
2009-11-26,100,102,99,100,633000,100
2009-11-27,97,97,94,95,1907000,95
2009-11-30,97,99,96,97,1061000,97
2009-12-01,95,101,95,100,1295000,100
2009-12-02,102,104,100,103,920000,103
2009-12-03,104,110,103,109,1281000,109
2009-12-04,107,108,105,107,916000,107
2009-12-07,110,112,108,109,1156000,109
2009-12-08,104,106,104,105,1277000,105
2009-12-09,103,105,102,104,802000,104
2009-12-10,106,107,100,100,1381000,100
2009-12-11,102,104,100,103,3538000,103
2009-12-14,103,103,101,102,480000,102
2009-12-15,103,104,101,102,646000,102
2009-12-16,102,105,102,105,730000,105
2009-12-17,105,106,103,104,708000,104
2009-12-18,104,105,103,105,623000,105
2009-12-21,105,107,105,107,848000,107
2009-12-22,108,109,105,109,1060000,109
2009-12-24,110,112,109,110,1549000,110
2009-12-25,111,112,108,108,929000,108
2009-12-28,107,109,107,109,977000,109
2009-12-29,109,110,107,110,1048000,110
2009-12-30,111,111,108,110,713000,110
2010-01-04,112,113,111,113,667000,113
2010-01-05,114,117,113,115,1401000,115
2010-01-06,113,114,113,114,455000,114
2010-01-07,115,118,114,116,1600000,116
2010-01-08,117,117,114,114,2079000,114
2010-01-12,115,119,114,117,2056000,117
2010-01-13,115,117,114,114,818000,114
2010-01-14,115,118,115,116,1052000,116
2010-01-15,116,117,115,117,1156000,117
2010-01-18,117,118,115,118,1919000,118
2010-01-19,119,122,118,120,2127000,120
2010-01-20,120,123,117,118,1542000,118
2010-01-21,116,118,115,116,1890000,116
2010-01-22,113,114,110,110,1837000,110
2010-01-25,109,110,107,109,2118000,109
2010-01-26,109,110,106,106,1659000,106
2010-01-27,106,106,103,103,1200000,103
2010-01-28,104,106,103,104,999000,104
2010-01-29,103,104,101,101,835000,101
2010-02-01,100,100,98,99,1512000,99
2010-02-02,100,101,98,99,1489000,99
2010-02-03,101,108,100,107,5564000,107
2010-02-04,106,110,106,106,3518000,106
2010-02-05,101,103,99,100,2775000,100
2010-02-08,100,100,98,99,1829000,99
2010-02-09,98,99,97,99,1855000,99
2010-02-10,100,100,98,98,1393000,98
2010-02-12,99,100,98,99,1353000,99
2010-02-15,97,98,95,96,1850000,96
2010-02-16,95,98,95,97,1456000,97
2010-02-17,97,101,97,100,2641000,100
2010-02-18,100,100,98,98,1716000,98
2010-02-19,98,98,96,96,2535000,96
2010-02-22,96,98,96,97,1478000,97
2010-02-23,97,99,96,99,1588000,99
2010-02-24,97,98,96,96,1018000,96
2010-02-25,98,98,96,97,1415000,97
2010-02-26,96,100,96,99,2130000,99
2010-03-01,100,105,100,104,7172000,104
2010-03-02,104,104,101,101,1808000,101
2010-03-03,102,105,102,104,2687000,104
2010-03-04,104,106,100,102,5956000,102
2010-03-05,103,104,102,103,995000,103
2010-03-08,105,106,103,104,1515000,104
2010-03-09,103,103,101,102,1262000,102
2010-03-10,102,104,102,103,1491000,103
2010-03-11,104,105,102,104,2495000,104
2010-03-12,105,107,104,106,7301000,106
2010-03-15,107,108,106,107,3292000,107
2010-03-16,107,107,105,106,1616000,106
2010-03-17,107,111,106,111,4213000,111
2010-03-18,110,110,107,108,3071000,108
2010-03-19,108,109,107,108,1395000,108
2010-03-23,108,109,107,109,1003000,109
2010-03-24,111,115,109,109,7942000,109
2010-03-25,110,111,109,110,1539000,110
2010-03-26,110,111,109,110,1401000,110
2010-03-29,110,114,110,113,2684000,113
2010-03-30,113,115,113,114,3247000,114
2010-03-31,114,115,113,114,1284000,114
2010-04-01,114,118,113,116,3934000,116
2010-04-02,117,117,115,117,1969000,117
2010-04-05,117,118,116,118,2727000,118
2010-04-06,118,119,116,117,2310000,117
2010-04-07,117,120,116,118,2063000,118
2010-04-08,117,121,116,119,4244000,119
2010-04-09,119,122,119,121,4049000,121
2010-04-12,124,125,123,124,3411000,124
2010-04-13,124,124,120,121,2423000,121
2010-04-14,123,124,120,121,1471000,121
2010-04-15,122,123,121,121,1079000,121
2010-04-16,121,121,115,117,2853000,117
2010-04-19,114,116,113,115,1697000,115
2010-04-20,116,118,116,117,1080000,117
2010-04-21,118,120,117,119,1616000,119
2010-04-22,118,119,116,118,1355000,118
2010-04-23,119,119,117,117,901000,117
2010-04-26,119,121,118,121,3174000,121
2010-04-27,120,122,119,120,2688000,120
2010-04-28,117,120,117,117,3210000,117
2010-04-30,119,120,117,117,1805000,117
2010-05-06,114,114,112,113,2215000,113
2010-05-07,108,110,106,109,2770000,109
2010-05-10,109,114,109,110,2387000,110
2010-05-11,113,113,108,109,2403000,109
2010-05-12,109,110,107,107,1432000,107
2010-05-13,110,110,108,109,1070000,109
2010-05-14,106,110,106,109,1584000,109
2010-05-17,107,108,105,105,1341000,105
2010-05-18,106,107,102,103,1758000,103
2010-05-19,101,102,99,101,2050000,101
2010-05-20,101,101,99,99,1683000,99
2010-05-21,97,99,96,98,1824000,98
2010-05-24,99,100,97,98,966000,98
2010-05-25,99,99,95,95,1149000,95
2010-05-26,97,98,95,96,1854000,96
2010-05-27,96,100,95,98,2660000,98
2010-05-28,100,101,99,99,1384000,99
2010-05-31,99,102,99,101,1272000,101
2010-06-01,102,102,99,99,917000,99
2010-06-02,98,100,97,98,1224000,98
2010-06-03,100,101,99,101,975000,101
2010-06-04,100,101,100,101,449000,101
2010-06-07,98,98,96,97,1381000,97
2010-06-08,95,98,95,96,1464000,96
2010-06-09,96,97,93,94,1733000,94
2010-06-10,95,96,94,96,1226000,96
2010-06-11,97,99,96,97,4409000,97
2010-06-14,98,100,98,99,640000,99
2010-06-15,100,100,99,100,643000,100
2010-06-16,102,103,101,102,1119000,102
2010-06-17,103,104,101,101,754000,101
2010-06-18,102,102,101,101,452000,101
2010-06-21,102,105,102,105,1178000,105
2010-06-22,103,105,103,104,1036000,104
2010-06-23,102,103,101,101,471000,101
2010-06-24,101,102,100,101,618000,101
2010-06-25,101,101,98,98,859000,98
2010-06-28,98,98,96,96,591000,96
2010-06-29,95,98,94,94,972000,94
2010-06-30,93,93,91,92,1576000,92
2010-07-01,92,92,89,89,1163000,89
2010-07-02,90,91,89,89,853000,89
2010-07-05,89,91,89,91,631000,91
2010-07-06,90,92,89,92,1045000,92
2010-07-07,93,94,91,91,1904000,91
2010-07-08,94,95,93,95,952000,95
2010-07-09,96,96,93,94,1325000,94
2010-07-12,95,96,93,93,1217000,93
2010-07-13,94,95,93,93,788000,93
2010-07-14,95,96,94,96,498000,96
2010-07-15,94,95,94,95,293000,95
2010-07-16,94,94,92,92,595000,92
2010-07-20,90,91,90,90,427000,90
2010-07-21,91,92,90,90,449000,90
2010-07-22,90,90,89,90,432000,90
2010-07-23,92,92,89,89,1308000,89
2010-07-26,91,92,90,90,1006000,90
2010-07-27,91,92,90,91,771000,91
2010-07-28,92,94,91,94,855000,94
2010-07-29,93,94,92,93,736000,93
2010-07-30,92,93,90,92,1531000,92
2010-08-02,92,94,91,93,888000,93
2010-08-03,94,95,94,94,539000,94
2010-08-04,94,95,93,94,788000,94
2010-08-05,95,100,95,96,3792000,96
2010-08-06,95,96,93,94,1269000,94
2010-08-09,93,96,93,95,880000,95
2010-08-10,96,97,92,93,1172000,93
2010-08-11,92,92,90,90,627000,90
2010-08-12,89,89,88,88,1403000,88
2010-08-13,89,90,88,89,1476000,89
2010-08-16,89,90,88,89,1027000,89
2010-08-17,88,89,88,88,444000,88
2010-08-18,89,90,89,90,1377000,90
2010-08-19,90,92,90,91,1237000,91
2010-08-20,89,90,88,88,1228000,88
2010-08-23,88,89,85,85,1675000,85
2010-08-24,84,84,79,81,2715000,81
2010-08-25,80,83,80,81,1634000,81
2010-08-26,82,83,81,82,1021000,82
2010-08-27,81,84,81,83,951000,83
2010-08-30,85,87,84,86,1639000,86
2010-08-31,85,85,81,81,1351000,81
2010-09-01,82,85,82,84,1368000,84
2010-09-02,86,86,83,85,853000,85
2010-09-03,85,87,84,87,1273000,87
2010-09-06,87,88,86,87,1212000,87
2010-09-07,87,88,86,86,620000,86
2010-09-08,84,85,83,84,1339000,84
2010-09-09,85,86,84,84,460000,84
2010-09-10,85,87,84,85,2542000,85
2010-09-13,87,92,87,91,4124000,91
2010-09-14,91,91,88,89,1509000,89
2010-09-15,88,93,87,93,2698000,93
2010-09-16,93,93,90,90,1564000,90
2010-09-17,91,93,90,93,1293000,93
2010-09-21,95,96,93,93,1398000,93
2010-09-22,93,93,91,91,995000,91
2010-09-24,90,91,89,90,1497000,90
2010-09-27,92,92,90,92,783000,92
2010-09-28,92,92,91,91,378000,91
2010-09-29,91,93,91,93,1422000,93
2010-09-30,92,92,90,90,869000,90
2010-10-01,91,91,89,89,1073000,89
2010-10-04,90,91,89,90,1133000,90
2010-10-05,88,91,88,90,856000,90
2010-10-06,91,94,90,94,3210000,94
2010-10-07,94,94,90,90,2374000,90
2010-10-08,90,91,88,89,1785000,89
2010-10-12,90,90,88,89,1819000,89
2010-10-13,90,90,88,88,675000,88
2010-10-14,88,89,87,88,1458000,88
2010-10-15,88,88,84,85,1708000,85
2010-10-18,85,86,84,86,515000,86
2010-10-19,86,86,85,85,753000,85
2010-10-20,84,86,83,85,1412000,85
2010-10-21,86,86,84,84,1090000,84
2010-10-22,84,88,84,86,2333000,86
2010-10-25,87,88,86,88,2239000,88
2010-10-26,87,88,86,88,1054000,88
2010-10-27,87,88,86,86,1012000,86
2010-10-28,86,86,84,84,1663000,84
2010-10-29,83,84,82,83,1493000,83
2010-11-01,83,84,82,83,1087000,83
2010-11-02,83,86,83,85,1829000,85
2010-11-04,86,88,85,85,1645000,85
2010-11-05,87,89,87,87,1796000,87
2010-11-08,87,88,87,88,956000,88
2010-11-09,88,89,88,89,1123000,89
2010-11-10,89,90,88,89,1411000,89
2010-11-11,89,90,88,89,1262000,89
2010-11-12,89,90,88,88,1378000,88
2010-11-15,88,89,88,89,568000,89
2010-11-16,90,90,88,89,978000,89
2010-11-17,88,89,88,89,594000,89
2010-11-18,89,92,88,91,2336000,91
2010-11-19,91,92,90,90,1707000,90
2010-11-22,91,93,90,92,1229000,92
2010-11-24,90,91,89,90,2443000,90
2010-11-25,91,93,90,91,1596000,91
2010-11-26,92,93,90,92,1744000,92
2010-11-29,93,97,93,97,5135000,97
2010-11-30,96,97,93,93,3440000,93
2010-12-01,93,96,93,95,2276000,95
2010-12-02,97,98,96,98,2577000,98
2010-12-03,97,98,96,97,1515000,97
2010-12-06,97,98,96,98,1083000,98
2010-12-07,98,100,97,98,2661000,98
2010-12-08,99,106,99,103,5856000,103
2010-12-09,103,105,103,103,3440000,103
2010-12-10,104,105,101,101,4863000,101
2010-12-13,103,106,102,106,2717000,106
2010-12-14,107,108,106,107,4356000,107
2010-12-15,107,108,106,108,2405000,108
2010-12-16,107,108,107,107,1094000,107
2010-12-17,106,107,104,106,2827000,106
2010-12-20,106,107,103,103,1758000,103
2010-12-21,102,103,95,96,10522000,96
2010-12-22,96,99,96,98,5650000,98
2010-12-24,96,97,95,96,1206000,96
2010-12-27,96,97,95,97,1439000,97
2010-12-28,97,97,95,96,1189000,96
2010-12-29,96,97,95,96,1725000,96
2010-12-30,96,97,95,96,1148000,96
2011-01-04,97,98,96,98,1413000,98
2011-01-05,98,98,97,97,1534000,97
2011-01-06,98,102,97,101,6120000,101
2011-01-07,102,105,101,104,5061000,104
2011-01-11,104,106,103,105,2211000,105
2011-01-12,105,105,102,104,2440000,104
2011-01-13,105,105,102,103,2446000,103
2011-01-14,102,103,102,103,1441000,103
2011-01-17,104,104,102,103,2220000,103
2011-01-18,104,107,103,107,4982000,107
2011-01-19,107,107,102,104,2654000,104
2011-01-20,104,104,102,102,2126000,102
2011-01-21,102,103,98,98,3907000,98
2011-01-24,98,101,98,101,1393000,101
2011-01-25,102,103,100,103,1379000,103
2011-01-26,102,103,101,102,1256000,102
2011-01-27,102,103,101,103,1139000,103
2011-01-28,103,103,100,101,1389000,101
2011-01-31,99,101,98,100,632000,100
2011-02-01,101,101,100,101,1316000,101
2011-02-02,102,103,102,102,1095000,102
2011-02-03,102,104,98,99,2835000,99
2011-02-04,100,101,99,99,2300000,99
2011-02-07,101,103,100,101,1754000,101
2011-02-08,103,103,101,101,1174000,101
2011-02-09,101,102,100,101,1037000,101
2011-02-10,100,101,100,100,1046000,100
2011-02-14,100,101,99,99,2024000,99
2011-02-15,99,100,99,99,886000,99
2011-02-16,99,100,98,100,2117000,100
2011-02-17,100,100,99,99,1778000,99
2011-02-18,99,100,98,99,1677000,99
2011-02-21,99,100,99,99,893000,99
2011-02-22,99,99,97,97,1540000,97
2011-02-23,97,98,96,96,1848000,96
2011-02-24,96,96,95,95,823000,95
2011-02-25,96,97,95,95,1025000,95
2011-02-28,96,97,95,97,1199000,97
2011-03-01,98,99,97,98,1290000,98
2011-03-02,97,97,95,95,711000,95
2011-03-03,95,97,95,96,687000,96
2011-03-04,98,99,97,98,1490000,98
2011-03-07,98,98,96,96,1452000,96
2011-03-08,96,98,95,96,1673000,96
2011-03-09,98,98,96,96,726000,96
2011-03-10,96,97,95,95,920000,95
2011-03-11,94,95,92,92,4407000,92
2011-03-14,80,84,78,78,4090000,78
2011-03-15,77,78,59,62,6031000,62
2011-03-16,65,70,64,67,5846000,67
2011-03-17,65,73,63,71,4736000,71
2011-03-18,72,78,72,77,4242000,77
2011-03-22,82,84,81,82,3557000,82
2011-03-23,82,82,80,80,2744000,80
2011-03-24,81,87,79,86,6818000,86
2011-03-25,88,88,82,83,4670000,83
2011-03-28,83,85,82,83,2209000,83
2011-03-29,82,83,80,83,2168000,83
2011-03-30,84,88,84,86,3267000,86
2011-03-31,87,88,85,86,2705000,86
2011-04-01,86,87,84,84,1882000,84
2011-04-04,85,86,84,84,1207000,84
2011-04-05,85,85,82,82,1593000,82
2011-04-06,82,82,80,81,1044000,81
2011-04-07,82,83,80,81,1182000,81
2011-04-08,81,83,80,82,2491000,82
2011-04-11,87,104,87,99,70929000,99
2011-04-12,97,98,93,95,22261000,95
2011-04-13,93,96,92,93,9922000,93
2011-04-14,95,101,94,99,23071000,99
2011-04-15,98,100,93,94,14668000,94
2011-04-18,95,96,93,93,3030000,93
2011-04-19,93,94,91,91,2586000,91
2011-04-20,93,93,91,91,2188000,91
2011-04-21,92,93,88,89,3825000,89
2011-04-22,89,91,88,90,1414000,90
2011-04-25,91,92,89,90,1377000,90
2011-04-26,90,90,88,89,760000,89
2011-04-27,90,91,89,90,765000,90
2011-04-28,90,91,89,90,1668000,90
2011-05-02,93,95,91,92,5227000,92
2011-05-06,91,93,91,92,1357000,92
2011-05-09,94,94,92,92,1010000,92
2011-05-10,92,94,91,93,1287000,93
2011-05-11,93,94,92,93,1212000,93
2011-05-12,91,93,90,90,1873000,90
2011-05-13,90,91,88,88,1778000,88
2011-05-16,87,87,85,85,1931000,85
2011-05-17,85,87,85,86,1342000,86
2011-05-18,86,88,86,87,513000,87
2011-05-19,87,88,85,85,1239000,85
2011-05-20,85,85,84,84,869000,84
2011-05-23,84,84,81,82,1494000,82
2011-05-24,82,86,82,86,1894000,86
2011-05-25,86,86,83,83,948000,83
2011-05-26,83,84,82,83,1772000,83
2011-05-27,83,84,82,83,855000,83
2011-05-30,83,84,83,83,345000,83
2011-05-31,83,85,83,85,619000,85
2011-06-01,85,85,83,84,879000,84
2011-06-02,82,85,81,82,3252000,82
2011-06-03,82,83,80,80,1553000,80
2011-06-06,80,80,77,77,1310000,77
2011-06-07,77,80,76,78,1907000,78
2011-06-08,78,79,77,77,890000,77
2011-06-09,77,78,76,78,1447000,78
2011-06-10,78,80,78,78,2803000,78
2011-06-13,77,78,77,77,568000,77
2011-06-14,77,79,77,79,955000,79
2011-06-15,78,79,77,77,538000,77
2011-06-16,77,78,76,76,998000,76
2011-06-17,76,77,75,75,1022000,75
2011-06-20,75,76,74,75,966000,75
2011-06-21,75,77,75,77,751000,77
2011-06-22,77,79,77,79,892000,79
2011-06-23,78,79,77,78,918000,78
2011-06-24,78,79,77,79,743000,79
2011-06-27,80,80,78,80,674000,80
2011-06-28,80,82,79,80,1625000,80
2011-06-29,81,82,80,82,1121000,82
2011-06-30,82,83,81,82,1377000,82
2011-07-01,82,83,81,82,1752000,82
2011-07-04,83,84,82,82,1002000,82
2011-07-05,82,83,82,83,376000,83
2011-07-06,82,83,82,82,279000,82
2011-07-07,82,83,82,83,616000,83
2011-07-08,84,84,83,84,1014000,84
2011-07-11,84,84,83,83,1024000,83
2011-07-12,82,83,81,81,1332000,81
2011-07-13,80,82,80,82,1111000,82
2011-07-14,81,82,80,80,1097000,80
2011-07-15,80,81,80,81,551000,81
2011-07-19,80,82,80,80,442000,80
2011-07-20,81,82,80,82,801000,82
2011-07-21,82,82,80,82,1025000,82
2011-07-22,82,82,81,81,726000,81
2011-07-25,82,82,81,81,658000,81
2011-07-26,81,82,81,82,501000,82
2011-07-27,81,82,80,81,1078000,81
2011-07-28,80,80,79,79,921000,79
2011-07-29,79,80,78,78,515000,78
2011-08-01,79,82,79,82,1299000,82
2011-08-02,80,81,79,79,618000,79
2011-08-03,79,79,77,78,983000,78
2011-08-04,78,80,77,78,1132000,78
2011-08-05,75,77,74,74,2935000,74
2011-08-08,74,76,74,74,1732000,74
2011-08-09,72,75,68,74,2654000,74
2011-08-10,76,77,74,75,1177000,75
2011-08-11,73,75,72,74,915000,74
2011-08-12,74,75,72,72,1420000,72
2011-08-15,73,75,73,75,920000,75
2011-08-16,75,76,74,75,1009000,75
2011-08-17,75,75,73,75,1263000,75
2011-08-18,74,75,72,73,982000,73
2011-08-19,72,72,71,72,794000,72
2011-08-22,70,72,70,70,1387000,70
2011-08-23,71,74,70,73,1204000,73
2011-08-24,74,74,72,72,948000,72
2011-08-25,74,74,72,74,651000,74
2011-08-26,73,74,72,74,628000,74
2011-08-29,73,76,72,76,1237000,76
2011-08-30,77,80,77,78,2534000,78
2011-08-31,78,80,77,78,1646000,78
2011-09-01,79,80,78,78,1099000,78
2011-09-02,78,79,77,78,715000,78
2011-09-05,77,78,76,77,914000,77
2011-09-06,77,77,75,75,1240000,75
2011-09-07,76,76,75,76,835000,76
2011-09-08,77,77,75,76,793000,76
2011-09-09,76,79,75,76,3478000,76
2011-09-12,74,76,74,74,852000,74
2011-09-13,74,75,72,74,751000,74
2011-09-14,74,76,73,73,553000,73
2011-09-15,74,75,74,75,373000,75
2011-09-16,76,77,75,77,798000,77
2011-09-20,75,76,74,74,513000,74
2011-09-21,75,76,75,75,306000,75
2011-09-22,74,74,72,73,1080000,73
2011-09-26,74,74,69,70,1192000,70
2011-09-27,72,73,71,73,693000,73
2011-09-28,74,76,74,76,744000,76
2011-09-29,75,77,74,76,819000,76
2011-09-30,76,77,76,76,479000,76
2011-10-03,74,75,73,75,992000,75
2011-10-04,73,74,72,73,1159000,73
2011-10-05,73,74,70,71,1261000,71
2011-10-06,71,73,71,73,747000,73
2011-10-07,73,74,72,74,731000,74
2011-10-11,76,76,74,75,885000,75
2011-10-12,74,75,73,74,532000,74
2011-10-13,75,76,75,76,730000,76
2011-10-14,75,75,73,74,1214000,74
2011-10-17,74,75,74,75,580000,75
2011-10-18,74,77,74,75,1407000,75
2011-10-19,76,76,74,75,630000,75
2011-10-20,75,75,74,74,544000,74
2011-10-21,74,74,73,73,421000,73
2011-10-24,73,75,73,75,698000,75
2011-10-25,75,76,74,74,657000,74
2011-10-26,73,75,73,75,474000,75
2011-10-27,74,76,73,76,819000,76
2011-10-28,76,77,76,76,795000,76
2011-10-31,75,77,75,77,603000,77
2011-11-01,76,76,75,75,507000,75
2011-11-02,75,75,74,74,552000,74
2011-11-04,74,75,72,73,1220000,73
2011-11-07,73,73,71,72,755000,72
2011-11-08,71,72,70,70,748000,70
2011-11-09,70,70,68,69,1046000,69
2011-11-10,67,67,66,66,849000,66
2011-11-11,66,68,65,67,1540000,67
2011-11-14,69,69,67,67,510000,67
2011-11-15,66,67,66,66,865000,66
2011-11-16,67,67,65,65,449000,65
2011-11-17,65,66,64,66,1122000,66
2011-11-18,64,65,64,65,783000,65
2011-11-21,65,65,63,64,363000,64
2011-11-22,62,63,61,62,969000,62
2011-11-24,62,62,60,62,1002000,62
2011-11-25,61,62,60,61,891000,61
2011-11-28,62,64,62,64,1174000,64
2011-11-29,64,65,63,65,951000,65
2011-11-30,65,65,63,63,716000,63
2011-12-01,66,70,66,68,2273000,68
2011-12-02,68,68,67,67,697000,67
2011-12-05,68,70,68,69,571000,69
2011-12-06,69,70,67,67,1195000,67
2011-12-07,68,70,67,70,702000,70
2011-12-08,70,70,68,69,878000,69
2011-12-09,67,68,66,67,3928000,67
2011-12-12,68,69,68,68,827000,68
2011-12-13,67,68,67,67,456000,67
2011-12-14,68,69,67,68,1612000,68
2011-12-15,67,67,66,66,657000,66
2011-12-16,66,67,65,65,1083000,65
2011-12-19,65,65,63,63,1091000,63
2011-12-20,63,65,63,63,619000,63
2011-12-21,65,65,63,63,845000,63
2011-12-22,63,64,62,63,851000,63
2011-12-26,64,65,63,65,837000,65
2011-12-27,65,65,63,63,436000,63
2011-12-28,63,64,63,63,771000,63
2011-12-29,63,64,62,64,498000,64
2011-12-30,63,64,63,63,461000,63
2012-01-04,64,65,64,65,290000,65
2012-01-05,65,65,64,64,289000,64
2012-01-06,64,65,63,64,615000,64
2012-01-10,64,65,63,64,630000,64
2012-01-11,64,68,64,65,2387000,65
2012-01-12,66,67,66,66,634000,66
2012-01-13,67,68,66,67,1937000,67
2012-01-16,66,66,65,65,744000,65
2012-01-17,65,69,65,68,1886000,68
2012-01-18,69,74,69,70,5197000,70
2012-01-19,70,71,70,70,1028000,70
2012-01-20,71,72,70,70,1041000,70
2012-01-23,71,72,70,71,1653000,71
2012-01-24,73,73,71,71,895000,71
2012-01-25,73,75,72,74,2180000,74
2012-01-26,74,75,72,72,1480000,72
2012-01-27,72,72,71,72,1352000,72
2012-01-30,71,72,70,70,910000,70
2012-01-31,71,72,70,72,734000,72
2012-02-01,71,73,71,72,845000,72
2012-02-02,72,73,71,73,902000,73
2012-02-03,73,73,72,73,927000,73
2012-02-06,73,74,72,73,934000,73
2012-02-07,72,72,71,72,671000,72
2012-02-08,72,73,71,72,731000,72
2012-02-09,73,74,72,73,1448000,73
2012-02-10,74,76,73,73,3501000,73
2012-02-13,72,73,71,72,910000,72
2012-02-14,72,73,71,72,1325000,72
2012-02-15,73,75,72,74,1879000,74
2012-02-16,73,75,73,74,1292000,74
2012-02-17,75,75,74,74,1151000,74
2012-02-20,74,75,74,75,1004000,75
2012-02-21,75,76,74,75,921000,75
2012-02-22,77,80,75,79,3767000,79
2012-02-23,78,79,77,79,1881000,79
2012-02-24,86,89,83,84,10033000,84
2012-02-27,85,85,83,84,2409000,84
2012-02-28,83,83,80,82,2280000,82
2012-02-29,83,84,81,81,1397000,81
2012-03-01,80,82,77,78,2745000,78
2012-03-02,78,80,78,80,938000,80
2012-03-05,80,81,78,79,586000,79
2012-03-06,79,79,78,78,791000,78
2012-03-07,77,78,77,78,693000,78
2012-03-08,79,80,78,80,829000,80
2012-03-09,81,81,80,80,4111000,80
2012-03-12,81,81,80,80,1151000,80
2012-03-13,80,81,79,79,572000,79
2012-03-14,81,83,81,81,1919000,81
2012-03-15,82,83,81,82,993000,82
2012-03-16,82,83,81,82,1153000,82
2012-03-19,82,83,81,82,885000,82
2012-03-21,81,82,81,81,780000,81
2012-03-22,81,81,80,81,1069000,81
2012-03-23,80,80,78,80,1697000,80
2012-03-26,80,80,79,79,810000,79
2012-03-27,80,81,79,81,1186000,81
2012-03-28,80,81,79,81,958000,81
2012-03-29,81,81,80,81,722000,81
2012-03-30,80,80,79,80,732000,80
2012-04-02,80,81,79,80,902000,80
2012-04-03,80,80,79,79,1130000,79
2012-04-04,80,80,76,76,1216000,76
2012-04-05,75,77,75,76,1061000,76
2012-04-06,77,77,76,77,561000,77
2012-04-09,77,77,75,75,749000,75
2012-04-10,76,77,75,75,493000,75
2012-04-11,74,75,73,75,1498000,75
2012-04-12,75,76,73,75,1444000,75
2012-04-13,76,76,75,75,2073000,75
2012-04-16,74,75,73,73,925000,73
2012-04-17,74,75,73,74,1341000,74
2012-04-18,75,76,74,76,936000,76
2012-04-19,75,76,74,76,1285000,76
2012-04-20,76,76,74,74,478000,74
2012-04-23,75,75,74,74,771000,74
2012-04-24,74,74,73,73,592000,73
2012-04-25,74,74,73,73,767000,73
2012-04-26,74,74,73,74,575000,74
2012-04-27,75,79,75,76,3664000,76
2012-05-01,75,75,74,75,901000,75
2012-05-02,75,75,74,75,491000,75
2012-05-07,73,74,71,71,1066000,71
2012-05-08,72,73,71,73,1355000,73
2012-05-09,73,73,70,70,1183000,70
2012-05-10,71,73,70,72,1021000,72
2012-05-11,73,73,69,69,1511000,69
2012-05-14,69,69,67,67,1026000,67
2012-05-15,66,66,64,66,1131000,66
2012-05-16,66,67,63,65,1615000,65
2012-05-17,64,66,63,66,1931000,66
2012-05-18,64,64,61,62,1765000,62
2012-05-21,63,65,63,65,567000,65
2012-05-22,66,67,65,66,803000,66
2012-05-23,66,66,63,63,843000,63
2012-05-24,64,65,63,64,1041000,64
2012-05-25,65,65,64,64,641000,64
2012-05-28,69,71,66,66,2618000,66
2012-05-29,66,67,64,66,1424000,66
2012-05-30,67,67,65,67,786000,67
2012-05-31,66,66,65,65,556000,65
2012-06-01,65,65,63,63,725000,63
2012-06-04,62,63,61,63,1484000,63
2012-06-05,63,65,62,64,843000,64
2012-06-06,64,67,64,66,1181000,66
2012-06-07,67,68,66,68,641000,68
2012-06-08,67,68,64,64,2994000,64
2012-06-11,66,67,65,67,862000,67
2012-06-12,65,67,65,66,1231000,66
2012-06-13,67,68,66,68,624000,68
2012-06-14,67,68,66,67,1155000,67
2012-06-15,67,67,65,66,845000,66
2012-06-18,68,68,67,67,552000,67
2012-06-19,66,68,66,67,372000,67
2012-06-20,67,68,67,67,979000,67
2012-06-21,68,69,67,67,747000,67
2012-06-22,66,68,66,68,815000,68
2012-06-25,69,69,67,67,866000,67
2012-06-26,67,67,66,67,378000,67
2012-06-27,67,68,66,68,888000,68
2012-06-28,68,70,67,69,1312000,69
2012-06-29,68,71,68,71,978000,71
2012-07-02,72,72,71,71,619000,71
2012-07-03,72,74,71,73,1576000,73
2012-07-04,74,75,73,74,615000,74
2012-07-05,74,75,73,73,682000,73
2012-07-06,73,73,72,72,440000,72
2012-07-09,72,72,71,71,387000,71
2012-07-10,72,72,71,71,451000,71
2012-07-11,71,71,70,71,772000,71
2012-07-12,70,70,69,69,308000,69
2012-07-13,69,70,69,70,826000,70
2012-07-17,70,70,68,69,407000,69
2012-07-18,69,69,66,66,513000,66
2012-07-19,67,68,67,68,380000,68
2012-07-20,67,68,66,66,509000,66
2012-07-23,65,66,62,62,939000,62
2012-07-24,62,63,61,63,540000,63
2012-07-25,63,63,61,61,790000,61
2012-07-26,62,64,61,63,1273000,63
2012-07-27,65,66,63,64,727000,64
2012-07-30,65,66,64,64,369000,64
2012-07-31,64,66,64,65,293000,65
2012-08-01,64,65,64,65,222000,65
2012-08-02,65,67,64,65,795000,65
2012-08-03,65,65,64,64,597000,64
2012-08-06,65,67,63,64,908000,64
2012-08-07,65,65,64,64,488000,64
2012-08-08,65,67,64,67,692000,67
2012-08-09,66,69,66,69,1752000,69
2012-08-10,69,71,68,69,1675000,69
2012-08-13,69,70,68,68,743000,68
2012-08-14,69,71,69,70,1132000,70
2012-08-15,71,72,70,71,951000,71
2012-08-16,70,72,70,72,728000,72
2012-08-17,72,72,71,72,741000,72
2012-08-20,73,73,72,73,480000,73
2012-08-21,72,73,71,72,622000,72
2012-08-22,72,73,71,72,728000,72
2012-08-23,71,71,70,70,935000,70
2012-08-24,70,71,70,71,680000,71
2012-08-27,72,73,71,71,751000,71
2012-08-28,70,71,69,69,825000,69
2012-08-29,70,72,69,71,892000,71
2012-08-30,71,71,70,70,521000,70
2012-08-31,70,72,69,71,803000,71
2012-09-03,71,73,70,71,2244000,71
2012-09-04,71,72,70,71,986000,71
2012-09-05,72,72,70,70,826000,70
2012-09-06,70,71,69,69,879000,69
2012-09-07,71,72,70,71,1305000,71
2012-09-10,68,71,68,69,1149000,69
2012-09-11,69,70,68,69,574000,69
2012-09-12,70,70,69,69,547000,69
2012-09-13,70,70,68,69,644000,69
2012-09-14,69,73,69,73,3319000,73
2012-09-18,74,74,73,73,1007000,73
2012-09-19,74,75,73,75,1467000,75
2012-09-20,75,75,73,73,1358000,73
2012-09-21,73,73,72,72,494000,72
2012-09-24,71,72,69,70,961000,70
2012-09-25,70,72,69,71,803000,71
2012-09-26,70,71,69,70,336000,70
2012-09-27,71,74,70,73,1185000,73
2012-09-28,72,73,70,72,1166000,72
2012-10-01,71,72,70,70,902000,70
2012-10-02,70,71,70,70,478000,70
2012-10-03,70,71,69,69,689000,69
2012-10-04,69,70,68,69,693000,69
2012-10-05,71,71,69,70,657000,70
2012-10-09,69,70,68,68,454000,68
2012-10-10,68,69,67,67,596000,67
2012-10-11,68,68,67,67,554000,67
2012-10-12,68,68,66,67,1155000,67
2012-10-15,67,68,66,68,577000,68
2012-10-16,68,69,67,68,332000,68
2012-10-17,69,70,68,70,497000,70
2012-10-18,70,71,69,71,737000,71
2012-10-19,70,72,70,72,412000,72
2012-10-22,70,72,70,72,440000,72
2012-10-23,72,72,71,72,504000,72
2012-10-24,71,73,71,72,821000,72
2012-10-25,73,73,72,73,551000,73
2012-10-26,72,73,71,71,418000,71
2012-10-29,71,72,71,72,362000,72
2012-10-30,71,73,71,71,359000,71
2012-10-31,73,73,71,71,574000,71
2012-11-01,71,72,71,71,240000,71
2012-11-02,72,73,71,72,679000,72
2012-11-05,71,73,71,72,508000,72
2012-11-06,72,73,71,72,360000,72
2012-11-07,73,73,69,71,1335000,71
2012-11-08,70,70,68,69,629000,69
2012-11-09,68,68,67,67,1065000,67
2012-11-12,67,67,66,66,710000,66
2012-11-13,65,66,65,65,600000,65
2012-11-14,65,67,64,65,695000,65
2012-11-15,66,68,66,67,1110000,67
2012-11-16,67,69,67,69,560000,69
2012-11-19,69,70,69,70,778000,70
2012-11-20,70,71,69,69,754000,69
2012-11-21,69,70,69,70,1223000,70
2012-11-22,70,71,69,71,796000,71
2012-11-26,72,73,71,72,1382000,72
2012-11-27,72,73,71,72,1008000,72
2012-11-28,72,72,70,70,766000,70
2012-11-29,71,72,71,72,744000,72
2012-11-30,72,72,71,71,624000,71
2012-12-03,72,73,71,72,609000,72
2012-12-04,73,73,72,73,648000,73
2012-12-05,72,72,71,72,987000,72
2012-12-06,72,73,71,72,817000,72
2012-12-07,72,73,72,72,500000,72
2012-12-10,73,76,72,76,5602000,76
2012-12-11,75,75,71,73,2922000,73
2012-12-12,73,74,72,74,1166000,74
2012-12-13,74,75,73,75,1205000,75
2012-12-14,75,76,74,75,4307000,75
2012-12-17,77,77,76,76,2076000,76
2012-12-18,77,79,76,78,2407000,78
2012-12-19,80,81,79,81,2304000,81
2012-12-20,79,81,79,79,1999000,79
2012-12-21,80,81,79,79,2324000,79
2012-12-25,81,83,81,82,2217000,82
2012-12-26,83,84,82,84,1514000,84
2012-12-27,84,87,84,86,3072000,86
2012-12-28,87,88,87,87,2107000,87
2013-01-04,90,93,89,92,2811000,92
2013-01-07,93,94,92,94,2070000,94
2013-01-08,92,93,89,90,2441000,90
2013-01-09,89,94,88,93,2702000,93
2013-01-10,94,95,94,95,1882000,95
2013-01-11,96,98,96,98,2967000,98
2013-01-15,100,101,98,98,2380000,98
2013-01-16,97,98,93,94,3538000,94
2013-01-17,94,94,89,92,2866000,92
2013-01-18,95,96,94,96,2196000,96
2013-01-21,96,96,93,93,1596000,93
2013-01-22,94,97,93,96,2204000,96
2013-01-23,95,95,92,92,1904000,92
2013-01-24,91,94,91,94,1371000,94
2013-01-25,95,96,94,95,1331000,95
2013-01-28,95,96,93,93,1396000,93
2013-01-29,93,95,93,94,819000,94
2013-01-30,94,97,94,97,1613000,97
2013-01-31,97,97,96,97,1368000,97
2013-02-01,98,98,96,98,1470000,98
2013-02-04,98,103,97,102,3987000,102
2013-02-05,100,111,99,106,9156000,106
2013-02-06,108,111,106,108,5512000,108
2013-02-07,106,107,103,105,3378000,105
2013-02-08,103,104,101,102,3561000,102
2013-02-12,105,106,103,103,2320000,103
2013-02-13,102,102,99,99,2031000,99
2013-02-14,99,100,98,100,1362000,100
2013-02-15,99,99,94,95,2005000,95
2013-02-18,98,101,97,101,1704000,101
2013-02-19,103,103,99,99,2074000,99
2013-02-20,101,103,100,103,2132000,103
2013-02-21,101,102,99,99,894000,99
2013-02-22,99,100,97,100,1439000,100
2013-02-25,102,103,102,103,1199000,103
2013-02-26,100,104,100,103,1783000,103
2013-02-27,104,104,102,103,1252000,103
2013-02-28,104,109,104,107,4129000,107
2013-03-01,106,107,105,106,923000,106
2013-03-04,108,108,105,105,1141000,105
2013-03-05,108,108,105,106,1076000,106
2013-03-06,107,108,105,105,1319000,105
2013-03-07,106,107,104,104,1639000,104
2013-03-08,106,106,104,105,5327000,105
2013-03-11,104,107,103,106,2681000,106
2013-03-12,107,107,103,104,1444000,104
2013-03-13,104,105,103,103,828000,103
2013-03-14,104,105,103,104,943000,104
2013-03-15,105,106,104,104,1936000,104
2013-03-18,101,102,99,101,3265000,101
2013-03-19,102,104,102,103,1374000,103
2013-03-21,103,104,102,103,1055000,103
2013-03-22,101,103,101,101,1061000,101
2013-03-25,107,128,106,123,110560000,123
2013-03-26,123,125,114,116,33127000,116
2013-03-27,115,116,108,110,10603000,110
2013-03-28,111,113,107,107,8404000,107
2013-03-29,108,111,108,109,5635000,109
2013-04-01,109,110,103,103,4426000,103
2013-04-02,103,104,100,103,3385000,103
2013-04-03,105,106,104,106,2851000,106
2013-04-04,104,106,101,105,3616000,105
2013-04-05,107,109,103,103,5151000,103
2013-04-08,105,109,105,107,3179000,107
2013-04-09,110,113,109,111,5987000,111
2013-04-10,113,115,113,114,4234000,114
2013-04-11,117,121,116,121,8988000,121
2013-04-12,121,121,116,119,5419000,119
2013-04-15,115,118,115,117,2259000,117
2013-04-16,113,115,113,114,2671000,114
2013-04-17,117,118,116,116,1893000,116
2013-04-18,116,116,114,115,1666000,115
2013-04-19,115,116,113,115,1910000,115
2013-04-22,119,122,118,119,3583000,119
2013-04-23,119,120,118,118,2107000,118
2013-04-24,120,121,119,121,2438000,121
2013-04-25,121,125,121,124,4076000,124
2013-04-26,125,125,122,123,3577000,123
2013-04-30,125,127,123,125,3775000,125
2013-05-01,126,126,124,124,2124000,124
2013-05-02,123,124,122,123,1710000,123
2013-05-07,127,129,126,128,2618000,128
2013-05-08,128,147,128,143,10777000,143
2013-05-09,146,146,133,134,7020000,134
2013-05-10,142,142,135,136,5171000,136
2013-05-13,133,137,132,135,3203000,135
2013-05-14,135,136,131,132,1727000,132
2013-05-15,134,135,130,131,2391000,131
2013-05-16,128,129,120,125,2732000,125
2013-05-17,125,133,125,133,1987000,133
2013-05-20,134,136,133,133,2292000,133
2013-05-21,133,151,133,148,12045000,148
2013-05-22,145,197,145,166,41271000,166
2013-05-23,160,165,145,145,11259000,145
2013-05-24,150,155,143,151,7391000,151
2013-05-27,146,148,141,142,2962000,142
2013-05-28,140,147,140,147,3054000,147
2013-05-29,150,155,147,154,4536000,154
2013-05-30,150,155,147,151,7786000,151
2013-05-31,152,159,150,159,5967000,159
2013-06-03,156,156,149,152,5957000,152
2013-06-04,148,155,145,153,4212000,153
2013-06-05,154,163,149,150,4763000,150
2013-06-06,149,156,148,148,4504000,148
2013-06-07,144,149,139,147,4804000,147
2013-06-10,151,158,151,158,3357000,158
2013-06-11,155,159,153,156,3103000,156
2013-06-12,153,158,150,157,1943000,157
2013-06-13,155,155,148,149,2876000,149
2013-06-14,151,155,146,147,4640000,147
2013-06-17,147,156,146,156,2462000,156
2013-06-18,157,162,156,158,2942000,158
2013-06-19,160,167,158,166,3848000,166
2013-06-20,170,179,168,175,16470000,175
2013-06-21,170,187,165,184,11478000,184
2013-06-24,183,184,175,177,3745000,177
2013-06-25,178,179,166,170,3513000,170
2013-06-26,174,174,161,161,2370000,161
2013-06-27,162,168,159,168,2678000,168
2013-06-28,173,175,168,168,3315000,168
2013-07-01,168,179,168,178,3095000,178
2013-07-02,181,182,176,180,2388000,180
2013-07-03,181,182,175,180,3181000,180
2013-07-04,179,179,177,179,722000,179
2013-07-05,180,191,177,191,6494000,191
2013-07-08,193,195,184,187,3763000,187
2013-07-09,190,197,189,196,5731000,196
2013-07-10,196,199,188,190,4055000,190
2013-07-11,184,192,184,191,2571000,191
2013-07-12,192,194,190,191,2026000,191
2013-07-16,195,195,191,191,2017000,191
2013-07-17,192,194,190,192,2109000,192
2013-07-18,190,191,188,190,2252000,190
2013-07-19,190,192,179,183,4261000,183
2013-07-22,183,189,181,189,3197000,189
2013-07-23,186,189,186,188,1878000,188
2013-07-24,186,186,182,184,904000,184
2013-07-25,187,204,186,197,10928000,197
2013-07-26,193,195,190,192,3849000,192
2013-07-29,185,190,181,181,3532000,181
2013-07-30,182,196,182,195,2874000,195
2013-07-31,195,197,191,196,2371000,196
2013-08-01,196,207,195,207,6107000,207
2013-08-02,207,209,201,206,4895000,206
2013-08-05,209,215,205,206,8341000,206
2013-08-06,202,205,195,204,3374000,204
2013-08-07,201,203,197,197,2048000,197
2013-08-08,197,204,196,196,2184000,196
2013-08-09,197,203,197,200,1849000,200
2013-08-12,198,203,196,200,1961000,200
2013-08-13,203,208,202,208,2558000,208
2013-08-14,209,211,202,206,2910000,206
2013-08-15,202,206,201,201,1697000,201
2013-08-16,200,204,200,202,1291000,202
2013-08-19,202,204,200,204,1044000,204
2013-08-20,204,204,198,198,1235000,198
2013-08-21,200,200,196,198,1312000,198
2013-08-22,196,196,192,196,1204000,196
2013-08-23,201,206,200,205,3418000,205
2013-08-26,205,206,202,205,1170000,205
2013-08-27,203,206,202,203,1349000,203
2013-08-28,197,201,196,199,1806000,199
2013-08-29,199,205,198,205,2149000,205
2013-08-30,205,206,200,201,2216000,201
2013-09-02,202,207,202,207,1926000,207
2013-09-03,209,210,207,208,2092000,208
2013-09-04,206,210,203,210,2132000,210
2013-09-05,210,210,203,207,2308000,207
2013-09-06,205,205,201,202,1661000,202
2013-09-09,209,225,206,224,6836000,224
2013-09-10,224,231,223,230,3901000,230
2013-09-11,229,231,223,223,2403000,223
2013-09-12,225,227,223,226,1039000,226
2013-09-13,224,226,221,224,3070000,224
2013-09-17,227,240,227,236,2996000,236
2013-09-18,240,240,230,232,2132000,232
2013-09-19,238,255,235,247,11377000,247
2013-09-20,253,262,247,250,5814000,250
2013-09-24,250,265,250,252,12621000,252
2013-09-25,253,256,237,237,6902000,237
2013-09-26,222,238,222,236,7238000,236
2013-09-27,237,237,224,226,6488000,226
2013-09-30,224,227,221,223,4163000,223
2013-10-01,225,236,222,232,8442000,232
2013-10-02,228,232,221,222,4251000,222
2013-10-03,223,226,220,224,3194000,224
2013-10-04,223,223,215,216,2937000,216
2013-10-07,215,216,206,207,3315000,207
2013-10-08,205,215,204,213,2151000,213
2013-10-09,210,219,209,218,1963000,218
2013-10-10,218,218,212,214,2313000,214
2013-10-11,217,220,215,217,3147000,217
2013-10-15,219,220,217,218,1617000,218
2013-10-16,217,219,216,217,1277000,217
2013-10-17,220,220,209,211,3834000,211
2013-10-18,213,217,210,213,1921000,213
2013-10-21,213,216,213,216,1073000,216
2013-10-22,214,218,212,216,1979000,216
2013-10-23,217,220,211,212,2447000,212
2013-10-24,211,211,205,210,2536000,210
2013-10-25,209,209,203,203,2451000,203
2013-10-28,204,204,197,200,3736000,200
2013-10-29,196,207,196,205,4806000,205
2013-10-30,206,209,204,205,3343000,205
2013-10-31,204,207,202,204,2068000,204
2013-11-01,204,205,196,199,3584000,199
2013-11-05,199,200,195,198,1815000,198
2013-11-06,196,203,195,202,1454000,202
2013-11-07,201,202,197,199,1689000,199
2013-11-08,196,198,195,196,1897000,196
2013-11-11,197,209,196,202,4776000,202
2013-11-12,202,210,202,206,3415000,206
2013-11-13,205,207,201,203,2026000,203
2013-11-14,205,207,202,205,2584000,205
2013-11-15,207,208,206,208,1809000,208
2013-11-18,210,216,209,216,3524000,216
2013-11-19,216,218,212,212,2179000,212
2013-11-20,215,215,210,211,1374000,211
2013-11-21,212,213,210,212,1974000,212
2013-11-22,213,213,207,208,2031000,208
2013-11-25,211,213,210,212,2011000,212
2013-11-26,211,213,209,213,1266000,213
2013-11-27,210,212,208,209,1760000,209
2013-11-28,210,212,209,212,1869000,212
2013-11-29,210,211,207,209,1266000,209
2013-12-02,209,210,207,209,1005000,209
2013-12-03,209,209,208,209,1057000,209
2013-12-04,206,207,202,204,1361000,204
2013-12-05,203,206,199,199,1456000,199
2013-12-06,197,202,196,201,1694000,201
2013-12-09,205,206,204,206,1490000,206
2013-12-10,205,205,200,201,2028000,201
2013-12-11,200,201,197,199,1854000,199
2013-12-12,198,200,198,198,1386000,198
2013-12-13,197,201,197,198,4030000,198
2013-12-16,198,199,196,197,1910000,197
2013-12-17,199,199,196,198,1352000,198
2013-12-18,196,200,196,200,1785000,200
2013-12-19,200,202,196,198,2733000,198
2013-12-20,197,199,196,196,1692000,196
2013-12-24,196,197,193,193,3194000,193
2013-12-25,191,195,191,195,3270000,195
2013-12-26,196,204,195,203,2560000,203
2013-12-27,204,206,200,205,2146000,205
2013-12-30,206,210,205,208,2699000,208
2014-01-06,206,217,205,214,4788000,214
2014-01-07,214,217,212,216,4091000,216
2014-01-08,216,218,215,217,2359000,217
2014-01-09,217,217,210,211,2272000,211
2014-01-10,210,215,210,215,2998000,215
2014-01-14,210,211,207,208,2406000,208
2014-01-15,210,211,208,210,1488000,210
2014-01-16,211,217,211,214,2799000,214
2014-01-17,212,220,212,219,2545000,219
2014-01-20,222,226,220,222,5320000,222
2014-01-21,223,225,222,224,1973000,224
2014-01-22,222,225,219,224,2319000,224
2014-01-23,224,226,221,221,1723000,221
2014-01-24,216,218,214,215,2213000,215
2014-01-27,208,213,207,211,2512000,211
2014-01-28,210,215,209,209,1181000,209
2014-01-29,214,217,213,217,1294000,217
2014-01-30,211,211,207,210,1587000,210
2014-01-31,214,214,203,206,1641000,206
2014-02-03,203,203,195,196,2042000,196
2014-02-04,188,189,180,180,2591000,180
2014-02-05,188,195,183,189,2921000,189
2014-02-06,194,199,191,194,1647000,194
2014-02-07,197,200,195,200,1219000,200
2014-02-10,202,202,199,199,668000,199
2014-02-12,200,201,198,198,1207000,198
2014-02-13,198,198,192,193,816000,193
2014-02-14,192,195,186,186,2245000,186
2014-02-17,188,189,183,189,1084000,189
2014-02-18,188,194,188,194,1165000,194
2014-02-19,190,192,189,191,749000,191
2014-02-20,186,187,181,181,2792000,181
2014-02-21,183,185,181,185,1537000,185
2014-02-24,184,188,182,183,1260000,183
2014-02-25,186,188,185,187,1323000,187
2014-02-26,184,187,184,184,750000,184
2014-02-27,185,187,183,185,1361000,185
2014-02-28,184,185,181,183,1527000,183
2014-03-03,180,181,175,176,2180000,176
2014-03-04,175,176,172,175,2170000,175
2014-03-05,176,178,172,174,2160000,174
2014-03-06,174,177,172,176,1662000,176
2014-03-07,179,187,177,185,3993000,185
2014-03-10,186,191,185,190,2683000,190
2014-03-11,192,193,189,192,2294000,192
2014-03-12,187,188,183,183,2132000,183
2014-03-13,183,186,182,184,1224000,184
2014-03-14,175,180,175,176,3741000,176
2014-03-17,174,175,173,173,1175000,173
2014-03-18,175,179,174,177,970000,177
2014-03-19,175,176,170,174,1545000,174
2014-03-20,172,174,168,169,1956000,169
2014-03-24,169,179,169,177,2408000,177
2014-03-25,177,180,176,179,1659000,179
2014-03-26,179,184,179,181,2299000,181
2014-03-27,176,184,175,183,1749000,183
2014-03-28,181,185,180,185,1366000,185
2014-03-31,186,187,184,186,1182000,186
2014-04-01,185,188,184,184,1539000,184
2014-04-02,184,189,184,187,1998000,187
2014-04-03,188,193,188,191,1813000,191
2014-04-04,188,191,187,191,1163000,191
2014-04-07,186,188,184,184,644000,184
2014-04-08,184,184,179,179,1290000,179
2014-04-09,178,179,174,178,1789000,178
2014-04-10,182,182,175,178,1196000,178
2014-04-11,175,178,174,176,2786000,176
2014-04-14,172,175,171,173,1643000,173
2014-04-15,173,176,171,175,2044000,175
2014-04-16,175,181,175,180,1344000,180
2014-04-17,183,187,181,183,2163000,183
2014-04-18,186,186,184,185,1033000,185
2014-04-21,186,190,185,186,1062000,186
2014-04-22,186,186,178,179,1038000,179
2014-04-23,179,183,179,183,558000,183
2014-04-24,183,185,181,185,1027000,185
2014-04-25,186,189,183,187,1719000,187
2014-04-28,183,185,181,185,694000,185
2014-04-30,188,189,183,185,1209000,185
2014-05-01,185,187,184,186,1188000,186
2014-05-02,186,186,184,184,325000,184
2014-05-07,181,182,177,178,1055000,178
2014-05-08,178,187,178,185,1600000,185
2014-05-09,182,192,182,190,2220000,190
2014-05-12,189,191,188,191,1242000,191
2014-05-13,191,192,188,190,1428000,190
2014-05-14,190,191,188,189,815000,189
2014-05-15,187,191,186,189,786000,189
2014-05-16,186,187,184,185,880000,185
2014-05-19,185,186,180,181,1042000,181
2014-05-20,182,190,181,189,1592000,189
2014-05-21,186,189,186,189,1278000,189
2014-05-22,189,192,187,191,1087000,191
2014-05-23,190,194,190,194,1006000,194
2014-05-26,196,197,193,194,1061000,194
2014-05-27,192,195,192,193,910000,193
2014-05-28,194,196,194,195,875000,195
2014-05-29,194,195,193,194,633000,194
2014-05-30,195,196,193,193,1243000,193
2014-06-02,194,197,193,195,1304000,195
2014-06-03,198,201,196,196,1778000,196
2014-06-04,196,197,193,194,1163000,194
2014-06-05,195,197,194,194,1301000,194
2014-06-06,196,199,195,198,1169000,198
2014-06-09,200,201,198,198,828000,198
2014-06-10,198,200,194,194,1178000,194
2014-06-11,194,195,192,193,1143000,193
2014-06-12,191,191,188,191,1469000,191
2014-06-13,190,192,189,190,2535000,190
2014-06-16,190,191,188,190,1206000,190
2014-06-17,190,192,189,191,956000,191
2014-06-18,192,193,191,192,650000,192
2014-06-19,192,194,191,193,2213000,193
2014-06-20,193,195,191,195,2704000,195
2014-06-23,200,207,198,207,5977000,207
2014-06-24,207,209,205,206,2099000,206
2014-06-25,204,205,203,204,1311000,204
2014-06-26,205,207,204,206,1110000,206
2014-06-27,207,207,199,200,1566000,200
2014-06-30,200,206,200,206,1318000,206
2014-07-01,204,212,204,212,2993000,212
2014-07-02,212,212,209,209,1585000,209
2014-07-03,209,211,208,208,1256000,208
2014-07-04,210,210,208,208,579000,208
2014-07-07,209,210,208,208,670000,208
2014-07-08,210,211,207,211,2040000,211
2014-07-09,209,211,208,210,1230000,210
2014-07-10,211,212,206,208,1826000,208
2014-07-11,205,207,203,203,1543000,203
2014-07-14,203,205,201,205,863000,205
2014-07-15,206,207,205,205,554000,205
2014-07-16,204,205,202,202,846000,202
2014-07-17,204,208,203,206,1973000,206
2014-07-18,202,212,202,210,3136000,210
2014-07-22,215,226,213,215,16004000,215
2014-07-23,221,222,215,216,6146000,216
2014-07-24,216,219,210,213,3978000,213
2014-07-25,215,218,210,217,3251000,217
2014-07-28,217,218,215,217,1710000,217
2014-07-29,218,219,215,217,1758000,217
2014-07-30,216,218,214,215,2049000,215
2014-07-31,217,218,213,213,1342000,213
2014-08-01,210,213,210,211,1499000,211
2014-08-04,210,212,207,207,2039000,207
2014-08-05,209,212,206,207,2012000,207
2014-08-06,204,205,201,203,1959000,203
2014-08-07,202,205,201,205,1033000,205
2014-08-08,203,203,193,195,3386000,195
2014-08-11,199,201,198,201,1198000,201
2014-08-12,200,203,200,201,1100000,201
2014-08-13,201,204,201,203,735000,203
2014-08-14,205,210,204,207,1790000,207
2014-08-15,207,207,204,206,918000,206
2014-08-18,204,207,203,206,963000,206
2014-08-19,209,211,209,210,1637000,210
2014-08-20,210,211,208,208,805000,208
2014-08-21,208,209,207,209,1046000,209
2014-08-22,210,211,207,208,945000,208
2014-08-25,208,209,206,208,925000,208
2014-08-26,209,215,208,214,3070000,214
2014-08-27,218,235,216,231,18931000,231
2014-08-28,233,244,231,242,22650000,242
2014-08-29,241,242,237,240,5605000,240
2014-09-01,240,242,238,240,5314000,240
2014-09-02,240,244,234,235,7585000,235
2014-09-03,239,240,235,238,3965000,238
2014-09-04,236,236,231,232,3428000,232
2014-09-05,234,234,230,231,2337000,231
2014-09-08,233,239,232,238,4414000,238
2014-09-09,239,240,235,237,2785000,237
2014-09-10,235,235,232,233,2166000,233
2014-09-11,235,236,233,234,1458000,234
2014-09-12,234,234,231,232,3473000,232
2014-09-16,230,230,228,229,1645000,229
2014-09-17,229,230,227,228,1860000,228
2014-09-18,230,234,230,234,1640000,234
2014-09-19,234,234,231,233,2174000,233
2014-09-22,233,234,231,232,1021000,232
2014-09-24,230,233,229,230,1364000,230
2014-09-25,235,235,231,232,2144000,232
2014-09-26,228,233,227,231,1579000,231
2014-09-29,232,234,230,233,1256000,233
2014-09-30,232,233,226,227,1803000,227
2014-10-01,229,231,225,230,2241000,230
2014-10-02,225,225,217,217,4066000,217
2014-10-03,218,220,217,219,1260000,219
2014-10-06,221,226,221,222,1954000,222
2014-10-07,220,222,219,219,1056000,219
2014-10-08,214,215,213,213,1487000,213
2014-10-09,214,216,211,211,1920000,211
2014-10-10,207,208,203,204,2576000,204
2014-10-14,197,202,197,199,2135000,199
2014-10-15,199,204,199,203,1747000,203
2014-10-16,198,198,194,195,1929000,195
2014-10-17,196,203,196,199,3780000,199
2014-10-20,207,208,204,207,2532000,207
2014-10-21,206,207,196,196,3174000,196
2014-10-22,201,203,200,203,1964000,203
2014-10-23,204,206,202,203,2225000,203
2014-10-24,207,214,206,207,2642000,207
2014-10-27,210,211,208,210,1363000,210
2014-10-28,208,208,204,207,1692000,207
2014-10-29,207,212,207,209,2779000,209
2014-10-30,208,211,207,207,2326000,207
2014-10-31,208,216,207,214,3417000,214
2014-11-04,218,220,216,217,3208000,217
2014-11-05,218,220,215,219,3249000,219
2014-11-06,220,222,217,219,2196000,219
2014-11-07,220,222,217,220,2484000,220
2014-11-10,218,221,217,220,1310000,220
2014-11-11,218,220,217,220,1240000,220
2014-11-12,220,221,217,219,2021000,219
2014-11-13,217,218,215,217,2345000,217
2014-11-14,218,219,215,218,2269000,218
2014-11-17,218,218,206,208,2764000,208
2014-11-18,210,213,209,212,1340000,212
2014-11-19,211,215,211,212,1471000,212
2014-11-20,213,217,211,214,1477000,214
2014-11-21,212,215,209,214,1523000,214
2014-11-25,216,216,214,216,679000,216
2014-11-26,215,218,215,217,1147000,217
2014-11-27,215,216,213,213,721000,213
2014-11-28,215,217,214,216,1566000,216
2014-12-01,216,217,214,216,753000,216
2014-12-02,213,217,213,217,1290000,217
2014-12-03,216,217,213,213,1513000,213
2014-12-04,214,215,213,215,985000,215
2014-12-05,215,220,215,217,2353000,217
2014-12-08,219,219,216,218,1515000,218
2014-12-09,217,218,214,215,1234000,215
2014-12-10,213,213,208,208,1863000,208
2014-12-11,205,206,199,205,1794000,205
2014-12-12,204,210,203,208,2964000,208
2014-12-15,203,207,203,205,1207000,205
2014-12-16,201,202,199,201,2044000,201
2014-12-17,199,206,199,203,1734000,203
2014-12-18,206,209,204,205,1979000,205
2014-12-19,210,210,206,209,1454000,209
2014-12-22,209,211,207,210,1001000,210
2014-12-24,210,212,209,210,1618000,210
2014-12-25,210,210,204,206,2018000,206
2014-12-26,206,213,206,211,1385000,211
2014-12-29,212,214,207,210,1200000,210
2014-12-30,211,212,208,209,839000,209
2015-01-05,206,212,206,209,1187000,209
2015-01-06,206,206,202,202,1819000,202
2015-01-07,202,204,201,201,1847000,201
2015-01-08,203,206,203,204,906000,204
2015-01-09,207,207,202,203,1635000,203
2015-01-13,200,201,195,197,2110000,197
2015-01-14,196,197,191,193,2278000,193
2015-01-15,193,196,192,193,2523000,193
2015-01-16,190,191,187,189,2460000,189
2015-01-19,191,192,189,190,622000,190
2015-01-20,190,195,190,194,1279000,194
2015-01-21,194,194,190,191,1217000,191
2015-01-22,190,192,189,190,1457000,190
2015-01-23,191,196,190,194,1705000,194
2015-01-26,194,195,193,193,700000,193
2015-01-27,195,199,195,198,1280000,198
2015-01-28,196,199,196,198,959000,198
2015-01-29,197,198,193,194,851000,194
2015-01-30,195,196,190,195,1544000,195
2015-02-02,193,195,192,192,632000,192
2015-02-03,194,195,190,192,934000,192
2015-02-04,195,203,194,202,2891000,202
2015-02-05,202,203,196,197,1197000,197
2015-02-06,197,200,192,197,2596000,197
2015-02-09,201,204,200,204,2003000,204
2015-02-10,203,205,202,203,1336000,203
2015-02-12,205,207,203,203,1402000,203
2015-02-13,201,207,201,206,1739000,206
2015-02-16,207,208,204,205,1046000,205
2015-02-17,204,206,203,205,655000,205
2015-02-18,207,209,205,205,1105000,205
2015-02-19,205,206,204,205,1189000,205
2015-02-20,207,208,206,207,1247000,207
2015-02-23,209,209,206,207,800000,207
2015-02-24,207,208,205,208,929000,208
2015-02-25,207,208,206,208,911000,208
2015-02-26,206,209,206,209,1729000,209
2015-02-27,208,211,208,208,1725000,208
2015-03-02,209,214,209,213,2339000,213
2015-03-03,215,215,208,209,1568000,209
2015-03-04,206,208,206,207,775000,207
2015-03-05,206,207,205,205,835000,205
2015-03-06,206,206,204,204,1043000,204
2015-03-09,202,203,200,202,1491000,202
2015-03-10,201,204,200,200,889000,200
2015-03-11,199,202,198,200,1395000,200
2015-03-12,200,206,200,205,1226000,205
2015-03-13,206,208,205,206,2441000,206
2015-03-16,206,208,202,203,1469000,203
2015-03-17,204,205,203,204,612000,204
2015-03-18,205,205,202,203,976000,203
2015-03-19,203,204,200,201,1229000,201
2015-03-20,202,204,200,203,1017000,203
2015-03-23,205,206,204,205,658000,205
2015-03-24,221,224,217,219,20521000,219
2015-03-25,221,223,220,222,6008000,222
2015-03-26,222,224,220,222,3882000,222
2015-03-27,215,220,214,215,3191000,215
2015-03-30,215,216,208,213,2786000,213
2015-03-31,215,216,212,212,1600000,212
2015-04-01,212,215,210,213,2061000,213
2015-04-02,212,216,212,214,2234000,214
2015-04-03,213,213,208,210,1579000,210
2015-04-06,208,210,208,209,760000,209
2015-04-07,210,215,210,214,1610000,214
2015-04-08,213,215,213,213,897000,213
2015-04-09,215,216,213,213,1175000,213
2015-04-10,214,214,210,212,1678000,212
2015-04-13,211,212,209,211,910000,211
2015-04-14,210,214,209,213,1601000,213
2015-04-15,212,216,210,214,1826000,214
2015-04-16,214,215,209,212,1561000,212
2015-04-17,211,212,210,211,749000,211
2015-04-20,211,211,208,209,1102000,209
2015-04-21,209,210,208,208,983000,208
2015-04-22,209,213,209,213,1261000,213
2015-04-23,213,216,212,214,2494000,214
2015-04-24,215,216,213,215,1643000,215
2015-04-27,216,219,214,214,1616000,214
2015-04-28,213,215,212,212,1499000,212
2015-04-30,211,212,208,209,1509000,209
2015-05-01,208,210,208,210,1374000,210
2015-05-07,209,211,208,208,1173000,208
2015-05-08,209,212,208,209,2114000,209
2015-05-11,209,214,208,214,3003000,214
2015-05-12,213,217,211,216,2527000,216
2015-05-13,216,219,215,218,2506000,218
2015-05-14,217,220,217,219,1999000,219
2015-05-15,219,220,214,216,1413000,216
2015-05-18,217,218,215,216,600000,216
2015-05-19,216,219,215,217,1331000,217
2015-05-20,217,222,215,221,3748000,221
2015-05-21,220,222,217,219,2532000,219
2015-05-22,217,223,217,222,2870000,222
2015-05-25,223,224,220,222,1779000,222
2015-05-26,221,222,219,221,1466000,221
2015-05-27,220,224,219,223,2672000,223
2015-05-28,223,223,220,221,2129000,221
2015-05-29,220,220,218,219,2195000,219
2015-06-01,218,219,217,217,1056000,217
2015-06-02,218,221,218,219,1863000,219
2015-06-03,219,221,218,221,1098000,221
2015-06-04,221,224,220,222,2735000,222
2015-06-05,222,227,220,226,3332000,226
2015-06-08,227,229,224,226,3453000,226
2015-06-09,226,226,222,222,2153000,222
2015-06-10,223,224,220,221,1295000,221
2015-06-11,222,226,222,226,1719000,226
2015-06-12,224,225,222,224,2658000,224
2015-06-15,222,224,220,223,2236000,223
2015-06-16,222,223,219,221,1156000,221
2015-06-17,220,221,217,220,1609000,220
2015-06-18,219,219,215,215,887000,215
2015-06-19,216,233,216,229,9289000,229
2015-06-22,228,232,226,230,3476000,230
2015-06-23,230,233,229,232,2219000,232
2015-06-24,232,235,231,232,2525000,232
2015-06-25,231,231,227,228,1297000,228
2015-06-26,227,228,224,225,1130000,225
2015-06-29,221,221,218,218,1262000,218
2015-06-30,219,219,216,218,1208000,218
2015-07-01,218,223,218,222,1128000,222
2015-07-02,224,224,220,221,985000,221
2015-07-03,221,221,219,221,608000,221
2015-07-06,218,220,217,217,1089000,217
2015-07-07,220,224,219,220,1127000,220
2015-07-08,220,220,215,216,1763000,216
2015-07-09,212,216,205,216,2841000,216
2015-07-10,215,219,213,218,2055000,218
2015-07-13,217,226,217,226,1992000,226
2015-07-14,226,230,226,228,1701000,228
2015-07-15,229,229,226,226,1056000,226
2015-07-16,228,228,225,228,1181000,228
2015-07-17,226,228,224,227,704000,227
2015-07-21,229,229,227,229,1042000,229
2015-07-22,228,237,227,234,3652000,234
2015-07-23,235,239,233,238,2776000,238
2015-07-24,238,239,235,237,1886000,237
2015-07-27,237,237,229,232,1888000,232
2015-07-28,229,234,228,233,1230000,233
2015-07-29,236,237,230,234,1065000,234
2015-07-30,234,237,233,235,1274000,235
2015-07-31,237,242,235,242,3853000,242
2015-08-03,242,242,237,241,1911000,241
2015-08-04,242,242,238,242,2088000,242
2015-08-05,242,254,241,252,5606000,252
2015-08-06,255,259,250,252,4869000,252
2015-08-07,250,254,248,252,3097000,252
2015-08-10,255,263,254,263,3705000,263
2015-08-11,266,275,266,272,4866000,272
2015-08-12,272,285,272,280,5944000,280
2015-08-13,278,287,277,281,4814000,281
2015-08-14,284,299,282,296,9712000,296
2015-08-17,296,296,289,294,4568000,294
2015-08-18,295,296,285,289,4317000,289
2015-08-19,290,292,286,287,3186000,287
2015-08-20,285,288,281,282,2975000,282
2015-08-21,272,279,269,269,4150000,269
2015-08-24,259,266,254,256,5683000,256
2015-08-25,245,264,242,250,5884000,250
2015-08-26,250,258,250,255,2908000,255
2015-08-27,258,264,255,261,3483000,261
2015-08-28,277,296,274,292,12739000,292
2015-08-31,299,304,285,295,14541000,295
2015-09-01,293,301,290,290,7491000,290
2015-09-02,282,291,280,284,5059000,284
2015-09-03,289,291,274,275,4935000,275
2015-09-04,275,275,265,268,5064000,268
2015-09-07,266,270,261,265,3561000,265
2015-09-08,268,271,258,260,2296000,260
2015-09-09,266,271,262,268,3701000,268
2015-09-10,263,268,257,267,2810000,267
2015-09-11,262,266,260,264,3911000,264
2015-09-14,270,273,263,265,1927000,265
2015-09-15,265,267,258,258,1985000,258
2015-09-16,260,261,253,255,2340000,255
2015-09-17,256,262,254,260,1852000,260
2015-09-18,257,258,250,252,1408000,252
2015-09-24,245,247,235,239,4126000,239
2015-09-25,243,254,240,254,3314000,254
2015-09-28,254,259,250,257,2021000,257
2015-09-29,252,254,244,246,2509000,246
2015-09-30,246,253,246,252,1718000,252
2015-10-01,251,258,248,254,2259000,254
2015-10-02,251,255,249,254,1165000,254
2015-10-05,259,265,257,258,1411000,258
2015-10-06,262,264,256,257,1596000,257
2015-10-07,255,258,251,257,1477000,257
2015-10-08,257,261,253,254,1210000,254
2015-10-09,256,273,256,273,4372000,273
2015-10-13,274,287,273,278,3200000,278
2015-10-14,279,284,275,283,3544000,283
2015-10-15,283,293,282,289,4344000,289
2015-10-16,287,293,287,288,3341000,288
2015-10-19,291,291,279,284,2269000,284
2015-10-20,284,285,276,278,1852000,278
2015-10-21,275,289,274,288,1830000,288
2015-10-22,285,292,283,289,2064000,289
2015-10-23,294,297,289,290,3460000,290
2015-10-26,296,297,287,288,1718000,288
2015-10-27,288,288,282,285,1385000,285
2015-10-28,285,286,278,282,1605000,282
2015-10-29,285,288,282,285,1004000,285
2015-10-30,286,290,282,287,1690000,287
2015-11-02,283,283,278,280,1221000,280
2015-11-04,284,284,272,273,1594000,273
2015-11-05,274,279,273,278,1373000,278
2015-11-06,277,289,258,271,4880000,271
2015-11-09,265,266,254,257,6593000,257
2015-11-10,255,256,247,251,5595000,251
2015-11-11,251,258,250,254,2246000,254
2015-11-12,253,253,248,249,2025000,249
2015-11-13,246,252,246,251,1911000,251
2015-11-16,245,249,244,248,1810000,248
2015-11-17,251,261,251,259,3299000,259
2015-11-18,259,261,248,250,3343000,250
2015-11-19,252,254,250,250,1671000,250
2015-11-20,251,254,249,254,1130000,254
2015-11-24,254,256,248,249,2335000,249
2015-11-25,248,253,247,252,1547000,252
2015-11-26,252,253,247,247,1508000,247
2015-11-27,249,250,242,244,1769000,244
2015-11-30,244,245,239,245,2830000,245
2015-12-01,242,251,242,251,2092000,251
2015-12-02,250,251,244,246,1691000,246
2015-12-03,246,246,243,243,1218000,243
2015-12-04,240,243,240,240,1356000,240
2015-12-07,242,244,241,241,687000,241
2015-12-08,243,243,241,242,1303000,242
2015-12-09,240,240,234,238,2467000,238
2015-12-10,235,238,231,232,1730000,232
2015-12-11,229,234,229,232,2171000,232
2015-12-14,227,232,226,230,1582000,230
2015-12-15,233,234,227,227,1128000,227
2015-12-16,230,233,230,232,959000,232
2015-12-17,235,237,232,234,1325000,234
2015-12-18,236,236,227,228,2579000,228
2015-12-21,226,232,226,231,2078000,231
2015-12-22,232,241,232,237,2495000,237
2015-12-24,241,248,238,239,2329000,239
2015-12-25,236,238,232,233,1717000,233
2015-12-28,236,245,236,245,1319000,245
2015-12-29,246,251,241,249,1787000,249
2015-12-30,253,253,249,250,961000,250
2016-01-04,249,252,245,246,1108000,246
2016-01-05,241,246,241,241,1830000,241
2016-01-06,243,244,236,238,1606000,238
2016-01-07,237,239,229,231,1884000,231
2016-01-08,226,233,226,228,2247000,228
2016-01-12,223,224,215,216,2057000,216
2016-01-13,221,228,221,225,1624000,225
2016-01-14,218,220,213,218,1547000,218
2016-01-15,224,224,211,212,1999000,212
2016-01-18,204,212,201,211,2649000,211
2016-01-19,212,215,207,210,2302000,210
2016-01-20,209,209,199,199,2943000,199
2016-01-21,196,203,191,191,2611000,191
2016-01-22,196,204,194,204,2651000,204
2016-01-25,206,207,201,204,1770000,204
2016-01-26,196,202,196,198,2252000,198
2016-01-27,203,207,200,205,1791000,205
2016-01-28,202,204,200,201,1427000,201
2016-01-29,203,212,200,211,3241000,211
2016-02-01,217,218,213,217,1121000,217
2016-02-02,217,217,212,213,1381000,213
2016-02-03,206,207,203,203,1673000,203
2016-02-04,200,205,198,200,1211000,200
2016-02-05,197,202,180,186,3228000,186
2016-02-08,179,187,179,185,1643000,185
2016-02-09,176,176,168,171,4032000,171
2016-02-10,170,170,157,163,4389000,163
2016-02-12,156,157,148,153,3378000,153
2016-02-15,161,161,155,158,3717000,158
2016-02-16,157,170,157,165,5047000,165
2016-02-17,165,168,158,160,2793000,160
2016-02-18,168,168,163,165,2390000,165
2016-02-19,161,164,158,162,1807000,162
2016-02-22,160,163,159,160,1131000,160
2016-02-23,162,165,158,159,1830000,159
2016-02-24,159,164,158,163,1622000,163
2016-02-25,162,168,162,166,1738000,166
2016-02-26,168,169,161,161,1847000,161
2016-02-29,163,168,162,163,1909000,163
2016-03-01,162,165,160,165,2192000,165
2016-03-02,168,170,165,166,3818000,166
2016-03-03,164,168,162,165,3555000,165
2016-03-04,164,174,164,173,4016000,173
2016-03-07,178,182,176,177,4196000,177
2016-03-08,181,181,173,177,2711000,177
2016-03-09,175,175,164,166,3946000,166
2016-03-10,169,170,165,167,2431000,167
2016-03-11,164,169,164,166,4307000,166
2016-03-14,169,172,168,172,2429000,172
2016-03-15,170,172,169,170,1803000,170
2016-03-16,170,173,170,172,1230000,172
2016-03-17,173,177,171,174,2611000,174
2016-03-18,176,181,175,179,2614000,179
2016-03-22,183,184,179,182,2051000,182
2016-03-23,181,183,178,179,1698000,179
2016-03-24,178,178,170,173,2508000,173
2016-03-25,177,177,172,175,1241000,175
2016-03-28,177,177,172,175,1739000,175
2016-03-29,172,174,171,172,1433000,172
2016-03-30,170,171,168,169,1578000,169
2016-03-31,168,170,166,166,1232000,166
2016-04-01,166,166,157,158,2533000,158
2016-04-04,159,159,154,156,1528000,156
2016-04-05,153,153,146,149,3454000,149
2016-04-06,148,150,145,148,1762000,148
2016-04-07,146,151,140,141,3870000,141
2016-04-08,138,153,135,151,3790000,151
2016-04-11,147,151,146,149,2565000,149
2016-04-12,148,152,146,148,3515000,148
2016-04-13,151,155,151,155,3710000,155
2016-04-14,157,161,157,161,2715000,161
2016-04-15,160,162,158,160,2229000,160
2016-04-18,153,158,153,156,2446000,156
2016-04-19,161,163,159,162,1777000,162
2016-04-20,163,166,158,160,2122000,160
2016-04-21,164,167,161,164,3194000,164
2016-04-22,164,169,162,168,3899000,168
2016-04-25,172,172,165,165,2347000,165
2016-04-26,167,168,161,163,1705000,163
2016-04-27,164,167,162,166,1929000,166
2016-04-28,166,169,159,161,2025000,161
2016-05-02,156,158,152,153,1396000,153
2016-05-06,154,158,150,157,2332000,157
2016-05-09,157,161,156,158,1222000,158
2016-05-10,155,164,152,161,3217000,161
2016-05-11,165,176,164,173,5396000,173
2016-05-12,173,179,170,178,3564000,178
2016-05-13,179,179,167,167,2439000,167
2016-05-16,168,170,165,167,1375000,167
2016-05-17,169,171,166,171,1399000,171
2016-05-18,167,173,167,171,2032000,171
2016-05-19,172,173,168,171,1717000,171
2016-05-20,171,176,170,174,2012000,174
2016-05-23,175,175,169,171,1235000,171
2016-05-24,172,172,167,168,1020000,168
2016-05-25,171,171,167,169,1035000,169
2016-05-26,170,173,169,169,1498000,169
2016-05-27,169,169,167,169,1205000,169
2016-05-30,169,171,167,170,1205000,170
2016-05-31,169,176,169,176,2278000,176
2016-06-01,173,175,169,169,2152000,169
2016-06-02,169,169,163,163,1882000,163
2016-06-03,163,167,161,165,1288000,165
2016-06-06,162,163,158,161,1840000,161
2016-06-07,162,167,162,167,1892000,167
2016-06-08,167,167,163,167,1409000,167
2016-06-09,165,167,164,164,1118000,164
2016-06-10,165,165,160,164,2511000,164
2016-06-13,161,161,154,154,2066000,154
2016-06-14,154,158,151,153,2218000,153
2016-06-15,152,157,151,154,1617000,154
2016-06-16,154,154,147,147,2230000,147
2016-06-17,149,151,145,147,4316000,147
2016-06-20,149,155,149,154,2042000,154
2016-06-21,152,154,149,154,1351000,154
2016-06-22,153,154,148,148,1261000,148
2016-06-23,148,155,146,155,1256000,155
2016-06-24,157,158,134,139,2775000,139
2016-06-27,140,140,136,139,1757000,139
2016-06-28,136,139,133,138,2203000,138
2016-06-29,141,145,139,144,1301000,144
2016-06-30,147,147,143,143,1342000,143
2016-07-01,144,144,136,137,4720000,137
2016-07-04,134,139,134,139,1348000,139
2016-07-05,138,139,136,137,918000,137
2016-07-06,134,135,129,132,2809000,132
2016-07-07,130,133,130,130,1864000,130
2016-07-08,130,130,123,123,4289000,123
2016-07-11,128,138,128,138,4193000,138
2016-07-12,145,150,144,145,6369000,145
2016-07-13,151,152,146,149,3664000,149
2016-07-14,147,152,145,149,2483000,149
2016-07-15,149,157,149,153,3404000,153
2016-07-19,156,165,155,164,4806000,164
2016-07-20,163,164,160,162,2302000,162
2016-07-21,166,170,166,167,3087000,167
2016-07-22,163,166,163,163,1946000,163
2016-07-25,168,168,163,163,1941000,163
2016-07-26,161,161,155,157,2869000,157
2016-07-27,161,165,157,164,3944000,164
2016-07-28,163,165,159,159,2538000,159
2016-07-29,162,170,159,169,5315000,169
2016-08-01,167,170,164,164,2887000,164
2016-08-02,165,166,161,161,1819000,161
2016-08-03,159,159,151,152,3606000,152
2016-08-04,155,161,152,160,4186000,160
2016-08-05,158,165,155,165,3927000,165
2016-08-08,167,171,165,168,4448000,168
2016-08-09,167,170,167,168,1689000,168
2016-08-10,173,173,167,167,3391000,167
2016-08-12,170,170,166,168,1225000,168
2016-08-15,167,167,163,165,1999000,165
2016-08-16,164,169,163,163,1922000,163
2016-08-17,163,169,163,167,2357000,167
2016-08-18,165,168,164,165,1976000,165
2016-08-19,164,166,162,164,1494000,164
2016-08-22,164,164,161,162,997000,162
2016-08-23,161,162,158,158,1538000,158
2016-08-24,157,161,156,157,1519000,157
2016-08-25,157,157,150,156,3090000,156
2016-08-26,154,156,152,155,1608000,155
2016-08-29,157,160,157,158,1772000,158
2016-08-30,156,158,156,156,959000,156
2016-08-31,158,159,156,157,1079000,157
2016-09-01,156,161,156,161,1881000,161
2016-09-02,160,161,158,159,1700000,159
2016-09-05,162,165,161,164,894000,164
2016-09-06,164,164,160,162,1356000,162
2016-09-07,160,163,159,162,1072000,162
2016-09-08,160,163,157,158,1663000,158
2016-09-09,158,162,158,162,2913000,162
2016-09-12,160,161,159,160,1489000,160
2016-09-13,161,162,160,162,905000,162
2016-09-14,161,162,160,161,695000,161
2016-09-15,160,162,158,162,2165000,162
2016-09-16,162,166,162,163,2061000,163
2016-09-20,161,163,155,157,2458000,157
2016-09-21,157,161,156,161,1880000,161
2016-09-23,161,161,158,159,1067000,159
2016-09-26,158,158,156,156,1001000,156
2016-09-27,155,159,152,159,1434000,159
2016-09-28,157,159,156,156,1069000,156
2016-09-29,158,162,158,162,1996000,162
2016-09-30,159,159,156,157,1294000,157
2016-10-03,158,159,157,158,855000,158
2016-10-04,158,158,157,158,741000,158
2016-10-05,158,162,157,161,1299000,161
2016-10-06,163,163,161,161,749000,161
2016-10-07,162,163,160,160,889000,160
2016-10-11,162,163,160,163,721000,163
2016-10-12,161,163,161,161,786000,161
2016-10-13,161,162,160,162,894000,162
2016-10-14,161,162,160,162,1014000,162
2016-10-17,161,165,161,164,1377000,164
2016-10-18,163,163,162,162,598000,162
2016-10-19,162,163,162,162,562000,162
2016-10-20,162,165,162,164,1501000,164
2016-10-21,164,165,163,164,542000,164
2016-10-24,163,166,163,164,976000,164
2016-10-25,165,168,165,167,1288000,167
2016-10-26,167,169,166,168,1383000,168
2016-10-27,169,171,168,170,2153000,170
2016-10-28,171,173,168,171,2643000,171
2016-10-31,171,171,168,168,811000,168
2016-11-01,168,169,165,168,944000,168
2016-11-02,166,166,162,162,1814000,162
2016-11-04,164,164,161,161,1174000,161
2016-11-07,163,166,153,155,3960000,155
2016-11-08,157,159,155,158,1723000,158
2016-11-09,159,165,152,153,4326000,153
2016-11-10,163,166,161,164,2631000,164
2016-11-11,168,176,168,174,7003000,174
2016-11-14,176,181,176,180,3637000,180
2016-11-15,182,183,180,182,2244000,182
2016-11-16,182,184,180,183,2373000,183
2016-11-17,181,184,179,183,2132000,183
2016-11-18,185,195,185,191,4951000,191
2016-11-21,194,207,194,203,6235000,203
2016-11-22,204,212,203,212,5338000,212
2016-11-24,214,218,212,213,3570000,213
2016-11-25,214,215,207,210,3586000,210
2016-11-28,207,210,204,209,2234000,209
2016-11-29,208,209,206,207,1686000,207
2016-11-30,207,209,207,207,1833000,207
2016-12-01,212,220,212,216,4579000,216
2016-12-02,217,220,216,219,2309000,219
2016-12-05,218,220,216,220,1662000,220
2016-12-06,223,227,220,222,2927000,222
2016-12-07,225,227,223,226,1656000,226
2016-12-08,229,229,223,226,2079000,226
2016-12-09,226,233,226,231,3924000,231
2016-12-12,233,233,222,226,2584000,226
2016-12-13,222,228,220,227,2738000,227
2016-12-14,228,230,225,227,1617000,227
2016-12-15,229,233,225,227,3315000,227
2016-12-16,229,233,228,231,2643000,231
2016-12-19,226,228,221,223,2129000,223
2016-12-20,224,227,223,226,1954000,226
2016-12-21,229,230,219,221,2507000,221
2016-12-22,219,220,213,219,2526000,219
2016-12-26,219,220,214,215,1501000,215
2016-12-27,215,218,214,214,1735000,214
2016-12-28,216,221,215,221,1051000,221
2016-12-29,217,218,211,214,2688000,214
2016-12-30,211,215,211,213,1091000,213
2017-01-04,215,222,215,222,1493000,222
