Date,Open,High,Low,Close,Volume,Adj Close
2008-10-20,465,500,464,495,3004000,495
2008-10-21,502,507,483,499,2229000,499
2008-10-22,484,491,467,468,2308000,468
2008-10-23,441,450,424,444,2870000,444
2008-10-24,426,427,384,392,3237000,392
2008-10-27,392,410,362,364,3197000,364
2008-10-28,360,415,357,401,3107000,401
2008-10-29,420,432,397,420,2869000,420
2008-10-30,425,467,412,467,3166000,467
2008-10-31,453,468,439,443,2702000,443
2008-11-04,478,492,474,481,3235000,481
2008-11-05,509,530,505,529,2408000,529
2008-11-06,506,506,465,469,3603000,469
2008-11-07,449,449,409,427,4281000,427
2008-11-10,447,462,445,454,2525000,454
2008-11-11,453,458,437,441,3606000,441
2008-11-12,428,448,427,436,2283000,436
2008-11-13,411,421,403,407,1374000,407
2008-11-14,437,437,410,414,2483000,414
2008-11-17,408,431,401,418,2812000,418
2008-11-18,413,432,404,419,2741000,419
2008-11-19,429,438,414,422,2555000,422
2008-11-20,410,413,396,397,1882000,397
2008-11-21,382,413,375,409,3245000,409
2008-11-25,444,444,420,436,3380000,436
2008-11-26,429,434,420,429,3042000,429
2008-11-27,430,442,430,438,2041000,438
2008-11-28,443,447,426,439,3669000,439
2008-12-01,429,431,414,421,1564000,421
2008-12-02,407,409,395,399,1833000,399
2008-12-03,398,407,385,391,2547000,391
2008-12-04,392,398,375,377,2099000,377
2008-12-05,382,392,377,379,1425000,379
2008-12-08,389,401,375,398,1753000,398
2008-12-09,394,412,394,401,2938000,401
2008-12-10,393,406,391,404,1782000,404
2008-12-11,409,462,403,462,4213000,462
2008-12-12,437,437,400,407,3404000,407
2008-12-15,423,436,422,431,2210000,431
2008-12-16,426,432,407,409,3436000,409
2008-12-17,414,415,388,404,3694000,404
2008-12-18,405,408,397,403,2266000,403
2008-12-19,412,430,412,415,2831000,415
2008-12-22,412,427,412,422,1742000,422
2008-12-24,421,424,405,408,1127000,408
2008-12-25,415,420,406,418,831000,418
2008-12-26,424,429,421,428,573000,428
2008-12-29,429,430,423,429,538000,429
2008-12-30,429,436,426,430,614000,430
2009-01-05,454,462,447,460,994000,460
2009-01-06,470,527,469,519,4816000,519
2009-01-07,510,551,505,542,4657000,542
2009-01-08,503,512,494,494,2074000,494
2009-01-09,499,511,480,481,2354000,481
2009-01-13,461,465,451,453,1561000,453
2009-01-14,454,470,450,452,2346000,452
2009-01-15,437,448,433,440,2100000,440
2009-01-16,446,474,443,472,2961000,472
2009-01-19,477,482,467,471,1031000,471
2009-01-20,456,479,455,470,1963000,470
2009-01-21,452,453,430,430,3480000,430
2009-01-22,438,438,423,433,1806000,433
2009-01-23,434,443,426,434,2481000,434
2009-01-26,433,434,426,426,1608000,426
2009-01-27,430,460,430,455,1785000,455
2009-01-28,459,479,456,467,2147000,467
2009-01-29,465,469,452,465,2877000,465
2009-01-30,445,450,430,435,2149000,435
2009-02-02,430,438,415,421,2212000,421
2009-02-03,427,443,426,427,1460000,427
2009-02-04,442,477,439,470,3247000,470
2009-02-05,465,487,458,471,2579000,471
2009-02-06,511,511,486,492,3681000,492
2009-02-09,492,514,492,502,3399000,502
2009-02-10,503,517,476,477,2995000,477
2009-02-12,465,485,465,471,3409000,471
2009-02-13,476,484,474,476,1981000,476
2009-02-16,475,481,462,463,2475000,463
2009-02-17,460,463,447,447,2319000,447
2009-02-18,437,462,434,458,1706000,458
2009-02-19,459,470,450,450,3787000,450
2009-02-20,458,467,449,452,2314000,452
2009-02-23,447,467,446,462,2438000,462
2009-02-24,452,453,442,446,2085000,446
2009-02-25,461,481,458,476,2317000,476
2009-02-26,481,497,476,479,2329000,479
2009-02-27,474,490,471,481,2151000,481
2009-03-02,477,488,464,469,2102000,469
2009-03-03,455,471,452,462,1382000,462
2009-03-04,457,491,455,489,3328000,489
2009-03-05,493,507,484,491,2963000,491
2009-03-06,479,484,460,462,3228000,462
2009-03-09,457,468,447,461,2755000,461
2009-03-10,456,473,456,467,2126000,467
2009-03-11,483,492,482,489,1864000,489
2009-03-12,475,488,472,475,1752000,475
2009-03-13,478,494,478,491,2468000,491
2009-03-16,495,506,492,503,2471000,503
2009-03-17,523,554,513,547,4819000,547
2009-03-18,548,567,519,523,4713000,523
2009-03-19,533,538,508,519,3937000,519
2009-03-23,519,545,515,538,3197000,538
2009-03-24,560,567,549,559,2286000,559
2009-03-25,551,554,524,538,3134000,538
2009-03-26,554,560,544,551,1820000,551
2009-03-27,554,564,541,546,1946000,546
2009-03-30,539,546,518,520,2406000,520
2009-03-31,520,539,515,518,1705000,518
2009-04-01,521,543,520,535,1983000,535
2009-04-02,545,547,535,544,2155000,544
2009-04-03,555,561,546,550,2044000,550
2009-04-06,565,585,561,567,1911000,567
2009-04-07,554,565,540,544,1920000,544
2009-04-08,528,540,522,527,2161000,527
2009-04-09,544,561,542,561,1760000,561
2009-04-10,579,579,558,571,1545000,571
2009-04-13,569,586,562,580,1628000,580
2009-04-14,588,616,587,610,4713000,610
2009-04-15,580,589,554,562,3429000,562
2009-04-16,580,589,557,562,2222000,562
2009-04-17,572,592,570,587,2696000,587
2009-04-20,598,601,581,595,1622000,595
2009-04-21,575,578,566,571,3086000,571
2009-04-22,589,589,568,575,1886000,575
2009-04-23,576,593,573,586,1751000,586
2009-04-24,596,614,586,595,2808000,595
2009-04-27,610,623,604,620,3321000,620
2009-04-28,601,611,579,580,2610000,580
2009-04-30,590,609,584,605,2502000,605
2009-05-01,593,610,587,596,2400000,596
2009-05-07,630,647,626,647,2843000,647
2009-05-08,640,683,631,675,3774000,675
2009-05-11,656,670,654,658,2038000,658
2009-05-12,640,668,640,652,1522000,652
2009-05-13,647,658,627,634,2223000,634
2009-05-14,629,643,609,627,2257000,627
2009-05-15,644,651,618,650,2554000,650
2009-05-18,630,638,615,618,1552000,618
2009-05-19,631,643,628,641,2090000,641
2009-05-20,669,678,640,651,2662000,651
2009-05-21,652,652,640,649,2273000,649
2009-05-22,624,635,620,628,2313000,628
2009-05-25,627,628,602,613,3147000,613
2009-05-26,607,610,588,599,3756000,599
2009-05-27,619,619,600,605,2179000,605
2009-05-28,599,613,597,613,1418000,613
2009-05-29,616,628,602,628,2903000,628
2009-06-01,622,630,617,619,1766000,619
2009-06-02,629,642,625,627,2685000,627
2009-06-03,645,658,638,651,2876000,651
2009-06-04,649,653,638,643,1890000,643
2009-06-05,644,649,632,639,1412000,639
2009-06-08,649,666,646,663,1920000,663
2009-06-09,667,699,666,681,3990000,681
2009-06-10,691,704,688,692,3016000,692
2009-06-11,693,702,687,692,2235000,692
2009-06-12,702,708,696,701,2327000,701
2009-06-15,661,679,661,670,2508000,670
2009-06-16,660,662,640,647,1918000,647
2009-06-17,631,644,629,643,2941000,643
2009-06-18,649,650,628,637,1563000,637
2009-06-19,627,634,600,611,3472000,611
2009-06-22,621,622,602,610,2953000,610
2009-06-23,610,624,608,617,3172000,617
2009-06-24,609,615,592,600,2775000,600
2009-06-25,605,626,593,616,2948000,616
2009-06-26,616,622,603,610,2161000,610
2009-06-29,601,609,589,596,2643000,596
2009-06-30,606,606,590,599,3108000,599
2009-07-01,605,621,600,605,2613000,605
2009-07-02,610,618,598,598,2946000,598
2009-07-03,588,598,580,597,1851000,597
2009-07-06,586,593,579,586,1826000,586
2009-07-07,581,588,569,580,2543000,580
2009-07-08,551,560,545,556,2738000,556
2009-07-09,543,554,536,544,1413000,544
2009-07-10,540,548,537,541,1450000,541
2009-07-13,551,551,513,516,2457000,516
2009-07-14,525,544,525,539,1393000,539
2009-07-15,536,538,524,535,2226000,535
2009-07-16,542,552,540,544,1551000,544
2009-07-17,545,549,537,545,1560000,545
2009-07-21,585,586,570,581,2324000,581
2009-07-22,587,601,579,593,3323000,593
2009-07-23,585,591,579,582,1654000,582
2009-07-24,602,603,590,599,2185000,599
2009-07-27,601,605,589,592,877000,592
2009-07-28,592,592,576,584,1184000,584
2009-07-29,586,605,585,598,2084000,598
2009-07-30,597,600,580,592,1894000,592
2009-07-31,601,610,596,602,2389000,602
2009-08-03,612,623,610,622,2224000,622
2009-08-04,662,664,631,634,3605000,634
2009-08-05,650,651,608,622,4943000,622
2009-08-06,619,625,606,622,2244000,622
2009-08-07,629,630,608,630,1783000,630
2009-08-10,645,649,641,645,1560000,645
2009-08-11,640,643,630,635,1718000,635
2009-08-12,635,638,627,629,770000,629
2009-08-13,639,664,639,660,2308000,660
2009-08-14,655,677,655,667,2063000,667
2009-08-17,672,672,646,646,1147000,646
2009-08-18,630,645,628,645,1302000,645
2009-08-19,640,645,634,635,1012000,635
2009-08-20,632,644,626,636,1196000,636
2009-08-21,646,647,626,640,1369000,640
2009-08-24,650,660,648,656,980000,656
2009-08-25,653,662,649,661,1103000,661
2009-08-26,665,671,656,665,1425000,665
2009-08-27,656,657,641,652,1242000,652
2009-08-28,653,654,646,653,844000,653
2009-08-31,655,670,649,653,1919000,653
2009-09-01,654,664,652,661,928000,661
2009-09-02,641,642,632,640,1623000,640
2009-09-03,639,639,628,632,967000,632
2009-09-04,623,629,621,625,989000,625
2009-09-07,634,638,631,634,719000,634
2009-09-08,634,638,626,636,765000,636
2009-09-09,628,633,619,626,1063000,626
2009-09-10,630,642,628,641,1118000,641
2009-09-11,651,660,645,649,1920000,649
2009-09-14,649,652,632,633,1386000,633
2009-09-15,630,632,616,623,1237000,623
2009-09-16,632,637,623,626,1240000,626
2009-09-17,643,644,622,627,1872000,627
2009-09-18,627,643,621,638,1851000,638
2009-09-24,625,653,625,646,1349000,646
2009-09-25,645,645,631,631,997000,631
2009-09-28,621,622,601,604,1264000,604
2009-09-29,606,607,593,600,939000,600
2009-09-30,592,604,591,604,1270000,604
2009-10-01,588,603,578,583,1317000,583
2009-10-02,565,567,553,564,1999000,564
2009-10-05,555,558,537,544,1145000,544
2009-10-06,557,558,548,554,1888000,554
2009-10-07,560,578,553,567,2056000,567
2009-10-08,575,590,569,586,1922000,586
2009-10-09,589,605,583,587,1730000,587
2009-10-13,590,596,586,591,1125000,591
2009-10-14,581,585,561,580,1969000,580
2009-10-15,582,596,581,586,1556000,586
2009-10-16,587,588,579,586,1050000,586
2009-10-19,580,594,576,592,1299000,592
2009-10-20,600,600,589,590,821000,590
2009-10-21,583,593,582,591,1071000,591
2009-10-22,581,593,579,590,1383000,590
2009-10-23,587,592,579,583,1794000,583
2009-10-26,576,602,572,601,2976000,601
2009-10-27,596,596,579,583,1108000,583
2009-10-28,592,593,568,583,2651000,583
2009-10-29,570,570,557,565,2342000,565
2009-10-30,569,574,560,566,1767000,566
2009-11-02,556,557,549,557,1077000,557
2009-11-04,556,556,546,549,1377000,549
2009-11-05,550,563,542,547,815000,547
2009-11-06,558,560,544,551,1561000,551
2009-11-09,543,567,534,556,2878000,556
2009-11-10,556,558,540,544,1962000,544
2009-11-11,543,546,533,536,1842000,536
2009-11-12,522,535,521,528,1763000,528
2009-11-13,526,536,523,530,1636000,530
2009-11-16,531,534,522,525,1504000,525
2009-11-17,535,538,525,528,1054000,528
2009-11-18,520,523,508,517,1990000,517
2009-11-19,512,515,497,500,2088000,500
2009-11-20,496,507,493,507,1285000,507
2009-11-24,517,522,499,503,2516000,503
2009-11-25,490,500,485,499,1896000,499
2009-11-26,497,503,492,492,1031000,492
2009-11-27,487,493,478,480,1630000,480
2009-11-30,485,500,485,500,2102000,500
2009-12-01,500,515,489,514,1846000,514
2009-12-02,510,520,505,513,1120000,513
2009-12-03,523,541,517,539,1684000,539
2009-12-04,537,549,533,549,1534000,549
2009-12-07,559,578,559,570,2595000,570
2009-12-08,567,589,563,581,3626000,581
2009-12-09,581,597,567,576,4615000,576
2009-12-10,561,591,558,563,2953000,563
2009-12-11,567,579,561,577,1970000,577
2009-12-14,578,579,562,576,2070000,576
2009-12-15,566,569,560,567,1817000,567
2009-12-16,571,582,563,570,2079000,570
2009-12-17,569,574,556,559,2220000,559
2009-12-18,551,556,544,556,1541000,556
2009-12-21,558,559,546,552,1926000,552
2009-12-22,552,564,548,561,1824000,561
2009-12-24,569,577,560,569,2700000,569
2009-12-25,585,594,583,590,2975000,590
2009-12-28,586,593,580,590,1790000,590
2009-12-29,594,598,590,594,1463000,594
2009-12-30,590,592,581,581,1286000,581
2010-01-04,589,598,588,594,847000,594
2010-01-05,604,615,599,609,2266000,609
2010-01-06,617,630,613,629,4536000,629
2010-01-07,629,634,622,630,3284000,630
2010-01-08,639,654,631,654,2978000,654
2010-01-12,650,681,641,670,4119000,670
2010-01-13,657,665,653,654,2632000,654
2010-01-14,670,697,669,694,3820000,694
2010-01-15,700,702,693,700,3278000,700
2010-01-18,686,690,674,676,3338000,676
2010-01-19,672,675,647,650,3613000,650
2010-01-20,660,664,639,641,3596000,641
2010-01-21,626,657,624,654,3888000,654
2010-01-22,634,647,628,647,3680000,647
2010-01-25,637,646,633,642,1440000,642
2010-01-26,643,647,615,617,1927000,617
2010-01-27,620,625,613,613,1920000,613
2010-01-28,623,634,619,630,1664000,630
2010-01-29,627,628,605,606,2845000,606
2010-02-01,603,607,590,600,2269000,600
2010-02-02,608,624,604,619,2066000,619
2010-02-03,628,642,627,636,2589000,636
2010-02-04,630,635,611,618,2975000,618
2010-02-05,603,626,597,615,4115000,615
2010-02-08,605,617,600,607,3863000,607
2010-02-09,609,629,605,624,3898000,624
2010-02-10,638,654,637,642,4044000,642
2010-02-12,651,651,635,648,2601000,648
2010-02-15,652,652,640,643,981000,643
2010-02-16,692,695,663,667,6094000,667
2010-02-17,683,721,680,708,8903000,708
2010-02-18,701,706,691,694,3203000,694
2010-02-19,704,704,686,687,2816000,687
2010-02-22,707,715,690,694,2366000,694
2010-02-23,691,691,670,687,3638000,687
2010-02-24,676,680,667,680,2258000,680
2010-02-25,679,690,663,668,2719000,668
2010-02-26,676,676,659,666,3193000,666
2010-03-01,676,704,669,697,3510000,697
2010-03-02,693,699,683,689,2021000,689
2010-03-03,685,693,678,691,2539000,691
2010-03-04,692,710,687,696,3301000,696
2010-03-05,698,711,694,705,2550000,705
2010-03-08,717,723,712,723,2048000,723
2010-03-09,717,721,711,715,1418000,715
2010-03-10,717,729,715,723,3199000,723
2010-03-11,731,750,727,746,3449000,746
2010-03-12,750,760,740,744,2071000,744
2010-03-15,749,749,732,744,1810000,744
2010-03-16,740,745,735,737,949000,737
2010-03-17,745,776,741,765,5930000,765
2010-03-18,752,758,742,751,4285000,751
2010-03-19,750,761,741,758,2686000,758
2010-03-23,743,753,742,746,2036000,746
2010-03-24,755,762,748,756,1102000,756
2010-03-25,756,771,756,766,2895000,766
2010-03-26,780,793,764,787,3953000,787
2010-03-29,790,793,780,789,1915000,789
2010-03-30,793,805,790,800,3032000,800
2010-03-31,807,809,780,784,3144000,784
2010-04-01,794,808,788,805,2236000,805
2010-04-02,805,805,796,798,2119000,798
2010-04-05,808,820,803,820,1531000,820
2010-04-06,820,821,800,807,2029000,807
2010-04-07,815,815,793,795,2906000,795
2010-04-08,785,786,773,777,3093000,777
2010-04-09,777,792,773,789,2934000,789
2010-04-12,796,797,785,788,2490000,788
2010-04-13,781,783,760,769,3477000,769
2010-04-14,778,781,764,776,3764000,776
2010-04-15,781,785,775,779,2272000,779
2010-04-16,779,780,769,780,2114000,780
2010-04-19,756,760,749,751,1811000,751
2010-04-20,755,763,747,748,1932000,748
2010-04-21,757,773,753,770,2308000,770
2010-04-22,764,764,752,762,1307000,762
2010-04-23,760,763,754,759,1576000,759
2010-04-26,774,782,771,775,2585000,775
2010-04-27,778,801,775,800,2461000,800
2010-04-28,779,788,771,776,2563000,776
2010-04-30,782,785,771,776,2576000,776
2010-05-06,761,762,740,744,1985000,744
2010-05-07,719,720,694,716,3489000,716
2010-05-10,714,727,711,719,1985000,719
2010-05-11,734,744,707,711,2586000,711
2010-05-12,714,726,701,710,1777000,710
2010-05-13,725,731,715,721,2444000,721
2010-05-14,716,724,708,716,1768000,716
2010-05-17,703,706,685,694,3602000,694
2010-05-18,704,708,673,679,2366000,679
2010-05-19,669,683,655,681,3046000,681
2010-05-20,671,679,660,667,3340000,667
2010-05-21,657,662,644,657,2622000,657
2010-05-24,647,664,636,659,2492000,659
2010-05-25,650,653,626,634,3843000,634
2010-05-26,638,642,616,633,4642000,633
2010-05-27,623,644,623,644,2566000,644
2010-05-28,654,677,654,667,3655000,667
2010-05-31,657,666,648,660,2749000,660
2010-06-01,660,662,650,654,1597000,654
2010-06-02,641,656,625,630,5283000,630
2010-06-03,640,655,635,653,2563000,653
2010-06-04,651,664,650,657,1431000,657
2010-06-07,647,648,620,622,2642000,622
2010-06-08,612,637,610,625,2571000,625
2010-06-09,618,629,612,616,2350000,616
2010-06-10,624,632,615,626,3092000,626
2010-06-11,634,640,628,630,2866000,630
2010-06-14,640,649,637,649,1912000,649
2010-06-15,642,651,638,648,2414000,648
2010-06-16,658,671,657,665,3238000,665
2010-06-17,665,669,656,658,2829000,658
2010-06-18,663,670,656,661,2519000,661
2010-06-21,671,685,671,674,4016000,674
2010-06-22,676,683,665,666,2530000,666
2010-06-23,656,656,641,645,2850000,645
2010-06-24,645,652,636,642,2076000,642
2010-06-25,632,638,625,631,2961000,631
2010-06-28,631,633,615,619,1770000,619
2010-06-29,625,632,603,605,2794000,605
2010-06-30,585,594,581,590,3375000,590
2010-07-01,581,587,573,579,2523000,579
2010-07-02,580,582,570,576,1941000,576
2010-07-05,571,576,564,572,2209000,572
2010-07-06,565,584,558,584,2680000,584
2010-07-07,582,585,571,576,2775000,576
2010-07-08,588,591,576,582,3211000,582
2010-07-09,584,589,575,586,2618000,586
2010-07-12,587,600,583,590,1799000,590
2010-07-13,591,594,571,574,2388000,574
2010-07-14,584,601,580,595,2138000,595
2010-07-15,591,594,586,590,2135000,590
2010-07-16,591,591,570,574,2052000,574
2010-07-20,565,577,561,567,1956000,567
2010-07-21,575,577,557,560,1830000,560
2010-07-22,552,558,544,546,2105000,546
2010-07-23,565,572,563,569,2250000,569
2010-07-26,579,584,571,573,1700000,573
2010-07-27,573,576,567,567,1071000,567
2010-07-28,581,583,576,581,1799000,581
2010-07-29,573,589,573,582,2582000,582
2010-07-30,580,580,564,565,1783000,565
2010-08-02,564,567,556,559,1726000,559
2010-08-03,565,570,555,562,1727000,562
2010-08-04,553,555,539,540,2073000,540
2010-08-05,550,558,540,552,2439000,552
2010-08-06,540,550,540,547,1512000,547
2010-08-09,540,560,538,555,2776000,555
2010-08-10,553,559,538,545,2441000,545
2010-08-11,537,537,512,518,3528000,518
2010-08-12,508,523,503,523,4627000,523
2010-08-13,524,535,513,531,3348000,531
2010-08-16,522,525,515,521,1629000,521
2010-08-17,510,522,509,516,2557000,516
2010-08-18,526,538,526,536,3394000,536
2010-08-19,531,541,527,538,2834000,538
2010-08-20,529,533,523,528,2624000,528
2010-08-23,522,523,512,515,1707000,515
2010-08-24,514,515,508,509,2329000,509
2010-08-25,500,512,498,506,2883000,506
2010-08-26,508,510,499,507,2210000,507
2010-08-27,504,523,501,521,2172000,521
2010-08-30,535,543,529,533,2442000,533
2010-08-31,516,517,498,499,3727000,499
2010-09-01,498,506,491,505,3372000,505
2010-09-02,520,520,504,510,1807000,510
2010-09-03,512,519,511,518,1511000,518
2010-09-06,535,558,534,558,4665000,558
2010-09-07,550,571,550,559,4070000,559
2010-09-08,549,559,548,553,5026000,553
2010-09-09,557,562,551,560,2863000,560
2010-09-10,570,574,567,573,3272000,573
2010-09-13,574,582,573,574,2054000,574
2010-09-14,572,573,564,568,1705000,568
2010-09-15,565,591,558,582,2776000,582
2010-09-16,586,588,574,581,2444000,581
2010-09-17,585,591,578,589,2503000,589
2010-09-21,592,596,584,585,2009000,585
2010-09-22,580,581,574,574,1428000,574
2010-09-24,571,573,554,559,3631000,559
2010-09-27,569,576,565,573,1493000,573
2010-09-28,570,577,568,573,998000,573
2010-09-29,577,583,574,577,1924000,577
2010-09-30,580,584,569,572,2119000,572
2010-10-01,573,573,561,563,1483000,563
2010-10-04,566,568,556,557,1658000,557
2010-10-05,554,574,554,571,3126000,571
2010-10-06,574,590,573,590,2732000,590
2010-10-07,584,593,582,587,1376000,587
2010-10-08,587,592,579,579,2437000,579
2010-10-12,582,584,562,564,2651000,564
2010-10-13,566,571,556,558,2416000,558
2010-10-14,560,567,554,562,2821000,562
2010-10-15,556,556,544,545,2629000,545
2010-10-18,544,552,542,546,1101000,546
2010-10-19,549,561,549,558,2994000,558
2010-10-20,545,552,538,550,2089000,550
2010-10-21,544,547,528,532,3116000,532
2010-10-22,533,541,530,534,2524000,534
2010-10-25,529,543,529,539,2711000,539
2010-10-26,531,544,525,536,3402000,536
2010-10-27,541,548,538,544,2484000,544
2010-10-28,537,544,534,541,4763000,541
2010-10-29,542,547,528,530,2475000,530
2010-11-01,523,530,517,523,2829000,523
2010-11-02,515,518,512,517,1606000,517
2010-11-04,532,536,520,534,4902000,534
2010-11-05,539,543,532,538,3349000,538
2010-11-08,544,556,539,555,2941000,555
2010-11-09,552,570,548,563,3444000,563
2010-11-10,569,583,567,579,3379000,579
2010-11-11,582,585,572,584,2996000,584
2010-11-12,581,581,565,567,2869000,567
2010-11-15,574,575,565,575,1193000,575
2010-11-16,574,574,560,568,2436000,568
2010-11-17,548,568,548,567,2627000,567
2010-11-18,562,569,552,569,5598000,569
2010-11-19,583,585,577,584,2996000,584
2010-11-22,594,594,582,588,1801000,588
2010-11-24,576,582,570,579,1905000,579
2010-11-25,579,587,577,586,1075000,586
2010-11-26,577,583,572,576,1750000,576
2010-11-29,577,585,575,582,1504000,582
2010-11-30,579,584,572,572,2573000,572
2010-12-01,570,575,559,575,2274000,575
2010-12-02,582,608,577,605,5092000,605
2010-12-03,608,613,600,612,2275000,612
2010-12-06,607,619,607,619,2139000,619
2010-12-07,615,622,612,622,3126000,622
2010-12-08,630,631,620,625,2663000,625
2010-12-09,629,629,618,622,1681000,622
2010-12-10,632,632,620,627,4000000,627
2010-12-13,634,650,628,650,3572000,650
2010-12-14,650,664,650,661,3821000,661
2010-12-15,659,667,659,662,3091000,662
2010-12-16,658,663,653,656,3731000,656
2010-12-17,653,659,651,656,2896000,656
2010-12-20,656,667,655,659,2740000,659
2010-12-21,668,689,667,680,4089000,680
2010-12-22,673,685,670,673,2554000,673
2010-12-24,668,670,661,667,1501000,667
2010-12-27,663,676,662,674,882000,674
2010-12-28,679,679,666,668,1187000,668
2010-12-29,667,673,664,671,839000,671
2010-12-30,665,669,658,661,1017000,661
2011-01-04,666,688,666,678,1853000,678
2011-01-05,673,683,671,673,1401000,673
2011-01-06,679,694,679,694,1748000,694
2011-01-07,691,700,689,698,1014000,698
2011-01-11,691,695,688,690,2065000,690
2011-01-12,695,703,669,673,4768000,673
2011-01-13,680,685,669,675,1795000,675
2011-01-14,681,695,680,683,3006000,683
2011-01-17,684,697,676,678,2845000,678
2011-01-18,676,693,676,692,1601000,692
2011-01-19,699,705,692,704,1988000,704
2011-01-20,698,699,686,687,2612000,687
2011-01-21,688,690,664,667,3422000,667
2011-01-24,669,673,651,666,2996000,666
2011-01-25,671,690,668,684,1946000,684
2011-01-26,680,687,675,677,1364000,677
2011-01-27,691,722,689,719,5073000,719
2011-01-28,729,735,714,721,3080000,721
2011-01-31,704,721,702,715,2651000,715
2011-02-01,719,721,709,712,2559000,712
2011-02-02,715,731,715,727,2559000,727
2011-02-03,727,730,708,713,2797000,713
2011-02-04,710,720,696,714,4168000,714
2011-02-07,720,723,707,712,2948000,712
2011-02-08,725,749,721,745,5379000,745
2011-02-09,741,743,730,734,2701000,734
2011-02-10,734,750,731,746,2436000,746
2011-02-14,754,754,731,736,3629000,736
2011-02-15,738,753,737,751,1955000,751
2011-02-16,747,751,738,741,1947000,741
2011-02-17,745,746,729,732,2534000,732
2011-02-18,730,734,728,731,1466000,731
2011-02-21,726,731,717,730,2075000,730
2011-02-22,729,729,707,707,1949000,707
2011-02-23,692,707,691,697,3157000,697
2011-02-24,704,704,692,700,3208000,700
2011-02-25,698,710,691,708,2333000,708
2011-02-28,715,736,712,732,2905000,732
2011-03-01,740,742,731,741,1997000,741
2011-03-02,732,735,723,725,1580000,725
2011-03-03,734,741,726,741,1686000,741
2011-03-04,753,755,736,743,1835000,743
2011-03-07,743,746,726,730,1441000,730
2011-03-08,727,733,721,722,1958000,722
2011-03-09,730,736,726,727,1851000,727
2011-03-10,727,732,713,718,2002000,718
2011-03-11,703,709,694,696,3580000,696
2011-03-14,616,638,606,619,3004000,619
2011-03-15,619,626,519,552,4691000,552
2011-03-16,582,610,581,608,4800000,608
2011-03-17,588,630,584,616,4449000,616
2011-03-18,626,643,622,628,2358000,628
2011-03-22,650,667,644,663,3338000,663
2011-03-23,667,670,658,662,3368000,662
2011-03-24,657,664,648,655,2567000,655
2011-03-25,675,675,661,664,2119000,664
2011-03-28,666,669,656,665,1487000,665
2011-03-29,665,674,651,666,1763000,666
2011-03-30,666,690,660,690,2298000,690
2011-03-31,700,701,681,694,1367000,694
2011-04-01,701,701,679,679,1301000,679
2011-04-04,687,691,678,680,1482000,680
2011-04-05,686,688,667,671,1010000,671
2011-04-06,671,672,650,654,2142000,654
2011-04-07,654,664,642,644,1988000,644
2011-04-08,639,668,637,667,1637000,667
2011-04-11,658,674,656,663,1110000,663
2011-04-12,653,660,637,641,1622000,641
2011-04-13,632,640,621,638,3612000,638
2011-04-14,636,653,632,647,2403000,647
2011-04-15,648,656,644,647,1619000,647
2011-04-18,638,649,635,639,1546000,639
2011-04-19,629,637,624,627,1944000,627
2011-04-20,631,637,623,627,3202000,627
2011-04-21,633,641,630,636,2230000,636
2011-04-22,638,649,633,642,1441000,642
2011-04-25,648,654,638,639,677000,639
2011-04-26,639,640,632,634,938000,634
2011-04-27,653,656,638,644,2602000,644
2011-04-28,640,647,635,647,1968000,647
2011-05-02,657,660,648,652,1898000,652
2011-05-06,651,654,645,650,1839000,650
2011-05-09,649,651,642,644,931000,644
2011-05-10,645,648,639,643,1586000,643
2011-05-11,645,650,641,641,1886000,641
2011-05-12,639,642,632,636,2095000,636
2011-05-13,632,637,602,610,4347000,610
2011-05-16,604,605,593,599,2440000,599
2011-05-17,601,609,597,608,2301000,608
2011-05-18,606,617,603,614,1500000,614
2011-05-19,620,620,591,595,2288000,595
2011-05-20,588,599,588,591,1894000,591
2011-05-23,586,587,573,575,1587000,575
2011-05-24,566,574,565,568,2841000,568
2011-05-25,576,580,570,576,3084000,576
2011-05-26,581,593,579,586,2005000,586
2011-05-27,581,596,581,589,1886000,589
2011-05-30,592,593,581,583,1552000,583
2011-05-31,578,597,578,596,1890000,596
2011-06-01,609,619,606,616,4844000,616
2011-06-02,599,604,596,600,1606000,600
2011-06-03,596,606,590,591,1311000,591
2011-06-06,592,597,583,587,1422000,587
2011-06-07,584,590,580,590,1030000,590
2011-06-08,594,604,587,592,1444000,592
2011-06-09,587,589,581,587,1456000,587
2011-06-10,597,602,585,587,2352000,587
2011-06-13,580,589,575,583,1270000,583
2011-06-14,580,582,572,581,2812000,581
2011-06-15,583,586,579,581,1124000,581
2011-06-16,576,583,575,576,1250000,576
2011-06-17,581,582,558,560,2051000,560
2011-06-20,565,575,565,570,1422000,570
2011-06-21,570,574,564,574,1413000,574
2011-06-22,578,594,577,591,1743000,591
2011-06-23,586,589,581,585,2323000,585
2011-06-24,591,593,583,590,1677000,590
2011-06-27,595,603,592,592,1815000,592
2011-06-28,595,597,590,593,935000,593
2011-06-29,598,603,593,603,1112000,603
2011-06-30,610,616,604,616,2063000,616
2011-07-01,623,630,614,630,2091000,630
2011-07-04,640,641,635,637,1689000,637
2011-07-05,637,637,629,636,1060000,636
2011-07-06,637,645,635,645,1621000,645
2011-07-07,639,648,635,645,1770000,645
2011-07-08,646,649,639,644,1285000,644
2011-07-11,645,648,642,646,1158000,646
2011-07-12,638,639,630,639,1569000,639
2011-07-13,630,640,630,638,1182000,638
2011-07-14,631,637,627,632,1144000,632
2011-07-15,632,638,630,637,1120000,637
2011-07-19,636,640,632,635,982000,635
2011-07-20,643,645,633,634,1255000,634
2011-07-21,634,637,632,634,841000,634
2011-07-22,634,643,634,642,1029000,642
2011-07-25,634,638,630,634,1034000,634
2011-07-26,638,638,633,635,834000,635
2011-07-27,630,635,622,628,1058000,628
2011-07-28,618,623,612,614,1451000,614
2011-07-29,605,609,596,599,2325000,599
2011-08-01,599,618,593,614,2004000,614
2011-08-02,605,605,594,597,2149000,597
2011-08-03,582,585,577,581,1422000,581
2011-08-04,589,591,578,585,2512000,585
2011-08-05,600,609,582,593,9844000,593
2011-08-08,583,586,576,581,4591000,581
2011-08-09,554,559,538,559,7666000,559
2011-08-10,569,570,555,557,3351000,557
2011-08-11,539,550,539,544,2715000,544
2011-08-12,550,552,533,536,2516000,536
2011-08-15,544,547,539,543,1543000,543
2011-08-16,545,550,543,546,1893000,546
2011-08-17,541,546,539,542,1724000,542
2011-08-18,534,536,517,520,4310000,520
2011-08-19,512,521,506,508,2448000,508
2011-08-22,509,516,493,494,2537000,494
2011-08-23,501,505,487,500,2506000,500
2011-08-24,508,515,491,495,2866000,495
2011-08-25,501,521,501,520,3506000,520
2011-08-26,519,519,508,517,3133000,517
2011-08-29,515,527,506,518,2732000,518
2011-08-30,528,537,528,530,2257000,530
2011-08-31,528,532,524,529,2098000,529
2011-09-01,537,540,533,538,1855000,538
2011-09-02,532,533,519,525,2389000,525
2011-09-05,517,519,509,512,1910000,512
2011-09-06,506,506,494,497,2619000,497
2011-09-07,507,513,501,507,2575000,507
2011-09-08,516,516,501,506,1610000,506
2011-09-09,504,506,490,494,3272000,494
2011-09-12,479,484,475,479,3031000,479
2011-09-13,482,489,478,486,4069000,486
2011-09-14,486,499,470,471,4754000,471
2011-09-15,483,493,481,491,2575000,491
2011-09-16,499,510,498,510,2826000,510
2011-09-20,504,504,492,496,2370000,496
2011-09-21,496,500,492,500,2427000,500
2011-09-22,493,495,487,491,3294000,491
2011-09-26,496,496,471,472,5875000,472
2011-09-27,480,499,479,497,30044000,497
2011-09-28,493,511,493,497,6239000,497
2011-09-29,489,507,486,507,3312000,507
2011-09-30,511,514,500,513,2945000,513
2011-10-03,493,499,483,495,3587000,495
2011-10-04,489,492,481,491,3871000,491
2011-10-05,494,498,480,482,2871000,482
2011-10-06,488,501,488,500,3570000,500
2011-10-07,501,522,501,518,2943000,518
2011-10-11,528,538,520,536,2975000,536
2011-10-12,533,538,522,533,2307000,533
2011-10-13,542,551,542,544,3111000,544
2011-10-14,534,537,526,529,2970000,529
2011-10-17,535,540,529,531,2757000,531
2011-10-18,518,528,517,523,1586000,523
2011-10-19,530,532,523,526,1969000,526
2011-10-20,516,516,505,511,2629000,511
2011-10-21,511,520,510,517,1818000,517
2011-10-24,521,528,518,527,1876000,527
2011-10-25,526,528,515,516,1992000,516
2011-10-26,514,532,512,527,1814000,527
2011-10-27,527,543,520,541,1456000,541
2011-10-28,551,553,539,541,1206000,541
2011-10-31,535,544,528,528,1690000,528
2011-11-01,518,527,514,516,893000,516
2011-11-02,502,510,495,498,1936000,498
2011-11-04,502,508,494,503,2278000,503
2011-11-07,496,500,485,490,2978000,490
2011-11-08,490,496,485,486,1383000,486
2011-11-09,489,490,479,485,1630000,485
2011-11-10,467,471,465,470,1885000,470
2011-11-11,475,478,461,470,1642000,470
2011-11-14,481,487,473,477,1044000,477
2011-11-15,470,480,468,476,1219000,476
2011-11-16,478,488,467,468,2142000,468
2011-11-17,467,480,464,477,1554000,477
2011-11-18,469,478,468,476,2011000,476
2011-11-21,477,480,468,470,994000,470
2011-11-22,462,478,462,470,1409000,470
2011-11-24,462,466,453,454,1557000,454
2011-11-25,450,453,446,448,1973000,448
2011-11-28,455,466,455,462,2316000,462
2011-11-29,465,478,462,478,1826000,478
2011-11-30,474,474,462,471,1999000,471
2011-12-01,494,495,487,489,1792000,489
2011-12-02,486,494,482,486,1735000,486
2011-12-05,489,493,487,493,822000,493
2011-12-06,494,497,482,486,1821000,486
2011-12-07,492,507,486,507,2448000,507
2011-12-08,505,505,492,499,2158000,499
2011-12-09,497,500,490,492,4714000,492
2011-12-12,505,505,496,496,1238000,496
2011-12-13,495,500,489,490,2168000,490
2011-12-14,486,490,483,488,1668000,488
2011-12-15,486,497,480,483,2913000,483
2011-12-16,491,494,479,481,2425000,481
2011-12-19,477,477,457,463,2048000,463
2011-12-20,462,471,458,470,1491000,470
2011-12-21,476,480,472,473,1244000,473
2011-12-22,473,473,466,468,1106000,468
2011-12-26,476,482,473,480,1573000,480
2011-12-27,478,482,475,477,929000,477
2011-12-28,481,487,477,481,1650000,481
2011-12-29,478,483,471,482,1415000,482
2011-12-30,485,488,476,488,1182000,488
2012-01-04,495,499,492,494,1680000,494
2012-01-05,492,492,486,488,940000,488
2012-01-06,483,484,472,476,1473000,476
2012-01-10,478,481,474,475,957000,475
2012-01-11,476,488,475,480,1120000,480
2012-01-12,479,494,479,488,3159000,488
2012-01-13,498,505,495,500,2779000,500
2012-01-16,492,492,484,486,1582000,486
2012-01-17,490,498,489,496,1049000,496
2012-01-18,496,515,492,507,1883000,507
2012-01-19,510,518,510,514,1761000,514
2012-01-20,528,541,527,537,3446000,537
2012-01-23,530,539,528,533,1556000,533
2012-01-24,533,536,525,529,1217000,529
2012-01-25,533,537,530,535,1680000,535
2012-01-26,533,534,523,524,2348000,524
2012-01-27,520,520,510,512,3533000,512
2012-01-30,522,532,521,529,3869000,529
2012-01-31,528,536,524,527,2963000,527
2012-02-01,522,524,514,518,2315000,518
2012-02-02,528,533,521,525,3525000,525
2012-02-03,521,525,512,518,2018000,518
2012-02-06,527,536,527,532,1930000,532
2012-02-07,525,531,518,525,1909000,525
2012-02-08,525,533,524,533,1664000,533
2012-02-09,519,525,514,519,3359000,519
2012-02-10,521,526,517,517,2304000,517
2012-02-13,518,518,508,514,2387000,514
2012-02-14,523,525,514,521,2447000,521
2012-02-15,527,547,526,539,3445000,539
2012-02-16,537,540,530,536,2221000,536
2012-02-17,546,559,543,557,3389000,557
2012-02-20,565,582,562,578,3216000,578
2012-02-21,571,575,564,569,2239000,569
2012-02-22,566,571,562,570,1860000,570
2012-02-23,579,584,574,579,2490000,579
2012-02-24,574,583,573,583,2220000,583
2012-02-27,586,589,579,580,1680000,580
2012-02-28,572,575,567,575,3028000,575
2012-02-29,580,585,570,571,2688000,571
2012-03-01,573,582,559,562,2815000,562
2012-03-02,570,573,555,566,4470000,566
2012-03-05,570,576,563,565,1487000,565
2012-03-06,566,567,553,554,2190000,554
2012-03-07,545,558,544,548,1936000,548
2012-03-08,550,561,548,561,2507000,561
2012-03-09,579,587,570,577,5802000,577
2012-03-12,587,590,575,576,2381000,576
2012-03-13,583,588,575,577,2408000,577
2012-03-14,591,591,585,587,1922000,587
2012-03-15,590,604,590,601,3893000,601
2012-03-16,596,596,588,593,3685000,593
2012-03-19,594,595,585,587,2754000,587
2012-03-21,571,585,570,571,4073000,571
2012-03-22,570,570,555,558,5770000,558
2012-03-23,556,556,549,551,5500000,551
2012-03-26,553,559,550,558,3508000,558
2012-03-27,568,575,566,574,2587000,574
2012-03-28,562,575,562,569,1712000,569
2012-03-29,571,571,560,563,1514000,563
2012-03-30,559,564,554,558,1551000,558
2012-04-02,580,587,578,582,5249000,582
2012-04-03,583,590,580,586,2848000,586
2012-04-04,582,587,573,573,3023000,573
2012-04-05,566,568,557,566,2138000,566
2012-04-06,559,561,549,553,1979000,553
2012-04-09,545,548,540,540,2130000,540
2012-04-10,543,549,535,536,2018000,536
2012-04-11,526,537,522,531,3008000,531
2012-04-12,537,542,532,541,1778000,541
2012-04-13,591,591,562,566,7768000,566
2012-04-16,555,562,547,549,2294000,549
2012-04-17,548,553,547,551,1613000,551
2012-04-18,559,568,555,567,2318000,567
2012-04-19,559,565,557,561,1715000,561
2012-04-20,560,571,560,562,2465000,562
2012-04-23,565,568,552,552,2168000,552
2012-04-24,551,555,546,550,1810000,550
2012-04-25,558,559,551,553,1394000,553
2012-04-26,555,559,549,553,1588000,553
2012-04-27,555,560,540,546,2224000,546
2012-05-01,538,539,522,524,2120000,524
2012-05-02,530,537,528,530,1464000,530
2012-05-07,512,519,503,508,2065000,508
2012-05-08,517,525,515,519,2047000,519
2012-05-09,515,515,502,503,1683000,503
2012-05-10,503,533,501,520,3885000,520
2012-05-11,525,525,510,511,3337000,511
2012-05-14,516,525,511,515,2021000,515
2012-05-15,510,510,494,502,2464000,502
2012-05-16,500,507,492,496,3130000,496
2012-05-17,491,505,487,499,2265000,499
2012-05-18,486,487,471,473,3161000,473
2012-05-21,474,480,470,470,1614000,470
2012-05-22,476,483,475,480,1771000,480
2012-05-23,476,481,467,469,2813000,469
2012-05-24,472,473,462,470,1759000,470
2012-05-25,475,476,463,465,1695000,465
2012-05-28,467,467,455,461,1420000,461
2012-05-29,460,471,454,471,1272000,471
2012-05-30,474,475,454,463,2434000,463
2012-05-31,449,456,443,454,2205000,454
2012-06-01,450,452,438,439,1751000,439
2012-06-04,424,431,421,430,2440000,430
2012-06-05,436,445,434,444,2008000,444
2012-06-06,450,459,448,457,2262000,457
2012-06-07,465,467,454,458,1994000,458
2012-06-08,459,459,446,449,4198000,449
2012-06-11,459,465,457,463,1206000,463
2012-06-12,452,463,449,458,1561000,458
2012-06-13,459,461,452,454,1112000,454
2012-06-14,447,450,439,444,3843000,444
2012-06-15,449,451,437,442,1951000,442
2012-06-18,458,467,455,463,1883000,463
2012-06-19,463,465,455,457,2380000,457
2012-06-20,459,459,451,454,2602000,454
2012-06-21,456,459,453,454,2777000,454
2012-06-22,447,451,445,447,2884000,447
2012-06-25,452,455,442,442,2327000,442
2012-06-26,443,448,436,444,3114000,444
2012-06-27,445,445,439,442,1591000,442
2012-06-28,448,455,443,453,2118000,453
2012-06-29,450,471,448,468,3680000,468
2012-07-02,476,477,463,463,1366000,463
2012-07-03,463,470,463,466,1499000,466
2012-07-04,468,472,463,463,1669000,463
2012-07-05,463,467,461,464,1020000,464
2012-07-06,464,466,459,461,1258000,461
2012-07-09,454,455,452,455,1811000,455
2012-07-10,453,454,442,443,1857000,443
2012-07-11,441,445,440,444,1971000,444
2012-07-12,448,448,427,429,3173000,429
2012-07-13,426,433,425,427,2583000,427
2012-07-17,431,432,421,423,2241000,423
2012-07-18,427,429,408,412,3063000,412
2012-07-19,418,423,416,422,1703000,422
2012-07-20,422,423,412,413,2319000,413
2012-07-23,406,411,402,403,1594000,403
2012-07-24,400,407,400,404,2077000,404
2012-07-25,400,401,389,391,1851000,391
2012-07-26,397,406,391,406,2042000,406
2012-07-27,413,415,409,412,1365000,412
2012-07-30,418,422,414,418,1628000,418
2012-07-31,417,421,411,416,2387000,416
2012-08-01,410,412,402,408,1556000,408
2012-08-02,406,417,397,397,3451000,397
2012-08-03,390,390,377,381,3526000,381
2012-08-06,388,390,380,382,2184000,382
2012-08-07,381,392,381,392,1993000,392
2012-08-08,396,409,396,401,2244000,401
2012-08-09,400,408,399,402,1673000,402
2012-08-10,400,408,399,403,1932000,403
2012-08-13,404,405,399,401,1049000,401
2012-08-14,401,402,393,398,1419000,398
2012-08-15,399,403,389,395,1772000,395
2012-08-16,397,407,397,406,1404000,406
2012-08-17,409,411,404,407,2690000,407
2012-08-20,404,404,393,394,3066000,394
2012-08-21,395,397,390,392,2150000,392
2012-08-22,393,394,383,385,2930000,385
2012-08-23,382,384,380,382,2488000,382
2012-08-24,380,381,376,377,2425000,377
2012-08-27,379,381,369,371,3801000,371
2012-08-28,371,374,363,367,2783000,367
2012-08-29,367,373,366,371,2992000,371
2012-08-30,369,369,363,363,1583000,363
2012-08-31,359,361,354,354,2953000,354
2012-09-03,355,358,350,353,1758000,353
2012-09-04,353,360,351,356,1765000,356
2012-09-05,356,358,343,343,2128000,343
2012-09-06,345,346,335,337,2751000,337
2012-09-07,360,362,349,355,4027000,355
2012-09-10,356,366,354,358,3244000,358
2012-09-11,354,355,345,349,1648000,349
2012-09-12,355,357,349,356,2766000,356
2012-09-13,358,363,355,362,2517000,362
2012-09-14,370,382,370,380,4999000,380
2012-09-18,380,390,373,387,4046000,387
2012-09-19,388,392,381,387,2681000,387
2012-09-20,385,386,374,375,2699000,375
2012-09-21,375,381,373,376,1567000,376
2012-09-24,377,381,370,374,2607000,374
2012-09-25,371,377,366,369,3503000,369
2012-09-26,358,359,352,356,2952000,356
2012-09-27,352,355,346,350,3067000,350
2012-09-28,350,350,338,342,3462000,342
2012-10-01,342,344,336,341,2402000,341
2012-10-02,342,347,342,344,1853000,344
2012-10-03,344,347,338,341,1895000,341
2012-10-04,342,345,335,342,1666000,342
2012-10-05,344,352,343,352,2321000,352
2012-10-09,353,353,338,340,2125000,340
2012-10-10,333,341,332,338,2117000,338
2012-10-11,336,344,335,337,2387000,337
2012-10-12,343,347,341,343,3036000,343
2012-10-15,343,357,341,354,2625000,354
2012-10-16,358,364,355,364,2445000,364
2012-10-17,372,383,371,378,5679000,378
2012-10-18,390,402,389,395,6110000,395
2012-10-19,396,416,395,416,6598000,416
2012-10-22,400,414,395,409,6415000,409
2012-10-23,413,418,403,409,3783000,409
2012-10-24,399,410,398,402,3616000,402
2012-10-25,400,409,399,408,2952000,408
2012-10-26,409,411,396,396,3334000,396
2012-10-29,395,399,388,393,2836000,393
2012-10-30,396,408,395,400,4037000,400
2012-10-31,406,406,398,405,1913000,405
2012-11-01,400,403,395,398,2985000,398
2012-11-02,403,422,403,422,3790000,422
2012-11-05,419,423,417,421,2362000,421
2012-11-06,418,419,410,413,2523000,413
2012-11-07,413,420,410,417,3014000,417
2012-11-08,407,415,406,412,1730000,412
2012-11-09,400,403,398,401,1993000,401
2012-11-12,397,400,395,396,1618000,396
2012-11-13,397,402,392,402,1943000,402
2012-11-14,400,400,395,398,1318000,398
2012-11-15,401,425,401,425,2970000,425
2012-11-16,433,452,432,445,4179000,445
2012-11-19,453,460,447,449,2773000,449
2012-11-20,450,455,448,453,2570000,453
2012-11-21,452,460,447,452,2649000,452
2012-11-22,464,467,452,462,3465000,462
2012-11-26,467,474,465,469,2595000,469
2012-11-27,463,466,454,458,2384000,458
2012-11-28,454,456,443,444,2799000,444
2012-11-29,451,461,451,459,1647000,459
2012-11-30,462,471,456,470,3198000,470
2012-12-03,470,470,464,466,1660000,466
2012-12-04,463,465,458,460,2035000,460
2012-12-05,458,469,456,466,2383000,466
2012-12-06,470,475,467,473,2202000,473
2012-12-07,481,485,475,480,3443000,480
2012-12-10,485,486,472,475,2235000,475
2012-12-11,475,475,463,468,1910000,468
2012-12-12,485,492,482,487,3399000,487
2012-12-13,496,519,496,518,4514000,518
2012-12-14,521,530,511,526,5765000,526
2012-12-17,543,552,524,525,3212000,525
2012-12-18,533,544,531,534,2773000,534
2012-12-19,537,540,527,536,5120000,536
2012-12-20,530,539,526,532,3448000,532
2012-12-21,537,538,516,520,3118000,520
2012-12-25,533,537,521,524,1563000,524
2012-12-26,526,547,525,547,2459000,547
2012-12-27,550,560,547,548,2335000,548
2012-12-28,555,559,552,555,1689000,555
2013-01-04,585,588,575,577,2536000,577
2013-01-07,590,600,562,566,3423000,566
2013-01-08,556,561,546,547,3053000,547
2013-01-09,537,564,534,558,3403000,558
2013-01-10,560,583,560,571,3125000,571
2013-01-11,584,587,566,568,3766000,568
2013-01-15,578,593,577,579,3785000,579
2013-01-16,572,575,554,556,3768000,556
2013-01-17,554,561,536,548,4601000,548
2013-01-18,565,579,564,579,4545000,579
2013-01-21,585,585,564,569,2413000,569
2013-01-22,570,579,557,571,3398000,571
2013-01-23,560,564,545,545,3959000,545
2013-01-24,539,559,534,556,3986000,556
2013-01-25,570,570,562,568,2629000,568
2013-01-28,576,577,559,560,1893000,560
2013-01-29,550,560,549,553,2971000,553
2013-01-30,561,569,557,568,2430000,568
2013-01-31,565,574,558,572,2032000,572
2013-02-01,578,578,556,558,2798000,558
2013-02-04,565,572,560,569,1842000,569
2013-02-05,559,563,556,558,2028000,558
2013-02-06,570,591,566,588,3193000,588
2013-02-07,584,600,580,586,3265000,586
2013-02-08,574,580,566,567,2801000,567
2013-02-12,586,594,580,590,1999000,590
2013-02-13,580,603,566,570,4274000,570
2013-02-14,569,572,559,560,3481000,560
2013-02-15,557,564,549,559,3938000,559
2013-02-18,579,587,567,571,2846000,571
2013-02-19,564,569,560,562,1889000,562
2013-02-20,568,571,561,566,1709000,566
2013-02-21,562,576,561,572,2406000,572
2013-02-22,570,581,564,576,3134000,576
2013-02-25,600,620,599,614,5171000,614
2013-02-26,603,610,595,601,3850000,601
2013-02-27,601,603,591,594,2955000,594
2013-02-28,601,611,601,605,3052000,605
2013-03-01,601,605,598,602,1420000,602
2013-03-04,605,607,590,592,1793000,592
2013-03-05,596,597,580,585,2500000,585
2013-03-06,590,592,582,588,1888000,588
2013-03-07,594,594,580,583,2594000,583
2013-03-08,583,596,581,594,5646000,594
2013-03-11,608,621,603,608,3555000,608
2013-03-12,620,635,617,634,4075000,634
2013-03-13,627,633,615,621,2636000,621
2013-03-14,628,642,622,641,3615000,641
2013-03-15,650,670,636,659,5872000,659
2013-03-18,656,656,638,645,3145000,645
2013-03-19,662,673,659,670,2348000,670
2013-03-21,689,708,670,671,3791000,671
2013-03-22,661,673,660,670,3168000,670
2013-03-25,674,683,663,665,2478000,665
2013-03-26,648,654,640,641,2661000,641
2013-03-27,641,654,639,651,1599000,651
2013-03-28,638,641,616,621,3531000,621
2013-03-29,626,632,621,629,2142000,629
2013-04-01,620,624,610,618,3059000,618
2013-04-02,608,608,588,596,3211000,596
2013-04-03,586,595,583,592,2471000,592
2013-04-04,576,593,566,593,3524000,593
2013-04-05,631,646,620,635,8112000,635
2013-04-08,664,689,661,676,7884000,676
2013-04-09,690,737,687,735,10367000,735
2013-04-10,710,716,682,694,6590000,694
2013-04-11,694,704,685,690,4664000,690
2013-04-12,700,722,696,711,6930000,711
2013-04-15,697,713,691,705,2773000,705
2013-04-16,690,702,681,691,5123000,691
2013-04-17,701,711,688,705,3179000,705
2013-04-18,710,722,703,711,3899000,711
2013-04-19,724,724,709,714,4079000,714
2013-04-22,722,740,722,737,2593000,737
2013-04-23,739,750,728,732,3022000,732
2013-04-24,737,749,730,733,2302000,733
2013-04-25,740,769,737,764,5736000,764
2013-04-26,770,771,744,753,5827000,753
2013-04-30,768,796,758,780,5370000,780
2013-05-01,771,779,751,751,1620000,751
2013-05-02,738,756,736,740,2148000,740
2013-05-07,725,743,716,739,6251000,739
2013-05-08,735,747,735,741,3733000,741
2013-05-09,747,766,747,754,2350000,754
2013-05-10,769,781,762,764,3603000,764
2013-05-13,770,786,768,780,2010000,780
2013-05-14,818,827,804,804,3921000,804
2013-05-15,836,847,748,807,5138000,807
2013-05-16,815,828,796,824,3830000,824
2013-05-17,816,827,808,824,2877000,824
2013-05-20,852,887,850,883,3974000,883
2013-05-21,869,897,855,877,7957000,877
2013-05-22,847,881,846,867,4469000,867
2013-05-23,867,887,795,796,8794000,796
2013-05-24,806,834,766,800,5400000,800
2013-05-27,772,777,745,747,5701000,747
2013-05-28,746,792,738,783,5509000,783
2013-05-29,797,803,774,787,3436000,787
2013-05-30,774,774,733,738,4686000,738
2013-05-31,738,749,707,708,7365000,708
2013-06-03,691,716,680,703,5341000,703
2013-06-04,700,716,681,713,2865000,713
2013-06-05,714,732,686,690,4977000,690
2013-06-06,670,687,665,671,2984000,671
2013-06-07,664,675,643,660,3996000,660
2013-06-10,712,726,698,723,6874000,723
2013-06-11,729,733,700,707,4282000,707
2013-06-12,692,720,679,713,4892000,713
2013-06-13,682,684,655,663,4302000,663
2013-06-14,676,690,660,661,5171000,661
2013-06-17,645,670,635,670,5103000,670
2013-06-18,670,676,660,670,2119000,670
2013-06-19,680,697,675,697,3930000,697
2013-06-20,695,695,662,666,4591000,666
2013-06-21,646,668,636,664,5375000,664
2013-06-24,672,675,647,652,1832000,652
2013-06-25,645,648,625,637,2597000,637
2013-06-26,652,655,628,629,1400000,629
2013-06-27,640,644,625,644,1890000,644
2013-06-28,639,659,626,655,4173000,655
2013-07-01,664,665,648,662,1880000,662
2013-07-02,672,676,647,658,3298000,658
2013-07-03,662,679,660,676,3811000,676
2013-07-04,676,686,675,680,3713000,680
2013-07-05,685,696,684,696,1745000,696
2013-07-08,711,717,702,702,3684000,702
2013-07-09,712,716,702,715,2329000,715
2013-07-10,714,731,712,729,3439000,729
2013-07-11,720,740,716,738,2989000,738
2013-07-12,734,743,727,738,3229000,738
2013-07-16,750,758,747,753,1978000,753
2013-07-17,749,758,745,755,1727000,755
2013-07-18,754,761,748,760,1909000,760
2013-07-19,766,773,731,750,5433000,750
2013-07-22,765,769,750,762,5021000,762
2013-07-23,759,759,743,748,3140000,748
2013-07-24,741,745,730,739,2903000,739
2013-07-25,740,745,729,731,2746000,731
2013-07-26,725,725,707,709,1858000,709
2013-07-29,688,696,681,682,2032000,682
2013-07-30,684,723,684,715,3937000,715
2013-07-31,710,737,697,705,4566000,705
2013-08-01,708,715,698,715,1942000,715
2013-08-02,724,749,723,749,3114000,749
2013-08-05,747,747,732,738,1006000,738
2013-08-06,735,749,729,749,1083000,749
2013-08-07,729,730,706,706,2510000,706
2013-08-08,706,722,696,696,1783000,696
2013-08-09,710,736,710,717,3099000,717
2013-08-12,705,732,702,722,2122000,722
2013-08-13,727,733,721,730,1556000,730
2013-08-14,731,762,731,762,2612000,762
2013-08-15,750,759,736,739,4960000,739
2013-08-16,728,734,722,726,1089000,726
2013-08-19,727,737,726,736,1243000,736
2013-08-20,727,742,723,723,1674000,723
2013-08-21,722,734,718,732,1704000,732
2013-08-22,726,733,713,730,1641000,730
2013-08-23,758,780,751,769,6500000,769
2013-08-26,774,779,765,778,2063000,778
2013-08-27,766,780,758,769,1583000,769
2013-08-28,738,743,731,739,3371000,739
2013-08-29,735,746,733,740,2578000,740
2013-08-30,742,747,722,728,2170000,728
2013-09-02,733,744,733,738,1154000,738
2013-09-03,748,768,748,767,1536000,767
2013-09-04,766,780,759,778,1352000,778
2013-09-05,783,804,783,797,3543000,797
2013-09-06,796,807,791,799,2822000,799
2013-09-09,828,830,813,815,1896000,815
2013-09-10,825,842,821,839,3012000,839
2013-09-11,848,875,848,870,4419000,870
2013-09-12,861,880,848,879,3406000,879
2013-09-13,880,906,880,906,5163000,906
2013-09-17,895,906,883,891,2770000,891
2013-09-18,889,916,885,902,2490000,902
2013-09-19,911,923,903,920,2695000,920
2013-09-20,920,923,895,898,3303000,898
2013-09-24,883,911,881,908,1966000,908
2013-09-25,899,900,887,890,1889000,890
2013-09-26,868,894,862,894,2187000,894
2013-09-27,897,906,886,892,1857000,892
2013-09-30,877,897,875,883,1765000,883
2013-10-01,881,893,871,878,1619000,878
2013-10-02,875,886,854,856,1788000,856
2013-10-03,856,860,836,842,2170000,842
2013-10-04,835,845,830,835,1804000,835
2013-10-07,829,835,817,818,1392000,818
2013-10-08,845,878,843,855,4508000,855
2013-10-09,845,865,841,863,2000000,863
2013-10-10,865,869,849,855,1953000,855
2013-10-11,877,888,870,886,2290000,886
2013-10-15,898,898,884,885,1014000,885
2013-10-16,884,887,872,878,1054000,878
2013-10-17,887,917,885,913,3728000,913
2013-10-18,905,905,884,885,3109000,885
2013-10-21,885,897,884,888,1489000,888
2013-10-22,881,885,866,869,2585000,869
2013-10-23,869,873,826,829,6536000,829
2013-10-24,821,847,817,846,3280000,846
2013-10-25,837,838,810,811,2951000,811
2013-10-28,821,839,818,838,2247000,838
2013-10-29,819,837,819,827,1226000,827
2013-10-30,842,850,838,846,1907000,846
2013-10-31,847,857,838,842,2626000,842
2013-11-01,848,848,819,826,2057000,826
2013-11-05,834,843,824,836,1747000,836
2013-11-06,839,867,839,852,2151000,852
2013-11-07,853,854,838,845,1898000,845
2013-11-08,825,840,825,833,1711000,833
2013-11-11,849,851,834,843,1326000,843
2013-11-12,843,868,842,867,1931000,867
2013-11-13,859,871,858,868,2226000,868
2013-11-14,875,895,864,875,4627000,875
2013-11-15,898,902,885,899,4939000,899
2013-11-18,905,912,894,905,2954000,905
2013-11-19,897,910,896,905,1338000,905
2013-11-20,888,895,875,875,4605000,875
2013-11-21,881,885,868,877,4236000,877
2013-11-22,889,907,887,894,4301000,894
2013-11-25,912,918,909,915,2769000,915
2013-11-26,910,927,901,921,2568000,921
2013-11-27,915,915,903,905,1834000,905
2013-11-28,920,922,907,918,1782000,918
2013-11-29,904,912,894,907,1694000,907
2013-12-02,908,915,903,910,1315000,910
2013-12-03,924,924,903,905,3649000,905
2013-12-04,890,893,871,881,3036000,881
2013-12-05,877,885,866,870,3387000,870
2013-12-06,870,888,867,884,2960000,884
2013-12-09,893,895,883,890,3238000,890
2013-12-10,891,892,880,883,3295000,883
2013-12-11,868,881,861,877,4024000,877
2013-12-12,867,873,861,870,3334000,870
2013-12-13,860,876,859,863,6341000,863
2013-12-16,864,870,854,861,3476000,861
2013-12-17,876,894,873,886,3688000,886
2013-12-18,882,915,877,910,5502000,910
2013-12-19,921,938,915,919,4666000,919
2013-12-20,910,931,907,928,3708000,928
2013-12-24,932,935,918,920,3371000,920
2013-12-25,912,920,908,914,1734000,914
2013-12-26,924,931,919,924,1475000,924
2013-12-27,929,933,920,931,1873000,931
2013-12-30,937,940,922,927,2484000,927
2014-01-06,939,940,911,925,3530000,925
2014-01-07,916,936,914,933,2855000,933
2014-01-08,940,961,939,961,2460000,961
2014-01-09,952,957,937,943,1693000,943
2014-01-10,933,949,931,949,2636000,949
2014-01-14,928,928,890,893,4275000,893
2014-01-15,921,931,906,931,3517000,931
2014-01-16,942,960,940,947,2801000,947
2014-01-17,932,940,922,932,2209000,932
2014-01-20,928,928,912,912,1928000,912
2014-01-21,918,927,909,916,2509000,916
2014-01-22,926,940,920,936,2392000,936
2014-01-23,935,941,913,914,2571000,914
2014-01-24,902,905,878,890,4224000,890
2014-01-27,860,871,851,854,4332000,854
2014-01-28,862,882,854,864,4847000,864
2014-01-29,879,882,871,881,1873000,881
2014-01-30,853,859,841,849,1815000,849
2014-01-31,859,869,835,841,2642000,841
2014-02-03,830,840,811,814,2560000,814
2014-02-04,790,794,760,760,3619000,760
2014-02-05,785,786,769,775,3938000,775
2014-02-06,783,783,755,774,3075000,774
2014-02-07,774,801,774,784,3762000,784
2014-02-10,815,818,792,810,3887000,810
2014-02-12,817,827,804,814,3036000,814
2014-02-13,822,822,804,807,2481000,807
2014-02-14,802,819,786,790,3949000,790
2014-02-17,790,814,789,811,2772000,811
2014-02-18,812,840,805,836,4219000,836
2014-02-19,831,847,823,843,2561000,843
2014-02-20,832,834,807,810,2951000,810
2014-02-21,827,839,826,836,1986000,836
2014-02-24,847,848,824,834,2282000,834
2014-02-25,848,864,844,858,2544000,858
2014-02-26,845,861,842,853,1501000,853
2014-02-27,859,890,858,874,3380000,874
2014-02-28,865,874,840,847,3324000,847
2014-03-03,835,849,810,815,3140000,815
2014-03-04,802,818,802,811,1927000,811
2014-03-05,832,839,814,814,2421000,814
2014-03-06,814,832,802,829,1816000,829
2014-03-07,835,843,828,835,2041000,835
2014-03-10,833,835,820,831,1712000,831
2014-03-11,832,834,821,827,1527000,827
2014-03-12,811,812,793,795,2564000,795
2014-03-13,802,808,781,784,2975000,784
2014-03-14,753,760,742,748,5268000,748
2014-03-17,746,754,735,744,2132000,744
2014-03-18,772,772,740,741,2129000,741
2014-03-19,748,755,737,744,2162000,744
2014-03-20,740,743,716,719,3231000,719
2014-03-24,724,732,712,715,3804000,715
2014-03-25,709,711,695,703,3435000,703
2014-03-26,700,703,690,695,4537000,695
2014-03-27,688,690,672,686,4252000,686
2014-03-28,693,704,684,696,3931000,696
2014-03-31,706,728,706,726,4899000,726
2014-04-01,741,743,726,731,3562000,731
2014-04-02,741,756,736,744,4104000,744
2014-04-03,746,748,735,740,1851000,740
2014-04-04,737,747,735,741,1508000,741
2014-04-07,736,747,722,726,1809000,726
2014-04-08,726,727,711,713,2676000,713
2014-04-09,700,710,688,689,2429000,689
2014-04-10,708,726,702,710,3829000,710
2014-04-11,689,707,683,701,3448000,701
2014-04-14,746,746,712,713,6148000,713
2014-04-15,728,765,725,752,7367000,752
2014-04-16,756,780,756,779,5409000,779
2014-04-17,776,786,767,776,3982000,776
2014-04-18,782,782,772,776,1392000,776
2014-04-21,779,785,768,769,1399000,769
2014-04-22,768,770,751,751,1451000,751
2014-04-23,753,761,749,761,1311000,761
2014-04-24,765,772,756,760,2087000,760
2014-04-25,753,771,752,759,1449000,759
2014-04-28,745,747,735,745,1774000,745
2014-04-30,749,753,737,739,1563000,739
2014-05-01,746,755,742,755,2077000,755
2014-05-02,759,775,757,770,2515000,770
2014-05-07,758,759,736,736,2574000,736
2014-05-08,741,753,740,749,1695000,749
2014-05-09,746,763,743,760,1988000,760
2014-05-12,751,756,746,749,1231000,749
2014-05-13,763,765,757,764,1338000,764
2014-05-14,766,776,766,774,1344000,774
2014-05-15,764,843,763,833,8706000,833
2014-05-16,953,982,923,963,43399000,963
2014-05-19,955,966,942,948,11806000,948
2014-05-20,960,971,932,943,11150000,943
2014-05-21,928,940,905,923,7823000,923
2014-05-22,937,955,930,951,3877000,951
2014-05-23,955,970,953,963,3144000,963
2014-05-26,967,967,926,932,7204000,932
2014-05-27,939,980,938,957,7132000,957
2014-05-28,957,977,957,973,3318000,973
2014-05-29,980,980,957,964,3786000,964
2014-05-30,967,976,958,962,3996000,962
2014-06-02,975,1004,971,1001,5134000,1001
2014-06-03,1010,1020,992,1001,4374000,1001
2014-06-04,1002,1003,986,1001,3424000,1001
2014-06-05,1017,1026,1010,1018,3494000,1018
2014-06-06,1021,1022,1006,1010,4375000,1010
2014-06-09,1010,1011,983,992,5113000,992
2014-06-10,995,1009,995,1003,3054000,1003
2014-06-11,1010,1031,1005,1030,5176000,1030
2014-06-12,1021,1069,1016,1055,7200000,1055
2014-06-13,1061,1106,1061,1102,10294000,1102
2014-06-16,1105,1126,1095,1118,7399000,1118
2014-06-17,1119,1120,1093,1100,6007000,1100
2014-06-18,1102,1143,1094,1140,6223000,1140
2014-06-19,1125,1137,1117,1124,4994000,1124
2014-06-20,1115,1115,1087,1099,5683000,1099
2014-06-23,1069,1090,1031,1046,9888000,1046
2014-06-24,1043,1048,1015,1042,6016000,1042
2014-06-25,1040,1040,1016,1020,3453000,1020
2014-06-26,1026,1069,1025,1062,5706000,1062
2014-06-27,1055,1057,1020,1029,3281000,1029
2014-06-30,1028,1037,1009,1030,3151000,1030
2014-07-01,1041,1065,1034,1057,3218100,1057
2014-07-02,1066,1067,1047,1051,2541000,1051
2014-07-03,1064,1067,1035,1047,2933600,1047
2014-07-04,1060,1063,1040,1044,2385300,1044
2014-07-07,1038,1040,1026,1027,2364000,1027
2014-07-08,1022,1039,1014,1031,2452200,1031
2014-07-09,1018,1035,1017,1024,2086700,1024
2014-07-10,1025,1030,1009,1009,2388300,1009
2014-07-11,1003,1009,993,999,3176300,999
2014-07-14,996,998,975,993,3863600,993
2014-07-15,993,1017,992,1013,2658500,1013
2014-07-16,1027,1035,1021,1025,2545900,1025
2014-07-17,1028,1032,1006,1008,1846200,1008
2014-07-18,985,997,982,988,1744400,988
2014-07-22,1008,1014,1002,1004,1710400,1004
2014-07-23,1013,1016,1003,1003,892200,1003
2014-07-24,1003,1003,992,998,1658100,998
2014-07-25,998,1013,993,1011,2558300,1011
2014-07-28,1003,1015,997,1011,1774100,1011
2014-07-29,1018,1019,1004,1006,1558500,1006
2014-07-30,997,1017,996,1012,3078500,1012
2014-07-31,1017,1021,1005,1008,2516900,1008
2014-08-01,999,1004,989,990,3092100,990
2014-08-04,984,1009,969,1003,3792100,1003
2014-08-05,1010,1014,989,990,2798500,990
2014-08-06,985,1001,970,989,2896700,989
2014-08-07,994,1000,951,964,4885800,964
2014-08-08,948,959,923,940,5735500,940
2014-08-11,969,974,955,970,1947000,970
2014-08-12,976,985,970,975,1552100,975
2014-08-13,970,978,952,958,2872500,958
2014-08-14,966,979,957,976,2293400,976
2014-08-15,981,990,971,986,1826000,986
2014-08-18,981,988,975,983,1069100,983
2014-08-19,991,1000,988,996,1907200,996
2014-08-20,999,1000,989,989,1019000,989
2014-08-21,993,1005,990,1004,1728200,1004
2014-08-22,1010,1010,989,990,1215900,990
2014-08-25,998,1002,990,1000,1359900,1000
2014-08-26,996,997,983,990,2031500,990
2014-08-27,989,993,975,977,2022100,977
2014-08-28,975,986,972,974,1577100,974
2014-08-29,971,982,966,980,2866600,980
2014-09-01,976,999,976,990,1541200,990
2014-09-02,990,997,983,991,1523700,991
2014-09-03,994,999,990,993,1705400,993
2014-09-04,991,996,985,991,1393800,991
2014-09-05,991,999,986,992,1647500,992
2014-09-08,995,1023,992,1006,2337700,1006
2014-09-09,1007,1008,983,989,2092600,989
2014-09-10,980,984,968,982,2158200,982
2014-09-11,989,992,978,988,1624100,988
2014-09-12,988,993,982,991,3318800,991
2014-09-16,991,991,975,978,2342300,978
2014-09-17,980,981,972,975,1682400,975
2014-09-18,978,994,976,991,2035500,991
2014-09-19,995,1020,994,1016,3155400,1016
2014-09-22,1024,1027,1011,1019,1629700,1019
2014-09-24,1037,1062,1032,1032,5982700,1032
2014-09-25,1037,1049,1032,1043,3628900,1043
2014-09-26,1019,1038,1016,1030,1988900,1030
2014-09-29,1045,1058,1042,1048,2554000,1048
2014-09-30,1046,1059,1041,1045,3058600,1045
2014-10-01,1047,1051,1023,1024,2366000,1024
2014-10-02,1016,1017,992,995,3081500,995
2014-10-03,992,998,982,994,2025200,994
2014-10-06,1024,1028,1009,1015,2561200,1015
2014-10-07,1009,1011,991,994,2673600,994
2014-10-08,981,982,970,978,2643700,978
2014-10-09,981,986,965,967,2849900,967
2014-10-10,948,951,939,948,3410700,948
2014-10-14,919,930,917,921,3251900,921
2014-10-15,920,924,910,917,3301600,917
2014-10-16,889,899,877,892,4724400,892
2014-10-17,891,898,875,877,2559900,877
2014-10-20,898,911,897,911,2591500,911
2014-10-21,905,908,879,882,2354100,882
2014-10-22,897,905,894,904,1916100,904
2014-10-23,892,902,879,899,3134200,899
2014-10-24,909,917,898,903,2634000,903
2014-10-27,911,914,896,908,1696500,908
2014-10-28,906,917,902,914,2542300,914
2014-10-29,919,932,914,919,2012700,919
2014-10-30,919,923,911,919,1934500,919
2014-10-31,930,965,930,953,4255500,953
2014-11-04,1008,1008,979,991,6031600,991
2014-11-05,992,1000,986,995,2362400,995
2014-11-06,996,1009,990,997,3061500,997
2014-11-07,1003,1009,999,1006,1625000,1006
2014-11-10,997,1006,991,1003,1522800,1003
2014-11-11,1006,1025,1006,1021,2892000,1021
2014-11-12,1032,1034,1015,1017,3008700,1017
2014-11-13,1021,1041,1015,1033,3551700,1033
2014-11-14,1050,1059,1038,1059,5142800,1059
2014-11-17,1060,1062,1029,1033,3272800,1033
2014-11-18,1044,1069,1043,1066,3593200,1066
2014-11-19,1067,1074,1063,1066,2609600,1066
2014-11-20,1072,1079,1064,1066,1561100,1066
2014-11-21,1077,1081,1066,1078,2785700,1078
2014-11-25,1086,1086,1075,1083,2577100,1083
2014-11-26,1075,1077,1066,1074,2183100,1074
2014-11-27,1068,1074,1065,1065,1250600,1065
2014-11-28,1066,1074,1066,1071,1815300,1071
2014-12-01,1066,1075,1062,1070,1792300,1070
2014-12-02,1060,1071,1058,1070,1660100,1070
2014-12-03,1078,1106,1078,1101,4519000,1101
2014-12-04,1103,1105,1087,1095,1760800,1095
2014-12-05,1084,1103,1084,1099,1891100,1099
2014-12-08,1104,1110,1097,1099,2057600,1099
2014-12-09,1088,1099,1085,1089,1573900,1089
2014-12-10,1084,1095,1054,1065,2294700,1065
2014-12-11,1053,1072,1050,1062,2011800,1062
2014-12-12,1060,1078,1059,1060,3858100,1060
2014-12-15,1047,1059,1040,1042,2789600,1042
2014-12-16,1030,1038,1009,1016,3072300,1016
2014-12-17,1017,1030,1015,1024,2132300,1024
2014-12-18,1045,1052,1033,1040,2511700,1040
2014-12-19,1052,1053,1028,1032,3010400,1032
2014-12-22,1042,1051,1028,1050,2781400,1050
2014-12-24,1060,1067,1051,1054,1668000,1054
2014-12-25,1050,1053,1041,1045,803600,1045
2014-12-26,1041,1067,1040,1064,1835300,1064
2014-12-29,1066,1069,1036,1049,1097500,1049
2014-12-30,1046,1050,1037,1037,1185200,1037
2015-01-05,1030,1037,1020,1029,1347800,1029
2015-01-06,1013,1014,999,999,2247700,999
2015-01-07,994,1002,990,992,1778400,992
2015-01-08,1012,1035,1009,1030,2917700,1030
2015-01-09,1039,1040,1011,1014,1653700,1014
2015-01-13,1001,1013,991,1012,1918100,1012
2015-01-14,997,1001,988,990,2224600,990
2015-01-15,992,1019,992,1015,2600500,1015
2015-01-16,1012,1049,1007,1032,4905100,1032
2015-01-19,1041,1052,1030,1036,2080300,1036
2015-01-20,1041,1069,1038,1068,3529500,1068
2015-01-21,1072,1075,1046,1052,2365900,1052
2015-01-22,1057,1066,1051,1056,1890000,1056
2015-01-23,1066,1073,1062,1071,1384700,1071
2015-01-26,1059,1059,1041,1048,2494300,1048
2015-01-27,1063,1082,1060,1082,1912400,1082
2015-01-28,1072,1096,1069,1092,1416500,1092
2015-01-29,1084,1092,1071,1074,1511000,1074
2015-01-30,1086,1094,1075,1080,1388500,1080
2015-02-02,1075,1076,1066,1075,1450900,1075
2015-02-03,1083,1109,1081,1085,3320900,1085
2015-02-04,1103,1110,1088,1093,2046200,1093
2015-02-05,1086,1094,1073,1074,1332400,1074
2015-02-06,1085,1087,1078,1084,974200,1084
2015-02-09,1089,1103,1085,1094,1672900,1094
2015-02-10,1102,1116,1086,1100,2239600,1100
2015-02-12,1093,1095,1044,1046,5077400,1046
2015-02-13,1045,1050,1041,1047,2271300,1047
2015-02-16,1045,1051,1040,1042,1588400,1042
2015-02-17,1040,1048,1028,1041,2167300,1041
2015-02-18,1046,1047,1039,1047,1768700,1047
2015-02-19,1050,1058,1046,1056,1651700,1056
2015-02-20,1060,1083,1058,1079,3063000,1079
2015-02-23,1094,1125,1094,1106,4283300,1106
2015-02-24,1108,1109,1096,1107,1715000,1107
2015-02-25,1110,1120,1106,1115,1965700,1115
2015-02-26,1106,1121,1106,1118,1435900,1118
2015-02-27,1122,1132,1117,1131,2146200,1131
2015-03-02,1135,1158,1134,1146,2127800,1146
2015-03-03,1142,1146,1122,1132,1979400,1132
2015-03-04,1120,1130,1113,1122,1644700,1122
2015-03-05,1102,1122,1098,1121,1723100,1121
2015-03-06,1123,1128,1116,1124,3007700,1124
2015-03-09,1113,1115,1099,1106,2200400,1106
2015-03-10,1118,1124,1105,1112,2170900,1112
2015-03-11,1116,1132,1110,1117,2581500,1117
2015-03-12,1112,1120,1100,1113,1936000,1113
2015-03-13,1118,1140,1108,1132,4405600,1132
2015-03-16,1133,1168,1133,1160,2857200,1160
2015-03-17,1170,1179,1156,1157,1675000,1157
2015-03-18,1162,1173,1160,1171,1671300,1171
2015-03-19,1182,1203,1175,1194,3242300,1194
2015-03-20,1194,1203,1191,1197,1522800,1197
2015-03-23,1198,1208,1187,1191,1523200,1191
2015-03-24,1193,1195,1170,1170,1740800,1170
2015-03-25,1170,1183,1157,1166,1908300,1166
2015-03-26,1164,1165,1148,1156,1936100,1156
2015-03-27,1145,1173,1131,1145,1907000,1145
2015-03-30,1145,1158,1132,1155,1409500,1155
2015-03-31,1173,1192,1157,1157,2540900,1157
2015-04-01,1156,1160,1121,1133,2297200,1133
2015-04-02,1133,1158,1132,1146,1491300,1146
2015-04-03,1143,1175,1142,1168,1694800,1168
2015-04-06,1160,1181,1152,1178,1650100,1178
2015-04-07,1187,1196,1180,1189,1958900,1189
2015-04-08,1197,1218,1194,1201,2679000,1201
2015-04-09,1195,1196,1185,1192,1244600,1192
2015-04-10,1202,1203,1185,1192,1572200,1192
2015-04-13,1200,1205,1186,1204,1128100,1204
2015-04-14,1182,1203,1180,1189,1501400,1189
2015-04-15,1190,1199,1180,1184,1709800,1184
2015-04-16,1188,1202,1181,1201,1660100,1201
2015-04-17,1201,1203,1154,1162,3010500,1162
2015-04-20,1147,1169,1143,1160,988100,1160
2015-04-21,1168,1190,1157,1188,1467600,1188
2015-04-22,1191,1213,1188,1209,2022200,1209
2015-04-23,1217,1239,1213,1232,1759700,1232
2015-04-24,1219,1234,1214,1219,1376500,1219
2015-04-27,1221,1226,1200,1214,1070600,1214
2015-04-28,1212,1251,1207,1248,2149800,1248
2015-04-30,1226,1231,1211,1214,1676000,1214
2015-05-01,1195,1201,1175,1187,2013500,1187
2015-05-07,1183,1222,1182,1220,3208400,1220
2015-05-08,1212,1231,1198,1209,1641900,1209
2015-05-11,1217,1224,1191,1205,1713600,1205
2015-05-12,1214,1220,1197,1218,1868300,1218
2015-05-13,1224,1287,1203,1266,4209600,1266
2015-05-14,1266,1278,1236,1260,2800000,1260
2015-05-15,1270,1276,1252,1269,2163600,1269
2015-05-18,1276,1289,1270,1287,2080300,1287
2015-05-19,1290,1292,1273,1283,2479400,1283
2015-05-20,1286,1298,1280,1283,1567400,1283
2015-05-21,1263,1282,1262,1271,1743500,1271
2015-05-22,1269,1278,1268,1273,1009400,1273
2015-05-25,1273,1273,1257,1265,1481800,1265
2015-05-26,1270,1287,1264,1285,1649600,1285
2015-05-27,1272,1278,1260,1269,2032200,1269
2015-05-28,1279,1280,1265,1270,1658800,1270
2015-05-29,1259,1279,1256,1272,2020600,1272
2015-06-01,1270,1289,1269,1280,1492800,1280
2015-06-02,1283,1292,1278,1281,1299200,1281
2015-06-03,1289,1320,1283,1316,2990800,1316
2015-06-04,1321,1328,1316,1319,1489600,1319
2015-06-05,1310,1325,1309,1320,1574800,1320
2015-06-08,1321,1330,1315,1326,1674200,1326
2015-06-09,1315,1319,1294,1295,2382600,1295
2015-06-10,1295,1317,1290,1296,1853300,1296
2015-06-11,1305,1306,1294,1305,1296500,1305
2015-06-12,1296,1310,1285,1310,3355100,1310
2015-06-15,1306,1318,1296,1318,1818600,1318
2015-06-16,1326,1336,1310,1314,1594500,1314
2015-06-17,1319,1322,1291,1300,1754400,1300
2015-06-18,1300,1310,1288,1289,1611000,1289
2015-06-19,1305,1309,1287,1290,1597100,1290
2015-06-22,1290,1296,1277,1295,1193900,1295
2015-06-23,1300,1312,1294,1312,1469100,1312
2015-06-24,1320,1339,1314,1331,1687700,1331
2015-06-25,1327,1361,1327,1342,2690100,1342
2015-06-26,1351,1357,1328,1354,1725900,1354
2015-06-29,1316,1320,1301,1303,1752800,1303
2015-06-30,1299,1301,1284,1294,2588400,1294
2015-07-01,1300,1314,1291,1300,1723000,1300
2015-07-02,1309,1317,1297,1305,1916700,1305
2015-07-03,1309,1313,1298,1313,1159300,1313
2015-07-06,1286,1301,1270,1275,2100700,1275
2015-07-07,1294,1299,1283,1286,1925500,1286
2015-07-08,1266,1270,1224,1224,3041100,1224
2015-07-09,1191,1219,1169,1219,2810600,1219
2015-07-10,1219,1243,1203,1220,2802000,1220
2015-07-13,1235,1251,1221,1243,2137100,1243
2015-07-14,1268,1280,1259,1265,2154800,1265
2015-07-15,1267,1272,1246,1265,1514300,1265
2015-07-16,1270,1273,1257,1268,1553400,1268
2015-07-17,1262,1272,1252,1262,1274900,1262
2015-07-21,1281,1285,1267,1273,1016400,1273
2015-07-22,1260,1287,1255,1278,2226000,1278
2015-07-23,1273,1286,1265,1268,1305800,1268
2015-07-24,1260,1261,1227,1231,1694400,1231
2015-07-27,1219,1220,1204,1213,1428200,1213
2015-07-28,1205,1221,1196,1209,1384800,1209
2015-07-29,1209,1210,1183,1185,2061600,1185
2015-07-30,1194,1212,1188,1192,1928100,1192
2015-07-31,1192,1220,1178,1215,1418600,1215
2015-08-03,1215,1218,1186,1191,1821000,1191
2015-08-04,1169,1191,1162,1172,2394100,1172
2015-08-05,1170,1189,1168,1182,2781000,1182
2015-08-06,1194,1260,1190,1225,4564100,1225
2015-08-07,1225,1253,1224,1246,2532800,1246
2015-08-10,1234,1235,1212,1223,2011000,1223
2015-08-11,1233,1254,1225,1237,2140200,1237
2015-08-12,1230,1248,1212,1214,1578600,1214
2015-08-13,1213,1235,1206,1231,1514300,1231
2015-08-14,1214,1227,1171,1183,2968700,1183
2015-08-17,1192,1209,1185,1191,1572100,1191
2015-08-18,1192,1207,1190,1195,1173800,1195
2015-08-19,1190,1204,1164,1166,2042300,1166
2015-08-20,1140,1161,1138,1143,2453400,1143
2015-08-21,1123,1138,1110,1111,2773100,1111
2015-08-24,1080,1100,1060,1065,2889000,1065
2015-08-25,1038,1082,1012,1023,3549900,1023
2015-08-26,1010,1058,1010,1049,3205900,1049
2015-08-27,1058,1069,1032,1040,3224700,1040
2015-08-28,1057,1080,1057,1076,3884800,1076
2015-08-31,1075,1080,1055,1063,2304900,1063
2015-09-01,1063,1079,1033,1036,3759000,1036
2015-09-02,1015,1043,1008,1017,3291900,1017
2015-09-03,1044,1067,1039,1040,2074700,1040
2015-09-04,1046,1046,1003,1022,1951200,1022
2015-09-07,1016,1044,1010,1032,1798000,1032
2015-09-08,1035,1050,1027,1031,1988700,1031
2015-09-09,1053,1068,1042,1068,3396500,1068
2015-09-10,1034,1041,1006,1036,3522300,1036
2015-09-11,1019,1033,1013,1027,3505700,1027
2015-09-14,1031,1037,1016,1020,1794200,1020
2015-09-15,1029,1043,1022,1023,1561700,1023
2015-09-16,1028,1034,1012,1029,2169900,1029
2015-09-17,1036,1052,1036,1049,1474100,1049
2015-09-18,1035,1040,1016,1018,2080200,1018
2015-09-24,1000,1001,930,931,5180000,931
2015-09-25,941,958,925,938,4461300,938
2015-09-28,935,941,912,932,3734200,932
2015-09-29,905,913,886,886,2972100,886
2015-09-30,899,916,890,908,2494900,908
2015-10-01,911,933,899,925,1776200,925
2015-10-02,913,939,906,926,1988700,926
2015-10-05,943,967,938,961,2264300,961
2015-10-06,974,992,965,985,3004100,985
2015-10-07,996,1046,990,1044,3597900,1044
2015-10-08,1023,1077,1017,1044,3310200,1044
2015-10-09,1053,1083,1053,1081,2810800,1081
2015-10-13,1060,1076,1040,1043,2868100,1043
2015-10-14,1035,1043,996,1011,2639500,1011
2015-10-15,1003,1033,1003,1029,1530700,1029
2015-10-16,1037,1041,1020,1035,1291300,1035
2015-10-19,1032,1032,1007,1013,1262200,1013
2015-10-20,1012,1019,1001,1015,1067900,1015
2015-10-21,1022,1062,1022,1059,1597200,1059
2015-10-22,1047,1068,1044,1047,1055600,1047
2015-10-23,1081,1108,1077,1086,2124300,1086
2015-10-26,1113,1116,1101,1103,1351800,1103
2015-10-27,1108,1108,1069,1070,1407000,1070
2015-10-28,1070,1072,1058,1069,1462700,1069
2015-10-29,1099,1105,1076,1088,1828100,1088
2015-10-30,1083,1094,1071,1083,2197000,1083
2015-11-02,1070,1083,1051,1055,1634700,1055
2015-11-04,1086,1101,1082,1082,2133700,1082
2015-11-05,1091,1111,1088,1094,2045600,1094
2015-11-06,1083,1112,1075,1109,1921600,1109
2015-11-09,1111,1136,1111,1133,2503100,1133
2015-11-10,1122,1141,1114,1140,1879900,1140
2015-11-11,1141,1143,1114,1128,1809800,1128
2015-11-12,1140,1177,1108,1139,4942100,1139
2015-11-13,1136,1147,1122,1142,2688300,1142
2015-11-16,1110,1144,1106,1136,1768300,1136
2015-11-17,1157,1186,1148,1148,2090000,1148
2015-11-18,1170,1175,1157,1160,2110100,1160
2015-11-19,1180,1180,1162,1168,1923200,1168
2015-11-20,1165,1165,1146,1162,1965000,1162
2015-11-24,1172,1205,1170,1201,2981300,1201
2015-11-25,1199,1199,1177,1190,1511100,1190
2015-11-26,1199,1205,1188,1192,2039700,1192
2015-11-27,1187,1193,1163,1167,2602700,1167
2015-11-30,1182,1216,1182,1212,3941500,1212
2015-12-01,1224,1243,1217,1240,2726300,1240
2015-12-02,1234,1236,1216,1230,1447900,1230
2015-12-03,1240,1244,1228,1230,1754700,1230
2015-12-04,1204,1220,1195,1202,1879600,1202
2015-12-07,1270,1276,1258,1265,3717100,1265
2015-12-08,1264,1264,1221,1227,2687200,1227
2015-12-09,1215,1246,1211,1220,2253000,1220
2015-12-10,1202,1218,1186,1191,3519500,1191
2015-12-11,1182,1205,1182,1192,3331800,1192
2015-12-14,1177,1196,1148,1180,2415800,1180
2015-12-15,1185,1205,1151,1153,2559800,1153
2015-12-16,1175,1188,1159,1167,2671700,1167
2015-12-17,1204,1215,1182,1187,2093100,1187
2015-12-18,1171,1209,1147,1148,3522500,1148
2015-12-21,1135,1152,1132,1150,2228300,1150
2015-12-22,1137,1156,1133,1142,2372000,1142
2015-12-24,1146,1166,1136,1136,1816300,1136
2015-12-25,1131,1143,1124,1131,970300,1131
2015-12-28,1142,1159,1139,1151,1296500,1151
2015-12-29,1141,1162,1127,1160,1462500,1160
2015-12-30,1170,1191,1164,1164,1696500,1164
2016-01-04,1150,1186,1144,1159,4086600,1159
2016-01-05,1151,1170,1137,1139,3171500,1139
2016-01-06,1130,1139,1111,1117,1991200,1117
2016-01-07,1110,1121,1087,1088,2369100,1088
2016-01-08,1081,1144,1080,1116,4292800,1116
2016-01-12,1093,1111,1065,1066,3621200,1066
2016-01-13,1080,1112,1074,1104,2467700,1104
2016-01-14,1075,1085,1052,1070,2715200,1070
2016-01-15,1097,1106,1064,1073,2094600,1073
2016-01-18,1043,1061,1037,1054,1722500,1054
2016-01-19,1053,1076,1042,1070,1694800,1070
2016-01-20,1071,1077,1027,1028,2378500,1028
2016-01-21,1032,1063,1010,1010,2110800,1010
2016-01-22,1058,1085,1042,1082,2310200,1082
2016-01-25,1090,1100,1075,1086,1628200,1086
2016-01-26,1060,1068,1049,1050,1638100,1050
2016-01-27,1077,1106,1075,1102,1948100,1102
2016-01-28,1089,1098,1076,1084,2698500,1084
2016-01-29,1097,1125,1061,1121,4231400,1121
2016-02-01,1136,1142,1105,1113,4528700,1113
2016-02-02,1096,1106,1088,1089,2079000,1089
2016-02-03,1073,1074,1032,1042,3097500,1042
2016-02-04,1032,1068,1030,1048,2924500,1048
2016-02-05,1037,1048,1026,1044,1271500,1044
2016-02-08,1040,1071,1021,1064,1647200,1064
2016-02-09,1022,1027,997,1004,2607600,1004
2016-02-10,996,1003,948,991,4209700,991
2016-02-12,992,1023,978,982,6286400,982
2016-02-15,1012,1082,1003,1074,3584400,1074
2016-02-16,1049,1112,1045,1095,2512100,1095
2016-02-17,1095,1116,1064,1082,2822600,1082
2016-02-18,1113,1128,1107,1116,2011400,1116
2016-02-19,1105,1109,1074,1091,1925600,1091
2016-02-22,1061,1094,1053,1089,1894700,1089
2016-02-23,1089,1113,1071,1075,2123800,1075
2016-02-24,1061,1067,1032,1047,2309000,1047
2016-02-25,1054,1063,1035,1044,2180000,1044
2016-02-26,1059,1073,1053,1056,1524600,1056
2016-02-29,1065,1089,1047,1047,2201600,1047
2016-03-01,1033,1037,1012,1026,2527200,1026
2016-03-02,1086,1107,1074,1091,2230300,1091
2016-03-03,1115,1149,1113,1128,2411300,1128
2016-03-04,1126,1158,1126,1149,2183200,1149
2016-03-07,1173,1186,1137,1146,2589500,1146
2016-03-08,1146,1168,1099,1123,3459700,1123
2016-03-09,1105,1114,1095,1110,1662900,1110
2016-03-10,1131,1147,1129,1138,2158400,1138
2016-03-11,1121,1139,1103,1131,3479000,1131
2016-03-14,1145,1151,1135,1142,1379900,1142
2016-03-15,1135,1142,1121,1128,1383400,1128
2016-03-16,1111,1127,1104,1123,1620400,1123
2016-03-17,1133,1142,1106,1112,2138800,1112
2016-03-18,1113,1126,1091,1101,1660500,1101
2016-03-22,1117,1133,1104,1116,1555200,1116
2016-03-23,1111,1115,1100,1105,1341400,1105
2016-03-24,1100,1106,1094,1098,1603100,1098
2016-03-25,1100,1115,1098,1113,1542500,1113
2016-03-28,1124,1130,1113,1129,1547300,1129
2016-03-29,1106,1121,1101,1110,1654600,1110
2016-03-30,1108,1116,1098,1104,1779700,1104
2016-03-31,1114,1124,1098,1098,2200600,1098
2016-04-01,1099,1102,1048,1052,2224500,1052
2016-04-04,1051,1070,1042,1047,2014000,1047
2016-04-05,1052,1062,1029,1032,2440900,1032
2016-04-06,1026,1041,1021,1030,1482400,1030
2016-04-07,1028,1046,1015,1026,1523800,1026
2016-04-08,1015,1065,1010,1049,2005200,1049
2016-04-11,1043,1049,1023,1044,1148600,1044
2016-04-12,1041,1075,1039,1070,1381300,1070
2016-04-13,1087,1103,1076,1098,1530700,1098
2016-04-14,1115,1132,1107,1127,1617000,1127
2016-04-15,1140,1140,1112,1122,1569000,1122
2016-04-18,1078,1097,1077,1082,1282700,1082
2016-04-19,1120,1132,1113,1130,1278100,1130
2016-04-20,1136,1145,1128,1134,1107800,1134
2016-04-21,1157,1161,1147,1159,1534000,1159
2016-04-22,1147,1167,1141,1167,1315800,1167
2016-04-25,1171,1180,1160,1169,1897400,1169
2016-04-26,1165,1174,1158,1171,1326500,1171
2016-04-27,1173,1175,1158,1159,1797400,1159
2016-04-28,1175,1178,1109,1113,2188900,1113
2016-05-02,1072,1082,1045,1053,2657100,1053
2016-05-06,1064,1074,1045,1059,1802400,1059
2016-05-09,1066,1071,1056,1062,926500,1062
2016-05-10,1061,1085,1051,1082,1584200,1082
2016-05-11,1103,1116,1097,1103,1359100,1103
2016-05-12,1078,1206,1076,1178,4076900,1178
2016-05-13,1198,1198,1135,1149,3329400,1149
2016-05-16,1139,1181,1139,1169,1679900,1169
2016-05-17,1175,1185,1173,1180,1219400,1180
2016-05-18,1175,1192,1171,1179,1824800,1179
2016-05-19,1190,1190,1161,1166,1673600,1166
2016-05-20,1161,1165,1145,1158,3811700,1158
2016-05-23,1159,1173,1147,1170,2133900,1170
2016-05-24,1164,1169,1158,1161,1645600,1161
2016-05-25,1175,1179,1165,1169,1697400,1169
2016-05-26,1180,1193,1176,1177,1695000,1177
2016-05-27,1199,1209,1193,1205,2537700,1205
2016-05-30,1220,1229,1204,1215,1978400,1215
2016-05-31,1214,1227,1208,1221,2744100,1221
2016-06-01,1208,1227,1206,1210,2065100,1210
2016-06-02,1204,1211,1185,1188,1748200,1188
2016-06-03,1192,1203,1182,1192,1513300,1192
2016-06-06,1180,1184,1152,1157,3300300,1157
2016-06-07,1172,1178,1163,1171,1549600,1171
2016-06-08,1176,1187,1164,1176,1690900,1176
2016-06-09,1167,1171,1148,1156,1505700,1156
2016-06-10,1157,1160,1138,1146,2555500,1146
2016-06-13,1134,1137,1114,1115,2275700,1115
2016-06-14,1127,1132,1107,1116,2198600,1116
2016-06-15,1106,1132,1103,1122,1329600,1122
2016-06-16,1109,1116,1078,1081,1514300,1081
2016-06-17,1104,1116,1100,1109,2261100,1109
2016-06-20,1135,1154,1126,1150,2206000,1150
2016-06-21,1150,1155,1131,1150,1963600,1150
2016-06-22,1141,1145,1119,1121,1440300,1121
2016-06-23,1125,1140,1108,1139,1557000,1139
2016-06-24,1142,1155,1038,1048,2514800,1048
2016-06-27,1068,1071,1018,1034,1994700,1034
2016-06-28,1012,1036,999,1026,2300900,1026
2016-06-29,1005,1031,995,1026,3238200,1026
2016-06-30,1041,1045,1025,1032,2590700,1032
2016-07-01,1048,1051,1033,1034,1639000,1034
2016-07-04,1020,1024,1003,1020,2125300,1020
2016-07-05,1008,1017,995,1002,2190900,1002
2016-07-06,980,988,966,979,2698000,979
2016-07-07,981,985,966,970,2391300,970
2016-07-08,970,989,964,967,2715800,967
2016-07-11,999,1018,991,1010,1783300,1010
2016-07-12,1031,1042,1021,1029,2502400,1029
2016-07-13,1059,1069,1047,1060,2480100,1060
2016-07-14,1050,1058,1036,1056,1950700,1056
2016-07-15,1059,1097,1052,1086,3817200,1086
2016-07-19,1091,1099,1082,1098,2382800,1098
2016-07-20,1098,1106,1085,1105,1915700,1105
2016-07-21,1122,1134,1118,1128,2531900,1128
2016-07-22,1117,1129,1110,1126,2482900,1126
2016-07-25,1131,1142,1123,1127,1658300,1127
2016-07-26,1114,1115,1097,1106,2134300,1106
2016-07-27,1115,1136,1107,1131,3281200,1131
2016-07-28,1128,1143,1120,1138,1555700,1138
2016-07-29,1130,1137,1094,1127,3224700,1127
2016-08-01,1117,1119,1104,1115,2450700,1115
2016-08-02,1093,1101,1088,1091,2171500,1091
2016-08-03,1065,1075,1054,1056,1882900,1056
2016-08-04,1059,1102,1057,1100,2482300,1100
2016-08-05,1091,1109,1032,1041,3521200,1041
2016-08-08,1049,1056,1037,1045,2167500,1045
2016-08-09,1041,1074,1040,1071,1904900,1071
2016-08-10,1064,1066,1054,1059,1380000,1059
2016-08-12,1076,1079,1066,1076,1220800,1076
2016-08-15,1076,1079,1060,1062,956200,1062
2016-08-16,1065,1070,1044,1044,1133300,1044
2016-08-17,1043,1076,1041,1072,1632900,1072
2016-08-18,1066,1069,1053,1057,1410300,1057
2016-08-19,1071,1084,1067,1074,1488900,1074
2016-08-22,1075,1075,1062,1073,1368100,1073
2016-08-23,1071,1071,1040,1045,1618300,1045
2016-08-24,1047,1056,1039,1044,1157200,1044
2016-08-25,1052,1055,1044,1049,1891700,1049
2016-08-26,1032,1035,1015,1020,2143400,1020
2016-08-29,1039,1057,1039,1051,1579500,1051
2016-08-30,1046,1067,1046,1065,1412900,1065
2016-08-31,1076,1085,1073,1082,1068000,1082
2016-09-01,1084,1094,1073,1093,1520300,1093
2016-09-02,1105,1107,1081,1089,1227600,1089
2016-09-05,1093,1101,1090,1093,1129800,1093
2016-09-06,1050,1051,1017,1037,4712400,1037
2016-09-07,1028,1034,1019,1026,2486200,1026
2016-09-08,1027,1044,1027,1040,1874300,1040
2016-09-09,1045,1048,1035,1039,2471500,1039
2016-09-12,1023,1031,1021,1024,1364200,1024
2016-09-13,1027,1039,1025,1033,1317300,1033
2016-09-14,1030,1042,1024,1036,1254100,1036
2016-09-15,1029,1043,1026,1037,2127700,1037
2016-09-16,1044,1055,1040,1051,1826000,1051
2016-09-20,1043,1082,1037,1068,2872200,1068
2016-09-21,1073,1090,1053,1090,1873700,1090
2016-09-23,1090,1090,1071,1077,1376400,1077
2016-09-26,1065,1066,1053,1056,1355700,1056
2016-09-27,1058,1075,1041,1075,1793300,1075
2016-09-28,1031,1046,1029,1036,1695400,1036
2016-09-29,1047,1063,1043,1054,1462500,1054
2016-09-30,1043,1053,1034,1044,1805000,1044
2016-10-03,1068,1068,1036,1042,1293700,1042
2016-10-04,1052,1059,1046,1059,1097400,1059
2016-10-05,1056,1075,1052,1075,1363400,1075
2016-10-06,1083,1088,1079,1080,1011300,1080
2016-10-07,1084,1087,1075,1085,1063000,1085
2016-10-11,1090,1095,1079,1094,1394300,1094
2016-10-12,1077,1093,1068,1089,1632500,1089
2016-10-13,1097,1098,1076,1078,1407400,1078
2016-10-14,1075,1097,1073,1096,2078100,1096
2016-10-17,1099,1107,1094,1103,1020200,1103
2016-10-18,1099,1109,1088,1105,1945600,1105
2016-10-19,1104,1113,1098,1108,1320800,1108
2016-10-20,1118,1140,1112,1140,1811500,1140
2016-10-21,1140,1152,1138,1142,1407400,1142
2016-10-24,1144,1154,1141,1152,1279600,1152
2016-10-25,1159,1165,1153,1158,1503600,1158
2016-10-26,1163,1179,1158,1179,1618600,1179
2016-10-27,1166,1173,1162,1170,1177500,1170
2016-10-28,1184,1194,1178,1188,2933500,1188
2016-10-31,1183,1198,1182,1198,1493000,1198
2016-11-01,1200,1214,1192,1212,2004800,1212
2016-11-02,1197,1208,1185,1197,1598000,1197
2016-11-04,1176,1187,1167,1185,2025300,1185
2016-11-07,1207,1217,1197,1207,1673900,1207
2016-11-08,1199,1200,1179,1182,2501100,1182
2016-11-09,1185,1199,1087,1106,4824600,1106
2016-11-10,1190,1197,1113,1154,4316200,1154
2016-11-11,1230,1242,1194,1214,4026500,1214
2016-11-14,1219,1245,1212,1242,2502600,1242
2016-11-15,1248,1249,1228,1239,1747600,1239
2016-11-16,1250,1265,1249,1262,2216000,1262
2016-11-17,1262,1262,1239,1252,1792400,1252
2016-11-18,1250,1255,1223,1228,3309700,1228
2016-11-21,1230,1243,1212,1219,2908400,1219
2016-11-22,1231,1243,1223,1241,2131200,1241
2016-11-24,1252,1255,1240,1241,1412500,1241
2016-11-25,1236,1254,1236,1245,1936800,1245
2016-11-28,1243,1261,1238,1260,1615700,1260
2016-11-29,1259,1267,1255,1260,1897500,1260
2016-11-30,1263,1273,1253,1273,2661400,1273
2016-12-01,1299,1316,1298,1304,2906800,1304
2016-12-02,1320,1323,1298,1302,2011900,1302
2016-12-05,1297,1322,1284,1319,1963200,1319
2016-12-06,1328,1328,1294,1302,2513400,1302
2016-12-07,1309,1309,1292,1306,2059600,1306
2016-12-08,1300,1304,1289,1300,3302400,1300
2016-12-09,1270,1308,1264,1306,3307200,1306
2016-12-12,1320,1320,1295,1304,1883400,1304
2016-12-13,1300,1312,1286,1312,1291900,1312
2016-12-14,1317,1331,1305,1330,2015500,1330
2016-12-15,1343,1355,1306,1314,2114500,1314
2016-12-16,1331,1337,1321,1333,1311000,1333
2016-12-19,1323,1326,1311,1318,1215900,1318
2016-12-20,1326,1332,1317,1329,1060100,1329
2016-12-21,1322,1328,1313,1319,1958500,1319
2016-12-22,1312,1316,1294,1310,2394700,1310
2016-12-26,1311,1322,1299,1299,1367800,1299
2016-12-27,1294,1308,1287,1301,1048300,1301
2016-12-28,1310,1323,1309,1321,716100,1321
2016-12-29,1321,1321,1290,1297,1387900,1297
2016-12-30,1288,1310,1283,1305,951200,1305
2017-01-04,1314,1354,1314,1354,1851600,1354
