Date,Open,High,Low,Close,Volume,Adj Close
2008-10-20,350,364,334,361,8505000,361
2008-10-21,371,375,352,362,5405000,362
2008-10-22,350,350,315,320,8439000,320
2008-10-23,296,302,277,302,9350000,302
2008-10-24,282,285,260,262,6824000,262
2008-10-27,257,280,228,233,11268000,233
2008-10-28,223,249,200,241,15763000,241
2008-10-29,261,266,227,247,13518000,247
2008-10-30,255,306,244,294,26031000,294
2008-10-31,279,305,274,284,17505000,284
2008-11-04,304,314,297,306,7658000,306
2008-11-05,341,386,336,376,19877000,376
2008-11-06,346,356,327,340,10218000,340
2008-11-07,299,333,280,323,17175000,323
2008-11-10,363,365,348,349,16915000,349
2008-11-11,344,381,337,350,12945000,350
2008-11-12,345,371,337,360,12436000,360
2008-11-13,345,350,329,342,12563000,342
2008-11-14,370,371,351,352,10307000,352
2008-11-17,342,375,332,358,11791000,358
2008-11-18,358,365,349,350,5665000,350
2008-11-19,354,360,325,338,8314000,338
2008-11-20,323,323,302,304,8996000,304
2008-11-21,277,320,277,316,10063000,316
2008-11-25,341,341,323,336,8601000,336
2008-11-26,326,335,318,326,7417000,326
2008-11-27,332,344,332,340,5785000,340
2008-11-28,341,363,338,357,10702000,357
2008-12-01,355,367,355,361,6358000,361
2008-12-02,336,338,316,318,7137000,318
2008-12-03,325,329,313,319,6247000,319
2008-12-04,314,322,293,296,6585000,296
2008-12-05,297,302,284,287,5970000,287
2008-12-08,292,315,289,312,7035000,312
2008-12-09,320,329,310,317,6775000,317
2008-12-10,312,333,312,326,5611000,326
2008-12-11,316,344,316,343,7439000,343
2008-12-12,338,348,316,325,10044000,325
2008-12-15,345,349,338,339,3566000,339
2008-12-16,334,339,329,334,4777000,334
2008-12-17,344,350,328,338,6184000,338
2008-12-18,333,347,333,338,4372000,338
2008-12-19,339,346,331,331,4277000,331
2008-12-22,334,343,331,335,2816000,335
2008-12-24,338,338,319,325,3224000,325
2008-12-25,330,333,326,332,1404000,332
2008-12-26,331,335,327,334,1210000,334
2008-12-29,334,343,332,342,2432000,342
2008-12-30,344,356,342,350,2302000,350
2009-01-05,360,370,357,370,2534000,370
2009-01-06,370,380,362,378,6537000,378
2009-01-07,383,412,383,398,8230000,398
2009-01-08,383,387,377,378,4217000,378
2009-01-09,383,393,377,377,8156000,377
2009-01-13,352,359,347,357,4842000,357
2009-01-14,356,366,353,358,2773000,358
2009-01-15,340,342,334,337,5356000,337
2009-01-16,342,343,325,331,6746000,331
2009-01-19,333,341,329,329,3832000,329
2009-01-20,325,325,311,320,4824000,320
2009-01-21,310,310,298,305,4320000,305
2009-01-22,309,310,294,299,5726000,299
2009-01-23,291,298,288,288,5017000,288
2009-01-26,279,287,272,280,5152000,280
2009-01-27,285,307,285,301,5777000,301
2009-01-28,303,314,300,308,4497000,308
2009-01-29,333,333,311,313,7135000,313
2009-01-30,293,302,288,292,4780000,292
2009-02-02,284,290,275,280,7084000,280
2009-02-03,284,296,276,280,6520000,280
2009-02-04,285,293,279,292,8539000,292
2009-02-05,287,303,284,292,6895000,292
2009-02-06,302,308,291,297,4617000,297
2009-02-09,312,312,292,292,4952000,292
2009-02-10,302,302,290,290,4675000,290
2009-02-12,282,286,280,282,5148000,282
2009-02-13,287,289,281,283,4204000,283
2009-02-16,279,285,277,282,2877000,282
2009-02-17,277,279,266,270,4853000,270
2009-02-18,263,274,263,269,4844000,269
2009-02-19,268,273,266,266,4518000,266
2009-02-20,261,269,258,262,4063000,262
2009-02-23,256,260,247,256,4862000,256
2009-02-24,242,253,240,253,3850000,253
2009-02-25,263,271,255,269,5521000,269
2009-02-26,268,279,267,272,4363000,272
2009-02-27,263,267,255,263,6227000,263
2009-03-02,249,255,245,246,4285000,246
2009-03-03,235,253,235,251,5346000,251
2009-03-04,241,253,240,250,8099000,250
2009-03-05,260,266,255,256,6328000,256
2009-03-06,253,257,245,248,5635000,248
2009-03-09,249,250,238,241,3213000,241
2009-03-10,239,245,234,240,2643000,240
2009-03-11,251,255,248,255,3888000,255
2009-03-12,255,255,243,247,4981000,247
2009-03-13,262,266,255,264,7939000,264
2009-03-16,264,290,264,287,8369000,287
2009-03-17,292,308,292,305,8794000,305
2009-03-18,308,319,303,309,7875000,309
2009-03-19,313,314,306,310,3175000,310
2009-03-23,317,334,313,332,6992000,332
2009-03-24,352,354,340,348,8776000,348
2009-03-25,349,350,334,339,6806000,339
2009-03-26,349,361,346,357,6532000,357
2009-03-27,366,369,348,350,9456000,350
2009-03-30,347,349,323,325,6724000,325
2009-03-31,335,343,323,325,9196000,325
2009-04-01,327,334,323,330,5793000,330
2009-04-02,344,354,341,351,8362000,351
2009-04-03,356,368,349,353,7585000,353
2009-04-06,373,394,373,385,16719000,385
2009-04-07,390,390,378,381,7763000,381
2009-04-08,374,375,360,365,6383000,365
2009-04-09,374,387,373,385,7264000,385
2009-04-10,402,406,383,392,8220000,392
2009-04-13,390,405,383,401,5167000,401
2009-04-14,426,430,412,423,13674000,423
2009-04-15,418,418,405,412,8938000,412
2009-04-16,419,429,399,402,7621000,402
2009-04-17,403,412,399,407,7007000,407
2009-04-20,402,404,393,402,6442000,402
2009-04-21,382,399,380,391,6863000,391
2009-04-22,395,400,376,379,6259000,379
2009-04-23,386,390,378,386,5584000,386
2009-04-24,391,399,383,389,6009000,389
2009-04-27,396,403,390,398,5559000,398
2009-04-28,393,408,379,382,8259000,382
2009-04-30,392,412,390,408,6601000,408
2009-05-01,403,420,402,417,5954000,417
2009-05-07,442,450,439,450,7501000,450
2009-05-08,450,459,439,455,4894000,455
2009-05-11,460,465,451,454,3834000,454
2009-05-12,424,424,404,413,15299000,413
2009-05-13,404,408,388,400,8942000,400
2009-05-14,395,396,385,387,5890000,387
2009-05-15,388,397,383,392,5153000,392
2009-05-18,390,390,377,379,7566000,379
2009-05-19,399,403,387,388,7647000,388
2009-05-20,401,414,400,410,9418000,410
2009-05-21,398,406,397,403,5412000,403
2009-05-22,388,392,383,389,9463000,389
2009-05-25,393,400,385,398,8841000,398
2009-05-26,394,396,386,391,5384000,391
2009-05-27,398,399,393,398,4754000,398
2009-05-28,395,400,392,395,4709000,395
2009-05-29,398,399,393,396,5258000,396
2009-06-01,395,398,390,394,4718000,394
2009-06-02,409,439,405,426,20491000,426
2009-06-03,431,454,430,437,16878000,437
2009-06-04,433,446,432,437,6329000,437
2009-06-05,447,448,442,443,6271000,443
2009-06-08,448,456,444,453,5619000,453
2009-06-09,448,449,432,433,5037000,433
2009-06-10,433,445,431,444,5078000,444
2009-06-11,444,455,441,451,4330000,451
2009-06-12,457,472,454,459,8161000,459
2009-06-15,458,458,444,446,3335000,446
2009-06-16,427,432,413,422,8478000,422
2009-06-17,413,424,409,424,5687000,424
2009-06-18,419,419,401,406,6542000,406
2009-06-19,411,419,401,408,4796000,408
2009-06-22,413,425,410,419,4822000,419
2009-06-23,403,406,395,397,5930000,397
2009-06-24,398,411,396,405,5264000,405
2009-06-25,415,429,411,422,4710000,422
2009-06-26,432,433,424,430,4571000,430
2009-06-29,434,440,422,426,4331000,426
2009-06-30,441,441,428,431,3432000,431
2009-07-01,430,439,424,427,3998000,427
2009-07-02,426,430,418,424,4068000,424
2009-07-03,422,432,415,430,4322000,430
2009-07-06,423,427,413,418,4308000,418
2009-07-07,416,421,405,407,3079000,407
2009-07-08,395,396,384,390,4275000,390
2009-07-09,381,393,372,385,4696000,385
2009-07-10,386,387,375,378,4545000,378
2009-07-13,368,375,351,357,5123000,357
2009-07-14,367,383,366,372,5379000,372
2009-07-15,376,377,369,372,3196000,372
2009-07-16,383,388,375,376,2985000,376
2009-07-17,378,382,369,372,3281000,372
2009-07-21,392,412,391,410,8820000,410
2009-07-22,409,422,406,418,5922000,418
2009-07-23,420,431,419,423,7893000,423
2009-07-24,436,447,434,443,10195000,443
2009-07-27,441,452,440,450,4583000,450
2009-07-28,450,450,438,445,4847000,445
2009-07-29,442,458,440,453,5685000,453
2009-07-30,457,460,446,449,2806000,449
2009-07-31,459,465,455,457,3705000,457
2009-08-03,467,484,464,476,5688000,476
2009-08-04,496,509,478,480,13622000,480
2009-08-05,485,492,470,470,5801000,470
2009-08-06,468,475,466,470,6477000,470
2009-08-07,474,478,464,477,4822000,477
2009-08-10,482,496,482,487,6306000,487
2009-08-11,482,483,475,479,3894000,479
2009-08-12,474,484,471,479,2349000,479
2009-08-13,480,487,480,482,2410000,482
2009-08-14,485,503,479,492,6217000,492
2009-08-17,497,497,470,472,5140000,472
2009-08-18,468,480,464,472,5465000,472
2009-08-19,468,477,466,468,3269000,468
2009-08-20,467,480,467,475,2524000,475
2009-08-21,480,485,463,473,4798000,473
2009-08-24,486,489,479,481,2958000,481
2009-08-25,476,492,476,483,5176000,483
2009-08-26,483,488,476,486,3372000,486
2009-08-27,476,480,466,475,4381000,475
2009-08-28,484,486,476,481,3507000,481
2009-08-31,480,490,466,471,3531000,471
2009-09-01,466,474,459,471,4348000,471
2009-09-02,456,463,453,460,5610000,460
2009-09-03,452,456,444,448,4617000,448
2009-09-04,448,448,433,440,3738000,440
2009-09-07,447,463,446,461,4877000,461
2009-09-08,466,477,461,473,4993000,473
2009-09-09,469,473,461,465,2770000,465
2009-09-10,470,481,469,478,6375000,478
2009-09-11,483,485,476,480,5485000,480
2009-09-14,475,480,469,471,4077000,471
2009-09-15,478,480,470,470,1881000,470
2009-09-16,465,472,461,464,4421000,464
2009-09-17,474,474,465,471,2718000,471
2009-09-18,461,465,457,461,2922000,461
2009-09-24,471,477,460,465,4108000,465
2009-09-25,466,466,458,458,2326000,458
2009-09-28,440,441,428,432,4650000,432
2009-09-29,442,443,434,440,2836000,440
2009-09-30,443,449,436,438,2869000,438
2009-10-01,439,442,426,432,3093000,432
2009-10-02,412,424,411,424,4722000,424
2009-10-05,419,421,402,406,3851000,406
2009-10-06,416,419,405,411,3432000,411
2009-10-07,411,416,404,412,5940000,412
2009-10-08,410,415,398,411,4577000,411
2009-10-09,411,424,406,423,6552000,423
2009-10-13,432,432,425,428,4028000,428
2009-10-14,426,426,411,415,3883000,415
2009-10-15,420,425,412,414,5077000,414
2009-10-16,415,420,412,418,4654000,418
2009-10-19,421,429,419,427,5754000,427
2009-10-20,434,446,432,440,7087000,440
2009-10-21,435,450,435,447,7034000,447
2009-10-22,439,443,434,440,3677000,440
2009-10-23,445,446,433,435,4283000,435
2009-10-26,432,447,431,443,2871000,443
2009-10-27,433,435,424,427,3415000,427
2009-10-28,423,427,418,423,4741000,423
2009-10-29,413,417,405,416,7431000,416
2009-10-30,416,427,415,424,4595000,424
2009-11-02,409,412,404,407,2692000,407
2009-11-04,406,417,406,415,2989000,415
2009-11-05,430,437,414,418,11713000,418
2009-11-06,423,425,408,411,5318000,411
2009-11-09,413,423,407,422,5395000,422
2009-11-10,423,427,416,416,5498000,416
2009-11-11,420,435,418,431,8525000,431
2009-11-12,430,442,421,423,6283000,423
2009-11-13,419,420,410,413,3946000,413
2009-11-16,415,417,403,407,2633000,407
2009-11-17,411,423,407,409,5685000,409
2009-11-18,424,427,413,415,11294000,415
2009-11-19,410,413,398,404,6677000,404
2009-11-20,396,408,396,408,5437000,408
2009-11-24,406,406,395,395,4301000,395
2009-11-25,398,400,392,398,4746000,398
2009-11-26,391,406,389,396,4252000,396
2009-11-27,381,384,367,370,7596000,370
2009-11-30,375,389,375,387,5042000,387
2009-12-01,388,396,380,395,6096000,395
2009-12-02,385,400,384,397,4323000,397
2009-12-03,404,414,404,411,6232000,411
2009-12-04,415,425,411,424,5634000,424
2009-12-07,429,438,424,436,5633000,436
2009-12-08,431,443,430,441,4642000,441
2009-12-09,438,439,424,428,5141000,428
2009-12-10,429,435,419,423,6680000,423
2009-12-11,430,441,425,439,6387000,439
2009-12-14,438,439,431,437,1923000,437
2009-12-15,436,438,433,437,1647000,437
2009-12-16,440,445,432,439,4259000,439
2009-12-17,443,449,440,444,3641000,444
2009-12-18,440,454,437,453,5829000,453
2009-12-21,453,457,449,450,3007000,450
2009-12-22,455,470,453,467,4239000,467
2009-12-24,477,481,469,469,4847000,469
2009-12-25,469,470,463,467,2076000,467
2009-12-28,470,477,468,473,2712000,473
2009-12-29,473,474,466,472,3293000,472
2009-12-30,472,474,466,468,1900000,468
2010-01-04,473,476,470,471,1059000,471
2010-01-05,479,480,474,476,3804000,476
2010-01-06,475,485,475,480,2409000,480
2010-01-07,476,483,475,479,1735000,479
2010-01-08,482,489,480,486,3892000,486
2010-01-12,481,498,481,494,3987000,494
2010-01-13,487,495,483,483,2888000,483
2010-01-14,483,505,483,501,5012000,501
2010-01-15,504,505,491,496,4083000,496
2010-01-18,497,500,491,496,2719000,496
2010-01-19,494,495,488,491,3303000,491
2010-01-20,492,495,478,479,2455000,479
2010-01-21,478,499,475,498,5512000,498
2010-01-22,483,491,478,489,5794000,489
2010-01-25,486,500,485,496,5865000,496
2010-01-26,496,502,474,474,7749000,474
2010-01-27,477,483,464,467,4705000,467
2010-01-28,466,479,466,472,3538000,472
2010-01-29,464,471,457,464,5221000,464
2010-02-01,472,478,459,466,5766000,466
2010-02-02,477,494,476,492,7312000,492
2010-02-03,500,506,496,499,9211000,499
2010-02-04,500,500,485,489,3518000,489
2010-02-05,475,483,468,472,6693000,472
2010-02-08,470,474,455,459,4100000,459
2010-02-09,451,466,451,465,3799000,465
2010-02-10,473,476,469,471,4572000,471
2010-02-12,479,482,471,477,3450000,477
2010-02-15,480,481,473,474,1291000,474
2010-02-16,474,476,467,472,1618000,472
2010-02-17,480,485,475,481,3955000,481
2010-02-18,484,491,483,484,3508000,484
2010-02-19,485,491,471,475,2466000,475
2010-02-22,481,489,478,483,4059000,483
2010-02-23,485,489,482,485,4012000,485
2010-02-24,473,479,469,474,4630000,474
2010-02-25,477,478,460,461,3867000,461
2010-02-26,458,465,457,460,2919000,460
2010-03-01,465,468,461,462,1821000,462
2010-03-02,467,469,462,466,1935000,466
2010-03-03,464,467,457,463,2752000,463
2010-03-04,466,470,459,460,2532000,460
2010-03-05,468,473,466,472,2973000,472
2010-03-08,485,492,481,492,3995000,492
2010-03-09,500,501,493,499,5188000,499
2010-03-10,495,502,495,500,4348000,500
2010-03-11,510,530,510,524,9535000,524
2010-03-12,531,531,517,522,8557000,522
2010-03-15,530,532,521,531,3490000,531
2010-03-16,535,538,530,533,3645000,533
2010-03-17,542,548,537,540,4427000,540
2010-03-18,536,538,527,528,3751000,528
2010-03-19,534,543,531,543,5400000,543
2010-03-23,547,550,530,539,4374000,539
2010-03-24,540,543,533,538,3417000,538
2010-03-25,544,552,541,546,4567000,546
2010-03-26,550,557,545,555,3169000,555
2010-03-29,557,562,552,558,3742000,558
2010-03-30,555,563,552,560,3156000,560
2010-03-31,561,566,557,563,4679000,563
2010-04-01,567,570,561,568,4293000,568
2010-04-02,572,575,565,567,2246000,567
2010-04-05,574,581,571,580,2295000,580
2010-04-06,580,582,570,575,2479000,575
2010-04-07,569,572,562,568,3231000,568
2010-04-08,560,562,548,550,5269000,550
2010-04-09,550,559,550,558,4309000,558
2010-04-12,567,569,562,563,2423000,563
2010-04-13,559,559,548,554,2371000,554
2010-04-14,554,557,540,547,5159000,547
2010-04-15,556,562,552,560,3313000,560
2010-04-16,559,562,550,561,4486000,561
2010-04-19,552,552,538,539,4650000,539
2010-04-20,542,546,535,537,2432000,537
2010-04-21,546,562,545,561,5086000,561
2010-04-22,555,563,549,562,3531000,562
2010-04-23,563,568,555,566,4627000,566
2010-04-26,569,587,568,587,5352000,587
2010-04-27,590,609,587,607,8930000,607
2010-04-28,604,636,589,616,12578000,616
2010-04-30,615,630,606,623,6207000,623
2010-05-06,613,617,596,597,5555000,597
2010-05-07,577,581,555,567,11053000,567
2010-05-10,568,576,560,571,5741000,571
2010-05-11,592,623,585,593,20895000,593
2010-05-12,589,598,579,582,10953000,582
2010-05-13,595,603,586,602,6492000,602
2010-05-14,593,612,586,603,6506000,603
2010-05-17,593,595,565,571,8338000,571
2010-05-18,576,580,556,558,5599000,558
2010-05-19,540,548,530,542,10484000,542
2010-05-20,544,545,518,519,9074000,519
2010-05-21,500,514,493,509,12979000,509
2010-05-24,506,521,497,517,9995000,517
2010-05-25,509,512,480,485,10449000,485
2010-05-26,493,503,485,492,11457000,492
2010-05-27,484,500,483,499,9142000,499
2010-05-28,507,518,505,518,10446000,518
2010-05-31,517,530,514,524,7807000,524
2010-06-01,521,523,507,511,4791000,511
2010-06-02,507,529,504,510,8126000,510
2010-06-03,520,534,519,534,5503000,534
2010-06-04,536,549,536,540,6775000,540
2010-06-07,525,525,506,507,6151000,507
2010-06-08,500,516,500,506,6792000,506
2010-06-09,504,509,489,495,6453000,495
2010-06-10,499,501,490,500,4874000,500
2010-06-11,513,521,512,517,9228000,517
2010-06-14,527,537,526,537,4706000,537
2010-06-15,532,542,531,538,4478000,538
2010-06-16,550,554,544,552,4578000,552
2010-06-17,548,550,539,540,3809000,540
2010-06-18,547,557,547,555,6417000,555
2010-06-21,565,586,565,586,8575000,586
2010-06-22,584,595,565,569,10446000,569
2010-06-23,560,571,559,563,5847000,563
2010-06-24,562,576,562,568,3686000,568
2010-06-25,554,556,540,544,6038000,544
2010-06-28,549,549,535,539,3579000,539
2010-06-29,539,553,530,535,5403000,535
2010-06-30,515,531,510,527,6754000,527
2010-07-01,517,522,502,507,5457000,507
2010-07-02,513,519,506,512,6209000,512
2010-07-05,513,523,512,520,3321000,520
2010-07-06,514,540,502,538,6714000,538
2010-07-07,533,537,523,526,5780000,526
2010-07-08,544,546,539,543,5470000,543
2010-07-09,539,544,533,536,7921000,536
2010-07-12,532,552,529,542,4718000,542
2010-07-13,544,552,534,537,4666000,537
2010-07-14,552,562,550,554,4933000,554
2010-07-15,548,560,547,549,6575000,549
2010-07-16,539,542,519,522,7128000,522
2010-07-20,512,523,510,512,6637000,512
2010-07-21,519,520,499,503,5501000,503
2010-07-22,498,502,492,498,4954000,498
2010-07-23,516,520,510,516,5050000,516
2010-07-26,521,525,517,519,3646000,519
2010-07-27,523,524,513,513,3731000,513
2010-07-28,519,523,516,521,3921000,521
2010-07-29,520,533,519,527,4670000,527
2010-07-30,526,526,502,506,5069000,506
2010-08-02,480,480,447,466,16182000,466
2010-08-03,478,486,474,484,10764000,484
2010-08-04,476,478,466,470,6831000,470
2010-08-05,477,481,472,477,4694000,477
2010-08-06,471,480,468,475,4730000,475
2010-08-09,462,468,461,466,4343000,466
2010-08-10,474,475,468,472,6226000,472
2010-08-11,465,467,448,451,4921000,451
2010-08-12,435,441,432,441,7530000,441
2010-08-13,435,438,425,437,8613000,437
2010-08-16,429,434,423,432,5014000,432
2010-08-17,422,430,422,428,4450000,428
2010-08-18,433,437,421,428,7060000,428
2010-08-19,426,439,425,437,6498000,437
2010-08-20,422,431,422,424,6634000,424
2010-08-23,425,425,414,418,4346000,418
2010-08-24,408,410,402,405,5893000,405
2010-08-25,400,405,393,396,6584000,396
2010-08-26,400,403,391,393,6076000,393
2010-08-27,389,401,384,399,8131000,399
2010-08-30,407,413,402,405,5502000,405
2010-08-31,398,398,388,389,4523000,389
2010-09-01,394,404,389,399,6889000,399
2010-09-02,410,419,408,416,13108000,416
2010-09-03,418,428,414,427,9540000,427
2010-09-06,435,447,435,444,10903000,444
2010-09-07,440,449,438,440,6314000,440
2010-09-08,434,434,420,424,5494000,424
2010-09-09,432,433,422,422,3912000,422
2010-09-10,430,445,426,443,12125000,443
2010-09-13,450,454,440,441,5558000,441
2010-09-14,442,444,433,435,4517000,435
2010-09-15,430,447,420,440,10677000,440
2010-09-16,446,447,438,444,4803000,444
2010-09-17,448,462,445,459,8089000,459
2010-09-21,464,471,457,461,6380000,461
2010-09-22,454,455,442,444,6438000,444
2010-09-24,436,443,431,436,6668000,436
2010-09-27,444,444,438,440,2649000,440
2010-09-28,438,451,436,443,4497000,443
2010-09-29,446,451,442,446,4683000,446
2010-09-30,448,448,428,430,5747000,430
2010-10-01,433,438,427,432,3846000,432
2010-10-04,432,439,426,428,3624000,428
2010-10-05,422,438,417,436,5985000,436
2010-10-06,441,449,441,447,4782000,447
2010-10-07,444,449,442,446,3424000,446
2010-10-08,453,461,452,459,9406000,459
2010-10-12,465,469,451,454,6301000,454
2010-10-13,462,465,452,453,4539000,453
2010-10-14,462,471,461,464,6818000,464
2010-10-15,464,464,455,458,4092000,458
2010-10-18,460,463,446,449,3682000,449
2010-10-19,450,459,450,455,2946000,455
2010-10-20,450,455,443,451,5879000,451
2010-10-21,452,454,437,441,5693000,441
2010-10-22,439,445,436,440,7177000,440
2010-10-25,446,449,441,443,4732000,443
2010-10-26,437,446,435,443,5503000,443
2010-10-27,458,471,454,469,14921000,469
2010-10-28,468,475,463,468,12732000,468
2010-10-29,463,468,454,458,5738000,458
2010-11-01,455,465,453,461,6829000,461
2010-11-02,455,469,453,466,6824000,466
2010-11-04,475,484,471,479,8347000,479
2010-11-05,495,512,492,507,9710000,507
2010-11-08,507,516,505,511,5968000,511
2010-11-09,508,508,495,496,7419000,496
2010-11-10,508,522,506,517,7888000,517
2010-11-11,518,519,508,510,6237000,510
2010-11-12,510,516,502,502,5249000,502
2010-11-15,505,508,502,506,2994000,506
2010-11-16,511,514,503,504,5007000,504
2010-11-17,496,499,492,494,5517000,494
2010-11-18,490,512,487,511,5597000,511
2010-11-19,517,522,513,515,6075000,515
2010-11-22,524,525,518,520,3232000,520
2010-11-24,509,520,508,514,5661000,514
2010-11-25,520,525,515,521,4129000,521
2010-11-26,520,522,512,516,3197000,516
2010-11-29,524,526,516,520,4315000,520
2010-11-30,520,530,511,514,7691000,514
2010-12-01,515,518,506,512,4440000,512
2010-12-02,521,535,519,534,7400000,534
2010-12-03,539,542,530,531,4104000,531
2010-12-06,530,535,530,533,3001000,533
2010-12-07,533,535,525,529,5261000,529
2010-12-08,535,536,529,531,4316000,531
2010-12-09,536,537,526,530,3224000,530
2010-12-10,535,535,516,517,9185000,517
2010-12-13,521,528,515,527,4921000,527
2010-12-14,525,538,525,537,6723000,537
2010-12-15,538,538,527,530,4392000,530
2010-12-16,526,529,524,526,2952000,526
2010-12-17,528,529,522,523,3271000,523
2010-12-20,526,527,519,520,4708000,520
2010-12-21,524,531,521,530,4485000,530
2010-12-22,531,534,528,529,4617000,529
2010-12-24,530,533,524,527,3435000,527
2010-12-27,526,532,523,528,2840000,528
2010-12-28,527,531,526,527,2707000,527
2010-12-29,529,529,522,524,3744000,524
2010-12-30,523,524,515,522,2775000,522
2011-01-04,527,535,521,524,7728000,524
2011-01-05,522,527,517,522,6005000,522
2011-01-06,530,547,528,547,9977000,547
2011-01-07,542,553,538,551,6545000,551
2011-01-11,550,553,546,549,2754000,549
2011-01-12,555,557,544,546,4191000,546
2011-01-13,549,551,531,536,7793000,536
2011-01-14,529,537,522,523,9505000,523
2011-01-17,523,526,517,519,4601000,519
2011-01-18,517,528,516,521,5090000,521
2011-01-19,525,532,523,531,5025000,531
2011-01-20,526,528,518,522,5079000,522
2011-01-21,523,524,507,509,6375000,509
2011-01-24,510,511,495,504,6733000,504
2011-01-25,510,523,508,518,5929000,518
2011-01-26,514,518,511,513,2892000,513
2011-01-27,520,526,513,524,5167000,524
2011-01-28,526,532,519,527,9503000,527
2011-01-31,523,525,516,523,6109000,523
2011-02-01,547,571,540,568,29637000,568
2011-02-02,570,575,563,568,12008000,568
2011-02-03,584,593,580,586,11327000,586
2011-02-04,581,591,580,583,6748000,583
2011-02-07,588,605,588,598,9708000,598
2011-02-08,597,604,592,595,8022000,595
2011-02-09,594,597,584,587,8140000,587
2011-02-10,587,596,584,589,6286000,589
2011-02-14,587,600,587,597,7706000,597
2011-02-15,602,604,595,604,3401000,604
2011-02-16,596,603,594,596,4905000,596
2011-02-17,596,601,591,596,5225000,596
2011-02-18,595,597,585,591,4457000,591
2011-02-21,592,594,578,582,5575000,582
2011-02-22,572,576,563,570,4663000,570
2011-02-23,560,571,560,562,5353000,562
2011-02-24,562,572,555,559,6864000,559
2011-02-25,555,564,550,558,6721000,558
2011-02-28,562,575,555,573,6765000,573
2011-03-01,582,584,574,580,4736000,580
2011-03-02,570,570,555,556,8607000,556
2011-03-03,559,570,558,568,4324000,568
2011-03-04,585,585,571,575,5503000,575
2011-03-07,571,573,560,565,4583000,565
2011-03-08,565,577,562,568,5362000,568
2011-03-09,578,580,567,568,4916000,568
2011-03-10,569,569,554,558,3532000,558
2011-03-11,549,556,545,547,6751000,547
2011-03-14,527,539,491,513,11032000,513
2011-03-15,503,508,413,462,9575000,462
2011-03-16,514,518,484,500,11597000,500
2011-03-17,466,499,464,492,9615000,492
2011-03-18,495,516,494,506,6269000,506
2011-03-22,526,530,519,526,6112000,526
2011-03-23,525,528,513,519,5398000,519
2011-03-24,520,527,516,522,4074000,522
2011-03-25,537,543,514,519,5700000,519
2011-03-28,513,517,505,515,5034000,515
2011-03-29,510,524,504,518,4889000,518
2011-03-30,519,539,515,535,8186000,535
2011-03-31,542,545,533,543,5677000,543
2011-04-01,540,548,531,534,8012000,534
2011-04-04,535,541,533,534,3360000,534
2011-04-05,536,536,515,523,6671000,523
2011-04-06,527,527,512,515,5918000,515
2011-04-07,519,523,514,518,4066000,518
2011-04-08,520,539,517,531,12338000,531
2011-04-11,530,545,529,537,7015000,537
2011-04-12,523,523,504,514,13119000,514
2011-04-13,509,518,509,514,6270000,514
2011-04-14,512,523,511,522,6708000,522
2011-04-15,518,525,518,521,5475000,521
2011-04-18,525,527,516,519,4746000,519
2011-04-19,512,514,506,508,4980000,508
2011-04-20,515,517,510,515,5934000,515
2011-04-21,520,522,515,517,3823000,517
2011-04-22,515,524,514,519,3560000,519
2011-04-25,529,531,519,521,3162000,521
2011-04-26,516,518,513,515,3879000,515
2011-04-27,519,530,519,522,7051000,522
2011-04-28,528,529,521,528,4803000,528
2011-05-02,539,543,535,542,4339000,542
2011-05-06,533,539,530,539,4471000,539
2011-05-09,540,540,528,534,4228000,534
2011-05-10,594,608,577,597,37068000,597
2011-05-11,597,600,586,590,17016000,590
2011-05-12,585,595,583,586,11032000,586
2011-05-13,584,585,565,578,9278000,578
2011-05-16,571,574,565,568,5372000,568
2011-05-17,567,572,555,564,8873000,564
2011-05-18,570,578,561,575,6326000,575
2011-05-19,583,585,575,575,7572000,575
2011-05-20,579,591,573,581,9211000,581
2011-05-23,575,578,552,560,11162000,560
2011-05-24,554,566,551,555,8938000,555
2011-05-25,555,556,544,547,5501000,547
2011-05-26,554,569,550,565,10059000,565
2011-05-27,559,562,554,558,10571000,558
2011-05-30,553,556,547,550,9850000,550
2011-05-31,545,566,545,562,10414000,562
2011-06-01,567,569,556,558,10596000,558
2011-06-02,541,548,538,545,9621000,545
2011-06-03,542,553,531,535,12391000,535
2011-06-06,531,541,526,530,11246000,530
2011-06-07,527,537,527,534,8077000,534
2011-06-08,535,544,533,542,11611000,542
2011-06-09,540,547,534,545,4186000,545
2011-06-10,561,561,549,551,8968000,551
2011-06-13,543,551,536,543,11732000,543
2011-06-14,542,555,542,548,8708000,548
2011-06-15,551,554,546,550,2664000,550
2011-06-16,540,542,532,532,7594000,532
2011-06-17,537,539,527,533,4264000,533
2011-06-20,531,537,527,530,4148000,530
2011-06-21,531,535,525,530,4736000,530
2011-06-22,539,546,538,545,4958000,545
2011-06-23,541,545,537,539,2856000,539
2011-06-24,541,545,538,545,4171000,545
2011-06-27,546,552,541,547,5356000,547
2011-06-28,551,552,545,546,3934000,546
2011-06-29,550,557,548,557,4548000,557
2011-06-30,562,564,554,558,3176000,558
2011-07-01,562,564,556,557,4456000,557
2011-07-04,564,567,562,565,4874000,565
2011-07-05,566,568,556,560,4585000,560
2011-07-06,559,563,554,561,5989000,561
2011-07-07,553,555,546,549,10729000,549
2011-07-08,555,555,550,553,8338000,553
2011-07-11,546,551,541,543,6225000,543
2011-07-12,538,539,528,529,9292000,529
2011-07-13,528,540,528,534,9719000,534
2011-07-14,538,548,536,545,11747000,545
2011-07-15,543,559,543,558,9878000,558
2011-07-19,552,561,552,555,5850000,555
2011-07-20,563,569,560,561,4324000,561
2011-07-21,563,564,554,557,3840000,557
2011-07-22,560,564,559,562,2613000,562
2011-07-25,563,563,551,553,4766000,553
2011-07-26,555,564,555,561,5298000,561
2011-07-27,556,557,548,552,5658000,552
2011-07-28,545,545,535,539,7924000,539
2011-07-29,541,547,530,541,8605000,541
2011-08-01,558,565,552,554,8732000,554
2011-08-02,546,547,533,536,8822000,536
2011-08-03,526,528,518,520,7313000,520
2011-08-04,523,527,513,514,6086000,514
2011-08-05,482,495,480,486,13410000,486
2011-08-08,481,486,471,475,7491000,475
2011-08-09,460,475,445,475,14362000,475
2011-08-10,489,491,467,475,13320000,475
2011-08-11,461,466,454,461,10235000,461
2011-08-12,463,465,441,445,12879000,445
2011-08-15,449,451,443,446,6669000,446
2011-08-16,451,465,451,459,9929000,459
2011-08-17,459,463,452,456,3944000,456
2011-08-18,452,454,439,442,4408000,442
2011-08-19,430,432,416,418,6564000,418
2011-08-22,415,425,406,408,6239000,408
2011-08-23,415,415,403,409,8826000,409
2011-08-24,419,427,404,407,12398000,407
2011-08-25,415,430,414,427,7378000,427
2011-08-26,423,438,419,437,8547000,437
2011-08-29,438,449,429,445,7544000,445
2011-08-30,456,462,453,459,8565000,459
2011-08-31,461,461,453,459,5209000,459
2011-09-01,463,472,461,467,6519000,467
2011-09-02,459,460,449,454,7320000,454
2011-09-05,446,448,439,440,5197000,440
2011-09-06,432,432,406,408,16893000,408
2011-09-07,420,427,416,422,8963000,422
2011-09-08,430,430,415,419,4592000,419
2011-09-09,416,417,394,398,13478000,398
2011-09-12,388,402,388,394,7088000,394
2011-09-13,398,406,397,404,5089000,404
2011-09-14,403,418,394,396,7707000,396
2011-09-15,408,416,405,407,6822000,407
2011-09-16,415,420,413,420,5058000,420
2011-09-20,410,411,404,408,3390000,408
2011-09-21,409,411,396,402,6677000,402
2011-09-22,394,394,384,386,7012000,386
2011-09-26,390,390,369,370,7084000,370
2011-09-27,381,388,380,386,4976000,386
2011-09-28,390,395,387,394,5054000,394
2011-09-29,393,404,384,401,8822000,401
2011-09-30,402,406,394,403,7564000,403
2011-10-03,388,390,377,382,5969000,382
2011-10-04,366,385,365,385,6134000,385
2011-10-05,382,385,365,368,6104000,368
2011-10-06,380,390,379,386,7755000,386
2011-10-07,394,413,393,411,7918000,411
2011-10-11,424,429,416,417,6542000,417
2011-10-12,413,429,410,424,4542000,424
2011-10-13,436,438,431,435,3532000,435
2011-10-14,433,433,421,428,5239000,428
2011-10-17,444,448,437,438,5104000,438
2011-10-18,426,437,421,434,4397000,434
2011-10-19,438,438,428,430,2894000,430
2011-10-20,422,423,407,410,8134000,410
2011-10-21,411,423,410,419,4242000,419
2011-10-24,429,445,428,441,5517000,441
2011-10-25,453,458,444,446,7437000,446
2011-10-26,435,454,433,452,4962000,452
2011-10-27,450,465,450,462,4410000,462
2011-10-28,472,476,468,469,5388000,469
2011-10-31,463,465,447,452,6757000,452
2011-11-01,446,449,436,438,4788000,438
2011-11-02,414,433,414,427,9428000,427
2011-11-04,429,447,429,444,7848000,444
2011-11-07,444,448,442,444,2727000,444
2011-11-08,448,448,433,433,4089000,433
2011-11-09,439,445,435,443,4714000,443
2011-11-10,426,429,421,426,4967000,426
2011-11-11,429,437,425,431,5721000,431
2011-11-14,441,452,437,449,7541000,449
2011-11-15,446,454,445,449,4187000,449
2011-11-16,449,454,437,437,4823000,437
2011-11-17,433,447,431,444,4388000,444
2011-11-18,436,446,436,443,4071000,443
2011-11-21,440,447,436,437,3222000,437
2011-11-22,431,446,430,444,4549000,444
2011-11-24,433,437,426,429,4058000,429
2011-11-25,427,435,420,425,4039000,425
2011-11-28,432,442,431,439,3628000,439
2011-11-29,446,458,443,458,4156000,458
2011-11-30,452,455,444,455,5736000,455
2011-12-01,478,480,468,471,6817000,471
2011-12-02,473,476,470,474,2851000,474
2011-12-05,475,476,460,464,7031000,464
2011-12-06,462,467,456,460,2700000,460
2011-12-07,462,468,456,461,4333000,461
2011-12-08,461,466,456,459,4025000,459
2011-12-09,448,454,445,452,7785000,452
2011-12-12,457,461,454,454,3780000,454
2011-12-13,443,448,439,445,4248000,445
2011-12-14,440,444,438,442,3602000,442
2011-12-15,436,437,426,429,4174000,429
2011-12-16,429,436,429,431,2947000,431
2011-12-19,430,433,416,421,2763000,421
2011-12-20,422,434,418,432,4382000,432
2011-12-21,440,449,440,447,6048000,447
2011-12-22,447,448,439,442,3931000,442
2011-12-26,453,454,447,447,2128000,447
2011-12-27,444,448,441,446,2202000,446
2011-12-28,447,450,443,448,2406000,448
2011-12-29,444,444,437,443,3335000,443
2011-12-30,446,450,442,449,1650000,449
2012-01-04,455,464,451,460,4755000,460
2012-01-05,460,464,458,462,4152000,462
2012-01-06,461,462,448,455,4180000,455
2012-01-10,453,454,444,446,4950000,446
2012-01-11,449,457,448,452,4517000,452
2012-01-12,448,454,445,451,2434000,451
2012-01-13,457,462,456,459,4305000,459
2012-01-16,453,454,448,454,2256000,454
2012-01-17,456,466,456,466,3265000,466
2012-01-18,462,476,460,473,4997000,473
2012-01-19,480,487,479,484,5513000,484
2012-01-20,493,493,478,482,5992000,482
2012-01-23,478,492,478,488,3982000,488
2012-01-24,490,490,484,484,2634000,484
2012-01-25,491,496,485,492,3525000,492
2012-01-26,494,494,488,490,2536000,490
2012-01-27,490,494,487,492,3932000,492
2012-01-30,487,490,481,489,4068000,489
2012-01-31,488,492,484,488,4727000,488
2012-02-01,440,452,435,440,31943000,440
2012-02-02,444,444,422,427,19086000,427
2012-02-03,420,422,408,414,21354000,414
2012-02-06,422,426,415,422,10061000,422
2012-02-07,415,415,408,412,13957000,412
2012-02-08,418,422,414,421,9503000,421
2012-02-09,423,427,422,423,9641000,423
2012-02-10,426,426,420,422,4542000,422
2012-02-13,422,427,418,419,6509000,419
2012-02-14,422,425,420,423,7195000,423
2012-02-15,423,434,421,429,8760000,429
2012-02-16,428,433,425,427,5436000,427
2012-02-17,434,438,432,435,5743000,435
2012-02-20,442,449,442,446,6917000,446
2012-02-21,446,452,444,447,6474000,447
2012-02-22,446,450,442,448,5044000,448
2012-02-23,450,456,446,454,8427000,454
2012-02-24,454,459,452,456,6359000,456
2012-02-27,458,460,450,451,5200000,451
2012-02-28,442,444,434,444,9843000,444
2012-02-29,447,453,445,447,6024000,447
2012-03-01,446,456,445,449,8132000,449
2012-03-02,453,453,442,448,5935000,448
2012-03-05,449,455,444,447,6156000,447
2012-03-06,448,448,437,439,6693000,439
2012-03-07,423,434,422,431,8547000,431
2012-03-08,436,443,433,442,5742000,442
2012-03-09,452,453,445,448,9905000,448
2012-03-12,454,456,446,447,5472000,447
2012-03-13,455,471,454,460,17339000,460
2012-03-14,474,478,472,475,7506000,475
2012-03-15,477,479,472,476,4325000,476
2012-03-16,476,479,474,478,4440000,478
2012-03-19,480,488,479,486,6623000,486
2012-03-21,484,486,480,481,4494000,481
2012-03-22,480,487,478,482,5488000,482
2012-03-23,478,480,472,474,4622000,474
2012-03-26,475,475,468,473,4442000,473
2012-03-27,476,476,464,473,9015000,473
2012-03-28,467,474,464,466,6093000,466
2012-03-29,469,469,460,464,5769000,464
2012-03-30,465,469,458,460,4599000,460
2012-04-02,472,475,470,471,6861000,471
2012-04-03,468,468,463,464,4281000,464
2012-04-04,461,462,445,448,8124000,448
2012-04-05,442,445,432,444,6981000,444
2012-04-06,437,439,432,435,4451000,435
2012-04-09,429,435,429,430,3941000,430
2012-04-10,431,435,421,423,5619000,423
2012-04-11,418,427,417,424,5742000,424
2012-04-12,427,429,421,428,5092000,428
2012-04-13,433,436,422,424,9558000,424
2012-04-16,420,423,416,417,4436000,417
2012-04-17,416,420,413,415,2833000,415
2012-04-18,420,423,417,422,5112000,422
2012-04-19,417,423,416,420,4127000,420
2012-04-20,419,422,417,419,4318000,419
2012-04-23,423,427,419,424,3891000,424
2012-04-24,420,424,417,422,4016000,422
2012-04-25,427,428,423,425,3240000,425
2012-04-26,427,430,418,421,3243000,421
2012-04-27,421,429,411,414,5842000,414
2012-05-01,414,415,401,404,5034000,404
2012-05-02,404,405,400,401,3163000,401
2012-05-07,387,391,377,380,8276000,380
2012-05-08,387,395,385,390,5287000,390
2012-05-09,382,402,381,397,8273000,397
2012-05-10,391,392,382,387,6485000,387
2012-05-11,386,387,376,377,5119000,377
2012-05-14,379,389,378,378,4045000,378
2012-05-15,370,370,360,367,4944000,367
2012-05-16,361,368,354,357,5274000,357
2012-05-17,349,372,349,368,4665000,368
2012-05-18,359,359,349,352,4782000,352
2012-05-21,352,359,351,351,2987000,351
2012-05-22,359,363,358,361,3465000,361
2012-05-23,364,364,348,349,4220000,349
2012-05-24,350,353,341,350,4734000,350
2012-05-25,353,353,342,344,4564000,344
2012-05-28,322,343,317,340,11674000,340
2012-05-29,340,352,332,351,4924000,351
2012-05-30,350,351,337,348,5287000,348
2012-05-31,340,348,333,347,4383000,347
2012-06-01,336,340,322,325,6436000,325
2012-06-04,315,323,313,321,4861000,321
2012-06-05,326,335,325,333,5016000,333
2012-06-06,335,349,333,340,7454000,340
2012-06-07,345,347,338,343,6390000,343
2012-06-08,339,339,326,326,9080000,326
2012-06-11,335,336,331,333,9340000,333
2012-06-12,328,338,325,331,5942000,331
2012-06-13,331,333,327,330,4886000,330
2012-06-14,329,330,321,326,5983000,326
2012-06-15,324,325,315,319,7288000,319
2012-06-18,327,339,318,335,9186000,335
2012-06-19,335,338,330,333,3861000,333
2012-06-20,336,338,332,337,3347000,337
2012-06-21,341,347,338,344,5752000,344
2012-06-22,336,340,335,338,3042000,338
2012-06-25,347,347,334,334,3191000,334
2012-06-26,327,330,321,328,5110000,328
2012-06-27,327,333,324,331,3249000,331
2012-06-28,339,343,336,339,5463000,339
2012-06-29,339,361,337,355,7130000,355
2012-07-02,368,371,359,360,8032000,360
2012-07-03,360,361,355,358,4932000,358
2012-07-04,366,374,364,366,6687000,366
2012-07-05,374,376,365,372,7711000,372
2012-07-06,361,363,354,359,11411000,359
2012-07-09,348,350,344,347,6590000,347
2012-07-10,345,347,339,339,5683000,339
2012-07-11,337,338,332,337,6189000,337
2012-07-12,334,334,318,318,10387000,318
2012-07-13,314,326,314,321,7271000,321
2012-07-17,321,322,316,318,3575000,318
2012-07-18,319,327,318,321,6104000,321
2012-07-19,328,331,323,326,4887000,326
2012-07-20,327,327,314,316,4416000,316
2012-07-23,317,318,306,307,4357000,307
2012-07-24,307,312,305,308,3423000,308
2012-07-25,306,307,292,296,4959000,296
2012-07-26,300,310,294,307,5415000,307
2012-07-27,312,318,312,316,3501000,316
2012-07-30,319,320,312,314,2762000,314
2012-07-31,314,322,312,317,3820000,317
2012-08-01,269,274,261,270,24558000,270
2012-08-02,272,283,270,276,17200000,276
2012-08-03,272,272,265,268,7979000,268
2012-08-06,274,277,272,273,6769000,273
2012-08-07,271,279,269,279,5010000,279
2012-08-08,282,289,282,286,8973000,286
2012-08-09,286,293,283,286,7142000,286
2012-08-10,286,293,278,282,7505000,282
2012-08-13,286,290,285,287,5026000,287
2012-08-14,287,291,283,284,3551000,284
2012-08-15,286,287,281,286,3299000,286
2012-08-16,289,297,288,294,6596000,294
2012-08-17,298,304,295,302,4794000,302
2012-08-20,303,304,295,297,4753000,297
2012-08-21,294,296,293,295,2604000,295
2012-08-22,296,297,291,295,2399000,295
2012-08-23,295,297,289,295,4452000,295
2012-08-24,289,289,286,287,2945000,287
2012-08-27,290,291,284,286,2732000,286
2012-08-28,286,288,277,279,4217000,279
2012-08-29,280,283,277,281,3759000,281
2012-08-30,283,283,274,276,3471000,276
2012-08-31,272,277,269,269,3033000,269
2012-09-03,272,276,270,272,4042000,272
2012-09-04,275,284,274,280,5735000,280
2012-09-05,275,275,263,264,7261000,264
2012-09-06,259,259,250,254,9629000,254
2012-09-07,264,267,257,264,8016000,264
2012-09-10,269,279,268,271,8768000,271
2012-09-11,267,268,262,265,3166000,265
2012-09-12,267,271,264,270,3173000,270
2012-09-13,270,279,268,275,3741000,275
2012-09-14,278,290,278,288,6546000,288
2012-09-18,290,294,288,292,4257000,292
2012-09-19,295,305,293,301,6325000,301
2012-09-20,296,302,290,291,5544000,291
2012-09-21,288,290,283,285,3893000,285
2012-09-24,293,297,282,285,5659000,285
2012-09-25,286,290,284,287,4156000,287
2012-09-26,276,279,273,274,3027000,274
2012-09-27,266,275,265,271,5145000,271
2012-09-28,271,274,265,267,5104000,267
2012-10-01,263,266,261,265,4565000,265
2012-10-02,269,273,264,265,3854000,265
2012-10-03,266,267,261,264,3232000,264
2012-10-04,267,273,263,270,3166000,270
2012-10-05,269,276,269,275,4106000,275
2012-10-09,279,283,276,279,7065000,279
2012-10-10,272,275,268,274,4430000,274
2012-10-11,271,278,268,271,5188000,271
2012-10-12,270,272,267,270,4817000,270
2012-10-15,269,283,267,277,5382000,277
2012-10-16,281,289,280,289,6524000,289
2012-10-17,293,295,289,293,4943000,293
2012-10-18,298,304,297,299,6605000,299
2012-10-19,299,307,299,306,5099000,306
2012-10-22,298,304,294,303,5849000,303
2012-10-23,306,308,300,303,3293000,303
2012-10-24,295,299,292,293,5433000,293
2012-10-25,293,296,289,294,3406000,294
2012-10-26,292,293,277,281,11011000,281
2012-10-29,281,285,280,283,3741000,283
2012-10-30,285,288,279,280,5217000,280
2012-10-31,285,289,285,286,2208000,286
2012-11-01,285,290,283,287,4075000,287
2012-11-02,303,311,303,306,11552000,306
2012-11-05,306,310,303,304,4550000,304
2012-11-06,302,303,297,299,3277000,299
2012-11-07,303,304,300,302,3427000,302
2012-11-08,300,305,298,303,4963000,303
2012-11-09,300,302,299,300,4498000,300
2012-11-12,300,302,297,299,5210000,299
2012-11-13,300,308,297,303,8283000,303
2012-11-14,303,308,299,306,6345000,306
2012-11-15,308,325,307,324,9144000,324
2012-11-16,331,350,330,346,14084000,346
2012-11-19,346,350,340,347,8834000,347
2012-11-20,346,347,336,341,4789000,341
2012-11-21,344,347,337,342,5214000,342
2012-11-22,348,355,343,354,7868000,354
2012-11-26,360,364,352,353,5665000,353
2012-11-27,352,356,347,354,6080000,354
2012-11-28,350,350,333,335,8776000,335
2012-11-29,336,342,335,338,6811000,338
2012-11-30,341,348,335,346,6914000,346
2012-12-03,350,360,348,358,8166000,358
2012-12-04,351,355,348,350,5392000,350
2012-12-05,344,356,342,349,5562000,349
2012-12-06,355,360,350,353,7404000,353
2012-12-07,351,355,350,352,3142000,352
2012-12-10,352,355,345,348,4107000,348
2012-12-11,349,349,341,344,2805000,344
2012-12-12,350,359,350,358,5802000,358
2012-12-13,369,382,369,380,8680000,380
2012-12-14,384,384,372,380,7169000,380
2012-12-17,383,384,375,376,5666000,376
2012-12-18,374,386,373,374,8251000,374
2012-12-19,381,389,377,389,5591000,389
2012-12-20,387,396,382,392,8533000,392
2012-12-21,396,397,377,381,7071000,381
2012-12-25,396,396,383,386,3094000,386
2012-12-26,395,400,391,400,4220000,400
2012-12-27,406,412,403,405,4854000,405
2012-12-28,412,414,406,407,4505000,407
2013-01-04,415,418,410,416,5347000,416
2013-01-07,427,428,401,404,6895000,404
2013-01-08,400,403,382,385,7925000,385
2013-01-09,382,411,382,404,8625000,404
2013-01-10,410,416,408,414,5987000,414
2013-01-11,415,419,411,415,8294000,415
2013-01-15,421,425,416,422,6916000,422
2013-01-16,419,419,400,404,7168000,404
2013-01-17,410,419,399,408,10224000,408
2013-01-18,422,435,422,434,9745000,434
2013-01-21,435,435,423,425,4873000,425
2013-01-22,426,428,413,421,6560000,421
2013-01-23,413,421,410,415,6194000,415
2013-01-24,411,424,410,419,5632000,419
2013-01-25,427,428,422,426,4773000,426
2013-01-28,429,429,410,411,8078000,411
2013-01-29,406,416,406,411,6069000,411
2013-01-30,406,409,404,407,8529000,407
2013-01-31,407,410,394,404,8962000,404
2013-02-01,404,405,375,378,13379000,378
2013-02-04,382,386,379,385,9102000,385
2013-02-05,376,381,372,373,8285000,373
2013-02-06,385,389,382,389,12656000,389
2013-02-07,387,400,387,398,10981000,398
2013-02-08,390,396,383,384,6987000,384
2013-02-12,393,394,385,387,4800000,387
2013-02-13,385,389,378,382,7390000,382
2013-02-14,381,388,379,383,5634000,383
2013-02-15,380,382,370,378,6159000,378
2013-02-18,386,396,381,393,8267000,393
2013-02-19,395,400,392,398,5803000,398
2013-02-20,402,406,396,404,6426000,404
2013-02-21,404,407,393,396,7405000,396
2013-02-22,394,395,381,390,9946000,390
2013-02-25,404,407,399,405,6220000,405
2013-02-26,390,399,389,391,7399000,391
2013-02-27,393,403,390,397,7185000,397
2013-02-28,407,410,404,409,8993000,409
2013-03-01,405,405,397,399,4979000,399
2013-03-04,399,399,386,388,6886000,388
2013-03-05,388,393,386,388,6987000,388
2013-03-06,392,394,387,391,4540000,391
2013-03-07,391,392,378,380,8255000,380
2013-03-08,380,383,376,380,12113000,380
2013-03-11,385,392,383,391,6518000,391
2013-03-12,395,396,384,387,6554000,387
2013-03-13,384,392,383,390,5142000,390
2013-03-14,393,396,384,390,4128000,390
2013-03-15,390,392,388,392,5299000,392
2013-03-18,388,388,376,378,7522000,378
2013-03-19,380,388,379,385,3850000,385
2013-03-21,387,396,386,395,6181000,395
2013-03-22,393,396,390,392,4975000,392
2013-03-25,400,400,392,393,3679000,393
2013-03-26,386,387,380,382,6137000,382
2013-03-27,377,380,373,376,5507000,376
2013-03-28,373,376,369,371,6208000,371
2013-03-29,374,383,374,381,5485000,381
2013-04-01,378,378,372,373,3879000,373
2013-04-02,373,374,356,358,5131000,358
2013-04-03,358,358,345,349,6046000,349
2013-04-04,343,348,335,348,7056000,348
2013-04-05,360,370,350,351,7102000,351
2013-04-08,360,365,352,357,5302000,357
2013-04-09,372,392,370,383,17218000,383
2013-04-10,387,407,387,404,13915000,404
2013-04-11,419,419,409,412,9319000,412
2013-04-12,414,415,407,413,5155000,413
2013-04-15,409,414,402,404,5089000,404
2013-04-16,396,401,391,396,5181000,396
2013-04-17,400,410,398,406,5042000,406
2013-04-18,404,405,398,398,3228000,398
2013-04-19,411,414,403,406,4432000,406
2013-04-22,416,424,413,414,5348000,414
2013-04-23,418,422,413,420,5098000,420
2013-04-24,425,428,417,428,5990000,428
2013-04-25,430,430,423,424,3589000,424
2013-04-26,425,426,416,418,4782000,418
2013-04-30,445,445,429,432,9310000,432
2013-05-01,440,442,430,431,4878000,431
2013-05-02,425,431,423,428,4175000,428
2013-05-07,433,444,433,434,7229000,434
2013-05-08,449,467,444,457,14895000,457
2013-05-09,425,426,404,409,20333000,409
2013-05-10,416,417,404,407,11838000,407
2013-05-13,415,415,406,407,7979000,407
2013-05-14,410,419,407,407,6942000,407
2013-05-15,415,427,414,424,11228000,424
2013-05-16,429,430,420,426,7338000,426
2013-05-17,427,445,422,440,10756000,440
2013-05-20,456,491,456,483,20600000,483
2013-05-21,479,495,471,477,8169000,477
2013-05-22,481,504,480,492,9908000,492
2013-05-23,491,492,455,463,17383000,463
2013-05-24,475,486,461,478,18636000,478
2013-05-27,464,466,446,451,8392000,451
2013-05-28,446,460,435,438,13175000,438
2013-05-29,444,456,437,450,11739000,450
2013-05-30,435,442,418,423,8134000,423
2013-05-31,438,440,428,435,10314000,435
2013-06-03,429,429,417,425,6608000,425
2013-06-04,417,435,412,430,7041000,430
2013-06-05,437,441,413,414,5808000,414
2013-06-06,406,417,401,405,7200000,405
2013-06-07,400,412,391,400,6539000,400
2013-06-10,416,420,410,416,7439000,416
2013-06-11,416,416,403,408,5078000,408
2013-06-12,400,415,392,411,4956000,411
2013-06-13,404,404,384,388,5107000,388
2013-06-14,391,401,389,391,10655000,391
2013-06-17,390,401,387,399,4250000,399
2013-06-18,400,403,391,396,3932000,396
2013-06-19,400,419,400,417,8474000,417
2013-06-20,413,413,401,403,5603000,403
2013-06-21,387,396,381,391,8383000,391
2013-06-24,397,399,384,386,3172000,386
2013-06-25,386,397,382,395,7416000,395
2013-06-26,405,408,393,393,5847000,393
2013-06-27,394,409,388,409,5367000,409
2013-06-28,414,426,411,418,6806000,418
2013-07-01,421,442,409,435,11233000,435
2013-07-02,441,441,426,435,6698000,435
2013-07-03,440,445,436,443,7310000,443
2013-07-04,436,439,428,431,9110000,431
2013-07-05,432,437,431,435,6096000,435
2013-07-08,444,455,444,449,8836000,449
2013-07-09,453,462,453,459,8510000,459
2013-07-10,458,459,448,451,9783000,451
2013-07-11,452,464,452,459,13466000,459
2013-07-12,456,463,453,460,13246000,460
2013-07-16,464,469,461,463,5653000,463
2013-07-17,460,467,456,467,7599000,467
2013-07-18,468,485,464,480,8627000,480
2013-07-19,482,482,459,476,9709000,476
2013-07-22,483,493,476,491,12734000,491
2013-07-23,486,487,477,484,6276000,484
2013-07-24,479,487,474,483,6353000,483
2013-07-25,487,489,476,479,4168000,479
2013-07-26,467,471,459,465,8860000,465
2013-07-29,450,452,441,443,8024000,443
2013-07-30,442,455,442,454,3544000,454
2013-07-31,452,457,444,456,7228000,456
2013-08-01,457,457,427,439,15459000,439
2013-08-02,423,436,415,434,13533000,434
2013-08-05,431,438,430,431,4540000,431
2013-08-06,435,447,429,446,4980000,446
2013-08-07,438,441,432,432,3924000,432
2013-08-08,432,437,421,425,3901000,425
2013-08-09,425,429,423,427,2586000,427
2013-08-12,423,431,420,427,1645000,427
2013-08-13,432,441,432,440,2614000,440
2013-08-14,442,448,439,445,2738000,445
2013-08-15,439,439,429,431,4645000,431
2013-08-16,427,434,426,429,2626000,429
2013-08-19,427,433,423,433,2286000,433
2013-08-20,433,437,426,431,4527000,431
2013-08-21,429,441,427,436,6629000,436
2013-08-22,435,442,432,435,4868000,435
2013-08-23,445,455,445,449,4344000,449
2013-08-26,452,453,446,449,4497000,449
2013-08-27,445,455,443,446,4526000,446
2013-08-28,438,444,434,440,2816000,440
2013-08-29,438,449,436,448,2881000,448
2013-08-30,450,457,445,445,3626000,445
2013-09-02,446,451,444,447,2105000,447
2013-09-03,449,460,449,458,3333000,458
2013-09-04,455,458,452,458,2198000,458
2013-09-05,455,460,452,458,2242000,458
2013-09-06,457,457,444,450,4175000,450
2013-09-09,463,468,460,465,4282000,465
2013-09-10,468,477,467,473,3649000,473
2013-09-11,477,484,477,477,2439000,477
2013-09-12,473,476,464,472,3674000,472
2013-09-13,465,483,465,480,6683000,480
2013-09-17,480,493,479,479,4810000,479
2013-09-18,481,486,474,477,3404000,477
2013-09-19,479,487,475,486,3966000,486
2013-09-20,487,492,486,487,3628000,487
2013-09-24,481,483,466,475,5514000,475
2013-09-25,470,473,464,472,3437000,472
2013-09-26,463,467,454,466,4833000,466
2013-09-27,467,468,448,449,10539000,449
2013-09-30,446,453,442,446,5131000,446
2013-10-01,446,446,438,441,4925000,441
2013-10-02,437,444,432,434,4403000,434
2013-10-03,436,440,434,437,2775000,437
2013-10-04,431,444,426,437,5521000,437
2013-10-07,437,437,424,425,3868000,425
2013-10-08,426,427,418,424,3673000,424
2013-10-09,422,431,421,430,2519000,430
2013-10-10,432,436,429,435,1835000,435
2013-10-11,439,450,439,446,5507000,446
2013-10-15,451,456,445,447,4048000,447
2013-10-16,443,443,433,438,5899000,438
2013-10-17,442,444,434,438,4421000,438
2013-10-18,437,440,428,429,5453000,429
2013-10-21,430,435,424,430,5413000,430
2013-10-22,428,435,428,431,2150000,431
2013-10-23,436,443,431,431,4907000,431
2013-10-24,430,433,424,431,3719000,431
2013-10-25,428,430,424,427,3707000,427
2013-10-28,429,438,426,436,4024000,436
2013-10-29,431,440,430,434,5039000,434
2013-10-30,440,444,437,440,4175000,440
2013-10-31,440,444,433,433,3483000,433
2013-11-01,455,486,455,466,23197000,466
2013-11-05,469,483,457,462,7343000,462
2013-11-06,460,466,454,461,4610000,461
2013-11-07,461,462,451,453,3525000,453
2013-11-08,450,452,445,448,3764000,448
2013-11-11,453,456,446,449,2313000,449
2013-11-12,447,457,446,454,2627000,454
2013-11-13,451,464,450,461,3346000,461
2013-11-14,463,470,459,467,4595000,467
2013-11-15,470,474,467,472,3800000,472
2013-11-18,472,472,464,468,4043000,468
2013-11-19,466,469,460,468,4533000,468
2013-11-20,465,466,454,458,4965000,458
2013-11-21,462,466,459,465,2746000,465
2013-11-22,468,471,464,468,4213000,468
2013-11-25,472,473,467,469,2473000,469
2013-11-26,463,469,463,465,3075000,465
2013-11-27,461,469,460,466,2405000,466
2013-11-28,471,478,468,477,4149000,477
2013-11-29,476,495,474,493,8166000,493
2013-12-02,491,493,480,483,6704000,483
2013-12-03,486,494,486,490,4741000,490
2013-12-04,485,488,478,485,5175000,485
2013-12-05,484,486,478,482,3575000,482
2013-12-06,468,472,454,471,11122000,471
2013-12-09,478,487,478,484,4869000,484
2013-12-10,487,489,482,487,2442000,487
2013-12-11,483,484,471,478,3491000,478
2013-12-12,477,478,472,475,2852000,475
2013-12-13,474,480,470,471,6353000,471
2013-12-16,447,461,447,459,5943000,459
2013-12-17,462,468,454,457,5984000,457
2013-12-18,457,469,457,467,3489000,467
2013-12-19,474,476,467,468,4908000,468
2013-12-20,467,468,464,466,3618000,466
2013-12-24,469,472,464,467,3396000,467
2013-12-25,464,465,461,464,2946000,464
2013-12-26,472,484,471,479,5100000,479
2013-12-27,483,491,481,485,4996000,485
2013-12-30,487,489,482,484,2476000,484
2014-01-06,480,483,472,473,3720000,473
2014-01-07,473,474,465,468,5294000,468
2014-01-08,472,479,472,477,4680000,477
2014-01-09,476,481,472,478,3942000,478
2014-01-10,474,480,472,476,4960000,476
2014-01-14,468,470,457,459,6650000,459
2014-01-15,468,475,467,472,4008000,472
2014-01-16,482,486,470,472,3259000,472
2014-01-17,473,485,468,479,6162000,479
2014-01-20,484,494,481,489,6586000,489
2014-01-21,496,524,495,518,18848000,518
2014-01-22,511,517,503,510,10132000,510
2014-01-23,527,530,505,505,13632000,505
2014-01-24,501,518,500,510,7792000,510
2014-01-27,490,505,488,497,6061000,497
2014-01-28,498,503,491,491,4358000,491
2014-01-29,501,506,498,502,4067000,502
2014-01-30,494,494,481,485,5184000,485
2014-01-31,486,489,477,480,4977000,480
2014-02-03,496,516,494,501,10856000,501
2014-02-04,475,481,458,460,9121000,460
2014-02-05,466,470,450,460,6497000,460
2014-02-06,461,461,451,456,5615000,456
2014-02-07,464,469,462,467,4274000,467
2014-02-10,474,475,466,471,3436000,471
2014-02-12,473,479,467,477,4672000,477
2014-02-13,473,477,463,467,4631000,467
2014-02-14,470,477,462,468,5649000,468
2014-02-17,467,470,456,467,5629000,467
2014-02-18,471,487,470,480,5812000,480
2014-02-19,484,489,478,486,4198000,486
2014-02-20,482,482,462,468,7588000,468
2014-02-21,472,483,468,480,7839000,480
2014-02-24,477,478,462,468,12947000,468
2014-02-25,463,474,461,472,6352000,472
2014-02-26,472,480,470,474,3565000,474
2014-02-27,469,476,466,471,3027000,471
2014-02-28,470,475,465,469,3188000,469
2014-03-03,467,467,456,461,3237000,461
2014-03-04,462,473,458,468,3949000,468
2014-03-05,472,477,469,470,2592000,470
2014-03-06,470,478,467,474,2809000,474
2014-03-07,469,476,466,467,6379000,467
2014-03-10,467,467,457,458,6633000,458
2014-03-11,458,464,454,459,5676000,459
2014-03-12,452,458,449,454,4877000,454
2014-03-13,454,460,452,456,4083000,456
2014-03-14,442,442,433,436,6988000,436
2014-03-17,436,441,431,434,3127000,434
2014-03-18,440,440,431,431,2963000,431
2014-03-19,435,436,424,427,4785000,427
2014-03-20,431,433,418,419,5088000,419
2014-03-24,420,425,411,415,6001000,415
2014-03-25,408,411,395,411,9379000,411
2014-03-26,412,423,412,421,6899000,421
2014-03-27,417,427,413,424,6161000,424
2014-03-28,424,429,422,425,4963000,425
2014-03-31,425,426,417,419,5074000,419
2014-04-01,427,445,427,437,9729000,437
2014-04-02,445,452,442,446,6498000,446
2014-04-03,451,453,443,444,3602000,444
2014-04-04,443,448,442,446,1850000,446
2014-04-07,441,445,437,438,3142000,438
2014-04-08,436,439,429,432,3841000,432
2014-04-09,427,433,423,425,4829000,425
2014-04-10,436,446,432,435,6520000,435
2014-04-11,427,433,426,430,5325000,430
2014-04-14,428,432,427,427,2236000,427
2014-04-15,430,433,426,428,3434000,428
2014-04-16,432,444,431,441,3467000,441
2014-04-17,442,447,437,440,2869000,440
2014-04-18,459,462,454,454,5872000,454
2014-04-21,457,460,448,453,3540000,453
2014-04-22,451,455,446,446,3076000,446
2014-04-23,450,456,447,451,3051000,451
2014-04-24,452,457,448,449,2559000,449
2014-04-25,452,459,448,451,4086000,451
2014-04-28,448,451,442,448,2766000,448
2014-04-30,445,446,430,434,5623000,434
2014-05-01,431,435,428,431,4890000,431
2014-05-02,426,433,426,433,4530000,433
2014-05-07,431,431,419,421,5342000,421
2014-05-08,424,426,421,423,3165000,423
2014-05-09,421,427,415,424,6213000,424
2014-05-12,428,436,427,430,5029000,430
2014-05-13,437,439,434,437,3389000,437
2014-05-14,435,438,431,435,4007000,435
2014-05-15,432,442,432,441,4564000,441
2014-05-16,437,439,432,436,3008000,436
2014-05-19,436,441,434,435,3290000,435
2014-05-20,435,435,429,433,2097000,433
2014-05-21,426,431,422,431,2536000,431
2014-05-22,436,456,436,448,7900000,448
2014-05-23,454,455,450,451,3520000,451
2014-05-26,452,457,451,455,2869000,455
2014-05-27,455,462,451,453,2709000,453
2014-05-28,450,453,447,452,3198000,452
2014-05-29,452,461,452,456,3004000,456
2014-05-30,454,456,446,452,3706000,452
2014-06-02,453,464,452,462,3164000,462
2014-06-03,468,475,462,463,4030000,463
2014-06-04,463,463,456,461,4121000,461
2014-06-05,464,467,454,457,5699000,457
2014-06-06,462,472,460,468,4783000,468
2014-06-09,470,470,463,464,2898000,464
2014-06-10,460,464,457,464,3088000,464
2014-06-11,461,470,461,470,2278000,470
2014-06-12,467,473,465,470,2950000,470
2014-06-13,472,477,469,475,6787000,475
2014-06-16,472,473,465,470,2720000,470
2014-06-17,467,472,463,468,2437000,468
2014-06-18,471,475,468,474,3787000,474
2014-06-19,477,494,475,486,8810000,486
2014-06-20,483,485,477,481,4068000,481
2014-06-23,485,485,474,477,4275000,477
2014-06-24,478,484,473,484,4048000,484
2014-06-25,483,485,480,480,2485000,480
2014-06-26,484,491,483,488,5094000,488
2014-06-27,484,485,475,479,3112000,479
2014-06-30,483,486,478,482,3930000,482
2014-07-01,482,493,480,489,3143000,489
2014-07-02,490,494,487,489,2190000,489
2014-07-03,492,493,487,491,2254000,491
2014-07-04,493,496,490,493,1526000,493
2014-07-07,496,496,487,488,2163000,488
2014-07-08,490,490,479,483,2930000,483
2014-07-09,478,478,472,477,3385000,477
2014-07-10,480,485,478,478,2256000,478
2014-07-11,484,485,473,476,3581000,476
2014-07-14,472,485,472,483,1881000,483
2014-07-15,484,490,483,485,1908000,485
2014-07-16,484,489,482,482,2017000,482
2014-07-17,484,487,480,482,2429000,482
2014-07-18,477,481,473,480,2861000,480
2014-07-22,483,492,483,485,2591000,485
2014-07-23,488,493,484,485,1573000,485
2014-07-24,486,489,482,485,2222000,485
2014-07-25,488,489,478,481,3488000,481
2014-07-28,476,485,476,480,2807000,480
2014-07-29,486,487,483,485,1855000,485
2014-07-30,482,489,482,489,1783000,489
2014-07-31,519,519,505,509,8860000,509
2014-08-01,499,500,489,492,5911000,492
2014-08-04,490,491,484,487,3003000,487
2014-08-05,492,493,481,482,4539000,482
2014-08-06,478,483,476,480,3709000,480
2014-08-07,482,491,478,489,5276000,489
2014-08-08,484,485,468,469,7155000,469
2014-08-11,477,479,473,477,3584000,477
2014-08-12,478,480,475,478,2507000,478
2014-08-13,479,482,478,481,2259000,481
2014-08-14,484,486,479,481,2251000,481
2014-08-15,484,492,483,490,4419000,490
2014-08-18,490,493,489,492,1548000,492
2014-08-19,498,500,493,496,1751000,496
2014-08-20,514,521,510,510,6947000,510
2014-08-21,520,525,513,518,5773000,518
2014-08-22,522,523,517,518,3104000,518
2014-08-25,525,525,520,522,1965000,522
2014-08-26,518,524,515,522,3833000,522
2014-08-27,530,535,518,522,4519000,522
2014-08-28,527,537,521,531,5485000,531
2014-08-29,532,536,530,536,4735000,536
2014-09-01,540,545,538,542,3676000,542
2014-09-02,540,546,535,544,3479000,544
2014-09-03,550,556,548,550,3927000,550
2014-09-04,547,553,545,549,3276000,549
2014-09-05,551,552,542,545,3518000,545
2014-09-08,552,559,550,557,3204000,557
2014-09-09,565,573,563,564,5184000,564
2014-09-10,563,572,562,570,4538000,570
2014-09-11,575,580,571,574,3702000,574
2014-09-12,584,587,580,586,7218000,586
2014-09-16,586,586,579,585,6189000,585
2014-09-17,584,586,567,580,5149000,580
2014-09-18,589,595,584,593,5308000,593
2014-09-19,599,607,599,605,3630000,605
2014-09-22,605,606,599,602,2640000,602
2014-09-24,596,603,591,599,5074000,599
2014-09-25,605,615,605,611,3862000,611
2014-09-26,597,610,597,605,2884000,605
2014-09-29,615,620,613,619,3522000,619
2014-09-30,620,621,609,617,3759000,617
2014-10-01,619,620,597,599,5380000,599
2014-10-02,590,593,572,575,7967000,575
2014-10-03,567,579,564,575,6453000,575
2014-10-06,580,588,571,584,4287000,584
2014-10-07,581,584,576,577,3306000,577
2014-10-08,573,582,568,580,5388000,580
2014-10-09,584,587,572,573,3780000,573
2014-10-10,556,560,553,558,5554000,558
2014-10-14,543,550,540,541,5207000,541
2014-10-15,546,556,546,553,4689000,553
2014-10-16,543,558,539,551,6720000,551
2014-10-17,551,555,541,542,5277000,542
2014-10-20,560,563,557,558,4649000,558
2014-10-21,560,562,550,551,3427000,551
2014-10-22,565,578,565,578,4190000,578
2014-10-23,573,581,569,573,4115000,573
2014-10-24,581,583,563,569,5935000,569
2014-10-27,571,572,561,565,3127000,565
2014-10-28,562,566,558,564,3010000,564
2014-10-29,567,573,565,573,2690000,573
2014-10-30,577,586,572,579,3964000,579
2014-10-31,610,612,595,608,8615000,608
2014-11-04,668,680,640,646,10981000,646
2014-11-05,650,670,650,667,12717000,667
2014-11-06,670,674,659,666,6165000,666
2014-11-07,670,673,655,660,5973000,660
2014-11-10,647,663,646,662,3818000,662
2014-11-11,664,671,661,670,4632000,670
2014-11-12,673,675,661,663,4858000,663
2014-11-13,658,665,652,662,5561000,662
2014-11-14,666,666,636,643,11286000,643
2014-11-17,646,646,636,642,5093000,642
2014-11-18,646,661,643,661,3918000,661
2014-11-19,663,669,661,661,3531000,661
2014-11-20,665,666,647,654,4331000,654
2014-11-21,650,655,644,655,4680000,655
2014-11-25,663,665,655,658,4444000,658
2014-11-26,651,656,647,653,4495000,653
2014-11-27,646,651,645,646,2447000,646
2014-11-28,650,652,646,651,3689000,651
2014-12-01,654,656,648,652,2565000,652
2014-12-02,656,672,654,670,4568000,670
2014-12-03,679,695,675,681,6156000,681
2014-12-04,686,699,686,695,4813000,695
2014-12-05,692,705,691,701,4776000,701
2014-12-08,707,717,697,700,5315000,700
2014-12-09,695,703,693,696,3015000,696
2014-12-10,682,685,671,674,4371000,674
2014-12-11,664,680,657,678,3302000,678
2014-12-12,684,694,680,681,5642000,681
2014-12-15,668,675,663,667,3187000,667
2014-12-16,651,655,639,642,5565000,642
2014-12-17,640,652,639,648,4432000,648
2014-12-18,665,677,660,663,6434000,663
2014-12-19,673,673,658,669,5240000,669
2014-12-22,672,674,662,664,3098000,664
2014-12-24,670,676,669,671,2483000,671
2014-12-25,659,662,650,657,2893000,657
2014-12-26,653,660,648,656,2978000,656
2014-12-29,659,664,655,662,2752000,662
2014-12-30,660,665,652,653,2316000,653
2015-01-05,645,649,638,645,3050000,645
2015-01-06,631,636,629,631,3807000,631
2015-01-07,626,647,626,645,5076000,645
2015-01-08,651,655,647,648,3451000,648
2015-01-09,655,655,644,647,2824000,647
2015-01-13,637,645,626,644,3468000,644
2015-01-14,635,641,623,626,4071000,626
2015-01-15,622,628,611,620,6090000,620
2015-01-16,605,612,599,609,5975000,609
2015-01-19,612,620,610,619,2452000,619
2015-01-20,616,632,616,631,2558000,631
2015-01-21,630,630,620,622,2655000,622
2015-01-22,618,621,612,620,3262000,620
2015-01-23,629,634,621,631,3586000,631
2015-01-26,625,646,624,645,3429000,645
2015-01-27,650,658,646,658,3841000,658
2015-01-28,648,652,644,650,2924000,650
2015-01-29,641,644,615,629,6143000,629
2015-01-30,638,657,636,643,4784000,643
2015-02-02,700,700,651,662,8465000,662
2015-02-03,664,674,647,650,4758000,650
2015-02-04,661,695,659,693,7161000,693
2015-02-05,690,690,673,675,3943000,675
2015-02-06,685,689,672,677,3275000,677
2015-02-09,686,690,679,689,3320000,689
2015-02-10,679,682,672,678,2782000,678
2015-02-12,688,689,676,679,4983000,679
2015-02-13,688,694,676,682,5249000,682
2015-02-16,699,725,696,710,8462000,710
2015-02-17,701,708,695,701,3648000,701
2015-02-18,712,720,712,714,3857000,714
2015-02-19,714,732,714,730,4744000,730
2015-02-20,740,743,734,738,3932000,738
2015-02-23,747,749,739,743,2348000,743
2015-02-24,730,737,720,724,3979000,724
2015-02-25,736,739,725,731,2692000,731
2015-02-26,737,752,730,744,4453000,744
2015-02-27,749,758,739,743,3133000,743
2015-03-02,753,757,746,752,2430000,752
2015-03-03,764,773,741,744,4055000,744
2015-03-04,731,740,728,735,3173000,735
2015-03-05,749,772,745,767,5491000,767
2015-03-06,766,779,766,772,4721000,772
2015-03-09,772,782,759,760,4774000,760
2015-03-10,767,772,756,760,4024000,760
2015-03-11,760,769,753,763,4720000,763
2015-03-12,770,774,759,766,3635000,766
2015-03-13,767,770,746,759,8358000,759
2015-03-16,760,768,749,760,3752000,760
2015-03-17,769,770,758,763,3289000,763
2015-03-18,760,764,758,764,3224000,764
2015-03-19,770,782,762,780,5704000,780
2015-03-20,781,789,776,783,4652000,783
2015-03-23,792,820,784,815,9704000,815
2015-03-24,817,827,811,817,7264000,817
2015-03-25,818,826,808,824,6544000,824
2015-03-26,823,832,804,809,6615000,809
2015-03-27,818,821,790,795,5861000,795
2015-03-30,783,804,783,798,3901000,798
2015-03-31,808,811,787,787,4990000,787
2015-04-01,786,802,779,795,9892000,795
2015-04-02,802,809,787,800,7182000,800
2015-04-03,801,815,798,800,3590000,800
2015-04-06,786,800,782,797,6134000,797
2015-04-07,806,830,803,822,7626000,822
2015-04-08,827,836,818,835,9983000,835
2015-04-09,830,843,824,831,3642000,831
2015-04-10,835,843,826,838,3973000,838
2015-04-13,838,839,826,827,2116000,827
2015-04-14,819,831,818,828,2464000,828
2015-04-15,821,824,813,818,2210000,818
2015-04-16,814,831,813,826,3219000,826
2015-04-17,818,822,811,814,2378000,814
2015-04-20,799,813,798,806,2708000,806
2015-04-21,802,810,798,807,3734000,807
2015-04-22,803,823,803,822,2420000,822
2015-04-23,825,827,810,814,2636000,814
2015-04-24,812,812,800,805,2584000,805
2015-04-27,806,811,799,808,1757000,808
2015-04-28,811,823,809,812,2598000,812
2015-04-30,767,775,745,750,10421000,750
2015-05-01,753,756,740,748,5414000,748
2015-05-07,749,759,745,754,4561000,754
2015-05-08,750,761,745,759,3242000,759
2015-05-11,779,779,750,766,4243000,766
2015-05-12,770,772,760,765,2724000,765
2015-05-13,765,777,764,770,3624000,770
2015-05-14,766,782,765,769,2789000,769
2015-05-15,775,780,767,773,2107000,773
2015-05-18,778,783,775,783,2117000,783
2015-05-19,787,789,781,785,1697000,785
2015-05-20,785,794,782,792,2367000,792
2015-05-21,794,810,792,798,3282000,798
2015-05-22,804,810,797,801,2077000,801
2015-05-25,801,810,798,810,1586000,810
2015-05-26,815,817,806,814,1704000,814
2015-05-27,790,806,784,805,3486000,805
2015-05-28,813,835,812,825,4794000,825
2015-05-29,826,829,812,819,3197000,819
2015-06-01,810,813,798,807,3549000,807
2015-06-02,807,812,804,811,2582000,811
2015-06-03,806,820,805,815,2349000,815
2015-06-04,812,824,812,817,2500000,817
2015-06-05,811,812,798,805,2776000,805
2015-06-08,810,811,793,798,2269000,798
2015-06-09,790,796,774,776,2977000,776
2015-06-10,772,785,771,773,2201000,773
2015-06-11,785,785,768,771,2279000,771
2015-06-12,776,782,766,780,3921000,780
2015-06-15,766,768,759,766,3756000,766
2015-06-16,755,764,744,751,4820000,751
2015-06-17,739,744,725,731,5474000,731
2015-06-18,732,736,721,725,2998000,725
2015-06-19,725,733,710,721,5046000,721
2015-06-22,721,734,718,732,3195000,732
2015-06-23,738,749,735,746,3289000,746
2015-06-24,755,755,747,750,2850000,750
2015-06-25,749,750,742,745,2105000,745
2015-06-26,742,751,736,746,1622000,746
2015-06-29,717,728,717,718,2914000,718
2015-06-30,719,721,709,714,3448000,714
2015-07-01,709,710,690,698,5414000,698
2015-07-02,703,705,682,685,5593000,685
2015-07-03,695,698,684,693,3313000,693
2015-07-06,683,688,676,678,3477000,678
2015-07-07,684,692,679,683,4306000,683
2015-07-08,678,682,659,659,3885000,659
2015-07-09,638,660,627,658,5361000,658
2015-07-10,659,662,650,652,4274000,652
2015-07-13,654,665,650,656,2547000,656
2015-07-14,673,691,671,684,4875000,684
2015-07-15,690,693,676,681,4164000,681
2015-07-16,684,685,667,669,2756000,669
2015-07-17,668,672,659,668,2167000,668
2015-07-21,677,683,674,677,1777000,677
2015-07-22,668,675,664,668,2204000,668
2015-07-23,672,672,650,653,2733000,653
2015-07-24,654,655,643,648,1667000,648
2015-07-27,642,650,638,645,2181000,645
2015-07-28,637,648,634,641,1920000,641
2015-07-29,639,642,635,639,1896000,639
2015-07-30,649,670,647,669,4471000,669
2015-07-31,637,641,619,626,7747000,626
2015-08-03,619,625,612,613,3582000,613
2015-08-04,613,613,593,600,5623000,600
2015-08-05,599,607,587,603,5815000,603
2015-08-06,604,614,601,610,3593000,610
2015-08-07,612,623,611,621,3290000,621
2015-08-10,616,617,605,608,2706000,608
2015-08-11,616,620,612,618,3031000,618
2015-08-12,617,623,605,608,3434000,608
2015-08-13,606,625,605,615,3688000,615
2015-08-14,608,613,599,603,4574000,603
2015-08-17,603,605,596,598,2667000,598
2015-08-18,600,609,595,601,2931000,601
2015-08-19,599,600,587,588,3609000,588
2015-08-20,578,582,565,566,5105000,566
2015-08-21,551,561,549,549,4050000,549
2015-08-24,525,539,523,523,7628000,523
2015-08-25,501,528,495,499,6385000,499
2015-08-26,496,520,482,514,8782000,514
2015-08-27,521,529,514,516,5646000,516
2015-08-28,535,549,534,539,5251000,539
2015-08-31,535,538,523,528,4031000,528
2015-09-01,520,524,502,502,4896000,502
2015-09-02,488,500,485,487,6372000,487
2015-09-03,498,514,498,501,4587000,501
2015-09-04,506,510,482,486,4011000,486
2015-09-07,502,533,491,523,12612000,523
2015-09-08,527,554,523,523,9787000,523
2015-09-09,541,549,533,548,7954000,548
2015-09-10,530,549,528,542,5582000,542
2015-09-11,532,541,531,536,4973000,536
2015-09-14,537,541,521,527,2832000,527
2015-09-15,527,539,519,523,3344000,523
2015-09-16,532,551,530,537,3881000,537
2015-09-17,548,558,547,551,3492000,551
2015-09-18,545,550,534,544,4882000,544
2015-09-24,538,539,514,515,5022000,515
2015-09-25,511,513,497,504,6915000,504
2015-09-28,504,504,492,495,3386000,495
2015-09-29,487,488,472,474,4068000,474
2015-09-30,478,482,469,471,7425000,471
2015-10-01,463,490,458,486,5683000,486
2015-10-02,479,494,469,485,3873000,485
2015-10-05,490,505,489,497,5386000,497
2015-10-06,525,536,511,513,7148000,513
2015-10-07,507,537,500,535,8456000,535
2015-10-08,535,559,535,547,9399000,547
2015-10-09,551,572,551,568,5705000,568
2015-10-13,565,572,560,564,5723000,564
2015-10-14,547,550,530,535,5829000,535
2015-10-15,531,547,531,546,4146000,546
2015-10-16,555,558,544,556,3851000,556
2015-10-19,554,554,539,540,4568000,540
2015-10-20,543,551,535,550,3235000,550
2015-10-21,546,576,545,574,7133000,574
2015-10-22,564,581,559,567,8849000,567
2015-10-23,586,603,580,598,9765000,598
2015-10-26,603,614,600,607,5621000,607
2015-10-27,603,608,579,583,6589000,583
2015-10-28,583,586,569,572,5537000,572
2015-10-29,584,589,573,579,6317000,579
2015-10-30,522,554,522,550,10257000,550
2015-11-02,544,546,532,536,3990000,536
2015-11-04,550,564,547,549,4449000,549
2015-11-05,545,557,545,552,3563000,552
2015-11-06,556,566,551,554,3410000,554
2015-11-09,558,564,549,564,4387000,564
2015-11-10,559,576,557,572,4737000,572
2015-11-11,568,573,558,565,3463000,565
2015-11-12,565,569,553,566,4039000,566
2015-11-13,560,570,558,568,4129000,568
2015-11-16,559,566,556,562,2739000,562
2015-11-17,569,582,567,569,6322000,569
2015-11-18,567,571,559,560,3990000,560
2015-11-19,570,581,566,576,4090000,576
2015-11-20,575,576,570,574,3112000,574
2015-11-24,575,576,569,574,2772000,574
2015-11-25,568,570,556,560,5159000,560
2015-11-26,564,573,563,570,2759000,570
2015-11-27,570,576,567,569,2371000,569
2015-11-30,572,584,571,584,6282000,584
2015-12-01,581,594,579,587,4144000,587
2015-12-02,582,588,574,581,3644000,581
2015-12-03,579,584,575,583,2431000,583
2015-12-04,571,573,561,562,3337000,562
2015-12-07,569,569,562,565,2842000,565
2015-12-08,563,564,547,549,2582000,549
2015-12-09,543,545,537,539,4004000,539
2015-12-10,529,534,521,526,3901000,526
2015-12-11,523,538,523,534,4590000,534
2015-12-14,521,524,512,521,3381000,521
2015-12-15,519,524,510,510,2880000,510
2015-12-16,524,540,522,534,6303000,534
2015-12-17,543,553,543,546,6301000,546
2015-12-18,544,566,534,534,8261000,534
2015-12-21,530,535,523,534,3643000,534
2015-12-22,535,538,527,535,2531000,535
2015-12-24,545,558,544,550,4313000,550
2015-12-25,555,555,530,536,2163000,536
2015-12-28,533,554,533,549,4293000,549
2015-12-29,552,554,541,552,2015000,552
2015-12-30,552,564,547,548,2464000,548
2016-01-04,546,558,532,536,3657000,536
2016-01-05,541,549,536,540,3248000,540
2016-01-06,546,553,523,525,3751000,525
2016-01-07,520,527,505,506,3739000,506
2016-01-08,501,519,500,511,4654000,511
2016-01-12,501,510,489,491,4352000,491
2016-01-13,504,517,501,505,6405000,505
2016-01-14,490,494,482,492,4930000,492
2016-01-15,504,507,489,492,4598000,492
2016-01-18,480,491,474,487,4361000,487
2016-01-19,481,496,473,495,5716000,495
2016-01-20,493,495,465,466,6743000,466
2016-01-21,464,475,449,449,5284000,449
2016-01-22,473,487,467,486,5889000,486
2016-01-25,493,496,475,477,4855000,477
2016-01-26,469,470,459,461,5221000,461
2016-01-27,471,480,467,475,4659000,475
2016-01-28,471,475,462,463,4531000,463
2016-01-29,462,472,450,469,5843000,469
2016-02-01,483,518,480,512,8862000,512
2016-02-02,500,503,489,493,6027000,493
2016-02-03,472,473,452,457,7850000,457
2016-02-04,452,464,446,452,4921000,452
2016-02-05,447,466,446,465,5545000,465
2016-02-08,457,473,449,471,4640000,471
2016-02-09,451,451,436,439,4914000,439
2016-02-10,440,443,428,438,6509000,438
2016-02-12,417,429,413,416,9737000,416
2016-02-15,448,471,439,467,6813000,467
2016-02-16,460,486,460,477,4685000,477
2016-02-17,474,485,461,466,6708000,466
2016-02-18,486,489,472,479,5926000,479
2016-02-19,471,474,458,467,3920000,467
2016-02-22,464,470,460,464,3467000,464
2016-02-23,466,481,465,468,3327000,468
2016-02-24,461,463,453,460,3621000,460
2016-02-25,462,473,462,472,3356000,472
2016-02-26,483,492,477,480,3896000,480
2016-02-29,479,489,465,466,3466000,466
2016-03-01,466,472,448,464,5677000,464
2016-03-02,483,495,481,493,3864000,493
2016-03-03,492,516,492,513,4399000,513
2016-03-04,511,518,509,514,3797000,514
2016-03-07,517,521,510,518,3611000,518
2016-03-08,515,521,495,508,4485000,508
2016-03-09,498,498,477,491,6880000,491
2016-03-10,501,510,499,508,3217000,508
2016-03-11,498,505,489,503,5704000,503
2016-03-14,513,516,506,509,2943000,509
2016-03-15,509,509,497,501,3302000,501
2016-03-16,495,500,491,494,2162000,494
2016-03-17,502,506,489,495,3528000,495
2016-03-18,494,500,491,496,3635000,496
2016-03-22,501,507,485,489,5902000,489
2016-03-23,487,491,472,476,4671000,476
2016-03-24,476,479,465,465,4890000,465
2016-03-25,471,479,466,476,2853000,476
2016-03-28,482,487,478,485,3202000,485
2016-03-29,480,488,477,480,2416000,480
2016-03-30,486,486,468,470,3683000,470
2016-03-31,471,475,465,465,3416000,465
2016-04-01,463,465,440,442,6001000,442
2016-04-04,442,450,437,441,3558000,441
2016-04-05,437,439,424,427,4212000,427
2016-04-06,426,432,415,418,4666000,418
2016-04-07,410,420,405,415,6813000,415
2016-04-08,410,435,406,428,4700000,428
2016-04-11,424,430,411,428,4294000,428
2016-04-12,430,447,427,443,3683000,443
2016-04-13,451,461,449,458,3815000,458
2016-04-14,461,475,461,473,4612000,473
2016-04-15,468,474,465,468,3484000,468
2016-04-18,444,452,439,451,3579000,451
2016-04-19,471,477,468,473,3434000,473
2016-04-20,479,483,468,471,3927000,471
2016-04-21,485,495,482,491,5223000,491
2016-04-22,484,500,481,500,3951000,500
2016-04-25,509,513,503,507,4991000,507
2016-04-26,507,507,493,495,3765000,495
2016-04-27,498,501,490,494,2956000,494
2016-04-28,502,506,471,473,4561000,473
2016-05-02,450,462,450,454,3646000,454
2016-05-06,458,463,449,453,4022000,453
2016-05-09,461,461,452,455,2283000,455
2016-05-10,457,475,451,471,5894000,471
2016-05-11,528,542,524,534,12116000,534
2016-05-12,527,543,522,542,5541000,542
2016-05-13,544,546,521,521,4399000,521
2016-05-16,517,531,516,528,3792000,528
2016-05-17,532,538,524,537,3452000,537
2016-05-18,528,536,526,533,4019000,533
2016-05-19,534,536,523,526,2975000,526
2016-05-20,519,532,516,530,3683000,530
2016-05-23,525,532,519,531,2506000,531
2016-05-24,530,537,526,528,3653000,528
2016-05-25,541,544,533,535,3281000,535
2016-05-26,543,546,534,536,3888000,536
2016-05-27,537,545,530,541,3572000,541
2016-05-30,546,548,534,537,4163000,537
2016-05-31,530,541,524,539,3276000,539
2016-06-01,541,546,534,537,4229000,537
2016-06-02,533,538,513,515,5269000,515
2016-06-03,514,518,508,512,4873000,512
2016-06-06,502,505,494,505,4093000,505
2016-06-07,507,515,505,513,2517000,513
2016-06-08,513,521,501,521,4735000,521
2016-06-09,517,523,512,513,2955000,513
2016-06-10,510,511,503,509,3929000,509
2016-06-13,495,498,483,485,2778000,485
2016-06-14,488,492,478,482,3091000,482
2016-06-15,479,490,476,481,3970000,481
2016-06-16,480,480,458,459,4353000,459
2016-06-17,467,474,465,469,4870000,469
2016-06-20,477,484,475,481,3378000,481
2016-06-21,476,483,469,481,1961000,481
2016-06-22,480,482,473,476,2186000,476
2016-06-23,477,487,472,486,2682000,486
2016-06-24,502,508,444,448,5669000,448
2016-06-27,464,464,441,445,3853000,445
2016-06-28,437,448,428,445,3067000,445
2016-06-29,445,447,434,441,4196000,441
2016-06-30,454,459,444,444,4224000,444
2016-07-01,449,454,446,449,2595000,449
2016-07-04,445,452,439,451,2762000,451
2016-07-05,449,450,441,445,2341000,445
2016-07-06,437,437,424,430,2740000,430
2016-07-07,431,438,424,426,4716000,426
2016-07-08,430,438,424,426,4614000,426
2016-07-11,433,445,433,441,5120000,441
2016-07-12,449,469,449,464,5440000,464
2016-07-13,479,483,469,471,3754000,471
2016-07-14,469,478,465,473,3675000,473
2016-07-15,471,485,469,478,4202000,478
2016-07-19,482,493,480,493,3914000,493
2016-07-20,487,491,479,490,3367000,490
2016-07-21,498,506,496,505,3737000,505
2016-07-22,490,501,488,493,3115000,493
2016-07-25,497,503,491,493,3633000,493
2016-07-26,488,488,478,481,2829000,481
2016-07-27,493,504,491,501,3698000,501
2016-07-28,495,503,492,497,3350000,497
2016-07-29,489,500,478,494,5067000,494
2016-08-01,481,485,462,471,6452000,471
2016-08-02,463,466,459,462,3914000,462
2016-08-03,454,457,449,451,5196000,451
2016-08-04,456,472,452,470,5803000,470
2016-08-05,469,474,463,467,3131000,467
2016-08-08,474,489,472,486,4342000,486
2016-08-09,482,489,477,487,3468000,487
2016-08-10,479,487,475,478,3324000,478
2016-08-12,480,488,473,486,2690000,486
2016-08-15,484,488,480,485,1896000,485
2016-08-16,485,491,475,475,3138000,475
2016-08-17,490,521,487,514,9468000,514
2016-08-18,505,514,502,502,4231000,502
2016-08-19,508,525,507,523,5276000,523
2016-08-22,525,530,521,527,3486000,527
2016-08-23,523,523,504,507,3823000,507
2016-08-24,504,508,498,499,3809000,499
2016-08-25,498,498,486,494,4394000,494
2016-08-26,491,495,487,489,3086000,489
2016-08-29,499,508,497,503,3580000,503
2016-08-30,500,500,494,497,2848000,497
2016-08-31,501,514,501,508,5093000,508
2016-09-01,510,512,504,506,5028000,506
2016-09-02,509,509,499,505,3504000,505
2016-09-05,513,518,504,505,3093000,505
2016-09-06,503,514,502,511,2981000,511
2016-09-07,501,511,498,511,3343000,511
2016-09-08,511,516,511,513,3051000,513
2016-09-09,514,528,511,527,6328000,527
2016-09-12,513,515,505,509,3998000,509
2016-09-13,516,518,509,513,3642000,513
2016-09-14,508,514,507,512,2921000,512
2016-09-15,509,514,502,506,4438000,506
2016-09-16,508,508,500,501,2834000,501
2016-09-20,492,506,484,504,3858000,504
2016-09-21,507,521,499,521,3950000,521
2016-09-23,521,524,516,523,3210000,523
2016-09-26,520,520,506,507,3428000,507
2016-09-27,496,505,490,505,4639000,505
2016-09-28,500,500,487,490,3394000,490
2016-09-29,498,507,494,506,3456000,506
2016-09-30,493,497,491,494,3445000,494
2016-10-03,502,502,489,490,3228000,490
2016-10-04,494,496,488,495,3298000,495
2016-10-05,498,508,496,508,3535000,508
2016-10-06,513,517,509,511,4415000,511
2016-10-07,512,514,507,512,3188000,512
2016-10-11,518,524,515,517,2839000,517
2016-10-12,509,518,507,509,4480000,509
2016-10-13,512,519,505,508,4495000,508
2016-10-14,508,513,501,508,3064000,508
2016-10-17,509,511,504,509,2920000,509
2016-10-18,505,506,494,504,4087000,504
2016-10-19,502,510,499,509,5727000,509
2016-10-20,512,520,510,520,3964000,520
2016-10-21,518,530,518,529,3896000,529
2016-10-24,525,536,522,535,3304000,535
2016-10-25,538,541,532,537,3313000,537
2016-10-26,539,545,534,544,5001000,544
2016-10-27,552,557,548,551,5465000,551
2016-10-28,557,564,553,563,5343000,563
2016-10-31,560,565,553,554,4519000,554
2016-11-01,564,584,561,583,7647000,583
2016-11-02,595,601,591,593,8767000,593
2016-11-04,588,592,583,590,5776000,590
2016-11-07,595,604,592,601,5708000,601
2016-11-08,595,596,586,590,3895000,590
2016-11-09,598,604,553,563,7004000,563
2016-11-10,613,619,609,615,7307000,615
2016-11-11,630,635,619,624,6058000,624
2016-11-14,624,647,621,643,4897000,643
2016-11-15,646,651,637,642,3585000,642
2016-11-16,650,654,647,652,4105000,652
2016-11-17,638,650,638,649,4044000,649
2016-11-18,655,665,654,662,5529000,662
2016-11-21,668,673,660,664,5204000,664
2016-11-22,665,667,658,667,3996000,667
2016-11-24,684,689,675,681,6621000,681
2016-11-25,680,690,680,689,6333000,689
2016-11-28,682,694,679,693,4907000,693
2016-11-29,687,692,683,691,4437000,691
2016-11-30,685,689,684,689,6019000,689
2016-12-01,701,710,694,695,7473000,695
2016-12-02,696,706,688,693,6415000,693
2016-12-05,684,695,679,695,5373000,695
2016-12-06,707,708,697,700,4366000,700
2016-12-07,709,717,708,713,4083000,713
2016-12-08,725,734,721,734,4578000,734
2016-12-09,721,736,721,735,6592000,735
2016-12-12,744,746,718,724,5824000,724
2016-12-13,731,738,719,737,5066000,737
2016-12-14,737,737,726,735,2949000,735
2016-12-15,736,742,728,730,4428000,730
2016-12-16,740,765,736,761,5680000,761
2016-12-19,763,763,747,756,3093000,756
2016-12-20,761,764,754,764,3303000,764
2016-12-21,765,771,756,760,3449000,760
2016-12-22,756,769,750,767,2913000,767
2016-12-26,767,769,755,757,2449000,757
2016-12-27,749,760,746,756,2433000,756
2016-12-28,762,777,762,776,3061000,776
2016-12-29,767,767,747,749,4157000,749
2016-12-30,748,756,741,753,3581000,753
2017-01-04,765,794,763,794,4691000,794
