Date,Open,High,Low,Close,Volume,Adj Close
2008-10-20,449,487,440,481,4041000,481
2008-10-21,501,515,495,504,3088000,504
2008-10-22,494,494,462,462,2836000,462
2008-10-23,441,466,425,460,5977000,460
2008-10-24,465,470,404,406,5404000,406
2008-10-27,396,414,356,356,6618000,356
2008-10-28,354,421,348,418,5110000,418
2008-10-29,463,463,402,446,5858000,446
2008-10-30,460,526,447,526,3134000,526
2008-10-31,526,570,511,553,5212000,553
2008-11-04,560,584,541,556,2949000,556
2008-11-05,591,636,581,636,2860000,636
2008-11-06,574,579,541,541,3223000,541
2008-11-07,471,498,452,480,4705000,480
2008-11-10,500,523,500,523,2929000,523
2008-11-11,503,520,486,486,2901000,486
2008-11-12,470,552,406,505,14285000,505
2008-11-13,465,473,438,438,5379000,438
2008-11-14,463,479,444,454,4846000,454
2008-11-17,434,441,413,415,5746000,415
2008-11-18,420,438,413,420,3112000,420
2008-11-19,412,429,409,425,3208000,425
2008-11-20,405,407,381,381,3069000,381
2008-11-21,366,410,352,401,3240000,401
2008-11-25,425,436,409,419,2780000,419
2008-11-26,404,413,397,406,2484000,406
2008-11-27,404,434,403,431,2602000,431
2008-11-28,441,468,433,457,3080000,457
2008-12-01,462,463,438,444,2226000,444
2008-12-02,415,417,400,400,2481000,400
2008-12-03,405,408,376,391,3269000,391
2008-12-04,381,388,379,382,1514000,382
2008-12-05,377,381,367,367,2122000,367
2008-12-08,372,404,371,402,2085000,402
2008-12-09,412,420,406,420,2190000,420
2008-12-10,410,442,406,440,2000000,440
2008-12-11,440,464,434,464,2962000,464
2008-12-12,439,441,403,413,4912000,413
2008-12-15,423,445,423,440,1653000,440
2008-12-16,444,468,440,464,2514000,464
2008-12-17,474,475,435,451,2599000,451
2008-12-18,440,472,439,469,2037000,469
2008-12-19,466,466,444,451,1535000,451
2008-12-22,461,488,452,485,3209000,485
2008-12-24,475,487,463,471,1305000,471
2008-12-25,471,480,470,475,405000,475
2008-12-26,480,485,472,485,565000,485
2008-12-29,484,497,480,492,1102000,492
2008-12-30,482,489,471,489,1038000,489
2009-01-05,521,532,513,525,1555000,525
2009-01-06,545,553,537,543,2313000,543
2009-01-07,540,570,537,557,1819000,557
2009-01-08,520,530,509,514,2033000,514
2009-01-09,524,530,513,519,1708000,519
2009-01-13,474,485,466,477,1528000,477
2009-01-14,472,487,461,479,2550000,479
2009-01-15,454,462,443,444,2887000,444
2009-01-16,447,475,445,472,2528000,472
2009-01-19,477,489,471,472,1348000,472
2009-01-20,465,466,451,452,1546000,452
2009-01-21,449,450,431,443,2198000,443
2009-01-22,453,463,437,462,1851000,462
2009-01-23,452,452,429,430,1818000,430
2009-01-26,430,433,417,421,1495000,421
2009-01-27,432,463,432,456,1999000,456
2009-01-28,466,477,451,467,2032000,467
2009-01-29,487,490,472,483,2088000,483
2009-01-30,463,468,455,457,1538000,457
2009-02-02,444,462,438,443,1980000,443
2009-02-03,448,479,447,450,1387000,450
2009-02-04,455,476,455,469,1362000,469
2009-02-05,454,474,450,457,1554000,457
2009-02-06,479,480,468,474,1309000,474
2009-02-09,488,493,460,460,1516000,460
2009-02-10,473,479,466,471,983000,471
2009-02-12,466,477,452,455,1815000,455
2009-02-13,451,451,415,418,4203000,418
2009-02-16,415,417,403,413,2120000,413
2009-02-17,411,417,405,411,1518000,411
2009-02-18,400,421,400,417,2072000,417
2009-02-19,427,431,417,419,1397000,419
2009-02-20,425,425,402,412,2439000,412
2009-02-23,400,400,374,385,2879000,385
2009-02-24,380,391,374,386,2208000,386
2009-02-25,406,417,399,416,2725000,416
2009-02-26,411,419,397,401,2015000,401
2009-02-27,400,404,393,395,1560000,395
2009-03-02,383,396,381,383,1794000,383
2009-03-03,378,396,376,389,1855000,389
2009-03-04,377,392,377,389,2125000,389
2009-03-05,390,404,389,399,2455000,399
2009-03-06,384,388,377,378,1609000,378
2009-03-09,379,389,379,379,2668000,379
2009-03-10,383,393,383,386,1993000,386
2009-03-11,399,418,395,418,2788000,418
2009-03-12,413,418,407,412,1535000,412
2009-03-13,434,447,433,435,4383000,435
2009-03-16,432,444,426,439,1605000,439
2009-03-17,443,444,429,439,1895000,439
2009-03-18,440,444,429,433,1366000,433
2009-03-19,442,455,436,455,2278000,455
2009-03-23,475,492,473,490,2452000,490
2009-03-24,505,542,504,531,3923000,531
2009-03-25,514,524,501,515,3843000,515
2009-03-26,500,525,499,523,1441000,523
2009-03-27,520,553,517,520,2227000,520
2009-03-30,523,535,505,514,2508000,514
2009-03-31,509,534,505,524,2606000,524
2009-04-01,534,563,529,555,3413000,555
2009-04-02,570,595,567,583,2968000,583
2009-04-03,607,611,584,592,2303000,592
2009-04-06,615,636,608,619,2863000,619
2009-04-07,639,648,629,629,3231000,629
2009-04-08,606,606,569,572,4345000,572
2009-04-09,592,614,591,610,3698000,610
2009-04-10,620,620,597,616,4187000,616
2009-04-13,608,626,604,616,2038000,616
2009-04-14,626,629,607,616,3062000,616
2009-04-15,617,644,611,620,4221000,620
2009-04-16,628,632,600,606,2492000,606
2009-04-17,596,618,596,609,2726000,609
2009-04-20,600,611,596,604,1713000,604
2009-04-21,584,592,578,589,1752000,589
2009-04-22,598,601,580,582,2143000,582
2009-04-23,585,598,578,598,1999000,598
2009-04-24,597,597,581,591,2227000,591
2009-04-27,590,606,584,590,1367000,590
2009-04-28,583,597,573,576,1904000,576
2009-04-30,586,597,581,587,2305000,587
2009-05-01,592,603,585,597,1143000,597
2009-05-07,626,636,620,623,2204000,623
2009-05-08,623,650,609,645,3007000,645
2009-05-11,647,655,622,639,2812000,639
2009-05-12,619,638,600,605,2541000,605
2009-05-13,600,610,594,601,1465000,601
2009-05-14,591,611,582,604,2592000,604
2009-05-15,623,626,613,624,2143000,624
2009-05-18,604,608,595,597,1822000,597
2009-05-19,617,632,614,628,2040000,628
2009-05-20,638,689,630,685,4641000,685
2009-05-21,713,730,702,721,7513000,721
2009-05-22,704,721,701,717,3538000,717
2009-05-25,767,786,757,777,8252000,777
2009-05-26,769,774,740,764,4153000,764
2009-05-27,784,794,772,783,3307000,783
2009-05-28,779,802,769,792,3153000,792
2009-05-29,789,830,788,819,3221000,819
2009-06-01,809,835,809,825,1818000,825
2009-06-02,865,873,831,831,3181000,831
2009-06-03,825,830,802,812,2792000,812
2009-06-04,808,824,804,814,1588000,814
2009-06-05,830,832,808,815,1052000,815
2009-06-08,818,835,818,831,1403000,831
2009-06-09,821,824,798,801,1679000,801
2009-06-10,795,822,791,822,1789000,822
2009-06-11,829,829,802,809,2377000,809
2009-06-12,828,840,819,835,4949000,835
2009-06-15,836,836,819,827,1363000,827
2009-06-16,814,814,768,773,3441000,773
2009-06-17,753,760,732,760,4228000,760
2009-06-18,761,773,755,765,1679000,765
2009-06-19,830,843,785,790,6042000,790
2009-06-22,784,785,764,778,2513000,778
2009-06-23,745,745,723,741,3201000,741
2009-06-24,742,747,726,740,1384000,740
2009-06-25,730,769,730,765,2833000,765
2009-06-26,795,814,785,807,2967000,807
2009-06-29,804,819,785,789,1189000,789
2009-06-30,800,806,772,782,2174000,782
2009-07-01,771,781,764,772,1545000,772
2009-07-02,762,779,755,759,1122000,759
2009-07-03,743,757,738,751,1205000,751
2009-07-06,736,741,712,726,2295000,726
2009-07-07,736,737,700,702,2277000,702
2009-07-08,690,696,671,681,1848000,681
2009-07-09,675,692,668,673,1815000,673
2009-07-10,693,693,669,670,2434000,670
2009-07-13,663,665,633,642,2541000,642
2009-07-14,652,665,648,657,1787000,657
2009-07-15,657,664,647,660,1350000,660
2009-07-16,710,726,701,710,4655000,710
2009-07-17,733,735,705,712,2604000,712
2009-07-21,742,760,730,757,2451000,757
2009-07-22,755,755,732,745,1760000,745
2009-07-23,756,765,751,754,2158000,754
2009-07-24,771,780,763,776,2296000,776
2009-07-27,792,794,784,788,1907000,788
2009-07-28,789,789,769,788,1609000,788
2009-07-29,780,791,771,788,1187000,788
2009-07-30,794,794,777,788,1188000,788
2009-07-31,798,805,786,804,1471000,804
2009-08-03,813,813,800,805,764000,805
2009-08-04,810,821,807,819,1785000,819
2009-08-05,825,827,805,806,1284000,806
2009-08-06,797,828,784,821,2321000,821
2009-08-07,826,827,814,826,1141000,826
2009-08-10,834,840,828,836,1664000,836
2009-08-11,836,839,819,834,1209000,834
2009-08-12,821,827,808,815,1416000,815
2009-08-13,818,826,808,817,1513000,817
2009-08-14,808,816,790,814,2603000,814
2009-08-17,797,812,790,795,1427000,795
2009-08-18,780,789,776,784,1612000,784
2009-08-19,780,788,772,775,1004000,775
2009-08-20,776,790,771,787,1082000,787
2009-08-21,783,784,759,768,1415000,768
2009-08-24,788,800,785,798,1040000,798
2009-08-25,788,793,780,783,996000,783
2009-08-26,784,798,782,791,1357000,791
2009-08-27,751,757,745,751,3920000,751
2009-08-28,750,757,737,746,2048000,746
2009-08-31,758,777,744,752,2654000,752
2009-09-01,750,775,749,772,1547000,772
2009-09-02,751,758,750,755,1349000,755
2009-09-03,749,751,733,734,1293000,734
2009-09-04,732,733,701,706,2625000,706
2009-09-07,701,714,686,712,3547000,712
2009-09-08,712,726,698,720,2689000,720
2009-09-09,720,729,705,711,1769000,711
2009-09-10,729,756,724,753,2996000,753
2009-09-11,763,764,737,742,4434000,742
2009-09-14,728,734,720,727,1504000,727
2009-09-15,739,753,727,735,1190000,735
2009-09-16,727,745,727,732,1161000,732
2009-09-17,752,758,743,754,1629000,754
2009-09-18,758,758,744,750,1380000,750
2009-09-24,755,756,737,755,1571000,755
2009-09-25,746,746,722,729,1072000,729
2009-09-28,719,719,681,683,2391000,683
2009-09-29,696,712,695,711,1429000,711
2009-09-30,701,707,693,707,1157000,707
2009-10-01,693,702,688,692,1285000,692
2009-10-02,676,676,656,668,1622000,668
2009-10-05,658,664,647,650,1267000,650
2009-10-06,664,683,664,683,2564000,683
2009-10-07,693,697,678,692,1640000,692
2009-10-08,700,708,688,703,1583000,703
2009-10-09,710,735,701,728,2511000,728
2009-10-13,725,743,724,741,1199000,741
2009-10-14,734,744,722,734,1109000,734
2009-10-15,754,776,751,764,2084000,764
2009-10-16,760,767,755,762,1113000,762
2009-10-19,757,757,745,752,962000,752
2009-10-20,767,769,761,766,1317000,766
2009-10-21,766,786,764,774,1660000,774
2009-10-22,770,792,769,787,2348000,787
2009-10-23,792,804,787,794,1868000,794
2009-10-26,694,700,694,694,5999000,694
2009-10-27,684,705,673,699,9259000,699
2009-10-28,696,707,680,689,3081000,689
2009-10-29,679,679,654,661,3072000,661
2009-10-30,670,687,667,677,1726000,677
2009-11-02,647,658,640,655,2092000,655
2009-11-04,645,655,628,649,2076000,649
2009-11-05,647,653,633,638,1628000,638
2009-11-06,663,675,655,670,3104000,670
2009-11-09,680,700,666,693,2866000,693
2009-11-10,705,713,697,705,2152000,705
2009-11-11,695,700,676,685,2831000,685
2009-11-12,695,722,692,710,5070000,710
2009-11-13,700,726,700,719,4346000,719
2009-11-16,711,717,694,702,2656000,702
2009-11-17,727,733,703,710,3099000,710
2009-11-18,701,708,691,694,2388000,694
2009-11-19,703,704,677,687,2582000,687
2009-11-20,680,697,676,696,1605000,696
2009-11-24,706,707,680,693,2748000,693
2009-11-25,695,721,691,717,3302000,717
2009-11-26,697,723,692,711,2699000,711
2009-11-27,683,691,656,679,5769000,679
2009-11-30,689,700,658,664,7414000,664
2009-12-01,665,666,625,639,7969000,639
2009-12-02,660,671,645,651,4202000,651
2009-12-03,658,670,651,668,3072000,668
2009-12-04,669,674,652,674,2732000,674
2009-12-07,694,713,687,709,3187000,709
2009-12-08,700,727,698,722,2913000,722
2009-12-09,703,704,665,675,4616000,675
2009-12-10,693,694,669,676,3558000,676
2009-12-11,686,701,676,700,4954000,700
2009-12-14,694,703,682,701,1760000,701
2009-12-15,695,701,692,695,1169000,695
2009-12-16,705,716,690,694,1845000,694
2009-12-17,704,708,692,693,1448000,693
2009-12-18,680,688,673,683,1427000,683
2009-12-21,688,695,684,690,953000,690
2009-12-22,700,716,694,716,1750000,716
2009-12-24,706,733,704,731,1856000,731
2009-12-25,731,732,721,726,780000,726
2009-12-28,716,740,710,738,1504000,738
2009-12-29,745,745,729,733,1555000,733
2009-12-30,733,738,714,715,1452000,715
2010-01-04,722,736,722,733,754000,733
2010-01-05,748,748,732,740,977000,740
2010-01-06,740,747,735,741,893000,741
2010-01-07,741,753,736,749,997000,749
2010-01-08,759,769,751,769,2588000,769
2010-01-12,774,798,765,797,1788000,797
2010-01-13,782,794,775,790,1618000,790
2010-01-14,835,855,822,847,3647000,847
2010-01-15,860,879,851,867,3706000,867
2010-01-18,869,917,850,909,5187000,909
2010-01-19,905,905,859,861,3612000,861
2010-01-20,853,870,841,848,4892000,848
2010-01-21,850,878,835,867,2791000,867
2010-01-22,837,842,822,830,3201000,830
2010-01-25,815,842,808,833,3234000,833
2010-01-26,834,853,822,823,2387000,823
2010-01-27,818,829,811,818,1453000,818
2010-01-28,819,845,819,832,1865000,832
2010-01-29,817,843,808,825,1850000,825
2010-02-01,826,826,801,808,2231000,808
2010-02-02,814,842,810,840,1229000,840
2010-02-03,843,848,832,845,944000,845
2010-02-04,839,844,823,825,935000,825
2010-02-05,799,806,792,797,2223000,797
2010-02-08,790,798,779,779,1548000,779
2010-02-09,775,787,766,781,1484000,781
2010-02-10,793,806,780,783,1481000,783
2010-02-12,795,799,782,793,1789000,793
2010-02-15,794,808,792,806,1181000,806
2010-02-16,802,814,802,808,728000,808
2010-02-17,823,842,823,839,1354000,839
2010-02-18,840,844,831,844,1097000,844
2010-02-19,850,866,806,811,2712000,811
2010-02-22,832,851,830,839,1387000,839
2010-02-23,823,826,810,822,2120000,822
2010-02-24,811,817,805,813,1877000,813
2010-02-25,822,823,798,801,1234000,801
2010-02-26,795,802,786,797,1635000,797
2010-03-01,793,795,781,785,1772000,785
2010-03-02,792,807,791,804,1274000,804
2010-03-03,811,818,805,816,1377000,816
2010-03-04,817,826,796,818,2172000,818
2010-03-05,831,849,829,845,2180000,845
2010-03-08,864,866,857,863,1182000,863
2010-03-09,868,872,856,869,1114000,869
2010-03-10,873,880,870,875,906000,875
2010-03-11,883,889,857,868,1539000,868
2010-03-12,883,892,874,889,5238000,889
2010-03-15,889,899,889,897,1361000,897
2010-03-16,893,894,877,878,1347000,878
2010-03-17,887,895,878,886,1243000,886
2010-03-18,883,887,877,881,928000,881
2010-03-19,882,889,874,879,1418000,879
2010-03-23,876,886,872,877,861000,877
2010-03-24,877,885,870,879,810000,879
2010-03-25,892,907,883,886,1619000,886
2010-03-26,900,923,893,923,2154000,923
2010-03-29,911,917,903,913,1152000,913
2010-03-30,915,945,912,943,1800000,943
2010-03-31,944,946,927,928,1656000,928
2010-04-01,920,923,900,920,3830000,920
2010-04-02,921,939,918,931,1086000,931
2010-04-05,940,963,934,951,1509000,951
2010-04-06,951,954,936,945,1661000,945
2010-04-07,955,958,932,935,1912000,935
2010-04-08,930,937,919,923,1286000,923
2010-04-09,918,933,914,918,2458000,918
2010-04-12,930,950,923,935,1134000,935
2010-04-13,928,930,915,919,1172000,919
2010-04-14,930,938,915,921,1061000,921
2010-04-15,935,938,927,931,662000,931
2010-04-16,923,924,900,906,1378000,906
2010-04-19,891,894,869,875,1673000,875
2010-04-20,876,884,868,871,871000,871
2010-04-21,886,887,871,884,1062000,884
2010-04-22,877,892,851,891,2829000,891
2010-04-23,899,902,882,895,3104000,895
2010-04-26,897,906,892,902,1783000,902
2010-04-27,893,901,884,890,2436000,890
2010-04-28,860,866,846,857,2723000,857
2010-04-30,872,878,863,873,1137000,873
2010-05-06,844,855,828,830,2511000,830
2010-05-07,801,811,792,804,2600000,804
2010-05-10,805,817,800,816,1422000,816
2010-05-11,828,828,793,797,1732000,797
2010-05-12,806,817,793,797,915000,797
2010-05-13,804,824,772,785,3409000,785
2010-05-14,770,827,763,809,4785000,809
2010-05-17,794,794,775,780,2913000,780
2010-05-18,781,784,761,768,1494000,768
2010-05-19,751,779,750,776,1639000,776
2010-05-20,776,776,746,749,2050000,749
2010-05-21,734,742,723,735,2091000,735
2010-05-24,724,725,694,707,3323000,707
2010-05-25,712,715,677,681,2572000,681
2010-05-26,691,706,687,695,2460000,695
2010-05-27,685,703,681,698,1961000,698
2010-05-28,708,721,705,718,2151000,718
2010-05-31,705,715,701,711,1304000,711
2010-06-01,701,702,684,686,2062000,686
2010-06-02,676,692,670,674,1979000,674
2010-06-03,682,689,676,684,1616000,684
2010-06-04,680,693,677,682,1485000,682
2010-06-07,669,669,660,663,1944000,663
2010-06-08,653,669,650,667,1900000,667
2010-06-09,657,659,635,644,2086000,644
2010-06-10,648,661,642,660,1178000,660
2010-06-11,680,701,679,696,6231000,696
2010-06-14,700,723,699,715,1976000,715
2010-06-15,718,729,712,729,1552000,729
2010-06-16,740,747,730,734,2248000,734
2010-06-17,723,731,719,727,954000,727
2010-06-18,731,732,714,720,958000,720
2010-06-21,735,752,733,752,1328000,752
2010-06-22,744,746,733,735,1276000,735
2010-06-23,720,722,714,718,1013000,718
2010-06-24,709,715,699,709,1473000,709
2010-06-25,694,704,688,699,1450000,699
2010-06-28,702,702,685,689,1305000,689
2010-06-29,689,703,684,687,1417000,687
2010-06-30,668,668,653,653,2039000,653
2010-07-01,652,653,635,640,1126000,640
2010-07-02,645,646,635,637,1480000,637
2010-07-05,637,646,635,644,691000,644
2010-07-06,634,644,621,640,1443000,640
2010-07-07,643,646,627,631,1751000,631
2010-07-08,646,653,644,648,1182000,648
2010-07-09,658,678,653,669,2938000,669
2010-07-12,679,699,679,692,2859000,692
2010-07-13,690,690,648,653,3958000,653
2010-07-14,669,670,655,662,2647000,662
2010-07-15,657,660,638,638,1993000,638
2010-07-16,629,638,610,611,3112000,611
2010-07-20,601,611,594,594,2945000,594
2010-07-21,605,614,590,595,1991000,595
2010-07-22,591,592,583,584,1517000,584
2010-07-23,599,610,591,598,2265000,598
2010-07-26,608,613,605,608,1757000,608
2010-07-27,612,622,611,612,1583000,612
2010-07-28,623,628,617,624,2061000,624
2010-07-29,621,626,619,621,1709000,621
2010-07-30,620,626,605,622,4379000,622
2010-08-02,622,633,616,630,2024000,630
2010-08-03,640,641,622,636,2238000,636
2010-08-04,635,635,610,618,2137000,618
2010-08-05,630,655,623,640,4207000,640
2010-08-06,620,631,617,623,1742000,623
2010-08-09,613,619,608,609,1287000,609
2010-08-10,615,622,603,608,1618000,608
2010-08-11,604,607,585,588,1433000,588
2010-08-12,576,583,570,583,1975000,583
2010-08-13,581,586,571,584,1653000,584
2010-08-16,579,581,568,579,1306000,579
2010-08-17,573,588,571,587,1280000,587
2010-08-18,597,599,583,595,1089000,595
2010-08-19,592,600,590,598,662000,598
2010-08-20,584,588,580,580,995000,580
2010-08-23,583,584,565,578,1040000,578
2010-08-24,568,570,559,562,1098000,562
2010-08-25,555,561,546,550,1356000,550
2010-08-26,560,571,558,565,1550000,565
2010-08-27,562,591,560,591,2323000,591
2010-08-30,600,611,596,602,1748000,602
2010-08-31,592,595,581,581,1008000,581
2010-09-01,582,611,580,611,2536000,611
2010-09-02,628,634,619,633,2437000,633
2010-09-03,640,647,638,646,2181000,646
2010-09-06,649,669,641,665,2256000,665
2010-09-07,672,679,664,678,3243000,678
2010-09-08,664,668,658,662,1931000,662
2010-09-09,665,666,655,662,2308000,662
2010-09-10,662,684,660,683,3818000,683
2010-09-13,691,701,689,691,2619000,691
2010-09-14,693,697,683,688,1720000,688
2010-09-15,682,712,680,709,2053000,709
2010-09-16,713,717,704,710,1465000,710
2010-09-17,717,717,707,716,1422000,716
2010-09-21,730,730,720,721,1328000,721
2010-09-22,720,720,693,696,2305000,696
2010-09-24,688,700,683,686,1664000,686
2010-09-27,696,702,686,689,1606000,689
2010-09-28,689,697,678,689,1428000,689
2010-09-29,697,712,696,707,2144000,707
2010-09-30,701,704,683,683,1659000,683
2010-10-01,691,702,685,700,1553000,700
2010-10-04,703,707,694,698,1167000,698
2010-10-05,698,707,690,704,1459000,704
2010-10-06,717,727,714,721,2240000,721
2010-10-07,722,745,717,742,2577000,742
2010-10-08,742,742,711,714,2987000,714
2010-10-12,714,715,683,684,2633000,684
2010-10-13,691,701,684,691,1755000,691
2010-10-14,699,716,693,713,1758000,713
2010-10-15,705,706,693,703,1024000,703
2010-10-18,708,715,702,704,956000,704
2010-10-19,705,712,699,703,1064000,703
2010-10-20,686,694,680,686,1191000,686
2010-10-21,687,697,679,680,1134000,680
2010-10-22,672,683,669,678,1586000,678
2010-10-25,674,682,672,676,884000,676
2010-10-26,667,677,664,668,1451000,668
2010-10-27,676,682,670,675,1369000,675
2010-10-28,678,699,673,695,3443000,695
2010-10-29,685,687,662,667,1917000,667
2010-11-01,661,673,659,664,1204000,664
2010-11-02,663,666,656,657,801000,657
2010-11-04,666,676,660,668,1163000,668
2010-11-05,677,698,676,697,1423000,697
2010-11-08,707,709,696,703,755000,703
2010-11-09,695,700,687,693,1340000,693
2010-11-10,692,706,690,696,1258000,696
2010-11-11,700,788,694,773,5916000,773
2010-11-12,762,763,727,728,4354000,728
2010-11-15,743,746,730,740,1736000,740
2010-11-16,748,749,728,729,1392000,729
2010-11-17,719,726,717,722,1574000,722
2010-11-18,723,741,719,739,1527000,739
2010-11-19,750,752,730,734,1470000,734
2010-11-22,745,745,737,743,1038000,743
2010-11-24,728,734,717,727,1609000,727
2010-11-25,734,736,720,732,1173000,732
2010-11-26,739,746,738,740,1736000,740
2010-11-29,740,747,731,743,1242000,743
2010-11-30,734,744,727,727,1543000,727
2010-12-01,720,725,711,714,2323000,714
2010-12-02,737,768,735,760,4991000,760
2010-12-03,763,763,743,746,2103000,746
2010-12-06,746,753,744,750,1214000,750
2010-12-07,756,758,744,749,1806000,749
2010-12-08,759,774,753,768,2328000,768
2010-12-09,769,776,763,775,1813000,775
2010-12-10,787,787,762,765,4549000,765
2010-12-13,771,780,760,779,1472000,779
2010-12-14,782,816,779,811,3962000,811
2010-12-15,814,852,814,841,6704000,841
2010-12-16,836,845,835,838,2514000,838
2010-12-17,835,847,835,842,1905000,842
2010-12-20,842,842,816,818,2221000,818
2010-12-21,819,838,819,837,2128000,837
2010-12-22,822,831,813,816,1937000,816
2010-12-24,805,810,799,804,1926000,804
2010-12-27,812,815,795,800,2136000,800
2010-12-28,801,808,797,798,1074000,798
2010-12-29,799,812,793,808,1893000,808
2010-12-30,800,810,799,808,1649000,808
2011-01-04,824,832,819,822,1934000,822
2011-01-05,827,836,821,823,975000,823
2011-01-06,827,850,827,848,2046000,848
2011-01-07,833,836,770,775,15831000,775
2011-01-11,777,786,772,772,4451000,772
2011-01-12,774,777,751,755,4328000,755
2011-01-13,758,761,745,755,2819000,755
2011-01-14,744,749,731,731,5085000,731
2011-01-17,743,751,728,729,2837000,729
2011-01-18,730,751,729,750,3129000,750
2011-01-19,757,763,748,761,3596000,761
2011-01-20,760,760,736,737,3331000,737
2011-01-21,747,749,727,730,3260000,730
2011-01-24,734,735,723,734,1702000,734
2011-01-25,736,752,734,745,3201000,745
2011-01-26,745,749,742,744,1873000,744
2011-01-27,754,767,751,753,3570000,753
2011-01-28,753,756,736,748,2258000,748
2011-01-31,728,738,725,729,1733000,729
2011-02-01,729,732,716,725,2010000,725
2011-02-02,735,743,735,737,1120000,737
2011-02-03,732,736,729,733,829000,733
2011-02-04,738,742,731,739,1902000,739
2011-02-07,750,756,746,749,1403000,749
2011-02-08,754,773,753,763,3987000,763
2011-02-09,774,784,763,768,3583000,768
2011-02-10,768,775,767,768,1750000,768
2011-02-14,766,774,760,770,1320000,770
2011-02-15,773,774,763,771,2133000,771
2011-02-16,774,785,773,780,3517000,780
2011-02-17,780,780,759,760,3360000,760
2011-02-18,756,760,749,755,2490000,755
2011-02-21,755,755,741,753,2164000,753
2011-02-22,741,742,717,721,3763000,721
2011-02-23,706,737,703,732,5230000,732
2011-02-24,736,736,717,721,1847000,721
2011-02-25,722,725,716,721,1280000,721
2011-02-28,722,738,717,735,1615000,735
2011-03-01,736,742,733,740,1424000,740
2011-03-02,730,732,717,718,1198000,718
2011-03-03,718,727,716,727,1158000,727
2011-03-04,735,738,727,730,1316000,730
2011-03-07,725,725,713,717,1201000,717
2011-03-08,715,722,711,718,755000,718
2011-03-09,720,724,713,715,882000,715
2011-03-10,703,704,679,682,3227000,682
2011-03-11,683,697,680,685,5456000,685
2011-03-14,665,682,650,666,3942000,666
2011-03-15,636,638,566,618,5522000,618
2011-03-16,640,681,640,666,5239000,666
2011-03-17,640,676,636,674,4401000,674
2011-03-18,675,704,674,694,3504000,694
2011-03-22,716,721,705,717,2745000,717
2011-03-23,719,719,691,700,2679000,700
2011-03-24,702,721,695,718,2068000,718
2011-03-25,740,764,734,761,4885000,761
2011-03-28,770,771,752,764,2419000,764
2011-03-29,745,765,737,765,3317000,765
2011-03-30,765,776,755,763,2753000,763
2011-03-31,777,778,753,762,1707000,762
2011-04-01,763,776,761,769,1955000,769
2011-04-04,779,787,778,783,2286000,783
2011-04-05,785,789,778,781,2144000,781
2011-04-06,780,787,773,776,1910000,776
2011-04-07,784,786,777,780,1558000,780
2011-04-08,780,782,769,771,2966000,771
2011-04-11,767,776,760,763,1590000,763
2011-04-12,748,762,746,752,1259000,752
2011-04-13,747,759,747,754,1571000,754
2011-04-14,754,791,751,787,3289000,787
2011-04-15,787,793,773,786,1731000,786
2011-04-18,786,791,779,787,1112000,787
2011-04-19,781,784,774,780,1278000,780
2011-04-20,786,795,779,790,1566000,790
2011-04-21,795,803,772,778,2382000,778
2011-04-22,772,782,767,768,1479000,768
2011-04-25,772,782,771,773,670000,773
2011-04-26,775,777,765,766,835000,766
2011-04-27,775,798,770,776,3513000,776
2011-04-28,784,803,783,802,2694000,802
2011-05-02,802,824,799,820,1848000,820
2011-05-06,805,806,775,782,3072000,782
2011-05-09,782,784,767,775,1422000,775
2011-05-10,780,800,780,792,1470000,792
2011-05-11,807,808,790,791,1507000,791
2011-05-12,783,819,767,804,5487000,804
2011-05-13,816,833,807,826,5410000,826
2011-05-16,815,829,813,824,1702000,824
2011-05-17,817,820,810,817,1607000,817
2011-05-18,818,840,810,836,2792000,836
2011-05-19,840,841,821,823,1852000,823
2011-05-20,824,834,821,829,1860000,829
2011-05-23,830,831,813,822,1568000,822
2011-05-24,820,832,815,830,1251000,830
2011-05-25,830,830,815,819,1349000,819
2011-05-26,820,823,812,815,1666000,815
2011-05-27,821,835,819,831,1816000,831
2011-05-30,833,863,833,859,2835000,859
2011-05-31,861,885,860,884,3117000,884
2011-06-01,881,903,880,897,3046000,897
2011-06-02,889,905,886,896,2687000,896
2011-06-03,900,902,873,877,2913000,877
2011-06-06,877,877,857,864,2917000,864
2011-06-07,863,913,862,911,4525000,911
2011-06-08,910,942,910,936,5052000,936
2011-06-09,937,953,926,951,3675000,951
2011-06-10,961,981,951,970,6355000,970
2011-06-13,961,995,950,979,4054000,979
2011-06-14,972,976,959,971,2353000,971
2011-06-15,975,978,945,947,3998000,947
2011-06-16,940,952,937,938,3521000,938
2011-06-17,938,944,918,928,2744000,928
2011-06-20,932,933,913,917,3169000,917
2011-06-21,923,946,921,937,3006000,937
2011-06-22,949,965,947,960,1731000,960
2011-06-23,959,972,950,967,1479000,967
2011-06-24,970,977,953,970,1760000,970
2011-06-27,955,960,937,938,2398000,938
2011-06-28,940,949,929,944,2328000,944
2011-06-29,950,955,930,932,2013000,932
2011-06-30,933,937,921,923,2937000,923
2011-07-01,928,940,922,927,2141000,927
2011-07-04,934,937,917,920,3048000,920
2011-07-05,921,922,893,902,3305000,902
2011-07-06,909,918,902,914,2823000,914
2011-07-07,912,950,910,939,4064000,939
2011-07-08,954,968,948,963,4522000,963
2011-07-11,949,956,946,948,1506000,948
2011-07-12,933,938,918,921,2801000,921
2011-07-13,925,934,908,926,2494000,926
2011-07-14,925,927,908,912,1950000,912
2011-07-15,913,929,913,925,1817000,925
2011-07-19,931,948,928,940,2219000,940
2011-07-20,953,962,942,950,2572000,950
2011-07-21,949,967,943,966,2589000,966
2011-07-22,980,1004,979,1002,4957000,1002
2011-07-25,1005,1023,1003,1006,3274000,1006
2011-07-26,1010,1034,1008,1027,3067000,1027
2011-07-27,1020,1036,1014,1016,3021000,1016
2011-07-28,1010,1024,1004,1016,1811000,1016
2011-07-29,1011,1018,983,986,2349000,986
2011-08-01,999,1030,999,1024,2814000,1024
2011-08-02,1024,1029,1012,1021,2194000,1021
2011-08-03,1006,1006,987,988,1764000,988
2011-08-04,989,994,974,974,1790000,974
2011-08-05,921,947,920,934,3031000,934
2011-08-08,920,938,900,901,3387000,901
2011-08-09,862,894,834,892,4083000,892
2011-08-10,926,930,851,859,5642000,859
2011-08-11,849,886,835,883,4648000,883
2011-08-12,888,892,854,859,3236000,859
2011-08-15,874,880,852,858,2607000,858
2011-08-16,868,889,867,886,3000000,886
2011-08-17,883,903,880,891,3070000,891
2011-08-18,894,896,881,883,1689000,883
2011-08-19,856,864,830,831,2205000,831
2011-08-22,811,824,782,783,3888000,783
2011-08-23,784,788,762,775,4488000,775
2011-08-24,796,821,790,792,5105000,792
2011-08-25,798,837,798,825,3106000,825
2011-08-26,818,830,812,829,2330000,829
2011-08-29,827,844,813,831,1928000,831
2011-08-30,843,863,842,857,2027000,857
2011-08-31,842,843,816,823,3005000,823
2011-09-01,834,850,828,837,2524000,837
2011-09-02,832,842,823,832,1701000,832
2011-09-05,825,834,817,824,1477000,824
2011-09-06,810,811,788,788,2142000,788
2011-09-07,800,822,797,821,1754000,821
2011-09-08,832,838,811,820,1375000,820
2011-09-09,814,814,790,792,3929000,792
2011-09-12,777,780,752,752,2169000,752
2011-09-13,754,772,753,771,2063000,771
2011-09-14,774,791,751,753,2898000,753
2011-09-15,773,778,752,756,1797000,756
2011-09-16,771,784,767,778,1905000,778
2011-09-20,760,766,747,763,2485000,763
2011-09-21,770,775,751,770,1747000,770
2011-09-22,755,761,747,747,1909000,747
2011-09-26,733,735,702,703,2080000,703
2011-09-27,731,740,720,740,1873000,740
2011-09-28,755,761,746,756,2122000,756
2011-09-29,747,763,733,763,2570000,763
2011-09-30,768,779,757,765,2051000,765
2011-10-03,735,744,727,741,1915000,741
2011-10-04,726,751,720,748,1821000,748
2011-10-05,758,761,743,749,2270000,749
2011-10-06,770,794,770,775,1600000,775
2011-10-07,776,819,775,817,3065000,817
2011-10-11,845,866,844,856,3130000,856
2011-10-12,855,868,852,858,2350000,858
2011-10-13,859,866,849,852,2218000,852
2011-10-14,858,875,851,870,2631000,870
2011-10-17,885,885,866,870,1566000,870
2011-10-18,862,862,850,853,1370000,853
2011-10-19,854,857,833,847,1991000,847
2011-10-20,844,848,831,832,1162000,832
2011-10-21,834,847,827,844,1213000,844
2011-10-24,858,881,858,880,1485000,880
2011-10-25,893,903,882,898,2603000,898
2011-10-26,898,937,884,929,3140000,929
2011-10-27,919,928,905,916,2414000,916
2011-10-28,937,940,918,936,3319000,936
2011-10-31,935,940,915,916,2146000,916
2011-11-01,895,904,880,886,2179000,886
2011-11-02,877,877,858,861,2441000,861
2011-11-04,884,897,883,890,1152000,890
2011-11-07,890,894,873,876,2042000,876
2011-11-08,888,898,880,882,1666000,882
2011-11-09,890,893,875,881,1754000,881
2011-11-10,860,873,801,820,3373000,820
2011-11-11,833,865,762,854,9001000,854
2011-11-14,868,902,860,891,3139000,891
2011-11-15,888,888,845,855,3061000,855
2011-11-16,855,873,847,850,2084000,850
2011-11-17,851,872,847,864,1641000,864
2011-11-18,850,856,837,846,1569000,846
2011-11-21,853,867,852,859,1246000,859
2011-11-22,844,854,838,852,1242000,852
2011-11-24,849,849,830,834,1375000,834
2011-11-25,819,825,803,823,1433000,823
2011-11-28,830,844,820,834,1580000,834
2011-11-29,849,857,835,854,1291000,854
2011-11-30,837,839,817,828,2160000,828
2011-12-01,836,857,833,848,2375000,848
2011-12-02,841,876,841,871,2121000,871
2011-12-05,868,883,868,880,1203000,880
2011-12-06,864,874,850,869,2155000,869
2011-12-07,870,886,870,882,1658000,882
2011-12-08,866,867,842,858,1898000,858
2011-12-09,840,865,840,860,4267000,860
2011-12-12,881,887,869,877,1921000,877
2011-12-13,852,854,830,836,2618000,836
2011-12-14,830,835,814,825,2668000,825
2011-12-15,805,809,782,785,2616000,785
2011-12-16,793,802,785,786,2221000,786
2011-12-19,778,783,764,769,1542000,769
2011-12-20,770,787,761,775,1304000,775
2011-12-21,776,776,742,759,4992000,759
2011-12-22,746,757,743,748,2401000,748
2011-12-26,768,773,760,762,1013000,762
2011-12-27,754,759,750,759,895000,759
2011-12-28,761,773,752,754,1452000,754
2011-12-29,757,771,755,767,1450000,767
2011-12-30,785,798,780,783,3175000,783
2012-01-04,791,792,784,787,1293000,787
2012-01-05,781,781,772,774,1081000,774
2012-01-06,780,781,761,763,1069000,763
2012-01-10,760,779,759,776,1204000,776
2012-01-11,783,807,783,801,2638000,801
2012-01-12,801,808,791,799,1585000,799
2012-01-13,809,836,806,824,3514000,824
2012-01-16,820,830,806,826,2468000,826
2012-01-17,832,848,827,829,1639000,829
2012-01-18,825,844,812,836,2107000,836
2012-01-19,837,868,837,863,2634000,863
2012-01-20,878,878,851,853,2311000,853
2012-01-23,861,871,858,866,1871000,866
2012-01-24,871,872,857,860,996000,860
2012-01-25,853,866,849,860,2427000,860
2012-01-26,860,868,846,847,1259000,847
2012-01-27,858,866,842,850,2059000,850
2012-01-30,857,862,850,859,1270000,859
2012-01-31,858,933,856,889,5297000,889
2012-02-01,894,934,893,925,4026000,925
2012-02-02,923,929,918,921,1739000,921
2012-02-03,922,925,914,917,949000,917
2012-02-06,947,965,938,961,2545000,961
2012-02-07,949,950,918,936,3839000,936
2012-02-08,939,956,934,954,2298000,954
2012-02-09,954,954,940,948,1409000,948
2012-02-10,937,937,870,874,8504000,874
2012-02-13,870,882,857,871,4152000,871
2012-02-14,872,875,854,862,3891000,862
2012-02-15,867,885,864,878,3332000,878
2012-02-16,881,886,866,869,1964000,869
2012-02-17,895,913,889,899,4729000,899
2012-02-20,915,918,878,883,2756000,883
2012-02-21,880,900,878,891,1968000,891
2012-02-22,895,909,893,903,1589000,903
2012-02-23,903,905,886,902,2408000,902
2012-02-24,910,947,907,942,4050000,942
2012-02-27,958,977,948,966,3618000,966
2012-02-28,951,1005,951,1002,5490000,1002
2012-02-29,1020,1056,1019,1042,6691000,1042
2012-03-01,1031,1039,1010,1015,3946000,1015
2012-03-02,1032,1034,1021,1033,3325000,1033
2012-03-05,1032,1041,1001,1004,3370000,1004
2012-03-06,1017,1028,991,1002,3909000,1002
2012-03-07,978,993,975,988,2536000,988
2012-03-08,1007,1028,1003,1028,2087000,1028
2012-03-09,1040,1041,1011,1027,5418000,1027
2012-03-12,1049,1075,1048,1060,3583000,1060
2012-03-13,1060,1078,1048,1051,2213000,1051
2012-03-14,1081,1084,1073,1077,1495000,1077
2012-03-15,1080,1082,1058,1077,1898000,1077
2012-03-16,1065,1073,1058,1060,1657000,1060
2012-03-19,1056,1079,1049,1070,2233000,1070
2012-03-21,1071,1072,1056,1059,1151000,1059
2012-03-22,1058,1067,1041,1060,2068000,1060
2012-03-23,1044,1044,1030,1041,1579000,1041
2012-03-26,1041,1059,1033,1048,1851000,1048
2012-03-27,1068,1086,1066,1085,1905000,1085
2012-03-28,1081,1093,1070,1090,1857000,1090
2012-03-29,1085,1088,1051,1056,2106000,1056
2012-03-30,1054,1058,1038,1051,1870000,1051
2012-04-02,1067,1068,1053,1059,1755000,1059
2012-04-03,1060,1062,1039,1043,1387000,1043
2012-04-04,1041,1049,1023,1023,1770000,1023
2012-04-05,1008,1017,982,1013,2673000,1013
2012-04-06,1007,1014,984,988,1679000,988
2012-04-09,981,1011,980,1000,2173000,1000
2012-04-10,997,999,974,978,1900000,978
2012-04-11,962,984,962,975,1570000,975
2012-04-12,977,977,957,967,2430000,967
2012-04-13,974,1001,967,1000,4059000,1000
2012-04-16,982,982,961,962,1124000,962
2012-04-17,969,975,946,950,1788000,950
2012-04-18,964,995,964,991,1564000,991
2012-04-19,975,986,964,970,1482000,970
2012-04-20,973,984,967,976,1383000,976
2012-04-23,986,1002,985,988,1487000,988
2012-04-24,972,983,964,967,1449000,967
2012-04-25,972,985,971,977,1252000,977
2012-04-26,992,995,972,978,877000,978
2012-04-27,982,996,967,969,1925000,969
2012-05-01,970,1027,969,1009,3336000,1009
2012-05-02,1006,1019,997,1004,1825000,1004
2012-05-07,980,988,950,952,1787000,952
2012-05-08,965,970,952,961,1520000,961
2012-05-09,955,956,922,928,1860000,928
2012-05-10,917,940,908,931,1951000,931
2012-05-11,937,953,922,935,2511000,935
2012-05-14,1010,1042,989,1000,5013000,1000
2012-05-15,991,993,973,982,4182000,982
2012-05-16,996,1003,958,965,2295000,965
2012-05-17,954,971,940,968,2844000,968
2012-05-18,939,942,913,918,3286000,918
2012-05-21,927,940,915,916,1161000,916
2012-05-22,921,934,912,927,1614000,927
2012-05-23,936,947,922,926,2135000,926
2012-05-24,920,942,914,938,2385000,938
2012-05-25,939,940,920,933,2081000,933
2012-05-28,945,948,930,938,900000,938
2012-05-29,935,957,927,954,1236000,954
2012-05-30,955,959,922,938,2130000,938
2012-05-31,923,932,905,929,2404000,929
2012-06-01,920,946,920,930,2387000,930
2012-06-04,905,916,901,915,1800000,915
2012-06-05,929,960,928,957,2706000,957
2012-06-06,959,992,956,987,2607000,987
2012-06-07,999,1008,993,1003,2022000,1003
2012-06-08,1010,1012,994,1000,4486000,1000
2012-06-11,1026,1026,1005,1017,1353000,1017
2012-06-12,990,1027,986,1019,2405000,1019
2012-06-13,1020,1030,1011,1022,1191000,1022
2012-06-14,1012,1032,1007,1030,1578000,1030
2012-06-15,1030,1035,1013,1016,1330000,1016
2012-06-18,1044,1074,1037,1070,2605000,1070
2012-06-19,1062,1064,1037,1044,2565000,1044
2012-06-20,1045,1056,1024,1033,2314000,1033
2012-06-21,1045,1063,1042,1045,1564000,1045
2012-06-22,1023,1038,1002,1011,3631000,1011
2012-06-25,984,998,973,976,3942000,976
2012-06-26,977,983,966,981,1922000,981
2012-06-27,975,976,954,971,2747000,971
2012-06-28,960,964,936,962,3592000,962
2012-06-29,958,972,942,969,3095000,969
2012-07-02,983,988,974,974,1512000,974
2012-07-03,975,991,975,987,2368000,987
2012-07-04,1003,1024,1003,1017,2823000,1017
2012-07-05,1011,1020,1010,1013,1092000,1013
2012-07-06,1014,1018,993,1001,1864000,1001
2012-07-09,993,1009,989,992,1667000,992
2012-07-10,995,1002,987,988,1441000,988
2012-07-11,989,1014,988,1003,2479000,1003
2012-07-12,1000,1002,978,982,1325000,982
2012-07-13,991,1017,991,1009,2115000,1009
2012-07-17,1010,1012,992,999,2025000,999
2012-07-18,1010,1023,994,997,2130000,997
2012-07-19,1011,1030,1009,1024,1266000,1024
2012-07-20,1019,1023,1004,1009,1259000,1009
2012-07-23,1002,1002,978,988,1466000,988
2012-07-24,988,993,979,984,848000,984
2012-07-25,975,987,963,968,1343000,968
2012-07-26,980,984,963,980,1145000,980
2012-07-27,993,1009,993,1003,916000,1003
2012-07-30,1017,1022,1010,1016,626000,1016
2012-07-31,1013,1032,1010,1027,1206000,1027
2012-08-01,1015,1016,993,1003,1209000,1003
2012-08-02,1004,1022,1004,1016,1045000,1016
2012-08-03,988,994,982,984,1212000,984
2012-08-06,1011,1017,1004,1010,1062000,1010
2012-08-07,1020,1026,1011,1021,1219000,1021
2012-08-08,1033,1045,1004,1043,2429000,1043
2012-08-09,1044,1077,1043,1071,2225000,1071
2012-08-10,1067,1073,1053,1059,1043000,1059
2012-08-13,1058,1058,1040,1042,757000,1042
2012-08-14,1052,1073,1051,1068,1058000,1068
2012-08-15,1067,1067,1038,1045,994000,1045
2012-08-16,1048,1069,1047,1063,908000,1063
2012-08-17,1062,1069,1057,1065,755000,1065
2012-08-20,1070,1076,1063,1068,592000,1068
2012-08-21,1075,1088,1073,1076,1178000,1076
2012-08-22,1078,1078,1050,1058,1174000,1058
2012-08-23,1048,1066,1038,1062,1303000,1062
2012-08-24,1038,1053,1035,1046,847000,1046
2012-08-27,1065,1065,1051,1055,645000,1055
2012-08-28,1055,1059,1046,1049,1213000,1049
2012-08-29,1059,1067,1049,1053,1285000,1053
2012-08-30,1058,1067,1041,1048,1239000,1048
2012-08-31,1032,1040,1030,1030,1108000,1030
2012-09-03,1031,1040,1024,1027,951000,1027
2012-09-04,1028,1039,1025,1033,838000,1033
2012-09-05,1040,1046,1026,1028,1357000,1028
2012-09-06,1038,1049,1034,1049,1209000,1049
2012-09-07,1071,1084,1067,1084,2138000,1084
2012-09-10,1077,1077,1050,1060,2148000,1060
2012-09-11,1053,1065,1051,1062,1012000,1062
2012-09-12,1070,1101,1062,1101,1695000,1101
2012-09-13,1101,1128,1097,1121,1849000,1121
2012-09-14,1140,1164,1138,1162,3328000,1162
2012-09-18,1155,1155,1131,1145,1502000,1145
2012-09-19,1163,1164,1142,1156,1308000,1156
2012-09-20,1143,1158,1136,1145,1758000,1145
2012-09-21,1146,1153,1137,1144,1099000,1144
2012-09-24,1143,1162,1143,1153,1316000,1153
2012-09-25,1144,1200,1140,1200,2492000,1200
2012-09-26,1196,1248,1194,1238,3974000,1238
2012-09-27,1232,1232,1192,1212,2463000,1212
2012-09-28,1219,1223,1199,1214,1659000,1214
2012-10-01,1196,1210,1167,1182,1587000,1182
2012-10-02,1185,1203,1180,1196,987000,1196
2012-10-03,1200,1239,1200,1235,1481000,1235
2012-10-04,1237,1237,1213,1227,1193000,1227
2012-10-05,1226,1232,1204,1218,1378000,1218
2012-10-09,1219,1229,1212,1223,1883000,1223
2012-10-10,1201,1205,1162,1170,2338000,1170
2012-10-11,1151,1153,1123,1139,3000000,1139
2012-10-12,1149,1180,1149,1172,2661000,1172
2012-10-15,1207,1267,1201,1210,4247000,1210
2012-10-16,1216,1235,1213,1218,1393000,1218
2012-10-17,1230,1231,1210,1220,1875000,1220
2012-10-18,1230,1238,1222,1230,1842000,1230
2012-10-19,1221,1233,1214,1225,1162000,1225
2012-10-22,1204,1233,1197,1230,1303000,1230
2012-10-23,1238,1257,1232,1242,1436000,1242
2012-10-24,1221,1258,1220,1247,1836000,1247
2012-10-25,1252,1281,1250,1281,1999000,1281
2012-10-26,1306,1309,1257,1258,2033000,1258
2012-10-29,1271,1290,1268,1285,1436000,1285
2012-10-30,1295,1309,1273,1285,2622000,1285
2012-10-31,1294,1304,1283,1288,1756000,1288
2012-11-01,1290,1290,1262,1269,1457000,1269
2012-11-02,1270,1289,1260,1263,2054000,1263
2012-11-05,1250,1265,1238,1255,1415000,1255
2012-11-06,1261,1269,1249,1260,982000,1260
2012-11-07,1271,1277,1183,1200,4669000,1200
2012-11-08,1180,1253,1176,1249,3782000,1249
2012-11-09,1241,1243,1206,1221,1968000,1221
2012-11-12,1218,1228,1196,1202,1759000,1202
2012-11-13,1216,1224,1184,1187,1531000,1187
2012-11-14,1183,1186,1170,1173,1823000,1173
2012-11-15,1185,1213,1181,1213,2093000,1213
2012-11-16,1225,1230,1215,1227,977000,1227
2012-11-19,1240,1247,1228,1245,1177000,1245
2012-11-20,1247,1252,1218,1220,1813000,1220
2012-11-21,1229,1238,1220,1229,1039000,1229
2012-11-22,1249,1249,1227,1234,1036000,1234
2012-11-26,1241,1245,1217,1218,2057000,1218
2012-11-27,1221,1240,1218,1225,1012000,1225
2012-11-28,1210,1211,1173,1205,2255000,1205
2012-11-29,1209,1210,1185,1192,2420000,1192
2012-11-30,1201,1205,1185,1186,2205000,1186
2012-12-03,1201,1249,1194,1243,2829000,1243
2012-12-04,1242,1268,1238,1259,2213000,1259
2012-12-05,1263,1263,1225,1227,2861000,1227
2012-12-06,1237,1258,1231,1253,1752000,1253
2012-12-07,1250,1251,1232,1237,1639000,1237
2012-12-10,1210,1211,1187,1205,2628000,1205
2012-12-11,1191,1194,1158,1163,2978000,1163
2012-12-12,1167,1174,1143,1149,3426000,1149
2012-12-13,1152,1169,1144,1153,3128000,1153
2012-12-14,1153,1160,1139,1156,4081000,1156
2012-12-17,1175,1178,1157,1158,2151000,1158
2012-12-18,1160,1191,1159,1183,2337000,1183
2012-12-19,1193,1237,1193,1237,3315000,1237
2012-12-20,1230,1231,1204,1207,2802000,1207
2012-12-21,1214,1227,1191,1191,2658000,1191
2012-12-25,1221,1221,1204,1217,1088000,1217
2012-12-26,1217,1218,1195,1204,1859000,1204
2012-12-27,1208,1212,1199,1206,1938000,1206
2012-12-28,1198,1234,1187,1228,2118000,1228
2013-01-04,1255,1264,1241,1253,2287000,1253
2013-01-07,1242,1245,1197,1198,3778000,1198
2013-01-08,1204,1221,1198,1208,2504000,1208
2013-01-09,1199,1218,1198,1210,1825000,1210
2013-01-10,1220,1223,1204,1205,1521000,1205
2013-01-11,1205,1222,1204,1213,2499000,1213
2013-01-15,1224,1234,1211,1212,1395000,1212
2013-01-16,1223,1233,1210,1214,2416000,1214
2013-01-17,1220,1224,1165,1184,2353000,1184
2013-01-18,1218,1224,1199,1208,1865000,1208
2013-01-21,1223,1223,1181,1181,1332000,1181
2013-01-22,1181,1192,1165,1177,1463000,1177
2013-01-23,1148,1168,1141,1152,1798000,1152
2013-01-24,1138,1175,1138,1160,2033000,1160
2013-01-25,1190,1191,1160,1174,2009000,1174
2013-01-28,1185,1186,1162,1164,1224000,1164
2013-01-29,1154,1177,1154,1162,1453000,1162
2013-01-30,1170,1204,1167,1189,3482000,1189
2013-01-31,1175,1176,1137,1147,4101000,1147
2013-02-01,1155,1158,1139,1149,1897000,1149
2013-02-04,1148,1155,1121,1124,1993000,1124
2013-02-05,1099,1104,1081,1094,2443000,1094
2013-02-06,1138,1142,1100,1107,2842000,1107
2013-02-07,1088,1097,1071,1083,3346000,1083
2013-02-08,1056,1143,1056,1090,6236000,1090
2013-02-12,1130,1143,1115,1125,2956000,1125
2013-02-13,1102,1122,1091,1094,2903000,1094
2013-02-14,1107,1140,1102,1106,3000000,1106
2013-02-15,1103,1119,1062,1078,2386000,1078
2013-02-18,1097,1098,1061,1071,2262000,1071
2013-02-19,1070,1122,1070,1118,2089000,1118
2013-02-20,1130,1135,1103,1121,1904000,1121
2013-02-21,1120,1122,1097,1115,1818000,1115
2013-02-22,1115,1134,1104,1133,1922000,1133
2013-02-25,1158,1162,1144,1158,2050000,1158
2013-02-26,1134,1153,1134,1147,1928000,1147
2013-02-27,1143,1157,1136,1145,1478000,1145
2013-02-28,1152,1160,1147,1157,1572000,1157
2013-03-01,1150,1162,1138,1160,1499000,1160
2013-03-04,1168,1184,1161,1172,1641000,1172
2013-03-05,1178,1181,1155,1164,1382000,1164
2013-03-06,1167,1170,1143,1163,1500000,1163
2013-03-07,1163,1179,1123,1125,2819000,1125
2013-03-08,1125,1125,1089,1104,7684000,1104
2013-03-11,1102,1103,1085,1088,2849000,1088
2013-03-12,1078,1102,1071,1086,3322000,1086
2013-03-13,1100,1110,1079,1083,3194000,1083
2013-03-14,1100,1113,1092,1101,3102000,1101
2013-03-15,1101,1103,1086,1098,2708000,1098
2013-03-18,1084,1084,1075,1078,2257000,1078
2013-03-19,1089,1091,1076,1079,2755000,1079
2013-03-21,1087,1087,1076,1084,2759000,1084
2013-03-22,1086,1091,1077,1082,2453000,1082
2013-03-25,1087,1105,1082,1087,2726000,1087
2013-03-26,1104,1110,1075,1076,4722000,1076
2013-03-27,1082,1082,1045,1066,2179000,1066
2013-03-28,1067,1069,1041,1050,3179000,1050
2013-03-29,1055,1055,1042,1049,1088000,1049
2013-04-01,1053,1061,1043,1044,2971000,1044
2013-04-02,1040,1040,1010,1028,3764000,1028
2013-04-03,1045,1084,1043,1078,3427000,1078
2013-04-04,1065,1069,1033,1047,3664000,1047
2013-04-05,1082,1109,1028,1028,5582000,1028
2013-04-08,1058,1058,1032,1038,3050000,1038
2013-04-09,1055,1078,1047,1076,2778000,1076
2013-04-10,1079,1104,1078,1094,4833000,1094
2013-04-11,1111,1113,1082,1089,3329000,1089
2013-04-12,1000,1002,967,974,18274000,974
2013-04-15,976,980,950,950,8195000,950
2013-04-16,940,947,912,944,5988000,944
2013-04-17,950,967,950,962,3999000,962
2013-04-18,972,979,957,965,3466000,965
2013-04-19,967,992,966,985,3725000,985
2013-04-22,998,999,981,991,4186000,991
2013-04-23,993,1008,988,995,2957000,995
2013-04-24,996,999,972,985,4589000,985
2013-04-25,990,996,984,996,4648000,996
2013-04-26,995,1018,988,1018,5115000,1018
2013-04-30,1020,1024,996,999,3909000,999
2013-05-01,1000,1002,988,997,1997000,997
2013-05-02,995,1003,990,995,1879000,995
2013-05-07,1010,1014,1003,1009,2429000,1009
2013-05-08,1012,1035,1007,1035,3439000,1035
2013-05-09,1044,1057,1032,1033,3524000,1033
2013-05-10,1060,1060,991,996,6605000,996
2013-05-13,1010,1059,1008,1051,5375000,1051
2013-05-14,1045,1052,1025,1043,3234000,1043
2013-05-15,1050,1051,1026,1029,2242000,1029
2013-05-16,1036,1038,1001,1017,2002000,1017
2013-05-17,1040,1097,1033,1094,6682000,1094
2013-05-20,1149,1175,1126,1157,6852000,1157
2013-05-21,1162,1233,1137,1231,8809000,1231
2013-05-22,1236,1269,1222,1264,6442000,1264
2013-05-23,1268,1290,1172,1172,8119000,1172
2013-05-24,1202,1221,1140,1184,5256000,1184
2013-05-27,1157,1171,1118,1137,4838000,1137
2013-05-28,1112,1165,1105,1138,2347000,1138
2013-05-29,1135,1138,1096,1100,6059000,1100
2013-05-30,1080,1109,1065,1081,6254000,1081
2013-05-31,1092,1129,1087,1112,3552000,1112
2013-06-03,1200,1200,1113,1115,7287000,1115
2013-06-04,1124,1157,1071,1149,5801000,1149
2013-06-05,1145,1200,1130,1132,6682000,1132
2013-06-06,1102,1138,1068,1079,5423000,1079
2013-06-07,1029,1085,1029,1063,4512000,1063
2013-06-10,1100,1139,1092,1139,2780000,1139
2013-06-11,1162,1185,1136,1139,3637000,1139
2013-06-12,1101,1140,1093,1126,2842000,1126
2013-06-13,1100,1105,1039,1039,3973000,1039
2013-06-14,1051,1082,1044,1056,4953000,1056
2013-06-17,1081,1143,1073,1140,4429000,1140
2013-06-18,1120,1130,1091,1106,3728000,1106
2013-06-19,1117,1125,1106,1115,2004000,1115
2013-06-20,1120,1154,1096,1136,3995000,1136
2013-06-21,1114,1160,1102,1151,2796000,1151
2013-06-24,1175,1180,1155,1160,2436000,1160
2013-06-25,1150,1170,1118,1138,2186000,1138
2013-06-26,1151,1161,1099,1100,1751000,1100
2013-06-27,1115,1138,1104,1133,1783000,1133
2013-06-28,1139,1167,1130,1167,2317000,1167
2013-07-01,1167,1179,1160,1177,1418000,1177
2013-07-02,1177,1200,1175,1200,2484000,1200
2013-07-03,1185,1190,1167,1175,2269000,1175
2013-07-04,1250,1255,1215,1221,4417000,1221
2013-07-05,1215,1224,1205,1212,2137000,1212
2013-07-08,1230,1230,1206,1206,2059000,1206
2013-07-09,1210,1226,1203,1222,1778000,1222
2013-07-10,1222,1248,1215,1239,2382000,1239
2013-07-11,1220,1249,1215,1248,1776000,1248
2013-07-12,1250,1261,1239,1259,2561000,1259
2013-07-16,1265,1266,1236,1253,2113000,1253
2013-07-17,1243,1260,1242,1259,1481000,1259
2013-07-18,1264,1268,1252,1267,2839000,1267
2013-07-19,1270,1275,1201,1230,3444000,1230
2013-07-22,1258,1262,1220,1239,1350000,1239
2013-07-23,1229,1256,1226,1250,1558000,1250
2013-07-24,1248,1248,1233,1234,1478000,1234
2013-07-25,1246,1251,1228,1229,1862000,1229
2013-07-26,1205,1206,1188,1188,2002000,1188
2013-07-29,1183,1189,1155,1161,1718000,1161
2013-07-30,1152,1187,1152,1182,1370000,1182
2013-07-31,1167,1172,1140,1164,2268000,1164
2013-08-01,1169,1170,1150,1166,1546000,1166
2013-08-02,1190,1192,1149,1192,2074000,1192
2013-08-05,1181,1203,1177,1183,1021000,1183
2013-08-06,1178,1196,1164,1195,1910000,1195
2013-08-07,1189,1248,1178,1211,3768000,1211
2013-08-08,1190,1190,1143,1152,3934000,1152
2013-08-09,1142,1169,1142,1160,2026000,1160
2013-08-12,1142,1165,1120,1142,2358000,1142
2013-08-13,1157,1170,1152,1166,1297000,1166
2013-08-14,1167,1173,1149,1173,1096000,1173
2013-08-15,1160,1168,1152,1155,887000,1155
2013-08-16,1135,1144,1113,1130,1538000,1130
2013-08-19,1130,1136,1122,1134,1339000,1134
2013-08-20,1135,1154,1125,1127,1610000,1127
2013-08-21,1139,1162,1124,1134,1134000,1134
2013-08-22,1120,1134,1114,1132,943000,1132
2013-08-23,1154,1163,1142,1156,1309000,1156
2013-08-26,1156,1161,1141,1144,530000,1144
2013-08-27,1130,1143,1130,1136,504000,1136
2013-08-28,1111,1122,1105,1116,1603000,1116
2013-08-29,1125,1136,1124,1133,1171000,1133
2013-08-30,1134,1134,1111,1123,1795000,1123
2013-09-02,1114,1131,1112,1124,1676000,1124
2013-09-03,1135,1149,1131,1149,848000,1149
2013-09-04,1125,1158,1125,1157,1064000,1157
2013-09-05,1158,1158,1128,1136,1777000,1136
2013-09-06,1136,1137,1106,1110,1384000,1110
2013-09-09,1136,1154,1119,1139,1215000,1139
2013-09-10,1145,1165,1142,1164,1110000,1164
2013-09-11,1165,1170,1139,1141,1415000,1141
2013-09-12,1149,1158,1145,1150,798000,1150
2013-09-13,1138,1148,1133,1147,2424000,1147
2013-09-17,1160,1165,1145,1146,781000,1146
2013-09-18,1154,1163,1150,1154,931000,1154
2013-09-19,1158,1164,1144,1153,1092000,1153
2013-09-20,1159,1161,1150,1156,956000,1156
2013-09-24,1151,1160,1137,1147,1427000,1147
2013-09-25,1160,1160,1146,1146,1337000,1146
2013-09-26,1132,1163,1130,1162,1145000,1162
2013-09-27,1164,1164,1141,1148,991000,1148
2013-09-30,1182,1194,1172,1180,3644000,1180
2013-10-01,1181,1187,1166,1168,1198000,1168
2013-10-02,1160,1171,1126,1130,1901000,1130
2013-10-03,1130,1137,1106,1106,2921000,1106
2013-10-04,1101,1135,1092,1123,1940000,1123
2013-10-07,1131,1133,1113,1124,1365000,1124
2013-10-08,1124,1137,1123,1132,1335000,1132
2013-10-09,1132,1152,1127,1152,1093000,1152
2013-10-10,1155,1170,1154,1169,926000,1169
2013-10-11,1195,1200,1180,1194,2352000,1194
2013-10-15,1198,1210,1196,1204,1539000,1204
2013-10-16,1202,1208,1194,1196,1131000,1196
2013-10-17,1205,1205,1188,1194,1148000,1194
2013-10-18,1194,1204,1183,1186,1125000,1186
2013-10-21,1199,1208,1194,1206,1019000,1206
2013-10-22,1201,1214,1198,1206,687000,1206
2013-10-23,1215,1228,1192,1192,1945000,1192
2013-10-24,1194,1230,1192,1227,1698000,1227
2013-10-25,1227,1228,1202,1202,1315000,1202
2013-10-28,1224,1230,1207,1230,1449000,1230
2013-10-29,1231,1250,1225,1240,2161000,1240
2013-10-30,1250,1251,1238,1241,2056000,1241
2013-10-31,1240,1250,1235,1242,1508000,1242
2013-11-01,1242,1242,1211,1225,903000,1225
2013-11-05,1229,1237,1224,1233,1172000,1233
2013-11-06,1230,1247,1223,1234,1030000,1234
2013-11-07,1234,1235,1210,1213,1034000,1213
2013-11-08,1198,1199,1162,1179,2447000,1179
2013-11-11,1227,1228,1205,1219,1411000,1219
2013-11-12,1226,1241,1217,1239,1756000,1239
2013-11-13,1247,1274,1243,1264,3014000,1264
2013-11-14,1269,1285,1262,1280,2002000,1280
2013-11-15,1284,1288,1276,1286,1936000,1286
2013-11-18,1296,1306,1283,1288,1944000,1288
2013-11-19,1279,1298,1278,1288,1146000,1288
2013-11-20,1291,1298,1278,1281,829000,1281
2013-11-21,1285,1294,1274,1292,1304000,1292
2013-11-22,1299,1300,1281,1287,2232000,1287
2013-11-25,1298,1336,1294,1335,3324000,1335
2013-11-26,1355,1379,1345,1369,3587000,1369
2013-11-27,1369,1392,1364,1365,2642000,1365
2013-11-28,1394,1408,1381,1407,2242000,1407
2013-11-29,1377,1402,1373,1401,3340000,1401
2013-12-02,1401,1419,1396,1412,2131000,1412
2013-12-03,1420,1429,1408,1415,2290000,1415
2013-12-04,1394,1397,1374,1388,2542000,1388
2013-12-05,1394,1407,1367,1374,2247000,1374
2013-12-06,1374,1398,1369,1394,1793000,1394
2013-12-09,1429,1483,1429,1481,4054000,1481
2013-12-10,1469,1500,1467,1489,3684000,1489
2013-12-11,1496,1507,1480,1490,2994000,1490
2013-12-12,1450,1469,1400,1450,5144000,1450
2013-12-13,1444,1464,1415,1417,5542000,1417
2013-12-16,1419,1425,1374,1378,2809000,1378
2013-12-17,1383,1410,1380,1383,1608000,1383
2013-12-18,1382,1440,1382,1440,2347000,1440
2013-12-19,1470,1477,1438,1446,2243000,1446
2013-12-20,1435,1443,1420,1443,1633000,1443
2013-12-24,1452,1464,1451,1458,2166000,1458
2013-12-25,1454,1467,1441,1462,1629000,1462
2013-12-26,1476,1497,1463,1495,1184000,1495
2013-12-27,1501,1512,1481,1509,1946000,1509
2013-12-30,1516,1528,1504,1526,1718000,1526
2014-01-06,1505,1519,1485,1487,2126000,1487
2014-01-07,1487,1495,1465,1475,1300000,1475
2014-01-08,1480,1493,1466,1493,1586000,1493
2014-01-09,1481,1489,1468,1483,1520000,1483
2014-01-10,1464,1497,1464,1490,2991000,1490
2014-01-14,1500,1559,1482,1529,3940000,1529
2014-01-15,1603,1669,1596,1641,5226000,1641
2014-01-16,1645,1650,1621,1627,2271000,1627
2014-01-17,1609,1632,1604,1621,1771000,1621
2014-01-20,1631,1633,1594,1596,1916000,1596
2014-01-21,1613,1627,1603,1618,1458000,1618
2014-01-22,1601,1605,1582,1596,2508000,1596
2014-01-23,1629,1645,1605,1605,2375000,1605
2014-01-24,1555,1594,1554,1575,3532000,1575
2014-01-27,1527,1611,1526,1597,3066000,1597
2014-01-28,1589,1591,1553,1553,2109000,1553
2014-01-29,1585,1625,1584,1625,2761000,1625
2014-01-30,1596,1619,1580,1608,2041000,1608
2014-01-31,1622,1629,1578,1591,1585000,1591
2014-02-03,1560,1583,1533,1571,1930000,1571
2014-02-04,1510,1529,1485,1491,2436000,1491
2014-02-05,1508,1529,1470,1500,2477000,1500
2014-02-06,1460,1485,1460,1465,1966000,1465
2014-02-07,1495,1510,1477,1495,1294000,1495
2014-02-10,1520,1554,1504,1550,2233000,1550
2014-02-12,1581,1607,1495,1501,4841000,1501
2014-02-13,1541,1549,1503,1509,3495000,1509
2014-02-14,1501,1534,1496,1507,3238000,1507
2014-02-17,1498,1534,1482,1528,2199000,1528
2014-02-18,1538,1555,1513,1551,1624000,1551
2014-02-19,1524,1561,1520,1561,1919000,1561
2014-02-20,1547,1551,1504,1506,1478000,1506
2014-02-21,1539,1540,1517,1536,1076000,1536
2014-02-24,1514,1535,1508,1525,1347000,1525
2014-02-25,1536,1584,1533,1572,2356000,1572
2014-02-26,1549,1566,1537,1553,1613000,1553
2014-02-27,1549,1560,1537,1552,1042000,1552
2014-02-28,1544,1572,1537,1544,1746000,1544
2014-03-03,1509,1520,1489,1493,1562000,1493
2014-03-04,1480,1500,1479,1492,1095000,1492
2014-03-05,1514,1520,1501,1515,1198000,1515
2014-03-06,1506,1552,1499,1546,1614000,1546
2014-03-07,1559,1563,1540,1554,1262000,1554
2014-03-10,1529,1544,1521,1531,1080000,1531
2014-03-11,1521,1535,1511,1521,1056000,1521
2014-03-12,1495,1495,1465,1472,1965000,1472
2014-03-13,1474,1487,1470,1479,1599000,1479
2014-03-14,1443,1463,1417,1425,3735000,1425
2014-03-17,1411,1458,1410,1437,1965000,1437
2014-03-18,1480,1480,1380,1397,5747000,1397
2014-03-19,1409,1432,1361,1377,4026000,1377
2014-03-20,1368,1377,1338,1341,2914000,1341
2014-03-24,1311,1333,1303,1313,3598000,1313
2014-03-25,1310,1317,1291,1302,3124000,1302
2014-03-26,1343,1355,1316,1336,2893000,1336
2014-03-27,1312,1347,1301,1341,2766000,1341
2014-03-28,1342,1346,1310,1321,3124000,1321
2014-03-31,1347,1352,1316,1331,1871000,1331
2014-04-01,1338,1347,1317,1334,2341000,1334
2014-04-02,1355,1399,1355,1376,3244000,1376
2014-04-03,1390,1402,1380,1381,2610000,1381
2014-04-04,1375,1395,1365,1391,1930000,1391
2014-04-07,1383,1408,1380,1400,2060000,1400
2014-04-08,1380,1389,1358,1378,2944000,1378
2014-04-09,1355,1368,1339,1339,1809000,1339
2014-04-10,1362,1385,1357,1380,2320000,1380
2014-04-11,1366,1376,1350,1353,3891000,1353
2014-04-14,1349,1349,1331,1341,1589000,1341
2014-04-15,1361,1378,1354,1361,1072000,1361
2014-04-16,1372,1410,1366,1410,1208000,1410
2014-04-17,1409,1429,1402,1423,1529000,1423
2014-04-18,1451,1455,1432,1437,1357000,1437
2014-04-21,1438,1445,1398,1413,1297000,1413
2014-04-22,1418,1437,1409,1409,1870000,1409
2014-04-23,1409,1414,1392,1410,987000,1410
2014-04-24,1405,1418,1394,1397,1167000,1397
2014-04-25,1391,1400,1380,1395,966000,1395
2014-04-28,1380,1391,1370,1387,1051000,1387
2014-04-30,1383,1391,1367,1369,1308000,1369
2014-05-01,1368,1386,1367,1382,1194000,1382
2014-05-02,1377,1392,1376,1379,921000,1379
2014-05-07,1351,1372,1350,1355,1270000,1355
2014-05-08,1367,1386,1362,1374,728000,1374
2014-05-09,1365,1383,1360,1370,728000,1370
2014-05-12,1373,1382,1353,1356,692000,1356
2014-05-13,1381,1398,1228,1282,6200000,1282
2014-05-14,1256,1258,1188,1197,6543000,1197
2014-05-15,1186,1212,1164,1208,3491000,1208
2014-05-16,1188,1193,1175,1189,1464000,1189
2014-05-19,1187,1194,1163,1165,1428000,1165
2014-05-20,1167,1168,1156,1161,1230000,1161
2014-05-21,1191,1202,1176,1188,2394000,1188
2014-05-22,1208,1208,1182,1193,1678000,1193
2014-05-23,1190,1193,1176,1187,1343000,1187
2014-05-26,1198,1201,1184,1191,1050000,1191
2014-05-27,1191,1199,1189,1191,1011000,1191
2014-05-28,1199,1210,1194,1204,1131000,1204
2014-05-29,1200,1200,1185,1190,1212000,1190
2014-05-30,1200,1215,1197,1203,2000000,1203
2014-06-02,1215,1249,1214,1244,1946000,1244
2014-06-03,1255,1266,1240,1245,2597000,1245
2014-06-04,1245,1245,1228,1235,1628000,1235
2014-06-05,1228,1230,1208,1213,1865000,1213
2014-06-06,1222,1222,1211,1211,1341000,1211
2014-06-09,1227,1231,1217,1218,1580000,1218
2014-06-10,1225,1235,1218,1218,1620000,1218
2014-06-11,1220,1228,1209,1227,1228000,1227
2014-06-12,1210,1214,1201,1206,1669000,1206
2014-06-13,1181,1211,1181,1210,3117000,1210
2014-06-16,1210,1213,1184,1190,1754000,1190
2014-06-17,1189,1192,1182,1191,1675000,1191
2014-06-18,1187,1191,1181,1188,1476000,1188
2014-06-19,1195,1234,1194,1231,3725000,1231
2014-06-20,1241,1242,1223,1227,2748000,1227
2014-06-23,1238,1252,1232,1246,2044000,1246
2014-06-24,1240,1273,1232,1268,2511000,1268
2014-06-25,1239,1251,1233,1237,2234000,1237
2014-06-26,1239,1264,1227,1253,2888000,1253
2014-06-27,1264,1264,1231,1236,1641000,1236
2014-06-30,1237,1242,1225,1227,1346000,1227
2014-07-01,1225,1237,1213,1235,1702000,1235
2014-07-02,1238,1241,1222,1223,1778000,1223
2014-07-03,1222,1223,1206,1209,1850000,1209
2014-07-04,1220,1220,1207,1209,1496000,1209
2014-07-07,1213,1220,1208,1208,931000,1208
2014-07-08,1203,1207,1189,1200,1319000,1200
2014-07-09,1200,1212,1197,1208,1505000,1208
2014-07-10,1217,1223,1212,1215,1690000,1215
2014-07-11,1211,1215,1194,1203,1660000,1203
2014-07-14,1203,1215,1200,1212,1266000,1212
2014-07-15,1210,1219,1207,1212,1027000,1212
2014-07-16,1207,1212,1200,1202,1476000,1202
2014-07-17,1204,1208,1196,1201,962000,1201
2014-07-18,1191,1192,1183,1191,1097000,1191
2014-07-22,1207,1220,1200,1216,1538000,1216
2014-07-23,1213,1231,1213,1225,1155000,1225
2014-07-24,1230,1236,1220,1226,1362000,1226
2014-07-25,1230,1230,1216,1224,1155000,1224
2014-07-28,1222,1235,1221,1232,1121000,1232
2014-07-29,1232,1253,1231,1250,2096000,1250
2014-07-30,1250,1254,1224,1230,2179000,1230
2014-07-31,1244,1245,1233,1234,1635000,1234
2014-08-01,1228,1233,1217,1220,1245000,1220
2014-08-04,1217,1236,1216,1225,1439000,1225
2014-08-05,1229,1229,1205,1206,1162000,1206
2014-08-06,1200,1215,1196,1199,1734000,1199
2014-08-07,1189,1194,1180,1191,1909000,1191
2014-08-08,1177,1184,1100,1118,3330000,1118
2014-08-11,1125,1138,1106,1126,3421000,1126
2014-08-12,1120,1122,1095,1105,2803000,1105
2014-08-13,1100,1119,1093,1116,1656000,1116
2014-08-14,1126,1155,1126,1152,2107000,1152
2014-08-15,1154,1161,1148,1149,1791000,1149
2014-08-18,1145,1149,1128,1131,1010000,1131
2014-08-19,1136,1150,1125,1145,2541000,1145
2014-08-20,1145,1149,1137,1139,943000,1139
2014-08-21,1150,1150,1140,1147,951000,1147
2014-08-22,1148,1150,1135,1138,798000,1138
2014-08-25,1134,1138,1126,1136,1291000,1136
2014-08-26,1135,1157,1135,1150,1311000,1150
2014-08-27,1154,1156,1145,1150,646000,1150
2014-08-28,1150,1150,1138,1141,842000,1141
2014-08-29,1140,1143,1133,1138,796000,1138
2014-09-01,1135,1153,1127,1147,920000,1147
2014-09-02,1151,1183,1150,1176,1831000,1176
2014-09-03,1189,1230,1184,1219,5706000,1219
2014-09-04,1220,1230,1208,1212,2531000,1212
2014-09-05,1212,1215,1196,1198,956000,1198
2014-09-08,1205,1228,1204,1220,2409000,1220
2014-09-09,1230,1236,1216,1216,1347000,1216
2014-09-10,1203,1207,1193,1201,1316000,1201
2014-09-11,1203,1209,1189,1197,1504000,1197
2014-09-12,1180,1187,1174,1184,3866000,1184
2014-09-16,1175,1189,1164,1172,2237000,1172
2014-09-17,1170,1172,1153,1165,1873000,1165
2014-09-18,1173,1182,1167,1175,1273000,1175
2014-09-19,1180,1226,1180,1215,3030000,1215
2014-09-22,1223,1223,1194,1198,2099000,1198
2014-09-24,1203,1214,1195,1209,1426000,1209
2014-09-25,1217,1244,1213,1241,3396000,1241
2014-09-26,1218,1246,1215,1236,1643000,1236
2014-09-29,1237,1242,1226,1236,1046000,1236
2014-09-30,1220,1223,1201,1211,1457000,1211
2014-10-01,1202,1219,1194,1197,1553000,1197
2014-10-02,1172,1175,1151,1152,2282000,1152
2014-10-03,1150,1159,1140,1158,1509000,1158
2014-10-06,1170,1187,1164,1176,1241000,1176
2014-10-07,1165,1169,1149,1149,1212000,1149
2014-10-08,1126,1133,1115,1129,2074000,1129
2014-10-09,1133,1137,1103,1107,1933000,1107
2014-10-10,1088,1088,1064,1075,3087000,1075
2014-10-14,1046,1080,1038,1060,3389000,1060
2014-10-15,1061,1064,1042,1059,2070000,1059
2014-10-16,1031,1038,1020,1026,1761000,1026
2014-10-17,1023,1033,1002,1003,1712000,1003
2014-10-20,1035,1045,1032,1044,1873000,1044
2014-10-21,1047,1052,1009,1012,1842000,1012
2014-10-22,1032,1068,1032,1066,2328000,1066
2014-10-23,1054,1062,1049,1050,1065000,1050
2014-10-24,1080,1085,1052,1066,2041000,1066
2014-10-27,1075,1078,1061,1067,929000,1067
2014-10-28,1071,1071,1059,1061,1062000,1061
2014-10-29,1064,1081,1063,1080,1266000,1080
2014-10-30,1074,1089,1074,1078,1775000,1078
2014-10-31,1094,1136,1090,1126,2718000,1126
2014-11-04,1150,1155,1103,1105,4517000,1105
2014-11-05,1096,1106,1090,1102,1961000,1102
2014-11-06,1102,1111,1076,1083,2077000,1083
2014-11-07,1088,1093,1077,1083,1275000,1083
2014-11-10,1080,1096,1079,1088,1295000,1088
2014-11-11,1088,1191,1086,1171,5422000,1171
2014-11-12,1171,1188,1164,1177,4479000,1177
2014-11-13,1177,1182,1154,1164,3059000,1164
2014-11-14,1176,1178,1138,1147,3339000,1147
2014-11-17,1136,1136,1104,1106,2210000,1106
2014-11-18,1132,1144,1124,1140,2063000,1140
2014-11-19,1152,1161,1136,1141,2055000,1141
2014-11-20,1150,1150,1121,1124,1430000,1124
2014-11-21,1121,1125,1106,1117,1306000,1117
2014-11-25,1135,1140,1118,1127,1683000,1127
2014-11-26,1129,1130,1114,1123,1469000,1123
2014-11-27,1118,1122,1105,1107,1339000,1107
2014-11-28,1089,1089,1042,1048,5398000,1048
2014-12-01,1042,1045,1013,1021,4161000,1021
2014-12-02,1026,1050,1023,1047,2989000,1047
2014-12-03,1076,1076,1042,1056,3836000,1056
2014-12-04,1067,1067,1050,1051,1851000,1051
2014-12-05,1039,1040,1021,1032,2123000,1032
2014-12-08,1035,1042,1018,1026,2960000,1026
2014-12-09,1011,1014,996,1004,4115000,1004
2014-12-10,998,1009,995,1006,2894000,1006
2014-12-11,1000,1003,986,993,3441000,993
2014-12-12,991,1007,991,997,3829000,997
2014-12-15,990,992,960,969,6260000,969
2014-12-16,959,959,926,934,5424000,934
2014-12-17,921,963,916,959,4882000,959
2014-12-18,978,1008,968,993,4976000,993
2014-12-19,1003,1004,990,994,2841000,994
2014-12-22,1001,1024,995,1023,3671000,1023
2014-12-24,1049,1051,1016,1019,3614000,1019
2014-12-25,1014,1021,1008,1020,1941000,1020
2014-12-26,1020,1042,1017,1038,1997000,1038
2014-12-29,1044,1046,1013,1022,1423000,1022
2014-12-30,1015,1022,1006,1006,1585000,1006
2015-01-05,1010,1019,1001,1010,1511000,1010
2015-01-06,990,992,980,982,2687000,982
2015-01-07,981,989,975,975,2002000,975
2015-01-08,987,987,976,978,1533000,978
2015-01-09,985,988,962,965,2084000,965
2015-01-13,955,955,933,943,2555000,943
2015-01-14,935,946,925,927,2446000,927
2015-01-15,933,977,932,971,3103000,971
2015-01-16,952,958,931,940,4143000,940
2015-01-19,952,959,941,953,1929000,953
2015-01-20,960,977,954,977,1852000,977
2015-01-21,971,972,943,948,2475000,948
2015-01-22,956,959,944,949,1355000,949
2015-01-23,959,964,953,960,1272000,960
2015-01-26,954,957,946,948,1658000,948
2015-01-27,960,967,952,959,1999000,959
2015-01-28,940,945,928,933,4614000,933
2015-01-29,926,929,914,916,6102000,916
2015-01-30,924,927,903,914,5076000,914
2015-02-02,914,928,910,918,3380000,918
2015-02-03,931,953,930,949,3913000,949
2015-02-04,979,985,970,973,3018000,973
2015-02-05,965,965,939,956,2360000,956
2015-02-06,961,972,960,965,1537000,965
2015-02-09,976,990,976,985,2262000,985
2015-02-10,990,1027,980,1008,3702000,1008
2015-02-12,998,1001,953,957,4946000,957
2015-02-13,950,965,950,963,1997000,963
2015-02-16,976,991,971,989,2265000,989
2015-02-17,988,1007,986,1003,2011000,1003
2015-02-18,1011,1011,1002,1007,2726000,1007
2015-02-19,1005,1005,991,1000,2185000,1000
2015-02-20,1000,1000,987,989,2016000,989
2015-02-23,1000,1002,985,988,2018000,988
2015-02-24,976,979,968,972,2742000,972
2015-02-25,972,975,966,974,1786000,974
2015-02-26,982,994,980,983,2740000,983
2015-02-27,982,984,968,971,3059000,971
2015-03-02,972,979,966,970,2000000,970
2015-03-03,976,977,954,959,2383000,959
2015-03-04,953,971,951,970,2467000,970
2015-03-05,968,987,966,982,3038000,982
2015-03-06,982,985,974,981,2132000,981
2015-03-09,1005,1017,980,997,6728000,997
2015-03-10,1002,1006,988,992,2638000,992
2015-03-11,991,1051,990,1046,7510000,1046
2015-03-12,1047,1063,1042,1058,4408000,1058
2015-03-13,1055,1055,1032,1038,4617000,1038
2015-03-16,1028,1034,1008,1022,4401000,1022
2015-03-17,1031,1048,1030,1044,1938000,1044
2015-03-18,1044,1049,1034,1049,1722000,1049
2015-03-19,1037,1046,1026,1028,2166000,1028
2015-03-20,1028,1032,1020,1024,1330000,1024
2015-03-23,1041,1047,1036,1044,2002000,1044
2015-03-24,1045,1047,1034,1039,2358000,1039
2015-03-25,1039,1041,1022,1031,1949000,1031
2015-03-26,1029,1035,1017,1033,1857000,1033
2015-03-27,1034,1065,1034,1048,4340000,1048
2015-03-30,1041,1043,1024,1028,1613000,1028
2015-03-31,1033,1044,1026,1028,1622000,1028
2015-04-01,1026,1030,1006,1009,2575000,1009
2015-04-02,1006,1010,991,998,3348000,998
2015-04-03,993,1008,986,1000,2219000,1000
2015-04-06,990,997,987,992,1215000,992
2015-04-07,997,1039,997,1035,3036000,1035
2015-04-08,1038,1049,1037,1042,2177000,1042
2015-04-09,1039,1039,1023,1027,1413000,1027
2015-04-10,1027,1036,1015,1018,2006000,1018
2015-04-13,1025,1040,1022,1030,1577000,1030
2015-04-14,1022,1030,1016,1018,1381000,1018
2015-04-15,1012,1013,992,997,3367000,997
2015-04-16,1005,1034,1004,1032,3344000,1032
2015-04-17,1034,1055,1032,1043,3699000,1043
2015-04-20,1037,1050,1034,1049,1695000,1049
2015-04-21,1052,1059,1040,1050,1784000,1050
2015-04-22,1053,1060,1047,1060,2833000,1060
2015-04-23,1061,1078,1058,1074,2652000,1074
2015-04-24,1080,1084,1066,1072,1574000,1072
2015-04-27,1076,1088,1065,1075,1894000,1075
2015-04-28,1078,1097,1075,1095,2591000,1095
2015-04-30,1090,1102,1081,1087,2730000,1087
2015-05-01,1081,1093,1075,1085,1501000,1085
2015-05-07,1084,1116,1084,1100,3086000,1100
2015-05-08,1103,1114,1090,1094,2508000,1094
2015-05-11,1103,1120,1099,1117,2136000,1117
2015-05-12,1103,1106,1077,1083,2688000,1083
2015-05-13,1085,1102,1083,1093,1603000,1093
2015-05-14,1104,1110,1020,1045,5371000,1045
2015-05-15,1050,1054,1018,1022,4307000,1022
2015-05-18,1040,1053,1029,1046,4092000,1046
2015-05-19,1098,1110,1062,1079,7147000,1079
2015-05-20,1091,1107,1083,1100,3945000,1100
2015-05-21,1100,1116,1094,1097,2279000,1097
2015-05-22,1098,1108,1090,1103,2065000,1103
2015-05-25,1101,1102,1077,1085,2270000,1085
2015-05-26,1080,1087,1067,1075,1662000,1075
2015-05-27,1070,1084,1070,1075,1672000,1075
2015-05-28,1087,1087,1074,1076,1523000,1076
2015-05-29,1078,1106,1077,1101,2999000,1101
2015-06-01,1092,1097,1088,1094,1300000,1094
2015-06-02,1096,1104,1091,1091,1471000,1091
2015-06-03,1093,1119,1093,1115,3263000,1115
2015-06-04,1119,1140,1116,1136,3104000,1136
2015-06-05,1134,1134,1106,1125,1905000,1125
2015-06-08,1125,1137,1120,1123,1348000,1123
2015-06-09,1111,1121,1097,1100,1342000,1100
2015-06-10,1102,1121,1102,1107,2032000,1107
2015-06-11,1124,1130,1116,1126,1476000,1126
2015-06-12,1135,1136,1126,1134,2327000,1134
2015-06-15,1123,1146,1122,1141,1807000,1141
2015-06-16,1139,1145,1127,1131,1394000,1131
2015-06-17,1124,1132,1114,1118,1353000,1118
2015-06-18,1125,1126,1110,1111,1892000,1111
2015-06-19,1116,1118,1101,1105,1858000,1105
2015-06-22,1115,1121,1107,1118,1025000,1118
2015-06-23,1123,1147,1123,1143,2221000,1143
2015-06-24,1145,1149,1132,1136,2146000,1136
2015-06-25,1139,1147,1130,1135,1308000,1135
2015-06-26,1135,1136,1117,1124,1158000,1124
2015-06-29,1094,1096,1081,1084,2402000,1084
2015-06-30,1082,1086,1068,1084,2035000,1084
2015-07-01,1130,1156,1114,1137,4595000,1137
2015-07-02,1148,1164,1141,1152,2682000,1152
2015-07-03,1153,1154,1136,1139,1597000,1139
2015-07-06,1128,1137,1114,1122,3053000,1122
2015-07-07,1124,1131,1111,1112,1993000,1112
2015-07-08,1108,1110,1077,1079,3324000,1079
2015-07-09,1051,1076,1021,1075,3712000,1075
2015-07-10,1067,1085,1053,1080,2412000,1080
2015-07-13,1083,1090,1055,1066,2446000,1066
2015-07-14,1076,1087,1070,1077,1410000,1077
2015-07-15,1086,1090,1063,1064,1692000,1064
2015-07-16,1061,1064,1044,1045,2059000,1045
2015-07-17,1055,1067,1046,1056,2757000,1056
2015-07-21,1063,1067,1042,1049,2636000,1049
2015-07-22,1047,1057,1042,1050,1420000,1050
2015-07-23,1050,1053,1012,1022,2316000,1022
2015-07-24,1015,1016,996,999,3282000,999
2015-07-27,1001,1006,995,1000,1419000,1000
2015-07-28,996,1020,996,1010,3428000,1010
2015-07-29,997,1001,979,980,3139000,980
2015-07-30,986,1003,975,993,2562000,993
2015-07-31,995,1002,990,1000,1194000,1000
2015-08-03,990,1002,986,993,1897000,993
2015-08-04,981,983,945,957,3701000,957
2015-08-05,958,972,949,963,2430000,963
2015-08-06,970,988,967,974,1889000,974
2015-08-07,971,983,966,967,2229000,967
2015-08-10,970,987,952,969,4463000,969
2015-08-11,1000,1027,993,1012,5915000,1012
2015-08-12,996,1004,968,971,3292000,971
2015-08-13,990,1027,990,1023,4537000,1023
2015-08-14,1023,1031,1011,1025,4023000,1025
2015-08-17,1011,1015,977,987,3313000,987
2015-08-18,986,987,968,977,3085000,977
2015-08-19,976,986,970,970,2136000,970
2015-08-20,966,968,937,938,3465000,938
2015-08-21,919,935,911,911,2483000,911
2015-08-24,895,909,868,869,3991000,869
2015-08-25,827,878,818,831,6260000,831
2015-08-26,829,857,810,853,4946000,853
2015-08-27,863,870,843,847,3402000,847
2015-08-28,877,916,871,898,5613000,898
2015-08-31,886,895,861,875,14873000,875
2015-09-01,874,874,831,832,4618000,832
2015-09-02,819,854,817,835,4014000,835
2015-09-03,845,860,834,837,3035000,837
2015-09-04,840,853,821,829,3793000,829
2015-09-07,821,854,811,840,3215000,840
2015-09-08,845,864,839,845,4079000,845
2015-09-09,865,880,850,878,3883000,878
2015-09-10,863,882,855,880,3366000,880
2015-09-11,878,889,870,877,3736000,877
2015-09-14,877,879,851,866,2125000,866
2015-09-15,866,872,852,854,1865000,854
2015-09-16,863,882,860,878,1792000,878
2015-09-17,885,903,883,886,1916000,886
2015-09-18,871,876,857,873,1725000,873
2015-09-24,865,875,833,835,1897000,835
2015-09-25,835,849,826,849,1651000,849
2015-09-28,849,849,832,837,1878000,837
2015-09-29,829,829,797,799,2327000,799
2015-09-30,812,820,803,815,1579000,815
2015-10-01,818,834,808,830,1954000,830
2015-10-02,820,828,810,825,1299000,825
2015-10-05,835,851,832,845,1510000,845
2015-10-06,860,864,848,850,1581000,850
2015-10-07,847,904,842,901,4089000,901
2015-10-08,895,941,888,936,4776000,936
2015-10-09,945,970,937,969,5286000,969
2015-10-13,949,953,917,925,3878000,925
2015-10-14,926,930,902,908,2173000,908
2015-10-15,905,922,905,920,1306000,920
2015-10-16,935,938,921,929,1870000,929
2015-10-19,932,935,908,912,2355000,912
2015-10-20,917,917,885,903,3323000,903
2015-10-21,903,936,901,931,1874000,931
2015-10-22,931,949,924,930,1585000,930
2015-10-23,949,953,939,946,1617000,946
2015-10-26,946,952,945,949,1189000,949
2015-10-27,953,957,927,931,1491000,931
2015-10-28,931,934,918,924,1002000,924
2015-10-29,928,939,923,935,988000,935
2015-10-30,927,930,912,923,1399000,923
2015-11-02,914,918,891,894,1979000,894
2015-11-04,909,926,902,905,1664000,905
2015-11-05,907,911,902,903,1306000,903
2015-11-06,908,922,907,919,1096000,919
2015-11-09,922,930,913,920,2425000,920
2015-11-10,909,919,901,919,1358000,919
2015-11-11,926,956,910,942,3517000,942
2015-11-12,949,969,932,968,4080000,968
2015-11-13,954,966,940,961,2589000,961
2015-11-16,952,956,937,954,1606000,954
2015-11-17,965,992,964,986,3006000,986
2015-11-18,995,1003,976,980,1956000,980
2015-11-19,991,1001,981,997,2267000,997
2015-11-20,1000,1011,993,1010,2006000,1010
2015-11-24,1019,1029,1008,1021,2439000,1021
2015-11-25,1020,1029,1013,1021,2338000,1021
2015-11-26,1025,1033,1017,1024,2447000,1024
2015-11-27,1032,1042,1029,1039,2763000,1039
2015-11-30,1042,1057,1038,1045,2803000,1045
2015-12-01,1050,1059,1045,1048,2624000,1048
2015-12-02,1048,1048,1022,1041,2685000,1041
2015-12-03,1035,1051,1027,1048,1861000,1048
2015-12-04,1038,1046,1025,1028,1998000,1028
2015-12-07,1036,1036,1019,1022,1397000,1022
2015-12-08,1013,1013,988,993,2368000,993
2015-12-09,987,992,961,963,4627000,963
2015-12-10,949,959,945,949,1858000,949
2015-12-11,934,958,934,951,3197000,951
2015-12-14,924,928,912,926,2129000,926
2015-12-15,940,950,920,923,2500000,923
2015-12-16,945,955,932,953,2757000,953
2015-12-17,960,971,955,957,2924000,957
2015-12-18,958,962,916,921,5307000,921
2015-12-21,920,927,915,920,1682000,920
2015-12-22,913,926,913,919,1317000,919
2015-12-24,926,944,920,923,1617000,923
2015-12-25,921,930,902,907,1223000,907
2015-12-28,914,935,914,925,1047000,925
2015-12-29,930,938,919,934,1026000,934
2015-12-30,940,945,921,923,1388000,923
2016-01-04,919,934,905,908,1462000,908
2016-01-05,901,910,892,897,2172000,897
2016-01-06,898,903,883,888,1761000,888
2016-01-07,885,898,866,868,2288000,868
2016-01-08,853,893,852,870,3628000,870
2016-01-12,859,861,834,837,1762000,837
2016-01-13,841,871,841,869,1509000,869
2016-01-14,844,851,832,848,1641000,848
2016-01-15,863,877,837,840,2002000,840
2016-01-18,820,836,805,829,2042000,829
2016-01-19,821,844,815,839,1611000,839
2016-01-20,838,838,791,794,3331000,794
2016-01-21,795,801,760,762,3689000,762
2016-01-22,780,827,776,824,3971000,824
2016-01-25,842,860,833,842,4424000,842
2016-01-26,817,823,795,800,2541000,800
2016-01-27,827,839,821,835,1524000,835
2016-01-28,839,839,821,823,1217000,823
2016-01-29,839,875,830,872,2800000,872
2016-02-01,880,880,870,880,1877000,880
2016-02-02,868,871,839,849,1837000,849
2016-02-03,843,843,817,828,3341000,828
2016-02-04,820,839,813,827,2237000,827
2016-02-05,816,835,816,830,1499000,830
2016-02-08,815,855,815,850,1852000,850
2016-02-09,810,819,739,761,4692000,761
2016-02-10,769,775,753,773,4007000,773
2016-02-12,746,755,722,741,3853000,741
2016-02-15,780,816,772,808,3048000,808
2016-02-16,778,823,772,810,3462000,810
2016-02-17,795,805,766,774,2782000,774
2016-02-18,810,840,802,830,3484000,830
2016-02-19,815,832,801,830,2379000,830
2016-02-22,829,849,818,847,2085000,847
2016-02-23,862,880,853,856,3777000,856
2016-02-24,871,875,844,866,5240000,866
2016-02-25,879,892,871,884,2804000,884
2016-02-26,897,910,895,897,3049000,897
2016-02-29,922,932,889,889,4275000,889
2016-03-01,904,925,901,919,5038000,919
2016-03-02,941,947,930,944,3088000,944
2016-03-03,939,950,931,940,2145000,940
2016-03-04,941,988,940,982,3464000,982
2016-03-07,991,1023,991,1014,4309000,1014
2016-03-08,1020,1031,996,1013,4406000,1013
2016-03-09,990,996,960,973,4082000,973
2016-03-10,984,993,976,985,2362000,985
2016-03-11,967,990,961,984,3475000,984
2016-03-14,1010,1036,1005,1013,2332000,1013
2016-03-15,1008,1010,985,995,2125000,995
2016-03-16,981,982,950,952,3081000,952
2016-03-17,960,977,945,951,2831000,951
2016-03-18,928,940,901,926,7424000,926
2016-03-22,968,971,934,947,2326000,947
2016-03-23,947,948,873,904,7186000,904
2016-03-24,894,899,870,893,5230000,893
2016-03-25,848,880,847,866,6028000,866
2016-03-28,861,869,850,868,3903000,868
2016-03-29,859,869,855,865,2782000,865
2016-03-30,853,859,841,849,2749000,849
2016-03-31,853,856,825,825,3591000,825
2016-04-01,830,830,804,809,3663000,809
2016-04-04,795,821,788,804,3728000,804
2016-04-05,789,797,780,789,4097000,789
2016-04-06,772,782,760,776,5593000,776
2016-04-07,775,798,771,782,3405000,782
2016-04-08,775,802,772,790,2471000,790
2016-04-11,790,803,777,799,3324000,799
2016-04-12,800,819,797,813,2139000,813
2016-04-13,833,841,826,838,2698000,838
2016-04-14,847,863,841,858,2712000,858
2016-04-15,852,865,851,859,2016000,859
2016-04-18,823,843,819,833,2003000,833
2016-04-19,848,863,848,860,2147000,860
2016-04-20,868,876,858,860,1991000,860
2016-04-21,890,890,878,880,2598000,880
2016-04-22,877,894,868,893,1929000,893
2016-04-25,903,912,891,894,2374000,894
2016-04-26,886,890,872,879,1313000,879
2016-04-27,884,890,872,876,1477000,876
2016-04-28,882,890,844,846,1598000,846
2016-05-02,816,831,815,827,1755000,827
2016-05-06,814,824,784,799,4547000,799
2016-05-09,809,815,799,805,1624000,805
2016-05-10,811,828,804,827,1705000,827
2016-05-11,838,850,832,834,1665000,834
2016-05-12,827,846,768,779,6737000,779
2016-05-13,777,779,757,760,3522000,760
2016-05-16,759,785,759,777,2470000,777
2016-05-17,791,800,790,796,2713000,796
2016-05-18,792,818,792,814,2262000,814
2016-05-19,820,820,793,796,1776000,796
2016-05-20,795,805,787,803,1187000,803
2016-05-23,802,802,784,799,1033000,799
2016-05-24,798,798,782,786,1769000,786
2016-05-25,798,807,792,803,1697000,803
2016-05-26,808,808,792,793,1542000,793
2016-05-27,790,799,787,792,1396000,792
2016-05-30,789,792,778,784,1828000,784
2016-05-31,786,796,785,793,1460000,793
2016-06-01,784,790,772,775,2824000,775
2016-06-02,761,761,746,747,4877000,747
2016-06-03,750,760,744,750,2903000,750
2016-06-06,732,739,725,737,2275000,737
2016-06-07,738,749,737,745,2096000,745
2016-06-08,725,733,712,730,4503000,730
2016-06-09,725,744,725,730,3535000,730
2016-06-10,727,728,713,716,2833000,716
2016-06-13,715,715,696,696,2672000,696
2016-06-14,686,690,679,687,2620000,687
2016-06-15,680,687,671,679,2378000,679
2016-06-16,675,689,674,676,4119000,676
2016-06-17,681,692,678,679,3019000,679
2016-06-20,669,689,665,686,2826000,686
2016-06-21,691,702,681,698,1841000,698
2016-06-22,698,700,688,692,1478000,692
2016-06-23,692,703,692,701,1159000,701
2016-06-24,708,717,611,642,2881000,642
2016-06-27,649,669,647,669,2838000,669
2016-06-28,650,673,644,665,2746000,665
2016-06-29,670,684,668,669,2225000,669
2016-06-30,676,682,671,672,1678000,672
2016-07-01,676,681,668,669,1178000,669
2016-07-04,664,676,660,672,1638000,672
2016-07-05,664,673,662,667,1261000,667
2016-07-06,657,666,651,664,2253000,664
2016-07-07,662,672,659,664,1730000,664
2016-07-08,662,675,658,665,2163000,665
2016-07-11,676,691,675,687,2371000,687
2016-07-12,703,723,701,706,2344000,706
2016-07-13,730,743,720,725,2422000,725
2016-07-14,725,728,720,724,1242000,724
2016-07-15,729,735,718,725,1800000,725
2016-07-19,731,740,727,732,1410000,732
2016-07-20,726,728,715,728,1349000,728
2016-07-21,739,743,736,741,1470000,741
2016-07-22,735,738,725,732,1354000,732
2016-07-25,741,746,736,741,1211000,741
2016-07-26,738,738,719,726,1446000,726
2016-07-27,736,749,731,746,1575000,746
2016-07-28,740,744,727,738,1056000,738
2016-07-29,733,743,716,728,1714000,728
2016-08-01,717,732,711,729,1054000,729
2016-08-02,719,723,709,714,970000,714
2016-08-03,701,705,693,696,1087000,696
2016-08-04,699,717,696,714,1596000,714
2016-08-05,710,728,710,720,1502000,720
2016-08-08,730,745,728,742,1593000,742
2016-08-09,748,760,732,738,2422000,738
2016-08-10,738,764,737,748,1997000,748
2016-08-12,761,762,750,758,1512000,758
2016-08-15,752,752,742,744,1108000,744
2016-08-16,744,749,732,732,1224000,732
2016-08-17,725,741,723,739,1315000,739
2016-08-18,734,753,725,748,1905000,748
2016-08-19,760,810,755,804,5203000,804
2016-08-22,808,818,794,816,1813000,816
2016-08-23,815,815,788,789,1922000,789
2016-08-24,790,795,784,789,1548000,789
2016-08-25,783,793,776,788,1974000,788
2016-08-26,790,794,780,788,1835000,788
2016-08-29,803,826,803,823,1980000,823
2016-08-30,808,824,805,822,2427000,822
2016-08-31,826,836,813,836,2164000,836
2016-09-01,833,833,811,817,2286000,817
2016-09-02,811,811,794,800,2048000,800
2016-09-05,814,830,814,823,1405000,823
2016-09-06,821,826,819,822,1042000,822
2016-09-07,814,819,806,817,1459000,817
2016-09-08,817,820,809,811,866000,811
2016-09-09,818,827,815,822,1754000,822
2016-09-12,805,812,803,810,1053000,810
2016-09-13,819,824,815,819,1320000,819
2016-09-14,800,813,797,807,1070000,807
2016-09-15,801,813,794,797,1275000,797
2016-09-16,800,802,792,796,1477000,796
2016-09-20,789,805,783,798,1075000,798
2016-09-21,803,831,796,829,2419000,829
2016-09-23,828,837,825,835,1215000,835
2016-09-26,832,833,820,826,1111000,826
2016-09-27,813,817,799,810,2666000,810
2016-09-28,804,805,782,787,1507000,787
2016-09-29,820,849,818,839,3806000,839
2016-09-30,832,833,818,826,1152000,826
2016-10-03,837,850,836,846,1514000,846
2016-10-04,850,855,844,852,1205000,852
2016-10-05,856,858,845,856,961000,856
2016-10-06,868,879,863,865,1240000,865
2016-10-07,864,876,863,875,1106000,875
2016-10-11,881,890,877,886,2018000,886
2016-10-12,875,895,869,890,1720000,890
2016-10-13,890,893,876,885,894000,885
2016-10-14,880,889,877,884,1266000,884
2016-10-17,885,900,884,898,1224000,898
2016-10-18,898,909,896,906,1105000,906
2016-10-19,905,909,899,906,780000,906
2016-10-20,911,927,905,922,1334000,922
2016-10-21,920,921,911,915,1039000,915
2016-10-24,919,933,915,930,1113000,930
2016-10-25,930,930,914,916,1004000,916
2016-10-26,916,918,908,914,851000,914
2016-10-27,916,922,907,912,926000,912
2016-10-28,919,929,917,929,1223000,929
2016-10-31,926,926,912,917,826000,917
2016-11-01,904,914,890,912,1042000,912
2016-11-02,896,907,891,896,928000,896
2016-11-04,884,884,832,841,3654000,841
2016-11-07,858,878,857,872,2308000,872
2016-11-08,872,872,858,863,1230000,863
2016-11-09,870,879,817,830,2102000,830
2016-11-10,873,899,855,888,3327000,888
2016-11-11,900,913,886,890,2603000,890
2016-11-14,890,893,875,878,2005000,878
2016-11-15,874,877,857,867,1933000,867
2016-11-16,879,887,865,872,1520000,872
2016-11-17,861,861,849,853,2268000,853
2016-11-18,835,839,805,825,5785000,825
2016-11-21,828,844,826,841,2507000,841
2016-11-22,850,871,848,869,3121000,869
2016-11-24,873,875,861,862,1914000,862
2016-11-25,866,873,845,852,1914000,852
2016-11-28,840,863,837,861,1410000,861
2016-11-29,849,856,842,846,1377000,846
2016-11-30,848,848,816,821,2375000,821
2016-12-01,865,883,853,870,5874000,870
2016-12-02,845,864,840,862,3932000,862
2016-12-05,862,866,841,849,2927000,849
2016-12-06,864,874,862,871,2264000,871
2016-12-07,877,881,859,868,1643000,868
2016-12-08,880,890,879,888,1941000,888
2016-12-09,899,899,882,887,2572000,887
2016-12-12,900,911,885,892,2443000,892
2016-12-13,888,890,876,890,1383000,890
2016-12-14,881,886,877,881,1168000,881
2016-12-15,882,889,872,877,1397000,877
2016-12-16,881,893,879,887,1726000,887
2016-12-19,875,878,855,857,2631000,857
2016-12-20,856,857,843,847,2148000,847
2016-12-21,850,851,829,833,2789000,833
2016-12-22,828,831,821,829,1469000,829
2016-12-26,834,843,824,830,2077000,830
2016-12-27,826,829,822,824,1273000,824
2016-12-28,821,828,816,818,1532000,818
2016-12-29,814,816,802,806,1803000,806
2016-12-30,799,812,795,810,2735000,810
2017-01-04,812,822,812,820,1970000,820
