Date,Open,High,Low,Close,Volume,Adj Close
2008-10-20,2195,2220,2110,2185,2459300,2185
2008-10-21,2250,2325,2245,2285,2397000,2285
2008-10-22,2180,2180,2050,2050,3424200,2050
2008-10-23,1918,2030,1830,1987,4950500,1987
2008-10-24,2020,2020,1799,1812,3604100,1812
2008-10-27,1752,1820,1581,1600,4672400,1600
2008-10-28,1600,1767,1560,1750,3914500,1750
2008-10-29,2050,2050,1949,2050,5747700,2050
2008-10-30,2130,2335,2020,2305,3633000,2305
2008-10-31,2345,2345,2130,2175,3869700,2175
2008-11-04,2235,2340,2230,2320,2957800,2320
2008-11-05,2450,2540,2420,2535,2758200,2535
2008-11-06,2255,2350,2210,2270,2266100,2270
2008-11-07,2085,2365,2050,2270,3365300,2270
2008-11-10,2390,2425,2325,2390,2106100,2390
2008-11-11,2350,2435,2285,2335,1877800,2335
2008-11-12,2215,2320,2215,2245,2410000,2245
2008-11-13,2180,2190,2095,2120,2673100,2120
2008-11-14,2250,2310,2145,2165,2990900,2165
2008-11-17,2130,2370,2115,2260,2225500,2260
2008-11-18,2220,2290,2200,2255,2218500,2255
2008-11-19,2260,2315,2220,2305,2733200,2305
2008-11-20,2150,2180,2020,2020,2090400,2020
2008-11-21,1941,2185,1905,2160,3100300,2160
2008-11-25,2320,2330,2235,2290,1806300,2290
2008-11-26,2210,2300,2180,2270,1627100,2270
2008-11-27,2345,2400,2330,2360,1481000,2360
2008-11-28,2365,2500,2320,2495,2125100,2495
2008-12-01,2485,2490,2375,2395,981000,2395
2008-12-02,2155,2250,2150,2155,1935800,2155
2008-12-03,2160,2180,2065,2105,2198900,2105
2008-12-04,2110,2135,1973,1994,2614400,1994
2008-12-05,2025,2065,1980,1990,2141800,1990
2008-12-08,2060,2110,2000,2095,1930800,2095
2008-12-09,2115,2170,2080,2165,2094900,2165
2008-12-10,2125,2190,2085,2170,2347300,2170
2008-12-11,2105,2170,2065,2160,2177600,2160
2008-12-12,2040,2095,1980,1980,6114400,1980
2008-12-15,2040,2090,2030,2070,1625200,2070
2008-12-16,2060,2105,2025,2050,1505000,2050
2008-12-17,2085,2150,2065,2145,2785500,2145
2008-12-18,2110,2125,2055,2070,2156300,2070
2008-12-19,2075,2150,2055,2080,2284500,2080
2008-12-22,2120,2225,2105,2215,1990300,2215
2008-12-24,2145,2215,2135,2210,1200900,2210
2008-12-25,2260,2280,2220,2250,686700,2250
2008-12-26,2280,2290,2240,2260,547300,2260
2008-12-29,2220,2255,2210,2250,542300,2250
2008-12-30,2245,2315,2235,2315,487100,2315
2009-01-05,2395,2395,2350,2370,462200,2370
2009-01-06,2390,2495,2385,2475,1735500,2475
2009-01-07,2530,2875,2520,2845,4488900,2845
2009-01-08,2725,2755,2645,2655,1831900,2655
2009-01-09,2710,2745,2620,2695,2718600,2695
2009-01-13,2495,2495,2415,2415,1785700,2415
2009-01-14,2395,2460,2355,2430,2085300,2430
2009-01-15,2310,2325,2245,2255,2195200,2255
2009-01-16,2295,2390,2270,2370,2055800,2370
2009-01-19,2410,2435,2335,2345,1116500,2345
2009-01-20,2265,2270,2180,2240,1450900,2240
2009-01-21,2200,2335,2170,2240,2640300,2240
2009-01-22,2235,2250,2170,2225,1723600,2225
2009-01-23,2165,2170,2085,2085,1530200,2085
2009-01-26,2080,2090,2035,2035,1131100,2035
2009-01-27,2075,2185,2045,2160,1873900,2160
2009-01-28,2215,2280,2165,2255,1990800,2255
2009-01-29,2275,2315,2215,2255,2318400,2255
2009-01-30,2120,2145,2100,2115,1405400,2115
2009-02-02,2070,2140,2055,2105,1430800,2105
2009-02-03,2170,2260,2145,2160,1838000,2160
2009-02-04,2165,2260,2140,2225,1209700,2225
2009-02-05,2255,2310,2170,2225,1307000,2225
2009-02-06,2345,2360,2310,2345,1926800,2345
2009-02-09,2425,2425,2300,2305,1719200,2305
2009-02-10,2315,2330,2185,2230,1419200,2230
2009-02-12,2150,2195,2095,2105,2582900,2105
2009-02-13,2185,2210,2135,2165,2363900,2165
2009-02-16,2165,2165,2090,2120,1348400,2120
2009-02-17,2095,2115,2070,2070,971000,2070
2009-02-18,1992,2075,1986,2075,1442000,2075
2009-02-19,2120,2140,2070,2075,1130100,2075
2009-02-20,2060,2075,2010,2015,1205700,2015
2009-02-23,1992,2035,1960,2010,1976800,2010
2009-02-24,1993,2040,1945,2040,2239900,2040
2009-02-25,2130,2175,2090,2160,1775300,2160
2009-02-26,2165,2225,2125,2145,1273600,2145
2009-02-27,2150,2205,2135,2170,1376900,2170
2009-03-02,2130,2130,2030,2045,1277900,2045
2009-03-03,2005,2080,1995,2065,1314300,2065
2009-03-04,2025,2135,2015,2120,1547900,2120
2009-03-05,2125,2325,2120,2325,3545900,2325
2009-03-06,2255,2295,2215,2255,2526500,2255
2009-03-09,2335,2355,2270,2315,2120100,2315
2009-03-10,2275,2310,2255,2285,2144000,2285
2009-03-11,2380,2470,2370,2450,1985600,2450
2009-03-12,2435,2445,2315,2315,2342100,2315
2009-03-13,2475,2480,2425,2455,4524800,2455
2009-03-16,2415,2500,2385,2490,2186000,2490
2009-03-17,2520,2590,2500,2590,2011600,2590
2009-03-18,2630,2635,2565,2610,1893300,2610
2009-03-19,2695,2710,2615,2630,1814800,2630
2009-03-23,2665,2775,2655,2775,1505400,2775
2009-03-24,2815,2835,2765,2820,2039900,2820
2009-03-25,2835,2835,2740,2780,1579900,2780
2009-03-26,2775,2865,2765,2865,856300,2865
2009-03-27,2945,3060,2870,2900,2751600,2900
2009-03-30,2890,2895,2670,2670,1976200,2670
2009-03-31,2700,2830,2660,2680,2306800,2680
2009-04-01,2720,2755,2655,2700,1901500,2700
2009-04-02,2745,2885,2705,2880,1925500,2880
2009-04-03,2920,2970,2810,2815,2058400,2815
2009-04-06,2920,3010,2880,2920,2438600,2920
2009-04-07,2880,2930,2830,2855,1386500,2855
2009-04-08,2770,2785,2700,2710,1728700,2710
2009-04-09,2790,2900,2785,2895,1464500,2895
2009-04-10,2975,2990,2845,2875,1932200,2875
2009-04-13,2715,2860,2705,2820,1919600,2820
2009-04-14,2810,2815,2725,2735,1617200,2735
2009-04-15,2710,2720,2600,2635,1647600,2635
2009-04-16,2680,2730,2570,2590,1764200,2590
2009-04-17,2670,2700,2640,2690,1267400,2690
2009-04-20,2700,2750,2670,2745,733600,2745
2009-04-21,2625,2695,2600,2670,1655400,2670
2009-04-22,2750,2750,2610,2630,1381600,2630
2009-04-23,2630,2650,2540,2635,1841600,2635
2009-04-24,2645,2655,2570,2575,1678700,2575
2009-04-27,2630,2650,2570,2620,843500,2620
2009-04-28,2565,2630,2500,2500,1288300,2500
2009-04-30,2620,2645,2575,2645,1121200,2645
2009-05-01,2670,2695,2635,2675,1040800,2675
2009-05-07,2880,2970,2860,2970,2714300,2970
2009-05-08,3000,3070,2955,3010,2913000,3010
2009-05-11,3000,3010,2925,2980,1224500,2980
2009-05-12,2985,3090,2975,3010,1659200,3010
2009-05-13,2960,2965,2870,2885,1309500,2885
2009-05-14,2800,2805,2730,2770,1315500,2770
2009-05-15,2765,2860,2765,2850,1072700,2850
2009-05-18,2770,2775,2730,2755,1002700,2755
2009-05-19,2860,2880,2830,2865,1075900,2865
2009-05-20,2880,2920,2850,2895,1252100,2895
2009-05-21,2865,2875,2785,2830,1104700,2830
2009-05-22,2750,2815,2740,2810,1010000,2810
2009-05-25,2810,2850,2780,2820,1059700,2820
2009-05-26,2835,2965,2785,2940,2539900,2940
2009-05-27,3010,3060,2890,2890,3465000,2890
2009-05-28,2900,2990,2890,2935,1843200,2935
2009-05-29,2935,2960,2895,2930,2011300,2930
2009-06-01,2930,2970,2905,2945,1564900,2945
2009-06-02,3000,3050,2980,3010,1515100,3010
2009-06-03,3020,3120,3010,3110,2417700,3110
2009-06-04,3060,3090,2995,2995,1839300,2995
2009-06-05,3070,3150,3040,3150,1683900,3150
2009-06-08,3220,3240,3130,3190,1999300,3190
2009-06-09,3200,3230,3120,3130,1200300,3130
2009-06-10,3150,3230,3130,3210,1497100,3210
2009-06-11,3210,3210,3170,3180,698800,3180
2009-06-12,3260,3280,3210,3250,4180000,3250
2009-06-15,3270,3270,3180,3180,737600,3180
2009-06-16,3120,3130,3060,3070,1134600,3070
2009-06-17,3120,3140,3060,3100,1084300,3100
2009-06-18,3020,3030,2980,2990,1337200,2990
2009-06-19,3050,3110,3030,3060,1114500,3060
2009-06-22,3070,3140,3050,3100,1051300,3100
2009-06-23,3000,3010,2930,2960,1875700,2960
2009-06-24,2985,3020,2950,2995,1521800,2995
2009-06-25,3060,3140,3030,3090,1419700,3090
2009-06-26,3120,3160,3060,3140,1353900,3140
2009-06-29,3130,3170,3090,3110,712000,3110
2009-06-30,3150,3180,3110,3110,998800,3110
2009-07-01,3120,3220,3090,3160,1196900,3160
2009-07-02,3170,3200,3110,3120,703400,3120
2009-07-03,3070,3130,3050,3110,805300,3110
2009-07-06,3090,3150,3030,3070,1234200,3070
2009-07-07,3060,3070,3000,3020,882300,3020
2009-07-08,3050,3110,3010,3030,2311500,3030
2009-07-09,2980,3020,2920,2990,1807200,2990
2009-07-10,3030,3030,2965,2965,1949400,2965
2009-07-13,2995,3010,2880,2890,1220100,2890
2009-07-14,2970,3010,2945,2975,1485600,2975
2009-07-15,3020,3050,3000,3010,1278200,3010
2009-07-16,3100,3100,3060,3070,925900,3070
2009-07-17,3060,3080,3000,3010,804500,3010
2009-07-21,3090,3090,3030,3080,879900,3080
2009-07-22,3090,3150,3070,3140,1215500,3140
2009-07-23,3110,3230,3100,3190,1160700,3190
2009-07-24,3270,3340,3250,3310,2425300,3310
2009-07-27,3350,3400,3330,3350,960300,3350
2009-07-28,3300,3300,3240,3270,1002900,3270
2009-07-29,3260,3370,3260,3330,1080400,3330
2009-07-30,3310,3370,3270,3360,996200,3360
2009-07-31,3390,3450,3340,3440,1259300,3440
2009-08-03,3470,3590,3460,3530,2060800,3530
2009-08-04,3590,3640,3570,3580,1694200,3580
2009-08-05,3570,3590,3430,3430,1424000,3430
2009-08-06,3470,3530,3450,3470,1405100,3470
2009-08-07,3320,3370,3270,3350,1738000,3350
2009-08-10,3440,3530,3420,3480,1844000,3480
2009-08-11,3460,3490,3440,3460,848100,3460
2009-08-12,3400,3480,3390,3400,1232500,3400
2009-08-13,3490,3520,3470,3500,1128200,3500
2009-08-14,3560,3630,3540,3590,2368100,3590
2009-08-17,3520,3550,3440,3440,945000,3440
2009-08-18,3390,3440,3350,3400,1134400,3400
2009-08-19,3400,3410,3340,3340,902000,3340
2009-08-20,3360,3420,3350,3400,763600,3400
2009-08-21,3410,3430,3280,3340,674300,3340
2009-08-24,3450,3490,3410,3460,920700,3460
2009-08-25,3410,3510,3400,3490,936700,3490
2009-08-26,3510,3600,3510,3560,1384800,3560
2009-08-27,3480,3520,3360,3400,1936200,3400
2009-08-28,3450,3450,3340,3360,1317300,3360
2009-08-31,3380,3440,3280,3280,1865500,3280
2009-09-01,3300,3370,3280,3350,1215800,3350
2009-09-02,3250,3280,3250,3260,1064500,3260
2009-09-03,3230,3290,3210,3210,1134600,3210
2009-09-04,3260,3280,3230,3260,1026300,3260
2009-09-07,3310,3330,3280,3310,671400,3310
2009-09-08,3340,3360,3300,3360,664600,3360
2009-09-09,3330,3360,3270,3290,915000,3290
2009-09-10,3290,3370,3270,3340,1317200,3340
2009-09-11,3310,3360,3280,3320,3809900,3320
2009-09-14,3300,3310,3150,3190,1222900,3190
2009-09-15,3230,3480,3200,3350,7395400,3350
2009-09-16,3340,3440,3330,3350,2316600,3350
2009-09-17,3420,3430,3360,3410,1209700,3410
2009-09-18,3420,3460,3390,3450,1958200,3450
2009-09-24,3500,3550,3460,3500,1761200,3500
2009-09-25,3450,3450,3340,3380,1253800,3380
2009-09-28,3300,3310,3210,3230,1445600,3230
2009-09-29,3210,3300,3210,3240,1509100,3240
2009-09-30,3250,3280,3210,3230,811900,3230
2009-10-01,3200,3230,3130,3130,1275500,3130
2009-10-02,3050,3140,3010,3140,1992400,3140
2009-10-05,3090,3120,2975,2980,2038300,2980
2009-10-06,3020,3040,2985,2990,1485000,2990
2009-10-07,3080,3100,3050,3090,1315600,3090
2009-10-08,3120,3140,3070,3130,1138600,3130
2009-10-09,3160,3200,3130,3200,1965400,3200
2009-10-13,3200,3210,3140,3160,1257400,3160
2009-10-14,3200,3210,3150,3190,1252800,3190
2009-10-15,3220,3250,3200,3240,1168900,3240
2009-10-16,3270,3290,3160,3180,1987900,3180
2009-10-19,3130,3160,3080,3120,1612000,3120
2009-10-20,3170,3200,3150,3170,511600,3170
2009-10-21,3180,3210,3170,3200,545100,3200
2009-10-22,3160,3200,3150,3190,889100,3190
2009-10-23,3230,3230,3200,3220,547000,3220
2009-10-26,3220,3270,3200,3260,774300,3260
2009-10-27,3280,3300,3250,3260,1021300,3260
2009-10-28,3270,3280,3150,3180,888100,3180
2009-10-29,3150,3150,3100,3120,1070200,3120
2009-10-30,3170,3180,3120,3150,856800,3150
2009-11-02,3030,3100,3030,3050,1433100,3050
2009-11-04,3100,3130,3060,3110,1104500,3110
2009-11-05,3060,3090,3020,3050,928900,3050
2009-11-06,3100,3110,3070,3090,622200,3090
2009-11-09,3090,3140,3050,3130,767300,3130
2009-11-10,3190,3210,3140,3170,1385000,3170
2009-11-11,3300,3310,3240,3250,2222800,3250
2009-11-12,3280,3290,3250,3270,1318200,3270
2009-11-13,3230,3280,3220,3250,1208800,3250
2009-11-16,3270,3340,3250,3320,1278600,3320
2009-11-17,3330,3350,3290,3290,1483400,3290
2009-11-18,3280,3290,3180,3200,2024800,3200
2009-11-19,3240,3240,3150,3210,1677100,3210
2009-11-20,3160,3200,3160,3200,1255300,3200
2009-11-24,3250,3250,3070,3080,2777500,3080
2009-11-25,3130,3160,3020,3040,2646600,3040
2009-11-26,3010,3120,2985,3060,1699200,3060
2009-11-27,3010,3050,2950,2950,1989900,2950
2009-11-30,2990,3100,2990,3070,1503300,3070
2009-12-01,3070,3240,3070,3230,2134100,3230
2009-12-02,3240,3290,3220,3230,1433000,3230
2009-12-03,3270,3350,3260,3340,1535300,3340
2009-12-04,3360,3440,3320,3440,2204000,3440
2009-12-07,3510,3550,3480,3540,1558800,3540
2009-12-08,3490,3580,3470,3570,1321800,3570
2009-12-09,3510,3530,3450,3490,1430800,3490
2009-12-10,3440,3500,3400,3440,1158900,3440
2009-12-11,3490,3530,3440,3490,3479200,3490
2009-12-14,3540,3570,3520,3560,1028200,3560
2009-12-15,3510,3580,3500,3560,551800,3560
2009-12-16,3600,3630,3540,3570,1217000,3570
2009-12-17,3590,3610,3550,3570,768800,3570
2009-12-18,3540,3600,3500,3570,1060600,3570
2009-12-21,3570,3610,3560,3580,440400,3580
2009-12-22,3620,3650,3600,3640,1355300,3640
2009-12-24,3650,3740,3650,3730,1787600,3730
2009-12-25,3780,3790,3680,3680,1223200,3680
2009-12-28,3680,3710,3640,3710,1060100,3710
2009-12-29,3660,3730,3650,3660,1158800,3660
2009-12-30,3700,3710,3640,3660,892000,3660
2010-01-04,3660,3715,3660,3700,513600,3700
2010-01-05,3770,3770,3675,3695,936000,3695
2010-01-06,3730,3755,3705,3730,906300,3730
2010-01-07,3710,3745,3650,3675,766400,3675
2010-01-08,3725,3740,3685,3720,1898900,3720
2010-01-12,3670,3750,3650,3710,1625300,3710
2010-01-13,3655,3710,3600,3620,1263100,3620
2010-01-14,3625,3670,3585,3655,1477200,3655
2010-01-15,3515,3570,3505,3565,2201300,3565
2010-01-18,3510,3525,3500,3520,1341000,3520
2010-01-19,3545,3565,3510,3540,886900,3540
2010-01-20,3610,3615,3505,3520,1001600,3520
2010-01-21,3455,3565,3440,3550,1672700,3550
2010-01-22,3455,3475,3410,3470,1591900,3470
2010-01-25,3400,3485,3385,3470,973400,3470
2010-01-26,3445,3480,3355,3390,1282300,3390
2010-01-27,3390,3455,3365,3435,1444500,3435
2010-01-28,3480,3515,3450,3460,1582200,3460
2010-01-29,3390,3410,3350,3355,1346900,3355
2010-02-01,3350,3350,3290,3335,1239300,3335
2010-02-02,3340,3390,3325,3365,1104700,3365
2010-02-03,3410,3455,3380,3425,862600,3425
2010-02-04,3495,3495,3415,3460,1271900,3460
2010-02-05,3325,3350,3245,3245,2183500,3245
2010-02-08,3250,3300,3215,3240,1483900,3240
2010-02-09,3200,3365,3200,3250,2758500,3250
2010-02-10,3320,3395,3310,3365,2458500,3365
2010-02-12,3460,3475,3390,3450,2197100,3450
2010-02-15,3450,3500,3425,3430,807300,3430
2010-02-16,3455,3510,3440,3505,1343100,3505
2010-02-17,3575,3630,3555,3625,2114500,3625
2010-02-18,3620,3635,3585,3620,1092700,3620
2010-02-19,3615,3625,3495,3495,1712100,3495
2010-02-22,3595,3650,3590,3620,1446600,3620
2010-02-23,3600,3640,3565,3605,844500,3605
2010-02-24,3550,3565,3510,3525,1363300,3525
2010-02-25,3550,3560,3380,3385,1895300,3385
2010-02-26,3395,3425,3385,3420,1401700,3420
2010-03-01,3425,3495,3420,3455,1115500,3455
2010-03-02,3485,3500,3435,3455,976800,3455
2010-03-03,3430,3480,3420,3465,993100,3465
2010-03-04,3500,3530,3420,3430,1467700,3430
2010-03-05,3515,3560,3510,3525,1711500,3525
2010-03-08,3600,3610,3560,3595,1390400,3595
2010-03-09,3600,3630,3585,3610,759700,3610
2010-03-10,3600,3615,3585,3590,536500,3590
2010-03-11,3620,3645,3605,3645,870200,3645
2010-03-12,3700,3700,3605,3650,4245700,3650
2010-03-15,3665,3680,3645,3665,695000,3665
2010-03-16,3650,3695,3635,3650,846500,3650
2010-03-17,3675,3690,3650,3680,793200,3680
2010-03-18,3690,3690,3620,3625,826600,3625
2010-03-19,3655,3670,3635,3665,757700,3665
2010-03-23,3615,3650,3610,3650,583800,3650
2010-03-24,3635,3690,3635,3675,814900,3675
2010-03-25,3700,3770,3685,3755,1722000,3755
2010-03-26,3790,3865,3775,3850,1975500,3850
2010-03-29,3805,3835,3800,3830,692900,3830
2010-03-30,3815,3830,3775,3805,1269900,3805
2010-03-31,3835,3845,3785,3825,1138400,3825
2010-04-01,3890,3980,3830,3950,3179400,3950
2010-04-02,3920,3950,3920,3930,1258700,3930
2010-04-05,4000,4015,3945,3965,1082500,3965
2010-04-06,3990,4020,3975,4005,1520900,4005
2010-04-07,4010,4020,3880,3885,1998500,3885
2010-04-08,3860,3870,3805,3815,1475700,3815
2010-04-09,3800,3885,3795,3830,2521500,3830
2010-04-12,3855,3875,3825,3825,988600,3825
2010-04-13,3820,3820,3735,3780,1196600,3780
2010-04-14,3810,3825,3720,3755,1241400,3755
2010-04-15,3800,3830,3780,3795,1117200,3795
2010-04-16,3800,3800,3730,3740,1130500,3740
2010-04-19,3695,3720,3660,3680,1186400,3680
2010-04-20,3710,3720,3650,3660,1148900,3660
2010-04-21,3695,3765,3685,3750,1252900,3750
2010-04-22,3680,3700,3640,3685,1032300,3685
2010-04-23,3675,3700,3635,3660,1175100,3660
2010-04-26,3730,3770,3720,3760,952900,3760
2010-04-27,3690,3730,3625,3700,1866800,3700
2010-04-28,3560,3590,3545,3580,2754800,3580
2010-04-30,3630,3635,3565,3580,1370900,3580
2010-05-06,3460,3490,3430,3435,2203300,3435
2010-05-07,3290,3340,3265,3325,2671800,3325
2010-05-10,3350,3415,3330,3375,2021700,3375
2010-05-11,3385,3395,3210,3260,3626100,3260
2010-05-12,3300,3340,3225,3235,2507600,3235
2010-05-13,3250,3325,3215,3265,3249300,3265
2010-05-14,3205,3245,3155,3190,3148100,3190
2010-05-17,3150,3180,3100,3145,2351800,3145
2010-05-18,3170,3205,3110,3160,1879700,3160
2010-05-19,3080,3160,3050,3150,2628400,3150
2010-05-20,3105,3135,3010,3040,2674500,3040
2010-05-21,2935,3040,2915,3015,3264300,3015
2010-05-24,3045,3045,2966,3020,1964200,3020
2010-05-25,2971,2990,2887,2919,2784200,2919
2010-05-26,2995,2999,2914,2938,1875800,2938
2010-05-27,2930,3030,2916,3020,1870800,3020
2010-05-28,3090,3095,3025,3070,2146400,3070
2010-05-31,3040,3060,2992,3000,2408700,3000
2010-06-01,2994,2994,2929,2955,1435400,2955
2010-06-02,2917,2958,2865,2883,1947300,2883
2010-06-03,2948,3040,2940,3030,1950600,3030
2010-06-04,3050,3070,3000,3025,1597400,3025
2010-06-07,2906,2919,2854,2856,2753800,2856
2010-06-08,2839,2854,2811,2825,2036000,2825
2010-06-09,2800,2815,2707,2752,2448600,2752
2010-06-10,2764,2803,2735,2799,1243200,2799
2010-06-11,2890,2915,2839,2849,4811800,2849
2010-06-14,2899,2914,2878,2890,1241200,2890
2010-06-15,2842,2891,2840,2855,1707800,2855
2010-06-16,2902,2968,2901,2936,2627700,2936
2010-06-17,2925,2988,2895,2900,2601000,2900
2010-06-18,2962,2994,2928,2960,3929200,2960
2010-06-21,3010,3115,3000,3085,2218500,3085
2010-06-22,3050,3085,3050,3055,1634200,3055
2010-06-23,2990,2990,2938,2970,1804000,2970
2010-06-24,2950,2987,2911,2957,1379000,2957
2010-06-25,2905,2918,2865,2889,1285900,2889
2010-06-28,2902,2908,2842,2862,823400,2862
2010-06-29,2874,2903,2807,2822,1186400,2822
2010-06-30,2735,2748,2717,2737,1689400,2737
2010-07-01,2709,2720,2651,2678,1682600,2678
2010-07-02,2685,2708,2656,2683,1096400,2683
2010-07-05,2697,2725,2694,2706,772800,2706
2010-07-06,2656,2780,2650,2768,1698200,2768
2010-07-07,2765,2833,2762,2830,3024800,2830
2010-07-08,2902,2957,2895,2957,2471900,2957
2010-07-09,3000,3040,2960,3015,2961200,3015
2010-07-12,3005,3070,2995,3030,1376800,3030
2010-07-13,3040,3075,3015,3040,1780700,3040
2010-07-14,3090,3120,3080,3110,1521200,3110
2010-07-15,3060,3080,3035,3040,1355300,3040
2010-07-16,3030,3035,2945,2954,1694000,2954
2010-07-20,2909,2965,2894,2919,1362400,2919
2010-07-21,3000,3025,2952,2986,1819700,2986
2010-07-22,2940,2965,2904,2933,1901900,2933
2010-07-23,3000,3075,2984,3055,1687600,3055
2010-07-26,3105,3135,3085,3120,1458100,3120
2010-07-27,3100,3235,3100,3210,2751600,3210
2010-07-28,3270,3320,3255,3315,2810000,3315
2010-07-29,3265,3280,3195,3205,1770500,3205
2010-07-30,3210,3225,3150,3205,1904300,3205
2010-08-02,3200,3245,3175,3195,951700,3195
2010-08-03,3270,3275,3205,3265,1181300,3265
2010-08-04,3210,3215,3130,3130,2098200,3130
2010-08-05,3205,3250,3180,3250,1807100,3250
2010-08-06,3195,3255,3180,3235,1531600,3235
2010-08-09,3200,3225,3195,3215,1075600,3215
2010-08-10,3225,3240,3165,3195,1332400,3195
2010-08-11,3125,3140,3035,3045,1912500,3045
2010-08-12,2975,3045,2970,3035,2125300,3035
2010-08-13,3020,3060,3015,3030,1848700,3030
2010-08-16,2993,3030,2959,3025,1126500,3025
2010-08-17,2975,3015,2964,2984,1542800,2984
2010-08-18,3040,3080,3020,3065,1340200,3065
2010-08-19,3055,3175,3055,3165,1938500,3165
2010-08-20,3095,3140,3090,3095,1417500,3095
2010-08-23,3090,3090,3000,3010,1568400,3010
2010-08-24,2992,2993,2902,2909,2612600,2909
2010-08-25,2894,2895,2806,2837,1985700,2837
2010-08-26,2874,2889,2831,2874,1388800,2874
2010-08-27,2843,2967,2843,2955,1690500,2955
2010-08-30,3020,3055,2970,2995,1613200,2995
2010-08-31,2942,2944,2855,2862,1732800,2862
2010-09-01,2879,2928,2852,2917,1455600,2917
2010-09-02,2991,2996,2899,2953,1216000,2953
2010-09-03,2970,2986,2951,2971,788500,2971
2010-09-06,3010,3070,3000,3065,1097700,3065
2010-09-07,3035,3075,3025,3035,882100,3035
2010-09-08,2965,2979,2901,2927,2002700,2927
2010-09-09,2971,2980,2939,2946,936200,2946
2010-09-10,2947,3005,2934,2952,2923700,2952
2010-09-13,2980,3035,2973,3010,1239700,3010
2010-09-14,2996,3010,2965,2998,1280200,2998
2010-09-15,2975,3180,2946,3115,2320800,3115
2010-09-16,3145,3160,3080,3110,1310000,3110
2010-09-17,3165,3180,3135,3170,1658200,3170
2010-09-21,3185,3195,3085,3090,1326100,3090
2010-09-22,3080,3090,3055,3065,862200,3065
2010-09-24,3020,3095,2998,3050,1615400,3050
2010-09-27,3075,3105,3050,3090,1144600,3090
2010-09-28,3080,3085,3020,3020,991100,3020
2010-09-29,3075,3130,3060,3095,1678200,3095
2010-09-30,3115,3230,3110,3140,4550000,3140
2010-10-01,3160,3195,3105,3115,2843100,3115
2010-10-04,3070,3105,2995,3075,2746400,3075
2010-10-05,3075,3120,3030,3095,2409500,3095
2010-10-06,3095,3125,3060,3110,1790300,3110
2010-10-07,3090,3105,3060,3070,1234100,3070
2010-10-08,3075,3075,3005,3005,1765700,3005
2010-10-12,3040,3045,2919,2929,3108400,2929
2010-10-13,2930,2972,2906,2940,2323300,2940
2010-10-14,2968,3030,2928,3005,2240200,3005
2010-10-15,2975,2982,2924,2939,2139300,2939
2010-10-18,2889,2921,2845,2873,2984800,2873
2010-10-19,2849,2891,2843,2870,1831300,2870
2010-10-20,2820,2849,2805,2839,1791100,2839
2010-10-21,2859,2870,2817,2834,1595400,2834
2010-10-22,2842,2873,2824,2851,1152400,2851
2010-10-25,2846,2904,2834,2887,2004000,2887
2010-10-26,2880,2920,2880,2890,1841500,2890
2010-10-27,2896,2907,2857,2872,1493200,2872
2010-10-28,2857,2874,2832,2832,1814200,2832
2010-10-29,2832,2838,2765,2801,1587800,2801
2010-11-01,2800,2878,2797,2806,1175900,2806
2010-11-02,2781,2808,2780,2791,985500,2791
2010-11-04,2855,2874,2846,2869,1396700,2869
2010-11-05,2919,3010,2912,2992,2175300,2992
2010-11-08,2995,3025,2988,3010,1193800,3010
2010-11-09,2971,2992,2947,2972,1628400,2972
2010-11-10,2977,2997,2875,2900,3431900,2900
2010-11-11,2911,2917,2870,2899,2512700,2899
2010-11-12,2889,2889,2840,2855,2460200,2855
2010-11-15,2856,2909,2851,2904,1462600,2904
2010-11-16,2934,2945,2878,2890,1348500,2890
2010-11-17,2840,2891,2830,2891,1434300,2891
2010-11-18,2899,2945,2891,2941,1580400,2941
2010-11-19,2967,2978,2955,2965,1867200,2965
2010-11-22,2976,2990,2970,2970,1194700,2970
2010-11-24,2910,2934,2890,2923,982000,2923
2010-11-25,2946,3030,2924,3020,1761400,3020
2010-11-26,2991,3050,2991,3010,1059400,3010
2010-11-29,3040,3070,3005,3035,1092100,3035
2010-11-30,3040,3080,2985,3005,1936600,3005
2010-12-01,2991,3030,2971,3030,953200,3030
2010-12-02,3090,3090,3065,3085,1045700,3085
2010-12-03,3120,3135,3075,3085,877700,3085
2010-12-06,3085,3110,3070,3110,849300,3110
2010-12-07,3090,3095,2975,2993,3792900,2993
2010-12-08,2943,2944,2868,2873,7811900,2873
2010-12-09,2920,2940,2905,2924,2826100,2924
2010-12-10,2954,2958,2876,2876,5396700,2876
2010-12-13,2880,2906,2880,2901,1350700,2901
2010-12-14,2907,2924,2887,2904,1674200,2904
2010-12-15,2926,2927,2904,2915,1068000,2915
2010-12-16,2920,2922,2888,2893,1523900,2893
2010-12-17,2913,2917,2888,2902,1614100,2902
2010-12-20,2898,2917,2856,2875,1241100,2875
2010-12-21,2898,2918,2888,2913,1127300,2913
2010-12-22,2918,2935,2902,2919,1392900,2919
2010-12-24,2895,2908,2882,2891,781600,2891
2010-12-27,2886,2920,2885,2912,530900,2912
2010-12-28,2902,2914,2895,2903,457000,2903
2010-12-29,2898,2913,2898,2907,457400,2907
2010-12-30,2903,2917,2871,2880,954100,2880
2011-01-04,2917,2927,2891,2921,943700,2921
2011-01-05,2910,2929,2905,2928,725300,2928
2011-01-06,2960,2980,2952,2967,1784900,2967
2011-01-07,2957,2978,2932,2977,1251600,2977
2011-01-11,2970,2986,2954,2958,1106400,2958
2011-01-12,2966,2972,2938,2945,940700,2945
2011-01-13,2978,2978,2936,2960,1013500,2960
2011-01-14,2918,2975,2871,2891,3216500,2891
2011-01-17,2909,2909,2885,2892,893500,2892
2011-01-18,2880,2905,2874,2880,1290700,2880
2011-01-19,2907,2909,2889,2907,894500,2907
2011-01-20,2888,2897,2874,2882,759400,2882
2011-01-21,2898,2899,2843,2848,1610000,2848
2011-01-24,2848,2894,2844,2888,995900,2888
2011-01-25,2899,2916,2868,2909,1248400,2909
2011-01-26,2900,2925,2892,2896,913100,2896
2011-01-27,2930,2935,2893,2901,903400,2901
2011-01-28,2890,2897,2851,2870,1044200,2870
2011-01-31,2840,2851,2822,2836,1012800,2836
2011-02-01,2837,2855,2823,2851,829900,2851
2011-02-02,2874,2899,2868,2881,968400,2881
2011-02-03,2867,2877,2853,2873,864700,2873
2011-02-04,2880,2929,2878,2912,1382500,2912
2011-02-07,2941,2942,2915,2919,782000,2919
2011-02-08,2936,2937,2921,2929,953200,2929
2011-02-09,2842,2857,2809,2837,4292500,2837
2011-02-10,2837,2837,2808,2820,2298200,2820
2011-02-14,2837,2837,2811,2827,1751300,2827
2011-02-15,2827,2827,2809,2815,1416400,2815
2011-02-16,2808,2810,2775,2782,2785600,2782
2011-02-17,2796,2826,2789,2820,1987100,2820
2011-02-18,2819,2824,2807,2812,1267000,2812
2011-02-21,2813,2837,2807,2834,1349300,2834
2011-02-22,2812,2819,2791,2804,1256500,2804
2011-02-23,2783,2812,2780,2797,1157500,2797
2011-02-24,2780,2818,2780,2787,1421600,2787
2011-02-25,2781,2794,2742,2758,1555500,2758
2011-02-28,2745,2766,2706,2762,1877000,2762
2011-03-01,2776,2798,2757,2798,1488500,2798
2011-03-02,2757,2762,2711,2711,1372300,2711
2011-03-03,2720,2752,2720,2744,1022700,2744
2011-03-04,2790,2791,2734,2735,1620900,2735
2011-03-07,2720,2724,2674,2677,1745100,2677
2011-03-08,2675,2723,2675,2688,1444900,2688
2011-03-09,2718,2720,2685,2695,807300,2695
2011-03-10,2693,2697,2676,2697,1095900,2697
2011-03-11,2696,2774,2690,2717,5678600,2717
2011-03-14,2588,2716,2555,2577,3486500,2577
2011-03-15,2480,2499,2077,2199,3822000,2199
2011-03-16,2290,2397,2205,2290,4398700,2290
2011-03-17,2106,2265,2080,2205,6586900,2205
2011-03-18,2340,2457,2330,2397,4249000,2397
2011-03-22,2485,2517,2456,2476,2525000,2476
2011-03-23,2450,2484,2401,2456,2626100,2456
2011-03-24,2459,2480,2419,2434,1352100,2434
2011-03-25,2485,2513,2465,2491,1740500,2491
2011-03-28,2497,2502,2405,2429,2077900,2429
2011-03-29,2412,2461,2396,2437,1923200,2437
2011-03-30,2470,2517,2450,2513,1562300,2513
2011-03-31,2496,2506,2457,2491,1125400,2491
2011-04-01,2640,2656,2581,2585,3498700,2585
2011-04-04,2621,2637,2609,2623,2151200,2623
2011-04-05,2630,2638,2585,2608,2480600,2608
2011-04-06,2608,2615,2519,2558,2129400,2558
2011-04-07,2572,2615,2561,2576,1288500,2576
2011-04-08,2543,2576,2496,2557,4115900,2557
2011-04-11,2560,2570,2500,2536,2575800,2536
2011-04-12,2520,2520,2435,2460,2763200,2460
2011-04-13,2459,2483,2440,2476,1346200,2476
2011-04-14,2442,2464,2423,2459,1513200,2459
2011-04-15,2454,2467,2442,2452,1707500,2452
2011-04-18,2430,2442,2402,2402,1247600,2402
2011-04-19,2380,2385,2334,2361,1500800,2361
2011-04-20,2405,2435,2390,2428,1508100,2428
2011-04-21,2465,2499,2436,2482,1585400,2482
2011-04-22,2494,2494,2456,2467,1205700,2467
2011-04-25,2499,2507,2455,2463,665800,2463
2011-04-26,2438,2449,2400,2406,870500,2406
2011-04-27,2436,2478,2430,2442,1063000,2442
2011-04-28,2486,2570,2475,2566,2770900,2566
2011-05-02,2632,2650,2605,2631,1695700,2631
2011-05-06,2575,2628,2547,2610,2035000,2610
2011-05-09,2610,2613,2565,2602,2643400,2602
2011-05-10,2610,2628,2575,2592,1326400,2592
2011-05-11,2620,2620,2597,2616,1271800,2616
2011-05-12,2646,2734,2630,2709,3259500,2709
2011-05-13,2734,2746,2676,2722,3484100,2722
2011-05-16,2672,2714,2671,2691,1410800,2691
2011-05-17,2675,2730,2650,2717,2078500,2717
2011-05-18,2722,2724,2687,2716,1257400,2716
2011-05-19,2706,2735,2695,2699,1083500,2699
2011-05-20,2700,2738,2692,2728,1040500,2728
2011-05-23,2706,2713,2660,2663,1457900,2663
2011-05-24,2640,2663,2606,2649,1767100,2649
2011-05-25,2675,2688,2626,2631,1219600,2631
2011-05-26,2678,2688,2665,2673,1746200,2673
2011-05-27,2654,2684,2639,2655,1040300,2655
2011-05-30,2635,2661,2629,2642,891500,2642
2011-05-31,2626,2714,2625,2706,1358900,2706
2011-06-01,2705,2744,2690,2741,1835700,2741
2011-06-02,2711,2773,2692,2753,2726200,2753
2011-06-03,2753,2775,2735,2739,1641800,2739
2011-06-06,2740,2751,2729,2735,1437800,2735
2011-06-07,2736,2750,2704,2737,1322700,2737
2011-06-08,2735,2755,2713,2753,1161800,2753
2011-06-09,2754,2860,2751,2848,3530700,2848
2011-06-10,2874,2901,2816,2826,4789500,2826
2011-06-13,2804,2888,2791,2885,1771800,2885
2011-06-14,2886,2924,2878,2924,1852200,2924
2011-06-15,2913,2918,2863,2885,2135800,2885
2011-06-16,2841,2861,2764,2785,4125200,2785
2011-06-17,2813,2813,2742,2760,2249200,2760
2011-06-20,2760,2796,2740,2778,1318300,2778
2011-06-21,2779,2836,2766,2833,1353700,2833
2011-06-22,2872,2915,2865,2907,2372600,2907
2011-06-23,2900,2937,2892,2924,1757200,2924
2011-06-24,2917,2947,2903,2943,1729100,2943
2011-06-27,2914,2927,2873,2874,1529300,2874
2011-06-28,2910,2914,2859,2874,1917300,2874
2011-06-29,2898,2908,2865,2878,1800300,2878
2011-06-30,2875,2876,2831,2838,2728700,2838
2011-07-01,2862,2872,2841,2850,1462100,2850
2011-07-04,2890,2893,2857,2879,1135600,2879
2011-07-05,2858,2869,2833,2846,1318300,2846
2011-07-06,2847,2859,2806,2859,1673000,2859
2011-07-07,2860,2863,2812,2850,2546800,2850
2011-07-08,2901,2936,2893,2913,2847600,2913
2011-07-11,2892,2923,2885,2895,1249200,2895
2011-07-12,2845,2866,2838,2848,1212100,2848
2011-07-13,2826,2837,2813,2836,1339400,2836
2011-07-14,2811,2821,2777,2783,1708400,2783
2011-07-15,2756,2793,2756,2789,1724600,2789
2011-07-19,2750,2754,2717,2723,2179100,2723
2011-07-20,2762,2778,2739,2748,1721500,2748
2011-07-21,2748,2759,2721,2733,1339100,2733
2011-07-22,2764,2796,2762,2793,1382800,2793
2011-07-25,2798,2799,2772,2776,892200,2776
2011-07-26,2778,2807,2776,2795,955100,2795
2011-07-27,2775,2795,2757,2793,1059800,2793
2011-07-28,2750,2763,2714,2736,1085800,2736
2011-07-29,2738,2753,2719,2739,1103500,2739
2011-08-01,2768,2834,2768,2815,1721100,2815
2011-08-02,2776,2777,2744,2764,1020700,2764
2011-08-03,2723,2737,2709,2722,1434200,2722
2011-08-04,2737,2786,2714,2718,1505300,2718
2011-08-05,2573,2637,2536,2610,1861800,2610
2011-08-08,2560,2587,2517,2532,1731200,2532
2011-08-09,2532,2538,2452,2506,2943800,2506
2011-08-10,2566,2580,2466,2474,2324400,2474
2011-08-11,2424,2432,2392,2428,2393300,2428
2011-08-12,2440,2451,2413,2425,2047100,2425
2011-08-15,2450,2463,2427,2442,1463100,2442
2011-08-16,2471,2479,2446,2457,1268400,2457
2011-08-17,2428,2440,2377,2378,2279400,2378
2011-08-18,2366,2374,2301,2308,2159000,2308
2011-08-19,2251,2302,2241,2274,1792200,2274
2011-08-22,2250,2320,2248,2264,1682000,2264
2011-08-23,2296,2316,2279,2313,1979400,2313
2011-08-24,2356,2364,2289,2291,1423900,2291
2011-08-25,2341,2369,2328,2336,1444400,2336
2011-08-26,2346,2403,2346,2387,1418200,2387
2011-08-29,2388,2406,2344,2374,1306900,2374
2011-08-30,2424,2451,2424,2438,1813500,2438
2011-08-31,2433,2444,2390,2400,1246100,2400
2011-09-01,2444,2445,2400,2412,1819500,2412
2011-09-02,2392,2405,2346,2349,2200300,2349
2011-09-05,2330,2330,2285,2293,2294300,2293
2011-09-06,2250,2252,2200,2205,2611500,2205
2011-09-07,2233,2245,2215,2232,2031000,2232
2011-09-08,2258,2265,2171,2183,1982700,2183
2011-09-09,2164,2171,2104,2109,4344100,2109
2011-09-12,2080,2108,2070,2077,1606400,2077
2011-09-13,2078,2179,2072,2171,2596300,2171
2011-09-14,2146,2157,2078,2090,3180500,2090
2011-09-15,2100,2130,2072,2094,3204300,2094
2011-09-16,2123,2183,2122,2144,2562000,2144
2011-09-20,2091,2143,2090,2122,1498900,2122
2011-09-21,2135,2159,2118,2140,992400,2140
2011-09-22,2113,2127,2084,2119,2083400,2119
2011-09-26,2119,2119,2063,2098,2362000,2098
2011-09-27,2148,2181,2136,2181,1740800,2181
2011-09-28,2250,2294,2235,2243,2719100,2243
2011-09-29,2200,2259,2175,2258,2345700,2258
2011-09-30,2258,2268,2218,2236,2087000,2236
2011-10-03,2143,2148,2092,2135,2372400,2135
2011-10-04,2069,2086,2043,2071,2590600,2071
2011-10-05,2072,2099,2024,2033,2787500,2033
2011-10-06,2069,2090,2034,2051,1717000,2051
2011-10-07,2084,2121,2080,2116,2424400,2116
2011-10-11,2216,2220,2180,2193,1981100,2193
2011-10-12,2190,2229,2163,2219,1635300,2219
2011-10-13,2246,2262,2225,2236,1659500,2236
2011-10-14,2233,2234,2159,2165,2557400,2165
2011-10-17,2238,2288,2216,2264,1972400,2264
2011-10-18,2222,2245,2188,2242,1010000,2242
2011-10-19,2225,2241,2201,2212,1456000,2212
2011-10-20,2210,2211,2095,2137,2509400,2137
2011-10-21,2138,2172,2120,2130,1271600,2130
2011-10-24,2170,2213,2157,2191,1326100,2191
2011-10-25,2215,2215,2170,2199,973800,2199
2011-10-26,2200,2255,2163,2239,1511400,2239
2011-10-27,2225,2277,2184,2275,1403900,2275
2011-10-28,2340,2367,2323,2355,3503100,2355
2011-10-31,2356,2420,2354,2361,1965500,2361
2011-11-01,2317,2361,2284,2298,1918700,2298
2011-11-02,2265,2295,2240,2259,1522400,2259
2011-11-04,2360,2372,2339,2364,1786500,2364
2011-11-07,2327,2359,2321,2340,1091300,2340
2011-11-08,2355,2364,2301,2309,1002700,2309
2011-11-09,2360,2377,2241,2269,2777500,2269
2011-11-10,2222,2228,2161,2189,2156500,2189
2011-11-11,2209,2245,2183,2221,1390000,2221
2011-11-14,2256,2270,2223,2243,961600,2243
2011-11-15,2206,2221,2193,2217,848100,2217
2011-11-16,2213,2218,2158,2163,1077700,2163
2011-11-17,2159,2204,2152,2185,915100,2185
2011-11-18,2143,2153,2117,2140,1442300,2140
2011-11-21,2141,2164,2138,2160,804800,2160
2011-11-22,2134,2166,2106,2144,1067800,2144
2011-11-24,2098,2141,2082,2130,1372000,2130
2011-11-25,2144,2145,2106,2117,1402600,2117
2011-11-28,2167,2244,2166,2243,1892600,2243
2011-11-29,2262,2278,2240,2278,1040900,2278
2011-11-30,2235,2257,2190,2218,1188000,2218
2011-12-01,2318,2336,2290,2309,2063300,2309
2011-12-02,2340,2347,2314,2338,1499600,2338
2011-12-05,2341,2371,2335,2343,1233500,2343
2011-12-06,2310,2323,2287,2296,1329600,2296
2011-12-07,2297,2299,2265,2285,1728000,2285
2011-12-08,2257,2296,2252,2289,1468900,2289
2011-12-09,2221,2251,2214,2241,4503600,2241
2011-12-12,2274,2280,2260,2261,1044700,2261
2011-12-13,2215,2232,2203,2216,1260200,2216
2011-12-14,2185,2212,2158,2195,1594800,2195
2011-12-15,2166,2166,2126,2133,1585000,2133
2011-12-16,2135,2162,2119,2128,1293800,2128
2011-12-19,2120,2128,2085,2099,1007400,2099
2011-12-20,2100,2113,2091,2102,704000,2102
2011-12-21,2133,2150,2112,2121,1120000,2121
2011-12-22,2100,2106,2069,2081,1521600,2081
2011-12-26,2100,2112,2073,2084,1198400,2084
2011-12-27,2088,2102,2080,2089,734800,2089
2011-12-28,2090,2107,2084,2089,1001900,2089
2011-12-29,2065,2089,2045,2085,978600,2085
2011-12-30,2087,2111,2082,2108,793000,2108
2012-01-04,2141,2147,2118,2126,908100,2126
2012-01-05,2120,2120,2093,2107,1280300,2107
2012-01-06,2085,2091,2029,2049,2084100,2049
2012-01-10,2050,2050,1997,2005,2557300,2005
2012-01-11,2014,2020,1984,1996,2272600,1996
2012-01-12,2000,2012,1988,1995,1403100,1995
2012-01-13,2010,2039,2006,2024,2734300,2024
2012-01-16,2020,2048,2006,2045,2190300,2045
2012-01-17,2061,2073,2048,2068,1536200,2068
2012-01-18,2051,2144,2045,2128,2867900,2128
2012-01-19,2170,2250,2168,2226,3846100,2226
2012-01-20,2248,2282,2240,2252,3002200,2252
2012-01-23,2235,2244,2222,2232,1113200,2232
2012-01-24,2236,2238,2175,2196,1802200,2196
2012-01-25,2244,2273,2222,2252,2041300,2252
2012-01-26,2274,2284,2236,2239,848300,2239
2012-01-27,2253,2266,2219,2226,1385100,2226
2012-01-30,2213,2219,2193,2197,1029300,2197
2012-01-31,2196,2237,2178,2210,1425800,2210
2012-02-01,2194,2221,2180,2200,1066300,2200
2012-02-02,2240,2243,2207,2215,1004100,2215
2012-02-03,2213,2228,2192,2203,1033500,2203
2012-02-06,2225,2248,2212,2227,1834300,2227
2012-02-07,2206,2212,2173,2191,2293300,2191
2012-02-08,2214,2225,2179,2217,1657500,2217
2012-02-09,2145,2187,2130,2171,4062800,2171
2012-02-10,2162,2163,2102,2125,3817200,2125
2012-02-13,2126,2164,2121,2136,1414800,2136
2012-02-14,2152,2163,2140,2153,1970700,2153
2012-02-15,2174,2277,2173,2258,3332200,2258
2012-02-16,2250,2297,2226,2234,2017000,2234
2012-02-17,2330,2332,2283,2322,2427700,2322
2012-02-20,2400,2435,2374,2375,2003400,2375
2012-02-21,2363,2390,2326,2337,2150300,2337
2012-02-22,2333,2389,2329,2389,2310000,2389
2012-02-23,2373,2384,2345,2379,1673100,2379
2012-02-24,2380,2385,2345,2379,1971700,2379
2012-02-27,2429,2451,2404,2409,1722200,2409
2012-02-28,2383,2436,2356,2432,1653100,2432
2012-02-29,2437,2462,2401,2410,1466700,2410
2012-03-01,2428,2443,2358,2373,2019100,2373
2012-03-02,2372,2372,2312,2325,3015600,2325
2012-03-05,2311,2328,2258,2264,2857800,2264
2012-03-06,2275,2285,2231,2240,2514200,2240
2012-03-07,2190,2248,2189,2245,1846700,2245
2012-03-08,2270,2275,2243,2270,1388500,2270
2012-03-09,2200,2258,2152,2228,15065100,2228
2012-03-12,2178,2195,2128,2130,6542800,2130
2012-03-13,2138,2205,2137,2152,5908300,2152
2012-03-14,2202,2218,2180,2208,4309000,2208
2012-03-15,2233,2238,2208,2231,2480200,2231
2012-03-16,2238,2244,2206,2242,2621800,2242
2012-03-19,2246,2254,2229,2232,1445200,2232
2012-03-21,2221,2233,2212,2225,1640900,2225
2012-03-22,2207,2249,2206,2233,1945200,2233
2012-03-23,2211,2221,2199,2205,1818800,2205
2012-03-26,2221,2229,2205,2223,2172800,2223
2012-03-27,2251,2252,2216,2238,1608100,2238
2012-03-28,2225,2280,2212,2263,1635400,2263
2012-03-29,2276,2297,2229,2246,1369600,2246
2012-03-30,2249,2264,2220,2253,1909200,2253
2012-04-02,2294,2340,2273,2319,3528300,2319
2012-04-03,2334,2344,2297,2306,1794900,2306
2012-04-04,2352,2364,2268,2275,3431900,2275
2012-04-05,2251,2293,2231,2288,2610900,2288
2012-04-06,2267,2267,2230,2246,2040900,2246
2012-04-09,2196,2199,2166,2169,1825000,2169
2012-04-10,2184,2192,2155,2163,1522000,2163
2012-04-11,2125,2137,2106,2127,2431500,2127
2012-04-12,2131,2143,2108,2134,1428400,2134
2012-04-13,2142,2160,2124,2133,2925100,2133
2012-04-16,2123,2142,2106,2107,1119500,2107
2012-04-17,2108,2144,2103,2125,1178100,2125
2012-04-18,2145,2163,2133,2155,1562800,2155
2012-04-19,2130,2136,2104,2109,2063900,2109
2012-04-20,2108,2128,2092,2109,1657700,2109
2012-04-23,2117,2129,2102,2114,909100,2114
2012-04-24,2099,2099,2063,2066,1910500,2066
2012-04-25,2099,2122,2085,2101,1478300,2101
2012-04-26,2133,2138,2119,2127,1153600,2127
2012-04-27,2136,2165,2107,2124,2111300,2124
2012-05-01,2107,2121,2060,2068,1099000,2068
2012-05-02,2072,2086,2049,2049,1271800,2049
2012-05-07,1999,2017,1988,1990,1845300,1990
2012-05-08,2011,2023,1999,2001,1824200,2001
2012-05-09,1992,2006,1954,1956,1715200,1956
2012-05-10,1951,1999,1951,1965,1218900,1965
2012-05-11,2086,2105,2055,2082,4494300,2082
2012-05-14,2089,2136,2086,2107,2260200,2107
2012-05-15,2071,2072,2023,2050,1903600,2050
2012-05-16,2030,2043,2005,2020,1610900,2020
2012-05-17,2031,2124,2030,2113,2724900,2113
2012-05-18,2061,2114,2051,2078,3054700,2078
2012-05-21,2079,2100,2053,2064,1383100,2064
2012-05-22,2092,2099,2055,2068,1649600,2068
2012-05-23,2067,2069,2008,2018,1544100,2018
2012-05-24,2021,2026,1972,2009,1611100,2009
2012-05-25,2027,2027,1973,1990,1246500,1990
2012-05-28,2000,2004,1970,1988,1088100,1988
2012-05-29,1986,2022,1964,2020,1067200,2020
2012-05-30,2033,2047,2001,2028,1386200,2028
2012-05-31,1986,2025,1966,2021,1709400,2021
2012-06-01,2015,2015,1912,1919,2342600,1919
2012-06-04,1861,1869,1836,1849,2195800,1849
2012-06-05,1868,1956,1860,1949,2033300,1949
2012-06-06,1963,2015,1958,2006,1971800,2006
2012-06-07,2056,2069,2042,2058,1695600,2058
2012-06-08,2059,2063,2031,2043,3831200,2043
2012-06-11,2093,2113,2063,2100,1200800,2100
2012-06-12,2050,2080,2017,2064,1192600,2064
2012-06-13,2071,2083,2052,2059,1199100,2059
2012-06-14,2059,2077,2048,2058,1511800,2058
2012-06-15,2080,2091,2029,2035,1812800,2035
2012-06-18,2085,2105,2063,2090,1568000,2090
2012-06-19,2090,2091,2041,2052,1163400,2052
2012-06-20,2078,2107,2066,2098,1499700,2098
2012-06-21,2120,2125,2095,2099,1085300,2099
2012-06-22,2071,2097,2063,2088,818100,2088
2012-06-25,2138,2139,2093,2094,1200500,2094
2012-06-26,2090,2119,2069,2083,1212000,2083
2012-06-27,2095,2114,2076,2114,1006800,2114
2012-06-28,2130,2170,2129,2162,1553200,2162
2012-06-29,2160,2236,2149,2224,2431600,2224
2012-07-02,2238,2244,2195,2206,1081100,2206
2012-07-03,2206,2241,2205,2233,1050900,2233
2012-07-04,2245,2245,2224,2232,948000,2232
2012-07-05,2230,2242,2218,2234,595000,2234
2012-07-06,2210,2227,2181,2205,1187300,2205
2012-07-09,2186,2199,2158,2161,954300,2161
2012-07-10,2176,2198,2161,2173,1067900,2173
2012-07-11,2178,2228,2176,2228,1724800,2228
2012-07-12,2244,2244,2182,2186,1932600,2186
2012-07-13,2170,2176,2125,2136,2380600,2136
2012-07-17,2130,2130,2047,2054,2560900,2054
2012-07-18,2068,2070,2038,2044,1603600,2044
2012-07-19,2066,2089,2064,2072,1102000,2072
2012-07-20,2054,2056,2024,2036,1786700,2036
2012-07-23,2017,2031,2004,2012,1584200,2012
2012-07-24,2024,2045,2019,2040,2263500,2040
2012-07-25,2027,2034,1990,2021,1744100,2021
2012-07-26,2044,2050,2002,2041,2186600,2041
2012-07-27,2075,2109,2063,2098,1334200,2098
2012-07-30,2130,2153,2101,2128,1037400,2128
2012-07-31,2128,2167,2107,2144,1399100,2144
2012-08-01,2100,2113,2033,2051,1837800,2051
2012-08-02,2055,2092,2055,2074,1227000,2074
2012-08-03,2047,2065,2024,2055,1050800,2055
2012-08-06,2107,2118,2095,2108,964000,2108
2012-08-07,2091,2105,2075,2090,1284700,2090
2012-08-08,2050,2058,2009,2035,3724300,2035
2012-08-09,2039,2088,2039,2069,1749000,2069
2012-08-10,2048,2082,2041,2052,1001400,2052
2012-08-13,2053,2062,2045,2052,523100,2052
2012-08-14,2054,2068,2044,2052,980500,2052
2012-08-15,2048,2054,2012,2028,1077700,2028
2012-08-16,2044,2094,2042,2091,1162800,2091
2012-08-17,2091,2123,2081,2111,831000,2111
2012-08-20,2121,2139,2103,2118,582900,2118
2012-08-21,2115,2118,2090,2104,721300,2104
2012-08-22,2102,2119,2078,2116,961900,2116
2012-08-23,2113,2166,2110,2159,1929000,2159
2012-08-24,2169,2185,2145,2154,1228900,2154
2012-08-27,2184,2185,2164,2172,1327900,2172
2012-08-28,2190,2190,2137,2149,1265800,2149
2012-08-29,2001,2079,1960,2073,7881800,2073
2012-08-30,2091,2138,2090,2112,3521800,2112
2012-08-31,2087,2118,2076,2085,1702400,2085
2012-09-03,2051,2093,2012,2067,1989700,2067
2012-09-04,2044,2078,2039,2057,1455700,2057
2012-09-05,2047,2058,2019,2031,1342100,2031
2012-09-06,2022,2024,1980,1994,2219600,1994
2012-09-07,2036,2053,2012,2053,2161700,2053
2012-09-10,2026,2038,2016,2038,1115100,2038
2012-09-11,2018,2032,2005,2021,1298200,2021
2012-09-12,2034,2085,2016,2064,2144900,2064
2012-09-13,2060,2089,2052,2079,1121600,2079
2012-09-14,2096,2148,2096,2124,3211200,2124
2012-09-18,2114,2143,2097,2132,1913700,2132
2012-09-19,2142,2144,2100,2125,1361500,2125
2012-09-20,2088,2117,2065,2068,2074000,2068
2012-09-21,2081,2107,2075,2086,1268000,2086
2012-09-24,2077,2096,2021,2040,1903300,2040
2012-09-25,2021,2074,2021,2066,1192800,2066
2012-09-26,2021,2062,2020,2030,1272000,2030
2012-09-27,2021,2051,1992,2047,1029600,2047
2012-09-28,2055,2058,2009,2023,964600,2023
2012-10-01,2013,2026,1986,1998,1514100,1998
2012-10-02,1995,2010,1983,1983,1149400,1983
2012-10-03,1971,1986,1948,1958,1807700,1958
2012-10-04,1968,1990,1956,1971,1373800,1971
2012-10-05,1975,1984,1956,1975,1257100,1975
2012-10-09,1977,1977,1922,1939,1752200,1939
2012-10-10,1892,1905,1875,1889,1831400,1889
2012-10-11,1863,1935,1861,1914,1410400,1914
2012-10-12,1953,1969,1938,1954,2639600,1954
2012-10-15,1947,2015,1939,2004,1673700,2004
2012-10-16,2005,2037,2005,2030,1303600,2030
2012-10-17,2041,2044,2017,2032,1414700,2032
2012-10-18,2067,2124,2066,2117,2282900,2117
2012-10-19,2148,2210,2147,2205,5877700,2205
2012-10-22,2201,2220,2172,2210,2798600,2210
2012-10-23,2218,2236,2204,2227,1819400,2227
2012-10-24,2186,2259,2183,2229,2085500,2229
2012-10-25,2237,2263,2234,2250,2032900,2250
2012-10-26,2257,2270,2197,2203,2083700,2203
2012-10-29,2203,2248,2202,2209,1527600,2209
2012-10-30,2218,2240,2179,2183,2018100,2183
2012-10-31,2200,2230,2200,2208,1426600,2208
2012-11-01,2185,2227,2176,2223,1599400,2223
2012-11-02,2265,2292,2259,2276,1977500,2276
2012-11-05,2270,2289,2262,2279,1586000,2279
2012-11-06,2272,2297,2246,2258,1581700,2258
2012-11-07,2265,2275,2218,2242,1589200,2242
2012-11-08,2177,2285,2172,2205,3568800,2205
2012-11-09,2175,2183,2140,2165,2334500,2165
2012-11-12,2161,2205,2154,2192,1300200,2192
2012-11-13,2198,2214,2182,2194,976000,2194
2012-11-14,2195,2202,2177,2186,574200,2186
2012-11-15,2187,2282,2176,2282,1856600,2282
2012-11-16,2352,2468,2352,2460,5693900,2460
2012-11-19,2465,2484,2423,2452,2497800,2452
2012-11-20,2468,2497,2439,2489,2106300,2489
2012-11-21,2500,2505,2454,2480,1680300,2480
2012-11-22,2550,2605,2541,2605,2562100,2605
2012-11-26,2612,2648,2588,2591,2338600,2591
2012-11-27,2589,2591,2541,2558,2170800,2558
2012-11-28,2534,2553,2483,2495,2408900,2495
2012-11-29,2534,2600,2525,2581,2414800,2581
2012-11-30,2600,2607,2566,2592,2030000,2592
2012-12-03,2614,2622,2578,2597,1593200,2597
2012-12-04,2584,2603,2561,2592,1585100,2592
2012-12-05,2554,2607,2540,2585,1694600,2585
2012-12-06,2610,2688,2608,2665,3135100,2665
2012-12-07,2695,2732,2679,2715,3088600,2715
2012-12-10,2737,2738,2656,2669,1393500,2669
2012-12-11,2640,2641,2600,2628,1766400,2628
2012-12-12,2636,2647,2616,2626,1732800,2626
2012-12-13,2667,2682,2632,2640,2697200,2640
2012-12-14,2627,2745,2620,2721,5182300,2721
2012-12-17,2821,2895,2816,2871,4702200,2871
2012-12-18,2920,2940,2879,2894,3348500,2894
2012-12-19,2960,2974,2930,2952,3001700,2952
2012-12-20,2921,2958,2899,2902,3035500,2902
2012-12-21,2938,2942,2845,2858,2706000,2858
2012-12-25,2930,2931,2841,2862,2126700,2862
2012-12-26,2912,2927,2873,2927,1255900,2927
2012-12-27,2953,3000,2943,2970,1943100,2970
2012-12-28,3000,3000,2936,2942,1682100,2942
2013-01-04,3050,3060,3010,3035,1690900,3035
2013-01-07,3025,3045,2937,2945,2292300,2945
2013-01-08,2930,2939,2863,2867,2037400,2867
2013-01-09,2819,2907,2808,2885,2658800,2885
2013-01-10,2932,3020,2930,2999,2567900,2999
2013-01-11,3035,3125,3035,3110,3453100,3110
2013-01-15,3215,3310,3215,3260,3715500,3260
2013-01-16,3260,3260,3170,3185,2357200,3185
2013-01-17,3195,3210,3080,3160,2475300,3160
2013-01-18,3300,3330,3250,3315,3189900,3315
2013-01-21,3315,3325,3220,3225,1970100,3225
2013-01-22,3225,3275,3165,3215,2178900,3215
2013-01-23,3160,3230,3150,3180,1916000,3180
2013-01-24,3185,3280,3180,3270,2494600,3270
2013-01-25,3340,3350,3290,3330,2139900,3330
2013-01-28,3350,3360,3290,3310,2078500,3310
2013-01-29,3300,3360,3285,3335,2441600,3335
2013-01-30,3320,3415,3305,3415,1865900,3415
2013-01-31,3415,3500,3400,3490,1779800,3490
2013-02-01,3505,3595,3500,3575,1864800,3575
2013-02-04,3620,3630,3570,3615,1556500,3615
2013-02-05,3540,3565,3500,3530,1419000,3530
2013-02-06,3670,3825,3650,3805,2712300,3805
2013-02-07,3760,3780,3670,3705,2496000,3705
2013-02-08,3605,3680,3585,3595,2988200,3595
2013-02-12,3730,3770,3690,3705,2128200,3705
2013-02-13,3495,3565,3400,3480,3988400,3480
2013-02-14,3460,3495,3410,3455,2652000,3455
2013-02-15,3425,3445,3365,3425,1616800,3425
2013-02-18,3490,3510,3465,3490,1542100,3490
2013-02-19,3445,3550,3445,3505,1802700,3505
2013-02-20,3550,3555,3480,3490,1388600,3490
2013-02-21,3455,3470,3380,3390,1836000,3390
2013-02-22,3330,3525,3305,3515,2895700,3515
2013-02-25,3595,3595,3535,3555,1464400,3555
2013-02-26,3415,3490,3415,3430,1585400,3430
2013-02-27,3420,3435,3355,3370,1329800,3370
2013-02-28,3455,3460,3400,3435,1888000,3435
2013-03-01,3395,3550,3395,3520,1428300,3520
2013-03-04,3525,3580,3455,3475,1368800,3475
2013-03-05,3475,3535,3465,3480,1372300,3480
2013-03-06,3525,3525,3480,3515,973300,3515
2013-03-07,3570,3620,3545,3560,2058000,3560
2013-03-08,3600,3790,3595,3755,6325200,3755
2013-03-11,3825,3890,3780,3810,2786900,3810
2013-03-12,3860,3865,3805,3820,2107200,3820
2013-03-13,3785,3835,3770,3785,1118900,3785
2013-03-14,3830,3945,3800,3940,1830800,3940
2013-03-15,3995,4140,3985,4100,3689500,4100
2013-03-18,3985,4085,3970,3975,1867900,3975
2013-03-19,4050,4100,4045,4075,1558500,4075
2013-03-21,4040,4050,3925,3925,2961000,3925
2013-03-22,3880,3895,3780,3795,2605500,3795
2013-03-25,3775,3830,3745,3750,2672400,3750
2013-03-26,3715,3780,3685,3745,1598800,3745
2013-03-27,3725,3730,3680,3710,1813400,3710
2013-03-28,3735,3775,3670,3685,1917900,3685
2013-03-29,3690,3705,3650,3690,1501200,3690
2013-04-01,3590,3765,3550,3630,3370800,3630
2013-04-02,3570,3580,3490,3515,2419500,3515
2013-04-03,3545,3560,3490,3560,1892100,3560
2013-04-04,3490,3650,3465,3645,2512000,3645
2013-04-05,3845,3895,3760,3770,4333900,3770
2013-04-08,3930,3945,3870,3930,2344200,3930
2013-04-09,4000,4015,3940,3970,2283000,3970
2013-04-10,3980,4005,3955,3995,2152500,3995
2013-04-11,4000,4020,3915,3975,2443000,3975
2013-04-12,3990,3990,3825,3860,3260900,3860
2013-04-15,3830,3905,3810,3830,1949800,3830
2013-04-16,3770,3900,3750,3875,2003900,3875
2013-04-17,3900,3905,3850,3885,1740200,3885
2013-04-18,3835,3870,3780,3835,1890200,3835
2013-04-19,3830,3865,3775,3835,1410100,3835
2013-04-22,3905,3940,3865,3915,1653800,3915
2013-04-23,3895,3925,3825,3850,1256400,3850
2013-04-24,3920,3935,3895,3935,1090600,3935
2013-04-25,3970,3985,3945,3960,1301200,3960
2013-04-26,3985,3985,3910,3915,1409400,3915
2013-04-30,3915,3940,3850,3910,1017400,3910
2013-05-01,3910,3920,3835,3840,919500,3840
2013-05-02,3780,3805,3730,3760,1699800,3760
2013-05-07,3940,3975,3890,3965,1876900,3965
2013-05-08,3995,4025,3940,3995,2242200,3995
2013-05-09,4110,4300,4095,4235,3742800,4235
2013-05-10,4425,4440,4355,4400,2626700,4400
2013-05-13,4460,4475,4380,4395,1445000,4395
2013-05-14,4400,4410,4310,4330,1232600,4330
2013-05-15,4400,4450,4400,4410,1658800,4410
2013-05-16,4430,4450,4400,4450,1752200,4450
2013-05-17,4400,4510,4350,4505,1597400,4505
2013-05-20,4580,4720,4545,4680,1526100,4680
2013-05-21,4705,4940,4705,4930,2412600,4930
2013-05-22,4995,5140,4975,5040,2787500,5040
2013-05-23,5000,5190,4620,4640,4128500,4640
2013-05-24,4800,4920,4495,4700,3056800,4700
2013-05-27,4490,4585,4430,4445,1747400,4445
2013-05-28,4380,4530,4345,4515,1426700,4515
2013-05-29,4620,4640,4470,4480,1788300,4480
2013-05-30,4410,4510,4285,4330,2412300,4330
2013-05-31,4400,4545,4385,4500,2600400,4500
2013-06-03,4430,4585,4400,4465,2511400,4465
2013-06-04,4385,4490,4240,4470,2310900,4470
2013-06-05,4500,4570,4315,4320,1776800,4320
2013-06-06,4280,4370,4180,4220,1676000,4220
2013-06-07,4150,4265,4080,4110,2561100,4110
2013-06-10,4260,4365,4220,4335,2532400,4335
2013-06-11,4405,4560,4395,4510,2707400,4510
2013-06-12,4440,4490,4365,4470,1552700,4470
2013-06-13,4360,4380,4170,4210,2729200,4210
2013-06-14,4255,4415,4255,4345,3675200,4345
2013-06-17,4205,4355,4165,4350,1832300,4350
2013-06-18,4350,4425,4340,4370,1468200,4370
2013-06-19,4410,4420,4205,4260,2543000,4260
2013-06-20,4210,4335,4200,4280,2586600,4280
2013-06-21,4115,4310,4080,4260,4019500,4260
2013-06-24,4265,4300,3955,3980,4502400,3980
2013-06-25,3850,3935,3735,3830,6136200,3830
2013-06-26,3935,3955,3775,3790,2392100,3790
2013-06-27,3860,3905,3850,3895,2860300,3895
2013-06-28,3925,4025,3925,4010,2534500,4010
2013-07-01,4075,4195,4040,4195,2603200,4195
2013-07-02,4260,4350,4235,4330,2255400,4330
2013-07-03,4410,4410,4260,4305,1859500,4305
2013-07-04,4265,4330,4220,4275,1172300,4275
2013-07-05,4335,4365,4305,4325,1355800,4325
2013-07-08,4405,4450,4295,4295,1822900,4295
2013-07-09,4355,4420,4320,4420,1911400,4420
2013-07-10,4435,4475,4370,4415,1578400,4415
2013-07-11,4400,4515,4380,4500,1675200,4500
2013-07-12,4505,4640,4490,4625,2267900,4625
2013-07-16,4670,4715,4655,4685,1805800,4685
2013-07-17,4645,4655,4605,4645,1741000,4645
2013-07-18,4680,4715,4660,4705,1140100,4705
2013-07-19,4715,4720,4465,4580,2294200,4580
2013-07-22,4600,4620,4380,4475,3074600,4475
2013-07-23,4410,4540,4380,4520,1640100,4520
2013-07-24,4470,4470,4390,4405,1470500,4405
2013-07-25,4425,4445,4380,4395,1613800,4395
2013-07-26,4300,4355,4205,4205,2131100,4205
2013-07-29,4100,4150,4000,4005,2174400,4005
2013-07-30,4000,4115,4000,4100,1936200,4100
2013-07-31,4075,4135,4000,4080,1589700,4080
2013-08-01,4085,4200,4075,4195,1319400,4195
2013-08-02,4270,4325,4205,4325,1352100,4325
2013-08-05,4350,4370,4275,4300,955500,4300
2013-08-06,4345,4360,4265,4340,1106200,4340
2013-08-07,4500,4675,4455,4455,4613800,4455
2013-08-08,4495,4660,4470,4520,3412100,4520
2013-08-09,4580,4650,4530,4580,2203600,4580
2013-08-12,4550,4645,4490,4605,1536500,4605
2013-08-13,4655,4695,4625,4695,1797300,4695
2013-08-14,4700,4735,4640,4735,1802000,4735
2013-08-15,4700,4725,4605,4630,1318900,4630
2013-08-16,4560,4675,4540,4615,1205100,4615
2013-08-19,4630,4665,4570,4655,880700,4655
2013-08-20,4645,4710,4550,4560,1582900,4560
2013-08-21,4595,4640,4530,4620,1144800,4620
2013-08-22,4575,4660,4540,4660,1169400,4660
2013-08-23,4760,4855,4710,4810,2267400,4810
2013-08-26,4840,4845,4720,4720,1197900,4720
2013-08-27,4660,4750,4630,4695,1183300,4695
2013-08-28,4580,4650,4550,4625,1240400,4625
2013-08-29,4600,4695,4585,4660,958800,4660
2013-08-30,4720,4765,4680,4740,2051100,4740
2013-09-02,4745,4815,4725,4800,1459800,4800
2013-09-03,4840,4875,4820,4875,1632000,4875
2013-09-04,4805,4845,4735,4840,1905900,4840
2013-09-05,4820,4895,4780,4865,1195400,4865
2013-09-06,4900,4940,4770,4795,1344500,4795
2013-09-09,4935,4935,4840,4905,847300,4905
2013-09-10,4935,5090,4930,5070,1889500,5070
2013-09-11,5180,5310,5150,5270,2301300,5270
2013-09-12,5190,5240,5090,5190,1366100,5190
2013-09-13,5200,5270,5120,5210,2971400,5210
2013-09-17,5320,5360,5200,5230,1055300,5230
2013-09-18,5330,5420,5280,5330,1203900,5330
2013-09-19,5400,5440,5350,5420,1245100,5420
2013-09-20,5420,5450,5370,5400,899600,5400
2013-09-24,5330,5560,5310,5520,1420400,5520
2013-09-25,5500,5500,5390,5390,1063600,5390
2013-09-26,5300,5470,5250,5460,1409300,5460
2013-09-27,5360,5410,5300,5340,1257200,5340
2013-09-30,5140,5320,5130,5210,1332500,5210
2013-10-01,5190,5230,5120,5130,1156900,5130
2013-10-02,5120,5170,4995,5030,2034300,5030
2013-10-03,5120,5380,5060,5270,2556300,5270
2013-10-04,5210,5210,5100,5110,1945200,5110
2013-10-07,5130,5150,4955,4970,1803800,4970
2013-10-08,4960,5140,4945,5130,1427900,5130
2013-10-09,5120,5170,5050,5150,1038500,5150
2013-10-10,5150,5200,5110,5180,888000,5180
2013-10-11,5270,5420,5250,5350,2266000,5350
2013-10-15,5440,5480,5410,5460,1178600,5460
2013-10-16,5400,5470,5390,5440,959400,5440
2013-10-17,5480,5520,5420,5470,1118400,5470
2013-10-18,5510,5700,5470,5690,2039300,5690
2013-10-21,5700,5860,5690,5810,1878700,5810
2013-10-22,5790,5800,5710,5790,824100,5790
2013-10-23,5810,5810,5600,5620,1845600,5620
2013-10-24,5590,5640,5520,5610,1501500,5610
2013-10-25,5590,5590,5420,5440,1542100,5440
2013-10-28,5510,5650,5490,5640,1069900,5640
2013-10-29,5600,5730,5570,5640,1220500,5640
2013-10-30,5680,5770,5660,5720,1313400,5720
2013-10-31,5660,5740,5610,5630,1148800,5630
2013-11-01,5620,5680,5520,5560,1111700,5560
2013-11-05,5640,5650,5530,5620,1375900,5620
2013-11-06,5700,5800,5640,5790,1647300,5790
2013-11-07,5890,6030,5820,5830,2579800,5830
2013-11-08,5730,5830,5690,5800,1476900,5800
2013-11-11,5880,5890,5750,5880,1356600,5880
2013-11-12,5890,6000,5860,6000,1856800,6000
2013-11-13,5950,5970,5870,5950,1402100,5950
2013-11-14,5970,6100,5950,6070,2120600,6070
2013-11-15,6100,6230,6090,6210,2002500,6210
2013-11-18,6290,6300,6160,6190,1293200,6190
2013-11-19,6180,6220,6110,6190,1328300,6190
2013-11-20,6190,6300,6190,6220,1173200,6220
2013-11-21,6280,6500,6270,6480,2522700,6480
2013-11-22,6570,6650,6410,6480,3138000,6480
2013-11-25,6530,6560,6480,6540,1488100,6540
2013-11-26,6540,6650,6490,6590,1377300,6590
2013-11-27,6490,6490,6360,6380,2540300,6380
2013-11-28,6470,6590,6400,6590,1968400,6590
2013-11-29,6540,6560,6420,6500,1734400,6500
2013-12-02,6500,6520,6400,6430,1238900,6430
2013-12-03,6480,6540,6410,6510,1599500,6510
2013-12-04,6390,6460,6340,6370,1603500,6370
2013-12-05,6310,6380,6260,6280,1523900,6280
2013-12-06,6220,6390,6210,6370,1412000,6370
2013-12-09,6500,6530,6470,6500,1342200,6500
2013-12-10,6450,6470,6370,6410,1385100,6410
2013-12-11,6360,6420,6310,6360,1141800,6360
2013-12-12,6350,6360,6280,6360,1150600,6360
2013-12-13,6370,6490,6340,6430,3726300,6430
2013-12-16,6410,6420,6230,6240,1254000,6240
2013-12-17,6280,6280,6110,6130,2024400,6130
2013-12-18,6110,6350,6100,6340,2157900,6340
2013-12-19,6470,6490,6400,6470,1735200,6470
2013-12-20,6400,6440,6360,6440,1178800,6440
2013-12-24,6450,6480,6370,6380,1309200,6380
2013-12-25,6350,6470,6350,6440,1382300,6440
2013-12-26,6450,6480,6420,6470,860600,6470
2013-12-27,6500,6520,6430,6490,1157900,6490
2013-12-30,6520,6570,6490,6550,1125400,6550
2014-01-06,6450,6480,6360,6380,1870000,6380
2014-01-07,6410,6440,6280,6290,1234300,6290
2014-01-08,6320,6440,6310,6430,1224800,6430
2014-01-09,6370,6380,6260,6290,1360000,6290
2014-01-10,6210,6320,6180,6260,2286700,6260
2014-01-14,6080,6130,5960,6004,2776000,6004
2014-01-15,6150,6198,6110,6190,1848500,6190
2014-01-16,6190,6280,6112,6158,2221500,6158
2014-01-17,6058,6195,6044,6185,1883700,6185
2014-01-20,6300,6335,6242,6302,1644400,6302
2014-01-21,6289,6370,6265,6288,1203300,6288
2014-01-22,6285,6399,6273,6385,1615400,6385
2014-01-23,6415,6439,6370,6378,1473900,6378
2014-01-24,6250,6260,6104,6161,2145300,6161
2014-01-27,5915,5967,5902,5935,1864600,5935
2014-01-28,6019,6113,6013,6060,1517100,6060
2014-01-29,6210,6222,6118,6218,1204300,6218
2014-01-30,6018,6039,5928,5964,1920500,5964
2014-01-31,6080,6080,5891,5956,1099600,5956
2014-02-03,5903,5917,5787,5787,968800,5787
2014-02-04,5545,5587,5431,5432,1745900,5432
2014-02-05,5536,5585,5485,5560,1572700,5560
2014-02-06,5567,5640,5542,5560,1139200,5560
2014-02-07,5650,5782,5615,5759,1340200,5759
2014-02-10,5950,5955,5851,5939,1524400,5939
2014-02-12,5949,5980,5700,5859,2842400,5859
2014-02-13,5842,5854,5672,5697,1421400,5697
2014-02-14,5668,5759,5559,5580,1955700,5580
2014-02-17,5600,5650,5542,5623,1015500,5623
2014-02-18,5696,5926,5627,5907,1783500,5907
2014-02-19,5811,5874,5757,5828,940300,5828
2014-02-20,5762,5820,5625,5635,1314500,5635
2014-02-21,5702,5811,5702,5800,1194400,5800
2014-02-24,5773,5849,5663,5752,1152700,5752
2014-02-25,5900,5978,5840,5924,1636400,5924
2014-02-26,5850,5910,5830,5862,950100,5862
2014-02-27,5842,5885,5799,5819,1017700,5819
2014-02-28,5871,5874,5782,5837,1160900,5837
2014-03-03,5712,5742,5602,5673,1123700,5673
2014-03-04,5587,5745,5586,5736,952100,5736
2014-03-05,5823,5875,5738,5747,1217000,5747
2014-03-06,5763,5845,5678,5833,1043400,5833
2014-03-07,5861,5899,5786,5841,881300,5841
2014-03-10,5809,5881,5793,5862,847100,5862
2014-03-11,5851,5878,5802,5844,795500,5844
2014-03-12,5750,5763,5605,5623,1691800,5623
2014-03-13,5604,5641,5576,5592,973600,5592
2014-03-14,5362,5432,5346,5374,3548000,5374
2014-03-17,5324,5426,5319,5374,970400,5374
2014-03-18,5492,5494,5417,5434,875100,5434
2014-03-19,5494,5494,5319,5379,1328700,5379
2014-03-20,5425,5430,5202,5203,1594600,5203
2014-03-24,5218,5286,5163,5267,1778500,5267
2014-03-25,5243,5430,5203,5314,1543900,5314
2014-03-26,5414,5474,5359,5470,1803800,5470
2014-03-27,5462,5605,5413,5566,1652300,5566
2014-03-28,5573,5657,5534,5654,1203100,5654
2014-03-31,5776,5789,5721,5782,1413800,5782
2014-04-01,5805,5972,5774,5924,2245400,5924
2014-04-02,5980,6059,5955,6015,1665800,6015
2014-04-03,6029,6099,6011,6060,1203400,6060
2014-04-04,6058,6096,6012,6059,860600,6059
2014-04-07,6004,6088,5976,6018,1022700,6018
2014-04-08,5911,6009,5880,5889,1345200,5889
2014-04-09,5823,5921,5687,5736,1572200,5736
2014-04-10,5891,5892,5744,5781,1135600,5781
2014-04-11,5564,5618,5522,5570,2561000,5570
2014-04-14,5600,5740,5559,5668,1561700,5668
2014-04-15,5808,5808,5704,5758,1207900,5758
2014-04-16,5803,5933,5788,5933,1440700,5933
2014-04-17,5970,6067,5916,6034,1660400,6034
2014-04-18,6042,6178,6042,6165,1604000,6165
2014-04-21,6157,6242,6082,6132,1154400,6132
2014-04-22,6137,6213,6050,6054,1376600,6054
2014-04-23,6100,6146,6076,6133,883000,6133
2014-04-24,6143,6189,6010,6039,844300,6039
2014-04-25,6021,6116,5981,6044,702100,6044
2014-04-28,5950,6005,5914,5994,762600,5994
2014-04-30,6021,6068,5886,5901,1436300,5901
2014-05-01,5947,6070,5932,6063,961600,6063
2014-05-02,6030,6063,5988,6035,609200,6035
2014-05-07,5867,5899,5773,5773,1425500,5773
2014-05-08,5825,5880,5801,5835,796500,5835
2014-05-09,5860,6000,5822,5878,1403700,5878
2014-05-12,5900,5984,5875,5897,789400,5897
2014-05-13,5989,6045,5965,5984,953600,5984
2014-05-14,5989,6009,5930,5981,797200,5981
2014-05-15,5932,5932,5851,5888,739800,5888
2014-05-16,5780,5799,5696,5726,1419300,5726
2014-05-19,5752,5779,5610,5630,845700,5630
2014-05-20,5681,5716,5567,5639,867100,5639
2014-05-21,5560,5625,5554,5599,1142800,5599
2014-05-22,5667,5774,5613,5759,1311200,5759
2014-05-23,5820,5932,5800,5901,1191100,5901
2014-05-26,5970,5997,5920,5967,859200,5967
2014-05-27,5967,6073,5957,6017,1123500,6017
2014-05-28,6013,6066,6001,6029,1184200,6029
2014-05-29,5982,6080,5959,6057,1183300,6057
2014-05-30,6035,6097,6009,6065,1400100,6065
2014-06-02,6100,6218,6100,6212,1415400,6212
2014-06-03,6240,6262,6173,6214,1312500,6214
2014-06-04,6280,6379,6263,6378,2200500,6378
2014-06-05,6368,6376,6321,6363,1168500,6363
2014-06-06,6388,6412,6365,6372,1084700,6372
2014-06-09,6430,6478,6430,6465,1286700,6465
2014-06-10,6460,6508,6410,6426,1319900,6426
2014-06-11,6385,6435,6332,6366,1210500,6366
2014-06-12,6300,6303,6239,6280,1356700,6280
2014-06-13,6180,6357,6174,6345,2145600,6345
2014-06-16,6329,6337,6210,6237,977800,6237
2014-06-17,6296,6378,6288,6351,1183000,6351
2014-06-18,6380,6394,6320,6385,1004100,6385
2014-06-19,6385,6534,6367,6510,1387000,6510
2014-06-20,6530,6594,6530,6573,1690000,6573
2014-06-23,6560,6626,6491,6511,1250200,6511
2014-06-24,6546,6559,6458,6519,999400,6519
2014-06-25,6540,6592,6521,6529,1252700,6529
2014-06-26,6541,6578,6421,6486,1364700,6486
2014-06-27,6510,6519,6250,6379,1282900,6379
2014-06-30,6453,6462,6315,6392,649300,6392
2014-07-01,6458,6719,6434,6680,2536800,6680
2014-07-02,6711,6808,6711,6746,1641600,6746
2014-07-03,6785,6808,6733,6804,1554800,6804
2014-07-04,6859,6910,6835,6868,1002900,6868
2014-07-07,6858,6874,6759,6794,994300,6794
2014-07-08,6717,6798,6704,6772,1067800,6772
2014-07-09,6730,6766,6693,6744,1077500,6744
2014-07-10,6738,6743,6665,6685,859400,6685
2014-07-11,6659,6726,6655,6699,1262500,6699
2014-07-14,6700,6771,6666,6751,875000,6751
2014-07-15,6785,6830,6768,6795,756200,6795
2014-07-16,6695,6759,6695,6731,792700,6731
2014-07-17,6747,6819,6746,6795,743800,6795
2014-07-18,6695,6734,6630,6719,1351700,6719
2014-07-22,6740,6874,6733,6854,1081400,6854
2014-07-23,6843,6896,6843,6879,836700,6879
2014-07-24,6900,6990,6855,6896,1492400,6896
2014-07-25,6950,7000,6919,6999,838400,6999
2014-07-28,6980,7036,6941,7028,716200,7028
2014-07-29,7050,7144,7035,7133,1130600,7133
2014-07-30,7143,7179,7110,7148,693700,7148
2014-07-31,7200,7258,7165,7180,1077400,7180
2014-08-01,7132,7190,7089,7115,1262300,7115
2014-08-04,7179,7275,7153,7253,1373600,7253
2014-08-05,7350,7373,7026,7034,2132500,7034
2014-08-06,6784,6810,6630,6708,3513500,6708
2014-08-07,6689,6706,6551,6649,2498800,6649
2014-08-08,6516,6540,6402,6486,2860200,6486
2014-08-11,6586,6633,6553,6617,1365200,6617
2014-08-12,6676,6713,6650,6684,1121700,6684
2014-08-13,6670,6704,6651,6684,864900,6684
2014-08-14,6700,6711,6668,6670,972700,6670
2014-08-15,6570,6584,6482,6531,2034300,6531
2014-08-18,6584,6628,6576,6596,969200,6596
2014-08-19,6796,6896,6770,6872,2081400,6872
2014-08-20,6886,6900,6821,6823,1107000,6823
2014-08-21,6923,6960,6889,6960,1341100,6960
2014-08-22,7000,7089,6999,7052,1680000,7052
2014-08-25,7086,7134,7061,7093,1017000,7093
2014-08-26,7066,7090,7005,7046,868700,7046
2014-08-27,7100,7169,7072,7163,1497300,7163
2014-08-28,7174,7287,7165,7258,1910200,7258
2014-08-29,7241,7255,7150,7170,1637700,7170
2014-09-01,7186,7190,7131,7142,711400,7142
2014-09-02,7190,7247,7168,7206,1308500,7206
2014-09-03,7250,7288,7195,7236,1168700,7236
2014-09-04,7206,7220,7084,7090,1293800,7090
2014-09-05,7122,7131,7018,7035,1288300,7035
2014-09-08,7096,7165,7088,7129,1007400,7129
2014-09-09,7170,7173,7094,7097,726500,7097
2014-09-10,7035,7149,7021,7145,1063700,7145
2014-09-11,7174,7220,7110,7125,1030800,7125
2014-09-12,7080,7142,7050,7137,2746200,7137
2014-09-16,7082,7136,7001,7007,1396700,7007
2014-09-17,7046,7072,6890,6906,1524000,6906
2014-09-18,7006,7020,6914,6935,1954000,6935
2014-09-19,7000,7149,6987,7090,1705300,7090
2014-09-22,7091,7097,6969,6991,1812900,6991
2014-09-24,6850,6909,6836,6875,1768300,6875
2014-09-25,6990,7062,6955,7062,1478600,7062
2014-09-26,6964,6964,6888,6932,1462500,6932
2014-09-29,6980,7064,6968,7050,1964500,7050
2014-09-30,7044,7045,6782,6798,2633200,6798
2014-10-01,6764,6785,6645,6645,2096000,6645
2014-10-02,6590,6650,6473,6480,2837500,6480
2014-10-03,6479,6581,6460,6552,2402100,6552
2014-10-06,6652,6662,6521,6597,1586900,6597
2014-10-07,6584,6596,6466,6471,1609700,6471
2014-10-08,6380,6431,6333,6408,1766800,6408
2014-10-09,6475,6527,6327,6331,1429500,6331
2014-10-10,6223,6315,6204,6304,2378600,6304
2014-10-14,6200,6201,6040,6049,2598700,6049
2014-10-15,6041,6143,5988,6138,1824300,6138
2014-10-16,6048,6104,6001,6038,1980300,6038
2014-10-17,6004,6084,5954,5962,1856400,5962
2014-10-20,6062,6284,6060,6268,1900800,6268
2014-10-21,6238,6240,6074,6089,1414800,6089
2014-10-22,6184,6249,6156,6225,1522000,6225
2014-10-23,6125,6256,6108,6187,1382200,6187
2014-10-24,6369,6369,6282,6330,1784000,6330
2014-10-27,6420,6442,6309,6341,843300,6341
2014-10-28,6320,6355,6273,6288,1310500,6288
2014-10-29,6363,6476,6344,6433,1057600,6433
2014-10-30,6525,6599,6509,6597,2319400,6597
2014-10-31,6613,6889,6612,6814,2996900,6814
2014-11-04,7154,7158,7031,7076,3373600,7076
2014-11-05,7009,7116,6978,7059,2048400,7059
2014-11-06,7099,7127,6982,7007,1682500,7007
2014-11-07,7120,7159,7100,7139,2243600,7139
2014-11-10,7148,7189,7062,7187,1283800,7187
2014-11-11,7190,7306,7157,7298,1681000,7298
2014-11-12,7266,7296,7039,7112,3523000,7112
2014-11-13,7095,7139,7020,7128,1909300,7128
2014-11-14,7203,7203,7033,7121,2557700,7121
2014-11-17,7100,7103,6865,6912,1753000,6912
2014-11-18,7048,7096,6998,7094,2049400,7094
2014-11-19,7147,7217,7100,7184,1826600,7184
2014-11-20,7250,7250,7163,7179,1236200,7179
2014-11-21,7236,7236,7082,7180,1264200,7180
2014-11-25,7295,7548,7277,7546,3399900,7546
2014-11-26,7520,7614,7503,7575,1819400,7575
2014-11-27,7546,7585,7535,7546,1458300,7546
2014-11-28,7596,7885,7595,7875,2250500,7875
2014-12-01,7880,8100,7869,8090,1844900,8090
2014-12-02,8090,8187,8059,8163,1488600,8163
2014-12-03,8197,8289,8039,8078,1908100,8078
2014-12-04,8180,8230,8028,8110,1674500,8110
2014-12-05,8128,8129,8049,8123,1271900,8123
2014-12-08,8150,8216,8061,8195,2228900,8195
2014-12-09,8050,8182,8050,8078,1574100,8078
2014-12-10,7928,7989,7834,7897,2916800,7897
2014-12-11,7700,7919,7700,7906,1162300,7906
2014-12-12,7990,8036,7875,7875,2866000,7875
2014-12-15,7700,7746,7651,7678,1432500,7678
2014-12-16,7575,7613,7500,7527,1765200,7527
2014-12-17,7553,7642,7511,7554,1522300,7554
2014-12-18,7802,7840,7662,7673,1376900,7673
2014-12-19,7960,7979,7835,7952,1584400,7952
2014-12-22,7933,7945,7857,7902,793800,7902
2014-12-24,8065,8095,8026,8069,1017700,8069
2014-12-25,8013,8047,7981,8021,641200,8021
2014-12-26,8038,8067,7988,8016,647700,8016
2014-12-29,8079,8088,7830,7951,692300,7951
2014-12-30,7975,7979,7810,7810,940300,7810
2015-01-05,7774,7876,7706,7816,916500,7816
2015-01-06,7635,7675,7530,7532,1446800,7532
2015-01-07,7452,7610,7441,7574,1372900,7574
2015-01-08,7684,7870,7672,7809,1262700,7809
2015-01-09,7856,7885,7703,7734,1258200,7734
2015-01-13,7674,7843,7634,7839,1185400,7839
2015-01-14,7779,7900,7674,7690,1175400,7690
2015-01-15,7703,7816,7672,7794,881700,7794
2015-01-16,7691,7770,7604,7721,1582000,7721
2015-01-19,7798,7815,7702,7793,1058100,7793
2015-01-20,7856,8176,7844,8126,2167500,8126
2015-01-21,7985,8036,7928,7985,1593300,7985
2015-01-22,8020,8020,7896,7960,1106600,7960
2015-01-23,8078,8185,8067,8177,1149100,8177
2015-01-26,8160,8327,8139,8314,1574600,8314
2015-01-27,8339,8439,8339,8439,1204600,8439
2015-01-28,8253,8327,8225,8267,2002600,8267
2015-01-29,8200,8228,8094,8108,1647700,8108
2015-01-30,8228,8310,8205,8275,1703800,8275
2015-02-02,8212,8271,8182,8216,915300,8216
2015-02-03,8292,8348,8103,8126,1040400,8126
2015-02-04,8146,8228,8089,8171,1356200,8171
2015-02-05,8077,8097,7895,8003,1830700,8003
2015-02-06,8120,8120,7947,8018,1363200,8018
2015-02-09,8105,8237,8098,8126,1373900,8126
2015-02-10,7772,7811,7657,7676,4379600,7676
2015-02-12,7754,7767,7571,7702,3358900,7702
2015-02-13,7591,7699,7583,7698,2018800,7698
2015-02-16,7722,7726,7641,7653,1395100,7653
2015-02-17,7600,7638,7508,7629,1846100,7629
2015-02-18,7693,7695,7605,7695,1670000,7695
2015-02-19,7697,7713,7671,7694,1269300,7694
2015-02-20,7740,7779,7714,7761,1222700,7761
2015-02-23,7859,7877,7800,7825,1317900,7825
2015-02-24,7843,7907,7821,7907,1391900,7907
2015-02-25,7925,7929,7802,7821,1361900,7821
2015-02-26,7777,7787,7721,7746,1797800,7746
2015-02-27,7790,7899,7783,7797,1903300,7797
2015-03-02,7800,7882,7765,7794,984700,7794
2015-03-03,7827,7827,7706,7747,1079300,7747
2015-03-04,7706,7710,7603,7688,1165600,7688
2015-03-05,7681,7740,7648,7727,903900,7727
2015-03-06,7750,7819,7741,7789,981600,7789
2015-03-09,7639,7685,7615,7664,1869100,7664
2015-03-10,7710,7810,7637,7667,1461900,7667
2015-03-11,7650,7726,7642,7693,975300,7693
2015-03-12,7740,7785,7692,7775,879700,7775
2015-03-13,7900,7947,7811,7916,3328900,7916
2015-03-16,7949,8050,7932,8001,1606800,8001
2015-03-17,8042,8050,7974,8017,1267800,8017
2015-03-18,8000,8017,7929,7980,955200,7980
2015-03-19,7883,7939,7804,7876,1372400,7876
2015-03-20,7943,8007,7895,7991,1007300,7991
2015-03-23,8050,8187,8031,8101,1064300,8101
2015-03-24,8051,8080,7981,7994,1061300,7994
2015-03-25,8020,8154,7971,8059,1339000,8059
2015-03-26,8027,8069,7995,8032,1308500,8032
2015-03-27,8093,8179,7888,7990,1739300,7990
2015-03-30,8053,8064,7916,7994,1124300,7994
2015-03-31,8135,8175,8046,8046,1563800,8046
2015-04-01,8058,8135,7981,7993,1884200,7993
2015-04-02,8058,8219,8058,8134,1901000,8134
2015-04-03,8100,8197,8100,8164,818200,8164
2015-04-06,8086,8144,8030,8101,620800,8101
2015-04-07,8110,8126,8036,8078,1385800,8078
2015-04-08,8128,8160,8090,8114,909200,8114
2015-04-09,8107,8180,8080,8150,963000,8150
2015-04-10,8140,8142,8017,8080,1842300,8080
2015-04-13,8134,8134,8024,8050,770200,8050
2015-04-14,8012,8065,7991,8011,1108400,8011
2015-04-15,8000,8115,7951,8114,1523000,8114
2015-04-16,8067,8070,7961,8059,1068900,8059
2015-04-17,8039,8039,7886,7914,1748500,7914
2015-04-20,7891,7974,7814,7966,1699700,7966
2015-04-21,7990,8093,7902,8091,1641200,8091
2015-04-22,8130,8243,8098,8243,1800200,8243
2015-04-23,8280,8322,8217,8247,1069200,8247
2015-04-24,8255,8257,8180,8195,646300,8195
2015-04-27,8201,8220,8084,8220,772100,8220
2015-04-28,8270,8367,8268,8360,1563300,8360
2015-04-30,8270,8284,8104,8104,1710500,8104
2015-05-01,8150,8240,8026,8111,804800,8111
2015-05-07,8000,8073,7916,7930,1396100,7930
2015-05-08,7900,8028,7885,7986,1314600,7986
2015-05-11,8117,8129,8026,8035,721400,8035
2015-05-12,7948,8008,7881,7974,1207800,7974
2015-05-13,8097,8364,8097,8361,2551000,8361
2015-05-14,8425,8795,8423,8654,3372500,8654
2015-05-15,8687,8770,8562,8626,1613200,8626
2015-05-18,8690,8924,8669,8871,2306400,8871
2015-05-19,8871,8919,8834,8855,1314100,8855
2015-05-20,8921,8980,8867,8924,1478300,8924
2015-05-21,8940,9110,8927,9056,1713100,9056
2015-05-22,9057,9329,9050,9275,2479200,9275
2015-05-25,9322,9474,9292,9468,1587700,9468
2015-05-26,9468,9471,9353,9390,1301700,9390
2015-05-27,9367,9519,9340,9442,1664200,9442
2015-05-28,9481,9758,9470,9631,2290000,9631
2015-05-29,9656,9755,9512,9541,1472000,9541
2015-06-01,9520,9621,9410,9583,1324300,9583
2015-06-02,9603,9649,9450,9495,1236200,9495
2015-06-03,9433,9517,9365,9499,1044600,9499
2015-06-04,9549,9549,9434,9490,900800,9490
2015-06-05,9447,9450,9289,9393,1173700,9393
2015-06-08,9350,9414,9286,9344,856700,9344
2015-06-09,9194,9268,9140,9156,1147300,9156
2015-06-10,9150,9255,9073,9130,984100,9130
2015-06-11,9200,9250,9162,9223,830900,9223
2015-06-12,9322,9429,9285,9389,2329200,9389
2015-06-15,9271,9341,9227,9328,882000,9328
2015-06-16,9361,9361,9220,9278,712300,9278
2015-06-17,9250,9268,9126,9189,784100,9189
2015-06-18,9276,9285,8981,8981,1253900,8981
2015-06-19,9001,9076,8913,9073,1820100,9073
2015-06-22,9000,9112,8953,9072,1087800,9072
2015-06-23,9187,9209,9077,9209,1002600,9209
2015-06-24,9230,9275,9194,9210,1003000,9210
2015-06-25,9062,9095,8961,9051,1540000,9051
2015-06-26,9050,9060,8921,8941,1138400,8941
2015-06-29,8800,8960,8749,8767,1718100,8767
2015-06-30,8800,8830,8701,8809,1294600,8809
2015-07-01,8871,9081,8851,9050,1386200,9050
2015-07-02,9245,9272,9120,9172,1566100,9172
2015-07-03,9165,9170,9020,9106,918600,9106
2015-07-06,8928,9000,8880,8923,1611900,8923
2015-07-07,8922,9010,8835,8841,1296300,8841
2015-07-08,8802,8885,8523,8523,2619500,8523
2015-07-09,8300,8487,8112,8487,2525600,8487
2015-07-10,8500,8599,8370,8489,1779100,8489
2015-07-13,8518,8538,8454,8496,1384600,8496
2015-07-14,8617,8722,8555,8609,1323800,8609
2015-07-15,8642,8664,8481,8503,1111400,8503
2015-07-16,8500,8504,8381,8442,1482800,8442
2015-07-17,8451,8515,8400,8418,1037100,8418
2015-07-21,8380,8444,8180,8415,1349200,8415
2015-07-22,8315,8345,8236,8257,1364100,8257
2015-07-23,8339,8369,8201,8276,1051400,8276
2015-07-24,8245,8295,8204,8216,891900,8216
2015-07-27,8176,8219,8116,8138,1099300,8138
2015-07-28,8052,8208,8016,8158,1249900,8158
2015-07-29,8160,8180,8012,8027,1238900,8027
2015-07-30,8038,8236,8033,8123,1227100,8123
2015-07-31,8043,8092,8000,8020,1611300,8020
2015-08-03,8001,8023,7943,8022,1004200,8022
2015-08-04,8000,8042,7930,7953,1333500,7953
2015-08-05,8330,8428,8221,8351,2082600,8351
2015-08-06,8500,8614,8379,8450,1914200,8450
2015-08-07,8570,8807,8501,8796,2827800,8796
2015-08-10,8640,8640,8466,8628,1444800,8628
2015-08-11,8778,8820,8515,8561,1797800,8561
2015-08-12,8448,8524,8270,8315,1592800,8315
2015-08-13,8270,8382,8270,8350,1254600,8350
2015-08-14,8286,8347,8197,8205,1179600,8205
2015-08-17,8213,8241,8132,8159,905700,8159
2015-08-18,8200,8250,8160,8167,689900,8167
2015-08-19,8079,8101,7763,7856,2504700,7856
2015-08-20,7850,7850,7702,7770,1827400,7770
2015-08-21,7579,7628,7512,7519,1562700,7519
2015-08-24,7293,7471,7225,7250,2356700,7250
2015-08-25,6950,7437,6903,6925,3252900,6925
2015-08-26,6920,7323,6855,7282,2527300,7282
2015-08-27,7500,7580,7184,7269,1920500,7269
2015-08-28,7396,7449,7284,7406,1640100,7406
2015-08-31,7309,7317,7110,7238,1774800,7238
2015-09-01,7157,7181,6981,6985,1490400,6985
2015-09-02,6832,7030,6801,6881,1554600,6881
2015-09-03,6955,7037,6850,6850,1594600,6850
2015-09-04,6946,6969,6715,6773,1958900,6773
2015-09-07,6740,6919,6651,6820,1066400,6820
2015-09-08,6808,6856,6716,6737,1102500,6737
2015-09-09,7037,7048,6859,6968,2469200,6968
2015-09-10,6740,7027,6730,7014,1491600,7014
2015-09-11,6900,7042,6876,6925,3184900,6925
2015-09-14,7025,7047,6898,6916,997100,6916
2015-09-15,7000,7317,6996,7163,2110500,7163
2015-09-16,7221,7365,7189,7327,1240100,7327
2015-09-17,7539,7769,7487,7634,2620900,7634
2015-09-18,7502,7542,7328,7328,1638100,7328
2015-09-24,7103,7192,6928,6928,1737200,6928
2015-09-25,6905,7023,6803,6982,1917400,6982
2015-09-28,7035,7139,6831,6848,1588900,6848
2015-09-29,6697,6718,6557,6570,1857800,6570
2015-09-30,6670,6711,6609,6676,1443400,6676
2015-10-01,6876,7066,6816,7002,1805400,7002
2015-10-02,7020,7270,7005,7160,1680500,7160
2015-10-05,7271,7367,7188,7247,1415200,7247
2015-10-06,7450,7464,7238,7266,1285200,7266
2015-10-07,7171,7429,7081,7403,1960700,7403
2015-10-08,7535,7748,7411,7442,2120500,7442
2015-10-09,7591,7748,7580,7683,3164100,7683
2015-10-13,7743,7847,7638,7708,1702000,7708
2015-10-14,7601,7695,7385,7424,1474400,7424
2015-10-15,7283,7577,7245,7540,986400,7540
2015-10-16,7671,7714,7607,7692,970300,7692
2015-10-19,7697,7719,7569,7619,816600,7619
2015-10-20,7681,7727,7617,7705,783400,7705
2015-10-21,7693,7911,7665,7889,1159700,7889
2015-10-22,7802,7973,7798,7830,860600,7830
2015-10-23,8010,8040,7907,7927,1421200,7927
2015-10-26,8137,8163,8043,8044,1327400,8044
2015-10-27,8090,8099,7827,7868,1597200,7868
2015-10-28,7867,7875,7741,7791,1070100,7791
2015-10-29,7854,7879,7691,7776,1500600,7776
2015-10-30,7776,7895,7702,7840,1039700,7840
2015-11-02,7697,7769,7645,7672,941500,7672
2015-11-04,7822,8016,7800,7834,1290400,7834
2015-11-05,7869,7933,7783,7872,1175200,7872
2015-11-06,7872,8059,7851,8038,1530600,8038
2015-11-09,8103,8375,8080,8366,1992200,8366
2015-11-10,8333,8597,8319,8597,2162900,8597
2015-11-11,8542,8614,8493,8592,1343400,8592
2015-11-12,8592,8609,8507,8592,749400,8592
2015-11-13,8499,8563,8450,8563,1369600,8563
2015-11-16,8300,8435,8271,8414,1228100,8414
2015-11-17,8630,8797,8629,8740,2140100,8740
2015-11-18,8800,8940,8772,8784,1525300,8784
2015-11-19,8899,8910,8811,8835,1011300,8835
2015-11-20,8877,8905,8771,8880,997900,8880
2015-11-24,8791,8902,8791,8887,853800,8887
2015-11-25,8800,8841,8659,8754,1237100,8754
2015-11-26,8750,8782,8651,8720,1322100,8720
2015-11-27,8721,8775,8673,8746,856000,8746
2015-11-30,8715,8768,8566,8650,1547800,8650
2015-12-01,8662,8832,8652,8832,1122200,8832
2015-12-02,8804,8879,8757,8854,956300,8854
2015-12-03,8855,8962,8803,8927,1241300,8927
2015-12-04,8777,8878,8695,8740,1385700,8740
2015-12-07,8817,8862,8771,8788,908800,8788
2015-12-08,8818,8867,8681,8698,1020200,8698
2015-12-09,8620,8763,8510,8741,2014400,8741
2015-12-10,8654,8731,8611,8650,1513500,8650
2015-12-11,8500,8820,8500,8728,3118300,8728
2015-12-14,8428,8439,8230,8361,2370200,8361
2015-12-15,8260,8334,8119,8119,2182300,8119
2015-12-16,8269,8492,8269,8484,1676500,8484
2015-12-17,8800,8872,8742,8787,2208800,8787
2015-12-18,8800,8944,8516,8548,2087700,8548
2015-12-21,8441,8561,8336,8515,1449000,8515
2015-12-22,8517,8643,8451,8617,987600,8617
2015-12-24,8680,8776,8603,8628,878400,8628
2015-12-25,8715,8737,8578,8664,603200,8664
2015-12-28,8730,8864,8715,8774,709100,8774
2015-12-29,8722,8903,8688,8891,886500,8891
2015-12-30,8940,8978,8885,8901,779400,8901
2016-01-04,8775,8893,8551,8605,1518200,8605
2016-01-05,8600,8712,8535,8558,1300500,8558
2016-01-06,8506,8564,8314,8342,1718000,8342
2016-01-07,8240,8265,7875,7877,2854300,7877
2016-01-08,7719,8141,7705,7948,2982400,7948
2016-01-12,7893,8026,7798,7804,1955700,7804
2016-01-13,7998,8107,7973,8106,1432400,8106
2016-01-14,7806,7851,7620,7765,1788900,7765
2016-01-15,7980,8027,7780,7824,1432900,7824
2016-01-18,7589,7801,7562,7754,922100,7754
2016-01-19,7743,7920,7720,7911,1086800,7911
2016-01-20,7890,7927,7359,7385,3005400,7385
2016-01-21,7414,7620,7203,7212,1974300,7212
2016-01-22,7550,7734,7469,7709,2439100,7709
2016-01-25,7700,7792,7567,7736,2169400,7736
2016-01-26,7600,7631,7362,7407,2943900,7407
2016-01-27,7555,7692,7483,7670,1938300,7670
2016-01-28,7660,7755,7560,7694,1319800,7694
2016-01-29,7795,8020,7587,8010,2807500,8010
2016-02-01,8328,8343,8181,8196,1803300,8196
2016-02-02,8101,8132,8016,8078,1327400,8078
2016-02-03,7780,7859,7600,7654,2260000,7654
2016-02-04,7574,7689,7529,7588,1921000,7588
2016-02-05,7456,7621,7375,7614,1721600,7614
2016-02-08,7569,7769,7481,7708,1563600,7708
2016-02-09,7430,7486,7186,7254,2119100,7254
2016-02-10,7498,7664,7180,7344,3079500,7344
2016-02-12,7000,7021,6820,6897,3333300,6897
2016-02-15,7232,7585,7116,7504,2902100,7504
2016-02-16,7542,7799,7540,7688,2124500,7688
2016-02-17,7681,7789,7437,7588,1729800,7588
2016-02-18,7798,7860,7728,7750,1646100,7750
2016-02-19,7660,7724,7520,7682,1250600,7682
2016-02-22,7621,7892,7601,7809,1229000,7809
2016-02-23,7909,7945,7659,7703,1284600,7703
2016-02-24,7600,7601,7417,7505,1659500,7505
2016-02-25,7496,7746,7427,7696,1436000,7696
2016-02-26,7754,7790,7654,7657,1221200,7657
2016-02-29,7741,7817,7575,7575,1395200,7575
2016-03-01,7556,7604,7363,7561,1336000,7561
2016-03-02,7780,7989,7735,7944,2774400,7944
2016-03-03,7952,8124,7929,8121,1789100,8121
2016-03-04,8049,8237,8030,8158,1335300,8158
2016-03-07,8160,8202,8059,8178,1310900,8178
2016-03-08,8138,8169,7882,8025,1436800,8025
2016-03-09,7875,7960,7725,7929,1275800,7929
2016-03-10,8031,8146,8017,8056,1140900,8056
2016-03-11,7906,8101,7829,8063,2550200,8063
2016-03-14,8194,8245,8120,8181,1057700,8181
2016-03-15,8230,8245,8094,8163,1191800,8163
2016-03-16,8101,8230,8078,8193,1084700,8193
2016-03-17,8270,8447,8196,8301,1898300,8301
2016-03-18,8188,8273,8141,8220,1245800,8220
2016-03-22,8302,8398,8240,8365,1071600,8365
2016-03-23,8377,8408,8311,8333,726400,8333
2016-03-24,8311,8362,8229,8267,853000,8267
2016-03-25,8313,8424,8279,8401,877700,8401
2016-03-28,8424,8484,8377,8484,1081600,8484
2016-03-29,8353,8507,8312,8456,1098800,8456
2016-03-30,8486,8569,8456,8467,868600,8467
2016-03-31,8555,8567,8406,8412,1092200,8412
2016-04-01,8412,8414,8064,8094,1439300,8094
2016-04-04,8056,8153,8030,8080,1091500,8080
2016-04-05,8095,8155,8001,8026,1434600,8026
2016-04-06,8022,8110,7965,8025,987600,8025
2016-04-07,8057,8154,7982,8015,856200,8015
2016-04-08,7920,8280,7865,8159,1946100,8159
2016-04-11,8074,8157,7915,8139,1038900,8139
2016-04-12,8148,8313,8090,8265,920500,8265
2016-04-13,8364,8505,8349,8476,1339500,8476
2016-04-14,8638,8828,8613,8800,1753000,8800
2016-04-15,8751,8877,8715,8825,1450500,8825
2016-04-18,8517,8674,8509,8568,1125600,8568
2016-04-19,8825,8883,8786,8846,1293400,8846
2016-04-20,8928,8979,8831,8839,1106700,8839
2016-04-21,9003,9054,8923,9050,1343300,9050
2016-04-22,8951,9141,8913,9141,1311100,9141
2016-04-25,9140,9172,9034,9131,1115500,9131
2016-04-26,9140,9170,9035,9163,1054600,9163
2016-04-27,9191,9209,9093,9158,1098800,9158
2016-04-28,9229,9378,8873,8884,1796000,8884
2016-05-02,8568,8760,8525,8758,1591700,8758
2016-05-06,8743,8755,8613,8677,1213700,8677
2016-05-09,8716,8789,8618,8622,1129100,8622
2016-05-10,8665,8844,8637,8822,1404500,8822
2016-05-11,8874,9097,8860,9018,1360100,9018
2016-05-12,8967,9229,8946,9224,1403800,9224
2016-05-13,9350,9380,9041,9085,1729200,9085
2016-05-16,9003,9297,9000,9220,810400,9220
2016-05-17,9326,9345,9202,9300,782800,9300
2016-05-18,9300,9328,9140,9170,932100,9170
2016-05-19,9284,9293,9152,9208,534900,9208
2016-05-20,9189,9234,9072,9213,586600,9213
2016-05-23,9192,9209,9015,9174,637900,9174
2016-05-24,9158,9201,9085,9159,831500,9159
2016-05-25,9309,9338,9270,9284,646600,9284
2016-05-26,9350,9379,9206,9236,662500,9236
2016-05-27,9234,9356,9210,9309,680900,9309
2016-05-30,9360,9398,9325,9395,573200,9395
2016-05-31,9382,9500,9308,9496,1038200,9496
2016-06-01,9360,9437,9275,9311,1133600,9311
2016-06-02,9189,9202,8981,8997,1279100,8997
2016-06-03,8990,9063,8952,8971,1033600,8971
2016-06-06,8752,8925,8748,8891,867700,8891
2016-06-07,8910,8979,8871,8898,863700,8898
2016-06-08,8911,8989,8851,8989,687500,8989
2016-06-09,8998,9125,8968,9023,915400,9023
2016-06-10,9046,9049,8911,8963,1747000,8963
2016-06-13,8760,8785,8646,8646,952900,8646
2016-06-14,8666,8719,8547,8626,1103000,8626
2016-06-15,8476,8609,8401,8548,1458800,8548
2016-06-16,8487,8515,8227,8256,1491800,8256
2016-06-17,8366,8467,8310,8368,1501000,8368
2016-06-20,8518,8681,8516,8630,1623700,8630
2016-06-21,8696,8764,8616,8739,1167400,8739
2016-06-22,8739,8817,8681,8769,1065600,8769
2016-06-23,8860,8929,8804,8922,691400,8922
2016-06-24,9052,9083,8031,8135,1987900,8135
2016-06-27,8136,8209,8023,8134,1567600,8134
2016-06-28,8014,8179,7945,8112,1225500,8112
2016-06-29,8262,8388,8107,8353,1758300,8353
2016-06-30,8500,8620,8473,8514,1698000,8514
2016-07-01,8563,8615,8425,8442,1007200,8442
2016-07-04,8397,8508,8366,8486,571000,8486
2016-07-05,8400,8514,8373,8440,739700,8440
2016-07-06,8230,8277,8076,8195,1305700,8195
2016-07-07,8120,8198,8080,8098,773900,8098
2016-07-08,8145,8165,8028,8029,1338500,8029
2016-07-11,8303,8580,8269,8507,1177800,8507
2016-07-12,8797,8800,8611,8689,1237500,8689
2016-07-13,8989,9016,8800,8828,1372900,8828
2016-07-14,8787,8893,8767,8870,841300,8870
2016-07-15,8998,9128,8908,9067,1800700,9067
2016-07-19,9223,9297,9176,9278,1358200,9278
2016-07-20,9230,9369,9213,9347,1093700,9347
2016-07-21,9448,9456,9337,9365,780100,9365
2016-07-22,9228,9315,9211,9254,878300,9254
2016-07-25,9311,9354,9199,9199,634300,9199
2016-07-26,9103,9159,9003,9090,808000,9090
2016-07-27,9166,9250,9095,9175,1046700,9175
2016-07-28,9069,9114,8949,8959,976200,8959
2016-07-29,8880,9128,8782,9012,1304600,9012
2016-08-01,8863,9057,8828,9002,735000,9002
2016-08-02,8850,8933,8780,8781,723200,8781
2016-08-03,8543,8619,8529,8554,1171500,8554
2016-08-04,8532,8598,8425,8537,1116200,8537
2016-08-05,8445,8532,8316,8350,1377200,8350
2016-08-08,8569,8685,8492,8682,933500,8682
2016-08-09,8680,8819,8627,8791,695200,8791
2016-08-10,9180,9215,9064,9164,1804600,9164
2016-08-12,9203,9293,9090,9270,1294400,9270
2016-08-15,9220,9333,9211,9284,801000,9284
2016-08-16,9319,9328,9155,9155,1051000,9155
2016-08-17,9150,9268,9125,9226,890500,9226
2016-08-18,9200,9341,9164,9223,1228700,9223
2016-08-19,9209,9244,9152,9224,855100,9224
2016-08-22,9310,9378,9291,9352,927600,9352
2016-08-23,9344,9370,9178,9193,954400,9193
2016-08-24,9114,9218,9104,9218,801600,9218
2016-08-25,9116,9163,9089,9094,1339900,9094
2016-08-26,9020,9066,8836,9000,1671800,9000
2016-08-29,9218,9359,9200,9296,981600,9296
2016-08-30,9293,9379,9273,9308,755700,9308
2016-08-31,9400,9600,9362,9589,1395300,9589
2016-09-01,9560,9670,9472,9645,1193200,9645
2016-09-02,9681,9685,9554,9597,750600,9597
2016-09-05,9664,9683,9510,9523,597400,9523
2016-09-06,9499,9620,9481,9600,655300,9600
2016-09-07,9461,9600,9460,9583,988200,9583
2016-09-08,9560,9629,9366,9426,1057200,9426
2016-09-09,9493,9543,9436,9494,1373800,9494
2016-09-12,9364,9419,9250,9297,771800,9297
2016-09-13,9349,9373,9223,9279,662600,9279
2016-09-14,9245,9327,9219,9265,569000,9265
2016-09-15,9228,9284,9157,9193,719000,9193
2016-09-16,9234,9256,9181,9216,650500,9216
2016-09-20,9210,9412,9183,9368,976400,9368
2016-09-21,9350,9606,9344,9583,1414600,9583
2016-09-23,9664,9668,9556,9575,1055500,9575
2016-09-26,9569,9575,9351,9366,845200,9366
2016-09-27,9309,9485,9201,9479,1078700,9479
2016-09-28,9306,9401,9246,9291,913700,9291
2016-09-29,9380,9472,9351,9434,622800,9434
2016-09-30,9385,9428,9302,9351,984200,9351
2016-10-03,9445,9536,9367,9534,1189100,9534
2016-10-04,9598,9600,9517,9580,858500,9580
2016-10-05,9610,9684,9556,9671,882300,9671
2016-10-06,9760,9785,9609,9613,964200,9613
2016-10-07,9619,9709,9592,9699,846600,9699
2016-10-11,9784,9975,9740,9909,1404000,9909
2016-10-12,9803,9833,9710,9718,1007600,9718
2016-10-13,9712,9730,9531,9539,1379600,9539
2016-10-14,9584,9652,9502,9566,1460800,9566
2016-10-17,9583,9614,9533,9597,746500,9597
2016-10-18,9569,9662,9504,9661,1056200,9661
2016-10-19,9648,9733,9585,9701,913000,9701
2016-10-20,9733,9823,9698,9820,898900,9820
2016-10-21,9809,9848,9735,9758,757700,9758
2016-10-24,9782,9859,9716,9836,931200,9836
2016-10-25,9854,9914,9837,9875,732200,9875
2016-10-26,9849,9911,9804,9879,730100,9879
2016-10-27,9878,9977,9874,9895,850300,9895
2016-10-28,9970,10045,9964,10015,2005000,10015
2016-10-31,10075,10120,10025,10080,889400,10080
2016-11-01,10120,10200,9999,10175,736700,10175
2016-11-02,10085,10140,9926,9951,866900,9951
2016-11-04,9852,9936,9818,9929,846500,9929
2016-11-07,10080,10150,9982,10055,772800,10055
2016-11-08,9940,10145,9932,10130,647800,10130
2016-11-09,10395,10415,9585,9627,2138000,9627
2016-11-10,10555,10555,10280,10420,1816200,10420
2016-11-11,10585,10585,10210,10225,1793800,10225
2016-11-14,10160,10320,10120,10295,1079700,10295
2016-11-15,10320,10340,10160,10315,1032900,10315
2016-11-16,10455,10480,10360,10470,905900,10470
2016-11-17,10410,10505,10400,10460,782600,10460
2016-11-18,10525,10580,10480,10485,1039500,10485
2016-11-21,10580,10590,10435,10490,959500,10490
2016-11-22,10500,10550,10410,10545,746300,10545
2016-11-24,10700,10725,10605,10645,984800,10645
2016-11-25,10695,10715,10620,10705,941200,10705
2016-11-28,10670,10690,10525,10675,835800,10675
2016-11-29,10570,10615,10505,10580,1119800,10580
2016-11-30,10625,10715,10580,10715,1328700,10715
2016-12-01,10930,10935,10680,10700,1440200,10700
2016-12-02,10730,10790,10570,10620,948700,10620
2016-12-05,10540,10650,10510,10580,845100,10580
2016-12-06,10650,10685,10535,10540,994200,10540
2016-12-07,10500,10590,10340,10405,1075100,10405
2016-12-08,10400,10480,10340,10475,1443600,10475
2016-12-09,10505,10515,10385,10475,2165000,10475
2016-12-12,10625,10840,10570,10840,1515600,10840
2016-12-13,10845,10845,10640,10830,1137300,10830
2016-12-14,10845,10910,10750,10790,914900,10790
2016-12-15,10810,10865,10725,10795,898800,10795
2016-12-16,10865,10865,10750,10790,1139100,10790
2016-12-19,10695,10790,10615,10700,882100,10700
2016-12-20,10785,10880,10755,10870,973200,10870
2016-12-21,10900,10900,10735,10790,807500,10790
2016-12-22,10705,10790,10670,10695,703400,10695
2016-12-26,10675,10790,10675,10745,589600,10745
2016-12-27,10745,10900,10725,10875,745500,10875
2016-12-28,10840,10900,10745,10890,568600,10890
2016-12-29,10815,10865,10750,10825,784700,10825
2016-12-30,10750,10805,10655,10735,719900,10735
2017-01-04,11000,11155,10950,11155,1227100,11155
