Date,Open,High,Low,Close,Volume,Adj Close
2008-10-20,264,265,254,263,3857000,263
2008-10-21,273,278,266,275,3044000,275
2008-10-22,262,263,250,250,3252000,250
2008-10-23,240,244,228,241,5781000,241
2008-10-24,240,241,215,215,4152000,215
2008-10-27,220,241,200,202,6540000,202
2008-10-28,202,236,201,233,6750000,233
2008-10-29,243,250,235,249,5780000,249
2008-10-30,250,296,245,294,4427000,294
2008-10-31,285,285,259,259,3843000,259
2008-11-04,281,317,281,315,6222000,315
2008-11-05,315,333,315,325,6612000,325
2008-11-06,310,321,302,314,4935000,314
2008-11-07,305,305,276,286,6906000,286
2008-11-10,296,309,295,305,4110000,305
2008-11-11,306,341,304,337,8645000,337
2008-11-12,327,327,312,315,5841000,315
2008-11-13,310,311,280,281,4692000,281
2008-11-14,296,310,288,291,4231000,291
2008-11-17,285,301,278,291,2623000,291
2008-11-18,281,288,281,283,1656000,283
2008-11-19,283,285,270,277,2443000,277
2008-11-20,271,278,251,251,4344000,251
2008-11-21,238,263,233,260,3422000,260
2008-11-25,286,298,286,297,6633000,297
2008-11-26,290,294,287,290,2082000,290
2008-11-27,296,298,276,280,2939000,280
2008-11-28,280,295,275,290,3107000,290
2008-12-01,291,291,277,278,2430000,278
2008-12-02,261,269,256,256,2586000,256
2008-12-03,261,264,251,253,3361000,253
2008-12-04,254,256,245,247,1974000,247
2008-12-05,248,252,242,245,1597000,245
2008-12-08,255,265,249,263,2538000,263
2008-12-09,268,280,266,271,2488000,271
2008-12-10,270,289,270,288,2287000,288
2008-12-11,283,295,278,295,2357000,295
2008-12-12,283,290,268,273,5201000,273
2008-12-15,288,290,279,288,1999000,288
2008-12-16,286,288,280,285,1828000,285
2008-12-17,290,293,275,285,2517000,285
2008-12-18,286,295,282,290,2725000,290
2008-12-19,290,300,286,288,2351000,288
2008-12-22,283,305,282,301,1951000,301
2008-12-24,296,296,287,290,1543000,290
2008-12-25,287,292,285,292,545000,292
2008-12-26,294,304,294,304,1143000,304
2008-12-29,302,316,302,309,1269000,309
2008-12-30,299,310,297,305,1349000,305
2009-01-05,325,325,320,324,757000,324
2009-01-06,325,331,322,330,1627000,330
2009-01-07,336,354,335,350,3146000,350
2009-01-08,344,344,329,331,1824000,331
2009-01-09,330,335,318,326,1854000,326
2009-01-13,301,307,293,293,2857000,293
2009-01-14,290,311,290,308,2370000,308
2009-01-15,287,291,285,285,3089000,285
2009-01-16,290,311,288,307,3068000,307
2009-01-19,322,326,315,316,2335000,316
2009-01-20,306,307,296,302,1656000,302
2009-01-21,288,302,288,294,2164000,294
2009-01-22,299,299,282,293,2150000,293
2009-01-23,284,288,279,280,1449000,280
2009-01-26,281,285,271,276,1997000,276
2009-01-27,276,293,276,288,2607000,288
2009-01-28,293,303,289,299,2227000,299
2009-01-29,309,312,294,297,3011000,297
2009-01-30,287,290,273,279,3616000,279
2009-02-02,309,321,308,319,9664000,319
2009-02-03,314,336,313,318,6368000,318
2009-02-04,323,334,318,331,4315000,331
2009-02-05,332,344,323,333,5075000,333
2009-02-06,348,350,339,347,3484000,347
2009-02-09,350,358,330,332,4064000,332
2009-02-10,345,345,325,330,2531000,330
2009-02-12,325,325,318,319,2192000,319
2009-02-13,322,328,316,320,3042000,320
2009-02-16,322,322,317,319,1836000,319
2009-02-17,321,321,306,308,2596000,308
2009-02-18,306,317,301,308,3382000,308
2009-02-19,313,315,304,305,2228000,305
2009-02-20,314,325,310,317,3060000,317
2009-02-23,307,308,294,302,3535000,302
2009-02-24,303,315,298,313,3662000,313
2009-02-25,324,331,318,329,2664000,329
2009-02-26,333,344,329,334,2807000,334
2009-02-27,331,341,331,338,2503000,338
2009-03-02,328,331,317,319,2650000,319
2009-03-03,305,323,305,320,2173000,320
2009-03-04,316,327,311,325,3130000,325
2009-03-05,335,345,333,342,3236000,342
2009-03-06,332,336,326,327,2821000,327
2009-03-09,343,348,323,330,3940000,330
2009-03-10,330,333,326,330,2293000,330
2009-03-11,340,355,336,352,4025000,352
2009-03-12,345,345,330,330,4346000,330
2009-03-13,343,346,339,343,5324000,343
2009-03-16,358,370,355,365,4521000,365
2009-03-17,374,374,364,368,3080000,368
2009-03-18,373,375,355,367,2812000,367
2009-03-19,372,372,358,364,2037000,364
2009-03-23,362,377,362,373,2571000,373
2009-03-24,381,392,375,389,4352000,389
2009-03-25,379,381,371,376,2727000,376
2009-03-26,371,383,365,381,1769000,381
2009-03-27,386,393,378,381,2480000,381
2009-03-30,384,386,357,358,1901000,358
2009-03-31,367,374,356,358,3236000,358
2009-04-01,363,368,352,368,1815000,368
2009-04-02,375,393,370,392,2985000,392
2009-04-03,399,403,390,397,2003000,397
2009-04-06,404,413,397,403,2785000,403
2009-04-07,408,410,392,394,2176000,394
2009-04-08,379,379,360,361,4584000,361
2009-04-09,369,381,368,378,4236000,378
2009-04-10,388,388,372,384,3580000,384
2009-04-13,389,394,382,386,1953000,386
2009-04-14,392,393,376,384,2582000,384
2009-04-15,385,385,363,369,2182000,369
2009-04-16,374,385,358,361,2911000,361
2009-04-17,379,403,377,395,6119000,395
2009-04-20,390,401,388,400,2072000,400
2009-04-21,388,389,381,387,1937000,387
2009-04-22,402,407,398,399,2826000,399
2009-04-23,400,407,389,404,2299000,404
2009-04-24,405,405,393,396,2245000,396
2009-04-27,402,403,392,394,2105000,394
2009-04-28,389,397,373,373,1780000,373
2009-04-30,383,389,377,379,2102000,379
2009-05-01,384,388,371,381,1957000,381
2009-05-07,400,400,388,398,1613000,398
2009-05-08,395,411,391,411,2378000,411
2009-05-11,433,435,413,423,3948000,423
2009-05-12,418,421,401,404,2966000,404
2009-05-13,410,412,391,396,2483000,396
2009-05-14,397,401,383,385,3496000,385
2009-05-15,390,398,389,391,1473000,391
2009-05-18,384,384,378,380,1556000,380
2009-05-19,395,395,385,388,1488000,388
2009-05-20,400,403,396,400,1874000,400
2009-05-21,398,399,388,393,1635000,393
2009-05-22,383,389,381,386,2026000,386
2009-05-25,384,392,383,387,1766000,387
2009-05-26,388,388,376,382,1674000,382
2009-05-27,385,386,377,379,1717000,379
2009-05-28,374,386,374,384,1715000,384
2009-05-29,389,389,380,387,1077000,387
2009-06-01,387,391,381,388,2452000,388
2009-06-02,393,397,391,393,2438000,393
2009-06-03,393,406,392,401,3475000,401
2009-06-04,399,406,396,401,2268000,401
2009-06-05,406,408,401,404,1517000,404
2009-06-08,409,414,408,412,1615000,412
2009-06-09,410,411,401,405,1521000,405
2009-06-10,410,413,406,410,1521000,410
2009-06-11,411,420,409,415,2702000,415
2009-06-12,420,420,411,416,4338000,416
2009-06-15,418,418,408,412,1627000,412
2009-06-16,407,410,395,395,1674000,395
2009-06-17,385,407,385,406,2566000,406
2009-06-18,396,396,381,386,3184000,386
2009-06-19,396,407,390,393,3269000,393
2009-06-22,388,398,387,395,1461000,395
2009-06-23,385,387,374,381,2909000,381
2009-06-24,381,394,375,390,2868000,390
2009-06-25,393,409,390,405,2035000,405
2009-06-26,410,410,404,408,1126000,408
2009-06-29,403,413,402,405,1550000,405
2009-06-30,413,414,409,411,1636000,411
2009-07-01,416,419,409,412,1857000,412
2009-07-02,416,417,408,409,1850000,409
2009-07-03,405,414,403,413,1628000,413
2009-07-06,411,411,396,399,1423000,399
2009-07-07,397,399,385,387,1993000,387
2009-07-08,380,381,361,368,3702000,368
2009-07-09,364,366,357,360,2750000,360
2009-07-10,361,363,352,358,3221000,358
2009-07-13,358,358,337,340,3517000,340
2009-07-14,348,356,347,353,1977000,353
2009-07-15,359,365,353,357,2252000,357
2009-07-16,369,369,357,358,1089000,358
2009-07-17,365,367,350,354,2257000,354
2009-07-21,364,367,358,365,1849000,365
2009-07-22,368,379,364,377,2366000,377
2009-07-23,379,384,374,380,1536000,380
2009-07-24,384,386,377,384,1483000,384
2009-07-27,387,391,385,390,1327000,390
2009-07-28,388,390,378,387,1994000,387
2009-07-29,382,387,379,387,1128000,387
2009-07-30,389,390,379,386,1527000,386
2009-07-31,389,390,385,385,1246000,385
2009-08-03,386,397,385,395,1603000,395
2009-08-04,393,407,391,397,4391000,397
2009-08-05,402,403,390,390,1340000,390
2009-08-06,385,403,384,402,2655000,402
2009-08-07,397,410,394,410,2861000,410
2009-08-10,417,447,413,443,7801000,443
2009-08-11,436,455,436,450,3634000,450
2009-08-12,448,462,444,454,3834000,454
2009-08-13,449,456,445,451,2532000,451
2009-08-14,453,474,451,469,3573000,469
2009-08-17,453,454,440,441,3354000,441
2009-08-18,436,445,432,441,3187000,441
2009-08-19,439,441,428,432,3278000,432
2009-08-20,434,446,425,443,2582000,443
2009-08-21,439,441,424,430,1755000,430
2009-08-24,440,443,436,441,1898000,441
2009-08-25,442,446,436,438,1549000,438
2009-08-26,440,445,436,442,1292000,442
2009-08-27,438,440,426,431,1278000,431
2009-08-28,430,433,426,432,1920000,432
2009-08-31,437,445,429,432,1710000,432
2009-09-01,435,439,432,434,1435000,434
2009-09-02,420,421,414,416,2536000,416
2009-09-03,419,419,412,414,1752000,414
2009-09-04,412,419,410,415,1484000,415
2009-09-07,420,442,420,439,3920000,439
2009-09-08,444,448,432,444,3081000,444
2009-09-09,439,442,430,440,2668000,440
2009-09-10,441,450,440,449,1363000,449
2009-09-11,447,449,437,439,4151000,439
2009-09-14,436,437,420,425,2108000,425
2009-09-15,430,436,422,422,1480000,422
2009-09-16,422,435,422,429,1433000,429
2009-09-17,431,436,430,431,1782000,431
2009-09-18,432,432,422,424,1362000,424
2009-09-24,423,436,422,434,1888000,434
2009-09-25,428,428,417,422,1400000,422
2009-09-28,416,416,404,409,1861000,409
2009-09-29,404,415,403,410,2089000,410
2009-09-30,409,412,406,412,1527000,412
2009-10-01,403,405,394,396,1380000,396
2009-10-02,377,379,372,374,3667000,374
2009-10-05,377,378,360,362,2618000,362
2009-10-06,370,379,368,379,3240000,379
2009-10-07,376,387,373,384,2183000,384
2009-10-08,380,391,377,388,1683000,388
2009-10-09,387,401,384,400,2291000,400
2009-10-13,409,418,404,413,2329000,413
2009-10-14,407,409,399,403,2255000,403
2009-10-15,405,409,399,402,1883000,402
2009-10-16,404,404,393,396,2072000,396
2009-10-19,391,402,391,402,1909000,402
2009-10-20,407,410,401,402,1569000,402
2009-10-21,404,406,398,404,1148000,404
2009-10-22,397,401,395,400,2030000,400
2009-10-23,403,403,391,392,2283000,392
2009-10-26,389,397,386,395,1574000,395
2009-10-27,390,392,379,381,2089000,381
2009-10-28,379,385,369,373,2244000,373
2009-10-29,370,372,364,369,1823000,369
2009-10-30,384,388,378,388,1987000,388
2009-11-02,376,377,369,372,1928000,372
2009-11-04,377,384,375,381,2071000,381
2009-11-05,380,381,370,375,1364000,375
2009-11-06,378,382,373,380,1438000,380
2009-11-09,375,407,375,400,5578000,400
2009-11-10,410,421,405,407,4933000,407
2009-11-11,407,417,407,413,3555000,413
2009-11-12,414,418,402,406,2824000,406
2009-11-13,407,415,403,413,4542000,413
2009-11-16,433,435,420,426,5789000,426
2009-11-17,422,424,407,411,3137000,411
2009-11-18,414,420,409,420,3513000,420
2009-11-19,425,428,419,422,3875000,422
2009-11-20,417,424,413,422,3264000,422
2009-11-24,427,431,418,421,3385000,421
2009-11-25,420,435,420,432,4089000,432
2009-11-26,425,429,416,422,2688000,422
2009-11-27,418,423,411,417,4867000,417
2009-11-30,421,435,421,432,3078000,432
2009-12-01,427,435,416,434,4112000,434
2009-12-02,435,443,428,441,3591000,441
2009-12-03,441,453,436,448,5147000,448
2009-12-04,446,460,439,457,5054000,457
2009-12-07,465,467,449,453,4280000,453
2009-12-08,445,460,443,457,2712000,457
2009-12-09,452,457,450,455,2579000,455
2009-12-10,453,453,431,433,5149000,433
2009-12-11,443,462,443,462,7990000,462
2009-12-14,467,480,465,478,6007000,478
2009-12-15,472,481,467,478,2279000,478
2009-12-16,481,484,473,478,2221000,478
2009-12-17,483,486,476,476,1545000,476
2009-12-18,468,485,467,483,2399000,483
2009-12-21,482,491,482,487,1622000,487
2009-12-22,492,504,490,502,2945000,502
2009-12-24,504,511,500,501,2635000,501
2009-12-25,502,503,494,497,1527000,497
2009-12-28,506,517,504,513,2012000,513
2009-12-29,512,516,508,509,1700000,509
2009-12-30,510,513,501,502,1598000,502
2010-01-04,503,514,503,512,699000,512
2010-01-05,513,515,500,502,2613000,502
2010-01-06,511,511,501,503,2515000,503
2010-01-07,505,508,495,498,1479000,498
2010-01-08,498,507,492,502,5328000,502
2010-01-12,502,506,497,502,3099000,502
2010-01-13,494,503,492,495,1886000,495
2010-01-14,494,506,490,504,2338000,504
2010-01-15,506,507,500,506,2203000,506
2010-01-18,503,505,493,504,2287000,504
2010-01-19,502,502,491,493,1410000,493
2010-01-20,500,502,492,495,1992000,495
2010-01-21,484,495,481,491,2958000,491
2010-01-22,492,492,482,490,3623000,490
2010-01-25,488,493,481,491,2365000,491
2010-01-26,493,501,484,486,2558000,486
2010-01-27,491,495,480,482,1963000,482
2010-01-28,480,490,477,483,2118000,483
2010-01-29,476,487,471,480,2322000,480
2010-02-01,484,491,474,478,2312000,478
2010-02-02,476,479,460,467,4914000,467
2010-02-03,490,506,486,500,8722000,500
2010-02-04,505,505,495,501,3928000,501
2010-02-05,490,490,483,486,4826000,486
2010-02-08,486,488,460,467,3956000,467
2010-02-09,460,467,454,462,2885000,462
2010-02-10,472,477,470,470,2158000,470
2010-02-12,477,481,464,468,1840000,468
2010-02-15,467,473,467,467,1009000,467
2010-02-16,467,471,463,463,555000,463
2010-02-17,465,484,463,482,3137000,482
2010-02-18,487,499,487,495,4495000,495
2010-02-19,499,504,483,487,3080000,487
2010-02-22,502,508,495,498,1357000,498
2010-02-23,495,499,491,495,1285000,495
2010-02-24,492,498,486,494,2567000,494
2010-02-25,494,501,485,486,2355000,486
2010-02-26,486,491,475,485,1760000,485
2010-03-01,489,491,477,484,1759000,484
2010-03-02,484,490,480,485,920000,485
2010-03-03,485,493,482,492,1433000,492
2010-03-04,495,497,490,492,1810000,492
2010-03-05,497,505,496,503,2725000,503
2010-03-08,510,513,504,512,2417000,512
2010-03-09,509,510,505,508,1785000,508
2010-03-10,508,518,505,515,1879000,515
2010-03-11,523,534,522,533,4145000,533
2010-03-12,538,538,522,532,5584000,532
2010-03-15,539,542,535,541,1921000,541
2010-03-16,537,548,535,544,2002000,544
2010-03-17,553,564,547,560,4470000,560
2010-03-18,558,571,551,552,4282000,552
2010-03-19,552,556,547,552,3094000,552
2010-03-23,545,556,543,553,1358000,553
2010-03-24,553,562,550,560,2566000,560
2010-03-25,565,565,558,563,1171000,563
2010-03-26,564,574,564,572,1867000,572
2010-03-29,566,580,563,576,2381000,576
2010-03-30,577,581,573,578,2274000,578
2010-03-31,579,580,567,569,3303000,569
2010-04-01,579,582,572,579,2207000,579
2010-04-02,580,584,575,581,2182000,581
2010-04-05,583,588,580,588,2092000,588
2010-04-06,593,593,576,580,2454000,580
2010-04-07,576,581,571,576,2907000,576
2010-04-08,566,569,560,561,2632000,561
2010-04-09,554,565,553,559,4072000,559
2010-04-12,566,566,553,555,2855000,555
2010-04-13,553,556,538,548,3410000,548
2010-04-14,548,555,544,553,2982000,553
2010-04-15,560,564,556,558,3213000,558
2010-04-16,555,557,542,550,3219000,550
2010-04-19,540,541,528,536,3367000,536
2010-04-20,539,544,533,535,1661000,535
2010-04-21,540,550,539,545,2759000,545
2010-04-22,541,545,534,542,1530000,542
2010-04-23,552,575,547,552,6570000,552
2010-04-26,559,567,558,563,2204000,563
2010-04-27,562,568,558,564,2532000,564
2010-04-28,554,556,546,548,2789000,548
2010-04-30,552,555,548,550,1755000,550
2010-05-06,528,540,526,538,3176000,538
2010-05-07,510,532,509,529,4163000,529
2010-05-10,551,566,550,566,5803000,566
2010-05-11,576,578,550,553,4111000,553
2010-05-12,555,559,538,548,2799000,548
2010-05-13,560,566,554,564,2564000,564
2010-05-14,559,580,556,576,5631000,576
2010-05-17,566,571,555,561,4213000,561
2010-05-18,562,565,535,540,6518000,540
2010-05-19,526,539,519,536,3360000,536
2010-05-20,532,538,523,527,3727000,527
2010-05-21,517,519,501,510,5341000,510
2010-05-24,515,526,503,518,4371000,518
2010-05-25,515,515,493,497,3096000,497
2010-05-26,503,506,487,490,7101000,490
2010-05-27,483,509,483,508,2986000,508
2010-05-28,518,522,507,516,3110000,516
2010-05-31,522,528,515,523,4240000,523
2010-06-01,522,524,512,514,1993000,514
2010-06-02,504,519,501,505,3313000,505
2010-06-03,515,531,514,528,2543000,528
2010-06-04,529,535,525,530,1600000,530
2010-06-07,520,525,501,501,3101000,501
2010-06-08,491,503,491,498,5508000,498
2010-06-09,493,496,483,491,4472000,491
2010-06-10,490,495,480,493,3274000,493
2010-06-11,510,512,504,510,6531000,510
2010-06-14,520,528,518,524,2460000,524
2010-06-15,524,529,519,520,2973000,520
2010-06-16,530,540,529,532,2506000,532
2010-06-17,532,536,523,524,2621000,524
2010-06-18,527,531,524,527,2131000,527
2010-06-21,536,544,534,541,2386000,541
2010-06-22,535,539,532,533,1710000,533
2010-06-23,525,527,520,523,1697000,523
2010-06-24,520,537,519,532,2367000,532
2010-06-25,522,524,509,511,2798000,511
2010-06-28,512,515,505,508,2157000,508
2010-06-29,514,523,502,505,2858000,505
2010-06-30,495,500,492,497,3067000,497
2010-07-01,490,492,478,483,2372000,483
2010-07-02,480,488,476,484,1857000,484
2010-07-05,483,488,481,488,1085000,488
2010-07-06,479,492,475,490,2255000,490
2010-07-07,489,489,476,479,2287000,479
2010-07-08,492,501,491,495,3102000,495
2010-07-09,503,505,498,501,3077000,501
2010-07-12,499,507,494,496,1640000,496
2010-07-13,498,503,489,492,1924000,492
2010-07-14,506,519,505,519,2930000,519
2010-07-15,513,513,505,507,1835000,507
2010-07-16,505,505,490,491,1803000,491
2010-07-20,476,484,475,479,2732000,479
2010-07-21,486,487,464,471,2904000,471
2010-07-22,465,465,450,450,3995000,450
2010-07-23,465,470,462,465,2930000,465
2010-07-26,469,473,466,467,1581000,467
2010-07-27,463,464,455,457,3856000,457
2010-07-28,465,484,465,483,3383000,483
2010-07-29,480,488,478,483,2283000,483
2010-07-30,483,483,471,477,2283000,477
2010-08-02,461,466,450,454,4298000,454
2010-08-03,462,467,462,464,2532000,464
2010-08-04,463,463,453,454,3334000,454
2010-08-05,462,462,450,452,2671000,452
2010-08-06,450,456,447,450,1758000,450
2010-08-09,444,445,435,444,2725000,444
2010-08-10,449,453,437,440,2016000,440
2010-08-11,428,431,419,420,3004000,420
2010-08-12,410,428,410,428,5026000,428
2010-08-13,424,430,416,426,3860000,426
2010-08-16,418,423,413,420,2126000,420
2010-08-17,414,426,413,425,2039000,425
2010-08-18,433,434,421,427,2386000,427
2010-08-19,425,432,424,431,2400000,431
2010-08-20,422,428,420,423,2046000,423
2010-08-23,418,420,411,416,2386000,416
2010-08-24,409,410,403,406,2009000,406
2010-08-25,398,405,394,397,3343000,397
2010-08-26,399,400,389,399,3147000,399
2010-08-27,391,407,388,406,3263000,406
2010-08-30,418,421,408,412,2805000,412
2010-08-31,400,401,386,387,2987000,387
2010-09-01,386,387,379,384,4604000,384
2010-09-02,392,403,391,402,4546000,402
2010-09-03,400,408,399,408,2474000,408
2010-09-06,416,426,411,425,2910000,425
2010-09-07,425,437,422,427,3767000,427
2010-09-08,417,417,413,416,2163000,416
2010-09-09,424,427,420,425,2005000,425
2010-09-10,432,438,426,431,3886000,431
2010-09-13,435,437,426,430,2677000,430
2010-09-14,429,430,423,427,1495000,427
2010-09-15,420,443,419,438,2811000,438
2010-09-16,442,442,435,441,2788000,441
2010-09-17,449,464,446,462,5317000,462
2010-09-21,464,466,453,456,2526000,456
2010-09-22,455,455,443,443,3021000,443
2010-09-24,432,442,428,431,3691000,431
2010-09-27,438,443,437,442,1313000,442
2010-09-28,437,439,432,435,1164000,435
2010-09-29,439,443,436,439,2058000,439
2010-09-30,441,445,430,430,1951000,430
2010-10-01,437,438,425,426,2022000,426
2010-10-04,423,427,415,417,3415000,417
2010-10-05,416,427,412,422,2846000,422
2010-10-06,428,438,428,438,2690000,438
2010-10-07,440,441,434,440,2332000,440
2010-10-08,435,440,428,435,3619000,435
2010-10-12,442,442,424,427,1553000,427
2010-10-13,431,440,429,439,2704000,439
2010-10-14,447,457,446,456,5046000,456
2010-10-15,450,452,443,449,2410000,449
2010-10-18,450,452,441,442,1993000,442
2010-10-19,438,444,437,442,1752000,442
2010-10-20,434,441,432,441,1589000,441
2010-10-21,447,447,431,433,2283000,433
2010-10-22,435,441,433,438,1169000,438
2010-10-25,436,438,431,432,1361000,432
2010-10-26,427,432,426,428,1867000,428
2010-10-27,429,438,428,438,2212000,438
2010-10-28,440,452,437,445,4082000,445
2010-10-29,440,442,428,442,4036000,442
2010-11-01,434,446,429,439,2529000,439
2010-11-02,435,443,428,429,3248000,429
2010-11-04,453,467,446,453,7970000,453
2010-11-05,460,478,460,477,4621000,477
2010-11-08,480,486,477,484,2323000,484
2010-11-09,481,485,479,481,2164000,481
2010-11-10,484,489,477,485,3066000,485
2010-11-11,488,490,483,484,2125000,484
2010-11-12,476,478,466,467,5079000,467
2010-11-15,475,477,468,474,2497000,474
2010-11-16,480,483,473,480,3586000,480
2010-11-17,473,482,470,481,2550000,481
2010-11-18,478,492,473,491,2985000,491
2010-11-19,495,500,488,492,2390000,492
2010-11-22,500,515,498,512,4162000,512
2010-11-24,502,508,496,502,3520000,502
2010-11-25,510,513,502,505,3715000,505
2010-11-26,504,512,500,502,1994000,502
2010-11-29,501,511,501,508,1444000,508
2010-11-30,503,506,495,496,3128000,496
2010-12-01,493,500,492,496,3423000,496
2010-12-02,505,512,503,509,2593000,509
2010-12-03,511,515,509,514,2177000,514
2010-12-06,511,514,508,513,1339000,513
2010-12-07,508,516,503,515,2917000,515
2010-12-08,519,525,514,524,3456000,524
2010-12-09,524,531,522,523,2436000,523
2010-12-10,531,531,517,520,5223000,520
2010-12-13,516,531,515,531,1525000,531
2010-12-14,527,530,524,530,2636000,530
2010-12-15,524,531,522,527,3391000,527
2010-12-16,527,528,522,525,1739000,525
2010-12-17,527,532,526,528,1877000,528
2010-12-20,524,525,511,515,3558000,515
2010-12-21,520,529,516,517,4025000,517
2010-12-22,516,524,514,516,1421000,516
2010-12-24,510,517,510,516,1343000,516
2010-12-27,516,521,515,520,1425000,520
2010-12-28,514,519,513,514,1346000,514
2010-12-29,517,518,512,516,608000,516
2010-12-30,512,518,510,512,1894000,512
2011-01-04,522,524,517,523,930000,523
2011-01-05,526,529,523,527,1400000,527
2011-01-06,534,540,532,536,2167000,536
2011-01-07,536,538,532,535,2038000,535
2011-01-11,530,537,530,532,2375000,532
2011-01-12,535,540,525,526,2814000,526
2011-01-13,526,527,516,519,3737000,519
2011-01-14,512,517,502,502,5658000,502
2011-01-17,509,512,501,502,2687000,502
2011-01-18,503,509,502,503,2404000,503
2011-01-19,507,509,503,506,3124000,506
2011-01-20,502,506,502,504,2837000,504
2011-01-21,506,506,493,495,5050000,495
2011-01-24,498,502,490,496,2704000,496
2011-01-25,500,507,496,506,3193000,506
2011-01-26,500,503,492,493,3170000,493
2011-01-27,494,497,490,494,4105000,494
2011-01-28,496,503,492,492,2650000,492
2011-01-31,487,489,481,487,2406000,487
2011-02-01,489,495,489,492,2359000,492
2011-02-02,498,512,498,511,3136000,511
2011-02-03,495,508,486,505,6487000,505
2011-02-04,509,509,501,503,2896000,503
2011-02-07,504,507,498,501,3563000,501
2011-02-08,509,512,506,510,2278000,510
2011-02-09,514,514,503,505,1719000,505
2011-02-10,500,502,490,492,4386000,492
2011-02-14,497,497,486,491,3669000,491
2011-02-15,488,496,486,496,3106000,496
2011-02-16,495,505,494,503,2622000,503
2011-02-17,504,506,500,504,2445000,504
2011-02-18,505,510,501,507,2574000,507
2011-02-21,510,512,507,511,2465000,511
2011-02-22,505,508,493,495,2696000,495
2011-02-23,488,494,484,487,3393000,487
2011-02-24,482,486,472,478,2963000,478
2011-02-25,475,487,472,486,3482000,486
2011-02-28,481,486,475,483,3550000,483
2011-03-01,487,498,486,497,3601000,497
2011-03-02,488,489,481,481,2792000,481
2011-03-03,483,486,480,484,1589000,484
2011-03-04,492,493,483,486,1907000,486
2011-03-07,484,485,476,478,1950000,478
2011-03-08,475,479,473,475,2601000,475
2011-03-09,477,480,474,476,2671000,476
2011-03-10,470,472,466,468,3602000,468
2011-03-11,460,471,458,464,6987000,464
2011-03-14,440,444,418,422,4053000,422
2011-03-15,400,402,342,357,9041000,357
2011-03-16,373,394,373,390,7806000,390
2011-03-17,380,406,378,394,7956000,394
2011-03-18,402,425,401,416,5001000,416
2011-03-22,435,441,431,437,4404000,437
2011-03-23,435,435,422,428,4248000,428
2011-03-24,433,438,430,436,3195000,436
2011-03-25,443,455,442,449,4570000,449
2011-03-28,456,461,447,451,4612000,451
2011-03-29,442,447,431,442,4767000,442
2011-03-30,448,462,446,462,2928000,462
2011-03-31,466,466,456,459,3791000,459
2011-04-01,459,464,454,454,2885000,454
2011-04-04,456,462,456,457,1762000,457
2011-04-05,459,459,441,444,3710000,444
2011-04-06,448,448,439,441,2322000,441
2011-04-07,446,450,434,436,3183000,436
2011-04-08,437,443,427,437,5113000,437
2011-04-11,437,442,434,437,1275000,437
2011-04-12,429,430,417,421,3467000,421
2011-04-13,417,424,417,422,2740000,422
2011-04-14,422,428,419,425,2946000,425
2011-04-15,425,425,419,419,3176000,419
2011-04-18,419,428,418,422,3243000,422
2011-04-19,416,420,413,420,3154000,420
2011-04-20,428,432,426,427,3737000,427
2011-04-21,430,437,428,435,1678000,435
2011-04-22,432,438,429,435,1757000,435
2011-04-25,436,439,433,435,1207000,435
2011-04-26,429,429,419,420,3197000,420
2011-04-27,422,428,418,425,2862000,425
2011-04-28,430,436,427,436,2848000,436
2011-05-02,444,448,441,446,1190000,446
2011-05-06,435,436,430,435,1664000,435
2011-05-09,439,443,435,438,1389000,438
2011-05-10,440,441,432,437,2292000,437
2011-05-11,433,436,419,425,7317000,425
2011-05-12,420,428,417,418,5665000,418
2011-05-13,418,420,406,410,5399000,410
2011-05-16,404,409,402,407,2571000,407
2011-05-17,400,406,400,405,3703000,405
2011-05-18,418,425,416,417,6858000,417
2011-05-19,417,417,401,402,6376000,402
2011-05-20,405,429,405,417,6789000,417
2011-05-23,412,413,404,408,3131000,408
2011-05-24,408,414,407,410,2705000,410
2011-05-25,410,411,401,402,2202000,402
2011-05-26,404,405,400,405,2468000,405
2011-05-27,401,408,400,403,1595000,403
2011-05-30,403,408,402,405,1588000,405
2011-05-31,406,415,406,415,2152000,415
2011-06-01,415,419,409,419,3810000,419
2011-06-02,408,411,406,407,2939000,407
2011-06-03,411,411,402,403,1850000,403
2011-06-06,401,403,395,396,2540000,396
2011-06-07,394,399,392,396,2693000,396
2011-06-08,397,399,389,393,2505000,393
2011-06-09,388,392,383,390,3756000,390
2011-06-10,392,399,389,389,5565000,389
2011-06-13,385,389,384,388,1802000,388
2011-06-14,386,400,386,398,4072000,398
2011-06-15,405,407,400,406,4052000,406
2011-06-16,403,409,401,405,3906000,405
2011-06-17,404,404,398,400,3432000,400
2011-06-20,400,403,396,396,2334000,396
2011-06-21,399,400,394,400,2417000,400
2011-06-22,405,420,405,417,4035000,417
2011-06-23,415,419,411,414,1938000,414
2011-06-24,415,421,410,419,3880000,419
2011-06-27,423,425,415,420,3356000,420
2011-06-28,420,432,416,429,5111000,429
2011-06-29,431,433,426,428,3525000,428
2011-06-30,438,438,425,427,4132000,427
2011-07-01,434,434,429,430,2582000,430
2011-07-04,436,436,429,432,2681000,432
2011-07-05,432,441,430,438,3651000,438
2011-07-06,435,436,430,435,4322000,435
2011-07-07,433,440,429,438,3448000,438
2011-07-08,445,445,436,438,3045000,438
2011-07-11,432,433,425,427,3311000,427
2011-07-12,422,423,418,421,2521000,421
2011-07-13,415,423,413,416,4119000,416
2011-07-14,416,417,408,412,2787000,412
2011-07-15,412,418,411,415,2553000,415
2011-07-19,413,413,406,408,1621000,408
2011-07-20,414,419,413,416,1351000,416
2011-07-21,414,414,410,412,1570000,412
2011-07-22,415,427,413,426,3255000,426
2011-07-25,422,426,415,417,2618000,417
2011-07-26,416,418,413,413,2999000,413
2011-07-27,412,415,409,413,2040000,413
2011-07-28,407,408,401,402,2547000,402
2011-07-29,403,406,393,393,2870000,393
2011-08-01,379,408,373,404,8214000,404
2011-08-02,396,396,392,392,3509000,392
2011-08-03,383,385,381,384,1891000,384
2011-08-04,388,392,387,388,4412000,388
2011-08-05,374,378,369,370,4371000,370
2011-08-08,364,371,358,360,2921000,360
2011-08-09,350,352,341,352,4548000,352
2011-08-10,363,365,350,350,2515000,350
2011-08-11,340,344,335,340,3423000,340
2011-08-12,342,344,334,336,2508000,336
2011-08-15,342,342,336,340,2607000,340
2011-08-16,340,341,333,334,3669000,334
2011-08-17,333,334,329,332,2489000,332
2011-08-18,328,328,312,313,6209000,313
2011-08-19,306,310,299,300,5191000,300
2011-08-22,301,307,293,294,3926000,294
2011-08-23,299,299,290,298,3439000,298
2011-08-24,303,307,289,292,4371000,292
2011-08-25,300,310,298,306,4468000,306
2011-08-26,301,306,298,305,4719000,305
2011-08-29,306,316,302,312,3335000,312
2011-08-30,317,325,317,320,2974000,320
2011-08-31,320,321,316,318,2150000,318
2011-09-01,319,321,318,320,2800000,320
2011-09-02,318,320,312,314,1655000,314
2011-09-05,306,308,300,301,2266000,301
2011-09-06,295,295,284,284,4460000,284
2011-09-07,291,299,290,297,3381000,297
2011-09-08,299,300,292,294,2185000,294
2011-09-09,289,290,284,284,5201000,284
2011-09-12,276,280,272,274,4009000,274
2011-09-13,275,281,271,279,3450000,279
2011-09-14,280,283,271,273,2977000,273
2011-09-15,279,283,278,280,2187000,280
2011-09-16,287,294,286,293,2195000,293
2011-09-20,285,286,280,281,2322000,281
2011-09-21,281,282,278,281,1746000,281
2011-09-22,276,276,269,270,2545000,270
2011-09-26,266,266,253,258,4808000,258
2011-09-27,265,272,264,272,2431000,272
2011-09-28,272,273,261,263,3502000,263
2011-09-29,255,266,255,264,5292000,264
2011-09-30,262,268,260,263,2803000,263
2011-10-03,255,257,241,245,5075000,245
2011-10-04,240,245,235,244,4619000,244
2011-10-05,245,247,235,236,3458000,236
2011-10-06,243,247,242,244,2327000,244
2011-10-07,250,257,248,253,3036000,253
2011-10-11,263,269,252,254,6253000,254
2011-10-12,252,256,243,255,7875000,255
2011-10-13,260,269,259,266,4412000,266
2011-10-14,266,273,260,270,6608000,270
2011-10-17,276,283,275,278,5730000,278
2011-10-18,268,269,263,268,4290000,268
2011-10-19,275,275,260,262,4093000,262
2011-10-20,262,262,253,253,4165000,253
2011-10-21,255,265,255,257,4589000,257
2011-10-24,263,269,261,269,2829000,269
2011-10-25,275,275,269,270,2660000,270
2011-10-26,272,295,269,286,11069000,286
2011-10-27,286,299,283,298,5720000,298
2011-10-28,303,305,295,295,4790000,295
2011-10-31,292,296,285,285,3367000,285
2011-11-01,283,283,274,274,3511000,274
2011-11-02,270,273,265,265,4108000,265
2011-11-04,297,298,284,292,14094000,292
2011-11-07,296,317,295,306,16468000,306
2011-11-08,304,311,299,308,10305000,308
2011-11-09,306,308,296,303,5814000,303
2011-11-10,295,307,292,307,7906000,307
2011-11-11,307,319,303,316,9549000,316
2011-11-14,317,322,308,313,7622000,313
2011-11-15,312,313,301,304,7058000,304
2011-11-16,296,309,295,298,12475000,298
2011-11-17,299,306,291,304,9018000,304
2011-11-18,305,313,303,311,6853000,311
2011-11-21,313,314,307,310,5242000,310
2011-11-22,307,321,302,315,7613000,315
2011-11-24,311,314,303,313,4795000,313
2011-11-25,312,320,308,312,4852000,312
2011-11-28,316,330,315,325,6805000,325
2011-11-29,333,335,328,331,6018000,331
2011-11-30,326,340,321,338,27529000,338
2011-12-01,346,355,345,352,8095000,352
2011-12-02,350,351,342,350,4717000,350
2011-12-05,355,355,337,339,6383000,339
2011-12-06,339,339,325,337,8262000,337
2011-12-07,333,347,331,343,8274000,343
2011-12-08,337,341,336,338,2494000,338
2011-12-09,327,339,327,333,6307000,333
2011-12-12,340,347,339,343,3105000,343
2011-12-13,341,342,337,340,2270000,340
2011-12-14,336,336,327,329,4474000,329
2011-12-15,325,326,313,314,3963000,314
2011-12-16,314,317,308,315,3821000,315
2011-12-19,319,322,309,316,3524000,316
2011-12-20,315,323,315,321,1971000,321
2011-12-21,327,329,320,324,1673000,324
2011-12-22,323,323,312,313,1765000,313
2011-12-26,318,318,310,316,2481000,316
2011-12-27,313,315,311,312,1141000,312
2011-12-28,312,312,303,305,3316000,305
2011-12-29,306,321,302,317,4729000,317
2011-12-30,314,325,314,322,2077000,322
2012-01-04,327,328,322,326,2511000,326
2012-01-05,325,327,322,324,2070000,324
2012-01-06,326,327,316,319,2429000,319
2012-01-10,319,322,314,319,1430000,319
2012-01-11,315,323,315,320,1486000,320
2012-01-12,314,319,311,314,2323000,314
2012-01-13,318,323,318,321,2278000,321
2012-01-16,320,321,315,317,1740000,317
2012-01-17,319,321,317,319,1584000,319
2012-01-18,320,338,319,333,3557000,333
2012-01-19,340,353,339,345,5318000,345
2012-01-20,350,352,340,343,2872000,343
2012-01-23,343,348,342,345,2472000,345
2012-01-24,340,341,334,338,2536000,338
2012-01-25,338,345,338,340,3548000,340
2012-01-26,340,351,340,342,2720000,342
2012-01-27,339,341,335,336,2355000,336
2012-01-30,332,339,332,336,1024000,336
2012-01-31,333,342,333,340,1579000,340
2012-02-01,340,342,335,336,1734000,336
2012-02-02,339,341,331,334,4016000,334
2012-02-03,341,370,338,358,9476000,358
2012-02-06,363,365,350,353,4673000,353
2012-02-07,353,361,352,355,3631000,355
2012-02-08,358,366,356,365,3515000,365
2012-02-09,366,371,359,370,4122000,370
2012-02-10,370,374,357,359,3314000,359
2012-02-13,356,361,350,357,2800000,357
2012-02-14,358,369,356,367,3064000,367
2012-02-15,368,379,365,379,4209000,379
2012-02-16,377,379,371,377,2745000,377
2012-02-17,384,384,376,377,3297000,377
2012-02-20,382,383,372,374,3577000,374
2012-02-21,371,384,369,376,3642000,376
2012-02-22,381,387,378,386,3829000,386
2012-02-23,385,390,378,389,2580000,389
2012-02-24,386,387,381,384,3390000,384
2012-02-27,390,394,386,388,3381000,388
2012-02-28,384,386,374,385,4081000,385
2012-02-29,387,390,381,381,4162000,381
2012-03-01,381,391,377,377,4289000,377
2012-03-02,385,387,378,380,3769000,380
2012-03-05,384,385,376,377,2671000,377
2012-03-06,379,380,371,373,3071000,373
2012-03-07,367,374,366,372,2331000,372
2012-03-08,380,388,379,384,3190000,384
2012-03-09,390,391,383,385,5826000,385
2012-03-12,391,391,376,376,2941000,376
2012-03-13,380,386,377,379,4069000,379
2012-03-14,387,388,382,382,4404000,382
2012-03-15,385,389,382,387,3582000,387
2012-03-16,390,396,385,393,4053000,393
2012-03-19,395,402,393,396,2996000,396
2012-03-21,394,395,387,388,2346000,388
2012-03-22,385,388,376,379,3666000,379
2012-03-23,375,375,366,367,3706000,367
2012-03-26,370,371,362,364,5926000,364
2012-03-27,368,370,362,365,5206000,365
2012-03-28,364,373,360,364,4776000,364
2012-03-29,364,364,356,357,3078000,357
2012-03-30,360,367,359,361,3070000,361
2012-04-02,366,368,361,361,2413000,361
2012-04-03,361,361,357,358,1505000,358
2012-04-04,365,367,353,354,3863000,354
2012-04-05,354,359,351,357,3606000,357
2012-04-06,357,357,346,349,3480000,349
2012-04-09,342,350,341,345,2296000,345
2012-04-10,346,349,341,342,2605000,342
2012-04-11,338,342,336,340,3075000,340
2012-04-12,344,350,340,349,2867000,349
2012-04-13,355,357,344,345,4814000,345
2012-04-16,345,355,342,349,5165000,349
2012-04-17,350,352,344,347,2882000,347
2012-04-18,354,360,350,359,3020000,359
2012-04-19,361,367,359,364,3474000,364
2012-04-20,366,369,361,368,2782000,368
2012-04-23,369,372,364,365,3493000,365
2012-04-24,364,370,362,369,3785000,369
2012-04-25,369,371,363,366,2962000,366
2012-04-26,370,371,367,368,2134000,368
2012-04-27,368,369,361,365,4587000,365
2012-05-01,363,363,349,354,4005000,354
2012-05-02,354,359,350,356,2161000,356
2012-05-07,343,347,341,342,2630000,342
2012-05-08,345,356,344,352,4274000,352
2012-05-09,352,352,342,345,3088000,345
2012-05-10,345,353,344,346,2373000,346
2012-05-11,351,355,335,336,5095000,336
2012-05-14,339,345,329,333,5150000,333
2012-05-15,328,333,323,332,4658000,332
2012-05-16,332,340,328,330,2846000,330
2012-05-17,328,344,325,341,4588000,341
2012-05-18,332,332,325,326,3551000,326
2012-05-21,324,329,320,323,4722000,323
2012-05-22,328,337,327,333,4811000,333
2012-05-23,333,333,321,322,5542000,322
2012-05-24,323,325,313,324,5570000,324
2012-05-25,327,328,317,320,3653000,320
2012-05-28,321,330,321,327,3737000,327
2012-05-29,326,328,318,328,4781000,328
2012-05-30,325,326,319,325,2382000,325
2012-05-31,315,321,310,318,4407000,318
2012-06-01,316,316,303,305,3753000,305
2012-06-04,295,300,294,300,3788000,300
2012-06-05,301,309,301,309,3524000,309
2012-06-06,309,320,307,318,3672000,318
2012-06-07,322,326,317,321,2875000,321
2012-06-08,322,322,313,316,5043000,316
2012-06-11,322,332,322,328,2162000,328
2012-06-12,320,334,319,332,4020000,332
2012-06-13,333,339,332,337,4068000,337
2012-06-14,331,338,330,337,3108000,337
2012-06-15,337,338,332,335,2355000,335
2012-06-18,344,346,340,343,2299000,343
2012-06-19,341,342,335,336,1961000,336
2012-06-20,340,342,336,337,2205000,337
2012-06-21,339,345,337,342,5001000,342
2012-06-22,336,344,335,340,2380000,340
2012-06-25,342,343,337,339,2001000,339
2012-06-26,332,337,325,331,1915000,331
2012-06-27,331,331,323,324,3121000,324
2012-06-28,330,333,321,323,3947000,323
2012-06-29,316,317,306,314,7770000,314
2012-07-02,320,321,316,319,3939000,319
2012-07-03,319,319,315,315,2271000,315
2012-07-04,316,319,309,310,4356000,310
2012-07-05,307,313,307,308,3187000,308
2012-07-06,309,314,308,311,4553000,311
2012-07-09,308,308,298,301,3379000,301
2012-07-10,302,305,295,297,3044000,297
2012-07-11,296,298,292,295,2143000,295
2012-07-12,292,293,286,287,2674000,287
2012-07-13,285,289,285,287,2736000,287
2012-07-17,287,288,278,280,2073000,280
2012-07-18,281,281,269,270,3517000,270
2012-07-19,273,282,273,275,3389000,275
2012-07-20,277,278,273,274,1474000,274
2012-07-23,271,272,265,266,1770000,266
2012-07-24,262,267,261,264,2110000,264
2012-07-25,261,262,253,261,3417000,261
2012-07-26,264,271,261,270,3279000,270
2012-07-27,276,277,271,274,2163000,274
2012-07-30,278,281,274,275,1857000,275
2012-07-31,272,280,267,276,1984000,276
2012-08-01,277,292,276,289,4834000,289
2012-08-02,289,300,287,299,3894000,299
2012-08-03,294,297,292,294,2446000,294
2012-08-06,301,303,298,302,2336000,302
2012-08-07,305,309,302,308,2536000,308
2012-08-08,311,316,303,306,4817000,306
2012-08-09,304,314,303,312,3636000,312
2012-08-10,309,312,304,308,2585000,308
2012-08-13,308,312,308,311,1113000,311
2012-08-14,313,314,310,313,1471000,313
2012-08-15,313,313,302,307,2008000,307
2012-08-16,305,313,300,312,3723000,312
2012-08-17,313,321,313,321,2106000,321
2012-08-20,321,323,311,314,1690000,314
2012-08-21,315,319,314,317,2099000,317
2012-08-22,316,317,312,315,1619000,315
2012-08-23,312,316,305,314,2246000,314
2012-08-24,306,307,298,301,2573000,301
2012-08-27,303,304,294,298,3186000,298
2012-08-28,299,301,288,291,3088000,291
2012-08-29,291,296,290,290,3082000,290
2012-08-30,292,293,282,283,3400000,283
2012-08-31,280,280,269,272,3354000,272
2012-09-03,274,277,267,271,2553000,271
2012-09-04,275,279,271,277,2353000,277
2012-09-05,278,279,265,265,2911000,265
2012-09-06,266,266,261,262,2272000,262
2012-09-07,275,277,269,274,2758000,274
2012-09-10,275,276,267,271,3092000,271
2012-09-11,269,269,262,264,1824000,264
2012-09-12,264,269,259,269,3785000,269
2012-09-13,271,280,271,278,3057000,278
2012-09-14,284,292,284,287,6265000,287
2012-09-18,288,298,282,295,4314000,295
2012-09-19,299,309,295,308,4767000,308
2012-09-20,301,304,291,291,4444000,291
2012-09-21,292,295,285,293,3613000,293
2012-09-24,289,291,277,280,4212000,280
2012-09-25,278,284,276,280,3015000,280
2012-09-26,271,277,270,271,2659000,271
2012-09-27,265,270,262,267,2506000,267
2012-09-28,267,268,262,263,2736000,263
2012-10-01,263,268,262,265,1772000,265
2012-10-02,267,268,258,259,2538000,259
2012-10-03,261,263,256,256,1903000,256
2012-10-04,256,261,255,258,2212000,258
2012-10-05,264,265,256,262,2620000,262
2012-10-09,258,260,251,255,2240000,255
2012-10-10,249,250,242,245,4088000,245
2012-10-11,242,251,241,244,3471000,244
2012-10-12,244,248,242,243,3898000,243
2012-10-15,243,251,242,251,4098000,251
2012-10-16,255,257,249,257,4256000,257
2012-10-17,259,262,256,261,3870000,261
2012-10-18,264,269,261,267,4950000,267
2012-10-19,265,272,262,270,3536000,270
2012-10-22,265,272,263,271,3234000,271
2012-10-23,273,274,263,266,3368000,266
2012-10-24,260,270,257,265,2399000,265
2012-10-25,260,265,259,263,3103000,263
2012-10-26,263,263,256,257,3625000,257
2012-10-29,257,259,254,255,1643000,255
2012-10-30,252,258,252,253,2395000,253
2012-10-31,257,263,255,262,1965000,262
2012-11-01,263,263,256,260,2709000,260
2012-11-02,264,265,258,260,2673000,260
2012-11-05,259,284,259,279,9110000,279
2012-11-06,278,279,272,276,3009000,276
2012-11-07,277,288,277,287,5342000,287
2012-11-08,280,284,279,284,3853000,284
2012-11-09,285,286,279,284,3406000,284
2012-11-12,279,282,277,280,1912000,280
2012-11-13,278,280,269,273,3456000,273
2012-11-14,271,271,263,267,3856000,267
2012-11-15,269,289,267,289,5295000,289
2012-11-16,291,295,287,290,4723000,290
2012-11-19,299,300,291,294,4086000,294
2012-11-20,298,298,292,294,2388000,294
2012-11-21,298,300,293,297,2505000,297
2012-11-22,302,305,299,305,2120000,305
2012-11-26,309,310,305,305,2307000,305
2012-11-27,303,304,297,299,2088000,299
2012-11-28,295,295,286,289,2673000,289
2012-11-29,293,298,291,295,1483000,295
2012-11-30,297,300,291,297,2485000,297
2012-12-03,299,299,292,294,2118000,294
2012-12-04,292,293,285,288,2371000,288
2012-12-05,286,292,285,289,1856000,289
2012-12-06,293,295,289,293,2057000,293
2012-12-07,294,294,288,290,2017000,290
2012-12-10,294,295,290,290,1016000,290
2012-12-11,291,292,287,292,978000,292
2012-12-12,294,297,292,296,1960000,296
2012-12-13,298,305,296,301,4712000,301
2012-12-14,298,301,292,298,4901000,298
2012-12-17,304,305,288,291,5149000,291
2012-12-18,292,294,281,282,6409000,282
2012-12-19,286,296,283,296,6011000,296
2012-12-20,293,294,287,288,3908000,288
2012-12-21,295,295,285,287,5677000,287
2012-12-25,289,290,282,284,2696000,284
2012-12-26,287,293,285,293,2757000,293
2012-12-27,294,300,294,296,3367000,296
2012-12-28,303,305,300,304,3651000,304
2013-01-04,312,314,308,311,4249000,311
2013-01-07,315,315,304,307,4389000,307
2013-01-08,304,304,296,298,3848000,298
2013-01-09,295,304,294,303,5157000,303
2013-01-10,306,307,302,305,3755000,305
2013-01-11,306,308,298,301,5547000,301
2013-01-15,303,304,295,298,5832000,298
2013-01-16,299,300,294,296,4494000,296
2013-01-17,293,294,282,286,6914000,286
2013-01-18,291,295,289,293,6544000,293
2013-01-21,294,294,286,286,5362000,286
2013-01-22,288,289,283,284,6144000,284
2013-01-23,283,285,280,280,4673000,280
2013-01-24,281,287,278,282,4199000,282
2013-01-25,285,286,283,286,4217000,286
2013-01-28,291,292,283,284,4031000,284
2013-01-29,283,293,282,293,5271000,293
2013-01-30,294,305,293,305,8793000,305
2013-01-31,302,309,300,309,5065000,309
2013-02-01,311,312,301,305,4832000,305
2013-02-04,313,313,305,308,4615000,308
2013-02-05,305,305,299,300,4688000,300
2013-02-06,306,309,304,307,5065000,307
2013-02-07,305,306,300,302,6421000,302
2013-02-08,302,305,298,300,5952000,300
2013-02-12,304,305,297,298,4216000,298
2013-02-13,300,300,287,294,5427000,294
2013-02-14,293,303,293,302,4777000,302
2013-02-15,300,301,295,300,3885000,300
2013-02-18,303,304,299,300,2949000,300
2013-02-19,299,301,297,300,2651000,300
2013-02-20,301,303,298,299,2441000,299
2013-02-21,300,302,298,302,3412000,302
2013-02-22,301,305,294,305,4964000,305
2013-02-25,311,326,311,326,12027000,326
2013-02-26,318,325,316,320,6709000,320
2013-02-27,321,323,314,318,5159000,318
2013-02-28,324,332,323,331,6587000,331
2013-03-01,329,329,322,324,4226000,324
2013-03-04,328,330,318,319,3822000,319
2013-03-05,322,323,318,320,2786000,320
2013-03-06,324,326,320,321,2203000,321
2013-03-07,323,324,318,321,2653000,321
2013-03-08,323,328,321,328,7060000,328
2013-03-11,332,340,330,338,6501000,338
2013-03-12,338,343,336,340,4820000,340
2013-03-13,336,338,332,334,2399000,334
2013-03-14,336,337,329,337,3238000,337
2013-03-15,339,339,333,336,2398000,336
2013-03-18,330,333,327,329,2520000,329
2013-03-19,331,341,331,340,3097000,340
2013-03-21,343,344,336,338,2491000,338
2013-03-22,335,336,328,328,3772000,328
2013-03-25,332,333,325,329,3064000,329
2013-03-26,326,329,323,327,2357000,327
2013-03-27,325,327,322,326,1583000,326
2013-03-28,326,326,320,322,2690000,322
2013-03-29,321,323,315,317,1913000,317
2013-04-01,319,319,312,313,2621000,313
2013-04-02,300,302,292,296,5269000,296
2013-04-03,297,297,285,290,6193000,290
2013-04-04,284,287,275,286,7846000,286
2013-04-05,295,297,282,283,6444000,283
2013-04-08,293,295,290,293,4303000,293
2013-04-09,297,303,297,301,4190000,301
2013-04-10,303,313,303,312,5396000,312
2013-04-11,317,317,310,313,3561000,313
2013-04-12,314,314,304,308,5211000,308
2013-04-15,310,310,299,301,3659000,301
2013-04-16,294,298,291,296,5139000,296
2013-04-17,301,303,300,300,2583000,300
2013-04-18,296,300,294,296,2469000,296
2013-04-19,298,302,296,301,2253000,301
2013-04-22,309,309,302,305,3327000,305
2013-04-23,305,307,304,305,2456000,305
2013-04-24,308,318,307,318,6362000,318
2013-04-25,321,321,315,318,3533000,318
2013-04-26,320,320,316,316,2746000,316
2013-04-30,313,315,308,311,3036000,311
2013-05-01,300,302,296,300,5145000,300
2013-05-02,299,302,298,298,2481000,298
2013-05-07,306,312,304,311,4479000,311
2013-05-08,312,318,311,316,2943000,316
2013-05-09,317,322,314,319,3560000,319
2013-05-10,325,328,318,328,7055000,328
2013-05-13,332,347,331,337,6117000,337
2013-05-14,342,353,339,348,7272000,348
2013-05-15,360,374,359,367,7307000,367
2013-05-16,375,389,372,388,11917000,388
2013-05-17,381,390,375,386,7700000,386
2013-05-20,394,400,392,394,4754000,394
2013-05-21,386,402,382,393,4792000,393
2013-05-22,397,410,396,405,5391000,405
2013-05-23,405,418,372,372,8440000,372
2013-05-24,388,393,365,383,5127000,383
2013-05-27,367,374,357,358,2806000,358
2013-05-28,355,379,355,374,4489000,374
2013-05-29,385,386,367,371,3580000,371
2013-05-30,369,379,363,366,5488000,366
2013-05-31,376,383,368,371,4298000,371
2013-06-03,364,364,354,358,2638000,358
2013-06-04,353,373,351,371,3827000,371
2013-06-05,368,369,352,352,3796000,352
2013-06-06,345,355,343,347,3481000,347
2013-06-07,344,346,328,339,4719000,339
2013-06-10,347,360,346,359,2176000,359
2013-06-11,358,358,348,354,2892000,354
2013-06-12,343,355,339,352,3501000,352
2013-06-13,351,351,339,339,4684000,339
2013-06-14,352,366,350,351,7474000,351
2013-06-17,343,359,342,356,4291000,356
2013-06-18,357,366,354,356,2697000,356
2013-06-19,364,374,363,366,3381000,366
2013-06-20,360,362,352,354,4104000,354
2013-06-21,346,362,345,360,3920000,360
2013-06-24,368,372,359,362,2616000,362
2013-06-25,363,365,353,360,3193000,360
2013-06-26,365,365,352,358,2858000,358
2013-06-27,359,360,345,355,3314000,355
2013-06-28,360,367,357,362,3372000,362
2013-07-01,362,366,359,364,2269000,364
2013-07-02,366,375,364,375,3287000,375
2013-07-03,375,378,368,373,3163000,373
2013-07-04,369,371,361,363,2317000,363
2013-07-05,370,383,369,378,5996000,378
2013-07-08,386,387,373,373,3448000,373
2013-07-09,373,388,373,387,3554000,387
2013-07-10,384,388,377,382,3075000,382
2013-07-11,379,384,376,383,3465000,383
2013-07-12,387,390,383,390,3559000,390
2013-07-16,398,401,395,398,3462000,398
2013-07-17,396,396,392,395,1834000,395
2013-07-18,394,397,388,396,2497000,396
2013-07-19,400,400,381,389,3453000,389
2013-07-22,390,392,379,386,2806000,386
2013-07-23,385,396,383,394,2122000,394
2013-07-24,396,412,394,407,4615000,407
2013-07-25,404,409,398,404,2970000,404
2013-07-26,401,401,389,394,2165000,394
2013-07-29,381,385,373,374,1994000,374
2013-07-30,370,391,370,388,2005000,388
2013-07-31,377,391,375,385,2297000,385
2013-08-01,413,417,400,415,8705000,415
2013-08-02,420,424,411,422,5202000,422
2013-08-05,420,422,412,416,3157000,416
2013-08-06,421,428,414,420,3571000,420
2013-08-07,412,415,407,407,3102000,407
2013-08-08,404,412,391,395,2773000,395
2013-08-09,400,414,399,412,3875000,412
2013-08-12,406,418,403,417,2406000,417
2013-08-13,420,426,416,425,2198000,425
2013-08-14,426,442,424,440,4222000,440
2013-08-15,438,441,432,434,2827000,434
2013-08-16,434,434,422,428,1817000,428
2013-08-19,424,429,419,425,1601000,425
2013-08-20,424,434,422,424,2468000,424
2013-08-21,421,429,416,424,1638000,424
2013-08-22,419,422,414,418,1764000,418
2013-08-23,425,433,423,430,2446000,430
2013-08-26,434,440,432,436,2508000,436
2013-08-27,436,447,435,439,4122000,439
2013-08-28,426,430,419,423,3636000,423
2013-08-29,430,440,428,436,3232000,436
2013-08-30,435,437,419,424,3775000,424
2013-09-02,428,428,421,422,1817000,422
2013-09-03,428,433,425,432,2253000,432
2013-09-04,426,432,425,429,2589000,429
2013-09-05,440,441,431,435,2650000,435
2013-09-06,436,444,434,443,3939000,443
2013-09-09,450,456,447,455,2979000,455
2013-09-10,462,462,450,455,2507000,455
2013-09-11,452,452,440,444,2746000,444
2013-09-12,443,444,439,441,2072000,441
2013-09-13,445,458,445,453,4801000,453
2013-09-17,459,468,457,467,2780000,467
2013-09-18,469,476,466,470,2990000,470
2013-09-19,473,487,466,486,4178000,486
2013-09-20,487,488,480,482,3645000,482
2013-09-24,478,487,476,485,2047000,485
2013-09-25,500,519,489,496,10173000,496
2013-09-26,502,517,493,515,6831000,515
2013-09-27,517,517,508,513,3440000,513
2013-09-30,505,510,500,500,2471000,500
2013-10-01,506,512,501,511,4151000,511
2013-10-02,520,529,509,510,8233000,510
2013-10-03,515,529,513,520,6529000,520
2013-10-04,510,519,500,512,4665000,512
2013-10-07,515,515,502,504,2191000,504
2013-10-08,498,512,493,509,2957000,509
2013-10-09,507,521,502,521,2420000,521
2013-10-10,521,533,513,526,4776000,526
2013-10-11,527,530,515,524,6462000,524
2013-10-15,527,527,516,524,3381000,524
2013-10-16,522,526,519,524,2436000,524
2013-10-17,527,533,527,533,2866000,533
2013-10-18,530,533,523,528,2559000,528
2013-10-21,532,542,531,541,4131000,541
2013-10-22,546,552,541,545,4905000,545
2013-10-23,550,551,540,540,3645000,540
2013-10-24,536,554,526,538,9911000,538
2013-10-25,528,533,513,518,5811000,518
2013-10-28,524,535,521,534,2372000,534
2013-10-29,535,535,522,529,2884000,529
2013-10-30,531,536,528,536,2859000,536
2013-10-31,537,551,535,542,4995000,542
2013-11-01,543,544,522,528,3466000,528
2013-11-05,597,628,581,617,35207000,617
2013-11-06,610,653,608,633,18596000,633
2013-11-07,620,645,618,626,10018000,626
2013-11-08,613,635,613,632,4743000,632
2013-11-11,639,645,629,634,3912000,634
2013-11-12,640,671,634,671,12870000,671
2013-11-13,666,668,644,651,7874000,651
2013-11-14,663,665,645,650,5874000,650
2013-11-15,659,662,651,660,4968000,660
2013-11-18,667,696,660,692,13154000,692
2013-11-19,682,686,668,682,6896000,682
2013-11-20,688,689,670,672,5701000,672
2013-11-21,686,710,685,710,10953000,710
2013-11-22,724,732,700,703,10849000,703
2013-11-25,714,718,705,711,5157000,711
2013-11-26,705,714,701,708,3995000,708
2013-11-27,702,717,697,715,5142000,715
2013-11-28,721,723,712,720,4329000,720
2013-11-29,719,737,716,723,6733000,723
2013-12-02,723,729,716,721,3111000,721
2013-12-03,727,728,715,716,6891000,716
2013-12-04,701,709,691,698,6379000,698
2013-12-05,699,716,699,704,6282000,704
2013-12-06,698,710,696,708,3027000,708
2013-12-09,718,720,710,719,4402000,719
2013-12-10,719,719,706,713,3091000,713
2013-12-11,706,712,703,708,2842000,708
2013-12-12,701,710,700,707,3641000,707
2013-12-13,704,720,702,711,7390000,711
2013-12-16,712,714,701,702,3027000,702
2013-12-17,709,722,706,719,4352000,719
2013-12-18,715,735,715,733,6432000,733
2013-12-19,766,784,753,758,10731000,758
2013-12-20,750,756,746,752,3896000,752
2013-12-24,758,767,745,747,4005000,747
2013-12-25,748,755,746,753,2820000,753
2013-12-26,766,772,762,770,3055000,770
2013-12-27,772,776,760,768,2168000,768
2013-12-30,774,774,764,769,2561000,769
2014-01-06,769,769,751,753,4109000,753
2014-01-07,755,764,753,760,2387000,760
2014-01-08,770,798,766,798,4326000,798
2014-01-09,796,796,783,790,2956000,790
2014-01-10,780,801,773,800,4901000,800
2014-01-14,766,784,765,768,4288000,768
2014-01-15,785,789,778,789,3038000,789
2014-01-16,800,817,794,796,5335000,796
2014-01-17,789,798,783,793,2523000,793
2014-01-20,791,794,777,784,1828000,784
2014-01-21,786,803,784,793,3046000,793
2014-01-22,799,802,779,800,5039000,800
2014-01-23,825,836,808,817,10740000,817
2014-01-24,809,857,805,849,13443000,849
2014-01-27,826,835,814,816,5689000,816
2014-01-28,820,827,812,818,4349000,818
2014-01-29,838,844,826,835,3484000,835
2014-01-30,814,814,796,806,4284000,806
2014-01-31,813,813,765,781,7120000,781
2014-02-03,766,774,755,756,4103000,756
2014-02-04,722,728,709,719,5354000,719
2014-02-05,790,854,782,795,23974000,795
2014-02-06,800,840,790,791,11415000,791
2014-02-07,816,826,793,819,7956000,819
2014-02-10,834,836,823,833,3778000,833
2014-02-12,845,845,833,843,5159000,843
2014-02-13,844,852,830,833,4072000,833
2014-02-14,828,850,809,815,4361000,815
2014-02-17,822,832,808,823,4080000,823
2014-02-18,832,848,826,840,5616000,840
2014-02-19,854,868,849,855,6012000,855
2014-02-20,858,860,837,842,3834000,842
2014-02-21,851,863,845,859,3620000,859
2014-02-24,866,890,856,885,8332000,885
2014-02-25,895,907,886,894,6821000,894
2014-02-26,891,898,886,890,3173000,890
2014-02-27,890,895,878,892,2654000,892
2014-02-28,894,900,886,897,4692000,897
2014-03-03,881,881,863,870,4015000,870
2014-03-04,846,888,832,877,4341000,877
2014-03-05,888,902,888,899,5224000,899
2014-03-06,902,918,897,917,5451000,917
2014-03-07,923,929,916,927,4146000,927
2014-03-10,930,961,929,956,6612000,956
2014-03-11,957,962,935,943,4960000,943
2014-03-12,923,937,918,922,4655000,922
2014-03-13,919,940,918,930,3341000,930
2014-03-14,895,907,888,891,6179000,891
2014-03-17,891,912,881,886,3851000,886
2014-03-18,910,928,908,923,3596000,923
2014-03-19,926,935,913,919,3540000,919
2014-03-20,924,925,901,909,4252000,909
2014-03-24,903,932,902,910,5850000,910
2014-03-25,904,912,861,883,6372000,883
2014-03-26,888,898,874,897,3896000,897
2014-03-27,881,885,859,882,6107000,882
2014-03-28,890,904,878,886,4922000,886
2014-03-31,899,922,890,918,5084000,918
2014-04-01,925,938,920,927,4680000,927
2014-04-02,940,950,936,944,5093000,944
2014-04-03,950,951,927,941,5107000,941
2014-04-04,941,948,933,946,2631000,946
2014-04-07,934,942,920,933,3033000,933
2014-04-08,921,923,886,888,5853000,888
2014-04-09,870,876,861,871,4530000,871
2014-04-10,900,902,873,881,3863000,881
2014-04-11,850,860,841,853,5462000,853
2014-04-14,842,850,828,840,4303000,840
2014-04-15,846,849,836,839,2802000,839
2014-04-16,843,857,832,856,3507000,856
2014-04-17,856,873,850,855,3446000,855
2014-04-18,858,875,857,869,2872000,869
2014-04-21,872,883,866,867,1619000,867
2014-04-22,865,866,840,842,3524000,842
2014-04-23,850,852,838,849,2584000,849
2014-04-24,850,862,842,856,2687000,856
2014-04-25,852,860,847,854,1869000,854
2014-04-28,837,844,829,837,2668000,837
2014-04-30,843,846,822,827,2832000,827
2014-05-01,830,873,830,871,4004000,871
2014-05-02,871,873,854,869,2975000,869
2014-05-07,861,861,837,837,2699000,837
2014-05-08,852,855,823,835,5643000,835
2014-05-09,832,858,828,853,3524000,853
2014-05-12,894,925,887,919,10734000,919
2014-05-13,930,940,918,931,5874000,931
2014-05-14,934,988,933,978,9116000,978
2014-05-15,963,988,963,979,5175000,979
2014-05-16,961,972,956,969,4022000,969
2014-05-19,969,998,966,967,5167000,967
2014-05-20,982,984,957,971,3537000,971
2014-05-21,969,994,962,991,4355000,991
2014-05-22,1002,1023,996,1018,6182000,1018
2014-05-23,1014,1037,1013,1027,4168000,1027
2014-05-26,1040,1053,1028,1037,4037000,1037
2014-05-27,1037,1052,1022,1041,4340000,1041
2014-05-28,1037,1045,1031,1033,2596000,1033
2014-05-29,1034,1041,1021,1035,2503000,1035
2014-05-30,1044,1082,1043,1057,6510000,1057
2014-06-02,1079,1092,1075,1078,4223000,1078
2014-06-03,1100,1105,1077,1091,4005000,1091
2014-06-04,1099,1114,1092,1097,3946000,1097
2014-06-05,1104,1104,1076,1085,3652000,1085
2014-06-06,1095,1095,1056,1067,4094000,1067
2014-06-09,1078,1095,1069,1087,3786000,1087
2014-06-10,1097,1124,1096,1121,6426000,1121
2014-06-11,1125,1133,1092,1105,5705000,1105
2014-06-12,1083,1109,1079,1090,4477000,1090
2014-06-13,1082,1111,1082,1109,3903000,1109
2014-06-16,1110,1110,1086,1091,1956000,1091
2014-06-17,1077,1095,1043,1081,5766000,1081
2014-06-18,1086,1092,1078,1088,1984000,1088
2014-06-19,1091,1116,1089,1115,3023000,1115
2014-06-20,1117,1122,1097,1121,4095000,1121
2014-06-23,1130,1143,1111,1142,4471000,1142
2014-06-24,1139,1157,1135,1146,3632000,1146
2014-06-25,1137,1143,1122,1136,2464000,1136
2014-06-26,1130,1133,1106,1114,4504000,1114
2014-06-27,1103,1104,1080,1085,4102000,1085
2014-06-30,1124,1139,1116,1138,4904000,1138
2014-07-01,1135,1143,1125,1139,3581000,1139
2014-07-02,1142,1146,1135,1136,2338000,1136
2014-07-03,1146,1170,1144,1159,3429000,1159
2014-07-04,1180,1232,1170,1218,6430000,1218
2014-07-07,1228,1240,1198,1200,6088000,1200
2014-07-08,1199,1211,1188,1207,3493000,1207
2014-07-09,1190,1203,1164,1192,4418000,1192
2014-07-10,1201,1202,1179,1179,2269000,1179
2014-07-11,1169,1196,1168,1183,2616000,1183
2014-07-14,1207,1217,1195,1209,2731000,1209
2014-07-15,1211,1219,1200,1214,2277000,1214
2014-07-16,1210,1234,1208,1228,3935000,1228
2014-07-17,1227,1227,1208,1210,3149000,1210
2014-07-18,1187,1204,1182,1202,1886000,1202
2014-07-22,1210,1223,1208,1221,1446000,1221
2014-07-23,1215,1226,1210,1220,1961000,1220
2014-07-24,1260,1267,1221,1234,5385000,1234
2014-07-25,1240,1243,1232,1242,1476000,1242
2014-07-28,1235,1241,1227,1240,1700000,1240
2014-07-29,1232,1240,1220,1235,3714000,1235
2014-07-30,1237,1264,1237,1254,4709000,1254
2014-07-31,1269,1295,1220,1237,7256000,1237
2014-08-01,1226,1267,1222,1261,4122000,1261
2014-08-04,1258,1288,1258,1275,2869000,1275
2014-08-05,1282,1289,1261,1261,2594000,1261
2014-08-06,1250,1271,1250,1259,3215000,1259
2014-08-07,1262,1275,1252,1268,3032000,1268
2014-08-08,1253,1276,1229,1239,4926000,1239
2014-08-11,1269,1280,1253,1275,3386000,1275
2014-08-12,1280,1312,1279,1309,4196000,1309
2014-08-13,1296,1315,1290,1311,3312000,1311
2014-08-14,1315,1330,1308,1315,3294000,1315
2014-08-15,1325,1343,1306,1314,4749000,1314
2014-08-18,1325,1332,1312,1316,3800000,1316
2014-08-19,1330,1333,1315,1318,2328000,1318
2014-08-20,1324,1324,1303,1316,3396000,1316
2014-08-21,1318,1319,1301,1317,2976000,1317
2014-08-22,1317,1324,1301,1304,3206000,1304
2014-08-25,1298,1325,1296,1324,2024000,1324
2014-08-26,1329,1329,1315,1322,2662000,1322
2014-08-27,1325,1328,1308,1310,3422000,1310
2014-08-28,1307,1317,1306,1316,2247000,1316
2014-08-29,1304,1312,1296,1302,3007000,1302
2014-09-01,1295,1312,1283,1312,1770000,1312
2014-09-02,1320,1342,1316,1341,3743000,1341
2014-09-03,1360,1434,1360,1419,8351000,1419
2014-09-04,1405,1408,1371,1375,4876000,1375
2014-09-05,1388,1389,1366,1371,2569000,1371
2014-09-08,1367,1369,1351,1356,2705000,1356
2014-09-09,1372,1378,1360,1362,1981000,1362
2014-09-10,1357,1385,1342,1383,3270000,1383
2014-09-11,1398,1404,1371,1381,3375000,1381
2014-09-12,1380,1391,1367,1386,3492000,1386
2014-09-16,1380,1391,1371,1388,2257000,1388
2014-09-17,1384,1391,1377,1387,1605000,1387
2014-09-18,1395,1398,1372,1380,3783000,1380
2014-09-19,1380,1414,1367,1406,3716000,1406
2014-09-22,1407,1411,1389,1400,1603000,1400
2014-09-24,1386,1424,1384,1412,2483000,1412
2014-09-25,1448,1488,1447,1484,5938000,1484
2014-09-26,1469,1493,1465,1486,3715000,1486
2014-09-29,1509,1548,1506,1543,4938000,1543
2014-09-30,1525,1529,1489,1496,7424000,1496
2014-10-01,1455,1475,1426,1426,8814000,1426
2014-10-02,1350,1383,1337,1352,8623000,1352
2014-10-03,1353,1418,1353,1416,8185000,1416
2014-10-06,1443,1445,1413,1434,4069000,1434
2014-10-07,1437,1449,1410,1413,4479000,1413
2014-10-08,1375,1429,1367,1423,5140000,1423
2014-10-09,1430,1450,1375,1382,5839000,1382
2014-10-10,1347,1364,1327,1337,6019000,1337
2014-10-14,1293,1313,1282,1292,6469000,1292
2014-10-15,1306,1323,1293,1310,5995000,1310
2014-10-16,1268,1291,1258,1264,6028000,1264
2014-10-17,1274,1301,1252,1256,5600000,1256
2014-10-20,1309,1357,1307,1354,8015000,1354
2014-10-21,1363,1379,1328,1333,6449000,1333
2014-10-22,1363,1389,1358,1389,5195000,1389
2014-10-23,1380,1416,1374,1404,4715000,1404
2014-10-24,1436,1443,1421,1438,5094000,1438
2014-10-27,1462,1466,1442,1452,4021000,1452
2014-10-28,1434,1437,1408,1426,3386000,1426
2014-10-29,1464,1487,1447,1470,6565000,1470
2014-10-30,1455,1462,1426,1440,7163000,1440
2014-10-31,1449,1488,1439,1478,6705000,1478
2014-11-04,1512,1542,1489,1493,7865000,1493
2014-11-05,1495,1518,1486,1512,5735000,1512
2014-11-06,1552,1558,1451,1462,10119000,1462
2014-11-07,1471,1509,1463,1484,8779000,1484
2014-11-10,1460,1482,1448,1456,3866000,1456
2014-11-11,1470,1473,1451,1468,3748000,1468
2014-11-12,1478,1482,1441,1446,4156000,1446
2014-11-13,1435,1448,1404,1439,7069000,1439
2014-11-14,1462,1462,1426,1444,5431000,1444
2014-11-17,1426,1427,1374,1378,7797000,1378
2014-11-18,1385,1443,1385,1439,5004000,1439
2014-11-19,1469,1477,1430,1443,4543000,1443
2014-11-20,1466,1466,1432,1438,3576000,1438
2014-11-21,1451,1454,1424,1453,5294000,1453
2014-11-25,1470,1493,1448,1474,28957000,1474
2014-11-26,1477,1508,1474,1502,5162000,1502
2014-11-27,1490,1512,1488,1499,3121000,1499
2014-11-28,1505,1509,1468,1487,4483000,1487
2014-12-01,1505,1505,1483,1499,2825000,1499
2014-12-02,1481,1499,1469,1498,3825000,1498
2014-12-03,1499,1501,1483,1495,3648000,1495
2014-12-04,1495,1515,1482,1512,4187000,1512
2014-12-05,1520,1575,1516,1575,7369000,1575
2014-12-08,1603,1620,1592,1600,5494000,1600
2014-12-09,1594,1635,1582,1585,5533000,1585
2014-12-10,1560,1581,1545,1562,4595000,1562
2014-12-11,1538,1595,1508,1578,6668000,1578
2014-12-12,1595,1662,1592,1648,8981000,1648
2014-12-15,1608,1645,1605,1610,5245000,1610
2014-12-16,1616,1649,1589,1616,6918000,1616
2014-12-17,1630,1650,1609,1616,4457000,1616
2014-12-18,1667,1694,1657,1664,6960000,1664
2014-12-19,1725,1737,1697,1733,7096000,1733
2014-12-22,1765,1767,1717,1733,4357000,1733
2014-12-24,1760,1770,1746,1760,3359000,1760
2014-12-25,1764,1807,1760,1803,3757000,1803
2014-12-26,1818,1872,1812,1864,3934000,1864
2014-12-29,1857,1864,1790,1826,6760000,1826
2014-12-30,1826,1847,1798,1804,4476000,1804
2015-01-05,1808,1866,1806,1857,6672000,1857
2015-01-06,1818,1830,1787,1800,5188000,1800
2015-01-07,1800,1826,1797,1808,3563000,1808
2015-01-08,1842,1849,1827,1838,3125000,1838
2015-01-09,1861,1863,1814,1826,3969000,1826
2015-01-13,1800,1833,1777,1807,4951000,1807
2015-01-14,1801,1819,1765,1772,3018000,1772
2015-01-15,1786,1831,1778,1827,3717000,1827
2015-01-16,1796,1817,1777,1794,4539000,1794
2015-01-19,1820,1835,1787,1800,3455000,1800
2015-01-20,1815,1827,1786,1796,4443000,1796
2015-01-21,1786,1823,1785,1817,4077000,1817
2015-01-22,1834,1841,1780,1787,4371000,1787
2015-01-23,1821,1840,1811,1830,3544000,1830
2015-01-26,1807,1840,1804,1834,2867000,1834
2015-01-27,1855,1900,1848,1900,5072000,1900
2015-01-28,1890,1920,1865,1869,4328000,1869
2015-01-29,1860,1877,1838,1843,2828000,1843
2015-01-30,1879,1892,1834,1837,3982000,1837
2015-02-02,1827,1835,1803,1824,3599000,1824
2015-02-03,1845,1852,1724,1738,7283000,1738
2015-02-04,1799,1805,1751,1766,4827000,1766
2015-02-05,1736,1779,1714,1763,4454000,1763
2015-02-06,1798,1809,1768,1774,3289000,1774
2015-02-09,1792,1794,1757,1765,3201000,1765
2015-02-10,1750,1767,1712,1723,4727000,1723
2015-02-12,1763,1764,1736,1745,3574000,1745
2015-02-13,1741,1742,1658,1670,7280000,1670
2015-02-16,1685,1686,1634,1657,5700000,1657
2015-02-17,1637,1729,1629,1716,5864000,1716
2015-02-18,1750,1813,1750,1794,8874000,1794
2015-02-19,1810,1858,1807,1852,6564000,1852
2015-02-20,1862,1882,1800,1849,6596000,1849
2015-02-23,1885,1887,1831,1840,4238000,1840
2015-02-24,1830,1855,1826,1836,3607000,1836
2015-02-25,1837,1841,1797,1801,4565000,1801
2015-02-26,1788,1806,1758,1799,5499000,1799
2015-02-27,1813,1815,1779,1806,4361000,1806
2015-03-02,1824,1833,1801,1824,3517000,1824
2015-03-03,1828,1828,1785,1791,3569000,1791
2015-03-04,1804,1804,1765,1794,2870000,1794
2015-03-05,1771,1781,1762,1769,2541000,1769
2015-03-06,1776,1782,1761,1765,2685000,1765
2015-03-09,1737,1777,1725,1763,2889000,1763
2015-03-10,1788,1842,1787,1837,6557000,1837
2015-03-11,1834,1877,1821,1824,6037000,1824
2015-03-12,1815,1845,1801,1823,2818000,1823
2015-03-13,1835,1841,1810,1821,4799000,1821
2015-03-16,1820,1848,1819,1843,2976000,1843
2015-03-17,1863,1955,1855,1952,8329000,1952
2015-03-18,1950,2080,1947,1995,7123000,1995
2015-03-19,1980,1990,1925,1963,5075000,1963
2015-03-20,1970,1980,1936,1957,3968000,1957
2015-03-23,1997,1997,1956,1972,2586000,1972
2015-03-24,1972,1978,1942,1947,2906000,1947
2015-03-25,1940,1987,1940,1979,3418000,1979
2015-03-26,1949,1959,1928,1950,3406000,1950
2015-03-27,1944,1989,1906,1924,3165000,1924
2015-03-30,1925,1930,1901,1912,1736000,1912
2015-03-31,1929,1944,1898,1898,2367000,1898
2015-04-01,1900,1919,1877,1898,3348000,1898
2015-04-02,1918,1953,1902,1931,3407000,1931
2015-04-03,1931,1944,1906,1927,2971000,1927
2015-04-06,1897,1919,1880,1897,2696000,1897
2015-04-07,1892,1905,1858,1872,6302000,1872
2015-04-08,1885,1893,1850,1861,4429000,1861
2015-04-09,1866,1869,1846,1856,4740000,1856
2015-04-10,1852,1858,1828,1828,5495000,1828
2015-04-13,1830,1832,1791,1815,3979000,1815
2015-04-14,1819,1849,1802,1816,3103000,1816
2015-04-15,1820,1855,1814,1847,5159000,1847
2015-04-16,1927,1927,1852,1883,7639000,1883
2015-04-17,1865,1865,1808,1812,5631000,1812
2015-04-20,1776,1815,1769,1799,4177000,1799
2015-04-21,1821,1831,1811,1825,2878000,1825
2015-04-22,1846,1862,1833,1854,3523000,1854
2015-04-23,1867,1874,1846,1857,2645000,1857
2015-04-24,1855,1855,1822,1830,2795000,1830
2015-04-27,1830,1832,1808,1817,1682000,1817
2015-04-28,1849,1881,1842,1875,4731000,1875
2015-04-30,1860,1870,1832,1849,4400000,1849
2015-05-01,1829,1848,1803,1823,4443000,1823
2015-05-07,1814,1828,1791,1797,4095000,1797
2015-05-08,1806,1840,1798,1834,3677000,1834
2015-05-11,1940,1992,1892,1984,12526000,1984
2015-05-12,1980,1998,1958,1997,3863000,1997
2015-05-13,1995,2020,1981,2015,3276000,2015
2015-05-14,2009,2097,2002,2070,5423000,2070
2015-05-15,2095,2099,2052,2088,3104000,2088
2015-05-18,2090,2122,2061,2121,4305000,2121
2015-05-19,2125,2198,2125,2186,5026000,2186
2015-05-20,2207,2215,2177,2186,4343000,2186
2015-05-21,2206,2278,2202,2250,4647000,2250
2015-05-22,2270,2275,2233,2270,2977000,2270
2015-05-25,2287,2295,2228,2252,3774000,2252
2015-05-26,2274,2274,2231,2235,2550000,2235
2015-05-27,2227,2268,2206,2258,3009000,2258
2015-05-28,2290,2329,2267,2274,3783000,2274
2015-05-29,2257,2304,2229,2300,5102000,2300
2015-06-01,2261,2295,2253,2291,2109000,2291
2015-06-02,2341,2358,2293,2300,4907000,2300
2015-06-03,2290,2339,2276,2284,2955000,2284
2015-06-04,2295,2302,2249,2255,2519000,2255
2015-06-05,2230,2248,2204,2221,2689000,2221
2015-06-08,2228,2230,2173,2204,2567000,2204
2015-06-09,2161,2190,2154,2158,2315000,2158
2015-06-10,2158,2178,2135,2139,2225000,2139
2015-06-11,2130,2146,2094,2126,4744000,2126
2015-06-12,2175,2231,2165,2222,5718000,2222
2015-06-15,2215,2226,2186,2214,3235000,2214
2015-06-16,2200,2203,2162,2170,2871000,2170
2015-06-17,2177,2186,2130,2144,2434000,2144
2015-06-18,2144,2151,2091,2104,3852000,2104
2015-06-19,2145,2191,2129,2161,3731000,2161
2015-06-22,2159,2175,2122,2148,2954000,2148
2015-06-23,2160,2177,2134,2163,4498000,2163
2015-06-24,2168,2168,2096,2100,7726000,2100
2015-06-25,2053,2100,2020,2070,8633000,2070
2015-06-26,2065,2090,2053,2067,4236000,2067
2015-06-29,1990,2043,1987,2003,3445000,2003
2015-06-30,2030,2039,2001,2021,2981000,2021
2015-07-01,2032,2042,2017,2031,2188000,2031
2015-07-02,2058,2103,2050,2064,4264000,2064
2015-07-03,2050,2054,1995,2017,4380000,2017
2015-07-06,1988,2016,1961,1972,3711000,1972
2015-07-07,2038,2042,1973,1977,4221000,1977
2015-07-08,1977,1978,1891,1891,4194000,1891
2015-07-09,1830,1935,1818,1927,5674000,1927
2015-07-10,1921,1926,1871,1879,4733000,1879
2015-07-13,1902,1932,1886,1904,3450000,1904
2015-07-14,1947,1963,1933,1949,3178000,1949
2015-07-15,1961,1965,1932,1947,2282000,1947
2015-07-16,1932,1948,1905,1944,2661000,1944
2015-07-17,1941,1957,1928,1952,1539000,1952
2015-07-21,1964,1964,1930,1955,2386000,1955
2015-07-22,1890,1904,1861,1891,4036000,1891
2015-07-23,1902,1929,1877,1882,3234000,1882
2015-07-24,1865,1871,1831,1837,3030000,1837
2015-07-27,1800,1818,1783,1808,3773000,1808
2015-07-28,1782,1879,1778,1866,4343000,1866
2015-07-29,1888,1912,1818,1842,5336000,1842
2015-07-30,1883,1897,1846,1859,3746000,1859
2015-07-31,1914,1943,1898,1943,4049000,1943
2015-08-03,1985,2074,1966,2057,9899000,2057
2015-08-04,2018,2054,2003,2006,4077000,2006
2015-08-05,1990,1991,1877,1880,7489000,1880
2015-08-06,1920,1923,1863,1868,4305000,1868
2015-08-07,1878,1909,1873,1897,2340000,1897
2015-08-10,1851,1858,1817,1835,3533000,1835
2015-08-11,1858,1861,1815,1833,3034000,1833
2015-08-12,1833,1857,1806,1820,3049000,1820
2015-08-13,1820,1843,1811,1828,2471000,1828
2015-08-14,1820,1832,1786,1790,3252000,1790
2015-08-17,1799,1799,1748,1760,3157000,1760
2015-08-18,1739,1741,1688,1698,7268000,1698
2015-08-19,1712,1725,1668,1677,3591000,1677
2015-08-20,1648,1675,1631,1663,4034000,1663
2015-08-21,1593,1626,1590,1595,3448000,1595
2015-08-24,1525,1554,1503,1503,4947000,1503
2015-08-25,1420,1580,1404,1486,8077000,1486
2015-08-26,1482,1546,1476,1527,7125000,1527
2015-08-27,1544,1563,1494,1504,6891000,1504
2015-08-28,1544,1565,1488,1509,9794000,1509
2015-08-31,1509,1509,1427,1453,7220000,1453
2015-09-01,1410,1423,1380,1380,5998000,1380
2015-09-02,1350,1429,1347,1389,5976000,1389
2015-09-03,1479,1549,1469,1513,11564000,1513
2015-09-04,1500,1506,1395,1425,6802000,1425
2015-09-07,1403,1433,1365,1418,4213000,1418
2015-09-08,1420,1422,1373,1381,4199000,1381
2015-09-09,1435,1480,1423,1480,4839000,1480
2015-09-10,1438,1470,1426,1466,3841000,1466
2015-09-11,1459,1469,1422,1428,7778000,1428
2015-09-14,1430,1431,1348,1356,6847000,1356
2015-09-15,1360,1386,1319,1321,6856000,1321
2015-09-16,1340,1384,1335,1348,5088000,1348
2015-09-17,1384,1441,1381,1432,7526000,1432
2015-09-18,1420,1424,1360,1388,6778000,1388
2015-09-24,1360,1378,1338,1351,5137000,1351
2015-09-25,1360,1363,1303,1341,3936000,1341
2015-09-28,1325,1325,1283,1290,3864000,1290
2015-09-29,1262,1262,1233,1235,4279000,1235
2015-09-30,1245,1274,1239,1261,3619000,1261
2015-10-01,1270,1314,1258,1297,4087000,1297
2015-10-02,1295,1318,1264,1294,2954000,1294
2015-10-05,1328,1355,1324,1331,3358000,1331
2015-10-06,1384,1388,1310,1315,4706000,1315
2015-10-07,1305,1311,1267,1286,7223000,1286
2015-10-08,1314,1366,1305,1332,6376000,1332
2015-10-09,1352,1404,1345,1400,6023000,1400
2015-10-13,1413,1417,1352,1358,5716000,1358
2015-10-14,1338,1343,1312,1329,3736000,1329
2015-10-15,1304,1341,1284,1331,4295000,1331
2015-10-16,1344,1350,1323,1333,3492000,1333
2015-10-19,1333,1339,1295,1300,3176000,1300
2015-10-20,1306,1317,1297,1312,2493000,1312
2015-10-21,1302,1352,1299,1341,4917000,1341
2015-10-22,1332,1386,1326,1351,6007000,1351
2015-10-23,1391,1398,1368,1375,5790000,1375
2015-10-26,1408,1461,1400,1445,7294000,1445
2015-10-27,1430,1440,1357,1363,10939000,1363
2015-10-28,1367,1370,1300,1311,11211000,1311
2015-10-29,1360,1362,1333,1344,8943000,1344
2015-10-30,1344,1362,1314,1346,5577000,1346
2015-11-02,1335,1369,1328,1359,3470000,1359
2015-11-04,1385,1392,1367,1378,4091000,1378
2015-11-05,1361,1395,1350,1394,3472000,1394
2015-11-06,1430,1480,1373,1457,14793000,1457
2015-11-09,1482,1540,1476,1537,13354000,1537
2015-11-10,1505,1522,1487,1514,6614000,1514
2015-11-11,1505,1528,1482,1498,5141000,1498
2015-11-12,1490,1495,1461,1481,3778000,1481
2015-11-13,1451,1472,1446,1467,3393000,1467
2015-11-16,1407,1439,1406,1426,4068000,1426
2015-11-17,1457,1482,1457,1462,3684000,1462
2015-11-18,1468,1479,1427,1430,3750000,1430
2015-11-19,1458,1477,1452,1466,4244000,1466
2015-11-20,1468,1470,1445,1454,3476000,1454
2015-11-24,1450,1453,1435,1438,3609000,1438
2015-11-25,1426,1436,1422,1432,2956000,1432
2015-11-26,1320,1341,1286,1324,20424000,1324
2015-11-27,1336,1358,1316,1322,8705000,1322
2015-11-30,1328,1352,1326,1351,5818000,1351
2015-12-01,1350,1368,1345,1365,4906000,1365
2015-12-02,1305,1313,1262,1274,16852000,1274
2015-12-03,1267,1271,1235,1243,11166000,1243
2015-12-04,1228,1245,1217,1243,6992000,1243
2015-12-07,1264,1272,1248,1252,4057000,1252
2015-12-08,1252,1255,1221,1233,3991000,1233
2015-12-09,1224,1230,1213,1217,4618000,1217
2015-12-10,1206,1224,1202,1209,5033000,1209
2015-12-11,1207,1236,1207,1212,5591000,1212
2015-12-14,1184,1184,1144,1158,6290000,1158
2015-12-15,1146,1147,1116,1121,7854000,1121
2015-12-16,1144,1147,1123,1141,4964000,1141
2015-12-17,1164,1171,1131,1132,5764000,1132
2015-12-18,1121,1122,1073,1075,11795000,1075
2015-12-21,1051,1119,1036,1097,11438000,1097
2015-12-22,1123,1131,1041,1052,12432000,1052
2015-12-24,1040,1065,1031,1039,7709000,1039
2015-12-25,1021,1039,1008,1023,6972000,1023
2015-12-28,1034,1062,1034,1050,5485000,1050
2015-12-29,1049,1058,1028,1056,3798000,1056
2015-12-30,1056,1078,1046,1049,4220000,1049
2016-01-04,1051,1076,1041,1050,6616000,1050
2016-01-05,1050,1074,1045,1047,7605000,1047
2016-01-06,1046,1051,1016,1030,6339000,1030
2016-01-07,1020,1036,1000,1001,6293000,1001
2016-01-08,983,1025,972,1007,7218000,1007
2016-01-12,986,1000,939,943,7800000,943
2016-01-13,961,1003,961,985,6240000,985
2016-01-14,945,953,934,946,5449000,946
2016-01-15,963,976,925,931,4492000,931
2016-01-18,894,924,882,916,4849000,916
2016-01-19,911,948,907,935,5833000,935
2016-01-20,935,939,893,895,4298000,895
2016-01-21,899,952,895,906,10451000,906
2016-01-22,950,958,932,951,5344000,951
2016-01-25,976,980,940,946,5125000,946
2016-01-26,921,921,893,897,5017000,897
2016-01-27,912,922,905,918,4231000,918
2016-01-28,903,903,866,867,7998000,867
2016-01-29,876,927,862,924,10130000,924
2016-02-01,968,968,942,964,6579000,964
2016-02-02,950,951,898,906,5860000,906
2016-02-03,869,871,826,829,7601000,829
2016-02-04,854,901,831,881,12870000,881
2016-02-05,851,879,810,822,8063000,822
2016-02-08,798,826,784,822,5662000,822
2016-02-09,777,785,747,751,7350000,751
2016-02-10,742,758,716,735,8130000,735
2016-02-12,680,707,671,688,12961000,688
2016-02-15,710,753,710,748,7520000,748
2016-02-16,737,779,733,767,6694000,767
2016-02-17,771,817,751,765,8646000,765
2016-02-18,815,823,788,811,7301000,811
2016-02-19,796,800,770,794,5698000,794
2016-02-22,790,799,780,792,3733000,792
2016-02-23,807,843,805,819,6163000,819
2016-02-24,810,812,784,791,5019000,791
2016-02-25,791,812,791,809,4830000,809
2016-02-26,820,832,817,819,3907000,819
2016-02-29,834,866,828,830,4508000,830
2016-03-01,830,847,802,841,7224000,841
2016-03-02,880,909,871,902,7943000,902
2016-03-03,914,941,911,940,5725000,940
2016-03-04,955,992,951,973,7470000,973
2016-03-07,990,995,940,944,7494000,944
2016-03-08,938,940,906,925,7210000,925
2016-03-09,911,925,897,920,5954000,920
2016-03-10,932,936,891,904,5721000,904
2016-03-11,884,915,882,911,5119000,911
2016-03-14,930,958,927,949,3923000,949
2016-03-15,952,966,940,947,4262000,947
2016-03-16,940,953,936,944,2929000,944
2016-03-17,952,975,925,935,4321000,935
2016-03-18,932,946,907,917,3302000,917
2016-03-22,929,939,903,916,3687000,916
2016-03-23,908,914,883,886,4487000,886
2016-03-24,882,882,858,861,3907000,861
2016-03-25,861,888,853,885,3464000,885
2016-03-28,882,892,879,890,2203000,890
2016-03-29,875,884,859,880,2840000,880
2016-03-30,880,882,852,854,3486000,854
2016-03-31,862,898,862,878,6118000,878
2016-04-01,876,876,838,841,4639000,841
2016-04-04,831,849,813,823,3935000,823
2016-04-05,819,827,785,786,3798000,786
2016-04-06,772,792,768,781,4240000,781
2016-04-07,778,789,760,769,3967000,769
2016-04-08,756,808,755,796,4626000,796
2016-04-11,794,802,772,799,2871000,799
2016-04-12,792,854,790,847,4655000,847
2016-04-13,871,896,852,891,5903000,891
2016-04-14,913,932,907,924,5643000,924
2016-04-15,900,934,898,922,3975000,922
2016-04-18,877,893,875,882,3484000,882
2016-04-19,912,931,911,928,3132000,928
2016-04-20,943,953,927,932,3477000,932
2016-04-21,962,963,944,959,3427000,959
2016-04-22,948,975,941,974,3599000,974
2016-04-25,982,992,971,973,3233000,973
2016-04-26,958,972,940,940,4137000,940
2016-04-27,931,935,907,930,3918000,930
2016-04-28,934,986,916,919,7689000,919
2016-05-02,874,885,863,868,4010300,868
2016-05-06,876,891,855,860,3947900,860
2016-05-09,870,873,853,857,2864000,857
2016-05-10,855,875,833,874,4156100,874
2016-05-11,894,951,893,902,6247200,902
2016-05-12,890,892,861,891,4736600,891
2016-05-13,894,894,848,848,5115500,848
2016-05-16,848,874,848,864,3018200,864
2016-05-17,876,889,871,886,3112600,886
2016-05-18,871,883,853,859,5952500,859
2016-05-19,880,881,852,855,4305000,855
2016-05-20,853,858,841,855,3358100,855
2016-05-23,848,853,822,845,4155400,845
2016-05-24,832,833,807,810,5558900,810
2016-05-25,828,844,821,839,4889400,839
2016-05-26,851,861,830,835,2882800,835
2016-05-27,823,846,823,842,2481500,842
2016-05-30,848,861,843,861,2916100,861
2016-05-31,857,891,856,889,5328000,889
2016-06-01,877,905,873,892,5693500,892
2016-06-02,873,882,852,854,4308800,854
2016-06-03,850,863,835,839,3061100,839
2016-06-06,820,829,803,826,4180300,826
2016-06-07,826,855,825,849,3943200,849
2016-06-08,851,857,840,855,2620000,855
2016-06-09,842,848,816,824,3379000,824
2016-06-10,820,823,807,813,4574600,813
2016-06-13,787,793,766,766,4230600,766
2016-06-14,762,769,744,753,5593100,753
2016-06-15,748,784,748,777,4848700,777
2016-06-16,770,773,738,743,5593700,743
2016-06-17,758,762,743,753,6113500,753
2016-06-20,773,788,769,780,3948600,780
2016-06-21,772,782,753,780,3606000,780
2016-06-22,770,772,752,764,4084900,764
2016-06-23,753,774,740,773,4417400,773
2016-06-24,783,796,696,704,9649600,704
2016-06-27,704,706,655,666,7176400,666
2016-06-28,654,656,632,650,8328300,650
2016-06-29,670,680,660,676,3837500,676
2016-06-30,688,697,683,685,4994400,685
2016-07-01,688,699,674,677,4068500,677
2016-07-04,660,672,659,669,5071500,669
2016-07-05,679,680,639,645,6345500,645
2016-07-06,630,632,616,626,6295100,626
2016-07-07,624,636,617,621,5989800,621
2016-07-08,617,630,614,617,5943700,617
2016-07-11,637,657,637,652,5304900,652
2016-07-12,678,701,677,681,6467400,681
2016-07-13,730,730,711,716,7226400,716
2016-07-14,713,732,699,721,5969000,721
2016-07-15,740,773,738,754,8378500,754
2016-07-19,752,771,742,758,6297300,758
2016-07-20,751,751,725,734,5295900,734
2016-07-21,800,849,794,834,11412800,834
2016-07-22,809,851,806,828,7294100,828
2016-07-25,822,840,808,815,5249600,815
2016-07-26,806,807,776,785,4629800,785
2016-07-27,873,926,826,893,27108800,893
2016-07-28,894,902,818,826,15616000,826
2016-07-29,825,839,801,827,8466600,827
2016-08-01,820,828,801,819,4154100,819
2016-08-02,813,815,797,798,4076600,798
2016-08-03,774,814,772,783,5147000,783
2016-08-04,790,838,790,832,6802000,832
2016-08-05,831,874,820,848,8048500,848
2016-08-08,872,888,857,881,5542200,881
2016-08-09,881,897,870,895,4372500,895
2016-08-10,889,890,870,876,3205600,876
2016-08-12,875,907,863,905,4591100,905
2016-08-15,899,910,888,890,3071500,890
2016-08-16,895,907,874,874,3196000,874
2016-08-17,869,894,867,891,2776500,891
2016-08-18,890,929,875,908,5789600,908
2016-08-19,900,912,893,900,3554900,900
2016-08-22,912,932,908,927,3965700,927
2016-08-23,926,934,901,902,3768400,902
2016-08-24,906,911,891,894,2840300,894
2016-08-25,896,918,895,912,3333200,912
2016-08-26,913,920,892,892,3035600,892
2016-08-29,920,941,917,933,3542800,933
2016-08-30,928,947,926,945,2481200,945
2016-08-31,994,1056,991,1050,11586400,1050
2016-09-01,1035,1073,1032,1045,7804600,1045
2016-09-02,1020,1029,1004,1017,5057600,1017
2016-09-05,1047,1052,1017,1020,4058500,1020
2016-09-06,1014,1023,998,1007,3508700,1007
2016-09-07,974,983,957,979,5033500,979
2016-09-08,994,1008,970,979,4784400,979
2016-09-09,980,1014,970,1003,4705700,1003
2016-09-12,974,985,956,961,4383800,961
2016-09-13,962,965,941,963,3510000,963
2016-09-14,948,956,937,941,3838300,941
2016-09-15,934,959,928,947,3980400,947
2016-09-16,947,978,944,953,5138300,953
2016-09-20,935,958,925,947,5045800,947
2016-09-21,936,967,931,967,6923800,967
2016-09-23,964,964,947,954,3056100,954
2016-09-26,954,958,929,932,3838200,932
2016-09-27,917,940,904,940,3519800,940
2016-09-28,928,934,918,923,3185200,923
2016-09-29,937,977,937,970,4870800,970
2016-09-30,956,957,936,944,3908800,944
2016-10-03,957,965,940,944,2826700,944
2016-10-04,953,971,951,968,2992100,968
2016-10-05,975,983,965,975,2411900,975
2016-10-06,990,1012,989,990,4360200,990
2016-10-07,989,1006,986,1005,2752000,1005
2016-10-11,1021,1038,1021,1034,4038600,1034
2016-10-12,1008,1043,1002,1035,4300000,1035
2016-10-13,1039,1048,1003,1007,4391600,1007
2016-10-14,1002,1022,1000,1017,2873100,1017
2016-10-17,1028,1033,1018,1026,2557600,1026
2016-10-18,1019,1029,1005,1024,2320200,1024
2016-10-19,1027,1032,1018,1025,1655600,1025
2016-10-20,1019,1042,1013,1042,3060000,1042
2016-10-21,1048,1048,1024,1039,2629400,1039
2016-10-24,1043,1044,1029,1032,2048600,1032
2016-10-25,1040,1054,1036,1039,2983700,1039
2016-10-26,1031,1038,1029,1035,1791100,1035
2016-10-27,1041,1052,1038,1051,2414000,1051
2016-10-28,1061,1089,1061,1070,3685100,1070
2016-10-31,1068,1080,1058,1074,3658400,1074
2016-11-01,1071,1076,1052,1056,2573600,1056
2016-11-02,1026,1033,1011,1015,2983000,1015
2016-11-04,970,972,911,942,7134200,942
2016-11-07,961,975,952,969,2913100,969
2016-11-08,977,990,972,987,3848900,987
2016-11-09,985,1004,886,902,7610600,902
2016-11-10,989,992,969,991,5636100,991
2016-11-11,1004,1021,989,994,4257600,994
2016-11-14,1007,1035,1000,1028,3158800,1028
2016-11-15,1029,1035,1019,1028,3116600,1028
2016-11-16,1040,1060,1034,1059,4658400,1059
2016-11-17,1062,1072,1054,1070,3490200,1070
2016-11-18,1090,1118,1089,1114,8339000,1114
2016-11-21,1122,1139,1114,1139,4525800,1139
2016-11-22,1122,1133,1112,1131,3406200,1131
2016-11-24,1147,1154,1140,1150,4627700,1150
2016-11-25,1145,1183,1143,1163,4529000,1163
2016-11-28,1151,1154,1127,1151,3298500,1151
2016-11-29,1134,1143,1126,1136,3113500,1136
2016-11-30,1153,1155,1133,1134,3564300,1134
2016-12-01,1160,1194,1156,1172,6369400,1172
2016-12-02,1182,1182,1151,1179,4303700,1179
2016-12-05,1160,1177,1153,1171,2588800,1171
2016-12-06,1184,1191,1166,1185,4209000,1185
2016-12-07,1185,1194,1126,1170,11031400,1170
2016-12-08,1179,1185,1148,1163,4772100,1163
2016-12-09,1152,1185,1152,1181,6260800,1181
2016-12-12,1196,1221,1182,1193,4622100,1193
2016-12-13,1178,1179,1147,1163,4927200,1163
2016-12-14,1165,1170,1152,1167,2763600,1167
2016-12-15,1167,1200,1155,1177,4652500,1177
2016-12-16,1190,1210,1186,1205,4348300,1205
2016-12-19,1200,1210,1182,1198,2582600,1198
2016-12-20,1198,1198,1171,1183,2593000,1183
2016-12-21,1195,1208,1183,1187,3114100,1187
2016-12-22,1183,1194,1176,1183,1985800,1183
2016-12-26,1182,1182,1157,1159,2118800,1159
2016-12-27,1155,1159,1140,1143,2874000,1143
2016-12-28,1139,1150,1130,1132,3188200,1132
2016-12-29,1116,1116,1091,1096,4441500,1096
2016-12-30,1093,1103,1087,1096,3004300,1096
2017-01-04,1110,1146,1094,1146,4137200,1146
