Date,Open,High,Low,Close,Volume,Adj Close
2008-10-20,424,450,411,447,3201000,447
2008-10-21,462,468,457,467,2485000,467
2008-10-22,452,453,423,424,2497000,424
2008-10-23,410,418,395,417,3260000,417
2008-10-24,410,410,363,370,3199000,370
2008-10-27,365,380,301,309,6247000,309
2008-10-28,309,354,301,348,3433000,348
2008-10-29,384,384,333,358,4176000,358
2008-10-30,368,438,360,438,4143000,438
2008-10-31,443,457,420,423,3581000,423
2008-11-04,453,459,445,457,1979000,457
2008-11-05,482,518,478,502,4121000,502
2008-11-06,470,472,450,454,2310000,454
2008-11-07,411,441,405,424,3466000,424
2008-11-10,464,471,455,459,2985000,459
2008-11-11,450,471,444,450,2841000,450
2008-11-12,436,442,420,428,1832000,428
2008-11-13,410,412,393,399,2293000,399
2008-11-14,420,423,402,405,2153000,405
2008-11-17,400,422,386,402,1916000,402
2008-11-18,402,404,390,392,1626000,392
2008-11-19,395,402,363,367,2503000,367
2008-11-20,352,373,351,358,2406000,358
2008-11-21,350,378,340,375,1969000,375
2008-11-25,396,399,373,391,1624000,391
2008-11-26,396,403,387,396,1807000,396
2008-11-27,413,419,407,410,2025000,410
2008-11-28,405,419,397,416,2408000,416
2008-12-01,425,432,411,427,2872000,427
2008-12-02,401,404,376,380,2796000,380
2008-12-03,381,382,349,356,5078000,356
2008-12-04,346,352,323,323,4003000,323
2008-12-05,327,328,311,315,3047000,315
2008-12-08,321,345,320,344,2307000,344
2008-12-09,349,358,333,344,2434000,344
2008-12-10,345,350,337,343,3031000,343
2008-12-11,342,361,337,361,1884000,361
2008-12-12,351,357,339,342,2294000,342
2008-12-15,350,360,350,356,1193000,356
2008-12-16,352,367,347,361,1373000,361
2008-12-17,373,374,340,350,1822000,350
2008-12-18,348,354,325,333,3325000,333
2008-12-19,338,345,331,334,1877000,334
2008-12-22,339,343,336,342,1131000,342
2008-12-24,339,341,333,339,1043000,339
2008-12-25,348,348,336,339,730000,339
2008-12-26,341,349,339,349,688000,349
2008-12-29,346,350,338,346,881000,346
2008-12-30,341,357,341,356,872000,356
2009-01-05,376,379,368,376,1061000,376
2009-01-06,382,406,379,403,5278000,403
2009-01-07,412,450,411,444,6477000,444
2009-01-08,424,435,420,422,3712000,422
2009-01-09,417,423,394,403,2438000,403
2009-01-13,383,383,370,375,2311000,375
2009-01-14,385,402,382,398,2258000,398
2009-01-15,373,382,372,375,2571000,375
2009-01-16,388,391,376,389,1976000,389
2009-01-19,394,396,387,392,1551000,392
2009-01-20,382,384,368,380,1624000,380
2009-01-21,365,368,360,361,1827000,361
2009-01-22,365,382,340,378,5555000,378
2009-01-23,370,370,335,337,4570000,337
2009-01-26,335,342,331,334,1679000,334
2009-01-27,340,351,337,348,2786000,348
2009-01-28,350,353,343,349,2915000,349
2009-01-29,360,361,342,349,3291000,349
2009-01-30,340,341,331,333,2148000,333
2009-02-02,331,331,320,324,2040000,324
2009-02-03,325,340,325,328,1621000,328
2009-02-04,337,353,335,349,1665000,349
2009-02-05,354,394,350,382,5912000,382
2009-02-06,384,396,381,388,4169000,388
2009-02-09,400,413,397,397,4696000,397
2009-02-10,397,410,397,401,4312000,401
2009-02-12,386,393,378,380,2586000,380
2009-02-13,375,378,364,365,3683000,365
2009-02-16,365,366,352,354,2478000,354
2009-02-17,350,351,340,342,1632000,342
2009-02-18,339,361,337,357,2925000,357
2009-02-19,358,381,357,379,3578000,379
2009-02-20,373,386,369,374,3452000,374
2009-02-23,370,370,353,366,1999000,366
2009-02-24,356,364,352,358,2014000,358
2009-02-25,373,393,364,393,3376000,393
2009-02-26,388,402,385,386,3135000,386
2009-02-27,390,393,382,387,1967000,387
2009-03-02,377,387,372,375,1420000,375
2009-03-03,362,392,362,381,2764000,381
2009-03-04,377,409,377,406,3613000,406
2009-03-05,411,418,405,405,2431000,405
2009-03-06,395,400,392,393,2049000,393
2009-03-09,395,404,381,387,1327000,387
2009-03-10,382,398,382,392,2053000,392
2009-03-11,412,415,408,410,2340000,410
2009-03-12,407,413,403,404,1871000,404
2009-03-13,414,425,414,424,3327000,424
2009-03-16,419,432,419,428,1923000,428
2009-03-17,431,455,431,452,3470000,452
2009-03-18,465,470,445,455,2845000,455
2009-03-19,457,459,432,436,1773000,436
2009-03-23,428,455,427,451,2325000,451
2009-03-24,465,470,455,464,1916000,464
2009-03-25,469,469,459,463,1790000,463
2009-03-26,468,483,467,479,1732000,479
2009-03-27,489,502,478,480,2166000,480
2009-03-30,484,487,433,437,3279000,437
2009-03-31,432,450,422,425,3257000,425
2009-04-01,435,457,434,454,4607000,454
2009-04-02,464,478,460,475,3421000,475
2009-04-03,495,497,482,489,3373000,489
2009-04-06,490,502,481,485,3861000,485
2009-04-07,483,486,470,472,2242000,472
2009-04-08,460,465,447,455,3071000,455
2009-04-09,480,489,475,482,3210000,482
2009-04-10,495,498,470,477,2271000,477
2009-04-13,492,508,489,504,4643000,504
2009-04-14,514,516,491,495,3396000,495
2009-04-15,490,491,431,437,11321000,437
2009-04-16,447,468,442,449,8239000,449
2009-04-17,459,463,452,461,3045000,461
2009-04-20,465,481,459,479,3981000,479
2009-04-21,460,469,459,468,1927000,468
2009-04-22,470,474,446,450,4956000,450
2009-04-23,445,462,436,460,3173000,460
2009-04-24,450,465,442,457,4599000,457
2009-04-27,464,464,449,458,2424000,458
2009-04-28,454,459,438,440,4237000,440
2009-04-30,455,460,454,456,2918000,456
2009-05-01,457,468,454,467,2805000,467
2009-05-07,482,505,477,505,4507000,505
2009-05-08,499,519,490,514,3892000,514
2009-05-11,517,522,503,513,2307000,513
2009-05-12,503,523,503,511,2606000,511
2009-05-13,506,510,485,495,2188000,495
2009-05-14,480,484,471,476,2202000,476
2009-05-15,475,487,467,483,2030000,483
2009-05-18,475,476,465,472,1477000,472
2009-05-19,485,485,467,475,1643000,475
2009-05-20,480,497,477,496,2536000,496
2009-05-21,495,495,479,484,2315000,484
2009-05-22,478,481,472,479,1472000,479
2009-05-25,476,478,467,470,1913000,470
2009-05-26,475,476,462,468,1751000,468
2009-05-27,476,476,460,463,2058000,463
2009-05-28,463,484,461,481,2109000,481
2009-05-29,486,508,478,505,4034000,505
2009-06-01,504,511,497,506,2961000,506
2009-06-02,513,570,512,540,9897000,540
2009-06-03,540,545,524,532,3307000,532
2009-06-04,530,560,520,554,3466000,554
2009-06-05,575,609,575,594,8734000,594
2009-06-08,593,617,583,590,4084000,590
2009-06-09,619,676,612,636,15560000,636
2009-06-10,646,656,624,645,7274000,645
2009-06-11,645,665,637,652,4563000,652
2009-06-12,662,663,643,649,2938000,649
2009-06-15,648,649,613,618,4433000,618
2009-06-16,598,635,596,608,4856000,608
2009-06-17,632,675,620,673,9665000,673
2009-06-18,683,686,659,672,7418000,672
2009-06-19,673,679,629,655,4881000,655
2009-06-22,655,668,633,662,3294000,662
2009-06-23,649,649,618,622,4360000,622
2009-06-24,627,631,605,615,3624000,615
2009-06-25,624,641,616,631,2974000,631
2009-06-26,640,673,632,661,6516000,661
2009-06-29,662,691,649,656,7333000,656
2009-06-30,676,690,637,642,9510000,642
2009-07-01,652,678,646,664,6028000,664
2009-07-02,666,674,656,669,3015000,669
2009-07-03,652,683,652,679,3514000,679
2009-07-06,673,696,663,667,4036000,667
2009-07-07,672,674,641,646,3171000,646
2009-07-08,626,631,614,624,3214000,624
2009-07-09,610,630,604,620,2408000,620
2009-07-10,620,631,600,601,2653000,601
2009-07-13,585,596,562,568,4156000,568
2009-07-14,585,621,585,613,3415000,613
2009-07-15,627,634,601,619,4417000,619
2009-07-16,639,663,635,646,4814000,646
2009-07-17,641,650,613,626,3111000,626
2009-07-21,642,664,642,661,2987000,661
2009-07-22,667,673,650,671,2843000,671
2009-07-23,669,684,669,676,3142000,676
2009-07-24,675,682,654,665,4078000,665
2009-07-27,675,676,658,663,1884000,663
2009-07-28,668,672,654,662,2063000,662
2009-07-29,663,679,662,678,2501000,678
2009-07-30,680,683,656,666,2619000,666
2009-07-31,676,677,665,673,1338000,673
2009-08-03,663,684,663,684,1875000,684
2009-08-04,689,708,680,681,5763000,681
2009-08-05,680,687,656,657,2693000,657
2009-08-06,674,683,669,672,2087000,672
2009-08-07,667,673,653,667,1575000,667
2009-08-10,681,684,676,680,1218000,680
2009-08-11,673,679,669,676,1349000,676
2009-08-12,666,672,665,668,1118000,668
2009-08-13,669,680,665,676,1146000,676
2009-08-14,680,690,678,687,1599000,687
2009-08-17,677,679,664,667,1408000,667
2009-08-18,654,666,648,660,1978000,660
2009-08-19,660,662,637,638,2103000,638
2009-08-20,640,654,635,652,1325000,652
2009-08-21,653,664,643,655,1807000,655
2009-08-24,670,675,665,675,1190000,675
2009-08-25,679,690,676,687,3172000,687
2009-08-26,691,704,687,696,3113000,696
2009-08-27,686,693,675,682,1575000,682
2009-08-28,688,695,675,680,1377000,680
2009-08-31,684,693,665,672,1384000,672
2009-09-01,670,686,660,686,1617000,686
2009-09-02,666,675,663,674,1761000,674
2009-09-03,667,677,661,674,2320000,674
2009-09-04,675,675,651,655,1946000,655
2009-09-07,662,667,659,666,804000,666
2009-09-08,672,690,667,689,1916000,689
2009-09-09,688,695,677,683,1431000,683
2009-09-10,676,690,676,687,1042000,687
2009-09-11,685,690,673,675,1097000,675
2009-09-14,669,670,650,651,1367000,651
2009-09-15,664,673,657,668,1542000,668
2009-09-16,678,684,669,671,1487000,671
2009-09-17,680,681,663,673,1066000,673
2009-09-18,674,679,667,673,1103000,673
2009-09-24,683,690,676,688,1807000,688
2009-09-25,688,694,680,693,2133000,693
2009-09-28,663,669,650,660,2372000,660
2009-09-29,666,671,643,649,1944000,649
2009-09-30,639,650,635,648,1833000,648
2009-10-01,649,654,622,627,2050000,627
2009-10-02,600,625,587,625,3174000,625
2009-10-05,616,623,595,600,1755000,600
2009-10-06,623,642,621,637,4414000,637
2009-10-07,644,673,637,669,3272000,669
2009-10-08,668,676,657,675,1664000,675
2009-10-09,679,692,668,688,2327000,688
2009-10-13,694,718,691,716,3871000,716
2009-10-14,715,722,695,717,3745000,717
2009-10-15,735,776,728,767,13201000,767
2009-10-16,757,770,739,754,5644000,754
2009-10-19,725,742,718,741,4287000,741
2009-10-20,750,769,750,754,2859000,754
2009-10-21,751,761,737,739,4014000,739
2009-10-22,740,749,736,745,3022000,745
2009-10-23,765,777,748,769,4682000,769
2009-10-26,765,786,765,778,2567000,778
2009-10-27,774,779,747,748,2217000,748
2009-10-28,745,745,717,723,2491000,723
2009-10-29,703,708,688,703,4598000,703
2009-10-30,720,735,718,729,2230000,729
2009-11-02,720,721,696,709,2870000,709
2009-11-04,705,708,693,698,1889000,698
2009-11-05,698,708,686,694,1942000,694
2009-11-06,712,729,706,721,2942000,721
2009-11-09,721,739,713,727,2033000,727
2009-11-10,737,749,726,726,1888000,726
2009-11-11,731,740,718,723,1943000,723
2009-11-12,720,731,707,713,1413000,713
2009-11-13,710,712,686,690,2418000,690
2009-11-16,690,690,661,662,2856000,662
2009-11-17,672,682,646,649,3146000,649
2009-11-18,641,655,631,646,2704000,646
2009-11-19,639,651,631,641,2198000,641
2009-11-20,624,639,622,639,1712000,639
2009-11-24,639,653,632,646,2366000,646
2009-11-25,647,654,637,651,1943000,651
2009-11-26,641,668,640,660,2363000,660
2009-11-27,640,652,624,628,2979000,628
2009-11-30,635,651,635,647,2122000,647
2009-12-01,641,669,626,669,2798000,669
2009-12-02,659,670,647,665,2860000,665
2009-12-03,678,713,675,711,2939000,711
2009-12-04,707,714,699,706,2336000,706
2009-12-07,730,754,727,751,3649000,751
2009-12-08,743,748,736,739,1959000,739
2009-12-09,738,743,722,743,3069000,743
2009-12-10,726,743,717,718,3183000,718
2009-12-11,726,743,716,740,2133000,740
2009-12-14,745,746,730,740,2320000,740
2009-12-15,737,746,729,746,1398000,746
2009-12-16,753,760,740,749,1472000,749
2009-12-17,749,762,746,751,1794000,751
2009-12-18,744,753,735,743,1414000,743
2009-12-21,747,755,741,746,898000,746
2009-12-22,753,779,751,775,2971000,775
2009-12-24,785,791,781,783,1503000,783
2009-12-25,786,787,775,777,849000,777
2009-12-28,787,801,787,794,1809000,794
2009-12-29,791,799,775,778,1426000,778
2009-12-30,781,783,767,772,1071000,772
2010-01-04,777,817,777,810,4278000,810
2010-01-05,815,825,805,809,2367000,809
2010-01-06,813,813,801,810,1535000,810
2010-01-07,808,812,798,800,1162000,800
2010-01-08,804,820,804,817,2211000,817
2010-01-12,815,829,810,827,1939000,827
2010-01-13,820,837,817,819,1995000,819
2010-01-14,825,847,825,844,2067000,844
2010-01-15,850,855,839,845,1809000,845
2010-01-18,838,856,831,853,1666000,853
2010-01-19,857,861,834,840,1964000,840
2010-01-20,853,856,835,840,1365000,840
2010-01-21,831,854,820,845,1590000,845
2010-01-22,818,823,800,814,4034000,814
2010-01-25,790,792,765,780,3828000,780
2010-01-26,781,782,754,757,2990000,757
2010-01-27,743,748,725,725,3900000,725
2010-01-28,755,774,750,767,3493000,767
2010-01-29,758,764,741,749,2495000,749
2010-02-01,756,764,744,750,2703000,750
2010-02-02,759,775,756,765,2292000,765
2010-02-03,775,778,751,753,2474000,753
2010-02-04,758,762,744,756,1708000,756
2010-02-05,744,757,735,755,2657000,755
2010-02-08,751,751,715,716,2782000,716
2010-02-09,712,727,705,723,1953000,723
2010-02-10,729,737,720,721,1635000,721
2010-02-12,735,735,717,729,1718000,729
2010-02-15,726,733,716,719,1148000,719
2010-02-16,716,719,706,708,1821000,708
2010-02-17,720,747,720,745,2542000,745
2010-02-18,756,762,737,751,2708000,751
2010-02-19,763,768,735,737,2202000,737
2010-02-22,746,756,738,744,2014000,744
2010-02-23,742,745,723,733,2678000,733
2010-02-24,718,734,708,729,2434000,729
2010-02-25,735,740,710,714,1340000,714
2010-02-26,711,713,694,702,2597000,702
2010-03-01,700,717,697,709,1479000,709
2010-03-02,713,725,705,715,1928000,715
2010-03-03,714,721,703,709,2518000,709
2010-03-04,712,713,702,706,1677000,706
2010-03-05,713,735,710,735,2364000,735
2010-03-08,760,780,756,779,4749000,779
2010-03-09,777,788,774,785,3808000,785
2010-03-10,782,789,781,784,1077000,784
2010-03-11,796,809,795,808,2305000,808
2010-03-12,812,815,802,814,1779000,814
2010-03-15,813,818,801,804,1221000,804
2010-03-16,803,810,798,803,646000,803
2010-03-17,805,809,798,808,938000,808
2010-03-18,807,814,799,799,916000,799
2010-03-19,800,802,792,802,943000,802
2010-03-23,796,800,790,798,749000,798
2010-03-24,803,813,792,800,1345000,800
2010-03-25,808,808,784,791,2521000,791
2010-03-26,802,836,799,835,4282000,835
2010-03-29,830,864,826,861,3737000,861
2010-03-30,867,874,856,872,2168000,872
2010-03-31,870,871,852,855,1774000,855
2010-04-01,856,876,854,873,1851000,873
2010-04-02,875,880,864,868,1560000,868
2010-04-05,872,886,868,885,2339000,885
2010-04-06,888,889,846,852,4246000,852
2010-04-07,853,857,841,853,2304000,853
2010-04-08,839,852,836,840,1478000,840
2010-04-09,837,843,823,841,2094000,841
2010-04-12,849,851,832,834,1451000,834
2010-04-13,838,841,813,823,1909000,823
2010-04-14,835,836,818,829,1351000,829
2010-04-15,837,844,833,838,1876000,838
2010-04-16,842,842,830,831,1293000,831
2010-04-19,816,826,813,819,1636000,819
2010-04-20,817,828,798,804,4081000,804
2010-04-21,798,838,782,835,9387000,835
2010-04-22,828,848,820,845,5582000,845
2010-04-23,842,842,816,821,4701000,821
2010-04-26,824,829,816,825,3733000,825
2010-04-27,827,857,822,856,4643000,856
2010-04-28,841,848,832,839,3484000,839
2010-04-30,854,854,832,836,2307000,836
2010-05-06,821,822,798,801,2267000,801
2010-05-07,777,789,748,771,5224000,771
2010-05-10,771,786,758,776,3177000,776
2010-05-11,791,802,763,768,4058000,768
2010-05-12,765,778,755,763,3394000,763
2010-05-13,772,781,765,778,2278000,778
2010-05-14,770,774,753,755,3632000,755
2010-05-17,742,743,726,733,2190000,733
2010-05-18,739,741,710,721,3297000,721
2010-05-19,703,715,687,715,3983000,715
2010-05-20,705,710,682,687,3224000,687
2010-05-21,677,706,663,691,5185000,691
2010-05-24,691,694,671,690,2851000,690
2010-05-25,680,683,654,656,4306000,656
2010-05-26,666,680,652,669,4942000,669
2010-05-27,660,697,657,695,3930000,695
2010-05-28,705,717,702,715,3473000,715
2010-05-31,713,728,709,718,2649000,718
2010-06-01,716,718,704,709,2265000,709
2010-06-02,704,720,697,701,2416000,701
2010-06-03,716,739,714,735,2223000,735
2010-06-04,748,760,743,752,2757000,752
2010-06-07,729,729,708,710,2270000,710
2010-06-08,700,729,698,724,2191000,724
2010-06-09,724,724,701,708,2680000,708
2010-06-10,719,745,700,740,3218000,740
2010-06-11,755,784,755,775,5629000,775
2010-06-14,777,794,776,788,3378000,788
2010-06-15,785,804,781,784,3622000,784
2010-06-16,799,800,778,782,3182000,782
2010-06-17,769,779,761,763,2938000,763
2010-06-18,764,777,755,758,2250000,758
2010-06-21,759,800,757,793,5483000,793
2010-06-22,785,786,760,765,3603000,765
2010-06-23,750,758,741,750,2692000,750
2010-06-24,754,764,750,756,2274000,756
2010-06-25,741,745,714,718,3143000,718
2010-06-28,718,723,705,707,3083000,707
2010-06-29,704,709,670,675,4477000,675
2010-06-30,660,675,654,665,3381000,665
2010-07-01,660,665,637,643,3493000,643
2010-07-02,655,667,643,658,3669000,658
2010-07-05,672,681,665,673,3720000,673
2010-07-06,667,685,652,681,2874000,681
2010-07-07,694,695,666,667,4400000,667
2010-07-08,687,707,681,697,3825000,697
2010-07-09,700,709,691,702,2431000,702
2010-07-12,700,716,697,703,1524000,703
2010-07-13,705,708,691,693,1744000,693
2010-07-14,713,722,709,722,1802000,722
2010-07-15,714,720,702,707,2300000,707
2010-07-16,688,696,664,676,5404000,676
2010-07-20,668,687,663,677,3012000,677
2010-07-21,687,690,661,662,2979000,662
2010-07-22,652,653,632,639,3997000,639
2010-07-23,655,665,645,661,3678000,661
2010-07-26,675,681,673,678,1889000,678
2010-07-27,678,679,669,670,1750000,670
2010-07-28,684,688,677,683,2499000,683
2010-07-29,670,691,670,677,2742000,677
2010-07-30,668,670,649,651,3547000,651
2010-08-02,655,661,649,657,2563000,657
2010-08-03,672,673,658,667,1978000,667
2010-08-04,650,651,635,640,2920000,640
2010-08-05,654,654,640,650,2335000,650
2010-08-06,642,649,638,647,1564000,647
2010-08-09,639,643,636,638,1312000,638
2010-08-10,644,647,627,631,1993000,631
2010-08-11,621,621,606,609,2544000,609
2010-08-12,589,605,577,604,4069000,604
2010-08-13,614,616,596,612,2518000,612
2010-08-16,600,601,591,599,1608000,599
2010-08-17,583,589,575,579,4104000,579
2010-08-18,590,600,586,596,3755000,596
2010-08-19,597,627,596,621,3706000,621
2010-08-20,610,622,605,617,3514000,617
2010-08-23,617,619,604,609,2041000,609
2010-08-24,599,607,596,600,1662000,600
2010-08-25,590,600,583,588,2247000,588
2010-08-26,595,598,585,592,1446000,592
2010-08-27,582,612,582,608,1997000,608
2010-08-30,628,630,616,619,2395000,619
2010-08-31,604,605,581,582,3705000,582
2010-09-01,583,589,578,584,2631000,584
2010-09-02,593,595,563,577,4767000,577
2010-09-03,574,585,568,583,3388000,583
2010-09-06,591,612,586,612,2692000,612
2010-09-07,605,624,604,614,3528000,614
2010-09-08,600,600,592,594,1797000,594
2010-09-09,604,614,603,614,2276000,614
2010-09-10,624,628,620,625,2522000,625
2010-09-13,635,643,632,633,2249000,633
2010-09-14,637,637,626,631,1437000,631
2010-09-15,626,648,618,640,2740000,640
2010-09-16,656,656,647,654,3061000,654
2010-09-17,658,666,654,666,1394000,666
2010-09-21,676,677,662,664,1472000,664
2010-09-22,657,664,653,659,1022000,659
2010-09-24,649,655,641,641,1879000,641
2010-09-27,651,661,648,660,1215000,660
2010-09-28,655,679,653,671,2289000,671
2010-09-29,678,684,674,680,2278000,680
2010-09-30,675,682,673,673,2211000,673
2010-10-01,675,681,668,674,1904000,674
2010-10-04,675,683,664,666,1763000,666
2010-10-05,662,675,658,671,2482000,671
2010-10-06,679,692,674,691,2221000,691
2010-10-07,691,700,691,699,1544000,699
2010-10-08,697,705,690,690,1719000,690
2010-10-12,692,697,673,678,1724000,678
2010-10-13,688,690,675,679,1178000,679
2010-10-14,689,690,676,683,1765000,683
2010-10-15,676,678,661,664,2770000,664
2010-10-18,674,694,667,680,5480000,680
2010-10-19,685,703,684,694,3971000,694
2010-10-20,677,678,665,676,3264000,676
2010-10-21,665,667,652,657,3416000,657
2010-10-22,650,659,650,655,2116000,655
2010-10-25,653,654,644,649,2161000,649
2010-10-26,640,642,630,637,2678000,637
2010-10-27,643,645,632,636,2347000,636
2010-10-28,640,643,632,633,2112000,633
2010-10-29,635,643,621,629,1926000,629
2010-11-01,628,640,618,627,1936000,627
2010-11-02,630,633,623,625,1327000,625
2010-11-04,640,652,633,650,2975000,650
2010-11-05,668,681,665,676,3490000,676
2010-11-08,690,697,688,696,3223000,696
2010-11-09,694,704,690,699,3493000,699
2010-11-10,704,720,702,719,3346000,719
2010-11-11,720,725,711,714,2210000,714
2010-11-12,706,712,701,701,1315000,701
2010-11-15,705,713,702,710,1221000,710
2010-11-16,719,721,705,706,1388000,706
2010-11-17,696,699,687,699,2388000,699
2010-11-18,700,718,700,718,2367000,718
2010-11-19,729,731,718,722,1511000,722
2010-11-22,726,737,725,731,1259000,731
2010-11-24,716,746,713,746,3043000,746
2010-11-25,751,759,746,759,2869000,759
2010-11-26,750,755,734,735,1934000,735
2010-11-29,741,746,736,742,963000,742
2010-11-30,742,743,725,725,1460000,725
2010-12-01,725,732,718,732,1074000,732
2010-12-02,747,755,744,750,1939000,750
2010-12-03,755,756,749,753,1091000,753
2010-12-06,753,759,749,756,1261000,756
2010-12-07,751,753,743,747,1026000,747
2010-12-08,747,756,747,753,846000,753
2010-12-09,751,754,743,744,907000,744
2010-12-10,756,757,741,748,2239000,748
2010-12-13,752,768,748,768,1911000,768
2010-12-14,769,775,765,774,1402000,774
2010-12-15,777,781,774,779,1267000,779
2010-12-16,780,780,771,771,665000,771
2010-12-17,772,774,765,770,729000,770
2010-12-20,772,778,761,765,860000,765
2010-12-21,762,775,762,772,881000,772
2010-12-22,772,777,760,763,1553000,763
2010-12-24,763,766,756,764,814000,764
2010-12-27,758,779,757,778,1480000,778
2010-12-28,777,777,771,771,807000,771
2010-12-29,774,776,772,776,608000,776
2010-12-30,774,777,765,768,1059000,768
2011-01-04,774,783,773,779,1031000,779
2011-01-05,784,792,777,792,1801000,792
2011-01-06,800,819,799,813,2815000,813
2011-01-07,830,839,819,821,2646000,821
2011-01-11,817,820,812,816,1460000,816
2011-01-12,824,827,820,821,1063000,821
2011-01-13,830,830,812,816,1278000,816
2011-01-14,814,834,814,830,3038000,830
2011-01-17,852,863,846,851,3734000,851
2011-01-18,848,859,843,851,2289000,851
2011-01-19,865,877,862,876,3618000,876
2011-01-20,872,872,858,859,2367000,859
2011-01-21,860,860,825,830,3921000,830
2011-01-24,860,869,850,867,5452000,867
2011-01-25,877,891,872,886,4334000,886
2011-01-26,878,903,877,896,3485000,896
2011-01-27,893,907,887,897,2857000,897
2011-01-28,896,898,885,895,2022000,895
2011-01-31,881,889,874,887,2239000,887
2011-02-01,897,902,886,895,2216000,895
2011-02-02,906,927,903,922,3458000,922
2011-02-03,923,925,908,909,2266000,909
2011-02-04,896,920,896,906,3464000,906
2011-02-07,916,924,912,922,2275000,922
2011-02-08,923,924,912,914,1868000,914
2011-02-09,921,929,903,909,2844000,909
2011-02-10,906,910,896,908,1798000,908
2011-02-14,916,922,908,919,1277000,919
2011-02-15,926,971,925,967,4965000,967
2011-02-16,956,984,956,966,3346000,966
2011-02-17,981,982,962,968,2537000,968
2011-02-18,967,987,964,982,2611000,982
2011-02-21,982,982,969,974,1577000,974
2011-02-22,960,961,937,943,2294000,943
2011-02-23,928,951,927,938,1918000,938
2011-02-24,925,929,907,912,2441000,912
2011-02-25,907,933,904,922,3019000,922
2011-02-28,929,958,916,954,2152000,954
2011-03-01,969,983,967,981,2615000,981
2011-03-02,962,969,952,955,2705000,955
2011-03-03,955,979,954,972,2372000,972
2011-03-04,995,997,980,988,3589000,988
2011-03-07,983,983,962,968,2393000,968
2011-03-08,970,984,965,969,2544000,969
2011-03-09,984,994,972,994,7992000,994
2011-03-10,992,993,977,987,6324000,987
2011-03-11,972,979,956,956,6114000,956
2011-03-14,866,898,826,871,6735000,871
2011-03-15,850,853,721,800,7751000,800
2011-03-16,850,898,836,891,7561000,891
2011-03-17,846,925,841,908,4806000,908
2011-03-18,921,946,921,930,4958000,930
2011-03-22,948,957,935,944,4166000,944
2011-03-23,948,978,938,967,5298000,967
2011-03-24,968,974,945,948,7044000,948
2011-03-25,963,982,951,978,7608000,978
2011-03-28,984,986,953,966,21820000,966
2011-03-29,951,963,928,958,7747000,958
2011-03-30,958,1007,956,1006,5527000,1006
2011-03-31,1002,1003,975,986,5472000,986
2011-04-01,985,986,957,958,6188000,958
2011-04-04,959,972,951,955,3519000,955
2011-04-05,946,949,927,933,3711000,933
2011-04-06,933,934,903,912,5148000,912
2011-04-07,917,929,885,890,7195000,890
2011-04-08,897,923,884,915,4902000,915
2011-04-11,903,920,902,905,1683000,905
2011-04-12,885,889,873,879,3086000,879
2011-04-13,872,891,866,888,4410000,888
2011-04-14,880,895,875,891,2584000,891
2011-04-15,886,889,860,862,3670000,862
2011-04-18,863,868,847,863,4381000,863
2011-04-19,852,860,849,855,2011000,855
2011-04-20,870,896,868,883,4471000,883
2011-04-21,893,894,857,863,5621000,863
2011-04-22,908,932,901,926,9381000,926
2011-04-25,924,934,913,915,3685000,915
2011-04-26,915,924,907,907,3068000,907
2011-04-27,909,913,903,909,2357000,909
2011-04-28,918,944,915,943,4749000,943
2011-05-02,946,949,936,945,2038000,945
2011-05-06,920,920,905,912,3172000,912
2011-05-09,916,917,897,899,1903000,899
2011-05-10,903,912,894,910,2544000,910
2011-05-11,925,930,913,917,2568000,917
2011-05-12,920,929,916,916,2601000,916
2011-05-13,919,920,897,906,2899000,906
2011-05-16,895,907,890,894,2202000,894
2011-05-17,895,895,875,889,3169000,889
2011-05-18,890,900,880,893,2165000,893
2011-05-19,900,902,882,884,1107000,884
2011-05-20,888,898,880,882,2076000,882
2011-05-23,872,872,843,851,2909000,851
2011-05-24,840,848,832,847,2752000,847
2011-05-25,847,847,822,827,2745000,827
2011-05-26,838,860,836,856,2926000,856
2011-05-27,880,884,858,862,4907000,862
2011-05-30,866,874,854,868,2001000,868
2011-05-31,866,888,863,884,2404000,884
2011-06-01,885,887,871,880,2303000,880
2011-06-02,869,874,861,868,2782000,868
2011-06-03,863,871,848,850,2380000,850
2011-06-06,849,861,839,840,2308000,840
2011-06-07,833,857,833,845,2147000,845
2011-06-08,846,856,842,853,1761000,853
2011-06-09,850,854,840,849,2257000,849
2011-06-10,861,875,856,865,4388000,865
2011-06-13,850,862,850,856,1687000,856
2011-06-14,860,867,857,866,1476000,866
2011-06-15,873,873,860,867,1179000,867
2011-06-16,860,860,844,844,1893000,844
2011-06-17,850,853,835,841,1376000,841
2011-06-20,848,850,829,831,1627000,831
2011-06-21,836,842,830,842,2451000,842
2011-06-22,848,861,844,859,2215000,859
2011-06-23,853,864,851,859,1496000,859
2011-06-24,859,869,851,866,1938000,866
2011-06-27,862,885,860,874,2697000,874
2011-06-28,887,894,875,888,2883000,888
2011-06-29,896,909,895,908,3002000,908
2011-06-30,911,913,896,898,1988000,898
2011-07-01,902,915,899,915,2880000,915
2011-07-04,927,929,912,915,1960000,915
2011-07-05,908,910,886,892,3341000,892
2011-07-06,893,899,883,898,2641000,898
2011-07-07,901,911,897,900,1999000,900
2011-07-08,917,917,908,909,2159000,909
2011-07-11,900,907,896,898,941000,898
2011-07-12,883,887,878,882,1815000,882
2011-07-13,876,892,874,889,2012000,889
2011-07-14,891,894,882,888,1597000,888
2011-07-15,887,906,887,904,1715000,904
2011-07-19,898,920,898,911,3193000,911
2011-07-20,932,935,911,914,4630000,914
2011-07-21,915,924,903,924,2749000,924
2011-07-22,927,929,914,915,2614000,915
2011-07-25,910,910,898,903,2308000,903
2011-07-26,902,906,894,896,2643000,896
2011-07-27,897,909,892,906,2575000,906
2011-07-28,891,892,875,878,2565000,878
2011-07-29,874,875,853,855,2878000,855
2011-08-01,863,886,860,879,3248000,879
2011-08-02,870,871,846,849,3215000,849
2011-08-03,843,855,833,840,5780000,840
2011-08-04,848,858,836,841,3435000,841
2011-08-05,796,809,786,800,2878000,800
2011-08-08,781,788,763,764,4069000,764
2011-08-09,753,773,727,771,3967000,771
2011-08-10,799,810,770,774,3194000,774
2011-08-11,759,759,739,749,3650000,749
2011-08-12,752,756,732,736,2910000,736
2011-08-15,751,755,745,748,1660000,748
2011-08-16,755,764,754,762,1962000,762
2011-08-17,758,759,741,744,2183000,744
2011-08-18,741,743,712,712,3691000,712
2011-08-19,690,691,667,669,4818000,669
2011-08-22,661,679,630,632,5948000,632
2011-08-23,652,660,641,657,5815000,657
2011-08-24,674,687,649,653,5808000,653
2011-08-25,659,684,657,678,3633000,678
2011-08-26,670,702,669,701,3364000,701
2011-08-29,700,722,692,714,4055000,714
2011-08-30,722,731,720,725,2066000,725
2011-08-31,720,726,688,694,6720000,694
2011-09-01,704,718,703,715,2775000,715
2011-09-02,706,707,679,682,4872000,682
2011-09-05,670,671,650,654,4612000,654
2011-09-06,649,649,610,611,6219000,611
2011-09-07,630,649,628,643,5598000,643
2011-09-08,659,663,616,624,5663000,624
2011-09-09,620,629,602,605,6189000,605
2011-09-12,588,597,583,593,3945000,593
2011-09-13,597,609,592,604,5320000,604
2011-09-14,605,621,585,587,4350000,587
2011-09-15,597,607,592,600,3099000,600
2011-09-16,629,637,622,636,5095000,636
2011-09-20,623,623,598,603,5358000,603
2011-09-21,608,608,596,604,3039000,604
2011-09-22,589,590,581,586,3572000,586
2011-09-26,580,582,556,557,4689000,557
2011-09-27,579,594,578,588,4614000,588
2011-09-28,608,613,595,600,3981000,600
2011-09-29,585,613,578,612,3447000,612
2011-09-30,592,605,589,592,4152000,592
2011-10-03,578,578,557,564,4002000,564
2011-10-04,545,546,534,538,6834000,538
2011-10-05,539,548,511,516,5477000,516
2011-10-06,530,542,519,522,5172000,522
2011-10-07,533,558,533,554,5383000,554
2011-10-11,580,582,570,573,3580000,573
2011-10-12,560,580,545,577,3230000,577
2011-10-13,600,627,598,623,5960000,623
2011-10-14,620,622,605,606,4049000,606
2011-10-17,636,641,621,627,3865000,627
2011-10-18,567,620,561,617,11007000,617
2011-10-19,637,639,624,637,8016000,637
2011-10-20,634,634,607,613,5255000,613
2011-10-21,621,643,615,636,5348000,636
2011-10-24,640,672,640,669,6197000,669
2011-10-25,676,684,656,660,3637000,660
2011-10-26,650,670,640,663,3042000,663
2011-10-27,676,685,660,685,3415000,685
2011-10-28,710,714,680,688,4513000,688
2011-10-31,698,718,690,690,4571000,690
2011-11-01,680,681,656,658,4610000,658
2011-11-02,631,655,629,641,4657000,641
2011-11-04,660,674,657,674,2640000,674
2011-11-07,671,673,661,670,1642000,670
2011-11-08,670,670,647,648,2024000,648
2011-11-09,655,662,647,656,2080000,656
2011-11-10,633,638,625,629,2345000,629
2011-11-11,635,646,612,633,3429000,633
2011-11-14,653,669,652,662,2781000,662
2011-11-15,653,669,649,659,1698000,659
2011-11-16,655,663,635,638,2101000,638
2011-11-17,631,654,628,652,2028000,652
2011-11-18,637,660,634,658,1875000,658
2011-11-21,654,659,628,630,2526000,630
2011-11-22,624,647,617,631,2357000,631
2011-11-24,620,626,606,610,3703000,610
2011-11-25,610,623,600,603,2889000,603
2011-11-28,620,635,619,634,2804000,634
2011-11-29,646,657,646,657,2253000,657
2011-11-30,647,648,628,639,2517000,639
2011-12-01,674,698,668,690,5957000,690
2011-12-02,690,724,687,715,5868000,715
2011-12-05,721,723,697,703,4177000,703
2011-12-06,704,709,678,680,3742000,680
2011-12-07,691,705,683,703,2680000,703
2011-12-08,693,709,686,704,2968000,704
2011-12-09,679,691,679,687,5901000,687
2011-12-12,698,700,693,696,1933000,696
2011-12-13,687,687,677,679,2564000,679
2011-12-14,674,675,667,669,2010000,669
2011-12-15,659,661,640,642,2651000,642
2011-12-16,650,655,642,653,2891000,653
2011-12-19,651,658,630,637,2187000,637
2011-12-20,651,665,650,658,3848000,658
2011-12-21,670,675,656,662,3384000,662
2011-12-22,662,662,644,649,2721000,649
2011-12-26,663,669,655,660,1740000,660
2011-12-27,655,663,652,655,917000,655
2011-12-28,653,661,651,652,1345000,652
2011-12-29,647,657,640,656,1631000,656
2011-12-30,659,660,650,655,1111000,655
2012-01-04,665,671,661,667,2152000,667
2012-01-05,665,665,644,645,2849000,645
2012-01-06,645,649,626,632,3629000,632
2012-01-10,640,640,623,632,1724000,632
2012-01-11,633,637,629,635,1688000,635
2012-01-12,631,634,613,618,3051000,618
2012-01-13,626,630,620,627,3380000,627
2012-01-16,617,620,607,613,1952000,613
2012-01-17,619,627,614,622,2231000,622
2012-01-18,627,655,624,650,4438000,650
2012-01-19,660,680,659,678,4630000,678
2012-01-20,690,695,676,686,3546000,686
2012-01-23,687,699,683,686,3527000,686
2012-01-24,706,706,686,688,4775000,688
2012-01-25,691,695,682,690,2831000,690
2012-01-26,692,694,685,688,2341000,688
2012-01-27,689,689,675,683,2394000,683
2012-01-30,674,676,662,664,2800000,664
2012-01-31,659,677,655,673,2960000,673
2012-02-01,663,676,660,673,2537000,673
2012-02-02,678,690,671,685,2490000,685
2012-02-03,678,694,678,683,2313000,683
2012-02-06,695,702,693,700,3005000,700
2012-02-07,697,699,690,693,2313000,693
2012-02-08,700,712,699,709,2697000,709
2012-02-09,704,715,702,710,2549000,710
2012-02-10,711,715,701,702,2061000,702
2012-02-13,697,706,695,703,1228000,703
2012-02-14,703,706,696,702,1748000,702
2012-02-15,705,730,705,721,3567000,721
2012-02-16,719,732,713,724,2744000,724
2012-02-17,739,758,738,755,4680000,755
2012-02-20,778,790,777,790,4721000,790
2012-02-21,783,792,774,780,3718000,780
2012-02-22,775,787,773,782,2870000,782
2012-02-23,788,798,781,796,2935000,796
2012-02-24,786,792,779,790,4736000,790
2012-02-27,796,807,784,786,3574000,786
2012-02-28,781,793,769,793,3863000,793
2012-02-29,800,802,778,780,3147000,780
2012-03-01,753,785,751,773,8529000,773
2012-03-02,781,785,768,778,2641000,778
2012-03-05,783,786,765,768,2100000,768
2012-03-06,765,770,739,743,3809000,743
2012-03-07,731,758,730,757,3142000,757
2012-03-08,769,773,756,773,2659000,773
2012-03-09,794,794,776,784,5266000,784
2012-03-12,796,797,778,781,1993000,781
2012-03-13,786,798,784,786,2654000,786
2012-03-14,805,807,798,802,2013000,802
2012-03-15,801,807,792,805,2106000,805
2012-03-16,802,808,798,806,1608000,806
2012-03-19,810,813,803,809,1714000,809
2012-03-21,801,806,790,793,1813000,793
2012-03-22,792,796,782,793,2648000,793
2012-03-23,778,785,771,773,2615000,773
2012-03-26,775,779,765,771,2567000,771
2012-03-27,785,793,783,792,1769000,792
2012-03-28,788,812,784,797,2208000,797
2012-03-29,792,796,787,790,1319000,790
2012-03-30,786,793,775,778,2165000,778
2012-04-02,785,792,784,788,1886000,788
2012-04-03,784,787,776,778,1228000,778
2012-04-04,779,783,758,760,1893000,760
2012-04-05,753,766,741,761,2801000,761
2012-04-06,752,753,738,741,1958000,741
2012-04-09,731,740,725,734,1690000,734
2012-04-10,734,741,720,723,1577000,723
2012-04-11,710,725,704,721,2882000,721
2012-04-12,729,733,718,731,1671000,731
2012-04-13,742,755,736,740,4104000,740
2012-04-16,733,735,712,713,2550000,713
2012-04-17,713,724,703,705,2306000,705
2012-04-18,724,740,723,737,2044000,737
2012-04-19,726,741,726,735,1407000,735
2012-04-20,733,735,719,731,2192000,731
2012-04-23,718,737,717,733,2347000,733
2012-04-24,727,731,718,722,2100000,722
2012-04-25,730,730,712,714,2698000,714
2012-04-26,717,721,707,710,2098000,710
2012-04-27,712,718,692,699,2292000,699
2012-05-01,699,699,678,682,2548000,682
2012-05-02,684,689,679,682,1857000,682
2012-05-07,664,670,653,655,2051000,655
2012-05-08,658,669,657,665,1528000,665
2012-05-09,656,657,637,642,2335000,642
2012-05-10,633,657,626,645,3119000,645
2012-05-11,646,659,645,649,2450000,649
2012-05-14,658,658,640,644,1584000,644
2012-05-15,639,640,620,633,2389000,633
2012-05-16,627,634,616,621,2149000,621
2012-05-17,613,641,613,638,2694000,638
2012-05-18,618,620,602,603,2427000,603
2012-05-21,604,615,602,608,1606000,608
2012-05-22,619,631,619,623,2124000,623
2012-05-23,624,624,595,598,3252000,598
2012-05-24,599,606,591,602,2052000,602
2012-05-25,608,608,591,595,1555000,595
2012-05-28,596,597,591,593,1222000,593
2012-05-29,594,618,592,617,2143000,617
2012-05-30,617,619,601,609,2061000,609
2012-05-31,594,595,581,588,3603000,588
2012-06-01,582,582,562,564,2889000,564
2012-06-04,545,554,544,546,2377000,546
2012-06-05,551,568,551,567,2770000,567
2012-06-06,574,587,567,585,2717000,585
2012-06-07,597,601,588,593,1826000,593
2012-06-08,594,594,572,575,4025000,575
2012-06-11,588,600,588,597,1366000,597
2012-06-12,585,599,582,592,1325000,592
2012-06-13,597,603,590,595,1528000,595
2012-06-14,589,596,583,593,1688000,593
2012-06-15,595,597,583,587,1997000,587
2012-06-18,601,615,601,610,2691000,610
2012-06-19,606,616,603,613,3255000,613
2012-06-20,624,626,614,620,2588000,620
2012-06-21,624,634,622,626,2362000,626
2012-06-22,615,624,611,620,1544000,620
2012-06-25,620,621,605,606,1800000,606
2012-06-26,597,602,584,587,2859000,587
2012-06-27,589,592,577,585,2142000,585
2012-06-28,590,592,578,583,2732000,583
2012-06-29,578,603,578,600,2407000,600
2012-07-02,610,612,593,594,1863000,594
2012-07-03,593,602,591,593,1707000,593
2012-07-04,599,600,593,596,1094000,596
2012-07-05,596,602,595,599,1072000,599
2012-07-06,596,596,583,587,2220000,587
2012-07-09,580,582,564,566,2519000,566
2012-07-10,566,571,559,560,2043000,560
2012-07-11,559,560,554,560,1407000,560
2012-07-12,560,560,542,544,2743000,544
2012-07-13,540,547,537,542,2703000,542
2012-07-17,543,545,533,534,2081000,534
2012-07-18,540,540,523,525,2361000,525
2012-07-19,570,575,562,569,7610000,569
2012-07-20,565,566,555,557,3440000,557
2012-07-23,547,547,530,533,3694000,533
2012-07-24,529,537,523,535,2765000,535
2012-07-25,530,530,511,516,2703000,516
2012-07-26,527,547,522,540,3347000,540
2012-07-27,550,551,540,550,2918000,550
2012-07-30,560,566,553,557,2786000,557
2012-07-31,553,571,550,567,2463000,567
2012-08-01,562,563,542,548,2228000,548
2012-08-02,545,553,542,546,2050000,546
2012-08-03,539,539,517,522,3535000,522
2012-08-06,530,542,529,538,2254000,538
2012-08-07,538,551,535,550,1890000,550
2012-08-08,557,575,556,560,3536000,560
2012-08-09,560,569,552,562,2538000,562
2012-08-10,558,567,554,560,1848000,560
2012-08-13,557,564,554,555,1086000,555
2012-08-14,548,549,520,523,5981000,523
2012-08-15,522,526,504,515,3760000,515
2012-08-16,514,533,514,532,2615000,532
2012-08-17,540,549,537,547,2584000,547
2012-08-20,555,558,541,544,1680000,544
2012-08-21,548,551,544,545,1382000,545
2012-08-22,544,546,537,542,1243000,542
2012-08-23,539,546,533,544,1594000,544
2012-08-24,534,542,532,535,1379000,535
2012-08-27,545,548,539,543,1928000,543
2012-08-28,546,548,531,536,1910000,536
2012-08-29,536,545,536,544,1076000,544
2012-08-30,541,542,525,526,1751000,526
2012-08-31,518,525,513,513,2338000,513
2012-09-03,514,518,504,506,2388000,506
2012-09-04,506,517,496,514,2928000,514
2012-09-05,510,510,489,491,3718000,491
2012-09-06,492,495,480,482,2873000,482
2012-09-07,498,505,492,505,2043000,505
2012-09-10,505,513,500,506,1469000,506
2012-09-11,498,501,493,497,1529000,497
2012-09-12,501,511,499,509,1807000,509
2012-09-13,507,514,503,510,1667000,510
2012-09-14,514,531,514,526,4940000,526
2012-09-18,523,528,516,524,2090000,524
2012-09-19,529,554,523,549,3797000,549
2012-09-20,542,553,535,537,3877000,537
2012-09-21,543,551,536,538,3745000,538
2012-09-24,529,531,515,530,4117000,530
2012-09-25,522,537,520,536,4235000,536
2012-09-26,529,533,526,531,3225000,531
2012-09-27,520,526,517,525,3722000,525
2012-09-28,519,529,517,523,3277000,523
2012-10-01,519,529,516,524,2485000,524
2012-10-02,526,534,523,529,2670000,529
2012-10-03,526,529,519,523,2546000,523
2012-10-04,526,530,513,526,2736000,526
2012-10-05,530,539,527,536,2816000,536
2012-10-09,536,539,527,532,2677000,532
2012-10-10,521,521,508,513,4167000,513
2012-10-11,502,520,495,504,3679000,504
2012-10-12,504,518,504,512,2874000,512
2012-10-15,513,539,511,536,3502000,536
2012-10-16,539,550,537,546,2992000,546
2012-10-17,553,559,549,555,4118000,555
2012-10-18,595,603,575,592,11997000,592
2012-10-19,585,597,581,594,3882000,594
2012-10-22,584,596,577,594,3130000,594
2012-10-23,596,597,581,591,2931000,591
2012-10-24,581,594,579,586,2644000,586
2012-10-25,576,578,559,570,4301000,570
2012-10-26,568,572,554,555,2593000,555
2012-10-29,553,562,547,551,2583000,551
2012-10-30,563,570,550,550,5279000,550
2012-10-31,560,579,558,572,3971000,572
2012-11-01,571,587,568,585,3383000,585
2012-11-02,590,611,590,609,4317000,609
2012-11-05,602,604,584,587,3628000,587
2012-11-06,588,595,580,581,2426000,581
2012-11-07,596,598,589,596,2637000,596
2012-11-08,581,589,577,579,2205000,579
2012-11-09,572,579,566,577,1683000,577
2012-11-12,575,578,570,571,934000,571
2012-11-13,575,585,571,580,2173000,580
2012-11-14,576,577,561,570,2413000,570
2012-11-15,571,594,569,593,2975000,593
2012-11-16,600,622,599,619,4270000,619
2012-11-19,632,636,622,623,2364000,623
2012-11-20,633,633,623,627,2543000,627
2012-11-21,634,654,629,639,3068000,639
2012-11-22,652,664,645,664,2860000,664
2012-11-26,680,694,677,688,4954000,688
2012-11-27,681,686,672,673,3375000,673
2012-11-28,663,665,650,654,2680000,654
2012-11-29,663,673,661,670,2068000,670
2012-11-30,674,677,658,658,3610000,658
2012-12-03,660,677,657,670,3113000,670
2012-12-04,661,671,659,671,2407000,671
2012-12-05,663,678,660,672,2444000,672
2012-12-06,680,696,674,692,3790000,692
2012-12-07,692,698,688,692,2386000,692
2012-12-10,698,700,681,684,1571000,684
2012-12-11,680,688,680,686,2211000,686
2012-12-12,696,698,691,697,1582000,697
2012-12-13,705,728,705,723,2955000,723
2012-12-14,727,729,711,718,4681000,718
2012-12-17,735,739,724,725,2829000,725
2012-12-18,730,740,722,723,2745000,723
2012-12-19,735,759,731,758,3679000,758
2012-12-20,745,759,741,750,3378000,750
2012-12-21,758,764,732,736,3423000,736
2012-12-25,754,759,744,755,2083000,755
2012-12-26,763,801,760,800,3950000,800
2012-12-27,805,835,803,821,3894000,821
2012-12-28,825,833,817,823,2838000,823
2013-01-04,850,863,843,846,4084000,846
2013-01-07,856,857,822,825,2736000,825
2013-01-08,803,811,781,790,3685000,790
2013-01-09,780,822,780,815,4125000,815
2013-01-10,841,847,830,835,3150000,835
2013-01-11,843,853,825,847,4330000,847
2013-01-15,853,855,831,838,2476000,838
2013-01-16,830,835,804,806,2811000,806
2013-01-17,811,824,785,801,2959000,801
2013-01-18,826,843,826,843,3410000,843
2013-01-21,858,860,840,842,3965000,842
2013-01-22,855,868,839,864,5395000,864
2013-01-23,851,860,827,827,4475000,827
2013-01-24,761,810,754,793,10982000,793
2013-01-25,817,818,802,816,7348000,816
2013-01-28,821,822,800,804,4602000,804
2013-01-29,789,828,788,819,3846000,819
2013-01-30,823,847,823,846,3116000,846
2013-01-31,847,858,842,855,4823000,855
2013-02-01,856,859,840,844,3948000,844
2013-02-04,847,853,836,849,2817000,849
2013-02-05,835,849,826,827,3008000,827
2013-02-06,850,875,847,870,5207000,870
2013-02-07,868,878,858,869,2130000,869
2013-02-08,854,872,851,855,2459000,855
2013-02-12,876,889,871,878,2940000,878
2013-02-13,873,873,851,855,1731000,855
2013-02-14,856,882,856,874,2425000,874
2013-02-15,874,874,835,846,3106000,846
2013-02-18,857,870,851,855,2476000,855
2013-02-19,841,845,830,833,2529000,833
2013-02-20,848,862,840,849,2435000,849
2013-02-21,835,844,830,831,1533000,831
2013-02-22,821,841,811,841,2529000,841
2013-02-25,858,862,851,861,1617000,861
2013-02-26,832,843,826,831,2644000,831
2013-02-27,830,831,815,816,1816000,816
2013-02-28,830,839,830,836,1794000,836
2013-03-01,826,841,822,837,1771000,837
2013-03-04,841,841,818,823,1922000,823
2013-03-05,826,851,823,843,3449000,843
2013-03-06,862,885,862,885,3636000,885
2013-03-07,895,910,894,905,3509000,905
2013-03-08,920,931,918,928,7030000,928
2013-03-11,935,955,930,943,2926000,943
2013-03-12,947,955,936,938,2540000,938
2013-03-13,930,930,917,917,1678000,917
2013-03-14,924,934,912,933,1609000,933
2013-03-15,939,946,933,940,2078000,940
2013-03-18,921,922,904,910,1842000,910
2013-03-19,924,933,920,922,1573000,922
2013-03-21,932,955,931,955,2773000,955
2013-03-22,940,952,937,943,2140000,943
2013-03-25,967,986,965,982,3099000,982
2013-03-26,971,975,961,963,1856000,963
2013-03-27,971,978,961,962,1421000,962
2013-03-28,961,963,938,941,1957000,941
2013-03-29,946,950,920,933,1864000,933
2013-04-01,930,931,914,914,1794000,914
2013-04-02,914,932,893,927,2997000,927
2013-04-03,930,930,906,925,1807000,925
2013-04-04,898,939,892,939,2765000,939
2013-04-05,970,995,966,981,3827000,981
2013-04-08,1000,1011,989,1010,2685000,1010
2013-04-09,1020,1041,1005,1041,3670000,1041
2013-04-10,1041,1059,1009,1037,4403000,1037
2013-04-11,1037,1078,1035,1078,3412000,1078
2013-04-12,1091,1092,1065,1088,3847000,1088
2013-04-15,1075,1091,1055,1057,2887000,1057
2013-04-16,1031,1043,1022,1029,3624000,1029
2013-04-17,1039,1069,1033,1062,2066000,1062
2013-04-18,1058,1061,1034,1051,2591000,1051
2013-04-19,1111,1114,1036,1046,7474000,1046
2013-04-22,1075,1120,1068,1107,6287000,1107
2013-04-23,1107,1129,1099,1118,3262000,1118
2013-04-24,1133,1178,1131,1165,4063000,1165
2013-04-25,1169,1190,1166,1183,3329000,1183
2013-04-26,1193,1204,1162,1175,5225000,1175
2013-04-30,1183,1194,1158,1189,3348000,1189
2013-05-01,1184,1197,1167,1169,2122000,1169
2013-05-02,1165,1173,1155,1162,1625000,1162
2013-05-07,1205,1234,1202,1230,2490000,1230
2013-05-08,1231,1286,1223,1255,3521000,1255
2013-05-09,1280,1323,1272,1272,3504000,1272
2013-05-10,1325,1328,1294,1319,3557000,1319
2013-05-13,1350,1372,1337,1344,3529000,1344
2013-05-14,1365,1377,1355,1363,2224000,1363
2013-05-15,1393,1412,1385,1402,2531000,1402
2013-05-16,1415,1419,1336,1396,3848000,1396
2013-05-17,1375,1425,1361,1407,2948000,1407
2013-05-20,1421,1438,1420,1430,2377000,1430
2013-05-21,1422,1432,1406,1417,2201000,1417
2013-05-22,1418,1446,1413,1439,3658000,1439
2013-05-23,1424,1505,1324,1332,9271000,1332
2013-05-24,1362,1396,1283,1348,6366000,1348
2013-05-27,1282,1303,1244,1247,5024000,1247
2013-05-28,1236,1318,1211,1312,3960000,1312
2013-05-29,1358,1360,1302,1305,3321000,1305
2013-05-30,1254,1315,1237,1249,5521000,1249
2013-05-31,1263,1310,1250,1259,3953000,1259
2013-06-03,1231,1266,1220,1230,3538000,1230
2013-06-04,1231,1277,1227,1270,4235000,1270
2013-06-05,1276,1349,1243,1249,6912000,1249
2013-06-06,1219,1284,1210,1242,5090000,1242
2013-06-07,1230,1247,1171,1218,4962000,1218
2013-06-10,1270,1324,1263,1321,3190000,1321
2013-06-11,1335,1339,1265,1277,3857000,1277
2013-06-12,1243,1292,1239,1288,3214000,1288
2013-06-13,1260,1262,1190,1192,3059000,1192
2013-06-14,1240,1252,1202,1209,4337000,1209
2013-06-17,1179,1231,1174,1219,3499000,1219
2013-06-18,1213,1233,1209,1228,2123000,1228
2013-06-19,1253,1270,1230,1249,2265000,1249
2013-06-20,1250,1261,1198,1202,3761000,1202
2013-06-21,1160,1219,1141,1205,4714000,1205
2013-06-24,1242,1245,1176,1182,2662000,1182
2013-06-25,1168,1191,1125,1148,4729000,1148
2013-06-26,1158,1169,1113,1115,3456000,1115
2013-06-27,1121,1154,1112,1154,2565000,1154
2013-06-28,1175,1220,1168,1207,3566000,1207
2013-07-01,1250,1285,1240,1258,4056000,1258
2013-07-02,1275,1290,1251,1290,1924000,1290
2013-07-03,1300,1301,1278,1290,1606000,1290
2013-07-04,1273,1300,1270,1289,1137000,1289
2013-07-05,1305,1324,1292,1305,2320000,1305
2013-07-08,1320,1324,1267,1267,2149000,1267
2013-07-09,1275,1287,1266,1286,2758000,1286
2013-07-10,1277,1280,1251,1264,3399000,1264
2013-07-11,1220,1221,1191,1215,6041000,1215
2013-07-12,1232,1261,1226,1253,3224000,1253
2013-07-16,1272,1303,1271,1301,3080000,1301
2013-07-17,1295,1316,1276,1308,2936000,1308
2013-07-18,1314,1344,1303,1336,4242000,1336
2013-07-19,1369,1373,1248,1270,11186000,1270
2013-07-22,1271,1274,1213,1221,6250000,1221
2013-07-23,1216,1222,1195,1200,4765000,1200
2013-07-24,1208,1227,1198,1225,4404000,1225
2013-07-25,1226,1246,1219,1237,2391000,1237
2013-07-26,1215,1222,1197,1200,2459000,1200
2013-07-29,1171,1174,1147,1148,3206000,1148
2013-07-30,1144,1174,1139,1164,3218000,1164
2013-07-31,1165,1205,1154,1171,3495000,1171
2013-08-01,1156,1176,1146,1176,2151000,1176
2013-08-02,1206,1245,1200,1243,4439000,1243
2013-08-05,1225,1235,1216,1220,2745000,1220
2013-08-06,1212,1224,1187,1213,3197000,1213
2013-08-07,1194,1194,1163,1163,2450000,1163
2013-08-08,1156,1174,1130,1132,2159000,1132
2013-08-09,1149,1167,1139,1145,3911000,1145
2013-08-12,1125,1151,1117,1130,2666000,1130
2013-08-13,1155,1193,1150,1189,3415000,1189
2013-08-14,1192,1209,1173,1208,1727000,1208
2013-08-15,1181,1197,1176,1179,1683000,1179
2013-08-16,1152,1165,1125,1152,2377000,1152
2013-08-19,1154,1180,1154,1180,1252000,1180
2013-08-20,1162,1179,1145,1146,1319000,1146
2013-08-21,1147,1164,1133,1156,1803000,1156
2013-08-22,1139,1159,1124,1142,3190000,1142
2013-08-23,1170,1191,1166,1183,1981000,1183
2013-08-26,1200,1208,1187,1198,1383000,1198
2013-08-27,1186,1206,1176,1188,894000,1188
2013-08-28,1150,1166,1143,1157,1409000,1157
2013-08-29,1158,1179,1155,1178,1292000,1178
2013-08-30,1185,1193,1166,1168,1324000,1168
2013-09-02,1168,1199,1168,1193,1891000,1193
2013-09-03,1207,1243,1203,1241,2804000,1241
2013-09-04,1235,1273,1221,1268,2301000,1268
2013-09-05,1277,1291,1262,1277,2599000,1277
2013-09-06,1277,1283,1246,1267,1883000,1267
2013-09-09,1307,1315,1290,1312,2369000,1312
2013-09-10,1330,1371,1326,1368,3859000,1368
2013-09-11,1369,1376,1349,1355,2487000,1355
2013-09-12,1349,1362,1332,1340,2643000,1340
2013-09-13,1339,1371,1330,1369,2928000,1369
2013-09-17,1375,1396,1372,1372,1898000,1372
2013-09-18,1374,1399,1366,1387,2186000,1387
2013-09-19,1420,1447,1400,1438,3180000,1438
2013-09-20,1438,1439,1418,1425,2554000,1425
2013-09-24,1402,1420,1383,1419,2257000,1419
2013-09-25,1419,1419,1384,1388,2045000,1388
2013-09-26,1361,1395,1356,1379,3496000,1379
2013-09-27,1368,1398,1350,1396,2668000,1396
2013-09-30,1352,1403,1351,1379,1479000,1379
2013-10-01,1380,1389,1363,1363,1294000,1363
2013-10-02,1364,1369,1315,1318,2313000,1318
2013-10-03,1321,1345,1305,1328,1897000,1328
2013-10-04,1300,1313,1280,1297,2681000,1297
2013-10-07,1314,1318,1278,1279,2025000,1279
2013-10-08,1263,1300,1254,1288,2453000,1288
2013-10-09,1268,1329,1268,1328,1500000,1328
2013-10-10,1322,1332,1300,1331,2546000,1331
2013-10-11,1361,1377,1352,1377,2720000,1377
2013-10-15,1379,1390,1353,1361,2261000,1361
2013-10-16,1346,1383,1346,1371,1635000,1371
2013-10-17,1385,1400,1377,1385,1764000,1385
2013-10-18,1383,1384,1355,1368,2028000,1368
2013-10-21,1321,1350,1313,1340,4371000,1340
2013-10-22,1310,1311,1288,1296,4031000,1296
2013-10-23,1302,1303,1267,1268,4282000,1268
2013-10-24,1272,1285,1264,1284,1999000,1284
2013-10-25,1281,1288,1265,1266,2143000,1266
2013-10-28,1265,1290,1248,1273,3777000,1273
2013-10-29,1251,1287,1250,1267,3186000,1267
2013-10-30,1284,1297,1275,1283,2120000,1283
2013-10-31,1280,1291,1262,1266,1998000,1266
2013-11-01,1261,1264,1219,1230,2693000,1230
2013-11-05,1228,1237,1215,1228,2199000,1228
2013-11-06,1228,1272,1227,1269,2680000,1269
2013-11-07,1270,1281,1248,1251,1685000,1251
2013-11-08,1228,1248,1223,1228,1836000,1228
2013-11-11,1254,1263,1240,1247,2055000,1247
2013-11-12,1245,1273,1244,1270,1739000,1270
2013-11-13,1260,1280,1254,1265,1247000,1265
2013-11-14,1280,1302,1276,1290,2167000,1290
2013-11-15,1309,1326,1302,1321,2757000,1321
2013-11-18,1331,1335,1311,1318,2679000,1318
2013-11-19,1306,1322,1300,1319,1577000,1319
2013-11-20,1319,1325,1306,1309,1054000,1309
2013-11-21,1319,1337,1312,1325,2055000,1325
2013-11-22,1335,1340,1317,1325,3132000,1325
2013-11-25,1331,1345,1329,1338,1378000,1338
2013-11-26,1320,1346,1320,1339,1350000,1339
2013-11-27,1329,1335,1322,1322,1366000,1322
2013-11-28,1345,1365,1343,1365,2628000,1365
2013-11-29,1366,1385,1353,1372,2515000,1372
2013-12-02,1379,1384,1362,1375,1446000,1375
2013-12-03,1381,1393,1366,1374,2444000,1374
2013-12-04,1352,1363,1332,1358,1937000,1358
2013-12-05,1345,1353,1308,1316,2053000,1316
2013-12-06,1347,1394,1347,1392,3961000,1392
2013-12-09,1420,1428,1418,1424,2922000,1424
2013-12-10,1448,1475,1446,1473,4965000,1473
2013-12-11,1490,1510,1465,1482,4208000,1482
2013-12-12,1463,1484,1455,1478,2698000,1478
2013-12-13,1479,1505,1475,1496,6854000,1496
2013-12-16,1492,1508,1476,1491,2847000,1491
2013-12-17,1499,1510,1487,1501,3192000,1501
2013-12-18,1500,1527,1498,1521,3242000,1521
2013-12-19,1547,1575,1541,1569,3496000,1569
2013-12-20,1560,1575,1559,1573,2310000,1573
2013-12-24,1566,1602,1566,1590,3014000,1590
2013-12-25,1570,1597,1570,1589,1689000,1589
2013-12-26,1623,1646,1615,1645,1893000,1645
2013-12-27,1658,1670,1648,1667,2058000,1667
2013-12-30,1684,1687,1651,1663,2546000,1663
2014-01-06,1651,1696,1641,1670,2772000,1670
2014-01-07,1660,1676,1637,1639,2875000,1639
2014-01-08,1653,1681,1649,1681,1994000,1681
2014-01-09,1655,1660,1641,1645,2600000,1645
2014-01-10,1616,1624,1575,1600,5457000,1600
2014-01-14,1522,1567,1518,1537,4310000,1537
2014-01-15,1560,1600,1555,1600,2069000,1600
2014-01-16,1625,1639,1583,1585,2409000,1585
2014-01-17,1568,1585,1561,1573,1665000,1573
2014-01-20,1599,1604,1567,1571,1805000,1571
2014-01-21,1544,1579,1543,1562,1679000,1562
2014-01-22,1562,1594,1553,1585,2184000,1585
2014-01-23,1615,1628,1599,1613,3226000,1613
2014-01-24,1510,1527,1468,1509,8882000,1509
2014-01-27,1455,1466,1441,1451,4636000,1451
2014-01-28,1451,1488,1441,1451,4675000,1451
2014-01-29,1481,1489,1453,1474,2357000,1474
2014-01-30,1445,1452,1434,1450,2208000,1450
2014-01-31,1470,1471,1408,1420,3113000,1420
2014-02-03,1396,1408,1383,1386,3105000,1386
2014-02-04,1321,1356,1321,1321,4270000,1321
2014-02-05,1398,1398,1351,1366,4990000,1366
2014-02-06,1384,1393,1367,1376,3017000,1376
2014-02-07,1400,1422,1392,1406,2156000,1406
2014-02-10,1445,1445,1410,1436,2112000,1436
2014-02-12,1464,1492,1457,1473,3069000,1473
2014-02-13,1461,1463,1418,1423,1625000,1423
2014-02-14,1423,1450,1393,1405,2792000,1405
2014-02-17,1406,1455,1406,1442,2570000,1442
2014-02-18,1450,1504,1447,1494,3414000,1494
2014-02-19,1480,1497,1473,1482,1458000,1482
2014-02-20,1483,1488,1442,1449,2137000,1449
2014-02-21,1466,1498,1466,1498,2220000,1498
2014-02-24,1493,1530,1484,1529,3310000,1529
2014-02-25,1545,1559,1534,1553,2770000,1553
2014-02-26,1530,1560,1530,1539,2360000,1539
2014-02-27,1536,1558,1534,1550,1581000,1550
2014-02-28,1559,1580,1501,1512,4161000,1512
2014-03-03,1471,1480,1445,1459,3651000,1459
2014-03-04,1437,1454,1424,1452,2085000,1452
2014-03-05,1479,1483,1420,1425,3560000,1425
2014-03-06,1420,1427,1389,1415,3816000,1415
2014-03-07,1429,1438,1406,1436,2687000,1436
2014-03-10,1430,1455,1409,1444,2367000,1444
2014-03-11,1434,1442,1396,1409,2944000,1409
2014-03-12,1390,1401,1378,1382,2133000,1382
2014-03-13,1372,1384,1355,1360,2375000,1360
2014-03-14,1335,1353,1318,1331,5098000,1331
2014-03-17,1305,1327,1298,1307,2990000,1307
2014-03-18,1361,1368,1297,1317,2894000,1317
2014-03-19,1334,1348,1305,1327,2734000,1327
2014-03-20,1323,1328,1284,1292,2654000,1292
2014-03-24,1284,1307,1248,1262,5792300,1262
2014-03-25,1241,1292,1225,1281,3606200,1281
2014-03-26,1309,1344,1302,1331,4729200,1331
2014-03-27,1313,1360,1304,1358,2762200,1358
2014-03-28,1357,1388,1348,1382,3256600,1382
2014-03-31,1405,1429,1398,1427,3335400,1427
2014-04-01,1430,1436,1410,1431,2477600,1431
2014-04-02,1446,1455,1428,1432,1855800,1432
2014-04-03,1424,1427,1391,1398,3502500,1398
2014-04-04,1390,1422,1390,1415,1454000,1415
2014-04-07,1393,1419,1391,1404,1417800,1404
2014-04-08,1388,1393,1351,1354,2252700,1354
2014-04-09,1320,1329,1302,1308,2809700,1308
2014-04-10,1319,1328,1299,1307,2137600,1307
2014-04-11,1290,1299,1275,1295,3170600,1295
2014-04-14,1284,1304,1272,1293,1753600,1293
2014-04-15,1315,1322,1288,1292,1402800,1292
2014-04-16,1313,1333,1300,1323,1624500,1323
2014-04-17,1317,1320,1300,1309,2126500,1309
2014-04-18,1321,1344,1315,1340,1128600,1340
2014-04-21,1350,1352,1325,1328,1721000,1328
2014-04-22,1243,1284,1227,1260,6691000,1260
2014-04-23,1235,1245,1200,1232,7628000,1232
2014-04-24,1225,1239,1212,1216,2891600,1216
2014-04-25,1208,1223,1193,1204,3378000,1204
2014-04-28,1190,1203,1181,1188,2217700,1188
2014-04-30,1203,1203,1143,1153,4787000,1153
2014-05-01,1153,1174,1146,1166,2795400,1166
2014-05-02,1169,1169,1152,1155,4119400,1155
2014-05-07,1125,1130,1079,1085,7765400,1085
2014-05-08,1105,1132,1104,1115,5321000,1115
2014-05-09,1106,1129,1096,1118,3386600,1118
2014-05-12,1121,1148,1118,1137,3150600,1137
2014-05-13,1156,1164,1150,1159,2505200,1159
2014-05-14,1163,1185,1162,1184,2885100,1184
2014-05-15,1159,1170,1150,1166,1907400,1166
2014-05-16,1146,1152,1137,1145,2062400,1145
2014-05-19,1145,1155,1138,1143,1746800,1143
2014-05-20,1145,1155,1128,1139,2337700,1139
2014-05-21,1138,1153,1131,1153,2039000,1153
2014-05-22,1175,1193,1163,1187,2446100,1187
2014-05-23,1190,1205,1178,1198,2149800,1198
2014-05-26,1215,1222,1198,1206,2034800,1206
2014-05-27,1213,1241,1210,1222,2928000,1222
2014-05-28,1225,1228,1202,1220,1924400,1220
2014-05-29,1207,1237,1202,1230,2341900,1230
2014-05-30,1240,1258,1235,1247,4299900,1247
2014-06-02,1243,1269,1239,1257,3011200,1257
2014-06-03,1277,1280,1265,1274,2825100,1274
2014-06-04,1287,1292,1272,1290,3558200,1290
2014-06-05,1294,1305,1288,1299,2228600,1299
2014-06-06,1300,1311,1298,1305,2240000,1305
2014-06-09,1312,1335,1310,1314,2595600,1314
2014-06-10,1314,1318,1298,1303,1810300,1303
2014-06-11,1289,1294,1268,1283,2811400,1283
2014-06-12,1268,1282,1264,1272,2440900,1272
2014-06-13,1250,1280,1250,1276,3061300,1276
2014-06-16,1288,1298,1262,1269,2043200,1269
2014-06-17,1286,1309,1272,1291,2995800,1291
2014-06-18,1280,1288,1252,1265,4458900,1265
2014-06-19,1230,1254,1222,1236,5644600,1236
2014-06-20,1234,1236,1214,1220,4028900,1220
2014-06-23,1213,1236,1213,1230,2564400,1230
2014-06-24,1236,1254,1225,1246,2236100,1246
2014-06-25,1241,1246,1236,1236,1794000,1236
2014-06-26,1249,1250,1234,1247,1553100,1247
2014-06-27,1243,1244,1216,1225,1829100,1225
2014-06-30,1241,1241,1223,1227,1577200,1227
2014-07-01,1230,1244,1225,1233,1614600,1233
2014-07-02,1249,1270,1245,1260,2602300,1260
2014-07-03,1282,1304,1266,1296,5181700,1296
2014-07-04,1320,1348,1311,1317,4267800,1317
2014-07-07,1328,1332,1305,1309,2640700,1309
2014-07-08,1285,1302,1281,1295,1861300,1295
2014-07-09,1272,1282,1271,1279,2107100,1279
2014-07-10,1283,1291,1261,1266,1736900,1266
2014-07-11,1244,1258,1241,1252,1755500,1252
2014-07-14,1260,1296,1252,1290,2758900,1290
2014-07-15,1302,1304,1282,1291,2110900,1291
2014-07-16,1292,1302,1284,1297,1642300,1297
2014-07-17,1308,1327,1306,1326,3921500,1326
2014-07-18,1356,1390,1345,1384,10942400,1384
2014-07-22,1385,1402,1365,1382,6240800,1382
2014-07-23,1385,1394,1372,1374,3461500,1374
2014-07-24,1351,1378,1350,1369,4075800,1369
2014-07-25,1399,1409,1361,1381,2835400,1381
2014-07-28,1366,1395,1353,1388,2150600,1388
2014-07-29,1396,1396,1369,1372,2747500,1372
2014-07-30,1364,1378,1360,1364,2155500,1364
2014-07-31,1376,1379,1350,1354,2571100,1354
2014-08-01,1340,1357,1334,1338,2629900,1338
2014-08-04,1333,1350,1325,1344,2027000,1344
2014-08-05,1356,1367,1324,1327,2255500,1327
2014-08-06,1315,1321,1290,1310,2427000,1310
2014-08-07,1306,1338,1304,1336,2774800,1336
2014-08-08,1320,1328,1281,1285,3749600,1285
2014-08-11,1315,1317,1295,1306,1875100,1306
2014-08-12,1311,1324,1308,1320,1376400,1320
2014-08-13,1320,1332,1315,1329,1468900,1329
2014-08-14,1334,1349,1330,1342,983700,1342
2014-08-15,1341,1343,1330,1339,891500,1339
2014-08-18,1343,1355,1338,1340,1032700,1340
2014-08-19,1355,1358,1347,1350,1543100,1350
2014-08-20,1358,1370,1350,1353,1594400,1353
2014-08-21,1356,1362,1348,1350,1672100,1350
2014-08-22,1347,1352,1328,1334,1314600,1334
2014-08-25,1330,1376,1326,1374,2129900,1374
2014-08-26,1374,1375,1358,1360,1011200,1360
2014-08-27,1362,1370,1354,1360,921900,1360
2014-08-28,1352,1354,1342,1350,896600,1350
2014-08-29,1343,1347,1330,1337,1520600,1337
2014-09-01,1338,1352,1338,1349,587500,1349
2014-09-02,1361,1385,1359,1379,1813400,1379
2014-09-03,1389,1421,1388,1407,3124900,1407
2014-09-04,1407,1420,1384,1387,1639500,1387
2014-09-05,1405,1410,1391,1408,1849800,1408
2014-09-08,1417,1420,1395,1402,1038500,1402
2014-09-09,1410,1410,1395,1407,1103300,1407
2014-09-10,1395,1412,1394,1410,1215100,1410
2014-09-11,1420,1430,1414,1417,2146400,1417
2014-09-12,1432,1450,1425,1436,4062800,1436
2014-09-16,1432,1442,1425,1438,2242000,1438
2014-09-17,1435,1451,1432,1437,2329200,1437
2014-09-18,1459,1503,1459,1496,3841100,1496
2014-09-19,1500,1548,1498,1530,5028000,1530
2014-09-22,1528,1530,1502,1512,2251700,1512
2014-09-24,1496,1499,1484,1496,2064500,1496
2014-09-25,1520,1531,1514,1524,2475000,1524
2014-09-26,1495,1534,1491,1516,2481600,1516
2014-09-29,1534,1538,1502,1513,1955400,1513
2014-09-30,1490,1500,1468,1485,3042100,1485
2014-10-01,1461,1466,1410,1414,5309100,1414
2014-10-02,1395,1400,1372,1376,4022500,1376
2014-10-03,1385,1408,1375,1398,3530800,1398
2014-10-06,1428,1447,1415,1431,2694400,1431
2014-10-07,1422,1424,1396,1402,2616900,1402
2014-10-08,1367,1383,1362,1370,2327400,1370
2014-10-09,1386,1394,1335,1339,2125200,1339
2014-10-10,1309,1327,1302,1319,3122900,1319
2014-10-14,1290,1299,1278,1280,2971500,1280
2014-10-15,1289,1294,1270,1282,2316900,1282
2014-10-16,1243,1262,1232,1247,3460400,1247
2014-10-17,1231,1247,1220,1230,3488500,1230
2014-10-20,1280,1321,1272,1304,4348300,1304
2014-10-21,1340,1343,1251,1259,7454800,1259
2014-10-22,1283,1286,1257,1278,4077000,1278
2014-10-23,1279,1316,1272,1297,3295500,1297
2014-10-24,1331,1348,1304,1311,3176700,1311
2014-10-27,1329,1334,1317,1323,1634600,1323
2014-10-28,1315,1322,1303,1307,1904300,1307
2014-10-29,1329,1348,1324,1343,2541100,1343
2014-10-30,1350,1360,1346,1351,2275700,1351
2014-10-31,1370,1413,1362,1404,3780600,1404
2014-11-04,1482,1488,1459,1462,5697200,1462
2014-11-05,1459,1478,1447,1461,2786900,1461
2014-11-06,1466,1471,1436,1449,2544400,1449
2014-11-07,1452,1461,1434,1447,1844400,1447
2014-11-10,1439,1453,1432,1441,1639100,1441
2014-11-11,1454,1462,1441,1453,2051900,1453
2014-11-12,1471,1477,1445,1449,2794300,1449
2014-11-13,1450,1456,1432,1453,1681900,1453
2014-11-14,1472,1474,1450,1474,2946700,1474
2014-11-17,1462,1467,1408,1413,2934900,1413
2014-11-18,1436,1467,1435,1463,2699800,1463
2014-11-19,1471,1477,1444,1451,1839900,1451
2014-11-20,1460,1467,1449,1451,1193200,1451
2014-11-21,1441,1449,1413,1444,2432800,1444
2014-11-25,1465,1530,1461,1530,5089300,1530
2014-11-26,1520,1528,1502,1515,3671300,1515
2014-11-27,1499,1504,1481,1498,3216000,1498
2014-11-28,1519,1541,1517,1540,3017100,1540
2014-12-01,1543,1555,1536,1550,2634600,1550
2014-12-02,1533,1600,1531,1591,3365000,1591
2014-12-03,1620,1646,1614,1618,4711800,1618
2014-12-04,1650,1688,1645,1676,4751200,1676
2014-12-05,1688,1715,1669,1703,4780400,1703
2014-12-08,1695,1700,1670,1685,2470900,1685
2014-12-09,1656,1675,1597,1606,4513800,1606
2014-12-10,1574,1590,1553,1564,3982200,1564
2014-12-11,1532,1561,1529,1557,2721800,1557
2014-12-12,1568,1592,1562,1586,4536100,1586
2014-12-15,1548,1581,1542,1562,2197600,1562
2014-12-16,1531,1546,1515,1537,2450300,1537
2014-12-17,1520,1566,1517,1545,2199700,1545
2014-12-18,1585,1597,1570,1583,2165900,1583
2014-12-19,1623,1631,1591,1600,2786000,1600
2014-12-22,1622,1625,1574,1605,2083000,1605
2014-12-24,1620,1620,1601,1605,1401700,1605
2014-12-25,1610,1611,1582,1586,1139800,1586
2014-12-26,1591,1609,1591,1606,972300,1606
2014-12-29,1618,1625,1558,1578,1480000,1578
2014-12-30,1562,1576,1544,1552,1631700,1552
2015-01-05,1536,1558,1526,1546,1656600,1546
2015-01-06,1497,1499,1466,1491,4119800,1491
2015-01-07,1471,1492,1460,1485,2266500,1485
2015-01-08,1489,1494,1469,1476,3268600,1476
2015-01-09,1476,1488,1471,1484,3875100,1484
2015-01-13,1467,1479,1433,1476,3326900,1476
2015-01-14,1466,1477,1441,1445,2376200,1445
2015-01-15,1445,1459,1432,1448,2941800,1448
2015-01-16,1418,1450,1417,1442,3704300,1442
2015-01-19,1460,1472,1447,1467,2170900,1467
2015-01-20,1487,1511,1479,1501,2873700,1501
2015-01-21,1495,1497,1460,1471,2348200,1471
2015-01-22,1456,1497,1456,1485,2581700,1485
2015-01-23,1550,1572,1505,1569,6121000,1569
2015-01-26,1559,1573,1531,1570,3977100,1570
2015-01-27,1592,1612,1570,1578,3300000,1578
2015-01-28,1567,1582,1552,1552,2659200,1552
2015-01-29,1545,1548,1508,1513,2923500,1513
2015-01-30,1543,1546,1516,1521,1919900,1521
2015-02-02,1496,1501,1476,1480,2189600,1480
2015-02-03,1539,1543,1490,1495,3350800,1495
2015-02-04,1520,1523,1506,1515,2980400,1515
2015-02-05,1493,1506,1483,1499,2595900,1499
2015-02-06,1522,1527,1504,1515,1508000,1515
2015-02-09,1517,1523,1504,1508,1609600,1508
2015-02-10,1493,1516,1488,1516,1924800,1516
2015-02-12,1538,1542,1513,1516,2976800,1516
2015-02-13,1513,1558,1512,1554,3655400,1554
2015-02-16,1569,1590,1567,1586,2657200,1586
2015-02-17,1590,1597,1573,1584,1641800,1584
2015-02-18,1595,1597,1564,1576,2543700,1576
2015-02-19,1587,1604,1583,1597,2478700,1597
2015-02-20,1600,1605,1590,1599,1786600,1599
2015-02-23,1630,1645,1609,1616,3009200,1616
2015-02-24,1620,1637,1605,1628,2144000,1628
2015-02-25,1620,1631,1612,1622,1623800,1622
2015-02-26,1630,1648,1627,1647,2550800,1647
2015-02-27,1653,1674,1650,1670,2722900,1670
2015-03-02,1687,1691,1646,1648,2721200,1648
2015-03-03,1660,1660,1633,1642,1455500,1642
2015-03-04,1622,1640,1621,1637,1144900,1637
2015-03-05,1634,1642,1623,1627,1179300,1627
2015-03-06,1631,1676,1627,1675,2735800,1675
2015-03-09,1668,1668,1648,1650,2071300,1650
2015-03-10,1655,1664,1637,1653,1697200,1653
2015-03-11,1642,1663,1640,1652,1136900,1652
2015-03-12,1642,1671,1631,1671,2098200,1671
2015-03-13,1699,1731,1685,1727,6531100,1727
2015-03-16,1718,1757,1713,1742,2795500,1742
2015-03-17,1760,1768,1729,1734,2642700,1734
2015-03-18,1750,1772,1737,1768,2773900,1768
2015-03-19,1769,1800,1754,1782,3424100,1782
2015-03-20,1790,1831,1786,1816,3348700,1816
2015-03-23,1826,1830,1801,1806,2165100,1806
2015-03-24,1791,1803,1775,1783,1905300,1783
2015-03-25,1780,1797,1765,1783,1687800,1783
2015-03-26,1755,1773,1747,1756,1575400,1756
2015-03-27,1742,1791,1731,1752,2035500,1752
2015-03-30,1751,1772,1747,1768,1766600,1768
2015-03-31,1794,1808,1761,1761,3065900,1761
2015-04-01,1736,1759,1682,1687,3627700,1687
2015-04-02,1688,1723,1682,1712,2902600,1712
2015-04-03,1716,1735,1705,1725,1424000,1725
2015-04-06,1706,1728,1693,1725,1536200,1725
2015-04-07,1734,1750,1725,1748,1876300,1748
2015-04-08,1768,1776,1758,1763,1831100,1763
2015-04-09,1778,1794,1770,1778,1948200,1778
2015-04-10,1780,1783,1750,1767,2341800,1767
2015-04-13,1779,1808,1767,1804,2034400,1804
2015-04-14,1808,1814,1785,1790,1633000,1790
2015-04-15,1787,1788,1767,1770,1783700,1770
2015-04-16,1772,1793,1771,1780,1763900,1780
2015-04-17,1770,1770,1728,1730,2747300,1730
2015-04-20,1705,1729,1702,1716,2079700,1716
2015-04-21,1689,1690,1623,1674,10341400,1674
2015-04-22,1673,1678,1653,1659,5597800,1659
2015-04-23,1681,1713,1673,1693,3803000,1693
2015-04-24,1707,1708,1691,1691,2431900,1691
2015-04-27,1700,1704,1675,1681,2119000,1681
2015-04-28,1699,1716,1692,1713,2920600,1713
2015-04-30,1701,1703,1658,1660,2851000,1660
2015-05-01,1643,1647,1610,1620,3749400,1620
2015-05-07,1600,1633,1593,1624,3567100,1624
2015-05-08,1614,1638,1614,1630,1980600,1630
2015-05-11,1661,1663,1643,1647,1345600,1647
2015-05-12,1650,1650,1630,1644,1511500,1644
2015-05-13,1638,1676,1633,1672,1653300,1672
2015-05-14,1657,1676,1655,1658,1337900,1658
2015-05-15,1667,1672,1653,1657,893700,1657
2015-05-18,1663,1680,1654,1677,1535300,1677
2015-05-19,1678,1692,1670,1681,1725600,1681
2015-05-20,1695,1706,1686,1701,1798200,1701
2015-05-21,1707,1710,1696,1703,1417500,1703
2015-05-22,1700,1708,1684,1708,1471000,1708
2015-05-25,1714,1724,1707,1718,1355500,1718
2015-05-26,1725,1729,1713,1726,1568200,1726
2015-05-27,1715,1745,1703,1738,1962900,1738
2015-05-28,1741,1755,1730,1736,1991600,1736
2015-05-29,1730,1757,1719,1750,2255000,1750
2015-06-01,1741,1764,1736,1753,2255800,1753
2015-06-02,1760,1784,1756,1771,2128500,1771
2015-06-03,1752,1763,1745,1748,1585100,1748
2015-06-04,1756,1771,1751,1761,1223700,1761
2015-06-05,1755,1755,1729,1734,1411100,1734
2015-06-08,1741,1744,1710,1714,1505800,1714
2015-06-09,1700,1700,1663,1665,1614700,1665
2015-06-10,1687,1689,1665,1667,1529000,1667
2015-06-11,1696,1696,1670,1683,1478900,1683
2015-06-12,1703,1708,1685,1695,2583000,1695
2015-06-15,1680,1680,1657,1668,1491300,1668
2015-06-16,1653,1658,1616,1620,3044900,1620
2015-06-17,1625,1630,1617,1628,2095900,1628
2015-06-18,1640,1656,1631,1636,2591800,1636
2015-06-19,1649,1652,1618,1635,2297900,1635
2015-06-22,1636,1642,1617,1640,1732900,1640
2015-06-23,1640,1665,1635,1663,2130300,1663
2015-06-24,1680,1681,1662,1668,1923700,1668
2015-06-25,1651,1655,1640,1641,1796800,1641
2015-06-26,1644,1648,1617,1622,1847800,1622
2015-06-29,1580,1582,1561,1570,2972100,1570
2015-06-30,1580,1592,1557,1568,3046000,1568
2015-07-01,1575,1576,1558,1562,2237300,1562
2015-07-02,1578,1602,1569,1575,2368800,1575
2015-07-03,1575,1596,1563,1595,1615000,1595
2015-07-06,1561,1564,1534,1547,2880300,1547
2015-07-07,1556,1593,1553,1560,3115500,1560
2015-07-08,1557,1564,1497,1501,3006000,1501
2015-07-09,1448,1514,1422,1509,4363400,1509
2015-07-10,1550,1580,1508,1510,6311100,1510
2015-07-13,1529,1573,1525,1563,3802100,1563
2015-07-14,1592,1601,1572,1591,2333900,1591
2015-07-15,1596,1596,1551,1562,2010800,1562
2015-07-16,1570,1571,1533,1541,2592300,1541
2015-07-17,1548,1557,1531,1545,2228100,1545
2015-07-21,1572,1602,1557,1571,3831000,1571
2015-07-22,1575,1589,1553,1568,5641900,1568
2015-07-23,1580,1580,1519,1523,3694800,1523
2015-07-24,1534,1534,1513,1520,1909100,1520
2015-07-27,1500,1513,1483,1502,2595500,1502
2015-07-28,1467,1500,1447,1486,3722500,1486
2015-07-29,1468,1475,1432,1433,3588300,1433
2015-07-30,1436,1452,1428,1442,3059300,1442
2015-07-31,1443,1479,1435,1471,2657900,1471
2015-08-03,1463,1477,1447,1455,1865400,1455
2015-08-04,1439,1455,1431,1455,2567500,1455
2015-08-05,1465,1515,1455,1509,2944400,1509
2015-08-06,1532,1556,1512,1520,2995000,1520
2015-08-07,1496,1524,1490,1515,1866100,1515
2015-08-10,1509,1509,1483,1495,1730600,1495
2015-08-11,1510,1548,1509,1539,2471800,1539
2015-08-12,1532,1540,1496,1506,2175800,1506
2015-08-13,1499,1540,1494,1534,1940300,1534
2015-08-14,1527,1528,1500,1511,1272100,1511
2015-08-17,1521,1521,1497,1508,756400,1508
2015-08-18,1513,1537,1508,1516,1085100,1516
2015-08-19,1508,1510,1469,1470,2405400,1470
2015-08-20,1471,1479,1451,1455,1881000,1455
2015-08-21,1407,1428,1398,1408,2712400,1408
2015-08-24,1355,1378,1332,1338,3648600,1338
2015-08-25,1293,1374,1264,1292,3876000,1292
2015-08-26,1283,1343,1281,1332,4044200,1332
2015-08-27,1350,1368,1330,1339,2949000,1339
2015-08-28,1382,1443,1366,1438,3463300,1438
2015-08-31,1408,1422,1384,1390,3130900,1390
2015-09-01,1364,1373,1340,1340,1999000,1340
2015-09-02,1300,1341,1296,1310,3122900,1310
2015-09-03,1330,1348,1305,1314,1807600,1314
2015-09-04,1321,1322,1256,1268,2484100,1268
2015-09-07,1250,1291,1240,1274,2419000,1274
2015-09-08,1261,1290,1258,1284,3676200,1284
2015-09-09,1306,1345,1301,1344,3304200,1344
2015-09-10,1305,1318,1278,1314,2425900,1314
2015-09-11,1291,1316,1291,1302,3023500,1302
2015-09-14,1309,1318,1280,1290,1455900,1290
2015-09-15,1305,1312,1282,1285,2032200,1285
2015-09-16,1295,1316,1285,1302,2707900,1302
2015-09-17,1328,1375,1327,1369,3343700,1369
2015-09-18,1347,1351,1313,1324,2327400,1324
2015-09-24,1280,1291,1227,1252,5505900,1252
2015-09-25,1242,1250,1214,1250,4195900,1250
2015-09-28,1250,1251,1228,1239,2128300,1239
2015-09-29,1218,1218,1175,1178,3101100,1178
2015-09-30,1217,1233,1197,1212,2625600,1212
2015-10-01,1222,1256,1211,1238,3347300,1238
2015-10-02,1230,1257,1214,1239,2251600,1239
2015-10-05,1259,1263,1237,1252,2877300,1252
2015-10-06,1273,1294,1265,1268,2840800,1268
2015-10-07,1279,1307,1273,1301,3315200,1301
2015-10-08,1307,1336,1298,1303,2965100,1303
2015-10-09,1305,1332,1294,1327,4474100,1327
2015-10-13,1327,1339,1312,1320,2540700,1320
2015-10-14,1314,1317,1266,1270,2249400,1270
2015-10-15,1257,1282,1249,1272,2324600,1272
2015-10-16,1275,1290,1267,1286,1746100,1286
2015-10-19,1294,1297,1256,1268,2125700,1268
2015-10-20,1271,1271,1244,1256,3018100,1256
2015-10-21,1316,1407,1298,1383,9472500,1383
2015-10-22,1383,1447,1383,1406,5250600,1406
2015-10-23,1450,1488,1438,1463,5367300,1463
2015-10-26,1463,1493,1452,1463,4211700,1463
2015-10-27,1456,1469,1415,1430,4242400,1430
2015-10-28,1432,1440,1399,1418,3344600,1418
2015-10-29,1449,1463,1428,1442,1973700,1442
2015-10-30,1454,1457,1414,1447,2710900,1447
2015-11-02,1422,1437,1405,1419,2269500,1419
2015-11-04,1458,1475,1450,1453,2066000,1453
2015-11-05,1475,1490,1465,1480,3112800,1480
2015-11-06,1488,1509,1479,1502,3366000,1502
2015-11-09,1520,1535,1513,1534,2702000,1534
2015-11-10,1514,1533,1506,1533,2006100,1533
2015-11-11,1535,1537,1508,1515,1276100,1515
2015-11-12,1566,1585,1562,1581,5856100,1581
2015-11-13,1565,1585,1553,1579,2877500,1579
2015-11-16,1541,1577,1535,1572,1861400,1572
2015-11-17,1590,1617,1590,1604,3451500,1604
2015-11-18,1625,1640,1603,1605,3052800,1605
2015-11-19,1630,1633,1613,1630,2306800,1630
2015-11-20,1624,1640,1615,1640,1777500,1640
2015-11-24,1643,1649,1636,1646,1740800,1646
2015-11-25,1645,1645,1624,1634,1947400,1634
2015-11-26,1638,1642,1624,1626,1443400,1626
2015-11-27,1626,1630,1617,1627,1440500,1627
2015-11-30,1617,1634,1607,1625,1620600,1625
2015-12-01,1633,1674,1629,1674,2774400,1674
2015-12-02,1661,1670,1646,1655,1434700,1655
2015-12-03,1656,1667,1645,1666,1305700,1666
2015-12-04,1631,1640,1609,1614,2382400,1614
2015-12-07,1641,1664,1635,1657,1759400,1657
2015-12-08,1664,1664,1632,1644,1796700,1644
2015-12-09,1624,1670,1622,1654,2011200,1654
2015-12-10,1634,1637,1616,1623,1701000,1623
2015-12-11,1632,1683,1631,1679,3946500,1679
2015-12-14,1640,1643,1604,1623,2915100,1623
2015-12-15,1640,1651,1621,1624,2712200,1624
2015-12-16,1659,1659,1614,1630,3865800,1630
2015-12-17,1669,1676,1635,1639,3799300,1639
2015-12-18,1644,1679,1596,1599,4040600,1599
2015-12-21,1591,1656,1589,1652,3646000,1652
2015-12-22,1663,1684,1656,1681,2899600,1681
2015-12-24,1700,1724,1666,1672,3088300,1672
2015-12-25,1673,1684,1654,1671,1045800,1671
2015-12-28,1662,1691,1659,1676,1497200,1676
2015-12-29,1670,1689,1651,1687,1889500,1687
2015-12-30,1690,1706,1657,1663,2905600,1663
2016-01-04,1651,1656,1582,1600,4468200,1600
2016-01-05,1576,1593,1557,1570,2710100,1570
2016-01-06,1537,1540,1477,1485,6056000,1485
2016-01-07,1485,1485,1423,1423,5190300,1423
2016-01-08,1400,1468,1399,1430,4712100,1430
2016-01-12,1468,1488,1424,1424,6893900,1424
2016-01-13,1450,1495,1439,1490,3853500,1490
2016-01-14,1420,1439,1404,1435,3694300,1435
2016-01-15,1468,1481,1422,1430,2566100,1430
2016-01-18,1400,1436,1386,1425,2673500,1425
2016-01-19,1400,1462,1392,1458,3750100,1458
2016-01-20,1451,1452,1369,1377,4266200,1377
2016-01-21,1276,1312,1225,1267,11403400,1267
2016-01-22,1338,1369,1319,1368,6010100,1368
2016-01-25,1368,1387,1341,1377,4291800,1377
2016-01-26,1340,1350,1316,1321,2484500,1321
2016-01-27,1338,1361,1330,1354,2871400,1354
2016-01-28,1342,1373,1331,1341,2449400,1341
2016-01-29,1338,1341,1259,1318,7731000,1318
2016-02-01,1376,1406,1346,1398,4023500,1398
2016-02-02,1355,1382,1343,1347,2902100,1347
2016-02-03,1318,1336,1281,1291,3083200,1291
2016-02-04,1254,1305,1245,1285,3605100,1285
2016-02-05,1260,1294,1256,1280,2577300,1280
2016-02-08,1253,1302,1231,1290,2244100,1290
2016-02-09,1222,1235,1199,1208,2652900,1208
2016-02-10,1185,1209,1151,1180,4141900,1180
2016-02-12,1120,1147,1114,1122,3760500,1122
2016-02-15,1180,1233,1164,1215,3314000,1215
2016-02-16,1202,1261,1196,1239,2329900,1239
2016-02-17,1239,1278,1220,1240,2786400,1240
2016-02-18,1293,1320,1280,1307,3481100,1307
2016-02-19,1282,1287,1245,1264,2366400,1264
2016-02-22,1254,1288,1237,1281,1985000,1281
2016-02-23,1300,1327,1291,1299,2443200,1299
2016-02-24,1282,1313,1261,1304,3058500,1304
2016-02-25,1318,1350,1315,1341,2913000,1341
2016-02-26,1368,1394,1364,1372,3133100,1372
2016-02-29,1387,1400,1355,1355,2721700,1355
2016-03-01,1300,1310,1247,1292,5852600,1292
2016-03-02,1336,1349,1317,1343,3232700,1343
2016-03-03,1347,1409,1346,1383,3228100,1383
2016-03-04,1383,1408,1380,1406,2410900,1406
2016-03-07,1413,1423,1389,1396,1817100,1396
2016-03-08,1375,1375,1308,1326,5172700,1326
2016-03-09,1313,1317,1285,1300,3797800,1300
2016-03-10,1328,1336,1311,1329,2833700,1329
2016-03-11,1307,1335,1300,1328,3777700,1328
2016-03-14,1335,1344,1326,1338,2404000,1338
2016-03-15,1326,1337,1296,1303,3364400,1303
2016-03-16,1275,1292,1262,1280,2798900,1280
2016-03-17,1298,1322,1265,1278,2664300,1278
2016-03-18,1258,1275,1237,1248,2845300,1248
2016-03-22,1266,1299,1263,1285,2147500,1285
2016-03-23,1285,1290,1261,1263,1378200,1263
2016-03-24,1260,1265,1240,1240,2046500,1240
2016-03-25,1249,1288,1244,1283,1865200,1283
2016-03-28,1298,1308,1287,1301,1468800,1301
2016-03-29,1300,1316,1292,1304,1556300,1304
2016-03-30,1300,1307,1277,1283,1882100,1283
2016-03-31,1304,1322,1297,1299,1902300,1299
2016-04-01,1277,1281,1221,1227,3933400,1227
2016-04-04,1232,1261,1225,1236,2080200,1236
2016-04-05,1240,1245,1208,1217,2583900,1217
2016-04-06,1210,1250,1205,1233,2070600,1233
2016-04-07,1240,1273,1228,1250,2236500,1250
2016-04-08,1231,1319,1228,1300,2794300,1300
2016-04-11,1293,1293,1257,1289,1776600,1289
2016-04-12,1280,1332,1269,1328,2196000,1328
2016-04-13,1341,1355,1303,1336,3215400,1336
2016-04-14,1358,1388,1352,1386,2164300,1386
2016-04-15,1347,1374,1343,1356,2100600,1356
2016-04-18,1266,1306,1259,1265,4292600,1265
2016-04-19,1294,1318,1285,1312,3423300,1312
2016-04-20,1331,1356,1315,1336,3337500,1336
2016-04-21,1275,1285,1232,1272,10243900,1272
2016-04-22,1247,1307,1247,1305,5589200,1305
2016-04-25,1328,1389,1308,1368,5769800,1368
2016-04-26,1351,1393,1351,1389,3672300,1389
2016-04-27,1380,1384,1364,1371,2661500,1371
2016-04-28,1380,1390,1301,1311,4214500,1311
2016-05-02,1257,1269,1237,1264,3876700,1264
2016-05-06,1244,1258,1226,1236,2947800,1236
2016-05-09,1246,1254,1228,1229,2421300,1229
2016-05-10,1231,1264,1216,1259,2732900,1259
2016-05-11,1295,1307,1260,1262,1894300,1262
2016-05-12,1255,1281,1238,1279,1540500,1279
2016-05-13,1295,1302,1245,1247,2383600,1247
2016-05-16,1246,1275,1243,1254,1917900,1254
2016-05-17,1262,1275,1259,1274,1525700,1274
2016-05-18,1260,1284,1248,1269,1519300,1269
2016-05-19,1290,1304,1281,1286,1812600,1286
2016-05-20,1281,1322,1268,1319,2200000,1319
2016-05-23,1320,1342,1306,1332,2527000,1332
2016-05-24,1328,1335,1311,1314,1416500,1314
2016-05-25,1348,1348,1334,1336,1417000,1336
2016-05-26,1347,1359,1320,1326,1256800,1326
2016-05-27,1338,1345,1330,1345,1126900,1345
2016-05-30,1360,1377,1353,1377,1383600,1377
2016-05-31,1368,1407,1368,1404,2345400,1404
2016-06-01,1401,1406,1377,1381,1482200,1381
2016-06-02,1358,1358,1328,1331,1814900,1331
2016-06-03,1328,1340,1311,1320,1388100,1320
2016-06-06,1291,1308,1274,1306,1781700,1306
2016-06-07,1318,1338,1314,1335,1536700,1335
2016-06-08,1328,1373,1322,1370,1928500,1370
2016-06-09,1357,1382,1346,1358,1612500,1358
2016-06-10,1364,1381,1357,1379,2798200,1379
2016-06-13,1345,1348,1316,1322,1625600,1322
2016-06-14,1317,1321,1286,1304,2212500,1304
2016-06-15,1300,1340,1287,1332,1773000,1332
2016-06-16,1331,1331,1283,1291,1677500,1291
2016-06-17,1309,1317,1291,1308,1774300,1308
2016-06-20,1330,1382,1327,1373,2217700,1373
2016-06-21,1362,1393,1350,1387,1303700,1387
2016-06-22,1374,1387,1366,1373,1225000,1373
2016-06-23,1385,1407,1370,1406,1416600,1406
2016-06-24,1420,1431,1254,1258,4075200,1258
2016-06-27,1260,1269,1239,1259,1839300,1259
2016-06-28,1248,1305,1232,1292,2888300,1292
2016-06-29,1301,1346,1282,1338,2433900,1338
2016-06-30,1350,1359,1315,1323,2519900,1323
2016-07-01,1349,1352,1316,1323,1710000,1323
2016-07-04,1301,1310,1287,1307,1609400,1307
2016-07-05,1288,1295,1251,1261,2986200,1261
2016-07-06,1225,1229,1198,1217,2931200,1217
2016-07-07,1221,1254,1211,1215,2474000,1215
2016-07-08,1218,1235,1204,1204,2425800,1204
2016-07-11,1234,1263,1233,1256,1940300,1256
2016-07-12,1296,1330,1294,1316,2271600,1316
2016-07-13,1348,1358,1328,1331,2105000,1331
2016-07-14,1322,1355,1319,1350,1657300,1350
2016-07-15,1355,1386,1352,1361,2657400,1361
2016-07-19,1391,1417,1386,1413,3089200,1413
2016-07-20,1375,1397,1372,1385,2884000,1385
2016-07-21,1456,1468,1414,1432,6450500,1432
2016-07-22,1398,1441,1385,1429,2465200,1429
2016-07-25,1446,1465,1437,1439,1536000,1439
2016-07-26,1435,1438,1410,1425,2064700,1425
2016-07-27,1445,1492,1441,1472,3376800,1472
2016-07-28,1451,1466,1417,1421,2475200,1421
2016-07-29,1413,1440,1387,1420,3095800,1420
2016-08-01,1407,1439,1391,1432,1831100,1432
2016-08-02,1414,1426,1408,1408,1007300,1408
2016-08-03,1380,1386,1356,1363,2660800,1363
2016-08-04,1375,1405,1366,1401,2125100,1401
2016-08-05,1410,1424,1396,1402,1864300,1402
2016-08-08,1438,1460,1430,1452,1681300,1452
2016-08-09,1450,1467,1438,1463,1357700,1463
2016-08-10,1450,1455,1430,1443,1619600,1443
2016-08-12,1459,1459,1436,1450,1515100,1450
2016-08-15,1442,1448,1422,1430,1517600,1430
2016-08-16,1430,1441,1415,1415,1318800,1415
2016-08-17,1412,1440,1401,1437,1216700,1437
2016-08-18,1421,1434,1406,1412,1420900,1412
2016-08-19,1422,1448,1415,1439,1142900,1439
2016-08-22,1452,1453,1424,1433,975100,1433
2016-08-23,1424,1427,1391,1395,1346000,1395
2016-08-24,1404,1415,1396,1402,1243100,1402
2016-08-25,1410,1417,1395,1411,1637500,1411
2016-08-26,1412,1414,1398,1406,1804100,1406
2016-08-29,1433,1485,1433,1484,2597800,1484
2016-08-30,1488,1502,1466,1468,1430300,1468
2016-08-31,1490,1533,1489,1524,2355000,1524
2016-09-01,1523,1537,1511,1534,2071400,1534
2016-09-02,1529,1529,1483,1502,1573200,1502
2016-09-05,1532,1537,1515,1528,1277200,1528
2016-09-06,1529,1533,1515,1527,1408200,1527
2016-09-07,1498,1521,1486,1520,1352200,1520
2016-09-08,1529,1540,1498,1510,1130800,1510
2016-09-09,1510,1527,1507,1522,1694700,1522
2016-09-12,1494,1515,1491,1497,1301600,1497
2016-09-13,1511,1519,1492,1498,1124000,1498
2016-09-14,1490,1510,1488,1502,1268200,1502
2016-09-15,1482,1495,1452,1460,1607500,1460
2016-09-16,1480,1494,1477,1482,1167500,1482
2016-09-20,1468,1503,1468,1493,1382100,1493
2016-09-21,1474,1500,1454,1492,2187700,1492
2016-09-23,1483,1499,1481,1492,1172900,1492
2016-09-26,1483,1483,1463,1465,989700,1465
2016-09-27,1450,1487,1433,1487,1584300,1487
2016-09-28,1463,1479,1459,1471,1012200,1471
2016-09-29,1485,1527,1475,1522,1461200,1522
2016-09-30,1502,1512,1492,1498,1442400,1498
2016-10-03,1513,1515,1494,1508,1099900,1508
2016-10-04,1513,1526,1505,1521,1305500,1521
2016-10-05,1525,1538,1520,1533,1285500,1533
2016-10-06,1550,1566,1542,1544,1380700,1544
2016-10-07,1550,1563,1549,1560,1177200,1560
2016-10-11,1565,1585,1555,1572,1316500,1572
2016-10-12,1559,1588,1552,1571,1650500,1571
2016-10-13,1583,1586,1546,1560,1286500,1560
2016-10-14,1550,1570,1546,1552,1853100,1552
2016-10-17,1560,1597,1557,1593,1885900,1593
2016-10-18,1580,1584,1572,1580,1751000,1580
2016-10-19,1565,1582,1557,1571,1783000,1571
2016-10-20,1588,1608,1578,1599,2569800,1599
2016-10-21,1635,1684,1623,1633,5579100,1633
2016-10-24,1635,1649,1619,1630,1942000,1630
2016-10-25,1649,1660,1644,1651,1710000,1651
2016-10-26,1644,1648,1636,1646,1709500,1646
2016-10-27,1660,1668,1646,1657,1816800,1657
2016-10-28,1662,1676,1658,1663,3029000,1663
2016-10-31,1663,1679,1661,1677,2065500,1677
2016-11-01,1675,1697,1670,1697,2259500,1697
2016-11-02,1670,1672,1646,1649,2064100,1649
2016-11-04,1630,1654,1617,1653,1626900,1653
2016-11-07,1670,1686,1662,1670,1978200,1670
2016-11-08,1685,1693,1667,1674,1109200,1674
2016-11-09,1689,1693,1545,1569,3297000,1569
2016-11-10,1680,1726,1663,1716,3450600,1716
2016-11-11,1735,1735,1697,1704,2155400,1704
2016-11-14,1713,1750,1709,1749,1955000,1749
2016-11-15,1750,1765,1737,1750,1273200,1750
2016-11-16,1765,1776,1748,1755,1381200,1755
2016-11-17,1738,1757,1729,1756,1045100,1756
2016-11-18,1770,1778,1757,1776,1475000,1776
2016-11-21,1780,1788,1765,1775,1004300,1775
2016-11-22,1765,1774,1740,1762,1772100,1762
2016-11-24,1777,1777,1759,1763,1341000,1763
2016-11-25,1780,1815,1772,1787,2709500,1787
2016-11-28,1790,1792,1766,1783,1168500,1783
2016-11-29,1748,1762,1720,1758,2156900,1758
2016-11-30,1767,1771,1748,1755,1395800,1755
2016-12-01,1788,1819,1781,1803,2416500,1803
2016-12-02,1794,1795,1754,1767,1854100,1767
2016-12-05,1760,1769,1747,1765,1369100,1765
2016-12-06,1782,1786,1756,1763,1507300,1763
2016-12-07,1775,1795,1774,1793,1355900,1793
2016-12-08,1801,1820,1797,1819,1766600,1819
2016-12-09,1837,1843,1814,1839,2808000,1839
2016-12-12,1856,1869,1823,1845,1692400,1845
2016-12-13,1836,1837,1803,1825,1474100,1825
2016-12-14,1839,1867,1826,1854,1485800,1854
2016-12-15,1867,1874,1845,1856,1847200,1856
2016-12-16,1871,1882,1860,1869,1454000,1869
2016-12-19,1861,1862,1827,1837,1359300,1837
2016-12-20,1845,1850,1824,1843,1120400,1843
2016-12-21,1854,1873,1848,1857,1333200,1857
2016-12-22,1850,1853,1829,1841,1063600,1841
2016-12-26,1850,1853,1832,1836,785000,1836
2016-12-27,1835,1838,1821,1827,872100,1827
2016-12-28,1827,1854,1827,1845,996900,1845
2016-12-29,1841,1841,1810,1818,986100,1818
2016-12-30,1805,1824,1793,1818,949400,1818
2017-01-04,1843,1879,1841,1872,1755900,1872
