Date,Open,High,Low,Close,Volume,Adj Close
2008-10-20,184,192,180,191,1934000,191
2008-10-21,188,189,178,185,2555000,185
2008-10-22,182,184,171,171,1477000,171
2008-10-23,161,165,149,157,3356000,157
2008-10-24,162,163,128,128,2945000,128
2008-10-27,132,142,112,119,3862000,119
2008-10-28,115,135,113,135,2083000,135
2008-10-29,140,151,132,142,2783000,142
2008-10-30,140,165,140,159,2266000,159
2008-10-31,164,164,151,154,1832000,154
2008-11-04,161,167,158,165,1665000,165
2008-11-05,170,177,163,170,1970000,170
2008-11-06,161,163,151,154,1627000,154
2008-11-07,148,154,140,147,2028000,147
2008-11-10,152,158,152,156,1134000,156
2008-11-11,151,154,148,149,932000,149
2008-11-12,145,149,142,144,959000,144
2008-11-13,136,139,131,131,1410000,131
2008-11-14,139,142,135,138,2089000,138
2008-11-17,135,142,132,139,968000,139
2008-11-18,138,142,136,140,1669000,140
2008-11-19,141,149,139,148,4669000,148
2008-11-20,144,147,139,139,3087000,139
2008-11-21,131,139,130,137,2468000,137
2008-11-25,151,153,141,149,2369000,149
2008-11-26,145,150,144,148,1649000,148
2008-11-27,155,164,154,163,5786000,163
2008-11-28,169,195,168,194,12330000,194
2008-12-01,192,197,183,189,10065000,189
2008-12-02,180,197,179,190,11456000,190
2008-12-03,200,207,194,202,15959000,202
2008-12-04,206,208,189,191,8335000,191
2008-12-05,191,194,181,189,5375000,189
2008-12-08,193,205,189,204,5541000,204
2008-12-09,214,225,208,212,13409000,212
2008-12-10,214,231,213,227,10015000,227
2008-12-11,235,251,227,251,13184000,251
2008-12-12,246,267,236,244,18398000,244
2008-12-15,261,265,253,259,7399000,259
2008-12-16,255,269,253,263,8864000,263
2008-12-17,268,270,252,262,6030000,262
2008-12-18,260,265,254,258,3865000,258
2008-12-19,255,262,249,253,4119000,253
2008-12-22,253,265,246,263,5564000,263
2008-12-24,261,289,260,272,18492000,272
2008-12-25,277,283,268,279,6264000,279
2008-12-26,284,294,281,290,16490000,290
2008-12-29,295,297,284,293,5525000,293
2008-12-30,290,290,282,282,2558000,282
2009-01-05,292,292,284,287,2248000,287
2009-01-06,288,304,286,303,10413000,303
2009-01-07,303,306,295,298,5058000,298
2009-01-08,296,304,277,277,5191000,277
2009-01-09,282,284,271,276,3251000,276
2009-01-13,261,272,260,261,3114000,261
2009-01-14,262,271,256,267,2571000,267
2009-01-15,258,263,253,254,3059000,254
2009-01-16,258,278,256,276,6581000,276
2009-01-19,282,296,281,288,9444000,288
2009-01-20,285,286,272,277,3059000,277
2009-01-21,267,280,264,275,4058000,275
2009-01-22,279,285,263,273,5983000,273
2009-01-23,268,269,246,246,3829000,246
2009-01-26,236,238,218,226,8633000,226
2009-01-27,233,239,226,233,4406000,233
2009-01-28,232,235,225,228,4011000,228
2009-01-29,237,244,229,242,5668000,242
2009-01-30,239,251,234,248,5358000,248
2009-02-02,243,248,236,238,3155000,238
2009-02-03,235,242,231,232,2652000,232
2009-02-04,235,238,231,235,1963000,235
2009-02-05,237,246,233,239,2752000,239
2009-02-06,246,247,238,239,2046000,239
2009-02-09,244,247,236,237,1891000,237
2009-02-10,241,242,228,229,2034000,229
2009-02-12,225,229,218,219,2321000,219
2009-02-13,221,221,214,215,2493000,215
2009-02-16,214,215,207,211,2289000,211
2009-02-17,208,209,198,200,1766000,200
2009-02-18,194,202,189,199,3714000,199
2009-02-19,199,200,192,193,2128000,193
2009-02-20,191,192,184,188,2108000,188
2009-02-23,180,186,179,185,2047000,185
2009-02-24,180,188,178,187,2913000,187
2009-02-25,197,203,193,203,5290000,203
2009-02-26,204,209,201,201,3364000,201
2009-02-27,201,207,199,201,2254000,201
2009-03-02,196,200,195,196,1737000,196
2009-03-03,190,195,186,192,2185000,192
2009-03-04,188,197,186,195,2438000,195
2009-03-05,200,202,197,197,1625000,197
2009-03-06,193,194,183,183,2055000,183
2009-03-09,187,189,174,176,2223000,176
2009-03-10,172,178,171,174,1397000,174
2009-03-11,182,184,178,180,1208000,180
2009-03-12,177,184,177,183,1542000,183
2009-03-13,193,194,189,191,3787000,191
2009-03-16,195,204,195,203,1443000,203
2009-03-17,208,213,207,209,2108000,209
2009-03-18,213,214,205,207,1384000,207
2009-03-19,211,211,206,209,769000,209
2009-03-23,209,216,208,215,1588000,215
2009-03-24,220,220,214,220,1782000,220
2009-03-25,220,222,215,221,1367000,221
2009-03-26,222,237,218,236,2871000,236
2009-03-27,239,246,231,231,2967000,231
2009-03-30,240,244,222,224,3148000,224
2009-03-31,219,233,219,226,1841000,226
2009-04-01,231,242,230,242,3478000,242
2009-04-02,249,260,246,260,4315000,260
2009-04-03,266,270,252,257,2893000,257
2009-04-06,267,273,263,268,2681000,268
2009-04-07,271,278,265,272,2576000,272
2009-04-08,268,271,258,259,1798000,259
2009-04-09,269,276,266,276,1581000,276
2009-04-10,281,288,268,271,2654000,271
2009-04-13,274,278,269,274,985000,274
2009-04-14,277,277,263,271,1552000,271
2009-04-15,266,272,261,272,1625000,272
2009-04-16,278,285,271,275,3389000,275
2009-04-17,280,282,273,276,1163000,276
2009-04-20,274,279,269,279,1038000,279
2009-04-21,262,291,262,284,3869000,284
2009-04-22,289,296,277,279,3911000,279
2009-04-23,284,286,274,283,1376000,283
2009-04-24,282,282,272,273,1232000,273
2009-04-27,276,278,268,270,1125000,270
2009-04-28,266,271,254,259,1421000,259
2009-04-30,265,269,261,265,1002000,265
2009-05-01,265,272,260,266,1457000,266
2009-05-07,278,278,272,277,1038000,277
2009-05-08,278,284,273,281,2034000,281
2009-05-11,283,296,281,296,3325000,296
2009-05-12,291,300,286,289,3450000,289
2009-05-13,288,292,284,285,1103000,285
2009-05-14,276,309,276,308,10059000,308
2009-05-15,308,350,307,345,17751000,345
2009-05-18,340,342,321,323,6561000,323
2009-05-19,341,357,333,347,19065000,347
2009-05-20,351,377,350,376,20238000,376
2009-05-21,375,384,366,370,14518000,370
2009-05-22,364,388,361,387,12615000,387
2009-05-25,390,392,376,386,11047000,386
2009-05-26,385,395,377,392,15312000,392
2009-05-27,392,396,374,377,9984000,377
2009-05-28,373,388,373,382,6681000,382
2009-05-29,383,384,377,384,3151000,384
2009-06-01,382,396,379,392,5322000,392
2009-06-02,400,420,392,412,17738000,412
2009-06-03,417,424,407,418,12628000,418
2009-06-04,428,489,426,471,43251000,471
2009-06-05,486,492,458,480,33850000,480
2009-06-08,475,484,465,479,15475000,479
2009-06-09,474,488,456,460,13709000,460
2009-06-10,468,490,461,489,17460000,489
2009-06-11,488,511,481,504,27059000,504
2009-06-12,514,517,498,503,15897000,503
2009-06-15,509,512,489,497,7695000,497
2009-06-16,487,507,479,497,15229000,497
2009-06-17,507,577,504,577,58397000,577
2009-06-18,623,644,577,613,68871000,613
2009-06-19,597,605,523,567,49399000,567
2009-06-22,550,623,535,621,64013000,621
2009-06-23,608,641,589,612,85927000,612
2009-06-24,639,642,565,596,65608000,596
2009-06-25,606,611,574,600,41034000,600
2009-06-26,607,610,587,603,30705000,603
2009-06-29,586,596,523,532,43655000,532
2009-06-30,547,559,524,558,43152000,558
2009-07-01,552,578,538,561,35983000,561
2009-07-02,569,580,559,578,29450000,578
2009-07-03,569,592,566,592,26281000,592
2009-07-06,582,591,564,568,20753000,568
2009-07-07,558,561,518,523,31982000,523
2009-07-08,503,529,502,525,30832000,525
2009-07-09,515,540,510,522,21634000,522
2009-07-10,530,531,473,477,34526000,477
2009-07-13,467,474,428,438,34521000,438
2009-07-14,444,483,438,483,42272000,483
2009-07-15,493,507,451,462,58520000,462
2009-07-16,482,486,463,466,41895000,466
2009-07-17,467,474,436,448,43042000,448
2009-07-21,453,517,436,514,73768000,514
2009-07-22,509,534,486,528,91138000,528
2009-07-23,535,599,526,583,144602000,583
2009-07-24,603,619,556,581,137441000,581
2009-07-27,561,579,550,557,32203000,557
2009-07-28,548,575,544,558,30700000,558
2009-07-29,549,569,549,559,15307000,559
2009-07-30,569,590,562,574,26244000,574
2009-07-31,584,585,561,567,11223000,567
2009-08-03,558,572,556,569,9890000,569
2009-08-04,577,580,557,562,10796000,562
2009-08-05,559,565,528,529,13543000,529
2009-08-06,538,561,534,558,24624000,558
2009-08-07,557,558,537,552,16183000,552
2009-08-10,556,560,545,556,11823000,556
2009-08-11,557,593,555,593,34036000,593
2009-08-12,590,596,576,580,23970000,580
2009-08-13,585,600,579,588,21821000,588
2009-08-14,595,595,579,585,9669000,585
2009-08-17,586,586,562,565,9246000,565
2009-08-18,555,570,553,570,9461000,570
2009-08-19,575,578,557,560,11095000,560
2009-08-20,559,563,543,559,9660000,559
2009-08-21,554,573,551,564,12828000,564
2009-08-24,574,574,561,565,6545000,565
2009-08-25,560,563,554,560,6434000,560
2009-08-26,558,564,554,559,6533000,559
2009-08-27,555,558,542,546,7090000,546
2009-08-28,542,549,515,527,13464000,527
2009-08-31,533,534,501,509,13600000,509
2009-09-01,506,531,494,528,19379000,528
2009-09-02,514,526,512,517,13212000,517
2009-09-03,509,513,499,501,10127000,501
2009-09-04,500,512,495,505,11895000,505
2009-09-07,513,519,506,510,8554000,510
2009-09-08,514,569,506,569,35078000,569
2009-09-09,561,578,553,558,32516000,558
2009-09-10,559,566,551,555,13665000,555
2009-09-11,556,569,546,553,21392000,553
2009-09-14,545,548,525,526,10548000,526
2009-09-15,528,532,511,520,9703000,520
2009-09-16,519,546,512,529,19686000,529
2009-09-17,537,539,515,519,12078000,519
2009-09-18,517,522,507,520,11850000,520
2009-09-24,520,525,513,514,7067000,514
2009-09-25,506,513,504,504,6298000,504
2009-09-28,490,492,468,469,10178000,469
2009-09-29,474,480,463,478,12205000,478
2009-09-30,483,484,470,470,7476000,470
2009-10-01,459,462,442,447,12237000,447
2009-10-02,433,455,432,451,10123000,451
2009-10-05,455,456,436,437,7705000,437
2009-10-06,441,449,417,422,13403000,422
2009-10-07,422,468,418,463,24516000,463
2009-10-08,459,489,449,478,23813000,478
2009-10-09,478,487,472,478,13783000,478
2009-10-13,480,491,473,476,11626000,476
2009-10-14,472,473,452,458,9162000,458
2009-10-15,468,469,459,461,6793000,461
2009-10-16,458,459,442,447,9743000,447
2009-10-19,444,464,435,461,12896000,461
2009-10-20,464,469,449,451,11171000,451
2009-10-21,448,457,445,453,5979000,453
2009-10-22,448,459,446,458,8246000,458
2009-10-23,459,496,453,487,31484000,487
2009-10-26,492,522,488,515,35477000,515
2009-10-27,510,518,492,499,18074000,499
2009-10-28,503,507,478,482,15241000,482
2009-10-29,469,477,464,477,9449000,477
2009-10-30,477,492,464,464,18444000,464
2009-11-02,449,458,446,455,9448000,455
2009-11-04,454,463,446,450,9236000,450
2009-11-05,446,449,437,441,7788000,441
2009-11-06,451,475,450,461,20535000,461
2009-11-09,455,459,451,454,7216000,454
2009-11-10,460,465,449,451,6823000,451
2009-11-11,449,461,447,451,8430000,451
2009-11-12,455,458,441,443,6510000,443
2009-11-13,442,443,422,425,12715000,425
2009-11-16,422,423,402,407,10644000,407
2009-11-17,412,419,378,390,19050000,390
2009-11-18,385,396,373,387,19311000,387
2009-11-19,389,409,379,409,20591000,409
2009-11-20,404,418,394,398,23240000,398
2009-11-24,397,399,367,369,17508000,369
2009-11-25,362,389,355,387,32187000,387
2009-11-26,377,390,368,383,22503000,383
2009-11-27,368,377,363,364,16143000,364
2009-11-30,374,384,372,381,16544000,381
2009-12-01,381,410,379,407,27115000,407
2009-12-02,405,412,394,398,15610000,398
2009-12-03,418,429,414,428,23868000,428
2009-12-04,433,434,418,431,15167000,431
2009-12-07,438,442,424,429,13631000,429
2009-12-08,419,427,418,425,8082000,425
2009-12-09,418,424,413,413,7523000,413
2009-12-10,407,414,394,399,12136000,399
2009-12-11,404,417,395,415,14736000,415
2009-12-14,413,428,411,423,12067000,423
2009-12-15,420,428,417,419,10340000,419
2009-12-16,424,425,412,414,5868000,414
2009-12-17,417,419,407,407,5542000,407
2009-12-18,402,409,397,406,8120000,406
2009-12-21,405,412,403,411,5040000,411
2009-12-22,412,436,412,435,19580000,435
2009-12-24,440,442,428,429,12382000,429
2009-12-25,426,436,424,436,13310000,436
2009-12-28,439,441,430,432,6797000,432
2009-12-29,432,436,420,425,8299000,425
2009-12-30,425,427,415,416,6030000,416
2010-01-04,420,450,414,448,24784000,448
2010-01-05,450,464,441,443,37049000,443
2010-01-06,445,457,440,451,29459000,451
2010-01-07,454,476,450,469,39074000,469
2010-01-08,473,477,463,470,21800000,470
2010-01-12,471,478,470,473,12647000,473
2010-01-13,468,471,458,460,9399000,460
2010-01-14,459,474,455,469,14143000,469
2010-01-15,465,473,461,463,9417000,463
2010-01-18,460,464,454,458,7614000,458
2010-01-19,464,482,462,466,30458000,466
2010-01-20,468,470,453,453,8493000,453
2010-01-21,446,457,445,455,6238000,455
2010-01-22,445,448,438,442,9832000,442
2010-01-25,434,444,432,441,7111000,441
2010-01-26,445,448,425,427,7979000,427
2010-01-27,430,436,417,419,9684000,419
2010-01-28,422,432,420,429,6175000,429
2010-01-29,421,422,400,403,10960000,403
2010-02-01,400,401,377,390,12747000,390
2010-02-02,398,408,395,405,13016000,405
2010-02-03,411,418,405,406,9301000,406
2010-02-04,406,406,393,398,9801000,398
2010-02-05,380,392,380,391,9560000,391
2010-02-08,385,389,380,381,9345000,381
2010-02-09,382,385,364,384,12051000,384
2010-02-10,388,389,373,375,10708000,375
2010-02-12,383,389,372,389,12418000,389
2010-02-15,401,406,394,402,24684000,402
2010-02-16,401,402,390,391,11310000,391
2010-02-17,396,401,394,398,7907000,398
2010-02-18,396,403,394,402,7743000,402
2010-02-19,402,412,391,392,19767000,392
2010-02-22,400,406,397,404,12510000,404
2010-02-23,399,416,399,415,17804000,415
2010-02-24,407,414,405,408,9064000,408
2010-02-25,413,420,398,402,19066000,402
2010-02-26,401,404,389,393,14606000,393
2010-03-01,394,396,390,394,7645000,394
2010-03-02,390,399,390,393,7501000,393
2010-03-03,393,396,386,388,7114000,388
2010-03-04,386,390,384,386,6121000,386
2010-03-05,387,400,386,398,7445000,398
2010-03-08,404,406,400,403,5182000,403
2010-03-09,403,412,401,409,9402000,409
2010-03-10,409,413,407,407,7811000,407
2010-03-11,408,412,404,408,5065000,408
2010-03-12,410,414,409,412,10243000,412
2010-03-15,416,425,415,424,17513000,424
2010-03-16,420,428,419,420,10079000,420
2010-03-17,422,424,420,423,4414000,423
2010-03-18,425,428,421,421,8825000,421
2010-03-19,424,424,416,419,6893000,419
2010-03-23,417,419,411,413,4693000,413
2010-03-24,415,416,408,410,2629000,410
2010-03-25,413,413,406,408,2909000,408
2010-03-26,409,415,406,410,4288000,410
2010-03-29,407,423,407,421,5572000,421
2010-03-30,421,425,419,420,3419000,420
2010-03-31,424,424,416,416,2659000,416
2010-04-01,418,426,415,425,5171000,425
2010-04-02,427,446,420,444,14154000,444
2010-04-05,452,455,441,445,10727000,445
2010-04-06,449,450,434,437,5966000,437
2010-04-07,441,453,438,450,6527000,450
2010-04-08,445,451,442,444,7101000,444
2010-04-09,441,451,439,449,6922000,449
2010-04-12,450,452,440,440,5134000,440
2010-04-13,439,450,436,447,9548000,447
2010-04-14,450,460,449,455,19025000,455
2010-04-15,460,462,453,453,6870000,453
2010-04-16,450,454,438,442,4955000,442
2010-04-19,434,438,432,432,3336000,432
2010-04-20,432,440,428,428,4082000,428
2010-04-21,435,439,431,438,3404000,438
2010-04-22,432,438,429,436,3138000,436
2010-04-23,432,434,428,428,2736000,428
2010-04-26,432,437,430,434,2049000,434
2010-04-27,447,450,443,445,7261000,445
2010-04-28,437,440,434,436,3520000,436
2010-04-30,443,443,431,432,2537000,432
2010-05-06,420,424,417,419,2764000,419
2010-05-07,393,403,392,402,6946000,402
2010-05-10,402,411,402,406,2875000,406
2010-05-11,414,414,389,390,4176000,390
2010-05-12,397,403,382,386,3939000,386
2010-05-13,397,399,376,381,9139000,381
2010-05-14,378,378,364,366,11214000,366
2010-05-17,358,360,345,349,8701000,349
2010-05-18,357,358,345,348,4271000,348
2010-05-19,340,352,333,351,5963000,351
2010-05-20,347,360,344,352,6900000,352
2010-05-21,340,349,337,347,5320000,347
2010-05-24,349,355,338,349,3837000,349
2010-05-25,348,354,335,337,5013000,337
2010-05-26,345,354,335,346,5477000,346
2010-05-27,342,359,341,358,5027000,358
2010-05-28,366,374,363,368,6220000,368
2010-05-31,367,369,361,363,3213000,363
2010-06-01,362,362,349,351,4112000,351
2010-06-02,345,355,341,345,3604000,345
2010-06-03,353,356,349,356,2739000,356
2010-06-04,358,367,357,362,3926000,362
2010-06-07,353,353,342,343,4329000,343
2010-06-08,337,349,337,345,2767000,345
2010-06-09,340,344,328,333,4083000,333
2010-06-10,334,335,320,327,3497000,327
2010-06-11,339,340,336,339,5865000,339
2010-06-14,345,353,344,353,3467000,353
2010-06-15,347,351,346,348,2264000,348
2010-06-16,356,359,351,353,2577000,353
2010-06-17,351,356,348,350,1634000,350
2010-06-18,350,358,346,354,3904000,354
2010-06-21,361,367,358,366,2587000,366
2010-06-22,362,364,359,360,1876000,360
2010-06-23,352,353,347,348,2079000,348
2010-06-24,342,350,342,346,1387000,346
2010-06-25,342,343,331,333,2795000,333
2010-06-28,336,336,322,324,2443000,324
2010-06-29,322,328,314,317,2617000,317
2010-06-30,307,310,300,307,4254000,307
2010-07-01,304,306,299,302,3018000,302
2010-07-02,302,310,296,305,2833000,305
2010-07-05,303,308,303,306,1551000,306
2010-07-06,299,306,290,303,4955000,303
2010-07-07,308,309,292,294,5177000,294
2010-07-08,304,306,301,302,3271000,302
2010-07-09,304,306,300,302,2751000,302
2010-07-12,301,307,300,301,1695000,301
2010-07-13,304,305,297,298,1982000,298
2010-07-14,304,304,300,301,2806000,301
2010-07-15,297,297,289,289,3547000,289
2010-07-16,284,285,271,273,6471000,273
2010-07-20,272,280,270,278,5426000,278
2010-07-21,280,281,268,272,3671000,272
2010-07-22,267,269,263,265,3340000,265
2010-07-23,273,276,269,274,2922000,274
2010-07-26,278,280,275,277,1419000,277
2010-07-27,277,279,274,274,959000,274
2010-07-28,279,285,276,284,2611000,284
2010-07-29,281,290,281,284,3030000,284
2010-07-30,281,281,267,269,4662000,269
2010-08-02,269,273,266,270,2032000,270
2010-08-03,277,277,272,275,1912000,275
2010-08-04,270,272,266,266,2031000,266
2010-08-05,271,271,265,270,1530000,270
2010-08-06,265,275,265,273,1785000,273
2010-08-09,272,274,270,271,1008000,271
2010-08-10,272,280,272,274,2889000,274
2010-08-11,270,275,267,273,2423000,273
2010-08-12,265,265,255,261,3733000,261
2010-08-13,262,264,258,264,1865000,264
2010-08-16,261,262,257,261,1514000,261
2010-08-17,258,263,257,262,1278000,262
2010-08-18,266,268,262,264,1622000,264
2010-08-19,263,273,263,273,1610000,273
2010-08-20,267,270,265,265,1412000,265
2010-08-23,261,263,259,260,1313000,260
2010-08-24,256,257,252,253,1788000,253
2010-08-25,248,251,244,246,2381000,246
2010-08-26,248,249,241,247,1267000,247
2010-08-27,243,259,243,257,1894000,257
2010-08-30,267,275,265,266,4844000,266
2010-08-31,260,263,253,253,3167000,253
2010-09-01,261,266,255,258,4076000,258
2010-09-02,266,270,263,270,3580000,270
2010-09-03,272,275,267,269,4309000,269
2010-09-06,275,289,273,288,5053000,288
2010-09-07,284,298,283,293,6700000,293
2010-09-08,287,292,284,284,3507000,284
2010-09-09,289,294,287,290,3605000,290
2010-09-10,295,308,293,305,10870000,305
2010-09-13,313,322,312,321,10208000,321
2010-09-14,322,324,312,317,6512000,317
2010-09-15,312,328,309,326,8335000,326
2010-09-16,329,332,323,325,4826000,325
2010-09-17,332,336,328,331,7149000,331
2010-09-21,335,337,328,330,3637000,330
2010-09-22,325,325,317,319,5033000,319
2010-09-24,311,317,306,307,5250000,307
2010-09-27,310,314,308,313,2291000,313
2010-09-28,311,313,307,308,2637000,308
2010-09-29,309,324,309,321,5965000,321
2010-09-30,320,321,307,307,4305000,307
2010-10-01,312,316,309,311,3690000,311
2010-10-04,311,316,308,310,2714000,310
2010-10-05,309,322,309,321,4495000,321
2010-10-06,324,324,317,322,3859000,322
2010-10-07,320,340,319,338,7957000,338
2010-10-08,339,343,333,333,8880000,333
2010-10-12,339,342,325,325,6016000,325
2010-10-13,330,331,321,322,3432000,322
2010-10-14,324,330,317,329,4528000,329
2010-10-15,326,330,322,324,3076000,324
2010-10-18,324,324,310,313,3430000,313
2010-10-19,313,317,308,309,3416000,309
2010-10-20,302,305,298,303,3767000,303
2010-10-21,305,308,300,300,2685000,300
2010-10-22,301,304,296,300,3077000,300
2010-10-25,301,306,300,302,2066000,302
2010-10-26,305,306,300,301,1965000,301
2010-10-27,301,303,294,297,2908000,297
2010-10-28,294,295,285,285,3698000,285
2010-10-29,283,288,280,287,3294000,287
2010-11-01,295,317,294,315,15043000,315
2010-11-02,313,323,310,318,10026000,318
2010-11-04,321,328,320,325,6031000,325
2010-11-05,328,337,328,336,7535000,336
2010-11-08,338,341,333,340,3896000,340
2010-11-09,335,342,334,339,5039000,339
2010-11-10,340,349,338,341,5721000,341
2010-11-11,341,344,336,340,3352000,340
2010-11-12,335,339,329,330,5021000,330
2010-11-15,335,346,331,345,4808000,345
2010-11-16,346,350,336,338,7148000,338
2010-11-17,332,337,331,336,3100000,336
2010-11-18,339,348,338,348,5681000,348
2010-11-19,354,358,345,346,5654000,346
2010-11-22,352,357,348,356,4094000,356
2010-11-24,348,354,344,352,3531000,352
2010-11-25,356,369,353,367,10480000,367
2010-11-26,375,376,363,365,8216000,365
2010-11-29,368,374,366,370,3610000,370
2010-11-30,367,369,355,357,4409000,357
2010-12-01,352,355,347,355,4245000,355
2010-12-02,363,365,358,361,4235000,361
2010-12-03,363,363,357,360,2233000,360
2010-12-06,359,361,358,361,1927000,361
2010-12-07,362,377,362,376,15632000,376
2010-12-08,376,376,369,373,6776000,373
2010-12-09,375,376,370,373,2475000,373
2010-12-10,377,377,365,366,7054000,366
2010-12-13,366,371,361,368,2523000,368
2010-12-14,368,382,368,381,6684000,381
2010-12-15,381,387,377,383,8751000,383
2010-12-16,381,386,381,384,3995000,384
2010-12-17,383,384,379,382,2697000,382
2010-12-20,383,383,371,374,2921000,374
2010-12-21,371,380,371,379,2748000,379
2010-12-22,379,384,376,378,3078000,378
2010-12-24,373,376,369,372,1578000,372
2010-12-27,371,378,371,375,2129000,375
2010-12-28,379,385,377,380,5066000,380
2010-12-29,382,391,378,391,6686000,391
2010-12-30,388,391,381,384,5339000,384
2011-01-04,389,397,389,394,7870000,394
2011-01-05,392,416,391,415,14623000,415
2011-01-06,420,427,416,420,13551000,420
2011-01-07,417,422,414,420,5006000,420
2011-01-11,418,424,416,421,5557000,421
2011-01-12,426,430,415,416,7670000,416
2011-01-13,420,422,414,416,2933000,416
2011-01-14,411,418,409,410,3678000,410
2011-01-17,413,420,411,417,5524000,417
2011-01-18,419,420,413,417,4692000,417
2011-01-19,421,421,415,419,2589000,419
2011-01-20,415,417,405,406,3462000,406
2011-01-21,406,406,389,393,4697000,393
2011-01-24,395,396,387,393,2503000,393
2011-01-25,395,405,395,403,2651000,403
2011-01-26,401,410,398,406,3826000,406
2011-01-27,411,413,405,411,3919000,411
2011-01-28,410,415,404,409,3738000,409
2011-01-31,392,392,376,379,11109000,379
2011-02-01,381,383,371,375,5114000,375
2011-02-02,383,386,379,385,3886000,385
2011-02-03,389,391,383,387,2972000,387
2011-02-04,393,393,388,392,2081000,392
2011-02-07,396,406,395,404,5629000,404
2011-02-08,408,411,397,398,3963000,398
2011-02-09,400,401,385,387,2682000,387
2011-02-10,385,387,381,383,2960000,383
2011-02-14,391,395,385,392,2066000,392
2011-02-15,397,401,391,394,4373000,394
2011-02-16,393,393,388,389,3332000,389
2011-02-17,389,392,380,381,3166000,381
2011-02-18,381,383,377,378,2440000,378
2011-02-21,376,377,371,375,2754000,375
2011-02-22,371,373,368,368,3458000,368
2011-02-23,365,375,363,367,2814000,367
2011-02-24,367,367,360,362,2507000,362
2011-02-25,363,367,361,366,2609000,366
2011-02-28,366,378,362,376,3151000,376
2011-03-01,378,381,371,376,2745000,376
2011-03-02,369,371,362,362,3824000,362
2011-03-03,363,365,355,362,2943000,362
2011-03-04,370,371,361,363,2763000,363
2011-03-07,360,360,354,357,2455000,357
2011-03-08,356,367,356,363,2367000,363
2011-03-09,366,367,358,358,1820000,358
2011-03-10,356,357,348,350,2494000,350
2011-03-11,348,355,346,351,6065000,351
2011-03-14,319,344,310,317,6360000,317
2011-03-15,301,305,237,257,8230000,257
2011-03-16,269,293,264,288,6903000,288
2011-03-17,272,299,266,293,5748000,293
2011-03-18,295,315,295,306,4079000,306
2011-03-22,319,326,314,324,4155000,324
2011-03-23,327,329,314,322,3832000,322
2011-03-24,320,321,311,313,2852000,313
2011-03-25,317,317,301,309,3926000,309
2011-03-28,310,327,305,327,3948000,327
2011-03-29,318,358,318,352,9185000,352
2011-03-30,355,375,355,372,11757000,372
2011-03-31,375,377,363,370,3832000,370
2011-04-01,367,374,364,368,3833000,368
2011-04-04,371,374,365,366,1790000,366
2011-04-05,363,364,351,354,3423000,354
2011-04-06,356,358,342,349,3574000,349
2011-04-07,352,353,341,344,2793000,344
2011-04-08,344,364,340,361,5759000,361
2011-04-11,363,367,356,359,2601000,359
2011-04-12,354,356,344,346,2786000,346
2011-04-13,341,358,341,355,3061000,355
2011-04-14,351,362,350,357,2329000,357
2011-04-15,359,359,350,354,1684000,354
2011-04-18,357,358,351,353,1132000,353
2011-04-19,347,349,341,343,2268000,343
2011-04-20,346,349,345,347,1793000,347
2011-04-21,350,356,348,352,2944000,352
2011-04-22,349,357,347,356,2123000,356
2011-04-25,356,364,355,360,3279000,360
2011-04-26,359,367,358,359,4336000,359
2011-04-27,359,360,344,350,3783000,350
2011-04-28,349,349,342,345,3654000,345
2011-05-02,352,354,347,350,1612000,350
2011-05-06,345,357,343,350,3120000,350
2011-05-09,354,355,350,350,1696000,350
2011-05-10,355,355,351,353,1658000,353
2011-05-11,356,357,352,354,1377000,354
2011-05-12,349,354,349,349,1395000,349
2011-05-13,349,351,336,342,3008000,342
2011-05-16,344,359,343,349,5339000,349
2011-05-17,347,365,347,363,10266000,363
2011-05-18,366,374,364,369,14939000,369
2011-05-19,369,374,363,367,7060000,367
2011-05-20,366,378,365,374,14430000,374
2011-05-23,382,386,363,366,18586000,366
2011-05-24,366,366,356,362,6694000,362
2011-05-25,361,364,349,350,7436000,350
2011-05-26,353,355,347,354,2781000,354
2011-05-27,353,355,351,352,1671000,352
2011-05-30,349,354,348,352,1571000,352
2011-05-31,352,359,350,359,2612000,359
2011-06-01,358,358,354,356,2015000,356
2011-06-02,345,349,344,347,3549000,347
2011-06-03,345,349,339,342,2013000,342
2011-06-06,342,342,328,329,2933000,329
2011-06-07,332,334,325,332,3352000,332
2011-06-08,330,333,326,332,2491000,332
2011-06-09,328,335,328,335,1403000,335
2011-06-10,339,343,335,335,3578000,335
2011-06-13,328,336,327,333,1055000,333
2011-06-14,336,338,332,338,1343000,338
2011-06-15,341,346,335,339,2514000,339
2011-06-16,332,345,332,339,9252000,339
2011-06-17,340,347,334,338,11551000,338
2011-06-20,335,345,335,338,4651000,338
2011-06-21,338,343,334,339,1812000,339
2011-06-22,342,349,341,346,2804000,346
2011-06-23,343,347,341,344,1615000,344
2011-06-24,347,351,346,349,2306000,349
2011-06-27,347,349,345,346,1091000,346
2011-06-28,348,350,343,344,1554000,344
2011-06-29,349,349,345,346,1196000,346
2011-06-30,345,347,341,345,1539000,345
2011-07-01,347,348,343,344,1104000,344
2011-07-04,348,353,347,351,2817000,351
2011-07-05,353,353,346,347,1735000,347
2011-07-06,346,351,344,350,1557000,350
2011-07-07,350,358,349,358,3198000,358
2011-07-08,361,362,355,357,2163000,357
2011-07-11,351,355,350,352,1165000,352
2011-07-12,346,348,344,344,1028000,344
2011-07-13,344,348,343,344,1563000,344
2011-07-14,344,344,335,339,2015000,339
2011-07-15,337,341,337,339,1954000,339
2011-07-19,337,339,334,335,911000,335
2011-07-20,338,339,336,337,1194000,337
2011-07-21,333,335,328,333,2982000,333
2011-07-22,337,342,335,340,2279000,340
2011-07-25,342,342,339,341,1283000,341
2011-07-26,342,342,337,342,1194000,342
2011-07-27,339,339,336,338,1088000,338
2011-07-28,335,335,326,329,1829000,329
2011-07-29,326,330,325,329,1466000,329
2011-08-01,330,336,330,331,1988000,331
2011-08-02,330,330,326,328,793000,328
2011-08-03,320,321,318,320,1684000,320
2011-08-04,321,327,319,321,1600000,321
2011-08-05,302,313,302,307,1946000,307
2011-08-08,301,305,291,295,2761000,295
2011-08-09,282,297,274,296,4553000,296
2011-08-10,304,307,292,294,2413000,294
2011-08-11,286,290,284,289,1442000,289
2011-08-12,291,292,284,286,1908000,286
2011-08-15,291,291,286,287,1542000,287
2011-08-16,290,294,289,290,2072000,290
2011-08-17,288,291,286,288,1143000,288
2011-08-18,286,289,275,277,2187000,277
2011-08-19,269,272,267,268,1393000,268
2011-08-22,266,275,263,264,1987000,264
2011-08-23,270,275,265,275,2826000,275
2011-08-24,279,284,266,269,2587000,269
2011-08-25,276,279,271,274,1615000,274
2011-08-26,274,280,272,278,1256000,278
2011-08-29,279,292,278,287,2091000,287
2011-08-30,293,296,290,294,1672000,294
2011-08-31,295,295,288,291,1053000,291
2011-09-01,290,294,290,293,960000,293
2011-09-02,286,290,285,287,1311000,287
2011-09-05,280,282,277,278,1144000,278
2011-09-06,274,274,264,268,2203000,268
2011-09-07,275,279,273,276,1265000,276
2011-09-08,279,279,272,276,1049000,276
2011-09-09,275,276,271,274,3174000,274
2011-09-12,265,266,263,266,1526000,266
2011-09-13,270,278,268,273,1692000,273
2011-09-14,273,275,262,265,2149000,265
2011-09-15,270,274,269,271,1362000,271
2011-09-16,277,285,275,282,1806000,282
2011-09-20,280,280,273,275,1138000,275
2011-09-21,276,280,275,280,1140000,280
2011-09-22,276,276,271,274,1529000,274
2011-09-26,272,272,258,262,1977000,262
2011-09-27,269,276,268,273,1455000,273
2011-09-28,279,284,278,281,1711000,281
2011-09-29,276,291,274,289,1779000,289
2011-09-30,289,295,287,292,1265000,292
2011-10-03,284,295,282,294,1940000,294
2011-10-04,289,289,282,287,2809000,287
2011-10-05,286,289,283,287,1343000,287
2011-10-06,291,302,290,294,3195000,294
2011-10-07,299,302,294,297,1354000,297
2011-10-11,305,308,302,303,1396000,303
2011-10-12,303,306,298,304,578000,304
2011-10-13,303,309,303,309,674000,309
2011-10-14,309,309,294,299,2185000,299
2011-10-17,305,306,299,299,684000,299
2011-10-18,295,302,293,298,939000,298
2011-10-19,300,301,295,298,805000,298
2011-10-20,299,300,291,295,843000,295
2011-10-21,296,297,283,289,2218000,289
2011-10-24,291,299,290,298,1144000,298
2011-10-25,299,301,293,295,790000,295
2011-10-26,290,295,288,292,641000,292
2011-10-27,292,300,291,298,1037000,298
2011-10-28,304,305,300,302,1188000,302
2011-10-31,301,307,295,301,1267000,301
2011-11-01,297,303,295,296,856000,296
2011-11-02,287,291,284,286,1220000,286
2011-11-04,291,296,290,292,1086000,292
2011-11-07,291,292,287,290,661000,290
2011-11-08,286,290,280,282,1317000,282
2011-11-09,283,285,280,283,752000,283
2011-11-10,275,278,273,274,1373000,274
2011-11-11,274,276,267,272,1421000,272
2011-11-14,275,279,273,275,804000,275
2011-11-15,282,283,274,277,1334000,277
2011-11-16,278,278,271,271,1164000,271
2011-11-17,271,277,269,274,1002000,274
2011-11-18,271,280,271,278,2026000,278
2011-11-21,278,280,273,276,1056000,276
2011-11-22,272,279,271,276,993000,276
2011-11-24,270,271,260,266,2153000,266
2011-11-25,259,264,256,261,1441000,261
2011-11-28,262,270,261,265,1976000,265
2011-11-29,270,276,268,273,1822000,273
2011-11-30,272,273,267,272,855000,272
2011-12-01,277,283,276,277,1719000,277
2011-12-02,274,282,274,281,1075000,281
2011-12-05,283,286,282,283,645000,283
2011-12-06,280,281,273,275,1033000,275
2011-12-07,275,279,275,278,942000,278
2011-12-08,280,281,271,277,1096000,277
2011-12-09,270,274,268,273,4072000,273
2011-12-12,275,277,274,274,969000,274
2011-12-13,274,274,269,271,821000,271
2011-12-14,265,268,262,267,1634000,267
2011-12-15,265,265,261,262,1187000,262
2011-12-16,266,267,263,263,1356000,263
2011-12-19,264,264,259,262,983000,262
2011-12-20,263,264,260,261,659000,261
2011-12-21,265,267,263,265,716000,265
2011-12-22,265,266,263,263,821000,263
2011-12-26,264,265,262,263,456000,263
2011-12-27,261,265,260,261,929000,261
2011-12-28,262,262,257,257,1272000,257
2011-12-29,255,258,253,257,1185000,257
2011-12-30,258,260,256,259,608000,259
2012-01-04,267,267,263,263,1085000,263
2012-01-05,262,265,262,264,806000,264
2012-01-06,265,265,258,260,1219000,260
2012-01-10,260,262,258,261,868000,261
2012-01-11,261,263,260,261,760000,261
2012-01-12,261,263,258,259,795000,259
2012-01-13,263,266,260,266,2431000,266
2012-01-16,265,265,259,259,623000,259
2012-01-17,261,264,260,262,1132000,262
2012-01-18,263,266,261,263,2039000,263
2012-01-19,268,273,268,271,1898000,271
2012-01-20,273,278,271,277,2234000,277
2012-01-23,278,287,277,281,2642000,281
2012-01-24,281,282,278,282,1161000,282
2012-01-25,284,286,280,283,1416000,283
2012-01-26,281,284,280,280,789000,280
2012-01-27,282,282,277,279,930000,279
2012-01-30,279,279,273,275,1208000,275
2012-01-31,276,276,267,270,1819000,270
2012-02-01,268,277,268,274,2050000,274
2012-02-02,277,277,274,276,801000,276
2012-02-03,275,278,274,276,1287000,276
2012-02-06,278,282,278,281,1418000,281
2012-02-07,283,283,278,280,1015000,280
2012-02-08,282,283,280,281,750000,281
2012-02-09,279,281,276,278,1156000,278
2012-02-10,278,279,276,276,1189000,276
2012-02-13,276,280,275,277,514000,277
2012-02-14,275,280,272,274,1245000,274
2012-02-15,277,288,275,287,4235000,287
2012-02-16,288,289,283,286,1433000,286
2012-02-17,290,292,287,289,1595000,289
2012-02-20,294,294,290,292,1232000,292
2012-02-21,294,294,288,291,1105000,291
2012-02-22,287,295,286,294,1208000,294
2012-02-23,293,296,289,295,1515000,295
2012-02-24,296,299,294,298,1221000,298
2012-02-27,300,304,297,301,2523000,301
2012-02-28,298,310,297,310,3310000,310
2012-02-29,311,312,306,306,1787000,306
2012-03-01,305,309,300,303,1614000,303
2012-03-02,307,307,300,305,1154000,305
2012-03-05,306,307,300,301,1387000,301
2012-03-06,301,304,294,296,2642000,296
2012-03-07,291,301,291,300,1753000,300
2012-03-08,304,307,298,306,1562000,306
2012-03-09,313,316,305,309,4887000,309
2012-03-12,312,315,308,310,1516000,310
2012-03-13,311,312,304,304,2099000,304
2012-03-14,305,308,300,301,2627000,301
2012-03-15,301,304,298,303,1271000,303
2012-03-16,303,304,301,304,1197000,304
2012-03-19,305,308,303,304,1220000,304
2012-03-21,304,304,297,298,1321000,298
2012-03-22,298,302,295,298,1783000,298
2012-03-23,295,296,291,292,1551000,292
2012-03-26,295,295,288,289,1203000,289
2012-03-27,294,295,288,291,1332000,291
2012-03-28,290,297,289,294,1133000,294
2012-03-29,305,308,302,305,3294000,305
2012-03-30,306,306,300,301,1231000,301
2012-04-02,306,306,292,293,3175000,293
2012-04-03,291,292,290,291,992000,291
2012-04-04,291,292,283,286,1905000,286
2012-04-05,284,289,281,285,2287000,285
2012-04-06,285,287,276,281,1979000,281
2012-04-09,277,279,276,276,1532000,276
2012-04-10,278,279,270,272,1484000,272
2012-04-11,267,273,266,270,1279000,270
2012-04-12,270,273,267,272,821000,272
2012-04-13,275,276,270,271,2425000,271
2012-04-16,271,271,264,264,1004000,264
2012-04-17,264,269,264,266,1213000,266
2012-04-18,271,273,269,272,979000,272
2012-04-19,271,273,269,270,824000,270
2012-04-20,269,270,266,266,875000,266
2012-04-23,271,284,271,282,4059000,282
2012-04-24,277,282,277,280,1470000,280
2012-04-25,283,288,282,287,1651000,287
2012-04-26,287,292,286,291,1729000,291
2012-04-27,290,292,280,286,1702000,286
2012-05-01,282,283,271,277,1785000,277
2012-05-02,275,280,275,279,837000,279
2012-05-07,272,275,272,275,1115000,275
2012-05-08,273,276,273,275,831000,275
2012-05-09,274,274,264,266,1456000,266
2012-05-10,262,267,261,266,911000,266
2012-05-11,265,266,259,261,1076000,261
2012-05-14,263,277,259,261,1269000,261
2012-05-15,257,267,252,267,1842000,267
2012-05-16,268,271,261,264,1592000,264
2012-05-17,263,279,263,274,1872000,274
2012-05-18,266,269,263,263,1121000,263
2012-05-21,264,267,261,264,1013000,264
2012-05-22,265,270,264,268,1724000,268
2012-05-23,260,265,259,260,1029000,260
2012-05-24,261,269,261,265,2271000,265
2012-05-25,270,271,262,264,1359000,264
2012-05-28,269,277,266,272,2906000,272
2012-05-29,269,276,268,275,1640000,275
2012-05-30,279,279,272,274,1793000,274
2012-05-31,269,271,263,269,2308000,269
2012-06-01,263,268,263,263,1247000,263
2012-06-04,255,259,253,259,1735000,259
2012-06-05,260,266,259,266,1033000,266
2012-06-06,266,272,266,271,1513000,271
2012-06-07,274,275,269,275,1140000,275
2012-06-08,275,275,266,267,2819000,267
2012-06-11,271,274,269,272,1308000,272
2012-06-12,272,280,269,277,1898000,277
2012-06-13,278,279,275,279,1041000,279
2012-06-14,276,279,274,279,1082000,279
2012-06-15,278,278,274,277,895000,277
2012-06-18,280,284,280,284,1082000,284
2012-06-19,285,285,278,279,866000,279
2012-06-20,282,282,277,279,1160000,279
2012-06-21,279,283,277,283,1028000,283
2012-06-22,278,285,277,283,815000,283
2012-06-25,286,286,278,278,781000,278
2012-06-26,277,282,275,277,788000,277
2012-06-27,280,283,276,283,1161000,283
2012-06-28,286,295,286,294,2042000,294
2012-06-29,293,300,290,299,2084000,299
2012-07-02,302,302,294,296,827000,296
2012-07-03,295,298,293,298,721000,298
2012-07-04,299,301,297,299,1137000,299
2012-07-05,298,298,293,296,1003000,296
2012-07-06,294,296,293,293,673000,293
2012-07-09,288,292,288,290,438000,290
2012-07-10,291,292,287,288,689000,288
2012-07-11,286,289,286,289,658000,289
2012-07-12,289,289,282,282,846000,282
2012-07-13,280,285,280,285,929000,285
2012-07-17,286,287,280,283,895000,283
2012-07-18,285,290,284,285,893000,285
2012-07-19,289,290,285,289,732000,289
2012-07-20,288,289,283,283,566000,283
2012-07-23,279,281,277,278,592000,278
2012-07-24,272,278,271,276,742000,276
2012-07-25,271,275,269,271,950000,271
2012-07-26,271,275,268,274,742000,274
2012-07-27,282,282,275,279,659000,279
2012-07-30,280,284,279,284,529000,284
2012-07-31,284,290,281,289,925000,289
2012-08-01,289,289,282,284,556000,284
2012-08-02,280,287,280,286,714000,286
2012-08-03,279,283,277,277,522000,277
2012-08-06,278,285,278,285,815000,285
2012-08-07,286,287,283,286,697000,286
2012-08-08,288,293,288,293,1150000,293
2012-08-09,291,295,290,294,718000,294
2012-08-10,293,295,289,293,810000,293
2012-08-13,291,292,288,289,410000,289
2012-08-14,286,293,286,292,667000,292
2012-08-15,293,293,289,291,341000,291
2012-08-16,291,295,290,294,740000,294
2012-08-17,292,300,290,299,929000,299
2012-08-20,300,301,297,300,524000,300
2012-08-21,292,299,292,298,525000,298
2012-08-22,293,296,291,294,731000,294
2012-08-23,292,298,290,297,862000,297
2012-08-24,292,295,291,292,545000,292
2012-08-27,294,297,291,294,482000,294
2012-08-28,296,300,296,299,885000,299
2012-08-29,300,300,298,298,613000,298
2012-08-30,296,297,290,291,1178000,291
2012-08-31,290,292,286,286,512000,286
2012-09-03,284,296,284,291,1061000,291
2012-09-04,291,291,288,289,479000,289
2012-09-05,289,291,284,287,582000,287
2012-09-06,284,286,282,284,449000,284
2012-09-07,289,293,289,292,463000,292
2012-09-10,294,295,289,290,455000,290
2012-09-11,286,288,284,286,426000,286
2012-09-12,287,293,286,292,702000,292
2012-09-13,291,293,290,292,339000,292
2012-09-14,295,298,294,296,2275000,296
2012-09-18,298,299,296,297,522000,297
2012-09-19,299,305,296,301,1150000,301
2012-09-20,298,299,293,294,1261000,294
2012-09-21,292,295,292,292,624000,292
2012-09-24,291,293,288,291,1017000,291
2012-09-25,291,299,290,298,1318000,298
2012-09-26,295,298,291,292,462000,292
2012-09-27,285,285,275,276,2119000,276
2012-09-28,273,275,269,270,1429000,270
2012-10-01,269,270,263,270,1132000,270
2012-10-02,270,270,263,263,1166000,263
2012-10-03,263,268,262,264,695000,264
2012-10-04,269,274,263,274,1684000,274
2012-10-05,275,275,270,274,723000,274
2012-10-09,273,275,269,270,910000,270
2012-10-10,263,264,258,261,1299000,261
2012-10-11,257,262,255,258,1269000,258
2012-10-12,258,262,258,261,1319000,261
2012-10-15,261,264,259,262,1020000,262
2012-10-16,264,269,262,269,609000,269
2012-10-17,271,272,267,267,540000,267
2012-10-18,272,276,270,275,716000,275
2012-10-19,277,277,271,276,866000,276
2012-10-22,270,281,267,278,929000,278
2012-10-23,281,281,274,278,570000,278
2012-10-24,274,280,273,277,999000,277
2012-10-25,277,283,275,283,876000,283
2012-10-26,284,284,276,276,918000,276
2012-10-29,273,281,272,276,597000,276
2012-10-30,277,279,267,267,1160000,267
2012-10-31,277,284,276,281,1537000,281
2012-11-01,281,282,275,279,1035000,279
2012-11-02,280,281,276,276,673000,276
2012-11-05,274,278,273,274,609000,274
2012-11-06,272,273,268,269,766000,269
2012-11-07,272,273,265,265,846000,265
2012-11-08,263,265,259,260,1196000,260
2012-11-09,254,259,254,257,1167000,257
2012-11-12,255,257,246,248,1507000,248
2012-11-13,249,251,246,251,990000,251
2012-11-14,251,253,248,251,577000,251
2012-11-15,255,257,252,256,973000,256
2012-11-16,258,260,255,260,1221000,260
2012-11-19,265,266,262,264,649000,264
2012-11-20,266,267,260,261,627000,261
2012-11-21,263,263,260,263,629000,263
2012-11-22,268,268,263,265,785000,265
2012-11-26,268,270,265,265,835000,265
2012-11-27,265,267,264,265,624000,265
2012-11-28,264,265,259,260,621000,260
2012-11-29,262,266,261,263,921000,263
2012-11-30,266,266,261,262,770000,262
2012-12-03,265,266,260,263,881000,263
2012-12-04,260,264,260,261,604000,261
2012-12-05,260,266,260,266,702000,266
2012-12-06,267,271,265,270,1040000,270
2012-12-07,273,277,272,272,946000,272
2012-12-10,278,278,268,270,869000,270
2012-12-11,271,271,265,268,802000,268
2012-12-12,268,272,268,270,599000,270
2012-12-13,274,277,272,276,1087000,276
2012-12-14,276,276,273,274,2895000,274
2012-12-17,278,280,276,276,1001000,276
2012-12-18,278,279,276,277,862000,277
2012-12-19,280,283,279,283,1223000,283
2012-12-20,285,285,279,281,1319000,281
2012-12-21,281,282,272,274,1619000,274
2012-12-25,283,283,275,278,1094000,278
2012-12-26,276,284,276,283,971000,283
2012-12-27,291,297,289,291,1866000,291
2012-12-28,290,294,289,291,1018000,291
2013-01-04,310,310,298,301,1383000,301
2013-01-07,302,303,294,295,1376000,295
2013-01-08,292,295,290,290,902000,290
2013-01-09,286,296,285,295,948000,295
2013-01-10,295,298,293,298,1223000,298
2013-01-11,301,302,298,299,1656000,299
2013-01-15,300,300,295,297,1526000,297
2013-01-16,297,298,287,288,1244000,288
2013-01-17,288,290,278,285,1507000,285
2013-01-18,291,295,289,295,1287000,295
2013-01-21,296,296,288,291,1078000,291
2013-01-22,288,292,282,286,1315000,286
2013-01-23,282,283,277,277,1215000,277
2013-01-24,276,283,274,282,1060000,282
2013-01-25,288,289,285,289,1103000,289
2013-01-28,294,294,289,290,1127000,290
2013-01-29,286,291,283,287,1560000,287
2013-01-30,288,292,287,292,1063000,292
2013-01-31,290,290,286,289,1039000,289
2013-02-01,290,295,289,290,1002000,290
2013-02-04,291,291,289,289,980000,289
2013-02-05,286,289,285,285,1151000,285
2013-02-06,288,292,286,291,1260000,291
2013-02-07,290,292,287,287,1133000,287
2013-02-08,282,286,280,281,2300000,281
2013-02-12,285,288,283,286,1286000,286
2013-02-13,286,286,278,281,1243000,281
2013-02-14,280,283,277,282,1102000,282
2013-02-15,280,280,273,277,1374000,277
2013-02-18,281,282,279,282,927000,282
2013-02-19,280,284,279,282,695000,282
2013-02-20,282,285,282,285,740000,285
2013-02-21,283,284,281,281,799000,281
2013-02-22,281,283,277,282,746000,282
2013-02-25,285,290,285,290,1149000,290
2013-02-26,280,285,280,281,1366000,281
2013-02-27,282,282,278,280,835000,280
2013-02-28,283,285,282,285,1079000,285
2013-03-01,285,289,283,288,1017000,288
2013-03-04,291,292,288,289,805000,289
2013-03-05,290,295,289,291,1433000,291
2013-03-06,293,293,290,293,866000,293
2013-03-07,295,295,293,294,1150000,294
2013-03-08,296,299,294,298,5261000,298
2013-03-11,300,301,293,296,1524000,296
2013-03-12,297,298,292,292,1280000,292
2013-03-13,289,294,289,291,929000,291
2013-03-14,291,294,290,294,865000,294
2013-03-15,296,299,294,295,1076000,295
2013-03-18,292,293,290,290,580000,290
2013-03-19,292,294,291,293,710000,293
2013-03-21,293,297,293,296,1312000,296
2013-03-22,295,296,293,293,1134000,293
2013-03-25,293,297,293,297,971000,297
2013-03-26,296,298,292,297,877000,297
2013-03-27,296,296,276,287,1850000,287
2013-03-28,286,288,282,283,1302000,283
2013-03-29,285,286,283,284,926000,284
2013-04-01,282,284,280,281,1392000,281
2013-04-02,271,274,265,271,1561000,271
2013-04-03,276,276,265,270,1779000,270
2013-04-04,268,279,266,278,1377000,278
2013-04-05,282,285,275,276,2226000,276
2013-04-08,281,283,278,280,970000,280
2013-04-09,283,286,279,280,1973000,280
2013-04-10,280,286,280,280,1501000,280
2013-04-11,283,285,281,284,1923000,284
2013-04-12,287,287,281,282,2820000,282
2013-04-15,282,283,278,278,1494000,278
2013-04-16,275,281,270,279,1893000,279
2013-04-17,280,283,279,280,801000,280
2013-04-18,278,279,275,275,1355000,275
2013-04-19,276,282,275,280,1154000,280
2013-04-22,284,285,281,283,1067000,283
2013-04-23,282,284,281,282,534000,282
2013-04-24,288,294,283,294,3006000,294
2013-04-25,294,298,293,296,1751000,296
2013-04-26,295,297,285,291,1708000,291
2013-04-30,290,293,287,291,698000,291
2013-05-01,291,293,290,292,863000,292
2013-05-02,292,296,291,293,970000,293
2013-05-07,298,300,296,300,1090000,300
2013-05-08,303,308,301,307,2921000,307
2013-05-09,308,309,304,305,1045000,305
2013-05-10,310,320,306,320,2448000,320
2013-05-13,338,379,337,363,6015000,363
2013-05-14,360,369,354,355,2547000,355
2013-05-15,361,369,360,366,2039000,366
2013-05-16,363,367,358,364,1360000,364
2013-05-17,363,377,359,375,1735000,375
2013-05-20,382,393,381,391,1919000,391
2013-05-21,391,414,385,394,5367000,394
2013-05-22,400,405,390,393,2828000,393
2013-05-23,399,402,352,352,3977000,352
2013-05-24,368,392,360,378,5268000,378
2013-05-27,360,371,355,360,1674000,360
2013-05-28,358,379,358,376,2576000,376
2013-05-29,376,377,366,372,1504000,372
2013-05-30,358,364,347,350,1800000,350
2013-05-31,353,358,346,351,1126000,351
2013-06-03,339,341,330,330,1933000,330
2013-06-04,323,343,320,338,2266000,338
2013-06-05,337,340,319,320,1250000,320
2013-06-06,312,326,310,310,1558000,310
2013-06-07,305,315,296,309,1795000,309
2013-06-10,330,330,318,325,975000,325
2013-06-11,324,335,320,325,1618000,325
2013-06-12,312,324,312,322,838000,322
2013-06-13,311,318,297,300,1950000,300
2013-06-14,304,314,303,304,2718000,304
2013-06-17,305,318,301,317,1157000,317
2013-06-18,340,342,326,330,2286000,330
2013-06-19,340,342,331,340,1794000,340
2013-06-20,332,341,331,333,1247000,333
2013-06-21,323,341,320,337,1088000,337
2013-06-24,338,339,327,331,779000,331
2013-06-25,331,333,322,329,937000,329
2013-06-26,336,336,320,320,513000,320
2013-06-27,321,325,316,322,1327000,322
2013-06-28,323,338,323,337,1049000,337
2013-07-01,338,343,334,343,710000,343
2013-07-02,346,347,341,346,840000,346
2013-07-03,347,347,340,340,862000,340
2013-07-04,336,343,336,338,580000,338
2013-07-05,341,345,337,342,1514000,342
2013-07-08,348,348,339,339,813000,339
2013-07-09,345,348,341,348,745000,348
2013-07-10,347,347,335,337,1311000,337
2013-07-11,336,345,335,345,977000,345
2013-07-12,347,357,343,355,1918000,355
2013-07-16,365,373,364,369,2022000,369
2013-07-17,363,375,361,374,1287000,374
2013-07-18,373,374,369,374,954000,374
2013-07-19,375,375,353,363,1568000,363
2013-07-22,367,373,364,369,1066000,369
2013-07-23,362,369,360,367,727000,367
2013-07-24,363,367,359,366,656000,366
2013-07-25,370,370,362,363,749000,363
2013-07-26,355,355,346,346,1229000,346
2013-07-29,339,348,338,339,1110000,339
2013-07-30,338,349,338,348,835000,348
2013-07-31,341,341,314,316,2592000,316
2013-08-01,316,318,311,318,968000,318
2013-08-02,323,331,320,331,1000000,331
2013-08-05,330,338,328,334,1170000,334
2013-08-06,334,342,329,342,749000,342
2013-08-07,335,336,324,325,774000,325
2013-08-08,321,332,319,320,826000,320
2013-08-09,320,323,316,320,1134000,320
2013-08-12,316,320,314,317,383000,317
2013-08-13,319,328,318,328,693000,328
2013-08-14,328,334,324,334,818000,334
2013-08-15,332,336,324,324,768000,324
2013-08-16,324,326,320,320,544000,320
2013-08-19,320,323,319,322,403000,322
2013-08-20,323,331,315,315,904000,315
2013-08-21,315,321,313,316,783000,316
2013-08-22,312,321,310,312,775000,312
2013-08-23,318,327,317,325,832000,325
2013-08-26,325,331,324,327,571000,327
2013-08-27,329,333,324,324,622000,324
2013-08-28,319,326,318,322,695000,322
2013-08-29,326,331,325,327,918000,327
2013-08-30,328,331,319,323,806000,323
2013-09-02,323,327,319,325,619000,325
2013-09-03,330,338,329,335,918000,335
2013-09-04,336,336,329,336,872000,336
2013-09-05,339,340,331,336,591000,336
2013-09-06,335,335,326,326,548000,326
2013-09-09,340,340,332,336,727000,336
2013-09-10,343,347,342,347,997000,347
2013-09-11,350,351,342,343,879000,343
2013-09-12,340,345,340,345,500000,345
2013-09-13,340,347,340,347,2323000,347
2013-09-17,348,350,346,346,309000,346
2013-09-18,347,353,345,348,727000,348
2013-09-19,353,359,349,358,1162000,358
2013-09-20,359,360,353,355,732000,355
2013-09-24,350,360,349,359,612000,359
2013-09-25,359,359,353,355,923000,355
2013-09-26,354,365,351,364,877000,364
2013-09-27,370,372,363,367,1528000,367
2013-09-30,364,364,351,359,616000,359
2013-10-01,359,359,353,354,632000,354
2013-10-02,355,359,343,344,1173000,344
2013-10-03,342,349,339,340,939000,340
2013-10-04,334,339,333,335,816000,335
2013-10-07,336,341,331,331,695000,331
2013-10-08,330,337,327,335,638000,335
2013-10-09,332,341,331,340,782000,340
2013-10-10,343,346,338,341,626000,341
2013-10-11,349,365,349,355,1838000,355
2013-10-15,357,360,350,359,817000,359
2013-10-16,359,360,356,359,505000,359
2013-10-17,364,368,361,367,1305000,367
2013-10-18,366,368,363,366,793000,366
2013-10-21,366,372,364,371,666000,371
2013-10-22,369,375,369,372,698000,372
2013-10-23,373,373,362,362,918000,362
2013-10-24,359,366,354,366,855000,366
2013-10-25,363,363,352,353,1100000,353
2013-10-28,355,366,355,365,772000,365
2013-10-29,360,367,359,363,833000,363
2013-10-30,368,377,363,373,2529000,373
2013-10-31,372,374,364,366,899000,366
2013-11-01,367,368,355,361,754000,361
2013-11-05,365,365,355,361,661000,361
2013-11-06,359,365,356,364,507000,364
2013-11-07,364,366,356,357,627000,357
2013-11-08,350,360,350,358,666000,358
2013-11-11,363,363,357,361,422000,361
2013-11-12,362,371,360,371,875000,371
2013-11-13,370,374,365,372,892000,372
2013-11-14,373,379,372,378,1460000,378
2013-11-15,380,382,373,377,1559000,377
2013-11-18,378,379,373,374,832000,374
2013-11-19,374,376,371,373,552000,373
2013-11-20,373,377,371,372,701000,372
2013-11-21,375,382,373,380,940000,380
2013-11-22,382,382,377,381,1120000,381
2013-11-25,382,385,380,385,1012000,385
2013-11-26,385,387,380,384,987000,384
2013-11-27,377,384,377,383,801000,383
2013-11-28,385,390,382,389,1224000,389
2013-11-29,390,395,386,390,1240000,390
2013-12-02,390,392,387,390,648000,390
2013-12-03,390,391,386,388,890000,388
2013-12-04,380,380,371,375,936000,375
2013-12-05,378,380,365,365,1264000,365
2013-12-06,365,372,364,370,847000,370
2013-12-09,377,380,374,379,762000,379
2013-12-10,383,384,375,376,697000,376
2013-12-11,372,376,371,375,706000,375
2013-12-12,370,374,370,373,666000,373
2013-12-13,373,381,373,377,2733000,377
2013-12-16,379,379,367,367,430000,367
2013-12-17,367,373,367,370,649000,370
2013-12-18,371,378,370,376,1048000,376
2013-12-19,379,380,376,379,871000,379
2013-12-20,377,379,375,379,635000,379
2013-12-24,380,383,377,378,1188000,378
2013-12-25,379,380,375,378,842000,378
2013-12-26,378,383,376,383,733000,383
2013-12-27,382,385,379,384,655000,384
2013-12-30,385,393,383,392,1000000,392
2014-01-06,387,389,379,383,1181000,383
2014-01-07,382,384,376,376,1551000,376
2014-01-08,400,434,397,433,12168000,433
2014-01-09,430,442,422,427,7434000,427
2014-01-10,422,424,414,422,3121000,422
2014-01-14,412,412,405,406,2231000,406
2014-01-15,414,426,413,425,2209000,425
2014-01-16,433,435,423,426,2354000,426
2014-01-17,422,432,421,429,1454000,429
2014-01-20,427,427,420,421,1177000,421
2014-01-21,425,425,418,419,960000,419
2014-01-22,419,429,417,427,1487000,427
2014-01-23,425,446,425,436,3587000,436
2014-01-24,430,435,423,426,3849000,426
2014-01-27,413,421,411,416,1999000,416
2014-01-28,421,424,416,418,851000,418
2014-01-29,425,433,422,432,1179000,432
2014-01-30,433,433,418,424,1642000,424
2014-01-31,424,426,413,416,1281000,416
2014-02-03,400,402,388,396,2364000,396
2014-02-04,380,383,369,369,1607000,369
2014-02-05,391,406,380,393,4118000,393
2014-02-06,393,400,391,393,2171000,393
2014-02-07,401,403,396,399,818000,399
2014-02-10,405,408,401,408,574000,408
2014-02-12,408,413,405,407,817000,407
2014-02-13,405,410,394,395,1218000,395
2014-02-14,395,405,388,393,1513000,393
2014-02-17,392,405,388,404,1117000,404
2014-02-18,407,419,404,417,1483000,417
2014-02-19,409,415,408,412,814000,412
2014-02-20,410,415,396,402,1506000,402
2014-02-21,403,420,402,419,1203000,419
2014-02-24,421,428,412,420,1498000,420
2014-02-25,427,428,423,426,975000,426
2014-02-26,418,427,418,421,696000,421
2014-02-27,420,432,420,426,1309000,426
2014-02-28,428,434,425,430,1624000,430
2014-03-03,417,423,412,421,986000,421
2014-03-04,413,422,413,420,746000,420
2014-03-05,426,431,426,430,1013000,430
2014-03-06,431,435,423,433,1133000,433
2014-03-07,437,443,434,442,1668000,442
2014-03-10,442,445,437,444,1231000,444
2014-03-11,445,454,439,445,2423000,445
2014-03-12,439,443,435,437,1041000,437
2014-03-13,433,447,433,443,993000,443
2014-03-14,427,434,419,421,3055000,421
2014-03-17,424,429,416,420,746000,420
2014-03-18,427,431,424,427,558000,427
2014-03-19,427,433,420,427,749000,427
2014-03-20,432,439,425,429,1318000,429
2014-03-24,430,450,430,447,1543000,447
2014-03-25,445,454,441,441,2749000,441
2014-03-26,448,454,446,449,1591000,449
2014-03-27,440,453,437,452,1316000,452
2014-03-28,449,455,444,454,1200000,454
2014-03-31,457,460,449,457,1151000,457
2014-04-01,457,465,456,463,2240000,463
2014-04-02,465,467,462,462,1042000,462
2014-04-03,459,464,456,461,1335000,461
2014-04-04,456,461,453,454,1116000,454
2014-04-07,446,448,441,443,818000,443
2014-04-08,435,438,426,434,1344000,434
2014-04-09,430,431,422,423,1116000,423
2014-04-10,430,431,420,422,949000,422
2014-04-11,414,418,409,413,2017000,413
2014-04-14,410,415,409,411,876000,411
2014-04-15,416,426,416,424,888000,424
2014-04-16,428,434,425,434,923000,434
2014-04-17,433,434,427,431,616000,431
2014-04-18,432,435,430,435,557000,435
2014-04-21,435,439,434,434,442000,434
2014-04-22,435,436,429,429,534000,429
2014-04-23,430,433,428,433,523000,433
2014-04-24,433,435,428,431,751000,431
2014-04-25,431,434,425,429,809000,429
2014-04-28,419,424,417,421,933000,421
2014-04-30,429,429,420,423,550000,423
2014-05-01,425,438,425,436,679000,436
2014-05-02,436,436,428,429,368000,429
2014-05-07,423,423,415,420,1158000,420
2014-05-08,419,424,418,422,481000,422
2014-05-09,421,425,419,423,812000,423
2014-05-12,431,434,424,427,843000,427
2014-05-13,419,420,404,414,1811000,414
2014-05-14,408,418,408,416,987000,416
2014-05-15,415,416,405,406,1732000,406
2014-05-16,397,401,394,400,1142000,400
2014-05-19,400,400,388,390,1125000,390
2014-05-20,390,394,387,390,953000,390
2014-05-21,388,394,384,394,821000,394
2014-05-22,397,401,391,399,882000,399
2014-05-23,403,404,400,402,532000,402
2014-05-26,404,405,398,401,595000,401
2014-05-27,401,406,400,403,635000,403
2014-05-28,405,408,403,406,617000,406
2014-05-29,410,418,410,413,1072000,413
2014-05-30,413,413,406,406,702000,406
2014-06-02,406,415,406,415,704000,415
2014-06-03,419,421,417,417,826000,417
2014-06-04,417,419,415,419,496000,419
2014-06-05,420,420,416,417,660000,417
2014-06-06,416,424,416,422,1049000,422
2014-06-09,430,431,426,428,632000,428
2014-06-10,425,427,417,418,684000,418
2014-06-11,415,420,413,418,701000,418
2014-06-12,413,418,408,410,985000,410
2014-06-13,406,420,406,420,1775000,420
2014-06-16,421,421,410,413,706000,413
2014-06-17,415,418,413,417,564000,417
2014-06-18,417,423,413,422,662000,422
2014-06-19,426,429,423,429,1187000,429
2014-06-20,436,436,419,420,2770000,420
2014-06-23,418,425,417,420,1071000,420
2014-06-24,421,427,416,426,960000,426
2014-06-25,428,435,426,430,1473000,430
2014-06-26,435,435,429,429,800000,429
2014-06-27,428,428,417,419,765000,419
2014-06-30,415,423,415,423,690000,423
2014-07-01,422,430,422,427,908000,427
2014-07-02,429,432,427,428,662000,428
2014-07-03,431,432,428,430,701000,430
2014-07-04,432,437,431,435,750000,435
2014-07-07,438,438,431,433,805000,433
2014-07-08,430,437,428,436,886000,436
2014-07-09,430,438,427,429,871000,429
2014-07-10,427,429,421,422,639000,422
2014-07-11,421,425,417,424,860000,424
2014-07-14,427,429,422,428,441000,428
2014-07-15,432,433,419,431,578000,431
2014-07-16,430,432,426,426,439000,426
2014-07-17,424,429,422,428,816000,428
2014-07-18,421,422,417,420,554000,420
2014-07-22,421,428,420,426,568000,426
2014-07-23,426,434,424,430,882000,430
2014-07-24,434,438,431,435,1110000,435
2014-07-25,441,444,435,443,938000,443
2014-07-28,439,448,439,446,1070000,446
2014-07-29,448,448,444,446,689000,446
2014-07-30,444,455,444,452,1016000,452
2014-07-31,449,452,442,444,1190000,444
2014-08-01,448,448,431,432,982000,432
2014-08-04,430,432,426,429,869000,429
2014-08-05,428,429,419,419,824000,419
2014-08-06,419,423,416,418,1042000,418
2014-08-07,415,415,405,410,1207000,410
2014-08-08,403,406,396,397,1385000,397
2014-08-11,410,412,403,412,864000,412
2014-08-12,410,414,408,409,487000,409
2014-08-13,406,415,406,414,608000,414
2014-08-14,415,417,413,415,376000,415
2014-08-15,412,414,409,413,547000,413
2014-08-18,410,412,405,408,774000,408
2014-08-19,415,416,411,412,564000,412
2014-08-20,414,416,409,410,380000,410
2014-08-21,412,414,410,413,406000,413
2014-08-22,415,416,411,412,397000,412
2014-08-25,416,419,411,419,605000,419
2014-08-26,419,419,414,415,358000,415
2014-08-27,417,422,416,420,542000,420
2014-08-28,418,421,414,421,541000,421
2014-08-29,416,419,415,418,409000,418
2014-09-01,416,420,416,419,425000,419
2014-09-02,421,430,420,428,755000,428
2014-09-03,433,434,428,429,664000,429
2014-09-04,425,427,423,425,438000,425
2014-09-05,427,429,426,426,372000,426
2014-09-08,423,430,423,427,421000,427
2014-09-09,427,432,424,428,861000,428
2014-09-10,423,428,423,427,591000,427
2014-09-11,430,430,427,429,753000,429
2014-09-12,430,430,427,428,2380000,428
2014-09-16,427,429,424,427,532000,427
2014-09-17,429,430,427,427,378000,427
2014-09-18,432,437,430,434,777000,434
2014-09-19,437,445,436,445,1103000,445
2014-09-22,443,445,436,437,621000,437
2014-09-24,433,440,433,439,409000,439
2014-09-25,440,441,432,436,1013000,436
2014-09-26,426,438,426,436,815000,436
2014-09-29,440,442,437,440,535000,440
2014-09-30,438,438,432,432,682000,432
2014-10-01,432,433,423,423,787000,423
2014-10-02,418,428,418,422,1601000,422
2014-10-03,418,424,414,418,868000,418
2014-10-06,421,426,419,424,568000,424
2014-10-07,421,426,415,415,683000,415
2014-10-08,406,414,406,413,632000,413
2014-10-09,416,416,406,406,1021000,406
2014-10-10,401,401,395,399,1344000,399
2014-10-14,388,394,386,387,981000,387
2014-10-15,387,390,382,388,865000,388
2014-10-16,375,376,371,373,1242000,373
2014-10-17,374,377,367,367,1046000,367
2014-10-20,379,383,376,382,1026000,382
2014-10-21,381,381,364,365,950000,365
2014-10-22,373,379,370,379,1059000,379
2014-10-23,375,375,370,371,790000,371
2014-10-24,379,383,376,383,1100000,383
2014-10-27,387,389,383,384,629000,384
2014-10-28,381,383,376,377,772000,377
2014-10-29,380,388,380,386,697000,386
2014-10-30,387,389,382,384,807000,384
2014-10-31,390,405,380,402,1576000,402
2014-11-04,405,406,388,395,3305000,395
2014-11-05,394,403,391,402,2223000,402
2014-11-06,404,407,392,395,1582000,395
2014-11-07,400,402,396,401,1043000,401
2014-11-10,398,399,393,396,448000,396
2014-11-11,398,399,392,399,1038000,399
2014-11-12,400,407,400,401,1170000,401
2014-11-13,403,408,400,407,966000,407
2014-11-14,412,412,403,408,1694000,408
2014-11-17,408,409,388,390,1192000,390
2014-11-18,393,397,392,396,652000,396
2014-11-19,396,402,394,395,925000,395
2014-11-20,397,397,392,394,510000,394
2014-11-21,391,395,387,393,752000,393
2014-11-25,397,398,394,397,568000,397
2014-11-26,395,400,394,400,959000,400
2014-11-27,397,398,391,391,694000,391
2014-11-28,394,394,387,388,821000,388
2014-12-01,386,391,386,389,864000,389
2014-12-02,386,390,381,389,823000,389
2014-12-03,390,396,389,389,651000,389
2014-12-04,390,396,390,393,575000,393
2014-12-05,390,394,388,391,639000,391
2014-12-08,393,397,391,395,590000,395
2014-12-09,392,395,391,393,567000,393
2014-12-10,390,390,384,386,706000,386
2014-12-11,382,385,374,383,874000,383
2014-12-12,382,388,380,381,2095000,381
2014-12-15,377,379,371,371,924000,371
2014-12-16,367,367,358,360,1452000,360
2014-12-17,358,368,358,367,1093000,367
2014-12-18,375,380,375,379,838000,379
2014-12-19,386,386,378,382,819000,382
2014-12-22,382,382,379,382,676000,382
2014-12-24,384,387,384,387,670000,387
2014-12-25,387,387,384,386,468000,386
2014-12-26,384,388,384,387,378000,387
2014-12-29,388,388,381,388,709000,388
2014-12-30,386,388,383,383,620000,383
2015-01-05,383,386,379,383,630000,383
2015-01-06,375,375,368,368,1173000,368
2015-01-07,364,368,364,365,935000,365
2015-01-08,367,371,365,367,760000,367
2015-01-09,370,371,365,366,1008000,366
2015-01-13,362,362,355,360,796000,360
2015-01-14,354,356,350,351,1136000,351
2015-01-15,352,355,348,352,1537000,352
2015-01-16,345,347,339,343,1558000,343
2015-01-19,346,347,344,346,664000,346
2015-01-20,346,352,346,349,976000,349
2015-01-21,346,347,339,339,1209000,339
2015-01-22,343,346,340,345,734000,345
2015-01-23,349,350,344,350,963000,350
2015-01-26,346,348,344,348,563000,348
2015-01-27,350,352,348,351,528000,351
2015-01-28,347,352,346,350,702000,350
2015-01-29,348,353,348,351,760000,351
2015-01-30,354,355,350,354,1010000,354
2015-02-02,356,364,356,359,1201000,359
2015-02-03,362,364,360,361,1193000,361
2015-02-04,364,367,362,364,918000,364
2015-02-05,360,360,353,357,770000,357
2015-02-06,359,360,357,359,432000,359
2015-02-09,360,368,359,368,637000,368
2015-02-10,366,370,364,367,787000,367
2015-02-12,372,374,367,368,1040000,368
2015-02-13,368,371,367,369,991000,369
2015-02-16,369,374,369,370,555000,370
2015-02-17,371,379,370,376,630000,376
2015-02-18,378,388,378,386,1101000,386
2015-02-19,389,391,380,381,883000,381
2015-02-20,383,384,380,381,497000,381
2015-02-23,385,386,381,382,507000,382
2015-02-24,386,393,386,392,901000,392
2015-02-25,393,396,390,394,773000,394
2015-02-26,394,398,393,397,661000,397
2015-02-27,394,398,394,396,691000,396
2015-03-02,393,405,393,402,1229000,402
2015-03-03,404,406,397,399,1233000,399
2015-03-04,398,401,393,398,693000,398
2015-03-05,400,400,397,398,379000,398
2015-03-06,399,400,396,397,463000,397
2015-03-09,392,394,388,392,489000,392
2015-03-10,390,394,387,388,727000,388
2015-03-11,382,391,382,387,570000,387
2015-03-12,388,392,388,391,481000,391
2015-03-13,388,403,387,401,2715000,401
2015-03-16,401,402,398,399,768000,399
2015-03-17,400,402,396,399,695000,399
2015-03-18,395,400,393,399,651000,399
2015-03-19,394,401,394,399,743000,399
2015-03-20,397,403,397,403,644000,403
2015-03-23,403,404,401,403,413000,403
2015-03-24,402,404,400,403,641000,403
2015-03-25,403,404,401,403,624000,403
2015-03-26,402,402,398,400,781000,400
2015-03-27,398,403,388,392,1071000,392
2015-03-30,392,393,384,390,847000,390
2015-03-31,390,393,388,388,876000,388
2015-04-01,387,388,380,383,1139000,383
2015-04-02,384,394,383,390,941000,390
2015-04-03,390,395,388,395,558000,395
2015-04-06,390,394,390,392,269000,392
2015-04-07,390,401,390,400,833000,400
2015-04-08,399,402,396,397,677000,397
2015-04-09,395,395,390,393,615000,393
2015-04-10,392,392,385,389,1129000,389
2015-04-13,392,392,387,390,547000,390
2015-04-14,387,397,387,396,636000,396
2015-04-15,395,397,393,393,309000,393
2015-04-16,394,395,390,394,488000,394
2015-04-17,392,394,390,392,500000,392
2015-04-20,390,391,388,390,560000,390
2015-04-21,393,395,387,388,516000,388
2015-04-22,388,400,388,400,892000,400
2015-04-23,399,406,398,405,1286000,405
2015-04-24,405,405,398,400,594000,400
2015-04-27,399,402,397,399,443000,399
2015-04-28,400,409,399,408,1017000,408
2015-04-30,403,406,398,398,818000,398
2015-05-01,395,396,387,393,763000,393
2015-05-07,392,395,386,387,1118000,387
2015-05-08,387,391,386,389,761000,389
2015-05-11,396,396,392,393,448000,393
2015-05-12,389,397,389,395,691000,395
2015-05-13,397,407,395,405,936000,405
2015-05-14,402,425,402,418,3049000,418
2015-05-15,420,427,420,425,1617000,425
2015-05-18,429,449,428,446,2619000,446
2015-05-19,445,448,438,446,1291000,446
2015-05-20,446,450,442,448,1329000,448
2015-05-21,447,450,444,449,1175000,449
2015-05-22,449,466,448,464,2867000,464
2015-05-25,464,469,461,468,1336000,468
2015-05-26,470,474,467,469,1462000,469
2015-05-27,469,469,455,461,1881000,461
2015-05-28,464,464,459,463,760000,463
2015-05-29,457,463,452,460,1204000,460
2015-06-01,461,464,459,460,522000,460
2015-06-02,462,462,456,459,695000,459
2015-06-03,455,463,455,459,738000,459
2015-06-04,458,467,458,461,798000,461
2015-06-05,460,464,457,462,628000,462
2015-06-08,465,465,460,462,374000,462
2015-06-09,460,464,456,457,828000,457
2015-06-10,461,461,453,454,659000,454
2015-06-11,455,464,455,464,737000,464
2015-06-12,468,468,460,464,1679000,464
2015-06-15,460,464,458,463,415000,463
2015-06-16,459,460,451,453,506000,453
2015-06-17,453,453,445,446,555000,446
2015-06-18,442,444,435,435,823000,435
2015-06-19,435,447,435,447,1298000,447
2015-06-22,445,457,445,450,676000,450
2015-06-23,451,464,449,464,1055000,464
2015-06-24,467,474,464,471,1231000,471
2015-06-25,469,475,465,475,828000,475
2015-06-26,476,480,467,470,959000,470
2015-06-29,462,466,457,464,1067000,464
2015-06-30,465,465,455,460,721000,460
2015-07-01,458,464,456,462,417000,462
2015-07-02,467,467,457,460,435000,460
2015-07-03,460,461,446,460,712000,460
2015-07-06,454,454,440,442,933000,442
2015-07-07,450,450,442,443,605000,443
2015-07-08,444,444,427,428,861000,428
2015-07-09,420,428,406,427,1066000,427
2015-07-10,428,432,421,426,952000,426
2015-07-13,431,434,427,429,570000,429
2015-07-14,430,438,430,434,684000,434
2015-07-15,439,439,425,427,879000,427
2015-07-16,430,430,423,428,456000,428
2015-07-17,432,432,424,425,397000,425
2015-07-21,429,432,425,428,447000,428
2015-07-22,421,426,418,419,617000,419
2015-07-23,425,436,421,424,884000,424
2015-07-24,420,422,409,410,947000,410
2015-07-27,407,414,404,409,664000,409
2015-07-28,407,413,405,408,798000,408
2015-07-29,405,411,401,404,725000,404
2015-07-30,408,425,407,422,981000,422
2015-07-31,414,423,412,416,708000,416
2015-08-03,417,425,408,420,1455000,420
2015-08-04,417,419,406,413,888000,413
2015-08-05,412,422,406,419,749000,419
2015-08-06,421,435,421,430,815000,430
2015-08-07,432,447,429,444,1791000,444
2015-08-10,444,444,434,440,764000,440
2015-08-11,444,446,435,439,689000,439
2015-08-12,439,444,430,431,552000,431
2015-08-13,432,436,424,429,577000,429
2015-08-14,426,427,420,424,636000,424
2015-08-17,423,432,421,432,616000,432
2015-08-18,434,435,426,433,534000,433
2015-08-19,428,428,421,423,449000,423
2015-08-20,421,423,412,414,592000,414
2015-08-21,406,407,399,401,767000,401
2015-08-24,398,403,389,389,1013000,389
2015-08-25,379,392,367,370,1525000,370
2015-08-26,371,384,369,378,1777000,378
2015-08-27,384,387,379,381,890000,381
2015-08-28,391,405,390,400,725000,400
2015-08-31,398,398,385,391,858000,391
2015-09-01,400,411,395,396,1941000,396
2015-09-02,391,401,389,392,1092000,392
2015-09-03,395,399,386,386,668000,386
2015-09-04,386,387,374,378,1162000,378
2015-09-07,378,383,371,379,637000,379
2015-09-08,382,387,376,378,841000,378
2015-09-09,394,401,390,401,1181000,401
2015-09-10,390,399,390,399,629000,399
2015-09-11,396,402,395,398,2148000,398
2015-09-14,398,400,382,383,1019000,383
2015-09-15,391,394,386,387,627000,387
2015-09-16,389,394,388,391,513000,391
2015-09-17,394,401,391,399,581000,399
2015-09-18,393,394,385,388,608000,388
2015-09-24,376,380,366,367,695000,367
2015-09-25,368,369,357,366,1278000,366
2015-09-28,364,365,356,359,620000,359
2015-09-29,354,354,345,346,1202000,346
2015-09-30,354,358,338,355,820000,355
2015-10-01,357,364,356,362,766000,362
2015-10-02,357,363,353,360,455000,360
2015-10-05,362,368,359,366,495000,366
2015-10-06,370,373,366,368,525000,368
2015-10-07,373,385,371,383,780000,383
2015-10-08,385,392,383,390,819000,390
2015-10-09,398,409,398,409,1545000,409
2015-10-13,404,411,403,408,739000,408
2015-10-14,413,417,402,407,979000,407
2015-10-15,407,417,402,415,969000,415
2015-10-16,419,421,416,418,826000,418
2015-10-19,417,421,411,419,902000,419
2015-10-20,425,426,421,425,663000,425
2015-10-21,425,440,424,438,803000,438
2015-10-22,436,441,432,434,515000,434
2015-10-23,444,444,437,437,776000,437
2015-10-26,444,444,429,432,1033000,432
2015-10-27,433,435,429,434,592000,434
2015-10-28,435,435,429,432,527000,432
2015-10-29,427,431,413,424,1761000,424
2015-10-30,424,430,419,427,884000,427
2015-11-02,400,414,395,400,1811000,400
2015-11-04,405,407,395,395,1192000,395
2015-11-05,401,408,397,407,988000,407
2015-11-06,405,411,400,403,861000,403
2015-11-09,403,410,400,408,1070000,408
2015-11-10,405,414,404,413,461000,413
2015-11-11,409,418,408,416,571000,416
2015-11-12,415,419,412,418,464000,418
2015-11-13,415,417,410,416,609000,416
2015-11-16,410,417,405,416,656000,416
2015-11-17,421,430,421,427,894000,427
2015-11-18,429,433,428,430,809000,430
2015-11-19,435,444,431,441,1090000,441
2015-11-20,444,446,438,445,637000,445
2015-11-24,449,466,445,464,1966000,464
2015-11-25,467,479,466,472,1624000,472
2015-11-26,472,477,469,474,1014000,474
2015-11-27,479,484,477,481,1251000,481
2015-11-30,478,492,478,490,1480000,490
2015-12-01,489,496,489,496,1083000,496
2015-12-02,491,494,486,491,700000,491
2015-12-03,490,497,488,496,728000,496
2015-12-04,482,493,482,490,763000,490
2015-12-07,498,502,490,491,654000,491
2015-12-08,488,490,474,480,687000,480
2015-12-09,477,485,475,483,716000,483
2015-12-10,483,486,468,470,885000,470
2015-12-11,466,483,466,481,1632000,481
2015-12-14,473,475,466,473,476000,473
2015-12-15,478,480,467,468,562000,468
2015-12-16,476,479,472,478,772000,478
2015-12-17,489,495,489,491,1059000,491
2015-12-18,488,502,477,479,1429000,479
2015-12-21,471,474,466,473,573000,473
2015-12-22,471,479,467,475,523000,475
2015-12-24,477,480,466,468,450000,468
2015-12-25,474,476,463,468,643000,468
2015-12-28,471,482,471,480,376000,480
2015-12-29,474,489,465,485,851000,485
2015-12-30,489,494,485,490,604000,490
2016-01-04,487,487,468,469,797000,469
2016-01-05,475,476,468,469,490000,469
2016-01-06,466,469,459,467,966000,467
2016-01-07,467,467,449,451,894000,451
2016-01-08,443,460,443,453,1239000,453
2016-01-12,448,453,442,445,863000,445
2016-01-13,450,461,448,461,680000,461
2016-01-14,443,446,435,443,937000,443
2016-01-15,451,455,439,442,589000,442
2016-01-18,428,435,425,432,784000,432
2016-01-19,430,438,429,436,824000,436
2016-01-20,438,438,421,421,808000,421
2016-01-21,428,432,411,412,880000,412
2016-01-22,425,446,417,444,953000,444
2016-01-25,454,455,443,452,645000,452
2016-01-26,442,442,429,432,772000,432
2016-01-27,433,449,433,448,618000,448
2016-01-28,440,451,439,449,699000,449
2016-01-29,455,463,442,462,1043000,462
2016-02-01,500,527,496,522,2872000,522
2016-02-02,510,527,507,512,1867000,512
2016-02-03,498,507,488,499,1407000,499
2016-02-04,495,502,487,496,953000,496
2016-02-05,488,496,485,492,837000,492
2016-02-08,486,508,484,505,1042000,505
2016-02-09,485,489,467,476,1415000,476
2016-02-10,483,485,460,470,1451000,470
2016-02-12,446,463,441,456,2186000,456
2016-02-15,472,482,460,469,1092000,469
2016-02-16,461,485,459,474,1385000,474
2016-02-17,470,478,453,461,1436000,461
2016-02-18,472,483,470,475,1250000,475
2016-02-19,467,471,451,457,1112000,457
2016-02-22,455,469,453,464,693000,464
2016-02-23,468,471,457,462,749000,462
2016-02-24,460,465,453,456,613000,456
2016-02-25,460,482,460,478,1093000,478
2016-02-26,482,486,475,476,683000,476
2016-02-29,482,487,471,471,627000,471
2016-03-01,472,475,464,468,790000,468
2016-03-02,482,494,478,492,652000,492
2016-03-03,491,497,488,493,512000,493
2016-03-04,492,503,492,497,800000,497
2016-03-07,500,503,494,502,837000,502
2016-03-08,502,508,484,492,1003000,492
2016-03-09,492,497,481,495,661000,495
2016-03-10,504,508,501,507,641000,507
2016-03-11,497,513,497,511,1896000,511
2016-03-14,515,519,511,515,558000,515
2016-03-15,515,517,508,514,571000,514
2016-03-16,509,514,508,510,331000,510
2016-03-17,515,519,507,512,866000,512
2016-03-18,512,515,509,514,649000,514
2016-03-22,520,527,519,527,728000,527
2016-03-23,527,533,524,530,640000,530
2016-03-24,529,531,523,527,517000,527
2016-03-25,532,532,519,521,771000,521
2016-03-28,527,529,521,529,633000,529
2016-03-29,521,529,521,527,501000,527
2016-03-30,527,527,514,516,701000,516
2016-03-31,520,522,513,513,861000,513
2016-04-01,510,511,489,493,1269000,493
2016-04-04,488,497,487,494,896000,494
2016-04-05,490,491,474,477,762000,477
2016-04-06,477,481,469,473,541000,473
2016-04-07,472,479,469,473,784000,473
2016-04-08,470,491,463,484,1318000,484
2016-04-11,482,485,473,483,780000,483
2016-04-12,488,497,488,496,669000,496
2016-04-13,505,517,503,516,819000,516
2016-04-14,522,533,520,533,1196000,533
2016-04-15,527,540,525,537,1172000,537
2016-04-18,521,531,521,526,1082000,526
2016-04-19,540,547,537,545,1025000,545
2016-04-20,550,555,543,544,1160000,544
2016-04-21,538,538,490,493,5755000,493
2016-04-22,488,492,465,471,5751000,471
2016-04-25,473,485,472,478,3683000,478
2016-04-26,478,483,466,476,3206000,476
2016-04-27,480,480,465,470,2497000,470
2016-04-28,474,484,461,462,2336000,462
2016-05-02,451,460,446,449,1159000,449
2016-05-06,452,452,442,446,1039000,446
2016-05-09,446,450,442,449,1023000,449
2016-05-10,450,451,445,449,1726000,449
2016-05-11,456,459,450,451,980000,451
2016-05-12,467,481,460,481,3022000,481
2016-05-13,481,481,469,472,2007000,472
2016-05-16,422,425,392,401,4941000,401
2016-05-17,400,414,399,414,2519000,414
2016-05-18,406,415,398,413,3199000,413
2016-05-19,420,420,407,415,1855000,415
2016-05-20,413,420,410,417,2404000,417
2016-05-23,418,421,412,419,1946000,419
2016-05-24,418,436,416,434,2895000,434
2016-05-25,439,441,432,435,1735000,435
2016-05-26,438,440,431,432,778000,432
2016-05-27,431,436,430,435,759000,435
2016-05-30,437,443,436,443,1010000,443
2016-05-31,437,448,436,448,934000,448
2016-06-01,441,447,440,442,1054000,442
2016-06-02,441,444,433,437,1101000,437
2016-06-03,436,441,426,428,1232000,428
2016-06-06,414,417,405,409,2190000,409
2016-06-07,407,416,406,410,1386000,410
2016-06-08,410,412,405,410,1003000,410
2016-06-09,407,409,401,403,1203000,403
2016-06-10,405,406,386,389,2996000,389
2016-06-13,385,385,373,373,1540000,373
2016-06-14,375,377,365,369,1177000,369
2016-06-15,368,377,365,373,1416000,373
2016-06-16,370,371,354,355,1246000,355
2016-06-17,360,367,354,354,3248000,354
2016-06-20,361,367,360,366,1594000,366
2016-06-21,365,367,360,365,1055000,365
2016-06-22,361,361,356,358,983000,358
2016-06-23,357,361,355,360,842000,360
2016-06-24,363,366,324,327,1844000,327
2016-06-27,339,339,318,328,1017000,328
2016-06-28,320,327,315,324,861000,324
2016-06-29,324,330,320,330,1250000,330
2016-06-30,334,338,329,331,848000,331
2016-07-01,331,335,330,331,785000,331
2016-07-04,323,334,322,331,722000,331
2016-07-05,332,332,324,325,1038000,325
2016-07-06,320,320,312,316,784000,316
2016-07-07,314,321,314,316,793000,316
2016-07-08,317,321,312,313,1352000,313
2016-07-11,321,330,321,328,659000,328
2016-07-12,333,341,333,337,1019000,337
2016-07-13,346,349,341,342,810000,342
2016-07-14,343,347,337,346,653000,346
2016-07-15,348,351,344,345,860000,345
2016-07-19,345,350,342,348,1005000,348
2016-07-20,347,350,341,349,794000,349
2016-07-21,355,362,352,355,839000,355
2016-07-22,354,355,346,347,791000,347
2016-07-25,348,357,348,354,721000,354
2016-07-26,354,354,342,349,951000,349
2016-07-27,348,355,348,353,822000,353
2016-07-28,352,357,350,353,707000,353
2016-07-29,346,358,342,353,1147000,353
2016-08-01,341,344,320,321,1719000,321
2016-08-02,315,316,303,306,2086000,306
2016-08-03,298,304,295,300,1699000,300
2016-08-04,300,308,298,308,1179000,308
2016-08-05,309,318,307,315,1496000,315
2016-08-08,323,325,321,323,823000,323
2016-08-09,322,326,321,324,862000,324
2016-08-10,319,322,312,314,1243000,314
2016-08-12,322,325,318,325,1120000,325
2016-08-15,325,325,316,316,522000,316
2016-08-16,318,320,311,312,1016000,312
2016-08-17,311,316,310,314,845000,314
2016-08-18,312,312,304,305,1053000,305
2016-08-19,305,309,304,306,551000,306
2016-08-22,308,311,307,310,668000,310
2016-08-23,309,310,304,304,803000,304
2016-08-24,304,309,303,308,1056000,308
2016-08-25,308,314,307,312,1318000,312
2016-08-26,310,311,301,306,1194000,306
2016-08-29,310,314,309,311,844000,311
2016-08-30,313,319,313,317,789000,317
2016-08-31,321,326,321,326,810000,326
2016-09-01,326,329,323,324,981000,324
2016-09-02,325,328,316,326,1434000,326
2016-09-05,334,339,331,336,1350000,336
2016-09-06,337,339,334,336,885000,336
2016-09-07,333,339,329,338,1219000,338
2016-09-08,338,338,328,333,1064000,333
2016-09-09,335,337,333,335,1277000,335
2016-09-12,330,334,329,333,686000,333
2016-09-13,339,339,332,335,683000,335
2016-09-14,330,339,329,332,922000,332
2016-09-15,328,329,323,325,889000,325
2016-09-16,329,337,327,336,975000,336
2016-09-20,331,335,328,329,648000,329
2016-09-21,329,334,322,334,860000,334
2016-09-23,334,342,330,339,1303000,339
2016-09-26,342,345,335,336,932000,336
2016-09-27,337,342,331,342,1216000,342
2016-09-28,330,335,326,328,1014000,328
2016-09-29,331,340,329,339,839000,339
2016-09-30,334,334,328,331,1025000,331
2016-10-03,334,334,326,328,858000,328
2016-10-04,329,335,328,331,1107000,331
2016-10-05,333,340,331,338,1012000,338
2016-10-06,344,347,341,342,1068000,342
2016-10-07,340,343,339,340,458000,340
2016-10-11,341,346,341,343,593000,343
2016-10-12,340,344,340,341,698000,341
2016-10-13,346,347,338,340,786000,340
2016-10-14,337,340,335,338,1152000,338
2016-10-17,341,343,337,341,624000,341
2016-10-18,339,340,336,339,616000,339
2016-10-19,337,340,336,339,849000,339
2016-10-20,339,345,339,345,1034000,345
2016-10-21,345,347,344,344,945000,344
2016-10-24,345,351,342,351,1051000,351
2016-10-25,356,359,352,354,1207000,354
2016-10-26,355,355,350,355,1039000,355
2016-10-27,355,359,353,357,891000,357
2016-10-28,359,360,355,358,898000,358
2016-10-31,356,357,348,352,1068000,352
2016-11-01,330,332,322,324,3183000,324
2016-11-02,324,325,319,321,2195000,321
2016-11-04,322,322,315,318,1419000,318
2016-11-07,321,327,321,327,1122000,327
2016-11-08,328,328,323,325,740000,325
2016-11-09,326,330,306,309,2171000,309
2016-11-10,325,332,319,331,1709000,331
2016-11-11,338,340,328,332,1859000,332
2016-11-14,333,339,333,338,979000,338
2016-11-15,338,338,333,337,926000,337
2016-11-16,340,346,340,346,1063000,346
2016-11-17,346,356,346,352,1645000,352
2016-11-18,358,358,353,356,1332000,356
2016-11-21,357,359,355,357,695000,357
2016-11-22,352,357,352,356,710000,356
2016-11-24,357,364,357,362,1191000,362
2016-11-25,367,371,365,369,1254000,369
2016-11-28,368,369,361,365,921000,365
2016-11-29,360,365,360,364,847000,364
2016-11-30,368,368,362,365,1060000,365
2016-12-01,372,379,370,373,1511000,373
2016-12-02,375,375,361,365,1247000,365
2016-12-05,367,367,361,364,942000,364
2016-12-06,367,371,367,370,1151000,370
2016-12-07,373,381,372,380,1265000,380
2016-12-08,385,388,381,388,1226000,388
2016-12-09,391,391,383,388,1952000,388
2016-12-12,394,395,386,390,1308000,390
2016-12-13,394,407,391,407,2578000,407
2016-12-14,403,405,399,400,1184000,400
2016-12-15,407,410,402,407,1669000,407
2016-12-16,410,410,404,406,1285000,406
2016-12-19,402,402,396,399,863000,399
2016-12-20,402,402,397,402,811000,402
2016-12-21,404,405,398,401,764000,401
2016-12-22,401,401,395,401,680000,401
2016-12-26,400,400,397,397,616000,397
2016-12-27,397,398,395,397,779000,397
2016-12-28,400,405,399,404,658000,404
2016-12-29,401,403,397,400,804000,400
2016-12-30,396,404,393,402,829000,402
2017-01-04,402,413,402,410,1551000,410
