Date,Open,High,Low,Close,Volume,Adj Close
2008-10-20,88,93.0,87.0,90.0,2975000.0,900.0
2008-10-21,92,96.0,92.0,92.0,3637000.0,920.0
2008-10-22,90,93.0,87.0,87.0,3188000.0,870.0
2008-10-23,85,85.0,75.0,82.0,9709000.0,820.0
2008-10-24,79,80.0,73.0,73.0,4784000.0,730.0
2008-10-27,72,74.0,66.0,67.0,6335000.0,670.0
2008-10-28,65,83.0,62.0,81.0,9979000.0,810.0
2008-10-29,85,87.0,77.0,81.0,7487000.0,810.0
2008-10-30,83,86.0,81.0,85.0,5518000.0,850.0
2008-10-31,85,86.0,78.0,80.0,3484000.0,800.0
2008-11-04,82,84.0,80.0,81.0,4510000.0,810.0
2008-11-05,84,85.0,82.0,84.0,4870000.0,840.0
2008-11-06,79,80.0,77.0,77.0,4143000.0,770.0
2008-11-07,74,76.0,71.0,71.0,6062000.0,710.0
2008-11-10,74,77.0,73.0,74.0,3695000.0,740.0
2008-11-11,74,76.0,73.0,75.0,3149000.0,750.0
2008-11-12,72,73.0,71.0,72.0,2792000.0,720.0
2008-11-13,71,72.0,69.0,69.0,5179000.0,690.0
2008-11-14,72,74.0,69.0,71.0,5426000.0,710.0
2008-11-17,71,71.0,69.0,70.0,3371000.0,700.0
2008-11-18,69,71.0,68.0,70.0,2661000.0,700.0
2008-11-19,70,70.0,66.0,69.0,4490000.0,690.0
2008-11-20,69,72.0,68.0,69.0,4609000.0,690.0
2008-11-21,68,69.0,66.0,69.0,8637000.0,690.0
2008-11-25,71,71.0,68.0,70.0,4543000.0,700.0
2008-11-26,69,70.0,68.0,69.0,1225000.0,690.0
2008-11-27,69,70.0,67.0,69.0,2114000.0,690.0
2008-11-28,69,69.0,67.0,69.0,1865000.0,690.0
2008-12-01,67,68.0,63.0,65.0,4263000.0,650.0
2008-12-02,63,63.0,58.0,58.0,6434000.0,580.0
2008-12-03,59,61.0,59.0,60.0,3931000.0,600.0
2008-12-04,59,60.0,55.0,57.0,4351000.0,570.0
2008-12-05,55,58.0,55.0,58.0,3183000.0,580.0
2008-12-08,55,60.0,55.0,60.0,3138000.0,600.0
2008-12-09,60,60.0,58.0,59.0,2043000.0,590.0
2008-12-10,58,61.0,57.0,61.0,4022000.0,610.0
2008-12-11,61,61.0,58.0,60.0,2478000.0,600.0
2008-12-12,57,58.0,55.0,55.0,6637000.0,550.0
2008-12-15,56,59.0,56.0,58.0,3905000.0,580.0
2008-12-16,59,59.0,57.0,58.0,4109000.0,580.0
2008-12-17,58,59.0,57.0,57.0,2076000.0,570.0
2008-12-18,57,58.0,56.0,57.0,2084000.0,570.0
2008-12-19,56,57.0,55.0,56.0,2843000.0,560.0
2008-12-22,55,56.0,55.0,56.0,2219000.0,560.0
2008-12-24,55,55.0,51.0,53.0,4212000.0,530.0
2008-12-25,53,54.0,52.0,54.0,1034000.0,540.0
2008-12-26,54,55.0,52.0,55.0,1854000.0,550.0
2008-12-29,55,59.0,55.0,55.0,5361000.0,550.0
2008-12-30,55,57.0,54.0,57.0,2118000.0,570.0
2009-01-05,58,59.0,56.0,57.0,1834000.0,570.0
2009-01-06,58,67.0,57.0,66.0,15011000.0,660.0
2009-01-07,69,71.0,63.0,63.0,14484000.0,630.0
2009-01-08,62,65.0,61.0,62.0,4744000.0,620.0
2009-01-09,65,68.0,64.0,66.0,5623000.0,660.0
2009-01-13,65,65.0,62.0,63.0,5246000.0,630.0
2009-01-14,64,64.0,61.0,62.0,3889000.0,620.0
2009-01-15,59,60.0,57.0,57.0,4742000.0,570.0
2009-01-16,59,59.0,57.0,58.0,4608000.0,580.0
2009-01-19,58,60.0,56.0,56.0,5624000.0,560.0
2009-01-20,57,57.0,55.0,57.0,2628000.0,570.0
2009-01-21,55,58.0,55.0,56.0,3417000.0,560.0
2009-01-22,56,57.0,55.0,57.0,3017000.0,570.0
2009-01-23,56,56.0,54.0,54.0,2171000.0,540.0
2009-01-26,54,56.0,53.0,53.0,2340000.0,530.0
2009-01-27,54,58.0,54.0,58.0,3063000.0,580.0
2009-01-28,58,60.0,57.0,59.0,2624000.0,590.0
2009-01-29,60,60.0,58.0,59.0,3330000.0,590.0
2009-01-30,57,58.0,55.0,55.0,2273000.0,550.0
2009-02-02,55,56.0,54.0,55.0,2505000.0,550.0
2009-02-03,54,57.0,54.0,55.0,2070000.0,550.0
2009-02-04,56,57.0,55.0,57.0,1755000.0,570.0
2009-02-05,57,57.0,54.0,54.0,2072000.0,540.0
2009-02-06,56,57.0,55.0,55.0,2632000.0,550.0
2009-02-09,57,57.0,55.0,55.0,1863000.0,550.0
2009-02-10,57,59.0,56.0,59.0,4642000.0,590.0
2009-02-12,56,58.0,55.0,55.0,2284000.0,550.0
2009-02-13,56,56.0,53.0,54.0,4770000.0,540.0
2009-02-16,54,55.0,53.0,55.0,2353000.0,550.0
2009-02-17,54,55.0,53.0,53.0,1679000.0,530.0
2009-02-18,52,54.0,51.0,53.0,3449000.0,530.0
2009-02-19,53,54.0,53.0,54.0,1384000.0,540.0
2009-02-20,53,54.0,52.0,53.0,1385000.0,530.0
2009-02-23,52,55.0,51.0,55.0,3783000.0,550.0
2009-02-24,53,53.0,52.0,53.0,2115000.0,530.0
2009-02-25,53,53.0,52.0,53.0,2822000.0,530.0
2009-02-26,53,53.0,52.0,53.0,1785000.0,530.0
2009-02-27,54,54.0,52.0,53.0,1041000.0,530.0
2009-03-02,53,54.0,53.0,54.0,1484000.0,540.0
2009-03-03,53,54.0,51.0,53.0,3589000.0,530.0
2009-03-04,52,54.0,52.0,54.0,2715000.0,540.0
2009-03-05,54,56.0,53.0,55.0,3542000.0,550.0
2009-03-06,54,54.0,53.0,53.0,2031000.0,530.0
2009-03-09,53,55.0,52.0,53.0,2085000.0,530.0
2009-03-10,53,54.0,53.0,54.0,650000.0,540.0
2009-03-11,56,56.0,54.0,56.0,3873000.0,560.0
2009-03-12,56,58.0,55.0,55.0,8016000.0,550.0
2009-03-13,56,60.0,55.0,60.0,8067000.0,600.0
2009-03-16,62,64.0,62.0,62.0,4813000.0,620.0
2009-03-17,62,65.0,61.0,64.0,4507000.0,640.0
2009-03-18,66,67.0,63.0,63.0,2362000.0,630.0
2009-03-19,65,65.0,62.0,63.0,1627000.0,630.0
2009-03-23,63,65.0,62.0,65.0,4053000.0,650.0
2009-03-24,66,66.0,63.0,63.0,4564000.0,630.0
2009-03-25,62,64.0,61.0,64.0,3660000.0,640.0
2009-03-26,64,69.0,63.0,68.0,4564000.0,680.0
2009-03-27,69,74.0,68.0,73.0,8539000.0,730.0
2009-03-30,75,76.0,68.0,68.0,4159000.0,680.0
2009-03-31,67,70.0,62.0,63.0,6267000.0,630.0
2009-04-01,64,70.0,64.0,70.0,3406000.0,700.0
2009-04-02,73,74.0,71.0,72.0,3407000.0,720.0
2009-04-03,74,75.0,70.0,70.0,2769000.0,700.0
2009-04-06,72,74.0,72.0,73.0,2707000.0,730.0
2009-04-07,73,77.0,71.0,76.0,6307000.0,760.0
2009-04-08,74,76.0,71.0,72.0,7390000.0,720.0
2009-04-09,75,76.0,73.0,74.0,4794000.0,740.0
2009-04-10,77,84.0,75.0,80.0,12783000.0,800.0
2009-04-13,85,94.0,83.0,88.0,14919000.0,880.0
2009-04-14,91,93.0,86.0,87.0,7076000.0,870.0
2009-04-15,87,87.0,84.0,85.0,3689000.0,850.0
2009-04-16,89,89.0,84.0,84.0,4023000.0,840.0
2009-04-17,87,88.0,86.0,88.0,2257000.0,880.0
2009-04-20,88,88.0,84.0,84.0,2849000.0,840.0
2009-04-21,81,83.0,80.0,82.0,2757000.0,820.0
2009-04-22,89,106.0,88.0,102.0,57481000.0,1020.0
2009-04-23,106,109.0,98.0,104.0,34825000.0,1040.0
2009-04-24,101,103.0,97.0,98.0,12508000.0,980.0
2009-04-27,100,101.0,96.0,97.0,5148000.0,970.0
2009-04-28,98,98.0,94.0,94.0,4773000.0,940.0
2009-04-30,95,97.0,92.0,92.0,5375000.0,920.0
2009-05-01,92,98.0,91.0,98.0,5499000.0,980.0
2009-05-07,102,105.0,99.0,100.0,5089000.0,1000.0
2009-05-08,98,103.0,98.0,103.0,5809000.0,1030.0
2009-05-11,103,104.0,100.0,103.0,4967000.0,1030.0
2009-05-12,101,109.0,101.0,105.0,9334000.0,1050.0
2009-05-13,112,115.0,104.0,104.0,19409000.0,1040.0
2009-05-14,103,103.0,100.0,101.0,4269000.0,1010.0
2009-05-15,101,103.0,99.0,102.0,4985000.0,1020.0
2009-05-18,99,101.0,99.0,99.0,3243000.0,990.0
2009-05-19,103,104.0,100.0,100.0,3635000.0,1000.0
2009-05-20,102,102.0,100.0,101.0,2388000.0,1010.0
2009-05-21,100,100.0,98.0,100.0,1924000.0,1000.0
2009-05-22,99,101.0,99.0,100.0,2639000.0,1000.0
2009-05-25,100,103.0,100.0,101.0,4946000.0,1010.0
2009-05-26,101,101.0,97.0,99.0,3204000.0,990.0
2009-05-27,101,101.0,99.0,99.0,2396000.0,990.0
2009-05-28,99,101.0,98.0,99.0,3597000.0,990.0
2009-05-29,100,101.0,98.0,100.0,2677000.0,1000.0
2009-06-01,100,102.0,99.0,102.0,2483000.0,1020.0
2009-06-02,103,104.0,101.0,101.0,2932000.0,1010.0
2009-06-03,102,106.0,102.0,104.0,7111000.0,1040.0
2009-06-04,104,107.0,102.0,107.0,6380000.0,1070.0
2009-06-05,107,107.0,102.0,104.0,5249000.0,1040.0
2009-06-08,105,107.0,104.0,104.0,2882000.0,1040.0
2009-06-09,104,108.0,104.0,106.0,7847000.0,1060.0
2009-06-10,108,111.0,107.0,108.0,9462000.0,1080.0
2009-06-11,109,110.0,108.0,108.0,2428000.0,1080.0
2009-06-12,110,112.0,108.0,112.0,9394000.0,1120.0
2009-06-15,114,115.0,110.0,110.0,5790000.0,1100.0
2009-06-16,110,110.0,105.0,105.0,5145000.0,1050.0
2009-06-17,106,110.0,105.0,109.0,3352000.0,1090.0
2009-06-18,110,110.0,107.0,107.0,2229000.0,1070.0
2009-06-19,108,109.0,106.0,107.0,1729000.0,1070.0
2009-06-22,105,108.0,103.0,107.0,3396000.0,1070.0
2009-06-23,103,104.0,100.0,101.0,3961000.0,1010.0
2009-06-24,101,102.0,99.0,101.0,2692000.0,1010.0
2009-06-25,100,103.0,100.0,102.0,3037000.0,1020.0
2009-06-26,104,104.0,101.0,102.0,1942000.0,1020.0
2009-06-29,103,105.0,101.0,102.0,2703000.0,1020.0
2009-06-30,103,104.0,102.0,102.0,1291000.0,1020.0
2009-07-01,102,104.0,101.0,104.0,2302000.0,1040.0
2009-07-02,104,104.0,102.0,102.0,2461000.0,1020.0
2009-07-03,102,102.0,101.0,101.0,1075000.0,1010.0
2009-07-06,101,102.0,100.0,100.0,1440000.0,1000.0
2009-07-07,101,103.0,100.0,101.0,3238000.0,1010.0
2009-07-08,100,100.0,96.0,97.0,3231000.0,970.0
2009-07-09,94,97.0,92.0,94.0,3235000.0,940.0
2009-07-10,93,94.0,90.0,90.0,2946000.0,900.0
2009-07-13,88,90.0,82.0,83.0,3992000.0,830.0
2009-07-14,89,92.0,88.0,91.0,2841000.0,910.0
2009-07-15,95,96.0,90.0,90.0,3406000.0,900.0
2009-07-16,95,95.0,92.0,93.0,1946000.0,930.0
2009-07-17,94,94.0,91.0,93.0,1021000.0,930.0
2009-07-21,94,96.0,93.0,95.0,1645000.0,950.0
2009-07-22,96,97.0,95.0,97.0,1449000.0,970.0
2009-07-23,97,99.0,95.0,98.0,1528000.0,980.0
2009-07-24,100,101.0,98.0,99.0,1707000.0,990.0
2009-07-27,100,104.0,100.0,104.0,3643000.0,1040.0
2009-07-28,103,104.0,101.0,102.0,1252000.0,1020.0
2009-07-29,102,103.0,101.0,102.0,1148000.0,1020.0
2009-07-30,100,102.0,100.0,102.0,1333000.0,1020.0
2009-07-31,103,103.0,100.0,101.0,1650000.0,1010.0
2009-08-03,101,101.0,100.0,100.0,773000.0,1000.0
2009-08-04,101,103.0,100.0,100.0,2221000.0,1000.0
2009-08-05,100,101.0,100.0,100.0,947000.0,1000.0
2009-08-06,99,102.0,98.0,102.0,2310000.0,1020.0
2009-08-07,101,102.0,100.0,102.0,1392000.0,1020.0
2009-08-10,103,106.0,102.0,106.0,4511000.0,1060.0
2009-08-11,106,106.0,103.0,105.0,2029000.0,1050.0
2009-08-12,102,105.0,102.0,103.0,3363000.0,1030.0
2009-08-13,103,105.0,103.0,103.0,1008000.0,1030.0
2009-08-14,103,105.0,102.0,104.0,2040000.0,1040.0
2009-08-17,104,104.0,100.0,100.0,1811000.0,1000.0
2009-08-18,98,100.0,97.0,99.0,2406000.0,990.0
2009-08-19,100,101.0,98.0,99.0,2264000.0,990.0
2009-08-20,99,100.0,98.0,100.0,1394000.0,1000.0
2009-08-21,100,100.0,98.0,100.0,1319000.0,1000.0
2009-08-24,99,103.0,99.0,103.0,2565000.0,1030.0
2009-08-25,103,103.0,100.0,101.0,1014000.0,1010.0
2009-08-26,101,103.0,101.0,103.0,1551000.0,1030.0
2009-08-27,102,103.0,99.0,99.0,2411000.0,990.0
2009-08-28,99,101.0,99.0,99.0,1641000.0,990.0
2009-08-31,99,101.0,98.0,98.0,2671000.0,980.0
2009-09-01,99,101.0,98.0,100.0,2488000.0,1000.0
2009-09-02,98,98.0,94.0,95.0,6445000.0,950.0
2009-09-03,94,95.0,93.0,93.0,2573000.0,930.0
2009-09-04,94,94.0,93.0,93.0,1182000.0,930.0
2009-09-07,93,95.0,92.0,93.0,1466000.0,930.0
2009-09-08,93,94.0,92.0,93.0,1201000.0,930.0
2009-09-09,94,99.0,93.0,96.0,7678000.0,960.0
2009-09-10,95,97.0,95.0,96.0,1343000.0,960.0
2009-09-11,96,96.0,93.0,93.0,5682000.0,930.0
2009-09-14,93,93.0,91.0,91.0,1541000.0,910.0
2009-09-15,91,92.0,90.0,90.0,1184000.0,900.0
2009-09-16,91,92.0,88.0,88.0,4080000.0,880.0
2009-09-17,88,89.0,85.0,85.0,4425000.0,850.0
2009-09-18,85,87.0,82.0,86.0,5508000.0,860.0
2009-09-24,84,86.0,83.0,84.0,2324000.0,840.0
2009-09-25,81,82.0,79.0,81.0,3850000.0,810.0
2009-09-28,80,80.0,76.0,78.0,3494000.0,780.0
2009-09-29,80,81.0,79.0,80.0,1904000.0,800.0
2009-09-30,81,83.0,80.0,80.0,1529000.0,800.0
2009-10-01,81,82.0,79.0,80.0,1403000.0,800.0
2009-10-02,76,78.0,75.0,76.0,2879000.0,760.0
2009-10-05,76,77.0,75.0,76.0,1223000.0,760.0
2009-10-06,77,77.0,75.0,75.0,1147000.0,750.0
2009-10-07,76,79.0,76.0,76.0,2480000.0,760.0
2009-10-08,77,80.0,76.0,78.0,2616000.0,780.0
2009-10-09,77,80.0,76.0,79.0,4284000.0,790.0
2009-10-13,80,81.0,79.0,80.0,2694000.0,800.0
2009-10-14,80,80.0,78.0,78.0,1387000.0,780.0
2009-10-15,80,81.0,78.0,79.0,2758000.0,790.0
2009-10-16,80,80.0,77.0,78.0,1625000.0,780.0
2009-10-19,77,79.0,76.0,78.0,1728000.0,780.0
2009-10-20,79,79.0,77.0,79.0,2394000.0,790.0
2009-10-21,78,79.0,77.0,79.0,1567000.0,790.0
2009-10-22,77,78.0,75.0,78.0,3577000.0,780.0
2009-10-23,77,79.0,77.0,79.0,1625000.0,790.0
2009-10-26,78,79.0,77.0,79.0,1614000.0,790.0
2009-10-27,79,83.0,78.0,81.0,5235000.0,810.0
2009-10-28,82,83.0,79.0,83.0,5318000.0,830.0
2009-10-29,82,85.0,80.0,83.0,4150000.0,830.0
2009-10-30,84,86.0,83.0,83.0,3776000.0,830.0
2009-11-02,81,85.0,79.0,83.0,4690000.0,830.0
2009-11-04,81,83.0,79.0,81.0,3899000.0,810.0
2009-11-05,81,85.0,80.0,84.0,6058000.0,840.0
2009-11-06,86,88.0,82.0,84.0,6369000.0,840.0
2009-11-09,83,83.0,81.0,81.0,2022000.0,810.0
2009-11-10,83,83.0,81.0,82.0,2450000.0,820.0
2009-11-11,82,83.0,81.0,81.0,1805000.0,810.0
2009-11-12,82,83.0,81.0,82.0,2288000.0,820.0
2009-11-13,81,82.0,80.0,81.0,1663000.0,810.0
2009-11-16,82,82.0,73.0,75.0,5453000.0,750.0
2009-11-17,76,76.0,72.0,74.0,3428000.0,740.0
2009-11-18,74,74.0,71.0,71.0,1757000.0,710.0
2009-11-19,76,77.0,73.0,73.0,3401000.0,730.0
2009-11-20,73,74.0,70.0,71.0,3851000.0,710.0
2009-11-24,71,71.0,70.0,70.0,1474000.0,700.0
2009-11-25,70,71.0,68.0,70.0,2351000.0,700.0
2009-11-26,69,72.0,69.0,71.0,1438000.0,710.0
2009-11-27,69,69.0,67.0,68.0,2152000.0,680.0
2009-11-30,69,72.0,69.0,72.0,2735000.0,720.0
2009-12-01,71,73.0,68.0,73.0,3443000.0,730.0
2009-12-02,72,74.0,71.0,73.0,2703000.0,730.0
2009-12-03,74,76.0,73.0,76.0,4382000.0,760.0
2009-12-04,75,78.0,74.0,76.0,3647000.0,760.0
2009-12-07,79,79.0,76.0,78.0,2888000.0,780.0
2009-12-08,76,77.0,75.0,77.0,2421000.0,770.0
2009-12-09,75,75.0,73.0,73.0,2750000.0,730.0
2009-12-10,74,75.0,73.0,75.0,2663000.0,750.0
2009-12-11,76,78.0,75.0,77.0,5338000.0,770.0
2009-12-14,77,77.0,75.0,75.0,1512000.0,750.0
2009-12-15,75,78.0,75.0,77.0,3768000.0,770.0
2009-12-16,77,78.0,73.0,76.0,3641000.0,760.0
2009-12-17,74,76.0,74.0,75.0,1705000.0,750.0
2009-12-18,75,76.0,74.0,76.0,1739000.0,760.0
2009-12-21,75,76.0,75.0,76.0,2123000.0,760.0
2009-12-22,76,78.0,75.0,78.0,3563000.0,780.0
2009-12-24,77,78.0,77.0,78.0,3498000.0,780.0
2009-12-25,77,77.0,75.0,76.0,2911000.0,760.0
2009-12-28,76,79.0,76.0,78.0,4337000.0,780.0
2009-12-29,78,80.0,77.0,78.0,3169000.0,780.0
2009-12-30,78,79.0,77.0,77.0,1479000.0,770.0
2010-01-04,78,82.0,78.0,81.0,3438000.0,810.0
2010-01-05,82,82.0,80.0,80.0,2719000.0,800.0
2010-01-06,80,81.0,80.0,81.0,913000.0,810.0
2010-01-07,81,85.0,81.0,83.0,5865000.0,830.0
2010-01-08,84,85.0,83.0,84.0,2700000.0,840.0
2010-01-12,84,85.0,83.0,85.0,2045000.0,850.0
2010-01-13,84,85.0,79.0,81.0,4754000.0,810.0
2010-01-14,81,84.0,81.0,84.0,1937000.0,840.0
2010-01-15,84,84.0,82.0,83.0,1986000.0,830.0
2010-01-18,82,83.0,81.0,81.0,1369000.0,810.0
2010-01-19,81,82.0,80.0,82.0,1640000.0,820.0
2010-01-20,82,83.0,81.0,81.0,1156000.0,810.0
2010-01-21,81,82.0,79.0,82.0,2580000.0,820.0
2010-01-22,80,80.0,79.0,79.0,1158000.0,790.0
2010-01-25,78,80.0,77.0,79.0,2975000.0,790.0
2010-01-26,79,80.0,77.0,77.0,2575000.0,770.0
2010-01-27,78,78.0,76.0,76.0,1680000.0,760.0
2010-01-28,78,80.0,76.0,80.0,2459000.0,800.0
2010-01-29,79,80.0,77.0,77.0,1674000.0,770.0
2010-02-01,77,77.0,75.0,76.0,2002000.0,760.0
2010-02-02,76,78.0,76.0,76.0,1996000.0,760.0
2010-02-03,78,82.0,78.0,82.0,3549000.0,820.0
2010-02-04,82,83.0,75.0,76.0,15006000.0,760.0
2010-02-05,74,74.0,72.0,73.0,4523000.0,730.0
2010-02-08,71,72.0,70.0,70.0,4695000.0,700.0
2010-02-09,70,71.0,69.0,70.0,4545000.0,700.0
2010-02-10,71,71.0,69.0,69.0,4470000.0,690.0
2010-02-12,69,72.0,69.0,72.0,4190000.0,720.0
2010-02-15,72,72.0,70.0,71.0,1825000.0,710.0
2010-02-16,72,72.0,70.0,71.0,1901000.0,710.0
2010-02-17,72,73.0,70.0,71.0,2702000.0,710.0
2010-02-18,72,72.0,70.0,72.0,2219000.0,720.0
2010-02-19,72,72.0,70.0,70.0,1887000.0,700.0
2010-02-22,71,72.0,71.0,71.0,1412000.0,710.0
2010-02-23,71,72.0,71.0,72.0,1514000.0,720.0
2010-02-24,71,72.0,70.0,70.0,2535000.0,700.0
2010-02-25,71,71.0,69.0,70.0,2889000.0,700.0
2010-02-26,69,70.0,68.0,68.0,2796000.0,680.0
2010-03-01,69,71.0,69.0,71.0,1858000.0,710.0
2010-03-02,71,71.0,69.0,71.0,3482000.0,710.0
2010-03-03,70,71.0,69.0,70.0,1883000.0,700.0
2010-03-04,70,71.0,69.0,70.0,1930000.0,700.0
2010-03-05,70,71.0,70.0,70.0,1408000.0,700.0
2010-03-08,71,72.0,70.0,71.0,3928000.0,710.0
2010-03-09,71,72.0,70.0,70.0,1966000.0,700.0
2010-03-10,70,72.0,70.0,71.0,4232000.0,710.0
2010-03-11,72,73.0,71.0,72.0,6970000.0,720.0
2010-03-12,73,73.0,71.0,71.0,7183000.0,710.0
2010-03-15,72,75.0,72.0,75.0,9793000.0,750.0
2010-03-16,76,77.0,75.0,76.0,6148000.0,760.0
2010-03-17,76,77.0,75.0,77.0,3293000.0,770.0
2010-03-18,77,77.0,74.0,74.0,3866000.0,740.0
2010-03-19,75,75.0,74.0,74.0,1622000.0,740.0
2010-03-23,74,74.0,72.0,73.0,3651000.0,730.0
2010-03-24,73,74.0,72.0,74.0,3355000.0,740.0
2010-03-25,74,74.0,73.0,73.0,2011000.0,730.0
2010-03-26,74,75.0,73.0,75.0,2555000.0,750.0
2010-03-29,76,78.0,75.0,77.0,5866000.0,770.0
2010-03-30,78,79.0,77.0,78.0,4154000.0,780.0
2010-03-31,78,80.0,78.0,78.0,7090000.0,780.0
2010-04-01,80,81.0,78.0,80.0,6650000.0,800.0
2010-04-02,81,82.0,80.0,82.0,3662000.0,820.0
2010-04-05,82,84.0,82.0,84.0,6041000.0,840.0
2010-04-06,85,85.0,82.0,83.0,4287000.0,830.0
2010-04-07,83,85.0,82.0,85.0,5495000.0,850.0
2010-04-08,84,88.0,84.0,87.0,7273000.0,870.0
2010-04-09,87,88.0,86.0,86.0,4477000.0,860.0
2010-04-12,88,97.0,88.0,93.0,19275000.0,930.0
2010-04-13,93,94.0,89.0,92.0,10299000.0,920.0
2010-04-14,93,94.0,90.0,90.0,5891000.0,900.0
2010-04-15,90,91.0,89.0,89.0,4397000.0,890.0
2010-04-16,88,89.0,86.0,88.0,6366000.0,880.0
2010-04-19,86,88.0,85.0,88.0,3498000.0,880.0
2010-04-20,88,90.0,87.0,89.0,3977000.0,890.0
2010-04-21,88,90.0,87.0,90.0,3596000.0,900.0
2010-04-22,90,94.0,89.0,93.0,8977000.0,930.0
2010-04-23,94,95.0,90.0,92.0,7238000.0,920.0
2010-04-26,93,95.0,93.0,95.0,4797000.0,950.0
2010-04-27,95,95.0,93.0,94.0,3254000.0,940.0
2010-04-28,92,93.0,90.0,91.0,4501000.0,910.0
2010-04-30,98,101.0,96.0,98.0,24975000.0,980.0
2010-05-06,95,97.0,93.0,94.0,10786000.0,940.0
2010-05-07,89,91.0,87.0,89.0,8072000.0,890.0
2010-05-10,90,94.0,90.0,93.0,5995000.0,930.0
2010-05-11,95,96.0,91.0,92.0,6107000.0,920.0
2010-05-12,92,93.0,90.0,90.0,2670000.0,900.0
2010-05-13,92,93.0,91.0,92.0,3113000.0,920.0
2010-05-14,91,92.0,91.0,91.0,2279000.0,910.0
2010-05-17,90,90.0,86.0,88.0,4487000.0,880.0
2010-05-18,87,88.0,84.0,85.0,3356000.0,850.0
2010-05-19,81,85.0,80.0,84.0,5713000.0,840.0
2010-05-20,83,85.0,83.0,83.0,2472000.0,830.0
2010-05-21,79,82.0,79.0,81.0,4901000.0,810.0
2010-05-24,82,83.0,80.0,80.0,4209000.0,800.0
2010-05-25,80,81.0,78.0,80.0,5156000.0,800.0
2010-05-26,82,83.0,80.0,80.0,6227000.0,800.0
2010-05-27,81,84.0,81.0,84.0,3166000.0,840.0
2010-05-28,86,88.0,84.0,85.0,3900000.0,850.0
2010-05-31,85,87.0,85.0,86.0,2909000.0,860.0
2010-06-01,86,86.0,84.0,84.0,2481000.0,840.0
2010-06-02,83,84.0,82.0,82.0,2826000.0,820.0
2010-06-03,84,86.0,84.0,86.0,2300000.0,860.0
2010-06-04,85,87.0,84.0,85.0,2385000.0,850.0
2010-06-07,83,83.0,81.0,81.0,2000000.0,810.0
2010-06-08,81,83.0,80.0,80.0,4044000.0,800.0
2010-06-09,80,80.0,79.0,79.0,2968000.0,790.0
2010-06-10,79,81.0,79.0,81.0,2300000.0,810.0
2010-06-11,83,83.0,79.0,79.0,7280000.0,790.0
2010-06-14,80,81.0,80.0,81.0,1764000.0,810.0
2010-06-15,81,83.0,81.0,83.0,2396000.0,830.0
2010-06-16,84,85.0,81.0,82.0,3345000.0,820.0
2010-06-17,82,82.0,81.0,82.0,1010000.0,820.0
2010-06-18,81,82.0,80.0,80.0,1781000.0,800.0
2010-06-21,81,83.0,81.0,82.0,2739000.0,820.0
2010-06-22,82,83.0,82.0,83.0,1583000.0,830.0
2010-06-23,82,82.0,79.0,79.0,3479000.0,790.0
2010-06-24,80,81.0,79.0,79.0,3046000.0,790.0
2010-06-25,79,81.0,78.0,80.0,3796000.0,800.0
2010-06-28,81,81.0,80.0,81.0,2645000.0,810.0
2010-06-29,82,84.0,81.0,83.0,5341000.0,830.0
2010-06-30,82,82.0,76.0,77.0,9182000.0,770.0
2010-07-01,75,76.0,72.0,72.0,5375000.0,720.0
2010-07-02,73,75.0,72.0,75.0,3366000.0,750.0
2010-07-05,75,77.0,74.0,77.0,1996000.0,770.0
2010-07-06,77,79.0,75.0,79.0,2760000.0,790.0
2010-07-07,78,78.0,75.0,75.0,3219000.0,750.0
2010-07-08,77,78.0,76.0,77.0,2345000.0,770.0
2010-07-09,77,78.0,76.0,76.0,3237000.0,760.0
2010-07-12,76,77.0,74.0,76.0,3646000.0,760.0
2010-07-13,76,76.0,75.0,75.0,1402000.0,750.0
2010-07-14,76,78.0,76.0,77.0,2716000.0,770.0
2010-07-15,76,77.0,73.0,73.0,4886000.0,730.0
2010-07-16,73,73.0,70.0,71.0,4283000.0,710.0
2010-07-20,70,71.0,69.0,70.0,1895000.0,700.0
2010-07-21,70,71.0,68.0,69.0,2830000.0,690.0
2010-07-22,67,69.0,65.0,66.0,4346000.0,660.0
2010-07-23,68,69.0,67.0,67.0,4267000.0,670.0
2010-07-26,68,69.0,67.0,67.0,1866000.0,670.0
2010-07-27,68,70.0,68.0,69.0,3384000.0,690.0
2010-07-28,70,71.0,69.0,71.0,2811000.0,710.0
2010-07-29,70,70.0,69.0,69.0,1989000.0,690.0
2010-07-30,69,70.0,68.0,69.0,2424000.0,690.0
2010-08-02,68,68.0,64.0,66.0,5697000.0,660.0
2010-08-03,67,68.0,66.0,67.0,2665000.0,670.0
2010-08-04,67,68.0,66.0,66.0,1938000.0,660.0
2010-08-05,67,68.0,66.0,67.0,2536000.0,670.0
2010-08-06,67,68.0,66.0,68.0,1679000.0,680.0
2010-08-09,67,68.0,66.0,68.0,2381000.0,680.0
2010-08-10,68,68.0,66.0,67.0,2096000.0,670.0
2010-08-11,67,67.0,65.0,65.0,2520000.0,650.0
2010-08-12,65,66.0,64.0,64.0,3385000.0,640.0
2010-08-13,64,65.0,62.0,65.0,3852000.0,650.0
2010-08-16,64,65.0,63.0,64.0,1482000.0,640.0
2010-08-17,63,64.0,63.0,64.0,1114000.0,640.0
2010-08-18,65,65.0,64.0,65.0,1785000.0,650.0
2010-08-19,65,66.0,64.0,65.0,2377000.0,650.0
2010-08-20,64,65.0,64.0,64.0,1378000.0,640.0
2010-08-23,64,65.0,63.0,63.0,1518000.0,630.0
2010-08-24,62,63.0,60.0,61.0,3286000.0,610.0
2010-08-25,60,61.0,60.0,60.0,1625000.0,600.0
2010-08-26,60,64.0,60.0,63.0,4411000.0,630.0
2010-08-27,62,65.0,62.0,65.0,3504000.0,650.0
2010-08-30,66,67.0,65.0,66.0,1909000.0,660.0
2010-08-31,65,66.0,64.0,65.0,1884000.0,650.0
2010-09-01,65,67.0,64.0,67.0,2592000.0,670.0
2010-09-02,68,70.0,67.0,68.0,5239000.0,680.0
2010-09-03,69,70.0,68.0,70.0,2707000.0,700.0
2010-09-06,70,73.0,70.0,73.0,2507000.0,730.0
2010-09-07,72,73.0,71.0,73.0,2240000.0,730.0
2010-09-08,71,72.0,70.0,70.0,1371000.0,700.0
2010-09-09,71,72.0,70.0,70.0,1256000.0,700.0
2010-09-10,71,72.0,70.0,70.0,3199000.0,700.0
2010-09-13,71,73.0,70.0,73.0,1847000.0,730.0
2010-09-14,74,74.0,72.0,74.0,2797000.0,740.0
2010-09-15,73,74.0,72.0,74.0,2803000.0,740.0
2010-09-16,74,75.0,73.0,75.0,2676000.0,750.0
2010-09-17,75,76.0,75.0,76.0,2815000.0,760.0
2010-09-21,77,77.0,76.0,76.0,1795000.0,760.0
2010-09-22,76,76.0,75.0,75.0,1299000.0,750.0
2010-09-24,73,73.0,71.0,72.0,3264000.0,720.0
2010-09-27,72,73.0,72.0,73.0,1109000.0,730.0
2010-09-28,73,73.0,72.0,72.0,1138000.0,720.0
2010-09-29,72,74.0,72.0,74.0,1502000.0,740.0
2010-09-30,74,75.0,73.0,73.0,1557000.0,730.0
2010-10-01,74,74.0,73.0,74.0,1680000.0,740.0
2010-10-04,74,74.0,73.0,74.0,713000.0,740.0
2010-10-05,73,75.0,72.0,74.0,2602000.0,740.0
2010-10-06,75,76.0,73.0,75.0,3328000.0,750.0
2010-10-07,74,76.0,74.0,75.0,1265000.0,750.0
2010-10-08,75,76.0,74.0,74.0,3045000.0,740.0
2010-10-12,59,63.0,58.0,62.0,14529000.0,620.0
2010-10-13,61,63.0,60.0,60.0,6559000.0,600.0
2010-10-14,61,63.0,60.0,62.0,7113000.0,620.0
2010-10-15,62,62.0,58.0,59.0,7662000.0,590.0
2010-10-18,59,62.0,59.0,62.0,4027000.0,620.0
2010-10-19,62,65.0,61.0,64.0,6620000.0,640.0
2010-10-20,64,70.0,63.0,69.0,9332000.0,690.0
2010-10-21,69,69.0,66.0,68.0,5879000.0,680.0
2010-10-22,68,72.0,68.0,72.0,9221000.0,720.0
2010-10-25,71,74.0,71.0,72.0,5792000.0,720.0
2010-10-26,72,72.0,70.0,71.0,2373000.0,710.0
2010-10-27,74,76.0,71.0,72.0,6823000.0,720.0
2010-10-28,72,73.0,70.0,72.0,3339000.0,720.0
2010-10-29,71,72.0,70.0,70.0,1770000.0,700.0
2010-11-01,69,70.0,67.0,68.0,3010000.0,680.0
2010-11-02,68,69.0,67.0,68.0,3725000.0,680.0
2010-11-04,68,69.0,67.0,67.0,2247000.0,670.0
2010-11-05,67,69.0,67.0,68.0,3016000.0,680.0
2010-11-08,68,69.0,67.0,68.0,2864000.0,680.0
2010-11-09,68,69.0,67.0,68.0,4084000.0,680.0
2010-11-10,68,69.0,66.0,67.0,3303000.0,670.0
2010-11-11,66,68.0,66.0,68.0,2105000.0,680.0
2010-11-12,68,68.0,67.0,67.0,1642000.0,670.0
2010-11-15,66,67.0,66.0,67.0,2376000.0,670.0
2010-11-16,67,67.0,65.0,65.0,3159000.0,650.0
2010-11-17,64,67.0,63.0,66.0,4247000.0,660.0
2010-11-18,66,69.0,65.0,69.0,4056000.0,690.0
2010-11-19,70,71.0,68.0,69.0,3330000.0,690.0
2010-11-22,70,70.0,68.0,69.0,2458000.0,690.0
2010-11-24,68,69.0,67.0,68.0,5229000.0,680.0
2010-11-25,69,71.0,68.0,70.0,4611000.0,700.0
2010-11-26,70,72.0,69.0,71.0,3965000.0,710.0
2010-11-29,71,75.0,71.0,72.0,7402000.0,720.0
2010-11-30,73,73.0,71.0,72.0,4021000.0,720.0
2010-12-01,71,71.0,70.0,71.0,1727000.0,710.0
2010-12-02,73,73.0,71.0,71.0,3678000.0,710.0
2010-12-03,71,72.0,70.0,72.0,2756000.0,720.0
2010-12-06,71,71.0,70.0,70.0,2982000.0,700.0
2010-12-07,70,71.0,69.0,71.0,2763000.0,710.0
2010-12-08,71,72.0,70.0,70.0,2092000.0,700.0
2010-12-09,71,72.0,70.0,72.0,2563000.0,720.0
2010-12-10,73,73.0,71.0,71.0,6340000.0,710.0
2010-12-13,72,72.0,70.0,70.0,3678000.0,700.0
2010-12-14,71,74.0,71.0,72.0,11202000.0,720.0
2010-12-15,73,74.0,72.0,73.0,4094000.0,730.0
2010-12-16,73,74.0,72.0,72.0,2444000.0,720.0
2010-12-17,73,73.0,72.0,73.0,2640000.0,730.0
2010-12-20,72,73.0,71.0,71.0,4421000.0,710.0
2010-12-21,71,72.0,71.0,71.0,3031000.0,710.0
2010-12-22,72,72.0,70.0,70.0,3145000.0,700.0
2010-12-24,70,71.0,69.0,71.0,4608000.0,710.0
2010-12-27,71,71.0,70.0,71.0,1992000.0,710.0
2010-12-28,71,71.0,69.0,70.0,2903000.0,700.0
2010-12-29,70,71.0,69.0,71.0,1458000.0,710.0
2010-12-30,70,70.0,69.0,70.0,1870000.0,700.0
2011-01-04,70,72.0,70.0,71.0,4521000.0,710.0
2011-01-05,71,72.0,70.0,71.0,5423000.0,710.0
2011-01-06,71,73.0,71.0,72.0,6477000.0,720.0
2011-01-07,72,74.0,72.0,73.0,3823000.0,730.0
2011-01-11,73,74.0,72.0,73.0,5032000.0,730.0
2011-01-12,73,76.0,73.0,73.0,12907000.0,730.0
2011-01-13,74,75.0,72.0,73.0,6803000.0,730.0
2011-01-14,72,73.0,71.0,71.0,6390000.0,710.0
2011-01-17,72,72.0,70.0,70.0,4825000.0,700.0
2011-01-18,69,71.0,69.0,70.0,4458000.0,700.0
2011-01-19,71,72.0,70.0,71.0,6062000.0,710.0
2011-01-20,71,71.0,70.0,70.0,1318000.0,700.0
2011-01-21,70,70.0,68.0,68.0,4917000.0,680.0
2011-01-24,68,69.0,67.0,69.0,3177000.0,690.0
2011-01-25,69,70.0,68.0,69.0,4311000.0,690.0
2011-01-26,68,69.0,68.0,68.0,2012000.0,680.0
2011-01-27,68,69.0,68.0,68.0,1924000.0,680.0
2011-01-28,68,69.0,66.0,66.0,4416000.0,660.0
2011-01-31,66,70.0,64.0,70.0,9495000.0,700.0
2011-02-01,70,71.0,69.0,70.0,3633000.0,700.0
2011-02-02,70,72.0,69.0,72.0,4728000.0,720.0
2011-02-03,71,72.0,70.0,71.0,2750000.0,710.0
2011-02-04,71,71.0,70.0,71.0,2719000.0,710.0
2011-02-07,71,73.0,71.0,72.0,4505000.0,720.0
2011-02-08,72,72.0,71.0,71.0,3383000.0,710.0
2011-02-09,72,72.0,71.0,72.0,1265000.0,720.0
2011-02-10,72,72.0,71.0,72.0,1283000.0,720.0
2011-02-14,71,72.0,71.0,71.0,2075000.0,710.0
2011-02-15,71,71.0,70.0,71.0,1685000.0,710.0
2011-02-16,71,72.0,71.0,72.0,2132000.0,720.0
2011-02-17,72,72.0,71.0,71.0,4118000.0,710.0
2011-02-18,72,72.0,70.0,70.0,3427000.0,700.0
2011-02-21,71,72.0,70.0,71.0,1858000.0,710.0
2011-02-22,71,71.0,70.0,70.0,2948000.0,700.0
2011-02-23,70,72.0,69.0,69.0,8076000.0,690.0
2011-02-24,69,70.0,68.0,69.0,4605000.0,690.0
2011-02-25,68,70.0,68.0,70.0,2578000.0,700.0
2011-02-28,69,71.0,69.0,70.0,6547000.0,700.0
2011-03-01,71,71.0,70.0,71.0,5873000.0,710.0
2011-03-02,70,71.0,70.0,70.0,2920000.0,700.0
2011-03-03,71,72.0,71.0,72.0,2769000.0,720.0
2011-03-04,72,73.0,71.0,73.0,6642000.0,730.0
2011-03-07,74,85.0,74.0,83.0,59912000.0,830.0
2011-03-08,82,82.0,76.0,78.0,20254000.0,780.0
2011-03-09,79,79.0,75.0,75.0,6990000.0,750.0
2011-03-10,74,78.0,74.0,75.0,9673000.0,750.0
2011-03-11,73,75.0,71.0,72.0,10855000.0,720.0
2011-03-14,60,66.0,60.0,63.0,11707000.0,630.0
2011-03-15,61,61.0,50.0,51.0,17517000.0,510.0
2011-03-16,54,58.0,51.0,53.0,15465000.0,530.0
2011-03-17,52,57.0,51.0,55.0,9097000.0,550.0
2011-03-18,56,59.0,56.0,59.0,6232000.0,590.0
2011-03-22,63,64.0,61.0,63.0,6867000.0,630.0
2011-03-23,63,64.0,62.0,63.0,7221000.0,630.0
2011-03-24,63,63.0,61.0,61.0,2731000.0,610.0
2011-03-25,63,63.0,61.0,61.0,2059000.0,610.0
2011-03-28,62,64.0,60.0,63.0,6768000.0,630.0
2011-03-29,63,63.0,61.0,62.0,3066000.0,620.0
2011-03-30,63,65.0,62.0,64.0,9692000.0,640.0
2011-03-31,66,69.0,65.0,66.0,11934000.0,660.0
2011-04-01,66,68.0,65.0,66.0,4795000.0,660.0
2011-04-04,70,72.0,68.0,69.0,12702000.0,690.0
2011-04-05,69,70.0,66.0,66.0,3308000.0,660.0
2011-04-06,67,70.0,66.0,68.0,5544000.0,680.0
2011-04-07,68,70.0,67.0,67.0,2887000.0,670.0
2011-04-08,67,68.0,66.0,67.0,3397000.0,670.0
2011-04-11,68,69.0,67.0,69.0,2533000.0,690.0
2011-04-12,68,68.0,66.0,68.0,2401000.0,680.0
2011-04-13,67,68.0,66.0,68.0,1953000.0,680.0
2011-04-14,68,68.0,66.0,68.0,1187000.0,680.0
2011-04-15,68,70.0,66.0,67.0,5898000.0,670.0
2011-04-18,68,68.0,67.0,67.0,700000.0,670.0
2011-04-19,67,67.0,66.0,67.0,1277000.0,670.0
2011-04-20,67,68.0,66.0,68.0,1554000.0,680.0
2011-04-21,68,68.0,67.0,68.0,1313000.0,680.0
2011-04-22,67,67.0,65.0,66.0,4850000.0,660.0
2011-04-25,66,67.0,65.0,66.0,2537000.0,660.0
2011-04-26,66,68.0,65.0,67.0,2324000.0,670.0
2011-04-27,67,68.0,66.0,67.0,2209000.0,670.0
2011-04-28,67,68.0,66.0,66.0,3026000.0,660.0
2011-05-02,66,67.0,65.0,65.0,2256000.0,650.0
2011-05-06,65,66.0,65.0,65.0,2101000.0,650.0
2011-05-09,66,67.0,65.0,66.0,3023000.0,660.0
2011-05-10,65,66.0,65.0,65.0,976000.0,650.0
2011-05-11,65,67.0,65.0,65.0,4027000.0,650.0
2011-05-12,65,67.0,65.0,65.0,3648000.0,650.0
2011-05-13,66,66.0,65.0,65.0,2770000.0,650.0
2011-05-16,66,70.0,66.0,69.0,16863000.0,690.0
2011-05-17,68,69.0,67.0,67.0,2499000.0,670.0
2011-05-18,67,68.0,67.0,67.0,1866000.0,670.0
2011-05-19,68,69.0,67.0,67.0,1400000.0,670.0
2011-05-20,67,68.0,66.0,66.0,1185000.0,660.0
2011-05-23,67,68.0,66.0,67.0,1743000.0,670.0
2011-05-24,67,68.0,66.0,67.0,1145000.0,670.0
2011-05-25,66,67.0,66.0,66.0,966000.0,660.0
2011-05-26,68,69.0,67.0,68.0,4443000.0,680.0
2011-05-27,68,68.0,66.0,67.0,2212000.0,670.0
2011-05-30,67,68.0,66.0,67.0,940000.0,670.0
2011-05-31,68,70.0,66.0,69.0,3418000.0,690.0
2011-06-01,69,70.0,68.0,70.0,2851000.0,700.0
2011-06-02,69,70.0,68.0,70.0,2122000.0,700.0
2011-06-03,69,70.0,68.0,68.0,1649000.0,680.0
2011-06-06,68,69.0,67.0,67.0,1486000.0,670.0
2011-06-07,67,68.0,67.0,68.0,601000.0,680.0
2011-06-08,68,69.0,67.0,69.0,1576000.0,690.0
2011-06-09,69,69.0,67.0,68.0,2114000.0,680.0
2011-06-10,69,69.0,66.0,67.0,5030000.0,670.0
2011-06-13,66,68.0,66.0,67.0,1391000.0,670.0
2011-06-14,67,68.0,67.0,68.0,692000.0,680.0
2011-06-15,67,68.0,66.0,68.0,3375000.0,680.0
2011-06-16,67,67.0,66.0,66.0,1975000.0,660.0
2011-06-17,67,68.0,66.0,67.0,3834000.0,670.0
2011-06-20,67,68.0,66.0,67.0,3227000.0,670.0
2011-06-21,67,68.0,67.0,68.0,1345000.0,680.0
2011-06-22,68,69.0,67.0,69.0,4069000.0,690.0
2011-06-23,69,69.0,68.0,68.0,2763000.0,680.0
2011-06-24,68,69.0,67.0,69.0,4328000.0,690.0
2011-06-27,68,69.0,67.0,68.0,3043000.0,680.0
2011-06-28,69,70.0,68.0,70.0,3463000.0,700.0
2011-06-29,71,74.0,71.0,74.0,12132000.0,740.0
2011-06-30,74,75.0,72.0,74.0,5023000.0,740.0
2011-07-01,74,74.0,72.0,73.0,2678000.0,730.0
2011-07-04,75,76.0,74.0,74.0,5224000.0,740.0
2011-07-05,74,75.0,73.0,74.0,1429000.0,740.0
2011-07-06,74,76.0,73.0,75.0,2639000.0,750.0
2011-07-07,77,80.0,76.0,78.0,16858000.0,780.0
2011-07-08,79,83.0,78.0,82.0,14694000.0,820.0
2011-07-11,81,84.0,81.0,82.0,12191000.0,820.0
2011-07-12,81,82.0,78.0,79.0,8079000.0,790.0
2011-07-13,78,81.0,78.0,80.0,4522000.0,800.0
2011-07-14,80,81.0,79.0,80.0,5685000.0,800.0
2011-07-15,80,81.0,79.0,81.0,3074000.0,810.0
2011-07-19,81,85.0,81.0,83.0,11593000.0,830.0
2011-07-20,83,85.0,82.0,82.0,8880000.0,820.0
2011-07-21,82,83.0,80.0,82.0,4830000.0,820.0
2011-07-22,82,82.0,80.0,81.0,5782000.0,810.0
2011-07-25,81,81.0,80.0,80.0,1442000.0,800.0
2011-07-26,81,82.0,80.0,81.0,3555000.0,810.0
2011-07-27,80,80.0,76.0,78.0,10177000.0,780.0
2011-07-28,77,77.0,75.0,77.0,4099000.0,770.0
2011-07-29,77,78.0,76.0,77.0,4752000.0,770.0
2011-08-01,79,84.0,79.0,83.0,10453000.0,830.0
2011-08-02,82,84.0,80.0,82.0,5953000.0,820.0
2011-08-03,80,81.0,79.0,80.0,3354000.0,800.0
2011-08-04,81,83.0,80.0,81.0,4909000.0,810.0
2011-08-05,77,79.0,76.0,77.0,3914000.0,770.0
2011-08-08,76,77.0,75.0,76.0,4167000.0,760.0
2011-08-09,73,76.0,71.0,75.0,5424000.0,750.0
2011-08-10,78,78.0,75.0,76.0,3267000.0,760.0
2011-08-11,74,78.0,74.0,78.0,3379000.0,780.0
2011-08-12,79,79.0,76.0,77.0,2328000.0,770.0
2011-08-15,77,78.0,76.0,76.0,2040000.0,760.0
2011-08-16,77,78.0,76.0,78.0,1811000.0,780.0
2011-08-17,76,78.0,76.0,78.0,1367000.0,780.0
2011-08-18,78,79.0,76.0,77.0,3220000.0,770.0
2011-08-19,75,76.0,74.0,74.0,2955000.0,740.0
2011-08-22,74,74.0,70.0,71.0,4831000.0,710.0
2011-08-23,73,74.0,72.0,73.0,2175000.0,730.0
2011-08-24,73,74.0,67.0,67.0,5120000.0,670.0
2011-08-25,69,71.0,68.0,70.0,3154000.0,700.0
2011-08-26,70,71.0,69.0,71.0,2134000.0,710.0
2011-08-29,72,73.0,71.0,71.0,2874000.0,710.0
2011-08-30,74,77.0,74.0,76.0,8243000.0,760.0
2011-08-31,76,76.0,74.0,74.0,1547000.0,740.0
2011-09-01,75,77.0,74.0,75.0,3283000.0,750.0
2011-09-02,74,75.0,73.0,73.0,2270000.0,730.0
2011-09-05,73,74.0,72.0,73.0,2089000.0,730.0
2011-09-06,73,73.0,71.0,71.0,2337000.0,710.0
2011-09-07,72,73.0,71.0,73.0,2398000.0,730.0
2011-09-08,74,74.0,72.0,73.0,1614000.0,730.0
2011-09-09,72,73.0,71.0,72.0,4409000.0,720.0
2011-09-12,67,70.0,67.0,69.0,5101000.0,690.0
2011-09-13,70,71.0,69.0,70.0,1618000.0,700.0
2011-09-14,70,71.0,68.0,68.0,2039000.0,680.0
2011-09-15,69,70.0,67.0,68.0,2493000.0,680.0
2011-09-16,70,72.0,69.0,71.0,2597000.0,710.0
2011-09-20,70,71.0,69.0,69.0,1444000.0,690.0
2011-09-21,69,69.0,68.0,68.0,2012000.0,680.0
2011-09-22,67,68.0,67.0,67.0,1324000.0,670.0
2011-09-26,67,67.0,64.0,66.0,4530000.0,660.0
2011-09-27,67,67.0,64.0,65.0,3385000.0,650.0
2011-09-28,69,72.0,68.0,71.0,8574000.0,710.0
2011-09-29,70,73.0,70.0,72.0,3578000.0,720.0
2011-09-30,72,73.0,70.0,71.0,3922000.0,710.0
2011-10-03,70,70.0,68.0,70.0,2282000.0,700.0
2011-10-04,69,69.0,67.0,68.0,3068000.0,680.0
2011-10-05,69,69.0,67.0,68.0,2641000.0,680.0
2011-10-06,68,69.0,67.0,68.0,1846000.0,680.0
2011-10-07,68,69.0,67.0,68.0,2449000.0,680.0
2011-10-11,69,70.0,68.0,69.0,2408000.0,690.0
2011-10-12,68,69.0,67.0,67.0,3274000.0,670.0
2011-10-13,68,70.0,68.0,68.0,4488000.0,680.0
2011-10-14,68,69.0,68.0,68.0,1742000.0,680.0
2011-10-17,69,70.0,68.0,69.0,2587000.0,690.0
2011-10-18,68,69.0,67.0,67.0,1645000.0,670.0
2011-10-19,68,69.0,67.0,68.0,1697000.0,680.0
2011-10-20,68,69.0,67.0,68.0,2221000.0,680.0
2011-10-21,68,68.0,67.0,68.0,698000.0,680.0
2011-10-24,68,69.0,67.0,68.0,1419000.0,680.0
2011-10-25,69,70.0,68.0,68.0,2393000.0,680.0
2011-10-26,68,69.0,67.0,68.0,2816000.0,680.0
2011-10-27,68,70.0,67.0,68.0,3164000.0,680.0
2011-10-28,70,70.0,68.0,69.0,3622000.0,690.0
2011-10-31,69,71.0,68.0,68.0,5150000.0,680.0
2011-11-01,68,69.0,68.0,68.0,2761000.0,680.0
2011-11-02,67,68.0,66.0,67.0,2084000.0,670.0
2011-11-04,67,68.0,66.0,67.0,1328000.0,670.0
2011-11-07,67,68.0,67.0,68.0,1398000.0,680.0
2011-11-08,67,68.0,67.0,67.0,2992000.0,670.0
2011-11-09,68,69.0,67.0,69.0,1560000.0,690.0
2011-11-10,67,68.0,67.0,67.0,1730000.0,670.0
2011-11-11,67,68.0,66.0,66.0,1882000.0,660.0
2011-11-14,67,67.0,66.0,66.0,1224000.0,660.0
2011-11-15,66,67.0,65.0,65.0,2560000.0,650.0
2011-11-16,65,66.0,64.0,64.0,2623000.0,640.0
2011-11-17,65,66.0,64.0,65.0,1731000.0,650.0
2011-11-18,65,65.0,64.0,64.0,1387000.0,640.0
2011-11-21,64,65.0,62.0,63.0,2277000.0,630.0
2011-11-22,61,63.0,61.0,62.0,3327000.0,620.0
2011-11-24,61,61.0,59.0,60.0,3052000.0,600.0
2011-11-25,61,63.0,58.0,58.0,6564000.0,580.0
2011-11-28,60,61.0,59.0,59.0,4048000.0,590.0
2011-11-29,61,62.0,60.0,62.0,3664000.0,620.0
2011-11-30,62,63.0,61.0,62.0,3917000.0,620.0
2011-12-01,65,66.0,63.0,66.0,4042000.0,660.0
2011-12-02,66,66.0,64.0,65.0,2234000.0,650.0
2011-12-05,67,67.0,65.0,66.0,3443000.0,660.0
2011-12-06,66,66.0,65.0,65.0,1886000.0,650.0
2011-12-07,65,67.0,64.0,67.0,2395000.0,670.0
2011-12-08,67,71.0,66.0,70.0,6885000.0,700.0
2011-12-09,69,72.0,68.0,69.0,9233000.0,690.0
2011-12-12,70,74.0,70.0,72.0,5562000.0,720.0
2011-12-13,72,72.0,70.0,70.0,2069000.0,700.0
2011-12-14,70,71.0,69.0,70.0,3404000.0,700.0
2011-12-15,70,70.0,69.0,69.0,1795000.0,690.0
2011-12-16,69,70.0,67.0,68.0,3821000.0,680.0
2011-12-19,68,69.0,67.0,68.0,1466000.0,680.0
2011-12-20,68,69.0,67.0,68.0,1296000.0,680.0
2011-12-21,69,69.0,67.0,68.0,1877000.0,680.0
2011-12-22,68,69.0,67.0,68.0,1495000.0,680.0
2011-12-26,68,69.0,67.0,67.0,1074000.0,670.0
2011-12-27,67,68.0,67.0,67.0,1077000.0,670.0
2011-12-28,68,69.0,67.0,69.0,1544000.0,690.0
2011-12-29,69,70.0,69.0,69.0,1239000.0,690.0
2011-12-30,69,70.0,68.0,69.0,1158000.0,690.0
2012-01-04,70,71.0,69.0,70.0,2127000.0,700.0
2012-01-05,71,72.0,70.0,72.0,1644000.0,720.0
2012-01-06,72,72.0,71.0,72.0,1712000.0,720.0
2012-01-10,73,73.0,71.0,73.0,3041000.0,730.0
2012-01-11,72,73.0,71.0,73.0,1874000.0,730.0
2012-01-12,72,72.0,71.0,71.0,1018000.0,710.0
2012-01-13,72,72.0,71.0,72.0,1546000.0,720.0
2012-01-16,72,72.0,69.0,71.0,2147000.0,710.0
2012-01-17,70,71.0,70.0,71.0,706000.0,710.0
2012-01-18,71,72.0,70.0,71.0,1918000.0,710.0
2012-01-19,71,72.0,71.0,72.0,928000.0,720.0
2012-01-20,73,77.0,72.0,75.0,10466000.0,750.0
2012-01-23,75,76.0,74.0,74.0,2314000.0,740.0
2012-01-24,74,76.0,74.0,74.0,2785000.0,740.0
2012-01-25,74,78.0,74.0,78.0,5044000.0,780.0
2012-01-26,78,78.0,76.0,76.0,1742000.0,760.0
2012-01-27,76,76.0,75.0,76.0,1466000.0,760.0
2012-01-30,76,76.0,74.0,75.0,1355000.0,750.0
2012-01-31,73,74.0,73.0,73.0,1456000.0,730.0
2012-02-01,73,74.0,73.0,73.0,1196000.0,730.0
2012-02-02,74,75.0,74.0,74.0,1233000.0,740.0
2012-02-03,73,74.0,69.0,70.0,6983000.0,700.0
2012-02-06,75,81.0,75.0,80.0,21433000.0,800.0
2012-02-07,80,83.0,76.0,76.0,15093000.0,760.0
2012-02-08,77,78.0,76.0,78.0,4131000.0,780.0
2012-02-09,78,81.0,77.0,80.0,6771000.0,800.0
2012-02-10,81,82.0,79.0,81.0,7786000.0,810.0
2012-02-13,81,82.0,79.0,82.0,4045000.0,820.0
2012-02-14,82,82.0,80.0,81.0,2135000.0,810.0
2012-02-15,81,83.0,80.0,82.0,5827000.0,820.0
2012-02-16,82,83.0,81.0,82.0,2601000.0,820.0
2012-02-17,82,85.0,80.0,82.0,9941000.0,820.0
2012-02-20,84,85.0,83.0,83.0,4650000.0,830.0
2012-02-21,84,88.0,84.0,86.0,11906000.0,860.0
2012-02-22,87,92.0,87.0,92.0,13110000.0,920.0
2012-02-23,94,97.0,93.0,95.0,18748000.0,950.0
2012-02-24,95,96.0,93.0,94.0,6906000.0,940.0
2012-02-27,95,95.0,92.0,93.0,5495000.0,930.0
2012-02-28,90,91.0,86.0,91.0,11581000.0,910.0
2012-02-29,92,93.0,89.0,89.0,4991000.0,890.0
2012-03-01,88,88.0,84.0,87.0,9567000.0,870.0
2012-03-02,88,88.0,85.0,87.0,3580000.0,870.0
2012-03-05,86,87.0,84.0,86.0,5346000.0,860.0
2012-03-06,86,89.0,85.0,88.0,6984000.0,880.0
2012-03-07,86,88.0,86.0,88.0,3416000.0,880.0
2012-03-08,88,92.0,87.0,92.0,6648000.0,920.0
2012-03-09,94,96.0,93.0,94.0,18307000.0,940.0
2012-03-12,95,95.0,91.0,91.0,6838000.0,910.0
2012-03-13,92,96.0,91.0,93.0,11053000.0,930.0
2012-03-14,97,99.0,95.0,99.0,19324000.0,990.0
2012-03-15,99,103.0,97.0,101.0,17933000.0,1010.0
2012-03-16,100,101.0,99.0,100.0,6118000.0,1000.0
2012-03-19,100,104.0,100.0,102.0,8404000.0,1020.0
2012-03-21,101,106.0,101.0,104.0,10867000.0,1040.0
2012-03-22,104,109.0,104.0,108.0,12704000.0,1080.0
2012-03-23,105,108.0,104.0,107.0,10201000.0,1070.0
2012-03-26,107,111.0,106.0,110.0,13138000.0,1100.0
2012-03-27,112,114.0,108.0,108.0,20447000.0,1080.0
2012-03-28,109,118.0,109.0,116.0,24340000.0,1160.0
2012-03-29,117,126.0,116.0,126.0,40704000.0,1260.0
2012-03-30,126,127.0,122.0,125.0,32336000.0,1250.0
2012-04-02,126,127.0,124.0,124.0,14042000.0,1240.0
2012-04-03,123,126.0,120.0,122.0,20575000.0,1220.0
2012-04-04,119,121.0,114.0,115.0,22122000.0,1150.0
2012-04-05,114,120.0,112.0,118.0,19662000.0,1180.0
2012-04-06,118,126.0,116.0,126.0,31270000.0,1260.0
2012-04-09,124,133.0,121.0,133.0,51744000.0,1330.0
2012-04-10,132,134.0,125.0,127.0,38976000.0,1270.0
2012-04-11,124,132.0,123.0,129.0,32298000.0,1290.0
2012-04-12,130,132.0,127.0,129.0,18322000.0,1290.0
2012-04-13,130,132.0,127.0,128.0,17814000.0,1280.0
2012-04-16,127,130.0,123.0,123.0,19855000.0,1230.0
2012-04-17,125,128.0,124.0,124.0,12008000.0,1240.0
2012-04-18,127,129.0,126.0,127.0,7210000.0,1270.0
2012-04-19,126,129.0,125.0,126.0,12338000.0,1260.0
2012-04-20,127,133.0,126.0,132.0,28457000.0,1320.0
2012-04-23,136,137.0,132.0,132.0,20359000.0,1320.0
2012-04-24,130,132.0,127.0,130.0,13650000.0,1300.0
2012-04-25,131,137.0,130.0,136.0,29298000.0,1360.0
2012-04-26,136,140.0,134.0,138.0,42382000.0,1380.0
2012-04-27,139,140.0,136.0,137.0,19171000.0,1370.0
2012-05-01,136,137.0,130.0,132.0,12574000.0,1320.0
2012-05-02,135,136.0,132.0,133.0,8163000.0,1330.0
2012-05-07,130,132.0,126.0,127.0,11365000.0,1270.0
2012-05-08,129,134.0,128.0,133.0,10387000.0,1330.0
2012-05-09,133,134.0,119.0,123.0,21617000.0,1230.0
2012-05-10,121,126.0,117.0,124.0,18867000.0,1240.0
2012-05-11,123,125.0,118.0,121.0,10994000.0,1210.0
2012-05-14,119,120.0,115.0,117.0,10064000.0,1170.0
2012-05-15,113,114.0,105.0,110.0,23357000.0,1100.0
2012-05-16,109,112.0,107.0,108.0,13190000.0,1080.0
2012-05-17,111,116.0,110.0,115.0,18561000.0,1150.0
2012-05-18,112,112.0,109.0,110.0,13282000.0,1100.0
2012-05-21,111,115.0,111.0,113.0,5360000.0,1130.0
2012-05-22,116,121.0,116.0,121.0,12517000.0,1210.0
2012-05-23,121,122.0,115.0,117.0,11034000.0,1170.0
2012-05-24,116,118.0,111.0,113.0,10907000.0,1130.0
2012-05-25,113,113.0,108.0,111.0,11077000.0,1110.0
2012-05-28,111,111.0,108.0,110.0,5654000.0,1100.0
2012-05-29,109,113.0,107.0,113.0,6607000.0,1130.0
2012-05-30,114,116.0,109.0,113.0,9172000.0,1130.0
2012-05-31,109,111.0,108.0,109.0,7279000.0,1090.0
2012-06-01,108,112.0,108.0,108.0,10903000.0,1080.0
2012-06-04,104,105.0,100.0,101.0,11823000.0,1010.0
2012-06-05,101,103.0,98.0,102.0,11766000.0,1020.0
2012-06-06,104,109.0,100.0,107.0,13482000.0,1070.0
2012-06-07,109,115.0,109.0,114.0,11500000.0,1140.0
2012-06-08,113,113.0,109.0,110.0,11390000.0,1100.0
2012-06-11,113,115.0,112.0,113.0,7231000.0,1130.0
2012-06-12,110,114.0,108.0,112.0,8684000.0,1120.0
2012-06-13,112,115.0,112.0,113.0,4946000.0,1130.0
2012-06-14,111,113.0,110.0,111.0,5652000.0,1110.0
2012-06-15,112,113.0,110.0,113.0,5143000.0,1130.0
2012-06-18,118,121.0,116.0,121.0,11929000.0,1210.0
2012-06-19,120,127.0,119.0,124.0,16424000.0,1240.0
2012-06-20,126,130.0,126.0,128.0,13853000.0,1280.0
2012-06-21,129,130.0,126.0,128.0,10659000.0,1280.0
2012-06-22,126,130.0,125.0,128.0,8218000.0,1280.0
2012-06-25,129,130.0,127.0,129.0,4600000.0,1290.0
2012-06-26,127,128.0,122.0,124.0,6645000.0,1240.0
2012-06-27,124,126.0,121.0,124.0,6889000.0,1240.0
2012-06-28,126,128.0,126.0,127.0,6050000.0,1270.0
2012-06-29,126,129.0,125.0,128.0,5047000.0,1280.0
2012-07-02,130,132.0,128.0,131.0,11053000.0,1310.0
2012-07-03,132,134.0,131.0,131.0,11509000.0,1310.0
2012-07-04,132,132.0,128.0,128.0,4322000.0,1280.0
2012-07-05,128,129.0,125.0,126.0,6018000.0,1260.0
2012-07-06,127,128.0,124.0,125.0,3660000.0,1250.0
2012-07-09,123,125.0,122.0,124.0,4765000.0,1240.0
2012-07-10,124,125.0,121.0,123.0,5513000.0,1230.0
2012-07-11,123,128.0,122.0,126.0,7277000.0,1260.0
2012-07-12,126,128.0,122.0,123.0,8056000.0,1230.0
2012-07-13,123,127.0,122.0,127.0,8789000.0,1270.0
2012-07-17,127,130.0,125.0,125.0,8501000.0,1250.0
2012-07-18,127,128.0,124.0,125.0,5355000.0,1250.0
2012-07-19,126,127.0,122.0,124.0,5502000.0,1240.0
2012-07-20,124,125.0,122.0,124.0,5349000.0,1240.0
2012-07-23,122,123.0,117.0,118.0,7133000.0,1180.0
2012-07-24,115,117.0,111.0,114.0,10685000.0,1140.0
2012-07-25,113,114.0,109.0,111.0,6382000.0,1110.0
2012-07-26,112,117.0,110.0,115.0,5129000.0,1150.0
2012-07-27,119,120.0,116.0,118.0,3879000.0,1180.0
2012-07-30,120,121.0,117.0,119.0,5058000.0,1190.0
2012-07-31,119,125.0,118.0,124.0,5297000.0,1240.0
2012-08-01,122,123.0,119.0,120.0,2872000.0,1200.0
2012-08-02,121,123.0,120.0,123.0,2137000.0,1230.0
2012-08-03,119,120.0,117.0,117.0,3334000.0,1170.0
2012-08-06,120,120.0,117.0,118.0,3995000.0,1180.0
2012-08-07,118,119.0,117.0,119.0,3666000.0,1190.0
2012-08-08,120,122.0,119.0,122.0,4231000.0,1220.0
2012-08-09,72,85.0,72.0,81.0,148623000.0,810.0
2012-08-10,83,92.0,82.0,91.0,91477000.0,910.0
2012-08-13,95,95.0,89.0,91.0,27213000.0,910.0
2012-08-14,90,92.0,86.0,87.0,21527000.0,870.0
2012-08-15,88,88.0,86.0,87.0,12924000.0,870.0
2012-08-16,88,90.0,88.0,90.0,11538000.0,900.0
2012-08-17,90,91.0,89.0,91.0,5967000.0,910.0
2012-08-20,91,92.0,89.0,90.0,4676000.0,900.0
2012-08-21,89,90.0,88.0,89.0,4522000.0,890.0
2012-08-22,89,89.0,88.0,88.0,2083000.0,880.0
2012-08-23,88,89.0,86.0,87.0,6654000.0,870.0
2012-08-24,87,89.0,86.0,88.0,3689000.0,880.0
2012-08-27,89,90.0,88.0,90.0,3444000.0,900.0
2012-08-28,90,91.0,89.0,89.0,3271000.0,890.0
2012-08-29,89,91.0,89.0,91.0,2861000.0,910.0
2012-08-30,91,91.0,89.0,89.0,5831000.0,890.0
2012-08-31,89,91.0,89.0,91.0,5450000.0,910.0
2012-09-03,92,99.0,91.0,98.0,20075000.0,980.0
2012-09-04,97,98.0,95.0,95.0,6764000.0,950.0
2012-09-05,94,95.0,92.0,92.0,4956000.0,920.0
2012-09-06,92,95.0,92.0,95.0,3562000.0,950.0
2012-09-07,96,97.0,95.0,95.0,4308000.0,950.0
2012-09-10,97,102.0,97.0,102.0,13014000.0,1020.0
2012-09-11,101,101.0,98.0,100.0,7840000.0,1000.0
2012-09-12,87,91.0,85.0,89.0,46217000.0,890.0
2012-09-13,91,95.0,90.0,92.0,22741000.0,920.0
2012-09-14,92,94.0,89.0,90.0,20206000.0,900.0
2012-09-18,95,96.0,93.0,95.0,18166000.0,950.0
2012-09-19,95,98.0,94.0,96.0,16961000.0,960.0
2012-09-20,96,98.0,94.0,94.0,17401000.0,940.0
2012-09-21,95,96.0,94.0,95.0,3389000.0,950.0
2012-09-24,95,95.0,92.0,93.0,5277000.0,930.0
2012-09-25,91,92.0,88.0,91.0,12211000.0,910.0
2012-09-26,90,90.0,88.0,90.0,3879000.0,900.0
2012-09-27,90,91.0,89.0,89.0,3216000.0,890.0
2012-09-28,89,90.0,87.0,89.0,6285000.0,890.0
2012-10-01,88,89.0,85.0,85.0,5619000.0,850.0
2012-10-02,85,85.0,81.0,82.0,12677000.0,820.0
2012-10-03,80,82.0,79.0,81.0,12479000.0,810.0
2012-10-04,82,83.0,81.0,83.0,4970000.0,830.0
2012-10-05,82,83.0,81.0,82.0,3720000.0,820.0
2012-10-09,81,82.0,81.0,81.0,1980000.0,810.0
2012-10-10,80,80.0,76.0,78.0,11285000.0,780.0
2012-10-11,77,80.0,77.0,77.0,6592000.0,770.0
2012-10-12,77,78.0,75.0,77.0,7085000.0,770.0
2012-10-15,76,78.0,76.0,78.0,3753000.0,780.0
2012-10-16,79,79.0,77.0,79.0,3393000.0,790.0
2012-10-17,80,84.0,79.0,83.0,10931000.0,830.0
2012-10-18,84,85.0,84.0,84.0,4680000.0,840.0
2012-10-19,84,84.0,82.0,84.0,3994000.0,840.0
2012-10-22,82,86.0,82.0,85.0,3466000.0,850.0
2012-10-23,86,86.0,83.0,83.0,4999000.0,830.0
2012-10-24,82,84.0,82.0,82.0,3186000.0,820.0
2012-10-25,82,83.0,81.0,83.0,3197000.0,830.0
2012-10-26,82,83.0,81.0,82.0,4146000.0,820.0
2012-10-29,82,82.0,80.0,82.0,3311000.0,820.0
2012-10-30,82,82.0,80.0,80.0,2624000.0,800.0
2012-10-31,80,82.0,80.0,80.0,5110000.0,800.0
2012-11-01,81,85.0,80.0,85.0,9221000.0,850.0
2012-11-02,85,87.0,84.0,87.0,5578000.0,870.0
2012-11-05,86,87.0,85.0,85.0,3972000.0,850.0
2012-11-06,85,85.0,84.0,85.0,2395000.0,850.0
2012-11-07,84,85.0,83.0,85.0,1950000.0,850.0
2012-11-08,80,80.0,76.0,77.0,22256000.0,770.0
2012-11-09,76,77.0,75.0,75.0,7072000.0,750.0
2012-11-12,75,76.0,75.0,75.0,2714000.0,750.0
2012-11-13,75,75.0,69.0,71.0,13413000.0,710.0
2012-11-14,71,74.0,70.0,73.0,9075000.0,730.0
2012-11-15,73,75.0,72.0,73.0,7200000.0,730.0
2012-11-16,73,76.0,73.0,75.0,9823000.0,750.0
2012-11-19,77,78.0,75.0,76.0,11183000.0,760.0
2012-11-20,77,77.0,75.0,75.0,7517000.0,750.0
2012-11-21,76,76.0,73.0,74.0,9790000.0,740.0
2012-11-22,74,76.0,73.0,74.0,10413000.0,740.0
2012-11-26,76,79.0,75.0,77.0,14878000.0,770.0
2012-11-27,77,78.0,76.0,77.0,8163000.0,770.0
2012-11-28,76,77.0,75.0,77.0,4855000.0,770.0
2012-11-29,77,79.0,76.0,78.0,6935000.0,780.0
2012-11-30,78,81.0,77.0,79.0,11049000.0,790.0
2012-12-03,80,81.0,79.0,80.0,5492000.0,800.0
2012-12-04,80,80.0,77.0,79.0,5241000.0,790.0
2012-12-05,79,81.0,78.0,80.0,10560000.0,800.0
2012-12-06,81,85.0,81.0,84.0,15573000.0,840.0
2012-12-07,85,88.0,83.0,88.0,29855000.0,880.0
2012-12-10,89,89.0,84.0,85.0,15739000.0,850.0
2012-12-11,85,85.0,82.0,84.0,5664000.0,840.0
2012-12-12,85,88.0,85.0,87.0,10514000.0,870.0
2012-12-13,89,91.0,87.0,89.0,22226000.0,890.0
2012-12-14,89,93.0,89.0,91.0,19963000.0,910.0
2012-12-17,93,93.0,90.0,92.0,8969000.0,920.0
2012-12-18,92,93.0,90.0,92.0,11751000.0,920.0
2012-12-19,94,95.0,92.0,93.0,14429000.0,930.0
2012-12-20,93,94.0,92.0,94.0,10294000.0,940.0
2012-12-21,94,94.0,90.0,91.0,10119000.0,910.0
2012-12-25,92,93.0,89.0,90.0,6141000.0,900.0
2012-12-26,90,94.0,89.0,94.0,10747000.0,940.0
2012-12-27,96,101.0,94.0,101.0,33163000.0,1010.0
2012-12-28,104,107.0,102.0,105.0,35054000.0,1050.0
2013-01-04,109,112.0,107.0,108.0,21808000.0,1080.0
2013-01-07,113,114.0,109.0,110.0,22871000.0,1100.0
2013-01-08,108,110.0,104.0,104.0,22129000.0,1040.0
2013-01-09,102,108.0,101.0,106.0,19345000.0,1060.0
2013-01-10,108,110.0,107.0,109.0,12529000.0,1090.0
2013-01-11,111,111.0,108.0,108.0,9840000.0,1080.0
2013-01-15,110,110.0,105.0,106.0,11024000.0,1060.0
2013-01-16,107,108.0,101.0,102.0,15137000.0,1020.0
2013-01-17,103,105.0,98.0,100.0,19759000.0,1000.0
2013-01-18,104,105.0,102.0,104.0,16335000.0,1040.0
2013-01-21,104,105.0,102.0,104.0,8558000.0,1040.0
2013-01-22,105,105.0,102.0,103.0,9818000.0,1030.0
2013-01-23,102,102.0,99.0,100.0,8002000.0,1000.0
2013-01-24,99,102.0,98.0,101.0,6429000.0,1010.0
2013-01-25,104,104.0,102.0,102.0,4357000.0,1020.0
2013-01-28,103,104.0,100.0,101.0,5931000.0,1010.0
2013-01-29,101,103.0,100.0,101.0,7337000.0,1010.0
2013-01-30,102,103.0,101.0,101.0,9579000.0,1010.0
2013-01-31,101,105.0,101.0,104.0,18839000.0,1040.0
2013-02-01,106,108.0,105.0,105.0,21649000.0,1050.0
2013-02-04,106,119.0,104.0,118.0,54720000.0,1180.0
2013-02-05,114,118.0,109.0,111.0,37415000.0,1110.0
2013-02-06,116,122.0,115.0,115.0,41505000.0,1150.0
2013-02-07,115,116.0,113.0,115.0,15589000.0,1150.0
2013-02-08,114,115.0,110.0,111.0,13570000.0,1110.0
2013-02-12,114,115.0,111.0,113.0,11457000.0,1130.0
2013-02-13,111,112.0,101.0,107.0,18311000.0,1070.0
2013-02-14,103,106.0,102.0,103.0,15022000.0,1030.0
2013-02-15,101,101.0,95.0,100.0,20757000.0,1000.0
2013-02-18,101,103.0,100.0,101.0,10527000.0,1010.0
2013-02-19,101,102.0,99.0,102.0,5669000.0,1020.0
2013-02-20,102,104.0,101.0,103.0,8015000.0,1030.0
2013-02-21,103,107.0,102.0,102.0,12754000.0,1020.0
2013-02-22,102,103.0,99.0,102.0,8949000.0,1020.0
2013-02-25,104,105.0,102.0,105.0,7991000.0,1050.0
2013-02-26,102,104.0,101.0,102.0,4373000.0,1020.0
2013-02-27,103,104.0,101.0,101.0,5768000.0,1010.0
2013-02-28,103,104.0,102.0,104.0,8148000.0,1040.0
2013-03-01,103,104.0,102.0,102.0,5635000.0,1020.0
2013-03-04,103,105.0,101.0,101.0,10221000.0,1010.0
2013-03-05,102,103.0,101.0,102.0,5125000.0,1020.0
2013-03-06,105,107.0,103.0,105.0,17120000.0,1050.0
2013-03-07,106,107.0,103.0,104.0,7934000.0,1040.0
2013-03-08,104,105.0,103.0,103.0,8848000.0,1030.0
2013-03-11,104,106.0,103.0,103.0,6355000.0,1030.0
2013-03-12,104,105.0,101.0,101.0,10197000.0,1010.0
2013-03-13,100,102.0,100.0,100.0,10059000.0,1000.0
2013-03-14,101,102.0,100.0,100.0,6015000.0,1000.0
2013-03-15,101,102.0,101.0,101.0,5354000.0,1010.0
2013-03-18,101,101.0,100.0,100.0,4140000.0,1000.0
2013-03-19,101,102.0,101.0,101.0,3390000.0,1010.0
2013-03-21,103,105.0,102.0,104.0,13271000.0,1040.0
2013-03-22,103,104.0,102.0,102.0,4848000.0,1020.0
2013-03-25,104,105.0,102.0,103.0,7416000.0,1030.0
2013-03-26,102,103.0,101.0,102.0,5647000.0,1020.0
2013-03-27,102,103.0,102.0,103.0,2466000.0,1030.0
2013-03-28,103,109.0,103.0,108.0,30475000.0,1080.0
2013-03-29,113,118.0,110.0,117.0,64924000.0,1170.0
2013-04-01,115,117.0,111.0,112.0,26399000.0,1120.0
2013-04-02,114,118.0,110.0,118.0,25901000.0,1180.0
2013-04-03,122,124.0,118.0,121.0,42565000.0,1210.0
2013-04-04,118,121.0,117.0,119.0,21186000.0,1190.0
2013-04-05,123,124.0,116.0,116.0,15514000.0,1160.0
2013-04-08,119,122.0,118.0,122.0,15299000.0,1220.0
2013-04-09,122,123.0,118.0,120.0,9915000.0,1200.0
2013-04-10,120,144.0,119.0,142.0,56302000.0,1420.0
2013-04-11,142,143.0,136.0,137.0,37649000.0,1370.0
2013-04-12,136,139.0,134.0,138.0,14101000.0,1380.0
2013-04-15,135,137.0,133.0,136.0,12356000.0,1360.0
2013-04-16,131,135.0,130.0,135.0,10947000.0,1350.0
2013-04-17,135,137.0,133.0,135.0,6847000.0,1350.0
2013-04-18,134,142.0,133.0,134.0,18124000.0,1340.0
2013-04-19,136,145.0,135.0,144.0,28211000.0,1440.0
2013-04-22,151,159.0,147.0,156.0,49301000.0,1560.0
2013-04-23,181,198.0,179.0,188.0,154507000.0,1880.0
2013-04-24,190,192.0,184.0,186.0,42908000.0,1860.0
2013-04-25,190,197.0,186.0,190.0,38942000.0,1900.0
2013-04-26,193,194.0,188.0,189.0,23163000.0,1890.0
2013-04-30,187,190.0,185.0,187.0,13249000.0,1870.0
2013-05-01,185,187.0,183.0,184.0,8930000.0,1840.0
2013-05-02,181,186.0,181.0,184.0,12250000.0,1840.0
2013-05-07,189,196.0,188.0,193.0,28308000.0,1930.0
2013-05-08,195,220.0,194.0,212.0,65512000.0,2120.0
2013-05-09,213,218.0,205.0,206.0,28134000.0,2060.0
2013-05-10,213,213.0,200.0,210.0,32182000.0,2100.0
2013-05-13,207,213.0,206.0,208.0,14821000.0,2080.0
2013-05-14,209,213.0,207.0,207.0,14462000.0,2070.0
2013-05-15,209,210.0,191.0,196.0,38181000.0,1960.0
2013-05-16,215,215.0,197.0,211.0,47007000.0,2110.0
2013-05-17,217,228.0,211.0,226.0,84959000.0,2260.0
2013-05-20,228,229.0,220.0,221.0,33262000.0,2210.0
2013-05-21,222,226.0,217.0,225.0,16841000.0,2250.0
2013-05-22,230,245.0,227.0,230.0,61933000.0,2300.0
2013-05-23,234,248.0,210.0,210.0,69961000.0,2100.0
2013-05-24,225,229.0,203.0,218.0,39406000.0,2180.0
2013-05-27,210,221.0,208.0,210.0,22303000.0,2100.0
2013-05-28,210,219.0,209.0,215.0,18586000.0,2150.0
2013-05-29,219,220.0,211.0,211.0,17140000.0,2110.0
2013-05-30,208,210.0,199.0,203.0,16486000.0,2030.0
2013-05-31,204,206.0,188.0,193.0,18987000.0,1930.0
2013-06-03,186,196.0,185.0,187.0,18354000.0,1870.0
2013-06-04,185,197.0,179.0,194.0,19155000.0,1940.0
2013-06-05,194,199.0,185.0,186.0,15750000.0,1860.0
2013-06-06,179,185.0,171.0,173.0,24505000.0,1730.0
2013-06-07,167,180.0,162.0,174.0,19863000.0,1740.0
2013-06-10,182,188.0,181.0,185.0,10414000.0,1850.0
2013-06-11,187,194.0,182.0,184.0,17788000.0,1840.0
2013-06-12,187,198.0,184.0,198.0,26678000.0,1980.0
2013-06-13,193,200.0,187.0,188.0,25197000.0,1880.0
2013-06-14,196,197.0,189.0,191.0,15072000.0,1910.0
2013-06-17,189,195.0,187.0,195.0,8093000.0,1950.0
2013-06-18,194,197.0,192.0,194.0,7358000.0,1940.0
2013-06-19,196,197.0,193.0,196.0,7214000.0,1960.0
2013-06-20,195,206.0,194.0,203.0,20153000.0,2030.0
2013-06-21,196,205.0,193.0,202.0,16489000.0,2020.0
2013-06-24,207,208.0,198.0,199.0,12336000.0,1990.0
2013-06-25,196,198.0,185.0,190.0,15199000.0,1900.0
2013-06-26,193,193.0,182.0,182.0,10819000.0,1820.0
2013-06-27,183,188.0,176.0,188.0,10708000.0,1880.0
2013-06-28,190,195.0,189.0,192.0,9578000.0,1920.0
2013-07-01,193,195.0,190.0,195.0,6169000.0,1950.0
2013-07-02,198,202.0,197.0,201.0,9843000.0,2010.0
2013-07-03,202,203.0,197.0,200.0,6269000.0,2000.0
2013-07-04,197,200.0,197.0,198.0,4745000.0,1980.0
2013-07-05,200,209.0,199.0,208.0,15590000.0,2080.0
2013-07-08,211,215.0,205.0,208.0,14296000.0,2080.0
2013-07-09,211,211.0,207.0,209.0,7667000.0,2090.0
2013-07-10,209,211.0,205.0,207.0,6343000.0,2070.0
2013-07-11,206,212.0,205.0,210.0,7648000.0,2100.0
2013-07-12,210,213.0,209.0,210.0,8835000.0,2100.0
2013-07-16,212,213.0,210.0,212.0,5373000.0,2120.0
2013-07-17,212,219.0,211.0,216.0,19522000.0,2160.0
2013-07-18,218,218.0,213.0,214.0,9701000.0,2140.0
2013-07-19,215,217.0,205.0,210.0,11876000.0,2100.0
2013-07-22,211,212.0,207.0,210.0,6661000.0,2100.0
2013-07-23,206,210.0,206.0,209.0,4758000.0,2090.0
2013-07-24,209,209.0,206.0,207.0,4651000.0,2070.0
2013-07-25,207,213.0,207.0,209.0,11500000.0,2090.0
2013-07-26,207,208.0,201.0,202.0,7839000.0,2020.0
2013-07-29,196,199.0,189.0,189.0,12463000.0,1890.0
2013-07-30,189,199.0,189.0,194.0,7069000.0,1940.0
2013-07-31,193,194.0,189.0,189.0,7801000.0,1890.0
2013-08-01,187,194.0,187.0,192.0,7254000.0,1920.0
2013-08-02,181,185.0,180.0,182.0,13668000.0,1820.0
2013-08-05,182,189.0,181.0,186.0,10794000.0,1860.0
2013-08-06,186,188.0,183.0,188.0,4990000.0,1880.0
2013-08-07,184,187.0,183.0,183.0,3692000.0,1830.0
2013-08-08,182,184.0,175.0,176.0,6903000.0,1760.0
2013-08-09,179,180.0,175.0,177.0,4860000.0,1770.0
2013-08-12,175,176.0,169.0,169.0,6968000.0,1690.0
2013-08-13,173,181.0,172.0,180.0,6580000.0,1800.0
2013-08-14,181,183.0,174.0,180.0,6807000.0,1800.0
2013-08-15,178,182.0,177.0,180.0,5576000.0,1800.0
2013-08-16,178,182.0,177.0,179.0,5054000.0,1790.0
2013-08-19,179,181.0,177.0,178.0,3602000.0,1780.0
2013-08-20,178,180.0,177.0,178.0,5406000.0,1780.0
2013-08-21,177,178.0,171.0,173.0,6143000.0,1730.0
2013-08-22,172,173.0,169.0,170.0,4169000.0,1700.0
2013-08-23,174,177.0,172.0,173.0,6819000.0,1730.0
2013-08-26,175,177.0,174.0,174.0,2344000.0,1740.0
2013-08-27,174,175.0,172.0,173.0,3637000.0,1730.0
2013-08-28,168,171.0,163.0,164.0,9102000.0,1640.0
2013-08-29,165,166.0,162.0,163.0,5309000.0,1630.0
2013-08-30,164,167.0,163.0,165.0,4536000.0,1650.0
2013-09-02,168,168.0,165.0,168.0,3090000.0,1680.0
2013-09-03,172,176.0,171.0,175.0,5976000.0,1750.0
2013-09-04,176,185.0,175.0,185.0,7344000.0,1850.0
2013-09-05,187,188.0,182.0,186.0,7910000.0,1860.0
2013-09-06,185,186.0,183.0,183.0,2925000.0,1830.0
2013-09-09,188,188.0,184.0,187.0,3864000.0,1870.0
2013-09-10,186,192.0,185.0,191.0,7128000.0,1910.0
2013-09-11,193,195.0,188.0,189.0,6193000.0,1890.0
2013-09-12,188,190.0,185.0,185.0,4610000.0,1850.0
2013-09-13,182,188.0,182.0,187.0,6517000.0,1870.0
2013-09-17,188,194.0,188.0,192.0,5301000.0,1920.0
2013-09-18,193,196.0,191.0,191.0,5432000.0,1910.0
2013-09-19,193,194.0,192.0,194.0,3030000.0,1940.0
2013-09-20,195,196.0,193.0,194.0,3150000.0,1940.0
2013-09-24,192,194.0,191.0,193.0,3553000.0,1930.0
2013-09-25,187,188.0,183.0,184.0,11657000.0,1840.0
2013-09-26,181,185.0,179.0,183.0,8001000.0,1830.0
2013-09-27,185,187.0,184.0,186.0,7300000.0,1860.0
2013-09-30,184,186.0,183.0,185.0,5540000.0,1850.0
2013-10-01,184,186.0,181.0,181.0,3528000.0,1810.0
2013-10-02,182,183.0,173.0,174.0,6090000.0,1740.0
2013-10-03,174,179.0,174.0,176.0,7721000.0,1760.0
2013-10-04,175,179.0,173.0,178.0,5202000.0,1780.0
2013-10-07,179,179.0,173.0,175.0,3545000.0,1750.0
2013-10-08,189,194.0,184.0,193.0,35570000.0,1930.0
2013-10-09,191,199.0,190.0,199.0,23883000.0,1990.0
2013-10-10,202,205.0,197.0,201.0,14328000.0,2010.0
2013-10-11,203,203.0,199.0,202.0,10151000.0,2020.0
2013-10-15,201,206.0,200.0,204.0,9629000.0,2040.0
2013-10-16,203,205.0,201.0,202.0,3915000.0,2020.0
2013-10-17,206,207.0,204.0,206.0,6142000.0,2060.0
2013-10-18,207,217.0,205.0,214.0,20438000.0,2140.0
2013-10-21,214,215.0,207.0,210.0,10249000.0,2100.0
2013-10-22,211,213.0,210.0,212.0,4476000.0,2120.0
2013-10-23,213,214.0,206.0,206.0,6605000.0,2060.0
2013-10-24,215,221.0,211.0,220.0,40620000.0,2200.0
2013-10-25,220,225.0,217.0,222.0,19998000.0,2220.0
2013-10-28,223,224.0,216.0,219.0,12170000.0,2190.0
2013-10-29,219,225.0,218.0,225.0,13780000.0,2250.0
2013-10-30,225,226.0,216.0,221.0,17960000.0,2210.0
2013-10-31,225,229.0,221.0,224.0,21555000.0,2240.0
2013-11-01,227,227.0,216.0,219.0,11686000.0,2190.0
2013-11-05,220,225.0,219.0,223.0,8826000.0,2230.0
2013-11-06,222,228.0,221.0,226.0,10900000.0,2260.0
2013-11-07,226,227.0,220.0,221.0,7992000.0,2210.0
2013-11-08,219,222.0,218.0,220.0,4190000.0,2200.0
2013-11-11,223,223.0,219.0,220.0,4631000.0,2200.0
2013-11-12,218,222.0,217.0,221.0,6561000.0,2210.0
2013-11-13,221,222.0,219.0,220.0,5912000.0,2200.0
2013-11-14,220,225.0,220.0,222.0,10037000.0,2220.0
2013-11-15,224,225.0,221.0,223.0,6735000.0,2230.0
2013-11-18,223,224.0,219.0,222.0,7725000.0,2220.0
2013-11-19,221,222.0,218.0,219.0,5430000.0,2190.0
2013-11-20,219,222.0,219.0,220.0,6984000.0,2200.0
2013-11-21,220,224.0,219.0,223.0,9944000.0,2230.0
2013-11-22,224,224.0,220.0,221.0,8196000.0,2210.0
2013-11-25,222,223.0,221.0,223.0,5102000.0,2230.0
2013-11-26,223,234.0,221.0,233.0,26492000.0,2330.0
2013-11-27,232,243.0,231.0,239.0,37556000.0,2390.0
2013-11-28,241,244.0,235.0,243.0,22359000.0,2430.0
2013-11-29,243,246.0,235.0,238.0,25563000.0,2380.0
2013-12-02,238,243.0,237.0,240.0,15376000.0,2400.0
2013-12-03,240,240.0,235.0,239.0,8795000.0,2390.0
2013-12-04,234,236.0,232.0,233.0,7935000.0,2330.0
2013-12-05,231,235.0,229.0,229.0,7790000.0,2290.0
2013-12-06,227,233.0,227.0,232.0,6815000.0,2320.0
2013-12-09,235,237.0,233.0,237.0,6900000.0,2370.0
2013-12-10,236,238.0,234.0,237.0,5891000.0,2370.0
2013-12-11,236,239.0,234.0,238.0,9206000.0,2380.0
2013-12-12,237,239.0,234.0,235.0,11404000.0,2350.0
2013-12-13,236,238.0,235.0,236.0,10929000.0,2360.0
2013-12-16,236,236.0,229.0,230.0,7922000.0,2300.0
2013-12-17,232,234.0,230.0,233.0,9016000.0,2330.0
2013-12-18,233,241.0,232.0,240.0,18444000.0,2400.0
2013-12-19,244,245.0,240.0,241.0,12473000.0,2410.0
2013-12-20,240,241.0,238.0,239.0,8555000.0,2390.0
2013-12-24,238,240.0,234.0,236.0,9012000.0,2360.0
2013-12-25,234,238.0,234.0,237.0,9063000.0,2370.0
2013-12-26,239,246.0,237.0,246.0,14553000.0,2460.0
2013-12-27,247,248.0,241.0,246.0,11550000.0,2460.0
2013-12-30,247,250.0,244.0,248.0,11979000.0,2480.0
2014-01-06,248,253.0,246.0,249.0,15543000.0,2490.0
2014-01-07,249,254.0,248.0,252.0,13981000.0,2520.0
2014-01-08,258,258.0,254.0,257.0,14653000.0,2570.0
2014-01-09,257,270.0,256.0,268.0,36307000.0,2680.0
2014-01-10,268,274.0,264.0,269.0,22001000.0,2690.0
2014-01-14,262,268.0,259.0,262.0,18238000.0,2620.0
2014-01-15,270,276.0,267.0,275.0,19189000.0,2750.0
2014-01-16,279,285.0,275.0,277.0,27186000.0,2770.0
2014-01-17,271,277.0,271.0,273.0,15364000.0,2730.0
2014-01-20,270,271.0,263.0,264.0,19287000.0,2640.0
2014-01-21,264,268.0,261.0,264.0,14866000.0,2640.0
2014-01-22,262,263.0,255.0,260.0,19220000.0,2600.0
2014-01-23,261,262.0,255.0,256.0,11079000.0,2560.0
2014-01-24,251,258.0,250.0,254.0,12765000.0,2540.0
2014-01-27,245,249.0,244.0,246.0,14307000.0,2460.0
2014-01-28,246,251.0,242.0,243.0,12582000.0,2430.0
2014-01-29,247,251.0,245.0,248.0,11113000.0,2480.0
2014-01-30,241,241.0,235.0,238.0,13911000.0,2380.0
2014-01-31,239,244.0,232.0,236.0,12744000.0,2360.0
2014-02-03,232,234.0,228.0,228.0,10018000.0,2280.0
2014-02-04,213,220.0,211.0,215.0,19543000.0,2150.0
2014-02-05,237,261.0,233.0,252.0,89845000.0,2520.0
2014-02-06,250,261.0,249.0,250.0,31060000.0,2500.0
2014-02-07,258,264.0,248.0,253.0,21040000.0,2530.0
2014-02-10,256,257.0,243.0,246.0,23603000.0,2460.0
2014-02-12,250,251.0,244.0,246.0,14059000.0,2460.0
2014-02-13,246,247.0,237.0,240.0,10765000.0,2400.0
2014-02-14,238,242.0,230.0,234.0,15028000.0,2340.0
2014-02-17,233,236.0,224.0,230.0,20028000.0,2300.0
2014-02-18,231,235.0,227.0,235.0,22812000.0,2350.0
2014-02-19,234,241.0,233.0,235.0,23011000.0,2350.0
2014-02-20,232,234.0,226.0,227.0,16664000.0,2270.0
2014-02-21,230,232.0,226.0,230.0,11183000.0,2300.0
2014-02-24,231,236.0,230.0,233.0,11199000.0,2330.0
2014-02-25,238,243.0,236.0,240.0,16527000.0,2400.0
2014-02-26,243,246.0,239.0,242.0,16135000.0,2420.0
2014-02-27,244,249.0,241.0,247.0,16836000.0,2470.0
2014-02-28,247,247.0,239.0,242.0,14208000.0,2420.0
2014-03-03,235,237.0,231.0,237.0,8009000.0,2370.0
2014-03-04,232,240.0,231.0,237.0,8550000.0,2370.0
2014-03-05,243,244.0,234.0,236.0,11534000.0,2360.0
2014-03-06,237,241.0,236.0,240.0,9596000.0,2400.0
2014-03-07,244,248.0,242.0,247.0,14704000.0,2470.0
2014-03-10,250,252.0,246.0,247.0,10036000.0,2470.0
2014-03-11,247,247.0,244.0,246.0,5857000.0,2460.0
2014-03-12,243,246.0,235.0,236.0,15869000.0,2360.0
2014-03-13,236,239.0,235.0,237.0,5167000.0,2370.0
2014-03-14,231,233.0,225.0,227.0,13631000.0,2270.0
2014-03-17,226,229.0,223.0,224.0,6623000.0,2240.0
2014-03-18,229,230.0,225.0,229.0,5547000.0,2290.0
2014-03-19,229,229.0,217.0,221.0,15600000.0,2210.0
2014-03-20,220,222.0,214.0,215.0,9864000.0,2150.0
2014-03-24,215,224.0,215.0,219.0,8966000.0,2190.0
2014-03-25,218,220.0,215.0,216.0,6683000.0,2160.0
2014-03-26,219,222.0,216.0,218.0,6822000.0,2180.0
2014-03-27,215,225.0,213.0,225.0,12556000.0,2250.0
2014-03-28,224,225.0,219.0,222.0,7923000.0,2220.0
2014-03-31,225,225.0,216.0,221.0,7300000.0,2210.0
2014-04-01,221,223.0,217.0,220.0,7854000.0,2200.0
2014-04-02,222,226.0,220.0,223.0,10988000.0,2230.0
2014-04-03,225,229.0,225.0,225.0,8346000.0,2250.0
2014-04-04,226,227.0,224.0,226.0,4625000.0,2260.0
2014-04-07,222,222.0,215.0,218.0,12364000.0,2180.0
2014-04-08,215,216.0,211.0,212.0,8774000.0,2120.0
2014-04-09,208,210.0,205.0,206.0,8770000.0,2060.0
2014-04-10,210,211.0,206.0,208.0,8064000.0,2080.0
2014-04-11,201,204.0,199.0,202.0,11499000.0,2020.0
2014-04-14,200,203.0,200.0,201.0,6030000.0,2010.0
2014-04-15,203,204.0,197.0,198.0,7845000.0,1980.0
2014-04-16,199,209.0,198.0,209.0,11426000.0,2090.0
2014-04-17,210,210.0,202.0,206.0,15450000.0,2060.0
2014-04-18,209,209.0,206.0,207.0,5906000.0,2070.0
2014-04-21,206,210.0,206.0,208.0,5040000.0,2080.0
2014-04-22,208,209.0,205.0,206.0,4592000.0,2060.0
2014-04-23,206,208.0,205.0,208.0,3511000.0,2080.0
2014-04-24,208,208.0,205.0,207.0,3443000.0,2070.0
2014-04-25,205,207.0,203.0,205.0,6687000.0,2050.0
2014-04-28,201,203.0,200.0,203.0,4036000.0,2030.0
2014-04-30,203,205.0,198.0,200.0,4332000.0,2000.0
2014-05-01,201,206.0,201.0,206.0,4686000.0,2060.0
2014-05-02,210,216.0,209.0,213.0,21232000.0,2130.0
2014-05-07,209,210.0,202.0,202.0,10415000.0,2020.0
2014-05-08,203,205.0,201.0,203.0,6588000.0,2030.0
2014-05-09,204,206.0,201.0,202.0,8920000.0,2020.0
2014-05-12,202,203.0,199.0,200.0,5084000.0,2000.0
2014-05-13,202,203.0,199.0,200.0,6182000.0,2000.0
2014-05-14,199,200.0,198.0,199.0,3471000.0,1990.0
2014-05-15,198,200.0,197.0,198.0,3280000.0,1980.0
2014-05-16,197,197.0,191.0,192.0,5502000.0,1920.0
2014-05-19,194,196.0,189.0,190.0,7641000.0,1900.0
2014-05-20,191,192.0,187.0,191.0,6919000.0,1910.0
2014-05-21,187,190.0,185.0,190.0,5876000.0,1900.0
2014-05-22,190,198.0,190.0,197.0,9227000.0,1970.0
2014-05-23,198,204.0,196.0,201.0,7479000.0,2010.0
2014-05-26,203,205.0,202.0,204.0,5610000.0,2040.0
2014-05-27,204,207.0,203.0,203.0,8807000.0,2030.0
2014-05-28,204,208.0,204.0,207.0,5735000.0,2070.0
2014-05-29,206,211.0,204.0,210.0,8899000.0,2100.0
2014-05-30,211,212.0,208.0,209.0,8717000.0,2090.0
2014-06-02,211,216.0,210.0,214.0,7820000.0,2140.0
2014-06-03,216,217.0,211.0,212.0,6565000.0,2120.0
2014-06-04,214,216.0,212.0,216.0,6523000.0,2160.0
2014-06-05,216,216.0,213.0,216.0,6927000.0,2160.0
2014-06-06,216,217.0,214.0,215.0,7843000.0,2150.0
2014-06-09,216,217.0,215.0,216.0,4113000.0,2160.0
2014-06-10,216,221.0,215.0,216.0,13640000.0,2160.0
2014-06-11,216,217.0,214.0,216.0,6671000.0,2160.0
2014-06-12,214,215.0,211.0,215.0,6200000.0,2150.0
2014-06-13,211,216.0,211.0,215.0,9316000.0,2150.0
2014-06-16,215,217.0,211.0,212.0,5258000.0,2120.0
2014-06-17,212,214.0,211.0,212.0,4451000.0,2120.0
2014-06-18,213,217.0,213.0,214.0,6174000.0,2140.0
2014-06-19,215,221.0,214.0,220.0,16981000.0,2200.0
2014-06-20,219,220.0,216.0,218.0,8695000.0,2180.0
2014-06-23,218,218.0,215.0,215.0,4725000.0,2150.0
2014-06-24,214,217.0,212.0,217.0,6038000.0,2170.0
2014-06-25,215,217.0,214.0,216.0,5042000.0,2160.0
2014-06-26,216,217.0,213.0,215.0,4127000.0,2150.0
2014-06-27,217,224.0,216.0,220.0,22433000.0,2200.0
2014-06-30,222,225.0,219.0,225.0,13507000.0,2250.0
2014-07-01,224,233.0,223.0,232.0,22170000.0,2320.0
2014-07-02,232,234.0,229.0,230.0,12385000.0,2300.0
2014-07-03,229,231.0,227.0,228.0,9145000.0,2280.0
2014-07-04,230,231.0,227.0,229.0,9024000.0,2290.0
2014-07-07,229,230.0,222.0,223.0,12316000.0,2230.0
2014-07-08,220,226.0,220.0,225.0,13118000.0,2250.0
2014-07-09,222,223.0,218.0,221.0,8571000.0,2210.0
2014-07-10,221,221.0,215.0,216.0,8397000.0,2160.0
2014-07-11,213,215.0,213.0,215.0,5053000.0,2150.0
2014-07-14,215,216.0,213.0,215.0,5743000.0,2150.0
2014-07-15,216,219.0,215.0,217.0,6495000.0,2170.0
2014-07-16,217,217.0,213.0,215.0,4156000.0,2150.0
2014-07-17,215,218.0,214.0,215.0,5712000.0,2150.0
2014-07-18,213,214.0,211.0,213.0,3792000.0,2130.0
2014-07-22,214,219.0,214.0,217.0,7456000.0,2170.0
2014-07-23,218,221.0,218.0,219.0,5584000.0,2190.0
2014-07-24,219,221.0,217.0,218.0,4528000.0,2180.0
2014-07-25,231,234.0,228.0,233.0,32617000.0,2330.0
2014-07-28,233,238.0,230.0,237.0,14664000.0,2370.0
2014-07-29,238,239.0,232.0,235.0,14172000.0,2350.0
2014-07-30,234,234.0,228.0,231.0,14928000.0,2310.0
2014-07-31,232,238.0,229.0,231.0,20244000.0,2310.0
2014-08-01,228,234.0,227.0,231.0,15073000.0,2310.0
2014-08-04,231,231.0,225.0,228.0,11714000.0,2280.0
2014-08-05,228,229.0,223.0,224.0,12531000.0,2240.0
2014-08-06,223,226.0,220.0,222.0,8554000.0,2220.0
2014-08-07,221,226.0,219.0,225.0,14004000.0,2250.0
2014-08-08,221,225.0,216.0,220.0,15794000.0,2200.0
2014-08-11,225,226.0,221.0,225.0,8602000.0,2250.0
2014-08-12,226,229.0,223.0,227.0,9086000.0,2270.0
2014-08-13,226,230.0,226.0,228.0,7110000.0,2280.0
2014-08-14,229,230.0,225.0,226.0,8966000.0,2260.0
2014-08-15,226,227.0,220.0,222.0,13781000.0,2220.0
2014-08-18,223,224.0,220.0,222.0,9962000.0,2220.0
2014-08-19,225,225.0,222.0,224.0,7893000.0,2240.0
2014-08-20,223,224.0,220.0,222.0,10144000.0,2220.0
2014-08-21,222,223.0,220.0,222.0,9321000.0,2220.0
2014-08-22,222,222.0,218.0,219.0,8817000.0,2190.0
2014-08-25,219,225.0,219.0,224.0,11686000.0,2240.0
2014-08-26,224,228.0,223.0,225.0,11872000.0,2250.0
2014-08-27,226,234.0,225.0,231.0,18362000.0,2310.0
2014-08-28,232,236.0,230.0,235.0,20839000.0,2350.0
2014-08-29,234,236.0,231.0,235.0,21827000.0,2350.0
2014-09-01,235,239.0,234.0,236.0,14525000.0,2360.0
2014-09-02,236,239.0,235.0,236.0,13303000.0,2360.0
2014-09-03,238,244.0,237.0,239.0,32305000.0,2390.0
2014-09-04,240,242.0,239.0,240.0,15351000.0,2400.0
2014-09-05,242,243.0,234.0,237.0,15955000.0,2370.0
2014-09-08,239,239.0,233.0,233.0,11683000.0,2330.0
2014-09-09,235,238.0,235.0,236.0,8675000.0,2360.0
2014-09-10,234,239.0,234.0,237.0,9583000.0,2370.0
2014-09-11,257,259.0,249.0,254.0,85741000.0,2540.0
2014-09-12,253,259.0,250.0,258.0,35918000.0,2580.0
2014-09-16,262,267.0,257.0,258.0,39788000.0,2580.0
2014-09-17,261,261.0,256.0,257.0,12021000.0,2570.0
2014-09-18,259,260.0,255.0,258.0,11135000.0,2580.0
2014-09-19,257,259.0,253.0,256.0,24636000.0,2560.0
2014-09-22,256,258.0,253.0,257.0,7715000.0,2570.0
2014-09-24,255,258.0,254.0,256.0,6440000.0,2560.0
2014-09-25,259,263.0,255.0,256.0,14742000.0,2560.0
2014-09-26,253,256.0,252.0,254.0,13508000.0,2540.0
2014-09-29,256,258.0,254.0,258.0,9876000.0,2580.0
2014-09-30,258,258.0,253.0,256.0,11485000.0,2560.0
2014-10-01,260,270.0,259.0,266.0,44000000.0,2660.0
2014-10-02,261,264.0,257.0,258.0,25478000.0,2580.0
2014-10-03,259,263.0,258.0,261.0,12830000.0,2610.0
2014-10-06,265,269.0,262.0,266.0,15594000.0,2660.0
2014-10-07,266,272.0,260.0,263.0,35461000.0,2630.0
2014-10-08,255,258.0,252.0,255.0,24506000.0,2550.0
2014-10-09,259,261.0,246.0,248.0,25017000.0,2480.0
2014-10-10,242,245.0,237.0,242.0,25123000.0,2420.0
2014-10-14,234,236.0,230.0,231.0,27176000.0,2310.0
2014-10-15,232,236.0,227.0,235.0,27317000.0,2350.0
2014-10-16,228,231.0,227.0,229.0,16205000.0,2290.0
2014-10-17,235,236.0,223.0,224.0,23189000.0,2240.0
2014-10-20,233,238.0,230.0,236.0,19678000.0,2360.0
2014-10-21,236,238.0,230.0,232.0,13769000.0,2320.0
2014-10-22,236,240.0,235.0,240.0,12842000.0,2400.0
2014-10-23,239,244.0,237.0,238.0,15946000.0,2380.0
2014-10-24,243,244.0,236.0,239.0,10770000.0,2390.0
2014-10-27,242,246.0,241.0,242.0,13177000.0,2420.0
2014-10-28,242,245.0,241.0,243.0,11049000.0,2430.0
2014-10-29,246,247.0,244.0,246.0,13239000.0,2460.0
2014-10-30,246,252.0,246.0,248.0,25140000.0,2480.0
2014-10-31,252,254.0,248.0,252.0,18952000.0,2520.0
2014-11-04,259,259.0,250.0,252.0,25577000.0,2520.0
2014-11-05,253,254.0,246.0,249.0,19721000.0,2490.0
2014-11-06,251,251.0,244.0,247.0,13710000.0,2470.0
2014-11-07,249,250.0,246.0,250.0,12780000.0,2500.0
2014-11-10,249,256.0,248.0,254.0,16297000.0,2540.0
2014-11-11,256,256.0,251.0,253.0,9516000.0,2530.0
2014-11-12,254,255.0,247.0,248.0,11154000.0,2480.0
2014-11-13,249,250.0,245.0,249.0,9022000.0,2490.0
2014-11-14,251,251.0,242.0,244.0,18031000.0,2440.0
2014-11-17,241,242.0,236.0,238.0,14497000.0,2380.0
2014-11-18,240,243.0,224.0,229.0,53547000.0,2290.0
2014-11-19,233,246.0,233.0,243.0,42300000.0,2430.0
2014-11-20,241,246.0,239.0,243.0,18103000.0,2430.0
2014-11-21,242,245.0,239.0,244.0,14662000.0,2440.0
2014-11-25,246,252.0,246.0,252.0,16216000.0,2520.0
2014-11-26,250,252.0,249.0,250.0,9867000.0,2500.0
2014-11-27,246,247.0,241.0,242.0,15964000.0,2420.0
2014-11-28,242,245.0,239.0,240.0,11279000.0,2400.0
2014-12-01,240,241.0,238.0,239.0,8777000.0,2390.0
2014-12-02,238,242.0,237.0,238.0,8602000.0,2380.0
2014-12-03,238,239.0,235.0,236.0,13744000.0,2360.0
2014-12-04,239,245.0,239.0,242.0,13073000.0,2420.0
2014-12-05,242,243.0,239.0,243.0,8513000.0,2430.0
2014-12-08,245,247.0,242.0,242.0,8272000.0,2420.0
2014-12-09,241,245.0,239.0,243.0,9953000.0,2430.0
2014-12-10,240,241.0,237.0,239.0,7216000.0,2390.0
2014-12-11,236,240.0,235.0,240.0,9197000.0,2400.0
2014-12-12,240,243.0,236.0,237.0,14748000.0,2370.0
2014-12-15,236,240.0,235.0,236.0,10485000.0,2360.0
2014-12-16,234,235.0,228.0,229.0,10127000.0,2290.0
2014-12-17,229,231.0,228.0,229.0,6831000.0,2290.0
2014-12-18,234,235.0,231.0,233.0,7575000.0,2330.0
2014-12-19,236,239.0,234.0,236.0,8963000.0,2360.0
2014-12-22,233,237.0,233.0,236.0,4319000.0,2360.0
2014-12-24,238,239.0,236.0,237.0,3708000.0,2370.0
2014-12-25,234,235.0,232.0,233.0,3885000.0,2330.0
2014-12-26,234,237.0,233.0,236.0,2627000.0,2360.0
2014-12-29,237,238.0,233.0,235.0,4663000.0,2350.0
2014-12-30,234,235.0,231.0,232.0,5445000.0,2320.0
2015-01-05,232,238.0,231.0,233.0,7524000.0,2330.0
2015-01-06,230,232.0,228.0,228.0,9642000.0,2280.0
2015-01-07,228,233.0,228.0,230.0,12247000.0,2300.0
2015-01-08,233,236.0,233.0,234.0,5496000.0,2340.0
2015-01-09,235,239.0,232.0,238.0,12490000.0,2380.0
2015-01-13,239,245.0,232.0,235.0,20804000.0,2350.0
2015-01-14,234,234.0,231.0,233.0,10074000.0,2330.0
2015-01-15,234,237.0,232.0,235.0,9976000.0,2350.0
2015-01-16,233,238.0,232.0,237.0,13436000.0,2370.0
2015-01-19,237,239.0,234.0,237.0,8289000.0,2370.0
2015-01-20,236,241.0,236.0,240.0,7745000.0,2400.0
2015-01-21,242,248.0,240.0,247.0,25402000.0,2470.0
2015-01-22,246,246.0,241.0,245.0,7503000.0,2450.0
2015-01-23,246,247.0,242.0,244.0,7281000.0,2440.0
2015-01-26,240,243.0,238.0,243.0,8539000.0,2430.0
2015-01-27,244,246.0,242.0,244.0,6561000.0,2440.0
2015-01-28,242,244.0,242.0,243.0,3812000.0,2430.0
2015-01-29,241,244.0,241.0,242.0,4445000.0,2420.0
2015-01-30,243,244.0,240.0,242.0,7249000.0,2420.0
2015-02-02,241,243.0,239.0,240.0,7100000.0,2400.0
2015-02-03,242,243.0,229.0,231.0,12442000.0,2310.0
2015-02-04,245,249.0,241.0,248.0,33848000.0,2480.0
2015-02-05,245,252.0,244.0,252.0,25090000.0,2520.0
2015-02-06,254,254.0,245.0,246.0,16170000.0,2460.0
2015-02-09,248,250.0,245.0,250.0,7800000.0,2500.0
2015-02-10,248,249.0,246.0,247.0,3561000.0,2470.0
2015-02-12,248,249.0,241.0,244.0,9721000.0,2440.0
2015-02-13,244,248.0,243.0,245.0,6380000.0,2450.0
2015-02-16,247,248.0,244.0,246.0,8157000.0,2460.0
2015-02-17,246,250.0,243.0,249.0,9577000.0,2490.0
2015-02-18,249,253.0,248.0,251.0,9418000.0,2510.0
2015-02-19,252,256.0,251.0,255.0,14818000.0,2550.0
2015-02-20,255,256.0,253.0,254.0,12063000.0,2540.0
2015-02-23,256,260.0,255.0,258.0,17350000.0,2580.0
2015-02-24,257,263.0,256.0,260.0,15328000.0,2600.0
2015-02-25,261,265.0,260.0,261.0,13181000.0,2610.0
2015-02-26,263,267.0,261.0,266.0,15982000.0,2660.0
2015-02-27,266,268.0,263.0,268.0,12396000.0,2680.0
2015-03-02,268,271.0,266.0,267.0,15504000.0,2670.0
2015-03-03,270,270.0,262.0,265.0,8523000.0,2650.0
2015-03-04,262,270.0,261.0,268.0,13956000.0,2680.0
2015-03-05,267,270.0,267.0,269.0,7784000.0,2690.0
2015-03-06,270,271.0,265.0,268.0,7481000.0,2680.0
2015-03-09,266,267.0,263.0,266.0,5313000.0,2660.0
2015-03-10,268,272.0,265.0,265.0,13566000.0,2650.0
2015-03-11,263,267.0,262.0,265.0,5813000.0,2650.0
2015-03-12,266,267.0,258.0,260.0,19080000.0,2600.0
2015-03-13,261,262.0,253.0,255.0,21111000.0,2550.0
2015-03-16,256,260.0,255.0,256.0,6299000.0,2560.0
2015-03-17,257,258.0,251.0,252.0,12494000.0,2520.0
2015-03-18,253,253.0,248.0,251.0,12253000.0,2510.0
2015-03-19,251,253.0,249.0,251.0,8226000.0,2510.0
2015-03-20,251,255.0,251.0,254.0,7635000.0,2540.0
2015-03-23,255,260.0,255.0,257.0,8348000.0,2570.0
2015-03-24,270,272.0,261.0,261.0,38346000.0,2610.0
2015-03-25,262,264.0,259.0,260.0,14781000.0,2600.0
2015-03-26,259,259.0,256.0,257.0,9107000.0,2570.0
2015-03-27,252,256.0,247.0,248.0,24166000.0,2480.0
2015-03-30,249,250.0,245.0,249.0,8896000.0,2490.0
2015-03-31,253,253.0,248.0,249.0,12122000.0,2490.0
2015-04-01,248,249.0,245.0,247.0,9943000.0,2470.0
2015-04-02,247,252.0,246.0,249.0,7533000.0,2490.0
2015-04-03,249,249.0,245.0,248.0,6801000.0,2480.0
2015-04-06,246,248.0,245.0,247.0,6411000.0,2470.0
2015-04-07,249,255.0,248.0,252.0,13049000.0,2520.0
2015-04-08,253,254.0,250.0,252.0,5566000.0,2520.0
2015-04-09,252,255.0,251.0,251.0,6392000.0,2510.0
2015-04-10,252,252.0,250.0,251.0,5295000.0,2510.0
2015-04-13,250,252.0,247.0,248.0,7480000.0,2480.0
2015-04-14,248,253.0,247.0,252.0,7370000.0,2520.0
2015-04-15,252,253.0,249.0,251.0,9368000.0,2510.0
2015-04-16,252,255.0,249.0,255.0,6635000.0,2550.0
2015-04-17,253,253.0,251.0,252.0,5100000.0,2520.0
2015-04-20,249,249.0,246.0,247.0,7805000.0,2470.0
2015-04-21,248,249.0,246.0,249.0,9024000.0,2490.0
2015-04-22,249,250.0,246.0,247.0,8126000.0,2470.0
2015-04-23,248,252.0,248.0,250.0,9927000.0,2500.0
2015-04-24,250,254.0,250.0,251.0,9219000.0,2510.0
2015-04-27,251,252.0,248.0,250.0,6107000.0,2500.0
2015-04-28,249,250.0,248.0,248.0,3783000.0,2480.0
2015-04-30,248,249.0,245.0,246.0,6899000.0,2460.0
2015-05-01,245,246.0,242.0,246.0,9221000.0,2460.0
2015-05-07,245,247.0,242.0,243.0,6128000.0,2430.0
2015-05-08,245,251.0,244.0,248.0,9931000.0,2480.0
2015-05-11,247,254.0,242.0,249.0,24338000.0,2490.0
2015-05-12,251,256.0,249.0,254.0,16302000.0,2540.0
2015-05-13,255,257.0,253.0,254.0,11525000.0,2540.0
2015-05-14,253,257.0,252.0,257.0,6843000.0,2570.0
2015-05-15,258,258.0,254.0,257.0,7307000.0,2570.0
2015-05-18,256,257.0,254.0,257.0,4297000.0,2570.0
2015-05-19,257,260.0,256.0,258.0,7892000.0,2580.0
2015-05-20,259,260.0,258.0,259.0,4279000.0,2590.0
2015-05-21,259,260.0,256.0,256.0,5128000.0,2560.0
2015-05-22,258,258.0,255.0,258.0,3071000.0,2580.0
2015-05-25,257,258.0,256.0,258.0,2418000.0,2580.0
2015-05-26,257,257.0,255.0,256.0,2492000.0,2560.0
2015-05-27,257,260.0,256.0,258.0,8687000.0,2580.0
2015-05-28,260,263.0,259.0,261.0,9799000.0,2610.0
2015-05-29,260,261.0,257.0,258.0,4713000.0,2580.0
2015-06-01,259,265.0,258.0,264.0,12260000.0,2640.0
2015-06-02,266,268.0,263.0,267.0,11974000.0,2670.0
2015-06-03,265,269.0,265.0,266.0,8678000.0,2660.0
2015-06-04,267,269.0,266.0,267.0,8140000.0,2670.0
2015-06-05,266,267.0,265.0,266.0,3248000.0,2660.0
2015-06-08,267,267.0,265.0,267.0,3604000.0,2670.0
2015-06-09,265,266.0,261.0,261.0,5632000.0,2610.0
2015-06-10,262,264.0,261.0,261.0,4502000.0,2610.0
2015-06-11,264,269.0,262.0,264.0,7089000.0,2640.0
2015-06-12,266,266.0,261.0,263.0,4621000.0,2630.0
2015-06-15,260,262.0,259.0,262.0,3316000.0,2620.0
2015-06-16,260,261.0,255.0,257.0,5387000.0,2570.0
2015-06-17,256,256.0,252.0,253.0,5223000.0,2530.0
2015-06-18,254,255.0,251.0,251.0,5060000.0,2510.0
2015-06-19,256,259.0,254.0,259.0,8428000.0,2590.0
2015-06-22,259,260.0,256.0,257.0,3143000.0,2570.0
2015-06-23,258,261.0,257.0,260.0,4015000.0,2600.0
2015-06-24,261,263.0,260.0,260.0,4240000.0,2600.0
2015-06-25,260,262.0,258.0,262.0,3867000.0,2620.0
2015-06-26,262,262.0,259.0,260.0,3501000.0,2600.0
2015-06-29,253,256.0,250.0,255.0,8361000.0,2550.0
2015-06-30,254,258.0,253.0,257.0,6874000.0,2570.0
2015-07-01,257,258.0,255.0,256.0,2895000.0,2560.0
2015-07-02,258,260.0,257.0,257.0,1788000.0,2570.0
2015-07-03,259,263.0,258.0,262.0,8568000.0,2620.0
2015-07-06,260,260.0,255.0,257.0,4549000.0,2570.0
2015-07-07,260,261.0,257.0,259.0,10336000.0,2590.0
2015-07-08,257,257.0,250.0,251.0,9697000.0,2510.0
2015-07-09,248,249.0,235.0,247.0,23053000.0,2470.0
2015-07-10,247,253.0,246.0,249.0,8302000.0,2490.0
2015-07-13,250,255.0,250.0,253.0,5011000.0,2530.0
2015-07-14,256,260.0,255.0,258.0,6005000.0,2580.0
2015-07-15,260,260.0,254.0,256.0,3137000.0,2560.0
2015-07-16,256,259.0,254.0,257.0,5538000.0,2570.0
2015-07-17,257,257.0,254.0,257.0,2089000.0,2570.0
2015-07-21,257,259.0,257.0,257.0,2956000.0,2570.0
2015-07-22,255,257.0,255.0,255.0,2317000.0,2550.0
2015-07-23,257,257.0,253.0,254.0,2300000.0,2540.0
2015-07-24,255,255.0,249.0,250.0,3380000.0,2500.0
2015-07-27,248,249.0,245.0,247.0,4977000.0,2470.0
2015-07-28,245,250.0,244.0,247.0,14238000.0,2470.0
2015-07-29,247,248.0,244.0,244.0,9160000.0,2440.0
2015-07-30,245,249.0,243.0,247.0,9419000.0,2470.0
2015-07-31,260,264.0,254.0,255.0,17113000.0,2550.0
2015-08-03,254,256.0,252.0,254.0,5636000.0,2540.0
2015-08-04,253,253.0,245.0,249.0,12057000.0,2490.0
2015-08-05,247,250.0,244.0,249.0,12971000.0,2490.0
2015-08-06,251,252.0,250.0,250.0,3068000.0,2500.0
2015-08-07,250,254.0,250.0,253.0,4518000.0,2530.0
2015-08-10,249,252.0,248.0,251.0,7244000.0,2510.0
2015-08-11,251,253.0,249.0,251.0,4990000.0,2510.0
2015-08-12,249,251.0,247.0,249.0,5316000.0,2490.0
2015-08-13,249,250.0,246.0,250.0,6691000.0,2500.0
2015-08-14,249,249.0,243.0,248.0,9483000.0,2480.0
2015-08-17,248,248.0,245.0,246.0,6902000.0,2460.0
2015-08-18,246,247.0,244.0,245.0,4211000.0,2450.0
2015-08-19,245,245.0,241.0,241.0,7210000.0,2410.0
2015-08-20,240,243.0,238.0,240.0,8577000.0,2400.0
2015-08-21,236,237.0,233.0,234.0,8948000.0,2340.0
2015-08-24,226,230.0,220.0,223.0,17473000.0,2230.0
2015-08-25,214,225.0,210.0,213.0,16874000.0,2130.0
2015-08-26,214,220.0,213.0,217.0,12169000.0,2170.0
2015-08-27,220,222.0,218.0,218.0,8375000.0,2180.0
2015-08-28,221,230.0,221.0,226.0,8045000.0,2260.0
2015-08-31,215,218.0,212.0,212.0,24684000.0,2120.0
2015-09-01,211,213.0,205.0,207.0,20094000.0,2070.0
2015-09-02,204,209.0,202.0,204.0,19998000.0,2040.0
2015-09-03,206,208.0,201.0,203.0,11590000.0,2030.0
2015-09-04,204,204.0,198.0,199.0,11530000.0,1990.0
2015-09-07,198,203.0,195.0,200.0,12607000.0,2000.0
2015-09-08,199,205.0,198.0,199.0,9534000.0,1990.0
2015-09-09,204,209.0,203.0,207.0,11938000.0,2070.0
2015-09-10,203,204.0,198.0,199.0,14904000.0,1990.0
2015-09-11,199,201.0,198.0,198.0,17106000.0,1980.0
2015-09-14,199,200.0,194.0,196.0,10347000.0,1960.0
2015-09-15,196,199.0,193.0,193.0,9863000.0,1930.0
2015-09-16,195,196.0,193.0,195.0,7092000.0,1950.0
2015-09-17,197,200.0,196.0,197.0,6407000.0,1970.0
2015-09-18,195,197.0,193.0,195.0,6567000.0,1950.0
2015-09-24,193,194.0,190.0,190.0,7798000.0,1900.0
2015-09-25,191,194.0,190.0,193.0,9018000.0,1930.0
2015-09-28,192,193.0,187.0,188.0,9562000.0,1880.0
2015-09-29,185,186.0,182.0,182.0,9882000.0,1820.0
2015-09-30,185,189.0,183.0,186.0,8230000.0,1860.0
2015-10-01,186,188.0,184.0,186.0,6602000.0,1860.0
2015-10-02,184,186.0,179.0,182.0,18631000.0,1820.0
2015-10-05,183,183.0,179.0,182.0,13539000.0,1820.0
2015-10-06,183,183.0,179.0,181.0,14677000.0,1810.0
2015-10-07,182,194.0,182.0,192.0,22673000.0,1920.0
2015-10-08,192,197.0,190.0,193.0,17849000.0,1930.0
2015-10-09,194,199.0,194.0,199.0,17352000.0,1990.0
2015-10-13,200,201.0,196.0,197.0,10421000.0,1970.0
2015-10-14,197,197.0,189.0,191.0,15944000.0,1910.0
2015-10-15,188,193.0,185.0,189.0,11377000.0,1890.0
2015-10-16,192,193.0,190.0,191.0,10458000.0,1910.0
2015-10-19,192,192.0,188.0,189.0,7207000.0,1890.0
2015-10-20,190,191.0,188.0,189.0,4229000.0,1890.0
2015-10-21,189,195.0,188.0,193.0,10963000.0,1930.0
2015-10-22,193,196.0,191.0,192.0,6564000.0,1920.0
2015-10-23,196,198.0,194.0,197.0,10435000.0,1970.0
2015-10-26,201,204.0,199.0,201.0,18228000.0,2010.0
2015-10-27,200,202.0,196.0,197.0,9384000.0,1970.0
2015-10-28,201,204.0,197.0,204.0,20690000.0,2040.0
2015-10-29,205,208.0,200.0,204.0,28938000.0,2040.0
2015-10-30,204,207.0,201.0,205.0,14589000.0,2050.0
2015-11-02,201,201.0,196.0,198.0,16320000.0,1980.0
2015-11-04,178,178.0,170.0,171.0,31626000.0,1710.0
2015-11-05,171,172.0,165.0,171.0,20675000.0,1710.0
2015-11-06,163,165.0,158.0,158.0,40578000.0,1580.0
2015-11-09,160,162.0,160.0,161.0,15321000.0,1610.0
2015-11-10,160,161.0,156.0,158.0,21438000.0,1580.0
2015-11-11,158,159.0,155.0,156.0,16991000.0,1560.0
2015-11-12,156,157.0,150.0,152.0,24239000.0,1520.0
2015-11-13,151,156.0,150.0,154.0,14299000.0,1540.0
2015-11-16,152,156.0,152.0,154.0,11049000.0,1540.0
2015-11-17,158,162.0,156.0,158.0,29839000.0,1580.0
2015-11-18,161,162.0,156.0,157.0,19709000.0,1570.0
2015-11-19,159,160.0,157.0,158.0,11836000.0,1580.0
2015-11-20,158,158.0,156.0,158.0,8655000.0,1580.0
2015-11-24,159,160.0,157.0,158.0,16042000.0,1580.0
2015-11-25,158,159.0,157.0,157.0,7740000.0,1570.0
2015-11-26,158,158.0,156.0,157.0,7773000.0,1570.0
2015-11-27,158,158.0,157.0,157.0,5168000.0,1570.0
2015-11-30,158,160.0,157.0,160.0,15773000.0,1600.0
2015-12-01,160,160.0,157.0,159.0,9589000.0,1590.0
2015-12-02,159,159.0,156.0,158.0,9396000.0,1580.0
2015-12-03,158,159.0,158.0,158.0,4251000.0,1580.0
2015-12-04,157,158.0,156.0,158.0,5794000.0,1580.0
2015-12-07,159,159.0,156.0,158.0,6525000.0,1580.0
2015-12-08,158,158.0,156.0,156.0,5352000.0,1560.0
2015-12-09,156,158.0,155.0,157.0,9206000.0,1570.0
2015-12-10,156,157.0,155.0,156.0,4963000.0,1560.0
2015-12-11,155,157.0,154.0,156.0,10128000.0,1560.0
2015-12-14,154,156.0,153.0,154.0,9952000.0,1540.0
2015-12-15,154,154.0,150.0,151.0,18279000.0,1510.0
2015-12-16,153,153.0,150.0,150.0,11173000.0,1500.0
2015-12-17,152,152.0,150.0,152.0,14799000.0,1520.0
2015-12-18,151,154.0,150.0,151.0,12687000.0,1510.0
2015-12-21,149,150.0,146.0,146.0,16471000.0,1460.0
2015-12-22,147,148.0,145.0,147.0,11010000.0,1470.0
2015-12-24,147,148.0,145.0,146.0,7118000.0,1460.0
2015-12-25,145,145.0,139.0,140.0,15847000.0,1400.0
2015-12-28,139,150.0,138.0,149.0,19224000.0,1490.0
2015-12-29,148,151.0,147.0,149.0,8291000.0,1490.0
2015-12-30,149,156.0,149.0,152.0,13946000.0,1520.0
2016-01-04,150,154.0,145.0,147.0,14280000.0,1470.0
2016-01-05,145,148.0,143.0,144.0,18694000.0,1440.0
2016-01-06,145,147.0,141.0,142.0,11184000.0,1420.0
2016-01-07,142,142.0,138.0,139.0,8856000.0,1390.0
2016-01-08,138,143.0,138.0,140.0,12587000.0,1400.0
2016-01-12,138,139.0,132.0,133.0,16684000.0,1330.0
2016-01-13,136,138.0,134.0,136.0,10360000.0,1360.0
2016-01-14,132,134.0,131.0,133.0,12121000.0,1330.0
2016-01-15,135,138.0,131.0,132.0,12462000.0,1320.0
2016-01-18,127,132.0,124.0,130.0,16831000.0,1300.0
2016-01-19,129,133.0,127.0,132.0,17740000.0,1320.0
2016-01-20,132,132.0,126.0,127.0,10665000.0,1270.0
2016-01-21,127,131.0,124.0,124.0,13390000.0,1240.0
2016-01-22,128,132.0,127.0,132.0,11212000.0,1320.0
2016-01-25,134,136.0,130.0,133.0,10688000.0,1330.0
2016-01-26,131,133.0,127.0,128.0,11867000.0,1280.0
2016-01-27,129,137.0,128.0,135.0,14367000.0,1350.0
2016-01-28,135,135.0,129.0,131.0,11161000.0,1310.0
2016-01-29,130,133.0,126.0,133.0,17511000.0,1330.0
2016-02-01,134,140.0,133.0,139.0,14673000.0,1390.0
2016-02-02,137,141.0,136.0,137.0,8309000.0,1370.0
2016-02-03,135,148.0,135.0,144.0,34709000.0,1440.0
2016-02-04,142,149.0,141.0,147.0,17015000.0,1470.0
2016-02-05,146,148.0,138.0,142.0,13692000.0,1420.0
2016-02-08,139,144.0,138.0,143.0,8980000.0,1430.0
2016-02-09,139,139.0,135.0,136.0,9864000.0,1360.0
2016-02-10,137,138.0,129.0,133.0,13837000.0,1330.0
2016-02-12,127,131.0,123.0,124.0,20437000.0,1240.0
2016-02-15,131,138.0,127.0,135.0,11101000.0,1350.0
2016-02-16,134,146.0,134.0,143.0,15036000.0,1430.0
2016-02-17,141,147.0,139.0,142.0,8409000.0,1420.0
2016-02-18,147,154.0,144.0,152.0,16271000.0,1520.0
2016-02-19,150,153.0,148.0,151.0,12027000.0,1510.0
2016-02-22,149,155.0,148.0,152.0,9115000.0,1520.0
2016-02-23,153,154.0,148.0,149.0,8962000.0,1490.0
2016-02-24,146,149.0,142.0,147.0,9400000.0,1470.0
2016-02-25,148,149.0,144.0,146.0,6901000.0,1460.0
2016-02-26,148,151.0,147.0,149.0,5801000.0,1490.0
2016-02-29,149,152.0,146.0,146.0,7832000.0,1460.0
2016-03-01,145,147.0,142.0,146.0,6460000.0,1460.0
2016-03-02,150,154.0,149.0,154.0,15179000.0,1540.0
2016-03-03,154,158.0,153.0,157.0,13426000.0,1570.0
2016-03-04,157,160.0,155.0,158.0,10779000.0,1580.0
2016-03-07,157,158.0,150.0,153.0,11286000.0,1530.0
2016-03-08,152,154.0,149.0,151.0,9307000.0,1510.0
2016-03-09,148,148.0,144.0,144.0,11894000.0,1440.0
2016-03-10,146,148.0,145.0,147.0,7205000.0,1470.0
2016-03-11,145,149.0,145.0,148.0,10929000.0,1480.0
2016-03-14,150,152.0,150.0,151.0,5784000.0,1510.0
2016-03-15,153,159.0,153.0,157.0,16511000.0,1570.0
2016-03-16,159,162.0,158.0,160.0,16308000.0,1600.0
2016-03-17,161,162.0,157.0,160.0,8206000.0,1600.0
2016-03-18,161,161.0,158.0,160.0,8845000.0,1600.0
2016-03-22,162,164.0,159.0,162.0,7424000.0,1620.0
2016-03-23,162,163.0,158.0,160.0,3771000.0,1600.0
2016-03-24,159,159.0,155.0,156.0,4562000.0,1560.0
2016-03-25,157,159.0,156.0,157.0,3795000.0,1570.0
2016-03-28,159,159.0,155.0,158.0,5283000.0,1580.0
2016-03-29,156,158.0,155.0,158.0,4621000.0,1580.0
2016-03-30,157,157.0,155.0,156.0,4961000.0,1560.0
2016-03-31,158,160.0,155.0,159.0,7530000.0,1590.0
2016-04-01,158,158.0,151.0,152.0,8913000.0,1520.0
2016-04-04,149,152.0,148.0,150.0,6023000.0,1500.0
2016-04-05,148,150.0,142.0,142.0,7307000.0,1420.0
2016-04-06,140,144.0,140.0,141.0,5727000.0,1410.0
2016-04-07,140,145.0,139.0,141.0,4460000.0,1410.0
2016-04-08,137,145.0,137.0,143.0,5521000.0,1430.0
2016-04-11,145,146.0,141.0,145.0,4539000.0,1450.0
2016-04-12,147,149.0,145.0,147.0,4695000.0,1470.0
2016-04-13,149,150.0,145.0,149.0,8810000.0,1490.0
2016-04-14,150,154.0,150.0,152.0,7534000.0,1520.0
2016-04-15,151,154.0,150.0,151.0,5016000.0,1510.0
2016-04-18,147,153.0,147.0,151.0,6295000.0,1510.0
2016-04-19,154,157.0,153.0,155.0,7856000.0,1550.0
2016-04-20,157,158.0,154.0,156.0,4391000.0,1560.0
2016-04-21,158,159.0,156.0,159.0,6540000.0,1590.0
2016-04-22,156,161.0,156.0,161.0,9351000.0,1610.0
2016-04-25,161,162.0,159.0,162.0,9451000.0,1620.0
2016-04-26,162,162.0,156.0,159.0,5269000.0,1590.0
2016-04-27,160,160.0,157.0,158.0,11534000.0,1580.0
2016-04-28,158,162.0,154.0,155.0,9224000.0,1550.0
2016-05-02,149,151.0,147.0,148.0,5992000.0,1480.0
2016-05-06,148,153.0,148.0,151.0,7745000.0,1510.0
2016-05-09,153,153.0,148.0,153.0,7139000.0,1530.0
2016-05-10,154,155.0,150.0,155.0,8766000.0,1550.0
2016-05-11,162,171.0,162.0,166.0,26303000.0,1660.0
2016-05-12,165,168.0,164.0,166.0,9708000.0,1660.0
2016-05-13,165,166.0,162.0,163.0,4902000.0,1630.0
2016-05-16,163,164.0,160.0,162.0,6608000.0,1620.0
2016-05-17,162,164.0,160.0,161.0,5784000.0,1610.0
2016-05-18,161,164.0,160.0,161.0,10472000.0,1610.0
2016-05-19,164,164.0,160.0,162.0,3412000.0,1620.0
2016-05-20,161,162.0,160.0,161.0,3585000.0,1610.0
2016-05-23,161,163.0,157.0,160.0,7886000.0,1600.0
2016-05-24,160,163.0,159.0,159.0,3898000.0,1590.0
2016-05-25,161,162.0,160.0,160.0,2380000.0,1600.0
2016-05-26,161,161.0,155.0,156.0,5235000.0,1560.0
2016-05-27,156,159.0,156.0,158.0,4353000.0,1580.0
2016-05-30,160,161.0,159.0,160.0,1700000.0,1600.0
2016-05-31,160,163.0,159.0,163.0,4104000.0,1630.0
2016-06-01,162,163.0,159.0,160.0,5313000.0,1600.0
2016-06-02,159,159.0,155.0,156.0,5284000.0,1560.0
2016-06-03,155,156.0,151.0,153.0,6028000.0,1530.0
2016-06-06,149,151.0,148.0,151.0,4506000.0,1510.0
2016-06-07,151,155.0,151.0,153.0,4359000.0,1530.0
2016-06-08,155,159.0,153.0,158.0,5322000.0,1580.0
2016-06-09,156,157.0,152.0,153.0,6102000.0,1530.0
2016-06-10,153,153.0,150.0,152.0,4090000.0,1520.0
2016-06-13,150,152.0,145.0,145.0,7323000.0,1450.0
2016-06-14,145,146.0,141.0,143.0,6054000.0,1430.0
2016-06-15,140,145.0,140.0,144.0,4723000.0,1440.0
2016-06-16,143,143.0,139.0,139.0,5251000.0,1390.0
2016-06-17,142,144.0,139.0,144.0,10866000.0,1440.0
2016-06-20,144,150.0,143.0,148.0,6688000.0,1480.0
2016-06-21,146,151.0,144.0,150.0,5682000.0,1500.0
2016-06-22,149,150.0,146.0,146.0,4105000.0,1460.0
2016-06-23,147,149.0,146.0,148.0,5188000.0,1480.0
2016-06-24,148,150.0,130.0,133.0,8575000.0,1330.0
2016-06-27,134,135.0,132.0,134.0,3497000.0,1340.0
2016-06-28,130,136.0,128.0,133.0,7336000.0,1330.0
2016-06-29,136,138.0,134.0,137.0,4187000.0,1370.0
2016-06-30,139,141.0,136.0,136.0,6611000.0,1360.0
2016-07-01,137,140.0,134.0,136.0,6406000.0,1360.0
2016-07-04,135,138.0,135.0,136.0,3233000.0,1360.0
2016-07-05,135,136.0,133.0,134.0,3104000.0,1340.0
2016-07-06,132,133.0,129.0,130.0,3548000.0,1300.0
2016-07-07,130,132.0,127.0,127.0,5147000.0,1270.0
2016-07-08,126,129.0,125.0,126.0,4879000.0,1260.0
2016-07-11,129,131.0,128.0,131.0,3494000.0,1310.0
2016-07-12,135,137.0,133.0,135.0,5495000.0,1350.0
2016-07-13,138,139.0,136.0,137.0,5265000.0,1370.0
2016-07-14,137,139.0,136.0,138.0,3822000.0,1380.0
2016-07-15,138,140.0,135.0,136.0,5875000.0,1360.0
2016-07-19,138,138.0,136.0,138.0,2703000.0,1380.0
2016-07-20,137,137.0,135.0,136.0,2601000.0,1360.0
2016-07-21,139,139.0,137.0,138.0,4462000.0,1380.0
2016-07-22,136,141.0,136.0,140.0,6806000.0,1400.0
2016-07-25,142,147.0,140.0,145.0,6371000.0,1450.0
2016-07-26,143,144.0,136.0,137.0,7757000.0,1370.0
2016-07-27,138,142.0,138.0,140.0,4913000.0,1400.0
2016-07-28,140,140.0,137.0,137.0,3815000.0,1370.0
2016-07-29,138,141.0,137.0,141.0,4691000.0,1410.0
2016-08-01,137,139.0,135.0,136.0,6152000.0,1360.0
2016-08-02,134,136.0,130.0,132.0,5683000.0,1320.0
2016-08-03,130,131.0,127.0,128.0,6471000.0,1280.0
2016-08-04,128,131.0,128.0,130.0,5812000.0,1300.0
2016-08-05,129,134.0,129.0,133.0,4598000.0,1330.0
2016-08-08,135,138.0,134.0,138.0,3736000.0,1380.0
2016-08-09,138,139.0,136.0,138.0,4289000.0,1380.0
2016-08-10,137,139.0,137.0,138.0,1876000.0,1380.0
2016-08-12,139,140.0,138.0,139.0,2517000.0,1390.0
2016-08-15,138,141.0,137.0,140.0,2126000.0,1400.0
2016-08-16,141,142.0,137.0,137.0,3169000.0,1370.0
2016-08-17,138,140.0,137.0,140.0,2334000.0,1400.0
2016-08-18,137,139.0,134.0,135.0,5230000.0,1350.0
2016-08-19,136,137.0,134.0,135.0,3905000.0,1350.0
2016-08-22,135,138.0,134.0,136.0,4609000.0,1360.0
2016-08-23,135,136.0,134.0,135.0,3082000.0,1350.0
2016-08-24,136,138.0,136.0,137.0,3170000.0,1370.0
2016-08-25,136,138.0,135.0,137.0,4063000.0,1370.0
2016-08-26,136,137.0,132.0,132.0,6240000.0,1320.0
2016-08-29,135,136.0,133.0,136.0,3310000.0,1360.0
2016-08-30,136,138.0,135.0,137.0,3093000.0,1370.0
2016-08-31,137,140.0,136.0,138.0,4184000.0,1380.0
2016-09-01,138,140.0,137.0,139.0,3760000.0,1390.0
2016-09-02,138,139.0,137.0,138.0,1842000.0,1380.0
2016-09-05,139,141.0,138.0,139.0,3229000.0,1390.0
2016-09-06,139,143.0,139.0,141.0,5383000.0,1410.0
2016-09-07,140,141.0,139.0,140.0,2140000.0,1400.0
2016-09-08,142,143.0,140.0,141.0,3245000.0,1410.0
2016-09-09,141,142.0,139.0,140.0,4128000.0,1400.0
2016-09-12,138,138.0,135.0,136.0,5365000.0,1360.0
2016-09-13,136,138.0,136.0,136.0,2183000.0,1360.0
2016-09-14,137,139.0,137.0,138.0,4166000.0,1380.0
2016-09-15,137,138.0,136.0,137.0,3058000.0,1370.0
2016-09-16,138,140.0,137.0,140.0,3650000.0,1400.0
2016-09-20,140,140.0,138.0,138.0,2165000.0,1380.0
2016-09-21,138,141.0,137.0,140.0,4215000.0,1400.0
2016-09-23,139,141.0,138.0,141.0,2264000.0,1410.0
2016-09-26,139,141.0,139.0,139.0,1858000.0,1390.0
2016-09-27,138,139.0,137.0,139.0,2599000.0,1390.0
2016-09-28,1385,1385.0,1331.0,1360.0,453800.0,1360.0
2016-09-29,1368,1389.0,1363.0,1387.0,457800.0,1387.0
2016-09-30,1361,1366.0,1348.0,1352.0,371600.0,1352.0
2016-10-03,1345,1370.0,1345.0,1362.0,258600.0,1362.0
2016-10-04,1370,1387.0,1369.0,1387.0,328200.0,1387.0
2016-10-05,1400,1400.0,1384.0,1397.0,382400.0,1397.0
2016-10-06,1407,1440.0,1405.0,1432.0,703000.0,1432.0
2016-10-07,1416,1423.0,1397.0,1400.0,426600.0,1400.0
2016-10-11,1410,1445.0,1410.0,1427.0,543100.0,1427.0
2016-10-12,1417,1444.0,1413.0,1428.0,404100.0,1428.0
2016-10-13,1450,1465.0,1446.0,1457.0,731900.0,1457.0
2016-10-14,1460,1473.0,1447.0,1473.0,415900.0,1473.0
2016-10-17,1490,1495.0,1475.0,1476.0,376000.0,1476.0
2016-10-18,1472,1481.0,1464.0,1472.0,312900.0,1472.0
2016-10-19,1484,1492.0,1475.0,1487.0,316500.0,1487.0
2016-10-20,1481,1512.0,1478.0,1511.0,417400.0,1511.0
2016-10-21,1515,1525.0,1504.0,1507.0,308400.0,1507.0
2016-10-24,1512,1524.0,1509.0,1522.0,253100.0,1522.0
2016-10-25,1529,1545.0,1527.0,1534.0,294600.0,1534.0
2016-10-26,1532,1546.0,1519.0,1543.0,437600.0,1543.0
2016-10-27,1543,1544.0,1530.0,1539.0,390600.0,1539.0
2016-10-28,1534,1540.0,1513.0,1524.0,519200.0,1524.0
2016-10-31,1451,1456.0,1357.0,1371.0,1680700.0,1371.0
2016-11-01,1371,1372.0,1356.0,1362.0,765800.0,1362.0
2016-11-02,1347,1347.0,1326.0,1329.0,757400.0,1329.0
2016-11-04,1331,1331.0,1306.0,1314.0,502600.0,1314.0
2016-11-07,1335,1350.0,1334.0,1350.0,425600.0,1350.0
2016-11-08,1359,1359.0,1340.0,1346.0,307300.0,1346.0
2016-11-09,1358,1365.0,1260.0,1274.0,587100.0,1274.0
2016-11-10,1348,1365.0,1330.0,1359.0,508000.0,1359.0
2016-11-11,1368,1377.0,1351.0,1359.0,672700.0,1359.0
2016-11-14,1369,1406.0,1366.0,1397.0,569600.0,1397.0
2016-11-15,1398,1413.0,1395.0,1409.0,385000.0,1409.0
2016-11-16,1430,1448.0,1430.0,1445.0,427800.0,1445.0
2016-11-17,1437,1456.0,1434.0,1452.0,446000.0,1452.0
2016-11-18,1468,1496.0,1466.0,1489.0,523100.0,1489.0
2016-11-21,1493,1512.0,1488.0,1508.0,434000.0,1508.0
2016-11-22,1509,1510.0,1494.0,1503.0,408700.0,1503.0
2016-11-24,1509,1525.0,1506.0,1514.0,472700.0,1514.0
2016-11-25,1521,1550.0,1518.0,1532.0,752500.0,1532.0
2016-11-28,1525,1548.0,1518.0,1544.0,463400.0,1544.0
2016-11-29,1534,1549.0,1531.0,1545.0,427300.0,1545.0
2016-11-30,1548,1553.0,1537.0,1542.0,492700.0,1542.0
2016-12-01,1557,1570.0,1547.0,1552.0,671900.0,1552.0
2016-12-02,1540,1545.0,1525.0,1538.0,468300.0,1538.0
2016-12-05,1522,1542.0,1517.0,1529.0,453500.0,1529.0
2016-12-06,1551,1592.0,1550.0,1587.0,820600.0,1587.0
2016-12-07,1601,1665.0,1600.0,1655.0,1073300.0,1655.0
2016-12-08,1675,1687.0,1656.0,1671.0,586000.0,1671.0
2016-12-09,1670,1720.0,1665.0,1713.0,1081900.0,1713.0
2016-12-12,1733,1740.0,1675.0,1692.0,609400.0,1692.0
2016-12-13,1685,1689.0,1665.0,1689.0,344600.0,1689.0
2016-12-14,1691,1705.0,1682.0,1696.0,472500.0,1696.0
2016-12-15,1689,1695.0,1670.0,1680.0,530600.0,1680.0
2016-12-16,1693,1699.0,1677.0,1692.0,570000.0,1692.0
2016-12-19,1695,1698.0,1666.0,1681.0,403400.0,1681.0
2016-12-20,1681,1685.0,1667.0,1682.0,407300.0,1682.0
2016-12-21,1683,1688.0,1639.0,1649.0,794700.0,1649.0
2016-12-22,1650,1677.0,1642.0,1669.0,644400.0,1669.0
2016-12-26,1664,1669.0,1654.0,1658.0,298400.0,1658.0
2016-12-27,1642,1651.0,1639.0,1643.0,334500.0,1643.0
2016-12-28,1644,1670.0,1637.0,1665.0,377600.0,1665.0
2016-12-29,1652,1665.0,1637.0,1648.0,542000.0,1648.0
2016-12-30,1628,1645.0,1618.0,1642.0,356600.0,1642.0
2017-01-04,1643,1684.0,1641.0,1680.0,660200.0,1680.0
