Date,Open,High,Low,Close,Volume,Adj Close
2008-10-20,1480,1505,1406,1467,2021000,1467
2008-10-21,1501,1536,1475,1528,2671000,1528
2008-10-22,1460,1466,1352,1375,1906800,1375
2008-10-23,1265,1268,1181,1257,3305400,1257
2008-10-24,1258,1258,1057,1057,2869700,1057
2008-10-27,1055,1150,957,972,3212700,972
2008-10-28,962,1063,925,1059,2746300,1059
2008-10-29,1239,1239,1090,1190,3048800,1190
2008-10-30,1210,1390,1185,1390,2556600,1390
2008-10-31,1385,1385,1250,1256,2639100,1256
2008-11-04,1356,1376,1290,1341,1793700,1341
2008-11-05,1401,1435,1370,1425,2013000,1425
2008-11-06,1324,1344,1270,1301,2038200,1301
2008-11-07,1183,1282,1106,1213,2430900,1213
2008-11-10,1310,1339,1275,1308,1619800,1308
2008-11-11,1248,1294,1230,1246,1356200,1246
2008-11-12,1206,1245,1200,1231,1446400,1231
2008-11-13,1151,1165,1061,1071,1780400,1071
2008-11-14,1200,1239,1145,1160,3562200,1160
2008-11-17,1149,1277,1140,1230,1896400,1230
2008-11-18,1175,1208,1163,1173,1315500,1173
2008-11-19,1165,1196,1106,1136,1629700,1136
2008-11-20,1060,1089,1018,1018,1624300,1018
2008-11-21,968,1124,957,1102,2262100,1102
2008-11-25,1134,1185,1081,1141,1751100,1141
2008-11-26,1149,1178,1132,1144,1192300,1144
2008-11-27,1184,1211,1175,1193,1225400,1193
2008-11-28,1173,1219,1153,1219,1101200,1219
2008-12-01,1210,1218,1167,1185,861200,1185
2008-12-02,1085,1125,1070,1075,1423600,1075
2008-12-03,1086,1095,1032,1071,1022100,1071
2008-12-04,1090,1130,1073,1100,1630900,1100
2008-12-05,1120,1123,1069,1086,1188200,1086
2008-12-08,1095,1188,1065,1172,1489400,1172
2008-12-09,1192,1240,1191,1214,1126300,1214
2008-12-10,1174,1344,1174,1330,2065100,1330
2008-12-11,1325,1345,1286,1344,1332200,1344
2008-12-12,1264,1306,1180,1213,3205800,1213
2008-12-15,1253,1328,1253,1318,1081300,1318
2008-12-16,1306,1353,1283,1321,1008600,1321
2008-12-17,1350,1378,1292,1324,1387800,1324
2008-12-18,1298,1364,1292,1318,1009200,1318
2008-12-19,1338,1388,1320,1373,1607100,1373
2008-12-22,1390,1425,1373,1422,1206500,1422
2008-12-24,1430,1455,1416,1431,951900,1431
2008-12-25,1432,1507,1431,1505,1002100,1505
2008-12-26,1495,1516,1451,1507,756200,1507
2008-12-29,1504,1506,1476,1500,551500,1500
2008-12-30,1490,1532,1480,1532,468200,1532
2009-01-05,1622,1622,1596,1606,512900,1606
2009-01-06,1614,1648,1611,1635,1136700,1635
2009-01-07,1626,1693,1606,1678,1728400,1678
2009-01-08,1598,1600,1533,1533,1410000,1533
2009-01-09,1546,1546,1431,1472,1883400,1472
2009-01-13,1349,1393,1341,1365,1147400,1365
2009-01-14,1377,1427,1353,1412,1131900,1412
2009-01-15,1350,1354,1282,1285,2201900,1285
2009-01-16,1305,1354,1289,1336,1552600,1336
2009-01-19,1356,1367,1308,1312,1164600,1312
2009-01-20,1294,1302,1251,1291,1250100,1291
2009-01-21,1240,1278,1227,1248,1203500,1248
2009-01-22,1251,1265,1200,1256,1293100,1256
2009-01-23,1250,1251,1180,1181,892300,1181
2009-01-26,1161,1178,1140,1149,900700,1149
2009-01-27,1180,1263,1166,1248,1313000,1248
2009-01-28,1268,1291,1205,1276,1094800,1276
2009-01-29,1295,1330,1274,1287,1598000,1287
2009-01-30,1190,1227,1188,1197,1247700,1197
2009-02-02,1161,1210,1149,1174,1251300,1174
2009-02-03,1194,1257,1176,1187,989100,1187
2009-02-04,1219,1278,1219,1256,1184200,1256
2009-02-05,1210,1248,1196,1208,831600,1208
2009-02-06,1280,1280,1217,1254,1162700,1254
2009-02-09,1314,1326,1250,1250,1495300,1250
2009-02-10,1310,1314,1225,1237,973000,1237
2009-02-12,1202,1237,1168,1192,1076000,1192
2009-02-13,1212,1242,1195,1213,1078200,1213
2009-02-16,1199,1208,1172,1176,810300,1176
2009-02-17,1177,1197,1151,1162,515400,1162
2009-02-18,1142,1179,1129,1178,1253700,1178
2009-02-19,1182,1232,1149,1218,2100900,1218
2009-02-20,1250,1256,1208,1243,1477800,1243
2009-02-23,1210,1255,1169,1252,1333600,1252
2009-02-24,1211,1245,1172,1243,1307300,1243
2009-02-25,1275,1292,1251,1289,1191600,1289
2009-02-26,1269,1294,1240,1246,1145000,1246
2009-02-27,1211,1259,1205,1233,968500,1233
2009-03-02,1190,1207,1163,1182,1119300,1182
2009-03-03,1145,1180,1129,1170,1103700,1170
2009-03-04,1137,1214,1137,1198,1550200,1198
2009-03-05,1199,1236,1198,1212,1033500,1212
2009-03-06,1152,1175,1147,1150,1012400,1150
2009-03-09,1165,1171,1125,1140,772900,1140
2009-03-10,1122,1154,1112,1119,1018100,1119
2009-03-11,1162,1238,1158,1234,1546800,1234
2009-03-12,1214,1263,1212,1243,1405200,1243
2009-03-13,1317,1345,1301,1334,3840000,1334
2009-03-16,1340,1398,1340,1384,1516700,1384
2009-03-17,1388,1400,1371,1387,1499000,1387
2009-03-18,1400,1429,1376,1395,997800,1395
2009-03-19,1375,1409,1358,1386,957700,1386
2009-03-23,1426,1492,1410,1472,962800,1472
2009-03-24,1498,1524,1463,1517,1515600,1517
2009-03-25,1518,1520,1459,1462,1234400,1462
2009-03-26,1447,1495,1440,1488,759100,1488
2009-03-27,1508,1511,1458,1467,757900,1467
2009-03-30,1463,1480,1377,1379,801100,1379
2009-03-31,1375,1441,1371,1410,1099100,1410
2009-04-01,1410,1430,1371,1422,848800,1422
2009-04-02,1417,1514,1417,1506,1334900,1506
2009-04-03,1536,1567,1494,1515,1101100,1515
2009-04-06,1541,1585,1527,1557,1176900,1557
2009-04-07,1527,1578,1520,1555,1280100,1555
2009-04-08,1525,1538,1454,1461,953000,1461
2009-04-09,1481,1612,1479,1604,1496400,1604
2009-04-10,1661,1690,1603,1639,1924900,1639
2009-04-13,1638,1664,1621,1629,950200,1629
2009-04-14,1636,1645,1535,1548,1506200,1548
2009-04-15,1539,1556,1506,1512,932000,1512
2009-04-16,1600,1669,1580,1617,2349500,1617
2009-04-17,1666,1708,1654,1694,1455600,1694
2009-04-20,1664,1685,1617,1644,1143800,1644
2009-04-21,1600,1614,1580,1599,1175900,1599
2009-04-22,1651,1652,1597,1605,1167900,1605
2009-04-23,1623,1665,1591,1658,1108000,1658
2009-04-24,1664,1668,1618,1621,887700,1621
2009-04-27,1625,1645,1561,1580,718700,1580
2009-04-28,1560,1630,1525,1525,1014100,1525
2009-04-30,1599,1639,1597,1623,843300,1623
2009-05-01,1640,1659,1598,1643,588500,1643
2009-05-07,1725,1754,1721,1732,1066400,1732
2009-05-08,1733,1733,1703,1712,1018700,1712
2009-05-11,1730,1745,1701,1712,692000,1712
2009-05-12,1682,1698,1666,1671,598700,1671
2009-05-13,1641,1671,1622,1636,821800,1636
2009-05-14,1606,1620,1570,1590,905800,1590
2009-05-15,1600,1647,1599,1605,924600,1605
2009-05-18,1525,1557,1523,1540,1408900,1540
2009-05-19,1633,1686,1621,1671,1652000,1671
2009-05-20,1705,1710,1688,1690,938100,1690
2009-05-21,1660,1689,1636,1684,965400,1684
2009-05-22,1640,1709,1638,1677,808700,1677
2009-05-25,1679,1724,1670,1707,907700,1707
2009-05-26,1726,1728,1682,1710,548800,1710
2009-05-27,1745,1753,1726,1741,707100,1741
2009-05-28,1740,1814,1725,1790,1138500,1790
2009-05-29,1830,1860,1820,1837,1045200,1837
2009-06-01,1844,1874,1818,1857,797600,1857
2009-06-02,1887,1952,1886,1912,1266600,1912
2009-06-03,1900,1932,1882,1882,711700,1882
2009-06-04,1871,1917,1845,1895,960100,1895
2009-06-05,1923,1927,1898,1904,656000,1904
2009-06-08,1909,1946,1904,1925,639000,1925
2009-06-09,1903,1926,1880,1893,895100,1893
2009-06-10,1923,1945,1906,1941,1042800,1941
2009-06-11,1921,1941,1900,1919,933800,1919
2009-06-12,1978,1993,1940,1974,3701400,1974
2009-06-15,1970,1973,1916,1916,634400,1916
2009-06-16,1915,1949,1871,1873,748600,1873
2009-06-17,1873,1911,1848,1902,829600,1902
2009-06-18,1903,1918,1890,1912,944700,1912
2009-06-19,1913,1940,1870,1886,1014100,1886
2009-06-22,1856,1934,1854,1914,745900,1914
2009-06-23,1854,1878,1826,1842,1237200,1842
2009-06-24,1857,1898,1845,1882,797900,1882
2009-06-25,1862,1938,1862,1924,1003800,1924
2009-06-26,1940,1943,1910,1942,888400,1942
2009-06-29,1943,1959,1902,1913,584700,1913
2009-06-30,1959,2075,1953,2065,2086200,2065
2009-07-01,2025,2090,2020,2060,1209400,2060
2009-07-02,2080,2080,2010,2045,726000,2045
2009-07-03,2005,2070,2000,2070,704300,2070
2009-07-06,2070,2075,1981,1995,1177200,1995
2009-07-07,1999,2020,1950,1952,875400,1952
2009-07-08,1922,1933,1842,1858,1718800,1858
2009-07-09,1859,1938,1832,1896,1507200,1896
2009-07-10,1925,1925,1867,1907,1915800,1907
2009-07-13,1899,1911,1768,1773,1791100,1773
2009-07-14,1826,1870,1813,1862,1456000,1862
2009-07-15,1863,1884,1843,1874,879200,1874
2009-07-16,1900,1928,1855,1862,1440800,1862
2009-07-17,1892,1914,1841,1870,758700,1870
2009-07-21,1910,1980,1901,1977,973900,1977
2009-07-22,2000,2050,1984,2035,1189600,2035
2009-07-23,2005,2120,2000,2080,1086700,2080
2009-07-24,2200,2280,2185,2260,2507500,2260
2009-07-27,2230,2320,2225,2285,1130500,2285
2009-07-28,2275,2290,2255,2280,807500,2280
2009-07-29,2255,2280,2240,2260,777500,2260
2009-07-30,2305,2330,2295,2310,1136100,2310
2009-07-31,2350,2380,2310,2335,837200,2335
2009-08-03,2345,2360,2295,2300,692600,2300
2009-08-04,2330,2345,2210,2225,1855900,2225
2009-08-05,2235,2255,2170,2175,1277600,2175
2009-08-06,2190,2260,2190,2235,915200,2235
2009-08-07,2300,2345,2235,2320,1523300,2320
2009-08-10,2345,2365,2315,2320,853000,2320
2009-08-11,2305,2330,2225,2235,1450700,2235
2009-08-12,2240,2315,2235,2255,1358800,2255
2009-08-13,2290,2325,2265,2295,986800,2295
2009-08-14,2360,2395,2345,2360,1764200,2360
2009-08-17,2300,2325,2260,2265,689300,2265
2009-08-18,2250,2300,2235,2290,966300,2290
2009-08-19,2265,2285,2250,2255,557500,2255
2009-08-20,2255,2275,2220,2260,528000,2260
2009-08-21,2210,2215,2125,2140,1605500,2140
2009-08-24,2145,2220,2145,2210,1048300,2210
2009-08-25,2185,2265,2185,2240,859500,2240
2009-08-26,2245,2255,2215,2225,927900,2225
2009-08-27,2210,2210,2110,2115,1437500,2115
2009-08-28,2155,2165,2125,2165,729100,2165
2009-08-31,2230,2255,2130,2160,908500,2160
2009-09-01,2145,2205,2140,2190,487600,2190
2009-09-02,2100,2130,2090,2115,867600,2115
2009-09-03,2100,2135,2080,2085,466500,2085
2009-09-04,2110,2115,2085,2105,415200,2105
2009-09-07,2115,2120,2065,2080,510300,2080
2009-09-08,2080,2140,2070,2140,632800,2140
2009-09-09,2100,2140,2080,2105,586900,2105
2009-09-10,2130,2140,2105,2135,570200,2135
2009-09-11,2160,2165,2125,2150,3065600,2150
2009-09-14,2100,2100,2040,2055,841800,2055
2009-09-15,2095,2095,2035,2080,438400,2080
2009-09-16,2120,2125,2055,2080,668200,2080
2009-09-17,2085,2105,2055,2100,578300,2100
2009-09-18,2080,2080,2035,2035,569500,2035
2009-09-24,1995,2020,1920,2005,1471300,2005
2009-09-25,1965,1997,1934,1954,1606900,1954
2009-09-28,1914,1920,1875,1898,899000,1898
2009-09-29,1934,1981,1934,1973,1061500,1973
2009-09-30,1968,1988,1934,1938,604700,1938
2009-10-01,1908,1931,1887,1907,739400,1907
2009-10-02,1877,1918,1870,1879,1096800,1879
2009-10-05,1860,1878,1840,1847,757300,1847
2009-10-06,1840,1858,1829,1858,682800,1858
2009-10-07,1858,1875,1831,1863,819400,1863
2009-10-08,1850,1884,1834,1880,732900,1880
2009-10-09,1889,1944,1868,1944,1660100,1944
2009-10-13,1970,2015,1955,1999,849000,1999
2009-10-14,2020,2030,1958,1968,782100,1968
2009-10-15,2020,2035,1978,2005,733500,2005
2009-10-16,2030,2100,2030,2080,1490200,2080
2009-10-19,2050,2075,1932,1972,2493400,1972
2009-10-20,2000,2010,1960,1987,1001600,1987
2009-10-21,1987,1996,1960,1960,815800,1960
2009-10-22,1931,1966,1915,1962,891700,1962
2009-10-23,1972,1980,1942,1966,592900,1966
2009-10-26,1936,1978,1926,1956,475200,1956
2009-10-27,1936,1965,1928,1949,697200,1949
2009-10-28,1940,1963,1881,1893,964400,1893
2009-10-29,1850,1864,1816,1826,1294600,1826
2009-10-30,1833,1885,1795,1880,1187200,1880
2009-11-02,1820,1826,1793,1797,1087800,1797
2009-11-04,1790,1799,1769,1793,722600,1793
2009-11-05,1767,1780,1740,1740,701300,1740
2009-11-06,1730,1745,1621,1631,2157600,1631
2009-11-09,1632,1645,1587,1636,1267700,1636
2009-11-10,1666,1669,1623,1631,1216800,1631
2009-11-11,1606,1620,1568,1581,1319000,1581
2009-11-12,1582,1582,1511,1517,1542600,1517
2009-11-13,1502,1519,1412,1500,2782600,1500
2009-11-16,1530,1548,1477,1487,1381800,1487
2009-11-17,1437,1477,1424,1429,1675600,1429
2009-11-18,1434,1469,1406,1431,1246500,1431
2009-11-19,1431,1441,1409,1427,927700,1427
2009-11-20,1413,1423,1395,1405,1305600,1405
2009-11-24,1429,1446,1415,1424,1186300,1424
2009-11-25,1407,1419,1382,1413,1134600,1413
2009-11-26,1392,1421,1371,1391,765100,1391
2009-11-27,1340,1359,1313,1313,1275600,1313
2009-11-30,1333,1353,1320,1346,1190300,1346
2009-12-01,1313,1381,1286,1377,1807800,1377
2009-12-02,1377,1393,1355,1372,1045200,1372
2009-12-03,1381,1452,1381,1430,1328700,1430
2009-12-04,1416,1453,1401,1441,898900,1441
2009-12-07,1481,1502,1470,1489,1103700,1489
2009-12-08,1469,1496,1460,1489,839300,1489
2009-12-09,1495,1517,1461,1462,1001500,1462
2009-12-10,1460,1486,1432,1435,1003000,1435
2009-12-11,1458,1497,1435,1494,2937000,1494
2009-12-14,1514,1530,1493,1524,832900,1524
2009-12-15,1529,1545,1503,1538,918500,1538
2009-12-16,1568,1570,1533,1549,918800,1549
2009-12-17,1549,1563,1538,1540,585500,1540
2009-12-18,1540,1550,1498,1544,813500,1544
2009-12-21,1544,1565,1539,1559,427700,1559
2009-12-22,1551,1593,1551,1592,800000,1592
2009-12-24,1600,1653,1595,1635,1368700,1635
2009-12-25,1635,1635,1608,1620,508000,1620
2009-12-28,1612,1645,1612,1639,642400,1639
2009-12-29,1626,1643,1621,1626,855400,1626
2009-12-30,1636,1655,1628,1633,662100,1633
2010-01-04,1639,1667,1639,1658,317000,1658
2010-01-05,1698,1700,1647,1656,750600,1656
2010-01-06,1673,1691,1657,1678,661700,1678
2010-01-07,1725,1750,1725,1741,1418700,1741
2010-01-08,1766,1792,1714,1743,2409300,1743
2010-01-12,1745,1755,1725,1748,847100,1748
2010-01-13,1713,1740,1693,1712,845300,1712
2010-01-14,1710,1748,1704,1727,838800,1727
2010-01-15,1729,1760,1718,1758,1002600,1758
2010-01-18,1745,1758,1713,1739,1029100,1739
2010-01-19,1748,1748,1715,1721,410400,1721
2010-01-20,1753,1757,1714,1722,512500,1722
2010-01-21,1705,1758,1685,1753,1232200,1753
2010-01-22,1681,1708,1651,1661,1564300,1661
2010-01-25,1612,1655,1602,1645,864200,1645
2010-01-26,1639,1667,1601,1607,693400,1607
2010-01-27,1599,1612,1566,1575,822600,1575
2010-01-28,1575,1666,1575,1651,1151200,1651
2010-01-29,1602,1605,1567,1575,1169600,1575
2010-02-01,1580,1605,1556,1575,809500,1575
2010-02-02,1622,1632,1607,1628,786100,1628
2010-02-03,1668,1668,1633,1649,638400,1649
2010-02-04,1663,1663,1622,1640,535400,1640
2010-02-05,1576,1582,1545,1549,1184500,1549
2010-02-08,1517,1558,1493,1533,808400,1533
2010-02-09,1510,1548,1505,1543,663100,1543
2010-02-10,1565,1566,1533,1541,563700,1541
2010-02-12,1566,1566,1533,1549,844900,1549
2010-02-15,1565,1578,1555,1560,391100,1560
2010-02-16,1557,1588,1555,1583,531200,1583
2010-02-17,1603,1646,1602,1645,676700,1645
2010-02-18,1645,1674,1634,1672,694500,1672
2010-02-19,1670,1697,1642,1643,727500,1643
2010-02-22,1690,1704,1677,1690,856400,1690
2010-02-23,1650,1686,1650,1671,574100,1671
2010-02-24,1631,1662,1621,1655,696500,1655
2010-02-25,1695,1714,1666,1678,1156500,1678
2010-02-26,1678,1700,1673,1694,703000,1694
2010-03-01,1696,1734,1680,1724,716000,1724
2010-03-02,1747,1789,1738,1781,1520900,1781
2010-03-03,1761,1779,1756,1772,999000,1772
2010-03-04,1793,1841,1781,1808,1589600,1808
2010-03-05,1819,1843,1798,1820,1611100,1820
2010-03-08,1865,1867,1837,1854,1054500,1854
2010-03-09,1860,1870,1853,1858,840300,1858
2010-03-10,1846,1908,1840,1899,1203300,1899
2010-03-11,1939,1986,1921,1977,1927300,1977
2010-03-12,2009,2009,1941,1953,4729900,1953
2010-03-15,1934,1947,1920,1945,763600,1945
2010-03-16,1945,1988,1937,1966,774000,1966
2010-03-17,1990,1999,1966,1996,914700,1996
2010-03-18,2000,2000,1959,1964,748300,1964
2010-03-19,1988,1993,1978,1993,774300,1993
2010-03-23,1968,1986,1950,1966,610000,1966
2010-03-24,2080,2100,2018,2042,1548200,2042
2010-03-25,2049,2049,2022,2036,920000,2036
2010-03-26,2036,2050,2030,2044,867400,2044
2010-03-29,1992,2059,1987,2045,894000,2045
2010-03-30,2046,2073,2022,2068,1064600,2068
2010-03-31,2087,2087,2044,2046,859600,2046
2010-04-01,2063,2095,2030,2087,1554800,2087
2010-04-02,2090,2122,2084,2110,951100,2110
2010-04-05,2160,2195,2140,2173,929500,2173
2010-04-06,2170,2182,2133,2158,1134200,2158
2010-04-07,2173,2212,2164,2189,1016500,2189
2010-04-08,2192,2232,2180,2204,1583000,2204
2010-04-09,2196,2230,2177,2223,2477400,2223
2010-04-12,2238,2243,2194,2198,1027000,2198
2010-04-13,2181,2189,2140,2164,729600,2164
2010-04-14,2175,2219,2171,2192,650700,2192
2010-04-15,2230,2232,2177,2192,793200,2192
2010-04-16,2159,2170,2090,2110,1354700,2110
2010-04-19,2060,2078,2052,2069,931100,2069
2010-04-20,2070,2084,2050,2055,813400,2055
2010-04-21,2077,2123,2075,2122,636300,2122
2010-04-22,2080,2120,2055,2084,621300,2084
2010-04-23,2077,2103,2051,2064,684600,2064
2010-04-26,2097,2121,2080,2114,469400,2114
2010-04-27,2107,2117,2098,2109,442500,2109
2010-04-28,2028,2048,2002,2027,1138900,2027
2010-04-30,2077,2079,2055,2067,602100,2067
2010-05-06,1977,1981,1951,1962,1470900,1962
2010-05-07,1854,1882,1830,1861,1435500,1861
2010-05-10,1885,1917,1854,1912,1070600,1912
2010-05-11,1931,1945,1847,1856,1115500,1856
2010-05-12,1861,1875,1828,1843,1036600,1843
2010-05-13,1877,1913,1877,1895,779500,1895
2010-05-14,1855,1902,1820,1829,1584500,1829
2010-05-17,1789,1789,1710,1732,1990000,1732
2010-05-18,1771,1783,1744,1778,1410400,1778
2010-05-19,1738,1756,1721,1748,1157200,1748
2010-05-20,1744,1748,1711,1719,857700,1719
2010-05-21,1650,1681,1646,1670,1359800,1670
2010-05-24,1669,1688,1624,1669,1055700,1669
2010-05-25,1638,1647,1562,1567,1436700,1567
2010-05-26,1589,1611,1559,1570,1655800,1570
2010-05-27,1557,1633,1550,1627,1297400,1627
2010-05-28,1667,1685,1624,1644,1398500,1644
2010-05-31,1643,1666,1631,1645,699100,1645
2010-06-01,1637,1640,1603,1611,955600,1611
2010-06-02,1576,1610,1535,1557,1287900,1557
2010-06-03,1570,1627,1563,1624,1428700,1624
2010-06-04,1624,1654,1622,1640,789700,1640
2010-06-07,1582,1586,1552,1552,1203300,1552
2010-06-08,1517,1584,1513,1551,939200,1551
2010-06-09,1528,1541,1504,1520,1058800,1520
2010-06-10,1524,1535,1510,1530,656900,1530
2010-06-11,1600,1635,1585,1614,4114500,1614
2010-06-14,1639,1669,1639,1655,800100,1655
2010-06-15,1653,1677,1642,1673,743400,1673
2010-06-16,1720,1759,1716,1753,1437400,1753
2010-06-17,1754,1759,1730,1738,907300,1738
2010-06-18,1739,1755,1721,1745,868100,1745
2010-06-21,1766,1816,1754,1815,1063100,1815
2010-06-22,1780,1800,1772,1777,779000,1777
2010-06-23,1737,1737,1688,1701,1294500,1701
2010-06-24,1702,1734,1700,1707,626200,1707
2010-06-25,1667,1670,1633,1639,736900,1639
2010-06-28,1652,1653,1602,1618,480000,1618
2010-06-29,1621,1641,1574,1581,680500,1581
2010-06-30,1543,1550,1513,1529,1087100,1529
2010-07-01,1511,1520,1470,1478,938900,1478
2010-07-02,1470,1478,1445,1454,1212800,1454
2010-07-05,1475,1494,1470,1489,560500,1489
2010-07-06,1459,1475,1435,1469,854300,1469
2010-07-07,1473,1473,1430,1451,854900,1451
2010-07-08,1507,1521,1499,1508,676400,1508
2010-07-09,1537,1569,1508,1560,1541700,1560
2010-07-12,1545,1567,1530,1537,597100,1537
2010-07-13,1556,1575,1541,1556,679200,1556
2010-07-14,1597,1617,1582,1586,979900,1586
2010-07-15,1571,1579,1539,1545,980000,1545
2010-07-16,1526,1527,1460,1466,1106700,1466
2010-07-20,1445,1469,1424,1428,1065500,1428
2010-07-21,1450,1459,1401,1420,956700,1420
2010-07-22,1418,1430,1398,1404,804900,1404
2010-07-23,1460,1462,1436,1447,690200,1447
2010-07-26,1473,1485,1460,1467,489800,1467
2010-07-27,1470,1475,1442,1444,483900,1444
2010-07-28,1460,1519,1460,1508,924700,1508
2010-07-29,1471,1497,1470,1477,562400,1477
2010-07-30,1461,1467,1433,1444,695900,1444
2010-08-02,1435,1454,1419,1419,766500,1419
2010-08-03,1458,1465,1424,1445,987400,1445
2010-08-04,1420,1427,1391,1401,1055300,1401
2010-08-05,1440,1443,1398,1406,925700,1406
2010-08-06,1286,1310,1249,1289,3331900,1289
2010-08-09,1259,1278,1248,1269,1667600,1269
2010-08-10,1275,1283,1256,1268,1022700,1268
2010-08-11,1240,1246,1213,1221,1048200,1221
2010-08-12,1195,1218,1188,1216,1393600,1216
2010-08-13,1205,1230,1182,1197,1929800,1197
2010-08-16,1175,1179,1141,1172,1393300,1172
2010-08-17,1155,1167,1152,1161,685500,1161
2010-08-18,1180,1189,1157,1171,908600,1171
2010-08-19,1165,1221,1160,1214,1208700,1214
2010-08-20,1184,1216,1175,1199,1276300,1199
2010-08-23,1191,1217,1183,1209,1449000,1209
2010-08-24,1199,1204,1183,1189,899000,1189
2010-08-25,1168,1183,1152,1161,1321800,1161
2010-08-26,1182,1216,1172,1183,2030000,1183
2010-08-27,1156,1201,1153,1193,1095000,1193
2010-08-30,1238,1258,1226,1236,1156400,1236
2010-08-31,1206,1211,1177,1178,1097800,1178
2010-09-01,1178,1218,1171,1208,1213900,1208
2010-09-02,1226,1263,1223,1261,1547100,1261
2010-09-03,1275,1315,1270,1298,1752200,1298
2010-09-06,1320,1332,1315,1323,929200,1323
2010-09-07,1324,1330,1304,1309,907100,1309
2010-09-08,1282,1283,1250,1251,1260800,1251
2010-09-09,1262,1275,1236,1267,1287600,1267
2010-09-10,1262,1305,1254,1295,2924000,1295
2010-09-13,1328,1332,1312,1323,1417000,1323
2010-09-14,1332,1332,1281,1290,1672700,1290
2010-09-15,1291,1375,1271,1342,2419500,1342
2010-09-16,1369,1403,1368,1390,2763100,1390
2010-09-17,1410,1417,1392,1417,1498300,1417
2010-09-21,1425,1436,1402,1405,1072000,1405
2010-09-22,1388,1423,1382,1410,835000,1410
2010-09-24,1360,1393,1347,1363,1601700,1363
2010-09-27,1372,1397,1368,1388,822400,1388
2010-09-28,1387,1387,1356,1364,775100,1364
2010-09-29,1382,1436,1374,1379,3598600,1379
2010-09-30,1319,1322,1270,1280,2819000,1280
2010-10-01,1290,1326,1290,1310,2016600,1310
2010-10-04,1295,1320,1282,1292,1177200,1292
2010-10-05,1292,1334,1290,1333,1447200,1333
2010-10-06,1350,1376,1342,1364,1129800,1364
2010-10-07,1367,1379,1345,1349,1011500,1349
2010-10-08,1351,1371,1338,1360,1350700,1360
2010-10-12,1377,1379,1316,1316,1159200,1316
2010-10-13,1345,1353,1312,1320,917100,1320
2010-10-14,1349,1361,1334,1347,1056500,1347
2010-10-15,1272,1381,1260,1345,4195000,1345
2010-10-18,1357,1359,1325,1344,1407700,1344
2010-10-19,1348,1380,1347,1380,1070300,1380
2010-10-20,1370,1370,1337,1356,1424200,1356
2010-10-21,1386,1386,1345,1366,1094800,1366
2010-10-22,1378,1390,1361,1389,757900,1389
2010-10-25,1399,1409,1392,1395,922900,1395
2010-10-26,1381,1405,1375,1384,1030900,1384
2010-10-27,1405,1428,1387,1410,1369900,1410
2010-10-28,1412,1412,1387,1396,1144600,1396
2010-10-29,1388,1397,1363,1371,1275000,1371
2010-11-01,1355,1381,1353,1357,598500,1357
2010-11-02,1346,1360,1316,1324,962100,1324
2010-11-04,1338,1353,1319,1343,1410600,1343
2010-11-05,1403,1452,1388,1441,2304200,1441
2010-11-08,1459,1489,1453,1469,1027400,1469
2010-11-09,1419,1443,1412,1431,1427800,1431
2010-11-10,1451,1479,1450,1466,736600,1466
2010-11-11,1482,1495,1473,1486,798400,1486
2010-11-12,1470,1490,1453,1457,872900,1457
2010-11-15,1482,1511,1477,1510,833400,1510
2010-11-16,1533,1543,1485,1492,849200,1492
2010-11-17,1465,1502,1461,1497,512600,1497
2010-11-18,1485,1528,1483,1523,774200,1523
2010-11-19,1538,1540,1516,1521,587100,1521
2010-11-22,1544,1569,1530,1564,726500,1564
2010-11-24,1512,1568,1497,1562,1175300,1562
2010-11-25,1590,1590,1570,1576,670400,1576
2010-11-26,1554,1579,1549,1553,834800,1553
2010-11-29,1558,1585,1543,1556,859800,1556
2010-11-30,1566,1574,1517,1518,1014100,1518
2010-12-01,1518,1536,1513,1533,567100,1533
2010-12-02,1571,1588,1565,1577,1050200,1577
2010-12-03,1605,1616,1588,1590,980300,1590
2010-12-06,1585,1590,1574,1590,485100,1590
2010-12-07,1588,1589,1557,1573,975900,1573
2010-12-08,1594,1609,1577,1602,889900,1602
2010-12-09,1612,1617,1593,1609,552300,1609
2010-12-10,1635,1635,1568,1573,3826100,1573
2010-12-13,1573,1578,1560,1565,992600,1565
2010-12-14,1556,1558,1539,1544,1041600,1544
2010-12-15,1541,1567,1537,1550,756200,1550
2010-12-16,1536,1538,1523,1525,720000,1525
2010-12-17,1520,1533,1510,1527,1027600,1527
2010-12-20,1511,1528,1497,1502,614800,1502
2010-12-21,1510,1537,1506,1534,632100,1534
2010-12-22,1534,1537,1520,1524,626300,1524
2010-12-24,1497,1511,1488,1489,731200,1489
2010-12-27,1491,1526,1490,1522,487100,1522
2010-12-28,1513,1522,1504,1508,373600,1508
2010-12-29,1500,1518,1497,1514,264400,1514
2010-12-30,1500,1511,1485,1494,525400,1494
2011-01-04,1512,1529,1504,1521,697900,1521
2011-01-05,1516,1533,1515,1533,486000,1533
2011-01-06,1573,1594,1569,1592,1191300,1592
2011-01-07,1585,1594,1578,1584,538200,1584
2011-01-11,1565,1579,1555,1556,806400,1556
2011-01-12,1568,1575,1510,1514,1493100,1514
2011-01-13,1526,1533,1503,1521,1218600,1521
2011-01-14,1483,1520,1483,1489,1711400,1489
2011-01-17,1509,1518,1491,1496,679300,1496
2011-01-18,1487,1500,1484,1489,571600,1489
2011-01-19,1504,1506,1474,1479,656800,1479
2011-01-20,1462,1470,1450,1460,765300,1460
2011-01-21,1470,1477,1445,1450,1284400,1450
2011-01-24,1423,1426,1396,1405,1584600,1405
2011-01-25,1418,1442,1401,1434,891100,1434
2011-01-26,1414,1440,1403,1421,732800,1421
2011-01-27,1409,1418,1403,1410,1105800,1410
2011-01-28,1401,1407,1372,1378,697900,1378
2011-01-31,1362,1362,1340,1356,819800,1356
2011-02-01,1354,1354,1334,1338,842300,1338
2011-02-02,1355,1394,1351,1381,1002300,1381
2011-02-03,1357,1376,1354,1355,689400,1355
2011-02-04,1315,1340,1299,1322,2098600,1322
2011-02-07,1348,1374,1341,1353,1355400,1353
2011-02-08,1368,1394,1357,1389,1108800,1389
2011-02-09,1414,1423,1391,1406,1295700,1406
2011-02-10,1407,1432,1397,1419,1463000,1419
2011-02-14,1433,1445,1419,1426,763900,1426
2011-02-15,1421,1434,1406,1424,654400,1424
2011-02-16,1439,1469,1420,1468,1374100,1468
2011-02-17,1485,1490,1465,1481,1073300,1481
2011-02-18,1469,1472,1451,1462,839500,1462
2011-02-21,1451,1456,1432,1446,588700,1446
2011-02-22,1430,1430,1383,1391,901800,1391
2011-02-23,1370,1384,1363,1370,634900,1370
2011-02-24,1366,1373,1343,1343,959500,1343
2011-02-25,1359,1365,1338,1362,727700,1362
2011-02-28,1350,1359,1329,1351,978200,1351
2011-03-01,1377,1382,1354,1367,805600,1367
2011-03-02,1340,1348,1324,1324,712800,1324
2011-03-03,1329,1330,1308,1320,739300,1320
2011-03-04,1345,1362,1333,1340,638200,1340
2011-03-07,1332,1332,1305,1307,691100,1307
2011-03-08,1300,1316,1291,1301,469100,1301
2011-03-09,1300,1312,1295,1300,694000,1300
2011-03-10,1285,1290,1261,1262,874200,1262
2011-03-11,1241,1277,1240,1240,3460900,1240
2011-03-14,1180,1200,1116,1116,1361400,1116
2011-03-15,1062,1062,816,874,2764200,874
2011-03-16,889,962,863,892,3250100,892
2011-03-17,847,905,829,883,2668900,883
2011-03-18,891,957,891,953,2667100,953
2011-03-22,986,1062,983,1053,3540100,1053
2011-03-23,1050,1092,1011,1043,3139500,1043
2011-03-24,1044,1076,1043,1060,1584100,1060
2011-03-25,1098,1100,1054,1057,1415800,1057
2011-03-28,1057,1058,1016,1023,1516800,1023
2011-03-29,1018,1071,1000,1057,2037700,1057
2011-03-30,1054,1099,1040,1098,1193100,1098
2011-03-31,1106,1119,1086,1107,1407000,1107
2011-04-01,1103,1119,1091,1096,874900,1096
2011-04-04,1106,1121,1105,1113,814600,1113
2011-04-05,1111,1115,1080,1095,933300,1095
2011-04-06,1101,1101,1072,1077,754800,1077
2011-04-07,1092,1094,1036,1040,1533600,1040
2011-04-08,1041,1073,1003,1066,2361000,1066
2011-04-11,1056,1056,1031,1034,1074700,1034
2011-04-12,1011,1018,995,997,1215800,997
2011-04-13,994,1029,988,1022,984800,1022
2011-04-14,1003,1036,1002,1032,1012200,1032
2011-04-15,1032,1034,1014,1029,907100,1029
2011-04-18,1029,1030,1009,1009,886800,1009
2011-04-19,1009,1016,999,1005,1215500,1005
2011-04-20,1021,1035,1012,1025,1074000,1025
2011-04-21,1033,1047,1026,1037,1043100,1037
2011-04-22,1038,1075,1031,1064,1258900,1064
2011-04-25,1077,1085,1061,1067,947100,1067
2011-04-26,1051,1053,1021,1029,1557700,1029
2011-04-27,1030,1042,1021,1026,1173300,1026
2011-04-28,1028,1044,1014,1035,1204400,1035
2011-05-02,1045,1069,1034,1055,776200,1055
2011-05-06,1016,1017,1001,1003,1733300,1003
2011-05-09,1005,1015,1001,1006,976500,1006
2011-05-10,1006,1010,986,999,1354100,999
2011-05-11,1005,1009,994,997,1045600,997
2011-05-12,986,987,966,966,1189900,966
2011-05-13,964,965,871,890,3911700,890
2011-05-16,897,914,887,893,2059400,893
2011-05-17,878,905,871,902,1896900,902
2011-05-18,895,914,890,911,1483800,911
2011-05-19,916,924,894,897,972200,897
2011-05-20,893,907,885,892,1092100,892
2011-05-23,880,881,854,862,1182900,862
2011-05-24,850,868,850,865,1145000,865
2011-05-25,861,861,845,849,1179700,849
2011-05-26,855,864,850,861,946500,861
2011-05-27,855,873,853,862,1086000,862
2011-05-30,857,868,854,860,1205700,860
2011-05-31,861,895,853,883,6028800,883
2011-06-01,887,903,885,894,2066200,894
2011-06-02,879,903,871,897,2205000,897
2011-06-03,891,897,868,869,1462600,869
2011-06-06,865,865,829,831,1738800,831
2011-06-07,829,848,826,838,1404600,838
2011-06-08,820,824,807,812,2046100,812
2011-06-09,804,807,788,803,1566600,803
2011-06-10,812,818,791,793,3242000,793
2011-06-13,788,799,784,788,785800,788
2011-06-14,788,817,788,805,1216400,805
2011-06-15,809,812,792,802,869500,802
2011-06-16,790,799,787,787,814900,787
2011-06-17,787,794,764,764,1595400,764
2011-06-20,765,774,758,759,1191800,759
2011-06-21,767,769,757,767,801800,767
2011-06-22,774,792,772,788,1055700,788
2011-06-23,780,785,769,769,916500,769
2011-06-24,771,792,769,789,928900,789
2011-06-27,785,786,777,780,626800,780
2011-06-28,791,797,784,788,680300,788
2011-06-29,803,804,791,802,955900,802
2011-06-30,810,814,791,792,1380800,792
2011-07-01,807,825,804,815,1690400,815
2011-07-04,832,840,823,830,1158100,830
2011-07-05,830,841,830,836,852400,836
2011-07-06,845,852,836,844,973100,844
2011-07-07,840,857,840,850,1046100,850
2011-07-08,865,865,854,860,1392100,860
2011-07-11,848,856,846,847,862300,847
2011-07-12,831,832,815,820,1232900,820
2011-07-13,810,822,804,816,1263000,816
2011-07-14,814,817,802,808,848000,808
2011-07-15,812,815,804,809,730400,809
2011-07-19,804,806,785,785,1091100,785
2011-07-20,795,802,795,800,754100,800
2011-07-21,796,799,789,792,919300,792
2011-07-22,804,829,803,825,1366000,825
2011-07-25,818,822,809,810,669600,810
2011-07-26,811,814,805,812,529500,812
2011-07-27,802,808,795,797,794900,797
2011-07-28,787,789,769,771,1285700,771
2011-07-29,751,760,740,750,1909100,750
2011-08-01,753,769,753,765,1151900,765
2011-08-02,753,753,732,733,1535600,733
2011-08-03,719,725,710,718,1198900,718
2011-08-04,730,736,714,717,1108800,717
2011-08-05,667,674,644,652,3497500,652
2011-08-08,650,660,627,633,2345500,633
2011-08-09,615,630,603,626,2348400,626
2011-08-10,646,650,632,640,1372400,640
2011-08-11,620,628,613,626,1152500,626
2011-08-12,627,634,607,607,2125400,607
2011-08-15,614,627,610,627,1386400,627
2011-08-16,633,644,620,623,1619300,623
2011-08-17,620,628,615,616,1340900,616
2011-08-18,616,616,594,595,1502200,595
2011-08-19,581,582,565,566,1511900,566
2011-08-22,563,574,550,551,1496200,551
2011-08-23,560,590,557,589,3952800,589
2011-08-24,596,598,565,566,1717500,566
2011-08-25,576,592,574,584,1407700,584
2011-08-26,584,596,579,595,1012600,595
2011-08-29,594,616,586,597,2192600,597
2011-08-30,607,618,605,609,1574500,609
2011-08-31,609,610,595,598,1201500,598
2011-09-01,599,614,598,605,1154800,605
2011-09-02,595,602,587,590,1164900,590
2011-09-05,580,580,563,564,1341500,564
2011-09-06,558,560,538,539,1589900,539
2011-09-07,553,563,551,558,1453200,558
2011-09-08,568,577,563,566,877300,566
2011-09-09,561,570,557,559,2884300,559
2011-09-12,539,542,528,528,1086400,528
2011-09-13,533,554,530,549,1449400,549
2011-09-14,543,556,533,534,889900,534
2011-09-15,551,556,544,549,906200,549
2011-09-16,558,584,555,580,1532200,580
2011-09-20,567,570,555,557,988500,557
2011-09-21,554,562,547,555,578500,555
2011-09-22,541,549,534,537,1350100,537
2011-09-26,532,536,506,507,1268400,507
2011-09-27,523,528,514,522,1121300,522
2011-09-28,525,529,510,512,1268200,512
2011-09-29,502,529,501,524,1324700,524
2011-09-30,530,536,520,524,909000,524
2011-10-03,514,518,495,504,997900,504
2011-10-04,488,497,480,493,1292700,493
2011-10-05,498,505,478,484,1344100,484
2011-10-06,492,502,486,499,932300,499
2011-10-07,507,515,505,508,704000,508
2011-10-11,528,541,528,538,913900,538
2011-10-12,531,555,531,550,875000,550
2011-10-13,566,587,566,579,950600,579
2011-10-14,599,605,592,599,2507200,599
2011-10-17,611,617,601,606,1509600,606
2011-10-18,597,611,594,608,806700,608
2011-10-19,615,619,597,600,1049600,600
2011-10-20,598,609,598,601,929400,601
2011-10-21,602,617,600,614,734700,614
2011-10-24,615,632,615,626,1026200,626
2011-10-25,629,630,619,622,613100,622
2011-10-26,610,629,607,624,689900,624
2011-10-27,624,649,623,648,799000,648
2011-10-28,661,667,637,647,901200,647
2011-10-31,638,649,627,639,1077900,639
2011-11-01,621,637,610,612,1221400,612
2011-11-02,600,610,596,599,1154400,599
2011-11-04,617,621,597,609,893000,609
2011-11-07,550,558,519,524,2825700,524
2011-11-08,523,525,501,512,1839400,512
2011-11-09,512,524,502,507,1400100,507
2011-11-10,497,497,484,484,1699800,484
2011-11-11,487,488,463,471,2179100,471
2011-11-14,494,509,491,499,2045600,499
2011-11-15,489,492,476,481,962100,481
2011-11-16,475,486,470,470,1067500,470
2011-11-17,468,488,465,486,1131200,486
2011-11-18,477,498,476,493,1384100,493
2011-11-21,494,498,474,483,844600,483
2011-11-22,472,487,471,481,1164500,481
2011-11-24,473,476,462,465,854000,465
2011-11-25,464,480,462,472,1068300,472
2011-11-28,482,515,482,509,1551800,509
2011-11-29,514,550,508,548,2116600,548
2011-11-30,542,544,526,544,1352800,544
2011-12-01,564,584,564,579,1827500,579
2011-12-02,575,581,564,579,1333100,579
2011-12-05,573,593,573,592,1043100,592
2011-12-06,585,595,573,575,971600,575
2011-12-07,583,617,582,612,1717500,612
2011-12-08,604,612,598,601,1417100,601
2011-12-09,581,588,575,584,4281700,584
2011-12-12,599,617,599,612,1654300,612
2011-12-13,598,610,593,601,1104700,601
2011-12-14,604,640,598,625,2701900,625
2011-12-15,622,623,601,602,1464000,602
2011-12-16,611,613,588,597,1607600,597
2011-12-19,587,587,563,570,1434600,570
2011-12-20,570,584,566,573,1038700,573
2011-12-21,580,591,580,583,1043600,583
2011-12-22,580,589,573,575,864700,575
2011-12-26,585,603,584,589,832000,589
2011-12-27,591,594,580,584,516000,584
2011-12-28,580,586,572,574,1032500,574
2011-12-29,569,569,557,567,837800,567
2011-12-30,576,579,571,573,578500,573
2012-01-04,583,585,579,582,721900,582
2012-01-05,579,579,569,575,596400,575
2012-01-06,567,571,547,554,1277900,554
2012-01-10,546,546,531,544,1013000,544
2012-01-11,543,556,543,551,957400,551
2012-01-12,550,555,544,551,487400,551
2012-01-13,560,572,555,571,1688100,571
2012-01-16,561,569,557,557,662000,557
2012-01-17,559,574,558,573,736700,573
2012-01-18,575,596,572,590,1205100,590
2012-01-19,593,610,592,602,1343000,602
2012-01-20,612,617,606,613,1207200,613
2012-01-23,611,628,607,617,871600,617
2012-01-24,618,622,608,617,838300,617
2012-01-25,622,645,620,640,1279000,640
2012-01-26,641,647,630,631,823900,631
2012-01-27,611,626,595,620,1774100,620
2012-01-30,617,618,604,612,856800,612
2012-01-31,613,623,604,623,1188700,623
2012-02-01,617,633,613,624,984700,624
2012-02-02,624,630,609,630,1479100,630
2012-02-03,650,699,647,687,4503800,687
2012-02-06,687,706,687,697,2303900,697
2012-02-07,690,709,690,704,1761900,704
2012-02-08,704,717,697,714,1549900,714
2012-02-09,713,722,709,716,1332100,716
2012-02-10,716,721,701,707,1451200,707
2012-02-13,704,713,700,712,1012200,712
2012-02-14,702,714,690,712,1521600,712
2012-02-15,716,742,710,736,1710500,736
2012-02-16,734,757,731,740,1494400,740
2012-02-17,758,765,743,745,1544200,745
2012-02-20,765,766,747,751,975600,751
2012-02-21,751,760,744,746,1051800,746
2012-02-22,746,768,745,766,1061600,766
2012-02-23,769,774,756,772,1241700,772
2012-02-24,772,790,766,784,1226200,784
2012-02-27,802,805,778,780,1134300,780
2012-02-28,762,798,754,798,1313600,798
2012-02-29,795,810,771,777,1602100,777
2012-03-01,774,795,752,765,1562500,765
2012-03-02,769,777,759,772,1002000,772
2012-03-05,766,769,735,738,1030700,738
2012-03-06,732,736,717,727,1224100,727
2012-03-07,712,743,712,734,1123100,734
2012-03-08,754,772,749,772,1414100,772
2012-03-09,788,799,772,785,3956600,785
2012-03-12,800,806,785,786,1018500,786
2012-03-13,798,799,772,776,1376000,776
2012-03-14,797,804,787,788,1164100,788
2012-03-15,795,799,782,798,1113100,798
2012-03-16,799,810,790,810,1088800,810
2012-03-19,819,820,804,806,797900,806
2012-03-21,810,825,804,809,1276700,809
2012-03-22,808,818,801,806,963300,806
2012-03-23,791,792,771,774,1099900,774
2012-03-26,763,764,719,723,2652600,723
2012-03-27,738,740,718,724,2267700,724
2012-03-28,718,732,714,727,1336800,727
2012-03-29,730,730,710,722,1069100,722
2012-03-30,723,723,711,713,819700,713
2012-04-02,714,722,705,705,1442800,705
2012-04-03,712,725,705,714,1311700,714
2012-04-04,709,712,685,688,1559700,688
2012-04-05,680,697,676,694,1545900,694
2012-04-06,685,688,671,680,1110700,680
2012-04-09,663,679,660,672,1059900,672
2012-04-10,668,684,657,663,1151700,663
2012-04-11,649,664,646,660,1233800,660
2012-04-12,666,671,651,668,828800,668
2012-04-13,671,688,665,668,2512700,668
2012-04-16,660,662,645,645,804400,645
2012-04-17,645,665,645,650,1011400,650
2012-04-18,660,666,653,665,786900,665
2012-04-19,653,664,650,660,1080100,660
2012-04-20,663,667,653,657,910700,657
2012-04-23,661,669,655,656,741300,656
2012-04-24,655,670,655,656,759600,656
2012-04-25,666,694,665,677,1624500,677
2012-04-26,687,699,686,690,1639800,690
2012-04-27,690,690,660,670,1566200,670
2012-05-01,660,661,631,635,1134000,635
2012-05-02,638,639,625,630,976000,630
2012-05-07,607,616,601,603,908400,603
2012-05-08,611,624,608,614,1048300,614
2012-05-09,613,613,587,589,1006800,589
2012-05-10,579,606,578,588,892400,588
2012-05-11,586,593,555,559,1482800,559
2012-05-14,559,577,556,574,1118500,574
2012-05-15,572,577,554,574,1235900,574
2012-05-16,569,583,565,571,1084600,571
2012-05-17,567,595,565,590,1207000,590
2012-05-18,575,581,568,572,1589200,572
2012-05-21,574,589,572,579,1144500,579
2012-05-22,586,587,580,584,681000,584
2012-05-23,584,584,555,557,1166900,557
2012-05-24,554,562,543,551,1368900,551
2012-05-25,546,549,540,544,1002100,544
2012-05-28,546,546,527,536,718900,536
2012-05-29,532,546,525,545,1057100,545
2012-05-30,545,549,530,539,793000,539
2012-05-31,523,533,515,529,943600,529
2012-06-01,528,532,515,516,971400,516
2012-06-04,498,510,490,506,1295000,506
2012-06-05,507,531,507,530,1072100,530
2012-06-06,537,555,529,554,1134800,554
2012-06-07,559,566,553,555,828600,555
2012-06-08,551,554,540,544,2923500,544
2012-06-11,557,580,556,573,1096300,573
2012-06-12,554,575,541,566,922100,566
2012-06-13,571,576,566,572,750800,572
2012-06-14,568,575,558,573,957600,573
2012-06-15,580,586,575,575,968600,575
2012-06-18,592,610,592,610,907200,610
2012-06-19,607,607,596,598,899600,598
2012-06-20,606,606,587,595,779900,595
2012-06-21,595,595,578,582,1211200,582
2012-06-22,568,588,566,585,869700,585
2012-06-25,588,594,562,565,982900,565
2012-06-26,559,560,546,554,1020000,554
2012-06-27,554,554,540,554,829200,554
2012-06-28,557,558,539,542,1173200,542
2012-06-29,536,562,534,560,1126000,560
2012-07-02,568,572,555,556,745100,556
2012-07-03,556,560,549,550,872100,550
2012-07-04,553,556,542,545,742900,545
2012-07-05,540,547,540,544,438700,544
2012-07-06,539,542,527,531,725900,531
2012-07-09,523,525,511,512,870700,512
2012-07-10,516,529,516,516,874600,516
2012-07-11,506,510,502,506,765900,506
2012-07-12,506,512,493,493,953500,493
2012-07-13,488,491,482,485,1354200,485
2012-07-17,483,483,472,474,826100,474
2012-07-18,475,485,463,464,1079400,464
2012-07-19,475,487,475,484,1267600,484
2012-07-20,487,491,478,478,958300,478
2012-07-23,470,474,453,456,819000,456
2012-07-24,457,473,457,468,1117800,468
2012-07-25,455,457,444,446,1159200,446
2012-07-26,452,473,448,467,1175900,467
2012-07-27,475,483,471,478,1169700,478
2012-07-30,489,498,482,491,1072500,491
2012-07-31,491,515,484,509,1199400,509
2012-08-01,503,509,492,507,982900,507
2012-08-02,507,519,503,504,875000,504
2012-08-03,470,477,442,455,2206200,455
2012-08-06,466,468,448,454,1364600,454
2012-08-07,450,466,446,464,756700,464
2012-08-08,472,494,472,479,1323600,479
2012-08-09,478,493,472,491,852900,491
2012-08-10,488,501,482,488,818300,488
2012-08-13,484,494,481,481,625000,481
2012-08-14,484,487,471,478,767800,478
2012-08-15,484,485,463,470,680300,470
2012-08-16,473,493,473,491,793100,491
2012-08-17,497,512,494,512,1024100,512
2012-08-20,515,519,503,508,828100,508
2012-08-21,505,509,494,506,920700,506
2012-08-22,500,508,495,505,1005600,505
2012-08-23,499,508,488,507,1096900,507
2012-08-24,494,494,483,486,977400,486
2012-08-27,493,498,489,494,740600,494
2012-08-28,500,502,478,482,1010200,482
2012-08-29,487,492,481,484,755700,484
2012-08-30,485,489,465,467,733900,467
2012-08-31,459,459,450,450,1168400,450
2012-09-03,447,448,425,427,1552500,427
2012-09-04,427,439,423,430,1169700,430
2012-09-05,426,427,406,409,1319500,409
2012-09-06,410,414,403,405,847100,405
2012-09-07,426,429,416,427,1146900,427
2012-09-10,428,432,422,425,781800,425
2012-09-11,420,420,406,407,895000,407
2012-09-12,407,417,405,413,1003800,413
2012-09-13,416,432,416,425,989700,425
2012-09-14,429,450,429,443,2886400,443
2012-09-18,437,457,433,453,2131000,453
2012-09-19,451,466,446,464,1707000,464
2012-09-20,464,471,443,445,1987900,445
2012-09-21,444,447,437,439,946600,439
2012-09-24,435,437,421,426,1203600,426
2012-09-25,421,426,414,423,1097300,423
2012-09-26,415,415,405,405,1122300,405
2012-09-27,400,424,400,421,1463000,421
2012-09-28,428,430,414,418,1250900,418
2012-10-01,412,418,407,411,785200,411
2012-10-02,417,417,406,407,797100,407
2012-10-03,408,419,407,411,947300,411
2012-10-04,415,423,407,422,963300,422
2012-10-05,429,443,428,443,1389900,443
2012-10-09,439,440,421,423,1065200,423
2012-10-10,411,416,403,404,932700,404
2012-10-11,402,416,401,403,1281700,403
2012-10-12,404,411,403,409,1596800,409
2012-10-15,405,415,401,414,1137200,414
2012-10-16,417,425,414,423,994800,423
2012-10-17,431,439,429,435,1478500,435
2012-10-18,445,462,444,461,1628300,461
2012-10-19,460,467,449,457,1499700,457
2012-10-22,447,464,443,462,870000,462
2012-10-23,462,470,458,466,1498000,466
2012-10-24,458,470,456,461,1094700,461
2012-10-25,455,459,447,455,1390000,455
2012-10-26,460,466,446,448,1060900,448
2012-10-29,450,456,439,441,893700,441
2012-10-30,408,420,384,388,4871000,388
2012-10-31,393,398,381,384,2722500,384
2012-11-01,380,382,367,368,2667500,368
2012-11-02,376,377,369,371,1404000,371
2012-11-05,366,369,362,362,1215700,362
2012-11-06,363,369,361,364,948100,364
2012-11-07,372,395,371,393,2807700,393
2012-11-08,384,393,377,378,1509500,378
2012-11-09,370,372,365,368,1562300,368
2012-11-12,365,371,363,367,704200,367
2012-11-13,368,369,359,366,908800,366
2012-11-14,366,376,364,374,841200,374
2012-11-15,378,395,374,394,1660600,394
2012-11-16,396,405,394,405,1683500,405
2012-11-19,409,414,398,401,1277300,401
2012-11-20,408,408,392,398,1103700,398
2012-11-21,400,406,393,396,1337600,396
2012-11-22,404,412,401,412,1516300,412
2012-11-26,423,433,422,426,1547800,426
2012-11-27,428,430,419,424,1315400,424
2012-11-28,414,415,401,402,1406300,402
2012-11-29,404,416,403,416,1030000,416
2012-11-30,419,425,410,418,1067500,418
2012-12-03,423,423,412,414,766700,414
2012-12-04,409,409,397,401,1216000,401
2012-12-05,401,416,398,411,999500,411
2012-12-06,415,418,408,416,985300,416
2012-12-07,419,424,416,420,812700,420
2012-12-10,428,429,416,417,702100,417
2012-12-11,412,421,410,419,675800,419
2012-12-12,425,430,421,429,875800,429
2012-12-13,435,455,435,453,1703900,453
2012-12-14,456,463,443,460,3476100,460
2012-12-17,470,477,462,463,1212700,463
2012-12-18,462,467,455,458,1021700,458
2012-12-19,460,462,451,458,1338800,458
2012-12-20,453,464,451,452,1432600,452
2012-12-21,458,460,432,434,1620100,434
2012-12-25,442,447,438,442,765800,442
2012-12-26,450,468,448,468,1061300,468
2012-12-27,481,509,478,501,2408500,501
2012-12-28,507,519,495,499,1611100,499
2013-01-04,527,531,515,520,1174800,520
2013-01-07,519,521,504,509,1046700,509
2013-01-08,512,516,497,498,903800,498
2013-01-09,491,513,489,507,1191100,507
2013-01-10,517,521,514,516,727300,516
2013-01-11,521,537,516,533,1938100,533
2013-01-15,541,545,523,530,1274300,530
2013-01-16,529,533,506,508,1254000,508
2013-01-17,514,517,482,494,1396100,494
2013-01-18,505,529,504,528,1775700,528
2013-01-21,538,539,512,516,1403000,516
2013-01-22,521,526,496,505,1627700,505
2013-01-23,494,498,475,475,1727600,475
2013-01-24,472,498,458,486,1980000,486
2013-01-25,500,503,487,494,1350000,494
2013-01-28,496,508,483,487,1200700,487
2013-01-29,483,507,480,495,1204500,495
2013-01-30,498,502,492,502,895500,502
2013-01-31,492,499,477,489,1751300,489
2013-02-01,492,497,480,481,981200,481
2013-02-04,482,499,481,493,1189000,493
2013-02-05,485,498,483,485,1260700,485
2013-02-06,498,509,495,507,1599600,507
2013-02-07,511,518,498,503,1713100,503
2013-02-08,493,574,491,557,5812700,557
2013-02-12,580,625,578,597,4828300,597
2013-02-13,595,596,552,558,2851200,558
2013-02-14,557,576,552,560,2010100,560
2013-02-15,554,555,529,549,1982400,549
2013-02-18,557,567,549,557,1412600,557
2013-02-19,556,556,540,546,987500,546
2013-02-20,552,574,551,560,1407500,560
2013-02-21,548,565,548,551,980200,551
2013-02-22,541,546,528,545,1191000,545
2013-02-25,565,567,552,560,1025100,560
2013-02-26,542,548,533,535,1858400,535
2013-02-27,541,543,527,536,1483400,536
2013-02-28,549,553,539,547,1475400,547
2013-03-01,546,549,534,542,1389800,542
2013-03-04,545,547,533,542,1124300,542
2013-03-05,549,555,541,542,1259000,542
2013-03-06,552,568,552,557,1284300,557
2013-03-07,558,558,542,545,1221200,545
2013-03-08,557,578,557,566,4391200,566
2013-03-11,572,573,551,559,1399600,559
2013-03-12,565,575,550,550,1524600,550
2013-03-13,554,576,551,559,1731700,559
2013-03-14,562,563,545,550,1122800,550
2013-03-15,549,570,549,569,1472500,569
2013-03-18,550,558,542,543,1210600,543
2013-03-19,553,557,548,552,826400,552
2013-03-21,562,569,560,563,1016500,563
2013-03-22,550,555,542,545,1354000,545
2013-03-25,550,555,543,549,1058600,549
2013-03-26,539,541,528,528,1098500,528
2013-03-27,528,540,528,538,617600,538
2013-03-28,539,540,517,519,1593000,519
2013-03-29,517,527,514,516,941000,516
2013-04-01,522,543,521,534,1921100,534
2013-04-02,531,531,493,507,1822600,507
2013-04-03,517,517,498,508,985200,508
2013-04-04,499,517,491,516,1941800,516
2013-04-05,536,545,505,506,2166000,506
2013-04-08,526,529,514,521,1323300,521
2013-04-09,535,544,525,533,1129200,533
2013-04-10,534,545,530,539,1482500,539
2013-04-11,546,557,531,535,1755900,535
2013-04-12,545,545,527,535,2337800,535
2013-04-15,530,541,529,531,1151000,531
2013-04-16,521,535,515,526,1165500,526
2013-04-17,523,530,521,525,834400,525
2013-04-18,520,527,516,516,1043000,516
2013-04-19,521,534,519,529,879100,529
2013-04-22,539,542,533,538,961100,538
2013-04-23,533,539,531,534,685900,534
2013-04-24,543,561,542,560,1554300,560
2013-04-25,552,558,546,551,1164300,551
2013-04-26,556,565,547,556,1432500,556
2013-04-30,546,563,543,557,1152500,557
2013-05-01,547,556,542,544,1266600,544
2013-05-02,540,551,537,540,926300,540
2013-05-07,560,564,557,564,1096400,564
2013-05-08,565,597,565,583,1673800,583
2013-05-09,593,599,579,581,861600,581
2013-05-10,629,681,620,681,3668500,681
2013-05-13,716,774,682,685,5229100,685
2013-05-14,675,722,656,694,3896600,694
2013-05-15,711,735,682,694,2915000,694
2013-05-16,684,697,664,684,1650600,684
2013-05-17,675,698,660,696,1497500,696
2013-05-20,700,716,693,714,1647300,714
2013-05-21,724,735,702,733,2036100,733
2013-05-22,757,880,757,831,6328700,831
2013-05-23,830,859,738,741,4939600,741
2013-05-24,780,818,741,789,3457000,789
2013-05-27,753,772,732,737,1596800,737
2013-05-28,733,779,722,758,1948900,758
2013-05-29,775,778,728,733,1849600,733
2013-05-30,720,727,683,690,1847300,690
2013-05-31,713,725,697,705,1187900,705
2013-06-03,681,681,657,663,1382600,663
2013-06-04,664,709,659,697,2202100,697
2013-06-05,705,715,653,656,1934600,656
2013-06-06,646,713,626,681,3651100,681
2013-06-07,651,670,630,658,1991300,658
2013-06-10,700,735,693,734,1641500,734
2013-06-11,731,743,701,702,1492600,702
2013-06-12,687,728,678,720,1350200,720
2013-06-13,697,699,663,664,1791400,664
2013-06-14,685,700,671,674,2776100,674
2013-06-17,663,692,660,687,891400,687
2013-06-18,688,707,676,684,780100,684
2013-06-19,700,704,678,694,870400,694
2013-06-20,684,692,666,674,1291600,674
2013-06-21,650,684,644,675,1327000,675
2013-06-24,694,694,667,674,911900,674
2013-06-25,678,682,647,664,940700,664
2013-06-26,672,688,650,653,830000,653
2013-06-27,655,664,639,664,894900,664
2013-06-28,665,693,660,691,1260600,691
2013-07-01,693,702,672,701,880200,701
2013-07-02,705,710,686,702,1172100,702
2013-07-03,714,714,680,684,1334400,684
2013-07-04,681,693,680,692,749500,692
2013-07-05,688,706,687,703,1278400,703
2013-07-08,717,721,692,692,954500,692
2013-07-09,696,717,685,714,1419500,714
2013-07-10,718,730,705,714,1248900,714
2013-07-11,715,726,708,721,686300,721
2013-07-12,727,760,723,753,2238600,753
2013-07-16,760,767,743,754,1070600,754
2013-07-17,748,751,738,747,818800,747
2013-07-18,752,762,743,757,1428000,757
2013-07-19,775,777,715,735,2216500,735
2013-07-22,743,748,718,748,1141600,748
2013-07-23,747,768,741,763,1233900,763
2013-07-24,764,792,762,781,1497900,781
2013-07-25,779,792,769,774,1215600,774
2013-07-26,759,764,747,747,936500,747
2013-07-29,730,737,715,717,878800,717
2013-07-30,718,737,718,735,843700,735
2013-07-31,721,725,697,709,1038900,709
2013-08-01,696,732,693,731,838900,731
2013-08-02,750,777,737,775,1017400,775
2013-08-05,745,746,714,729,1779700,729
2013-08-06,723,725,702,720,1386800,720
2013-08-07,708,714,699,699,1250400,699
2013-08-08,700,714,682,683,971600,683
2013-08-09,683,688,659,669,1612400,669
2013-08-12,659,676,655,662,778400,662
2013-08-13,676,678,661,677,772400,677
2013-08-14,676,697,666,696,950700,696
2013-08-15,690,707,681,689,940300,689
2013-08-16,679,690,673,676,588300,676
2013-08-19,677,704,677,702,653700,702
2013-08-20,688,699,660,664,1058300,664
2013-08-21,663,672,646,655,867100,655
2013-08-22,647,659,642,646,706900,646
2013-08-23,663,682,662,669,927100,669
2013-08-26,677,683,671,674,606600,674
2013-08-27,666,673,650,652,674400,652
2013-08-28,640,678,640,671,1371800,671
2013-08-29,680,692,671,683,839300,683
2013-08-30,730,746,709,720,2580700,720
2013-09-02,715,721,702,717,1617700,717
2013-09-03,724,744,722,741,1362500,741
2013-09-04,734,754,732,754,1375100,754
2013-09-05,760,774,754,768,1326400,768
2013-09-06,782,788,763,767,1219100,767
2013-09-09,795,795,771,783,905200,783
2013-09-10,785,788,764,770,1148100,770
2013-09-11,761,761,726,737,2154400,737
2013-09-12,747,750,727,733,1079000,733
2013-09-13,727,747,721,744,2733900,744
2013-09-17,736,764,731,754,753600,754
2013-09-18,754,774,754,762,690700,762
2013-09-19,769,771,742,751,1335900,751
2013-09-20,751,755,738,743,908700,743
2013-09-24,738,751,730,735,694100,735
2013-09-25,736,743,721,721,881900,721
2013-09-26,725,742,717,742,559400,742
2013-09-27,733,739,719,726,975500,726
2013-09-30,703,706,690,692,1372400,692
2013-10-01,694,698,686,689,1104400,689
2013-10-02,690,694,671,673,1354300,673
2013-10-03,667,670,653,656,1345900,656
2013-10-04,648,650,630,631,1761500,631
2013-10-07,631,634,618,630,1339700,630
2013-10-08,628,645,627,640,907300,640
2013-10-09,641,660,638,656,982900,656
2013-10-10,658,659,650,655,1031900,655
2013-10-11,672,678,653,663,1759400,663
2013-10-15,673,674,656,662,525800,662
2013-10-16,657,663,651,659,497200,659
2013-10-17,664,667,650,653,815200,653
2013-10-18,653,664,651,662,739100,662
2013-10-21,666,674,666,670,535200,670
2013-10-22,676,683,671,681,598200,681
2013-10-23,681,682,653,655,1401100,655
2013-10-24,653,669,648,667,807500,667
2013-10-25,670,672,654,660,1033500,660
2013-10-28,667,687,662,685,1054500,685
2013-10-29,681,681,661,666,1021100,666
2013-10-30,676,679,667,675,657400,675
2013-10-31,675,675,657,659,686300,659
2013-11-01,661,661,637,641,754300,641
2013-11-05,643,645,625,627,872400,627
2013-11-06,677,690,665,683,2544900,683
2013-11-07,683,687,671,678,1081500,678
2013-11-08,648,678,647,672,1060500,672
2013-11-11,682,686,663,665,917800,665
2013-11-12,662,701,661,699,1592400,699
2013-11-13,694,710,691,707,973100,707
2013-11-14,714,748,714,735,1850900,735
2013-11-15,744,746,736,745,1500900,745
2013-11-18,748,755,742,755,1057200,755
2013-11-19,752,762,736,757,1258400,757
2013-11-20,760,789,752,784,1890000,784
2013-11-21,782,803,778,803,1529500,803
2013-11-22,803,814,795,801,1641500,801
2013-11-25,830,889,827,883,4518400,883
2013-11-26,875,926,867,916,3533000,916
2013-11-27,904,927,895,919,2260000,919
2013-11-28,930,940,921,927,2226700,927
2013-11-29,920,934,909,925,1540000,925
2013-12-02,929,931,916,927,1118300,927
2013-12-03,942,968,932,958,2225200,958
2013-12-04,928,949,921,942,2079200,942
2013-12-05,940,941,905,908,1683100,908
2013-12-06,894,933,890,930,1728000,930
2013-12-09,950,961,940,954,1363000,954
2013-12-10,944,958,941,947,706000,947
2013-12-11,940,957,925,929,1429800,929
2013-12-12,910,919,904,915,1243000,915
2013-12-13,913,922,895,905,3433300,905
2013-12-16,899,904,869,875,1336500,875
2013-12-17,888,891,870,873,1293900,873
2013-12-18,861,884,854,876,1698100,876
2013-12-19,898,900,879,886,1979900,886
2013-12-20,880,889,876,888,1000800,888
2013-12-24,889,897,877,886,1280100,886
2013-12-25,875,892,872,882,1086000,882
2013-12-26,891,909,885,891,1073700,891
2013-12-27,897,898,874,882,945000,882
2013-12-30,880,882,862,877,1221400,877
2014-01-06,851,861,831,834,3123200,834
2014-01-07,837,854,832,834,1549700,834
2014-01-08,837,864,837,862,1213100,862
2014-01-09,847,852,838,840,1308000,840
2014-01-10,828,833,822,833,1907200,833
2014-01-14,804,818,798,799,2156800,799
2014-01-15,814,837,812,828,1537000,828
2014-01-16,821,841,821,829,896200,829
2014-01-17,819,825,813,816,990200,816
2014-01-20,795,804,777,781,2623300,781
2014-01-21,791,804,787,791,1564800,791
2014-01-22,784,802,781,799,1268800,799
2014-01-23,802,821,801,807,1882500,807
2014-01-24,784,795,771,780,2291300,780
2014-01-27,752,762,746,749,1695700,749
2014-01-28,746,765,746,758,1084100,758
2014-01-29,777,783,768,783,1485600,783
2014-01-30,752,760,747,758,1183100,758
2014-01-31,763,763,723,740,1574700,740
2014-02-03,728,737,720,720,943200,720
2014-02-04,697,707,684,686,1499100,686
2014-02-05,701,712,683,706,1513600,706
2014-02-06,702,723,692,712,1669300,712
2014-02-07,757,782,744,759,1977800,759
2014-02-10,762,770,753,767,1546000,767
2014-02-12,767,773,755,764,1084400,764
2014-02-13,764,764,729,736,1262300,736
2014-02-14,732,748,717,722,1541800,722
2014-02-17,721,737,713,735,927900,735
2014-02-18,748,776,743,769,1271300,769
2014-02-19,760,770,751,763,787700,763
2014-02-20,766,766,736,740,760400,740
2014-02-21,743,768,743,765,733200,765
2014-02-24,753,776,749,766,1053200,766
2014-02-25,780,784,765,781,967900,781
2014-02-26,775,793,774,788,897900,788
2014-02-27,795,826,792,821,2402300,821
2014-02-28,821,822,794,800,1947200,800
2014-03-03,791,798,768,775,1277900,775
2014-03-04,766,784,761,784,909600,784
2014-03-05,791,803,782,783,828700,783
2014-03-06,802,827,802,820,1621400,820
2014-03-07,830,834,809,821,1206600,821
2014-03-10,811,835,811,830,1009400,830
2014-03-11,825,826,803,813,1154500,813
2014-03-12,804,825,801,813,1116300,813
2014-03-13,814,837,814,829,1143600,829
2014-03-14,801,818,794,801,2665300,801
2014-03-17,791,798,769,778,1114800,778
2014-03-18,791,794,765,767,1395300,767
2014-03-19,774,778,750,772,1138200,772
2014-03-20,782,786,739,740,875500,740
2014-03-24,745,770,742,764,1155500,764
2014-03-25,759,775,747,763,567100,763
2014-03-26,769,773,740,745,1256500,745
2014-03-27,725,738,721,731,2076200,731
2014-03-28,726,747,722,743,1890100,743
2014-03-31,755,768,746,747,797200,747
2014-04-01,750,755,740,743,683600,743
2014-04-02,748,750,729,733,1440800,733
2014-04-03,738,739,713,714,1932500,714
2014-04-04,713,717,705,707,1300000,707
2014-04-07,702,705,694,702,837600,702
2014-04-08,709,715,700,705,1125100,705
2014-04-09,699,699,681,681,1358700,681
2014-04-10,689,704,678,685,1721100,685
2014-04-11,675,687,672,683,2461500,683
2014-04-14,677,683,666,677,885700,677
2014-04-15,690,699,685,686,816500,686
2014-04-16,700,705,691,704,936900,704
2014-04-17,705,713,701,706,727100,706
2014-04-18,711,712,706,709,387700,709
2014-04-21,710,712,701,703,393200,703
2014-04-22,708,711,688,690,608500,690
2014-04-23,697,701,688,692,501700,692
2014-04-24,697,698,674,678,847000,678
2014-04-25,682,683,668,673,854800,673
2014-04-28,667,672,655,659,684400,659
2014-04-30,659,666,651,655,880900,655
2014-05-01,655,665,653,662,1245800,662
2014-05-02,665,695,665,689,1599300,689
2014-05-07,674,675,657,657,1470300,657
2014-05-08,664,664,648,653,742100,653
2014-05-09,702,702,684,691,2212800,691
2014-05-12,687,693,676,687,959600,687
2014-05-13,677,687,635,639,3025000,639
2014-05-14,635,646,624,644,1699900,644
2014-05-15,637,649,632,646,930100,646
2014-05-16,632,640,625,636,952300,636
2014-05-19,637,642,619,621,826400,621
2014-05-20,620,624,603,607,1267900,607
2014-05-21,605,610,595,608,1001400,608
2014-05-22,618,635,614,626,1240500,626
2014-05-23,628,647,627,640,877600,640
2014-05-26,641,656,641,651,750400,651
2014-05-27,646,647,631,633,1181300,633
2014-05-28,631,633,618,627,1207600,627
2014-05-29,622,629,622,626,619500,626
2014-05-30,627,633,615,616,979400,616
2014-06-02,625,643,617,641,1269400,641
2014-06-03,654,661,646,647,1158200,647
2014-06-04,644,644,628,631,910100,631
2014-06-05,631,655,628,652,1322800,652
2014-06-06,665,678,663,667,1640900,667
2014-06-09,670,680,670,677,781400,677
2014-06-10,673,676,662,664,643900,664
2014-06-11,660,677,660,677,867900,677
2014-06-12,667,672,660,662,714400,662
2014-06-13,652,675,652,674,1496800,674
2014-06-16,674,679,661,666,671600,666
2014-06-17,671,677,666,674,487100,674
2014-06-18,680,683,672,679,544200,679
2014-06-19,680,694,679,691,771200,691
2014-06-20,690,698,688,690,712600,690
2014-06-23,700,719,699,717,1258700,717
2014-06-24,715,718,707,713,634200,713
2014-06-25,717,720,710,717,862900,717
2014-06-26,722,729,722,729,992800,729
2014-06-27,722,733,720,723,1177000,723
2014-06-30,723,739,722,733,996400,733
2014-07-01,728,757,727,751,1532600,751
2014-07-02,755,756,740,744,862700,744
2014-07-03,763,789,761,785,2448800,785
2014-07-04,785,793,772,784,1304400,784
2014-07-07,783,785,774,776,736100,776
2014-07-08,761,771,759,768,981200,768
2014-07-09,756,760,741,753,1346500,753
2014-07-10,755,766,747,750,667100,750
2014-07-11,743,748,734,744,790500,744
2014-07-14,737,749,731,746,842600,746
2014-07-15,755,756,740,750,647800,750
2014-07-16,745,757,728,755,971800,755
2014-07-17,757,765,755,761,842000,761
2014-07-18,741,745,738,744,730400,744
2014-07-22,741,764,741,756,673800,756
2014-07-23,765,776,765,771,625900,771
2014-07-24,776,779,766,768,760400,768
2014-07-25,774,774,757,769,509400,769
2014-07-28,773,777,765,769,438200,769
2014-07-29,776,777,765,767,633700,767
2014-07-30,761,775,761,774,505200,774
2014-07-31,779,792,769,774,1146900,774
2014-08-01,783,807,771,773,1409600,773
2014-08-04,768,770,757,763,750200,763
2014-08-05,768,779,758,758,633500,758
2014-08-06,755,761,737,738,673500,738
2014-08-07,734,743,728,738,622600,738
2014-08-08,720,753,706,712,3396200,712
2014-08-11,726,729,718,725,632800,725
2014-08-12,718,723,710,713,727500,713
2014-08-13,710,760,700,754,2389600,754
2014-08-14,767,794,766,779,2772800,779
2014-08-15,781,797,781,792,1147900,792
2014-08-18,787,793,775,778,817300,778
2014-08-19,784,796,778,789,959100,789
2014-08-20,793,804,789,800,1190500,800
2014-08-21,807,814,803,812,1189200,812
2014-08-22,813,831,809,827,1431400,827
2014-08-25,831,856,831,854,1420600,854
2014-08-26,848,862,837,852,1663800,852
2014-08-27,860,861,845,850,847300,850
2014-08-28,845,855,842,850,526800,850
2014-08-29,853,858,844,852,575000,852
2014-09-01,860,905,860,894,1612600,894
2014-09-02,905,917,898,909,1082300,909
2014-09-03,917,935,891,893,1741000,893
2014-09-04,888,902,880,885,881900,885
2014-09-05,897,904,886,888,552400,888
2014-09-08,882,893,880,885,393500,885
2014-09-09,890,894,826,849,3542200,849
2014-09-10,845,865,832,854,2120600,854
2014-09-11,850,880,850,876,1975800,876
2014-09-12,861,870,851,854,3274600,854
2014-09-16,865,879,854,859,1114300,859
2014-09-17,869,872,857,859,756800,859
2014-09-18,860,869,851,865,1055900,865
2014-09-19,877,879,864,865,974700,865
2014-09-22,859,862,827,830,1159000,830
2014-09-24,838,839,817,827,1493700,827
2014-09-25,843,844,816,819,1008700,819
2014-09-26,802,808,792,802,1545000,802
2014-09-29,824,828,796,805,1350200,805
2014-09-30,800,805,790,792,894800,792
2014-10-01,790,791,768,770,1365800,770
2014-10-02,756,762,740,745,1498500,745
2014-10-03,741,753,741,752,1091100,752
2014-10-06,767,788,757,785,1999900,785
2014-10-07,772,787,758,763,1590500,763
2014-10-08,748,756,742,753,870200,753
2014-10-09,741,743,703,705,2921900,705
2014-10-10,699,706,688,695,2121200,695
2014-10-14,670,682,662,669,1675300,669
2014-10-15,682,684,666,669,1317900,669
2014-10-16,653,655,643,646,1427300,646
2014-10-17,650,660,632,635,1578400,635
2014-10-20,657,659,650,659,1503300,659
2014-10-21,660,670,635,637,1799000,637
2014-10-22,647,651,633,643,1733300,643
2014-10-23,641,652,637,644,1120700,644
2014-10-24,654,657,644,648,1132100,648
2014-10-27,650,653,640,644,584000,644
2014-10-28,645,648,635,641,809000,641
2014-10-29,648,653,646,648,773900,648
2014-10-30,652,662,645,646,1383400,646
2014-10-31,653,678,647,673,1839200,673
2014-11-04,710,723,701,713,2702600,713
2014-11-05,713,724,707,715,1543200,715
2014-11-06,719,734,705,717,1477800,717
2014-11-07,747,802,746,782,3977600,782
2014-11-10,771,799,770,793,1802900,793
2014-11-11,793,807,787,804,1539400,804
2014-11-12,818,847,812,830,2982000,830
2014-11-13,822,845,813,841,1449300,841
2014-11-14,854,872,848,870,2443100,870
2014-11-17,882,889,837,843,2201100,843
2014-11-18,865,894,860,892,2168600,892
2014-11-19,894,928,883,923,2676100,923
2014-11-20,928,956,921,950,2673500,950
2014-11-21,940,955,918,954,2289100,954
2014-11-25,960,988,959,982,1613600,982
2014-11-26,990,991,966,969,1805200,969
2014-11-27,960,995,945,990,2221100,990
2014-11-28,996,996,977,986,1565600,986
2014-12-01,973,990,961,985,1325300,985
2014-12-02,985,1045,982,1032,2334700,1032
2014-12-03,1040,1054,1020,1031,2149300,1031
2014-12-04,1043,1086,1025,1084,2389100,1084
2014-12-05,1086,1086,1052,1068,2107700,1068
2014-12-08,1080,1117,1077,1099,1845900,1099
2014-12-09,1081,1112,1073,1077,1682100,1077
2014-12-10,1051,1073,1025,1036,2070600,1036
2014-12-11,1000,1032,998,1027,1573700,1027
2014-12-12,1042,1096,1039,1088,3110800,1088
2014-12-15,1059,1083,1023,1031,2945000,1031
2014-12-16,994,1013,977,983,2697600,983
2014-12-17,983,998,973,989,1751200,989
2014-12-18,1031,1055,982,990,2622300,990
2014-12-19,1019,1028,991,1006,2129700,1006
2014-12-22,1011,1014,986,993,1040100,993
2014-12-24,1007,1013,982,995,1429800,995
2014-12-25,988,992,970,984,680900,984
2014-12-26,988,1009,977,1002,663400,1002
2014-12-29,1010,1018,966,980,1212600,980
2014-12-30,972,974,956,963,870000,963
2015-01-05,948,976,939,967,1068200,967
2015-01-06,938,945,919,921,1175300,921
2015-01-07,908,930,908,915,1257200,915
2015-01-08,930,954,928,941,1468300,941
2015-01-09,947,953,923,930,1476200,930
2015-01-13,924,943,914,929,1160800,929
2015-01-14,914,927,889,890,1137400,890
2015-01-15,929,1013,924,1003,4020600,1003
2015-01-16,968,988,952,983,2370700,983
2015-01-19,998,1001,950,952,1322800,952
2015-01-20,922,943,905,922,2056200,922
2015-01-21,915,925,905,918,1499400,918
2015-01-22,918,921,885,888,1619800,888
2015-01-23,903,917,892,904,1073800,904
2015-01-26,887,904,884,902,717700,902
2015-01-27,917,918,904,907,768200,907
2015-01-28,902,919,893,896,1493600,896
2015-01-29,881,904,878,897,940900,897
2015-01-30,910,912,897,907,742400,907
2015-02-02,901,908,886,887,811700,887
2015-02-03,897,913,889,901,1017300,901
2015-02-04,916,933,910,915,1503700,915
2015-02-05,888,901,876,882,1621100,882
2015-02-06,830,862,822,858,2357100,858
2015-02-09,865,867,835,846,1132000,846
2015-02-10,843,853,834,850,1099400,850
2015-02-12,865,883,855,863,1202300,863
2015-02-13,837,849,823,829,2238700,829
2015-02-16,832,859,830,854,1185500,854
2015-02-17,853,893,851,872,1381000,872
2015-02-18,872,880,862,872,844800,872
2015-02-19,882,893,872,883,957900,883
2015-02-20,891,910,884,893,1049200,893
2015-02-23,913,923,907,916,1289600,916
2015-02-24,923,938,922,935,1155200,935
2015-02-25,939,945,916,921,1043900,921
2015-02-26,918,928,914,919,633900,919
2015-02-27,917,920,893,899,1083200,899
2015-03-02,894,913,892,906,1081400,906
2015-03-03,903,905,874,883,1453500,883
2015-03-04,875,891,867,881,731800,881
2015-03-05,871,900,870,899,760300,899
2015-03-06,903,918,898,904,789100,904
2015-03-09,889,893,878,880,986500,880
2015-03-10,882,887,858,864,1233900,864
2015-03-11,857,868,852,860,577300,860
2015-03-12,860,874,855,872,586700,872
2015-03-13,876,889,867,882,2331700,882
2015-03-16,888,905,877,901,1164900,901
2015-03-17,914,925,893,898,1216300,898
2015-03-18,913,993,912,968,5089800,968
2015-03-19,938,950,914,932,2719500,932
2015-03-20,926,936,909,916,1110900,916
2015-03-23,918,933,909,928,673900,928
2015-03-24,933,940,921,925,944200,925
2015-03-25,930,930,902,917,870900,917
2015-03-26,901,902,881,887,1142200,887
2015-03-27,873,882,843,865,1547800,865
2015-03-30,853,872,850,868,1177000,868
2015-03-31,870,908,870,893,1814700,893
2015-04-01,899,905,883,890,1687700,890
2015-04-02,900,908,882,888,1128600,888
2015-04-03,896,942,891,933,2349600,933
2015-04-06,923,948,917,932,1283600,932
2015-04-07,935,942,929,940,1139600,940
2015-04-08,950,974,948,952,1339900,952
2015-04-09,959,967,948,954,1036800,954
2015-04-10,961,962,916,918,3811500,918
2015-04-13,928,988,922,984,5320600,984
2015-04-14,963,993,951,974,2583600,974
2015-04-15,965,973,942,948,1421000,948
2015-04-16,941,944,926,933,1070500,933
2015-04-17,925,928,906,913,1558400,913
2015-04-20,913,939,913,913,1219400,913
2015-04-21,920,925,900,914,1090100,914
2015-04-22,918,926,908,926,999700,926
2015-04-23,929,941,921,936,1477500,936
2015-04-24,938,949,927,945,970600,945
2015-04-27,944,946,918,920,1242400,920
2015-04-28,925,926,908,914,1145600,914
2015-04-30,908,909,892,896,1238900,896
2015-05-01,890,910,880,896,1084700,896
2015-05-07,882,891,871,883,1259900,883
2015-05-08,888,906,887,899,1013500,899
2015-05-11,914,939,909,939,1540000,939
2015-05-12,930,950,927,950,1224600,950
2015-05-13,913,921,872,873,4177300,873
2015-05-14,874,877,856,862,2028400,862
2015-05-15,867,869,840,841,2234700,841
2015-05-18,849,855,842,853,1206600,853
2015-05-19,854,856,837,845,1961400,845
2015-05-20,847,875,837,872,2223000,872
2015-05-21,880,886,868,877,1702900,877
2015-05-22,872,895,872,891,1667400,891
2015-05-25,896,906,894,899,1039100,899
2015-05-26,898,902,888,900,1072800,900
2015-05-27,895,905,886,902,1325200,902
2015-05-28,909,911,852,878,3379100,878
2015-05-29,870,881,862,876,1536900,876
2015-06-01,874,879,868,871,654800,871
2015-06-02,882,887,870,874,1196600,874
2015-06-03,865,880,865,872,1228600,872
2015-06-04,873,882,865,869,1572300,869
2015-06-05,869,871,853,859,1180100,859
2015-06-08,857,863,851,857,726600,857
2015-06-09,852,857,840,842,1443300,842
2015-06-10,848,854,835,846,1512100,846
2015-06-11,856,865,851,865,1125400,865
2015-06-12,875,877,860,877,2196600,877
2015-06-15,879,893,874,883,1689300,883
2015-06-16,882,891,880,886,1343900,886
2015-06-17,883,886,856,863,963400,863
2015-06-18,864,866,844,847,886900,847
2015-06-19,854,861,840,843,2172700,843
2015-06-22,843,850,840,848,707300,848
2015-06-23,852,883,852,870,1443100,870
2015-06-24,880,894,870,871,1560700,871
2015-06-25,870,878,856,872,1059900,872
2015-06-26,873,873,856,856,747600,856
2015-06-29,841,843,824,824,1387500,824
2015-06-30,841,842,816,830,1161500,830
2015-07-01,829,834,824,832,492100,832
2015-07-02,846,848,830,832,1017500,832
2015-07-03,830,841,828,841,442700,841
2015-07-06,821,824,800,803,1649600,803
2015-07-07,810,817,806,808,1157800,808
2015-07-08,803,808,775,776,1699200,776
2015-07-09,753,768,726,762,2368100,762
2015-07-10,765,780,750,776,1969700,776
2015-07-13,785,796,771,780,1638000,780
2015-07-14,795,832,787,824,2552700,824
2015-07-15,819,862,816,851,3634300,851
2015-07-16,846,848,812,813,2580300,813
2015-07-17,812,838,811,832,4172400,832
2015-07-21,839,854,835,852,2566600,852
2015-07-22,842,858,841,844,1924000,844
2015-07-23,849,854,835,838,1364600,838
2015-07-24,829,836,819,822,1182600,822
2015-07-27,809,811,789,801,2298200,801
2015-07-28,790,807,787,806,1328100,806
2015-07-29,796,799,770,774,2453700,774
2015-07-30,778,788,776,782,1429800,782
2015-07-31,782,797,780,789,911900,789
2015-08-03,791,796,781,788,1707300,788
2015-08-04,782,794,767,774,1836500,774
2015-08-05,775,791,766,788,1259100,788
2015-08-06,798,825,797,815,1553500,815
2015-08-07,750,750,720,745,3563700,745
2015-08-10,743,752,739,749,1428600,749
2015-08-11,757,814,756,775,2958600,775
2015-08-12,766,777,761,765,1042200,765
2015-08-13,765,783,758,770,1337200,770
2015-08-14,767,773,763,769,774300,769
2015-08-17,776,781,769,773,605700,773
2015-08-18,773,786,770,782,497900,782
2015-08-19,777,783,768,770,689600,770
2015-08-20,763,775,755,760,711400,760
2015-08-21,740,747,726,729,1258300,729
2015-08-24,710,713,676,680,2224100,680
2015-08-25,660,713,652,659,2233700,659
2015-08-26,663,692,661,692,1611600,692
2015-08-27,699,708,676,682,1170100,682
2015-08-28,695,704,688,699,1637800,699
2015-08-31,703,708,680,692,1027400,692
2015-09-01,670,680,651,653,1630000,653
2015-09-02,644,651,635,639,1216000,639
2015-09-03,658,668,651,663,1052100,663
2015-09-04,655,657,629,636,899700,636
2015-09-07,627,650,621,646,650700,646
2015-09-08,648,662,638,639,1079000,639
2015-09-09,665,690,658,687,1544700,687
2015-09-10,661,683,658,680,811400,680
2015-09-11,693,699,666,669,2201100,669
2015-09-14,670,681,654,661,683300,661
2015-09-15,674,705,672,681,1919300,681
2015-09-16,686,715,686,698,1588300,698
2015-09-17,708,723,705,711,817400,711
2015-09-18,703,703,678,684,699500,684
2015-09-24,668,679,653,656,864500,656
2015-09-25,664,671,648,671,1126400,671
2015-09-28,681,681,653,655,714900,655
2015-09-29,651,654,637,639,1262700,639
2015-09-30,650,661,642,660,864600,660
2015-10-01,666,682,661,675,1184300,675
2015-10-02,662,694,659,676,1033700,676
2015-10-05,683,695,676,690,742300,690
2015-10-06,700,708,681,686,1011900,686
2015-10-07,674,682,667,671,1501400,671
2015-10-08,675,688,668,672,1288200,672
2015-10-09,666,676,662,673,2411500,673
2015-10-13,676,690,669,669,1851600,669
2015-10-14,668,671,652,657,1670700,657
2015-10-15,666,666,638,654,1615300,654
2015-10-16,660,679,659,673,1519500,673
2015-10-19,683,685,664,666,990400,666
2015-10-20,666,682,661,678,760900,678
2015-10-21,676,709,675,701,1924700,701
2015-10-22,700,720,699,704,943800,704
2015-10-23,720,732,719,724,1409100,724
2015-10-26,734,735,717,720,1030900,720
2015-10-27,723,725,706,714,773400,714
2015-10-28,709,718,707,715,365900,715
2015-10-29,729,733,716,726,1116200,726
2015-10-30,726,739,714,737,1192800,737
2015-11-02,726,728,715,721,858100,721
2015-11-04,738,749,734,734,1175500,734
2015-11-05,730,748,725,744,660100,744
2015-11-06,619,650,603,629,5619400,629
2015-11-09,633,638,621,638,2673200,638
2015-11-10,630,636,622,633,1693400,633
2015-11-11,632,640,630,635,1644800,635
2015-11-12,631,641,625,636,1156400,636
2015-11-13,630,635,628,635,1041000,635
2015-11-16,623,624,619,620,730500,620
2015-11-17,615,622,612,613,1530100,613
2015-11-18,619,634,618,621,1240800,621
2015-11-19,628,645,627,642,1633100,642
2015-11-20,640,649,637,649,936900,649
2015-11-24,643,661,642,656,889100,656
2015-11-25,654,665,653,661,1045400,661
2015-11-26,663,668,656,666,1042300,666
2015-11-27,666,691,666,676,1723800,676
2015-11-30,678,685,664,672,941300,672
2015-12-01,673,682,670,678,1109200,678
2015-12-02,660,669,660,662,1321400,662
2015-12-03,659,667,654,660,829300,660
2015-12-04,648,654,642,648,946400,648
2015-12-07,658,668,657,662,898100,662
2015-12-08,655,659,641,644,870100,644
2015-12-09,638,645,635,641,883300,641
2015-12-10,635,648,632,646,954500,646
2015-12-11,638,657,638,651,1892100,651
2015-12-14,631,634,615,622,2189600,622
2015-12-15,620,621,608,610,966800,610
2015-12-16,603,615,603,613,1013400,613
2015-12-17,621,630,611,615,1385600,615
2015-12-18,615,626,604,610,2091400,610
2015-12-21,601,639,583,628,1454600,628
2015-12-22,668,727,662,690,11554000,690
2015-12-24,680,713,673,706,5552000,706
2015-12-25,701,714,668,684,2393400,684
2015-12-28,689,707,689,696,1193000,696
2015-12-29,693,701,685,699,663800,699
2015-12-30,696,712,681,689,1285200,689
2016-01-04,688,700,670,673,1376800,673
2016-01-05,672,687,664,672,1070000,672
2016-01-06,675,678,656,666,1203400,666
2016-01-07,660,671,656,656,1082300,656
2016-01-08,646,676,643,662,1811200,662
2016-01-12,649,654,620,626,2301800,626
2016-01-13,618,639,613,628,2532700,628
2016-01-14,610,611,586,601,1992200,601
2016-01-15,605,608,574,578,2073100,578
2016-01-18,565,574,548,569,1409100,569
2016-01-19,559,578,551,576,964100,576
2016-01-20,572,588,548,552,1444100,552
2016-01-21,542,580,542,554,1645200,554
2016-01-22,572,584,567,582,1084000,582
2016-01-25,586,595,575,579,685400,579
2016-01-26,570,570,552,555,982500,555
2016-01-27,556,571,556,568,698700,568
2016-01-28,567,567,536,537,1472600,537
2016-01-29,538,572,535,567,1899100,567
2016-02-01,563,590,557,584,1277900,584
2016-02-02,568,572,547,553,1374800,553
2016-02-03,537,539,512,516,1385100,516
2016-02-04,515,543,515,534,1510700,534
2016-02-05,504,526,502,512,1453800,512
2016-02-08,512,519,496,516,1189300,516
2016-02-09,497,498,476,480,1478500,480
2016-02-10,478,497,465,474,1987300,474
2016-02-12,456,464,439,445,2480100,445
2016-02-15,455,470,451,467,1133800,467
2016-02-16,462,494,462,479,1023100,479
2016-02-17,479,500,467,474,1087800,474
2016-02-18,491,505,484,496,1012400,496
2016-02-19,492,495,474,491,1112600,491
2016-02-22,484,494,482,487,575400,487
2016-02-23,488,519,488,505,959500,505
2016-02-24,497,501,483,487,800800,487
2016-02-25,491,508,488,504,638500,504
2016-02-26,513,524,508,509,782400,509
2016-02-29,499,527,494,515,932200,515
2016-03-01,513,523,495,521,1256400,521
2016-03-02,539,574,537,569,1987600,569
2016-03-03,562,586,562,584,1322100,584
2016-03-04,587,609,587,596,820600,596
2016-03-07,607,613,584,588,872800,588
2016-03-08,598,600,570,585,1121500,585
2016-03-09,570,585,561,579,885200,579
2016-03-10,589,592,567,571,834100,571
2016-03-11,562,588,561,582,1667200,582
2016-03-14,595,604,594,601,663000,601
2016-03-15,605,608,590,595,473300,595
2016-03-16,590,594,585,588,273700,588
2016-03-17,588,601,572,580,514000,580
2016-03-18,582,591,566,575,818600,575
2016-03-22,585,586,573,585,559200,585
2016-03-23,581,588,566,568,592400,568
2016-03-24,569,572,557,559,634900,559
2016-03-25,559,575,556,575,523700,575
2016-03-28,583,587,579,580,397900,580
2016-03-29,571,578,559,564,645900,564
2016-03-30,572,574,548,551,782100,551
2016-03-31,521,541,518,523,2040400,523
2016-04-01,518,524,499,502,1431900,502
2016-04-04,498,510,486,491,821900,491
2016-04-05,490,492,471,474,868700,474
2016-04-06,466,474,461,464,920700,464
2016-04-07,460,470,447,453,1684600,453
2016-04-08,458,479,450,470,1226200,470
2016-04-11,468,476,458,472,776500,472
2016-04-12,467,504,467,502,871600,502
2016-04-13,511,531,502,527,879400,527
2016-04-14,537,551,534,543,945400,543
2016-04-15,534,551,529,543,714800,543
2016-04-18,515,530,515,520,890300,520
2016-04-19,540,555,538,549,1112800,549
2016-04-20,562,568,549,556,1115300,556
2016-04-21,575,575,559,568,786900,568
2016-04-22,558,578,554,578,1264400,578
2016-04-25,581,589,572,573,839700,573
2016-04-26,572,574,556,558,764000,558
2016-04-27,556,556,541,551,1384300,551
2016-04-28,558,581,539,542,1309600,542
2016-05-02,519,524,511,515,1053200,515
2016-05-06,516,526,505,508,1010000,508
2016-05-09,510,516,505,508,668400,508
2016-05-10,507,521,496,518,894900,518
2016-05-11,526,560,526,532,1137100,532
2016-05-12,529,529,514,527,840200,527
2016-05-13,533,533,499,501,1139900,501
2016-05-16,498,516,496,509,732100,509
2016-05-17,518,525,514,525,662100,525
2016-05-18,516,524,506,512,957300,512
2016-05-19,515,522,503,503,926000,503
2016-05-20,507,509,497,505,522800,505
2016-05-23,503,508,487,501,860000,501
2016-05-24,495,496,478,482,1297800,482
2016-05-25,490,498,485,498,635100,498
2016-05-26,502,509,491,497,500800,497
2016-05-27,493,500,490,500,363000,500
2016-05-30,507,510,500,510,579400,510
2016-05-31,500,524,498,523,975300,523
2016-06-01,513,527,511,521,698300,521
2016-06-02,516,516,499,505,683200,505
2016-06-03,504,510,495,495,446300,495
2016-06-06,485,491,477,490,544200,490
2016-06-07,491,502,490,500,562600,500
2016-06-08,501,508,494,507,431900,507
2016-06-09,502,502,487,488,478000,488
2016-06-10,488,489,479,482,1520100,482
2016-06-13,474,474,454,455,719200,455
2016-06-14,455,457,442,449,803200,449
2016-06-15,444,465,444,463,522900,463
2016-06-16,462,462,436,440,1169800,440
2016-06-17,448,454,440,447,916200,447
2016-06-20,455,468,455,466,952500,466
2016-06-21,462,465,447,463,1023400,463
2016-06-22,461,461,446,453,856700,453
2016-06-23,450,462,440,462,646300,462
2016-06-24,470,476,403,415,1181600,415
2016-06-27,420,420,392,399,1078700,399
2016-06-28,392,394,378,391,1736100,391
2016-06-29,399,407,394,405,1028800,405
2016-06-30,413,419,407,410,823600,410
2016-07-01,415,419,405,408,788900,408
2016-07-04,402,408,395,407,974400,407
2016-07-05,413,413,390,393,1050200,393
2016-07-06,388,389,376,381,1122200,381
2016-07-07,381,388,376,379,968400,379
2016-07-08,380,388,377,381,1196500,381
2016-07-11,395,411,393,410,1212500,410
2016-07-12,420,437,420,427,2137600,427
2016-07-13,449,456,443,445,1454400,445
2016-07-14,440,450,434,447,1190200,447
2016-07-15,456,471,453,464,1385300,464
2016-07-19,468,482,464,472,2195600,472
2016-07-20,468,468,450,458,1553100,458
2016-07-21,498,538,495,523,6420200,523
2016-07-22,505,541,503,519,3599200,519
2016-07-25,513,524,497,504,2426100,504
2016-07-26,495,500,480,486,2303700,486
2016-07-27,542,566,513,566,15086800,566
2016-07-28,580,586,492,513,43434700,513
2016-07-29,508,522,486,520,8557900,520
2016-08-01,504,518,501,509,3927000,509
2016-08-02,508,513,488,491,3539300,491
2016-08-03,475,507,471,485,4758500,485
2016-08-04,489,524,487,516,4550000,516
2016-08-05,514,534,504,520,4606300,520
2016-08-08,530,542,525,538,3488400,538
2016-08-09,542,561,535,557,4942700,557
2016-08-10,553,555,539,544,2903900,544
2016-08-12,550,574,537,570,4312300,570
2016-08-15,573,583,561,563,3108400,563
2016-08-16,566,576,557,557,2482000,557
2016-08-17,554,565,551,563,2162000,563
2016-08-18,563,589,553,570,4246400,570
2016-08-19,573,579,567,573,2436300,573
2016-08-22,578,595,576,592,2474500,592
2016-08-23,592,596,576,578,2634500,578
2016-08-24,577,581,563,565,2867700,565
2016-08-25,570,574,560,565,3145200,565
2016-08-26,557,561,543,547,2926000,547
2016-08-29,563,580,562,576,2597600,576
2016-08-30,577,589,573,585,2046600,585
2016-08-31,605,645,603,641,9130700,641
2016-09-01,631,652,623,632,5655600,632
2016-09-02,622,628,607,621,3405100,621
2016-09-05,638,640,622,625,1973000,625
2016-09-06,619,626,609,619,1841200,619
2016-09-07,600,610,591,607,2593300,607
2016-09-08,627,628,602,615,5323800,615
2016-09-09,605,623,599,618,3650000,618
2016-09-12,600,607,587,592,3349300,592
2016-09-13,598,599,580,593,2498600,593
2016-09-14,588,594,575,577,2875500,577
2016-09-15,576,587,572,580,2065200,580
2016-09-16,578,607,575,580,4079300,580
2016-09-20,566,581,557,577,2595900,577
2016-09-21,567,586,552,583,6306500,583
2016-09-23,575,579,569,571,2001600,571
2016-09-26,573,581,559,559,2202800,559
2016-09-27,552,567,542,566,1825800,566
2016-09-28,557,566,556,557,1180100,557
2016-09-29,564,587,563,582,2003700,582
2016-09-30,577,578,564,564,1618800,564
2016-10-03,569,579,563,567,1150000,567
2016-10-04,574,584,569,582,1266500,582
2016-10-05,584,592,581,586,1070200,586
2016-10-06,595,606,592,593,1667100,593
2016-10-07,586,605,586,603,1272000,603
2016-10-11,612,621,611,619,1593200,619
2016-10-12,609,624,603,621,1438900,621
2016-10-13,624,629,603,606,1426600,606
2016-10-14,596,613,596,610,1663000,610
2016-10-17,617,618,608,611,1294500,611
2016-10-18,609,615,602,611,786500,611
2016-10-19,610,616,608,612,858200,612
2016-10-20,608,624,605,623,1715600,623
2016-10-21,627,627,618,619,1198800,619
2016-10-24,625,625,614,616,804600,616
2016-10-25,620,629,619,621,790500,621
2016-10-26,615,620,613,617,726300,617
2016-10-27,619,627,617,626,929500,626
2016-10-28,629,644,629,633,1914400,633
2016-10-31,633,641,629,638,891900,638
2016-11-01,631,637,625,628,1010200,628
2016-11-02,612,612,597,598,1399000,598
2016-11-04,568,572,543,559,2644900,559
2016-11-07,568,580,567,579,1575200,579
2016-11-08,588,589,580,587,1235400,587
2016-11-09,585,596,523,530,3905300,530
2016-11-10,580,583,571,582,1669500,582
2016-11-11,585,598,579,579,2216900,579
2016-11-14,587,606,587,600,1648900,600
2016-11-15,604,609,597,601,947400,601
2016-11-16,611,621,606,620,1788600,620
2016-11-17,618,632,616,626,2375800,626
2016-11-18,635,660,635,656,2871100,656
2016-11-21,656,668,655,667,1315400,667
2016-11-22,662,668,653,665,869600,665
2016-11-24,674,679,671,676,1234700,676
2016-11-25,678,694,674,681,1295300,681
2016-11-28,671,677,661,675,909700,675
2016-11-29,664,672,661,667,1082500,667
2016-11-30,679,679,666,666,1077600,666
2016-12-01,681,702,681,688,1654200,688
2016-12-02,688,696,676,695,1314700,695
2016-12-05,680,694,679,690,1064900,690
2016-12-06,697,703,689,698,1205100,698
2016-12-07,697,702,671,690,1639800,690
2016-12-08,694,698,675,684,1454300,684
2016-12-09,694,698,685,695,2310200,695
2016-12-12,700,718,695,699,1969600,699
2016-12-13,689,690,674,683,1330400,683
2016-12-14,684,687,676,685,1926500,685
2016-12-15,685,703,680,691,1254200,691
2016-12-16,699,711,696,706,1573000,706
2016-12-19,698,708,695,703,829700,703
2016-12-20,703,703,690,698,635500,698
2016-12-21,703,712,696,700,994700,700
2016-12-22,695,700,692,697,808400,697
2016-12-26,697,698,680,681,780700,681
2016-12-27,671,681,670,672,778700,672
2016-12-28,670,675,665,666,872800,666
2016-12-29,658,658,642,643,1673300,643
2016-12-30,638,648,638,642,1185900,642
2017-01-04,652,676,643,675,1450300,675
