Date,Open,High,Low,Close,Volume,Adj Close
2008-10-20,525,542,514,538,2840600,538
2008-10-21,564,571,555,568,2618700,568
2008-10-22,570,570,545,547,3517000,547
2008-10-23,550,552,511,539,4596000,539
2008-10-24,549,551,486,487,3440100,487
2008-10-27,511,557,491,497,6567500,497
2008-10-28,482,503,429,502,5721300,502
2008-10-29,492,527,474,518,3170100,518
2008-10-30,520,580,518,573,2112600,573
2008-10-31,570,574,527,527,2376700,527
2008-11-04,547,569,540,560,2043400,560
2008-11-05,580,586,535,563,2723700,563
2008-11-06,506,517,476,483,4026800,483
2008-11-07,450,494,441,458,4715200,458
2008-11-10,482,491,470,482,3060200,482
2008-11-11,484,495,465,466,2128200,466
2008-11-12,467,487,462,466,2515900,466
2008-11-13,450,461,425,432,2731300,432
2008-11-14,457,472,451,468,3469000,468
2008-11-17,460,478,442,466,2127000,466
2008-11-18,454,460,446,452,1540200,452
2008-11-19,450,460,431,444,1611600,444
2008-11-20,420,428,404,404,1480100,404
2008-11-21,400,437,390,427,1997700,427
2008-11-25,442,456,436,456,1802400,456
2008-11-26,443,460,442,445,1162100,445
2008-11-27,430,445,423,435,1647300,435
2008-11-28,440,443,420,425,1885300,425
2008-12-01,430,441,428,434,990300,434
2008-12-02,404,414,393,396,1322400,396
2008-12-03,406,415,393,402,1193900,402
2008-12-04,412,418,393,393,1552500,393
2008-12-05,389,392,380,382,1908300,382
2008-12-08,380,398,369,395,1631400,395
2008-12-09,405,414,394,397,1241800,397
2008-12-10,412,419,398,417,1345800,417
2008-12-11,410,416,403,416,1304200,416
2008-12-12,396,413,381,388,3565900,388
2008-12-15,407,421,401,417,1724200,417
2008-12-16,418,419,401,411,949500,411
2008-12-17,416,422,392,404,2177600,404
2008-12-18,394,411,392,406,1017100,406
2008-12-19,406,409,392,396,1304900,396
2008-12-22,391,403,390,401,924400,401
2008-12-24,393,403,392,392,640800,392
2008-12-25,400,401,394,401,263300,401
2008-12-26,408,414,399,413,577300,413
2008-12-29,417,427,414,422,847500,422
2008-12-30,427,435,422,435,319900,435
2009-01-05,440,449,439,443,428500,443
2009-01-06,450,458,447,457,1029700,457
2009-01-07,456,480,454,473,2073000,473
2009-01-08,470,470,453,454,1109700,454
2009-01-09,469,476,457,469,1912900,469
2009-01-13,455,455,421,423,1394500,423
2009-01-14,428,451,424,446,1449700,446
2009-01-15,421,421,397,405,2191300,405
2009-01-16,415,428,409,424,1490700,424
2009-01-19,432,435,420,420,913800,420
2009-01-20,418,419,402,412,1110200,412
2009-01-21,397,402,392,395,1684300,395
2009-01-22,402,404,388,395,1729400,395
2009-01-23,400,400,381,382,1365100,382
2009-01-26,372,378,367,369,1112700,369
2009-01-27,367,380,362,377,1798600,377
2009-01-28,372,385,371,381,1004300,381
2009-01-29,386,404,385,399,2054700,399
2009-01-30,380,387,378,386,1533400,386
2009-02-02,372,375,365,371,1553600,371
2009-02-03,366,393,366,375,1295700,375
2009-02-04,377,392,372,386,1396100,386
2009-02-05,371,381,362,368,2121700,368
2009-02-06,373,380,365,366,1551800,366
2009-02-09,380,380,347,347,2289100,347
2009-02-10,348,354,335,340,1353900,340
2009-02-12,338,338,312,313,2087400,313
2009-02-13,314,321,310,311,2157700,311
2009-02-16,314,314,302,304,1684800,304
2009-02-17,296,298,287,290,2138900,290
2009-02-18,290,296,286,286,1644400,286
2009-02-19,287,292,283,284,1741500,284
2009-02-20,279,279,268,270,2449800,270
2009-02-23,263,272,256,270,1464800,270
2009-02-24,266,273,262,269,1403400,269
2009-02-25,277,282,271,277,1551200,277
2009-02-26,278,286,277,279,1304000,279
2009-02-27,277,280,269,275,1319700,275
2009-03-02,266,271,258,259,1340800,259
2009-03-03,252,265,249,261,1425700,261
2009-03-04,260,265,258,262,1670100,262
2009-03-05,264,281,264,273,1477300,273
2009-03-06,264,266,253,256,1767300,256
2009-03-09,253,260,253,257,862900,257
2009-03-10,255,261,253,259,1112900,259
2009-03-11,269,275,264,275,1395400,275
2009-03-12,273,280,270,277,1675700,277
2009-03-13,307,311,301,308,5400500,308
2009-03-16,304,327,304,324,2219100,324
2009-03-17,324,339,315,337,1719100,337
2009-03-18,332,342,327,341,2030500,341
2009-03-19,333,336,315,317,2510200,317
2009-03-23,313,328,302,324,2748100,324
2009-03-24,349,356,339,354,2326400,354
2009-03-25,364,364,351,361,1849900,361
2009-03-26,351,366,346,366,1293100,366
2009-03-27,375,379,368,369,991000,369
2009-03-30,371,378,350,351,1272500,351
2009-03-31,341,361,335,337,2722100,337
2009-04-01,340,355,334,355,1378100,355
2009-04-02,360,380,355,380,1994400,380
2009-04-03,395,396,376,384,1230600,384
2009-04-06,399,427,398,414,2223600,414
2009-04-07,415,423,404,420,2129100,420
2009-04-08,409,412,401,406,1321500,406
2009-04-09,411,437,410,437,1499900,437
2009-04-10,450,468,440,462,2901300,462
2009-04-13,472,479,467,475,2065700,475
2009-04-14,479,483,447,455,1735300,455
2009-04-15,450,469,448,458,1949000,458
2009-04-16,468,485,461,464,1646400,464
2009-04-17,476,488,472,482,1697500,482
2009-04-20,480,492,475,488,1330000,488
2009-04-21,465,483,460,477,1472100,477
2009-04-22,480,484,469,474,1759700,474
2009-04-23,482,490,465,489,1387300,489
2009-04-24,490,569,490,554,6710600,554
2009-04-27,527,539,520,530,2675300,530
2009-04-28,531,546,505,505,2091200,505
2009-04-30,523,537,519,525,1913900,525
2009-05-01,516,549,513,543,1514600,543
2009-05-07,565,610,565,609,4916500,609
2009-05-08,605,608,586,608,3132800,608
2009-05-11,609,609,575,584,2824300,584
2009-05-12,579,596,565,590,2137000,590
2009-05-13,585,587,566,577,2011300,577
2009-05-14,540,541,511,515,3994500,515
2009-05-15,511,529,505,526,2539200,526
2009-05-18,520,520,490,495,2521600,495
2009-05-19,510,522,505,516,2622800,516
2009-05-20,515,520,500,509,2241600,509
2009-05-21,507,514,501,513,1887300,513
2009-05-22,493,506,493,497,2190900,497
2009-05-25,501,509,488,494,1912300,494
2009-05-26,497,498,471,476,1968800,476
2009-05-27,478,495,476,479,3098000,479
2009-05-28,474,512,472,505,2420700,505
2009-05-29,505,514,496,511,7094300,511
2009-06-01,515,529,509,525,3132400,525
2009-06-02,528,539,525,534,2592600,534
2009-06-03,534,556,534,546,2711700,546
2009-06-04,536,545,533,541,1672700,541
2009-06-05,551,551,538,543,1232200,543
2009-06-08,523,548,523,547,2257100,547
2009-06-09,543,553,539,543,2063300,543
2009-06-10,537,548,533,545,1548200,545
2009-06-11,549,550,539,547,1379600,547
2009-06-12,549,561,530,557,5257600,557
2009-06-15,558,558,541,543,1102700,543
2009-06-16,530,532,509,509,1682000,509
2009-06-17,509,523,502,521,1707700,521
2009-06-18,516,517,489,499,1526800,499
2009-06-19,508,515,491,497,1677600,497
2009-06-22,489,493,477,487,1510600,487
2009-06-23,472,478,462,465,1962900,465
2009-06-24,471,479,465,477,1692300,477
2009-06-25,487,507,486,498,1877100,498
2009-06-26,506,508,492,504,961400,504
2009-06-29,499,514,495,500,1435500,500
2009-06-30,512,531,511,525,1930100,525
2009-07-01,517,529,509,523,1365400,523
2009-07-02,523,525,514,521,1450500,521
2009-07-03,511,521,503,520,1076000,520
2009-07-06,509,513,493,499,1315800,499
2009-07-07,504,505,490,492,1355100,492
2009-07-08,487,488,476,477,1489900,477
2009-07-09,472,480,465,469,1081200,469
2009-07-10,474,491,467,470,2121500,470
2009-07-13,460,463,425,427,2339300,427
2009-07-14,440,459,440,459,1693000,459
2009-07-15,449,460,446,455,1519100,455
2009-07-16,470,483,470,476,1857500,476
2009-07-17,477,483,462,478,1279700,478
2009-07-21,493,502,481,501,1212900,501
2009-07-22,500,510,487,509,1516600,509
2009-07-23,505,529,504,523,1540000,523
2009-07-24,533,536,526,534,1282200,534
2009-07-27,534,550,532,547,1257900,547
2009-07-28,543,547,526,529,1508700,529
2009-07-29,519,532,515,520,1794900,520
2009-07-30,530,532,518,524,1132600,524
2009-07-31,535,536,521,528,1217800,528
2009-08-03,525,534,522,532,948500,532
2009-08-04,537,542,531,532,1206800,532
2009-08-05,536,539,514,515,1344900,515
2009-08-06,510,576,503,570,5671800,570
2009-08-07,568,582,558,580,2567000,580
2009-08-10,593,594,581,586,2068300,586
2009-08-11,593,594,587,593,1765200,593
2009-08-12,579,594,577,588,1578000,588
2009-08-13,598,598,582,591,1204200,591
2009-08-14,596,600,585,595,2004300,595
2009-08-17,595,595,571,574,1117500,574
2009-08-18,559,571,553,561,1655300,561
2009-08-19,561,562,545,548,1510200,548
2009-08-20,545,554,541,549,1284200,549
2009-08-21,555,557,531,535,1333800,535
2009-08-24,553,569,552,568,2089900,568
2009-08-25,560,560,541,548,1941900,548
2009-08-26,550,555,547,551,1488300,551
2009-08-27,554,556,536,539,1343000,539
2009-08-28,539,548,539,543,1360300,543
2009-08-31,560,564,547,561,3505400,561
2009-09-01,565,597,560,595,4876500,595
2009-09-02,570,590,565,585,3469700,585
2009-09-03,590,637,578,631,8562200,631
2009-09-04,619,657,614,630,7254600,630
2009-09-07,645,682,640,679,7046200,679
2009-09-08,683,691,652,665,5014900,665
2009-09-09,648,660,632,637,3696600,637
2009-09-10,650,656,640,645,2485400,645
2009-09-11,640,649,624,626,5184700,626
2009-09-14,627,627,605,608,1540800,608
2009-09-15,606,618,595,606,2117900,606
2009-09-16,611,621,600,605,2028600,605
2009-09-17,624,625,607,619,1455900,619
2009-09-18,606,615,587,612,2826100,612
2009-09-24,602,620,601,616,2073600,616
2009-09-25,612,614,598,604,1174200,604
2009-09-28,584,584,565,568,1698800,568
2009-09-29,578,587,569,572,1616400,572
2009-09-30,542,552,515,518,5664900,518
2009-10-01,530,541,520,525,3927800,525
2009-10-02,504,514,489,496,2642800,496
2009-10-05,486,488,477,480,2005900,480
2009-10-06,480,495,480,487,2197500,487
2009-10-07,488,509,488,506,2821100,506
2009-10-08,526,529,510,519,3193100,519
2009-10-09,525,541,519,534,3464800,534
2009-10-13,539,544,533,533,1880500,533
2009-10-14,543,543,520,525,1294100,525
2009-10-15,535,543,525,529,1385700,529
2009-10-16,539,539,521,524,1403200,524
2009-10-19,533,559,531,550,3512200,550
2009-10-20,562,580,558,575,3006000,575
2009-10-21,595,603,588,599,3442400,599
2009-10-22,599,617,599,617,3262200,617
2009-10-23,617,624,611,617,3498500,617
2009-10-26,605,617,600,608,1698700,608
2009-10-27,602,608,597,600,1397300,600
2009-10-28,592,598,574,580,1532800,580
2009-10-29,561,569,554,563,1659900,563
2009-10-30,573,582,566,578,1392900,578
2009-11-02,547,551,541,543,1778300,543
2009-11-04,548,559,543,559,1534400,559
2009-11-05,549,555,531,537,2046800,537
2009-11-06,547,552,539,541,1302400,541
2009-11-09,551,551,539,548,1010800,548
2009-11-10,562,577,560,562,2138300,562
2009-11-11,570,586,563,570,2075900,570
2009-11-12,540,556,514,517,3724400,517
2009-11-13,505,515,495,505,3004200,505
2009-11-16,500,508,484,489,2310900,489
2009-11-17,489,492,471,473,2397000,473
2009-11-18,480,488,471,475,1927500,475
2009-11-19,477,482,456,461,2389700,461
2009-11-20,451,479,451,474,2359500,474
2009-11-24,482,486,469,472,2737100,472
2009-11-25,477,483,471,480,2732600,480
2009-11-26,484,504,477,498,3784300,498
2009-11-27,483,488,458,464,2187700,464
2009-11-30,488,495,483,495,2890500,495
2009-12-01,480,494,463,492,3386900,492
2009-12-02,495,499,484,494,1907400,494
2009-12-03,500,518,499,518,2202500,518
2009-12-04,513,523,506,522,1741500,522
2009-12-07,542,549,537,545,2423800,545
2009-12-08,535,539,526,533,1402900,533
2009-12-09,517,520,510,514,1561500,514
2009-12-10,515,518,502,505,1389600,505
2009-12-11,512,535,505,534,3707100,534
2009-12-14,528,531,516,527,1655300,527
2009-12-15,529,529,517,523,1187300,523
2009-12-16,528,536,523,527,903500,527
2009-12-17,527,532,521,521,1265100,521
2009-12-18,513,522,507,520,1521400,520
2009-12-21,519,529,516,528,856900,528
2009-12-22,530,554,528,553,2127300,553
2009-12-24,543,558,542,551,2333700,551
2009-12-25,544,551,539,542,1097200,542
2009-12-28,548,558,544,553,1160500,553
2009-12-29,548,556,538,545,1309400,545
2009-12-30,555,557,544,544,1097200,544
2010-01-04,550,556,542,545,1115200,545
2010-01-05,553,556,544,545,734700,545
2010-01-06,549,553,541,549,826400,549
2010-01-07,554,587,548,583,3695200,583
2010-01-08,591,596,577,586,3415600,586
2010-01-12,581,585,569,575,2632100,575
2010-01-13,565,575,557,565,1309500,565
2010-01-14,563,586,563,584,1460900,584
2010-01-15,588,604,578,604,2930200,604
2010-01-18,591,595,581,594,1972600,594
2010-01-19,590,593,578,581,1826800,581
2010-01-20,588,591,575,578,1056300,578
2010-01-21,570,588,564,588,1770600,588
2010-01-22,564,570,554,560,2757700,560
2010-01-25,543,552,539,549,2201200,549
2010-01-26,545,551,529,529,2008900,529
2010-01-27,549,550,523,525,2360700,525
2010-01-28,532,540,526,532,2296800,532
2010-01-29,532,534,517,518,1637500,518
2010-02-01,518,519,503,510,1974100,510
2010-02-02,520,527,518,523,1210700,523
2010-02-03,533,536,526,531,1454500,531
2010-02-04,537,537,517,522,1223200,522
2010-02-05,500,509,487,505,2075400,505
2010-02-08,505,518,501,504,2099800,504
2010-02-09,497,515,495,512,1967400,512
2010-02-10,532,543,527,530,3325900,530
2010-02-12,540,540,520,534,2103600,534
2010-02-15,535,538,530,532,772100,532
2010-02-16,530,531,505,524,1293100,524
2010-02-17,535,543,534,542,1223900,542
2010-02-18,537,544,533,543,1317300,543
2010-02-19,549,557,531,532,1802800,532
2010-02-22,544,550,542,544,1464400,544
2010-02-23,542,548,540,544,982200,544
2010-02-24,534,542,526,534,1254200,534
2010-02-25,544,544,522,525,1132700,525
2010-02-26,520,529,518,523,878100,523
2010-03-01,530,534,522,530,810000,530
2010-03-02,532,542,530,539,1271900,539
2010-03-03,536,541,532,535,1125900,535
2010-03-04,537,537,523,526,1291100,526
2010-03-05,530,542,529,539,1096700,539
2010-03-08,554,558,547,556,1108700,556
2010-03-09,556,563,552,561,960700,561
2010-03-10,561,562,556,561,608300,561
2010-03-11,565,571,563,570,1209100,570
2010-03-12,583,585,573,580,4586200,580
2010-03-15,582,583,572,579,732600,579
2010-03-16,572,582,571,579,1141700,579
2010-03-17,584,597,580,596,2818700,596
2010-03-18,591,601,587,588,1600300,588
2010-03-19,592,595,588,590,956600,590
2010-03-23,585,595,585,589,773000,589
2010-03-24,595,602,587,592,1426600,592
2010-03-25,595,597,587,596,1192800,596
2010-03-26,620,640,619,633,3897900,633
2010-03-29,624,635,624,633,1787800,633
2010-03-30,634,647,632,640,1555500,640
2010-03-31,689,692,641,645,5539000,645
2010-04-01,653,659,644,650,3120600,650
2010-04-02,655,659,651,658,1162400,658
2010-04-05,672,680,670,680,1920900,680
2010-04-06,685,688,660,666,2388300,666
2010-04-07,666,671,659,665,1171200,665
2010-04-08,665,682,665,673,3510400,673
2010-04-09,672,677,668,673,2842100,673
2010-04-12,675,680,669,669,1200100,669
2010-04-13,669,671,655,661,1663800,661
2010-04-14,664,682,658,675,2200200,675
2010-04-15,685,685,673,681,1668200,681
2010-04-16,676,677,659,661,1711400,661
2010-04-19,651,664,648,658,1633100,658
2010-04-20,661,673,660,664,1335300,664
2010-04-21,665,687,665,683,2233600,683
2010-04-22,678,678,664,672,1989700,672
2010-04-23,672,683,668,678,1988900,678
2010-04-26,705,717,696,704,4455800,704
2010-04-27,698,710,697,704,1735600,704
2010-04-28,684,689,681,685,1841000,685
2010-04-30,694,699,689,691,1348100,691
2010-05-06,670,671,651,654,2677100,654
2010-05-07,630,638,615,627,2918000,627
2010-05-10,623,643,622,637,1758900,637
2010-05-11,647,653,628,633,1932400,633
2010-05-12,629,638,616,623,1620000,623
2010-05-13,723,723,723,723,603300,723
2010-05-14,783,827,764,808,29210800,808
2010-05-17,807,822,778,815,12731200,815
2010-05-18,830,861,805,826,17350700,826
2010-05-19,807,840,779,839,10874000,839
2010-05-20,826,865,822,826,15551400,826
2010-05-21,800,841,800,840,11482000,840
2010-05-24,840,842,816,830,8573400,830
2010-05-25,823,839,778,782,9969100,782
2010-05-26,793,805,752,789,10310800,789
2010-05-27,779,806,771,802,6090400,802
2010-05-28,817,825,787,810,5401400,810
2010-05-31,811,835,808,816,5231000,816
2010-06-01,815,822,786,795,4508600,795
2010-06-02,796,830,790,809,8044600,809
2010-06-03,827,887,823,883,15979800,883
2010-06-04,888,904,870,889,9937000,889
2010-06-07,869,878,855,865,6516900,865
2010-06-08,860,896,856,883,8168200,883
2010-06-09,868,877,838,853,6494800,853
2010-06-10,862,868,835,862,3861000,862
2010-06-11,888,905,880,894,11865100,894
2010-06-14,914,936,911,931,7638500,931
2010-06-15,927,939,922,926,4519000,926
2010-06-16,945,950,921,925,5607400,925
2010-06-17,919,921,879,882,7436400,882
2010-06-18,881,903,868,874,7128500,874
2010-06-21,885,897,880,895,4084800,895
2010-06-22,886,891,873,878,3330800,878
2010-06-23,863,873,847,851,2906100,851
2010-06-24,840,857,831,837,4445100,837
2010-06-25,822,830,806,813,3170900,813
2010-06-28,812,820,797,799,2292700,799
2010-06-29,800,817,783,786,3133700,786
2010-06-30,771,775,756,769,3562700,769
2010-07-01,760,762,735,739,3253100,739
2010-07-02,749,758,725,757,5754400,757
2010-07-05,751,765,742,753,2977400,753
2010-07-06,732,742,700,731,7855800,731
2010-07-07,741,747,713,718,4838700,718
2010-07-08,748,749,728,735,4112800,735
2010-07-09,744,761,728,749,4746700,749
2010-07-12,748,774,744,750,4333700,750
2010-07-13,756,767,741,745,3446900,745
2010-07-14,764,769,760,767,2846300,767
2010-07-15,759,764,748,751,2997400,751
2010-07-16,743,754,726,749,4720200,749
2010-07-20,740,742,725,729,3332900,729
2010-07-21,741,743,713,721,2348100,721
2010-07-22,713,719,704,711,2425700,711
2010-07-23,728,746,720,740,3425500,740
2010-07-26,755,764,752,758,2993000,758
2010-07-27,764,780,750,754,4030000,754
2010-07-28,772,791,765,789,3475400,789
2010-07-29,787,814,784,803,4614100,803
2010-07-30,793,796,772,782,3319900,782
2010-08-02,782,795,771,779,2535100,779
2010-08-03,798,802,774,784,2483700,784
2010-08-04,772,780,766,766,2166400,766
2010-08-05,780,783,759,768,2255100,768
2010-08-06,758,762,746,761,3249300,761
2010-08-09,715,728,702,710,6601300,710
2010-08-10,713,717,672,677,5842300,677
2010-08-11,670,670,653,654,3828600,654
2010-08-12,636,648,625,645,4662500,645
2010-08-13,642,664,636,658,5030800,658
2010-08-16,638,642,624,635,4241800,635
2010-08-17,624,630,618,624,3702800,624
2010-08-18,634,639,621,626,2824700,626
2010-08-19,621,646,621,644,3513000,644
2010-08-20,625,633,624,624,2799600,624
2010-08-23,625,627,610,615,2718200,615
2010-08-24,605,615,594,596,3935100,596
2010-08-25,591,598,579,584,3075300,584
2010-08-26,590,593,582,584,2133900,584
2010-08-27,575,600,566,599,3566800,599
2010-08-30,618,624,608,611,3319000,611
2010-08-31,600,601,579,579,2839300,579
2010-09-01,585,591,579,583,2692800,583
2010-09-02,593,595,576,582,2773100,582
2010-09-03,589,611,586,610,4520300,610
2010-09-06,617,632,612,630,3682400,630
2010-09-07,621,633,617,619,2214100,619
2010-09-08,607,607,593,594,2159200,594
2010-09-09,602,606,596,602,1650800,602
2010-09-10,602,620,601,615,3735100,615
2010-09-13,629,638,625,634,2938000,634
2010-09-14,632,658,630,654,5587400,654
2010-09-15,646,682,645,675,6058300,675
2010-09-16,695,707,688,698,7424200,698
2010-09-17,701,713,694,712,4277900,712
2010-09-21,720,722,701,705,2772200,705
2010-09-22,697,716,692,712,3430000,712
2010-09-24,699,706,684,697,5009600,697
2010-09-27,707,708,698,704,2199900,704
2010-09-28,695,706,688,699,2036100,699
2010-09-29,695,719,693,713,4045700,713
2010-09-30,713,713,684,684,2688000,684
2010-10-01,691,692,673,681,3227700,681
2010-10-04,683,687,673,676,2387300,676
2010-10-05,667,705,667,703,3854600,703
2010-10-06,703,715,699,713,2659400,713
2010-10-07,711,718,707,713,1800800,713
2010-10-08,715,717,706,708,2604000,708
2010-10-12,713,729,707,708,4542000,708
2010-10-13,716,720,706,710,1960000,710
2010-10-14,731,749,730,745,5575800,745
2010-10-15,740,743,724,730,2744700,730
2010-10-18,745,753,735,738,2743900,738
2010-10-19,742,764,740,763,3315200,763
2010-10-20,751,758,737,742,3984500,742
2010-10-21,750,755,735,749,3043700,749
2010-10-22,767,779,762,771,3793500,771
2010-10-25,772,776,758,763,1911100,763
2010-10-26,758,766,755,760,1598600,760
2010-10-27,762,770,753,763,1979500,763
2010-10-28,757,758,743,745,2544900,745
2010-10-29,734,736,710,721,4231200,721
2010-11-01,712,729,706,716,2725500,716
2010-11-02,688,690,651,675,6990200,675
2010-11-04,685,698,680,693,3827500,693
2010-11-05,705,733,705,726,3956200,726
2010-11-08,739,747,736,741,2125800,741
2010-11-09,730,758,728,751,3088700,751
2010-11-10,752,766,740,750,3463400,750
2010-11-11,759,770,755,768,2653700,768
2010-11-12,767,768,751,753,2249300,753
2010-11-15,763,782,761,781,4072100,781
2010-11-16,795,803,774,781,3910800,781
2010-11-17,769,778,766,778,2024800,778
2010-11-18,782,808,780,808,3488100,808
2010-11-19,821,826,804,809,3135400,809
2010-11-22,820,825,813,821,1803700,821
2010-11-24,802,819,796,816,2483200,816
2010-11-25,829,848,824,840,3011100,840
2010-11-26,841,846,833,835,1781100,835
2010-11-29,835,843,822,828,3056300,828
2010-11-30,830,839,819,825,2721400,825
2010-12-01,818,826,815,823,2172500,823
2010-12-02,847,863,840,858,4389300,858
2010-12-03,865,866,852,858,1958500,858
2010-12-06,866,869,858,860,1984200,860
2010-12-07,855,858,845,846,1981100,846
2010-12-08,861,867,855,857,1868400,857
2010-12-09,854,858,847,851,1274900,851
2010-12-10,862,862,840,843,4972700,843
2010-12-13,842,852,833,849,1865500,849
2010-12-14,854,859,849,854,1631100,854
2010-12-15,846,856,845,855,1942200,855
2010-12-16,853,855,848,851,1277800,851
2010-12-17,855,857,849,854,1592500,854
2010-12-20,852,853,839,841,1267000,841
2010-12-21,840,851,840,847,1777200,847
2010-12-22,865,897,863,888,7304600,888
2010-12-24,886,911,883,906,5154000,906
2010-12-27,909,940,909,938,6010000,938
2010-12-28,937,942,927,928,3142800,928
2010-12-29,927,953,924,943,3993400,943
2010-12-30,941,949,928,942,2771500,942
2011-01-04,958,964,947,949,3889800,949
2011-01-05,946,956,943,955,2085800,955
2011-01-06,970,986,965,983,3956800,983
2011-01-07,991,1010,984,1009,4841000,1009
2011-01-11,1008,1015,1000,1001,2767000,1001
2011-01-12,1031,1034,1004,1010,3983700,1010
2011-01-13,1029,1030,1013,1025,2835300,1025
2011-01-14,1009,1022,987,991,5000200,991
2011-01-17,993,997,947,968,6375300,968
2011-01-18,958,987,950,979,4804000,979
2011-01-19,985,999,982,989,2661800,989
2011-01-20,985,989,966,969,2499900,969
2011-01-21,975,977,948,951,3197500,951
2011-01-24,948,965,943,959,1883900,959
2011-01-25,966,976,961,967,2629200,967
2011-01-26,956,966,947,958,1798300,958
2011-01-27,973,988,956,984,3360500,984
2011-01-28,994,1001,973,997,4105600,997
2011-01-31,980,986,965,984,2942000,984
2011-02-01,978,986,926,938,6643500,938
2011-02-02,953,1019,951,1005,8014400,1005
2011-02-03,1014,1057,994,1055,8043700,1055
2011-02-04,1078,1096,1062,1078,6184500,1078
2011-02-07,1074,1094,1060,1088,4232200,1088
2011-02-08,1091,1108,1062,1071,4148500,1071
2011-02-09,1082,1082,1055,1065,1918500,1065
2011-02-10,1063,1084,1061,1084,2616200,1084
2011-02-14,1098,1099,1076,1090,2229100,1090
2011-02-15,1094,1158,1083,1137,4906800,1137
2011-02-16,1140,1147,1122,1129,3171200,1129
2011-02-17,1145,1145,1120,1122,2174100,1122
2011-02-18,1119,1128,1106,1118,2249300,1118
2011-02-21,1097,1103,1077,1078,3649400,1078
2011-02-22,1076,1083,1058,1064,3370100,1064
2011-02-23,1047,1064,1047,1050,2616600,1050
2011-02-24,1037,1045,1025,1029,2155700,1029
2011-02-25,1030,1073,1022,1071,3761200,1071
2011-02-28,1060,1094,1047,1093,3339000,1093
2011-03-01,1100,1100,1083,1091,3649000,1091
2011-03-02,1061,1084,1060,1068,2458200,1068
2011-03-03,1065,1080,1056,1072,1586200,1072
2011-03-04,1091,1097,1083,1092,2085900,1092
2011-03-07,1085,1086,1054,1064,1895000,1064
2011-03-08,1060,1072,1044,1049,1958600,1049
2011-03-09,1053,1068,1022,1025,3292100,1025
2011-03-10,1006,1009,975,991,4983200,991
2011-03-11,976,997,968,968,6562800,968
2011-03-14,833,873,818,818,5764900,818
2011-03-15,773,776,668,668,8300000,668
2011-03-16,768,768,717,768,10304900,768
2011-03-17,708,765,687,738,9178300,738
2011-03-18,770,794,766,786,5585500,786
2011-03-22,842,848,801,809,6030500,809
2011-03-23,808,808,765,769,6268300,769
2011-03-24,779,784,747,758,3843200,758
2011-03-25,771,773,740,751,2874400,751
2011-03-28,736,738,707,716,5728900,716
2011-03-29,735,778,718,763,7988900,763
2011-03-30,774,796,774,791,5101800,791
2011-03-31,807,807,791,799,3352800,799
2011-04-01,795,802,781,785,4576700,785
2011-04-04,787,788,759,764,4263400,764
2011-04-05,752,767,747,762,3334100,762
2011-04-06,765,770,746,755,3170000,755
2011-04-07,760,771,750,759,3295700,759
2011-04-08,752,761,732,749,4971300,749
2011-04-11,738,744,728,733,2491500,733
2011-04-12,718,722,706,710,3365300,710
2011-04-13,705,731,705,727,3310200,727
2011-04-14,720,747,713,743,3053900,743
2011-04-15,740,751,734,746,2272200,746
2011-04-18,740,741,727,730,1766000,730
2011-04-19,711,723,710,717,2024300,717
2011-04-20,727,745,726,743,2182200,743
2011-04-21,758,775,758,773,4531200,773
2011-04-22,770,801,761,794,5713700,794
2011-04-25,794,819,792,805,3652500,805
2011-04-26,795,801,782,785,2459700,785
2011-04-27,796,797,782,788,1793900,788
2011-04-28,795,805,792,798,2189700,798
2011-05-02,813,828,805,828,2735100,828
2011-05-06,798,810,791,809,2304400,809
2011-05-09,807,813,797,800,1341300,800
2011-05-10,805,822,801,820,2519200,820
2011-05-11,830,837,813,823,2863100,823
2011-05-12,805,826,805,809,2951500,809
2011-05-13,810,812,780,788,3331700,788
2011-05-16,773,823,770,808,5094300,808
2011-05-17,814,835,814,830,4580800,830
2011-05-18,835,862,834,853,4499000,853
2011-05-19,860,872,833,837,4222600,837
2011-05-20,850,858,840,848,2854200,848
2011-05-23,834,836,820,823,2115700,823
2011-05-24,810,824,808,820,2254400,820
2011-05-25,813,819,804,814,2643100,814
2011-05-26,820,822,811,820,2635600,820
2011-05-27,811,813,798,801,4086000,801
2011-05-30,802,815,794,813,2523200,813
2011-05-31,810,832,806,829,2324900,829
2011-06-01,827,830,815,827,3163800,827
2011-06-02,812,824,805,818,2244900,818
2011-06-03,813,828,813,818,3293400,818
2011-06-06,808,811,791,794,2571000,794
2011-06-07,790,811,790,811,1808800,811
2011-06-08,811,819,810,817,1926100,817
2011-06-09,805,806,794,803,2563900,803
2011-06-10,816,826,806,808,3816900,808
2011-06-13,795,805,794,801,917300,801
2011-06-14,802,814,796,813,1674500,813
2011-06-15,814,818,804,816,1424200,816
2011-06-16,801,803,785,786,3363800,786
2011-06-17,793,793,776,783,1947000,783
2011-06-20,785,788,773,776,1152000,776
2011-06-21,782,783,771,780,1511000,780
2011-06-22,786,804,786,800,2185100,800
2011-06-23,791,811,789,807,2285400,807
2011-06-24,804,813,798,809,2119900,809
2011-06-27,809,819,806,806,1515400,806
2011-06-28,816,823,813,814,1622600,814
2011-06-29,825,826,816,819,1304500,819
2011-06-30,819,822,811,812,1600700,812
2011-07-01,820,820,809,810,1323500,810
2011-07-04,820,822,808,812,1539600,812
2011-07-05,816,820,811,815,1386400,815
2011-07-06,815,826,813,825,1881800,825
2011-07-07,828,845,826,835,2185500,835
2011-07-08,849,851,837,848,2598000,848
2011-07-11,843,858,842,852,2224100,852
2011-07-12,837,843,831,842,1931400,842
2011-07-13,845,874,842,870,4602500,870
2011-07-14,871,887,865,876,4387600,876
2011-07-15,870,887,866,873,2871800,873
2011-07-19,873,887,873,883,2469600,883
2011-07-20,891,908,883,885,2653500,885
2011-07-21,883,889,872,880,1594900,880
2011-07-22,888,895,883,894,1624400,894
2011-07-25,894,894,878,882,1876700,882
2011-07-26,879,884,871,880,1188500,880
2011-07-27,879,887,872,884,1786200,884
2011-07-28,871,874,867,873,1507000,873
2011-07-29,869,894,862,866,2818500,866
2011-08-01,821,843,805,816,7369600,816
2011-08-02,816,834,813,824,3950200,824
2011-08-03,802,815,791,815,3999100,815
2011-08-04,820,843,813,841,5189300,841
2011-08-05,798,815,796,813,2791000,813
2011-08-08,798,799,763,776,3546400,776
2011-08-09,746,765,730,764,3534100,764
2011-08-10,779,782,747,750,3829500,750
2011-08-11,735,743,722,739,2694000,739
2011-08-12,743,750,713,718,2909400,718
2011-08-15,729,731,715,723,2611300,723
2011-08-16,731,738,727,731,1752800,731
2011-08-17,722,731,711,725,2173900,725
2011-08-18,720,721,690,693,2692000,693
2011-08-19,674,687,669,677,2158800,677
2011-08-22,677,693,662,664,2136800,664
2011-08-23,674,677,664,674,2079600,674
2011-08-24,681,686,619,630,4840600,630
2011-08-25,641,674,638,662,2723300,662
2011-08-26,653,671,647,668,2055500,668
2011-08-29,669,700,663,690,2455100,690
2011-08-30,702,708,697,703,1907900,703
2011-08-31,700,702,687,692,1866400,692
2011-09-01,694,704,689,695,1670000,695
2011-09-02,683,686,673,676,2428300,676
2011-09-05,665,668,636,641,3428100,641
2011-09-06,628,628,600,603,3591000,603
2011-09-07,623,637,612,633,3256900,633
2011-09-08,645,647,618,627,2847300,627
2011-09-09,623,628,608,611,4646800,611
2011-09-12,581,593,568,590,2936900,590
2011-09-13,591,608,582,602,2397400,602
2011-09-14,598,609,574,578,2878800,578
2011-09-15,588,612,587,603,2789400,603
2011-09-16,615,645,615,639,2927700,639
2011-09-20,611,622,606,610,2529900,610
2011-09-21,606,612,600,605,1996000,605
2011-09-22,599,599,583,586,3147100,586
2011-09-26,587,587,559,563,3160900,563
2011-09-27,583,597,572,590,3127200,590
2011-09-28,590,592,569,574,2438300,574
2011-09-29,565,603,560,600,2497900,600
2011-09-30,598,608,588,601,2246000,601
2011-10-03,589,592,569,577,2410500,577
2011-10-04,562,564,549,562,3254700,562
2011-10-05,572,580,537,548,4223500,548
2011-10-06,558,572,554,559,2453500,559
2011-10-07,573,583,570,577,2035300,577
2011-10-11,597,597,587,589,1574600,589
2011-10-12,576,593,572,589,1399400,589
2011-10-13,604,629,604,621,2358400,621
2011-10-14,622,623,612,616,1597000,616
2011-10-17,635,649,633,646,1932200,646
2011-10-18,636,643,630,638,1391400,638
2011-10-19,649,654,628,631,2075700,631
2011-10-20,624,625,605,609,1321600,609
2011-10-21,612,622,609,615,896300,615
2011-10-24,630,640,630,638,1241800,638
2011-10-25,649,650,630,637,1436900,637
2011-10-26,618,644,618,639,830900,639
2011-10-27,637,652,630,652,1290400,652
2011-10-28,665,665,640,647,1347900,647
2011-10-31,641,657,596,604,4286300,604
2011-11-01,595,603,578,583,3256000,583
2011-11-02,575,588,570,576,2059100,576
2011-11-04,586,592,583,590,1690100,590
2011-11-07,581,584,578,580,1423300,580
2011-11-08,577,580,556,559,2206400,559
2011-11-09,558,566,556,562,1698800,562
2011-11-10,548,548,535,540,1769100,540
2011-11-11,540,542,514,523,3440200,523
2011-11-14,530,537,519,529,3415400,529
2011-11-15,516,523,515,519,1799200,519
2011-11-16,520,534,514,516,1565500,516
2011-11-17,513,526,510,522,1794900,522
2011-11-18,510,515,510,511,1683700,511
2011-11-21,511,514,496,501,1503800,501
2011-11-22,490,509,485,504,2291900,504
2011-11-24,489,493,479,483,1826400,483
2011-11-25,471,486,471,484,2386400,484
2011-11-28,506,519,506,514,2245400,514
2011-11-29,520,540,519,539,2899500,539
2011-11-30,519,530,518,526,2069300,526
2011-12-01,544,553,539,551,2633900,551
2011-12-02,550,555,546,550,1266400,550
2011-12-05,553,564,551,561,1431300,561
2011-12-06,553,559,534,538,1803100,538
2011-12-07,540,561,540,560,2534000,560
2011-12-08,553,563,550,560,1528900,560
2011-12-09,542,549,538,543,4883400,543
2011-12-12,551,563,551,558,1159800,558
2011-12-13,548,558,548,550,1069500,550
2011-12-14,546,558,545,551,1585900,551
2011-12-15,549,550,532,534,1572200,534
2011-12-16,539,541,528,530,1227500,530
2011-12-19,524,526,512,520,1204000,520
2011-12-20,517,529,515,522,750000,522
2011-12-21,535,544,533,535,1211900,535
2011-12-22,543,543,523,525,1537600,525
2011-12-26,541,548,534,539,1445600,539
2011-12-27,538,538,530,532,616800,532
2011-12-28,526,539,526,531,1205300,531
2011-12-29,525,534,522,529,898100,529
2011-12-30,537,537,528,529,783000,529
2012-01-04,545,552,540,545,1029300,545
2012-01-05,539,548,536,541,908300,541
2012-01-06,534,540,522,527,1216500,527
2012-01-10,527,527,513,516,1230700,516
2012-01-11,516,532,516,524,1395400,524
2012-01-12,522,527,518,521,1036400,521
2012-01-13,528,538,525,536,2448200,536
2012-01-16,531,536,525,528,1251600,528
2012-01-17,527,528,518,524,1423500,524
2012-01-18,522,533,516,528,1793500,528
2012-01-19,540,572,539,564,4269900,564
2012-01-20,581,585,570,581,2862100,581
2012-01-23,578,591,577,580,1698200,580
2012-01-24,582,585,569,571,1414300,571
2012-01-25,584,601,581,597,2827900,597
2012-01-26,594,602,587,591,1557900,591
2012-01-27,598,600,583,588,1582200,588
2012-01-30,579,580,569,572,1431700,572
2012-01-31,573,600,566,589,3035500,589
2012-02-01,588,611,588,598,2744800,598
2012-02-02,605,614,592,611,1996300,611
2012-02-03,601,617,601,614,2664700,614
2012-02-06,621,629,616,625,2538200,625
2012-02-07,625,632,622,628,1411600,628
2012-02-08,633,637,623,637,1965300,637
2012-02-09,631,641,626,638,2444100,638
2012-02-10,635,637,621,622,2507800,622
2012-02-13,616,632,613,628,2480200,628
2012-02-14,622,629,616,626,1151800,626
2012-02-15,633,677,632,657,4209300,657
2012-02-16,654,674,652,666,3006200,666
2012-02-17,675,690,668,676,2809900,676
2012-02-20,688,693,686,689,1578400,689
2012-02-21,680,701,679,688,2053600,688
2012-02-22,688,709,682,703,2148200,703
2012-02-23,710,728,707,723,3582500,723
2012-02-24,723,729,715,725,2193200,725
2012-02-27,734,743,725,727,2169800,727
2012-02-28,718,737,708,735,2032500,735
2012-02-29,743,752,724,727,2454500,727
2012-03-01,724,740,703,706,2961600,706
2012-03-02,719,728,709,722,1906000,722
2012-03-05,717,722,699,705,1514400,705
2012-03-06,701,708,683,688,2325900,688
2012-03-07,676,710,675,703,2703500,703
2012-03-08,718,730,717,730,2315300,730
2012-03-09,745,749,734,739,5009200,739
2012-03-12,743,749,732,736,1644900,736
2012-03-13,747,747,728,732,1504400,732
2012-03-14,753,773,752,760,2526600,760
2012-03-15,762,772,747,761,2663000,761
2012-03-16,755,758,747,755,2546500,755
2012-03-19,754,757,748,754,1333800,754
2012-03-21,741,746,734,738,1853800,738
2012-03-22,737,747,735,744,1729300,744
2012-03-23,729,732,714,716,2615100,716
2012-03-26,726,734,723,724,1415800,724
2012-03-27,747,747,734,741,1420200,741
2012-03-28,739,756,736,748,1756600,748
2012-03-29,747,747,730,739,1683500,739
2012-03-30,740,742,725,728,1430600,728
2012-04-02,736,737,729,730,1454600,730
2012-04-03,725,725,709,712,1563400,712
2012-04-04,711,724,698,707,2916200,707
2012-04-05,695,707,688,705,2403100,705
2012-04-06,702,702,685,691,1733900,691
2012-04-09,678,688,675,682,1072200,682
2012-04-10,682,696,679,682,1484600,682
2012-04-11,670,698,670,692,2822300,692
2012-04-12,700,730,680,724,4184600,724
2012-04-13,728,744,727,736,4393000,736
2012-04-16,725,742,718,720,2333200,720
2012-04-17,721,730,712,714,1690100,714
2012-04-18,727,746,724,742,2844000,742
2012-04-19,738,749,735,739,2125400,739
2012-04-20,742,742,728,734,1711600,734
2012-04-23,740,746,725,729,1228200,729
2012-04-24,723,746,723,735,1816000,735
2012-04-25,745,753,741,744,1589000,744
2012-04-26,750,750,736,743,1273900,743
2012-04-27,747,763,715,734,3605400,734
2012-05-01,726,727,691,697,2774600,697
2012-05-02,703,713,697,705,1755200,705
2012-05-07,680,689,667,672,2287500,672
2012-05-08,681,684,660,673,2514500,673
2012-05-09,663,668,648,654,2206400,654
2012-05-10,646,672,645,660,2392400,660
2012-05-11,654,657,623,629,3358800,629
2012-05-14,630,637,625,636,1944300,636
2012-05-15,633,635,615,633,1902300,633
2012-05-16,627,638,619,625,1645100,625
2012-05-17,636,661,635,658,3865900,658
2012-05-18,640,646,626,629,2209800,629
2012-05-21,627,638,623,628,1442600,628
2012-05-22,641,645,631,638,2103800,638
2012-05-23,638,638,610,613,2145700,613
2012-05-24,610,617,598,610,2135000,610
2012-05-25,614,614,599,600,1362100,600
2012-05-28,602,602,579,582,1834800,582
2012-05-29,580,596,574,595,2028300,595
2012-05-30,598,601,584,596,1490900,596
2012-05-31,576,585,573,583,1801400,583
2012-06-01,576,578,557,558,2800000,558
2012-06-04,544,550,540,545,2305600,545
2012-06-05,557,575,557,575,2310400,575
2012-06-06,585,610,580,605,2600000,605
2012-06-07,620,624,604,611,2213300,611
2012-06-08,607,609,587,589,3847300,589
2012-06-11,605,614,600,611,1516300,611
2012-06-12,594,615,586,611,2461500,611
2012-06-13,615,619,604,607,2263900,607
2012-06-14,598,601,588,596,2353000,596
2012-06-15,597,598,578,583,2476300,583
2012-06-18,604,612,601,604,1639600,604
2012-06-19,598,600,587,591,1799500,591
2012-06-20,600,601,587,593,1235200,593
2012-06-21,598,616,593,596,3206700,596
2012-06-22,584,600,581,596,1937900,596
2012-06-25,598,599,556,560,5404300,560
2012-06-26,558,560,544,550,2862800,550
2012-06-27,554,555,545,550,1851800,550
2012-06-28,554,559,546,553,2078600,553
2012-06-29,547,560,541,557,2443700,557
2012-07-02,569,570,553,555,2218800,555
2012-07-03,557,568,557,562,1526700,562
2012-07-04,565,569,560,562,1464800,562
2012-07-05,560,566,558,565,934100,565
2012-07-06,565,565,557,562,1512500,562
2012-07-09,554,557,538,541,1709400,541
2012-07-10,543,545,526,528,2396600,528
2012-07-11,523,526,513,518,2826900,518
2012-07-12,519,524,502,504,2666000,504
2012-07-13,499,503,488,498,3392300,498
2012-07-17,495,496,476,477,2718800,477
2012-07-18,473,476,460,462,2789900,462
2012-07-19,470,493,470,481,3461200,481
2012-07-20,478,487,476,477,1761700,477
2012-07-23,478,489,458,460,3424600,460
2012-07-24,459,469,454,464,2297900,464
2012-07-25,454,455,434,440,2685800,440
2012-07-26,443,457,436,451,1755900,451
2012-07-27,467,473,463,471,2257600,471
2012-07-30,480,485,465,470,1684000,470
2012-07-31,458,476,442,472,2916700,472
2012-08-01,457,460,445,452,1870500,452
2012-08-02,450,463,450,451,1906100,451
2012-08-03,443,443,420,426,2614200,426
2012-08-06,440,440,426,431,1869900,431
2012-08-07,423,440,423,439,1755400,439
2012-08-08,447,462,447,452,2312700,452
2012-08-09,453,464,453,459,1633300,459
2012-08-10,463,469,453,460,1871700,460
2012-08-13,460,467,453,454,1166300,454
2012-08-14,457,463,442,449,1432500,449
2012-08-15,443,450,431,436,2066400,436
2012-08-16,437,455,431,453,2102600,453
2012-08-17,460,475,459,474,2204300,474
2012-08-20,483,492,478,482,2424300,482
2012-08-21,483,488,480,480,1906700,480
2012-08-22,481,484,474,479,1606200,479
2012-08-23,473,484,464,478,2399100,478
2012-08-24,467,469,452,453,2560700,453
2012-08-27,461,462,448,450,1553100,450
2012-08-28,449,449,431,434,2145500,434
2012-08-29,435,442,434,440,1135400,440
2012-08-30,441,443,420,423,2050000,423
2012-08-31,418,429,415,417,1877800,417
2012-09-03,420,427,409,411,1727600,411
2012-09-04,411,416,404,415,1967900,415
2012-09-05,416,416,401,401,1375200,401
2012-09-06,402,406,398,400,1535600,400
2012-09-07,418,421,410,420,1675600,420
2012-09-10,421,423,415,420,904900,420
2012-09-11,415,415,405,407,1079800,407
2012-09-12,408,419,408,415,1190900,415
2012-09-13,415,441,415,429,3075900,429
2012-09-14,437,452,435,450,4213000,450
2012-09-18,458,464,454,461,2030000,461
2012-09-19,462,475,453,472,2721300,472
2012-09-20,467,471,450,453,2730000,453
2012-09-21,459,461,450,458,2050000,458
2012-09-24,455,460,450,454,1738900,454
2012-09-25,450,454,444,449,1740600,449
2012-09-26,433,437,420,421,1771100,421
2012-09-27,414,420,409,411,2392100,411
2012-09-28,414,416,402,404,1655900,404
2012-10-01,400,406,396,402,1372300,402
2012-10-02,370,370,348,352,8310700,352
2012-10-03,352,358,347,355,4789200,355
2012-10-04,358,370,350,368,4534800,368
2012-10-05,367,394,366,392,5284700,392
2012-10-09,384,394,381,383,3054000,383
2012-10-10,371,375,366,369,3224300,369
2012-10-11,365,383,364,370,2705900,370
2012-10-12,386,390,377,379,4156700,379
2012-10-15,377,391,371,390,2357500,390
2012-10-16,395,405,391,404,2148400,404
2012-10-17,410,412,398,403,3128600,403
2012-10-18,414,441,411,437,4500900,437
2012-10-19,430,443,426,442,3645600,442
2012-10-22,430,446,426,441,2221100,441
2012-10-23,450,467,448,460,6851700,460
2012-10-24,452,473,450,464,4850800,464
2012-10-25,468,473,460,469,5261700,469
2012-10-26,467,480,464,467,4368000,467
2012-10-29,464,468,456,462,2242700,462
2012-10-30,467,475,459,459,2814600,459
2012-10-31,465,480,464,471,3249700,471
2012-11-01,471,471,454,462,3493700,462
2012-11-02,467,474,462,465,2764700,465
2012-11-05,464,467,451,455,2757300,455
2012-11-06,450,451,423,430,4654900,430
2012-11-07,434,440,430,438,2789900,438
2012-11-08,422,436,420,423,3022300,423
2012-11-09,412,421,405,417,2252400,417
2012-11-12,411,422,410,420,1846400,420
2012-11-13,420,426,410,424,1994900,424
2012-11-14,422,442,419,440,2443400,440
2012-11-15,447,472,443,471,5072400,471
2012-11-16,473,485,470,483,3954200,483
2012-11-19,495,495,484,489,2852700,489
2012-11-20,490,495,481,492,3161100,492
2012-11-21,497,526,495,520,5903000,520
2012-11-22,525,528,517,527,2962000,527
2012-11-26,540,544,533,537,3238400,537
2012-11-27,532,539,519,537,3456400,537
2012-11-28,527,527,498,501,4159500,501
2012-11-29,507,518,501,515,3267200,515
2012-11-30,523,535,514,518,2933200,518
2012-12-03,521,526,514,520,1565500,520
2012-12-04,513,514,503,508,2376600,508
2012-12-05,503,520,500,513,1968900,513
2012-12-06,519,524,511,521,1871100,521
2012-12-07,522,535,522,529,2293300,529
2012-12-10,535,535,520,522,1441000,522
2012-12-11,523,527,514,519,1680300,519
2012-12-12,524,531,518,520,2400300,520
2012-12-13,528,552,527,545,4020900,545
2012-12-14,536,543,525,541,5318300,541
2012-12-17,551,557,532,533,2898000,533
2012-12-18,535,541,517,519,3778500,519
2012-12-19,525,529,519,526,3429700,526
2012-12-20,520,523,506,509,3685900,509
2012-12-21,509,512,482,490,5886400,490
2012-12-25,497,498,481,486,2733800,486
2012-12-26,486,490,477,489,4722700,489
2012-12-27,497,511,495,502,3719800,502
2012-12-28,512,519,509,516,2657200,516
2013-01-04,541,543,525,525,2917800,525
2013-01-07,535,535,512,514,2587700,514
2013-01-08,504,506,480,485,4720400,485
2013-01-09,477,489,475,478,5535000,478
2013-01-10,485,491,480,487,3613000,487
2013-01-11,490,505,488,502,4216700,502
2013-01-15,510,513,499,502,3776800,502
2013-01-16,495,498,474,476,4992100,476
2013-01-17,480,485,460,468,4792800,468
2013-01-18,484,502,481,502,5559800,502
2013-01-21,502,517,494,513,4853300,513
2013-01-22,517,522,502,512,4529500,512
2013-01-23,503,506,490,490,3456400,490
2013-01-24,475,498,469,490,4781500,490
2013-01-25,499,500,486,492,3296900,492
2013-01-28,498,499,491,492,2414900,492
2013-01-29,486,497,486,492,2406400,492
2013-01-30,492,493,482,486,3249400,486
2013-01-31,486,544,485,533,13195300,533
2013-02-01,528,533,512,518,5462800,518
2013-02-04,538,614,527,593,15164400,593
2013-02-05,583,659,580,627,15281600,627
2013-02-06,639,654,621,651,8844200,651
2013-02-07,641,674,640,672,6419600,672
2013-02-08,654,674,636,653,8534600,653
2013-02-12,672,687,660,662,4746900,662
2013-02-13,649,664,637,640,4629800,640
2013-02-14,636,668,636,655,4905300,655
2013-02-15,651,652,626,637,3239700,637
2013-02-18,647,654,642,647,2192200,647
2013-02-19,637,641,630,633,1803500,633
2013-02-20,639,640,622,627,2762800,627
2013-02-21,620,625,611,621,2841800,621
2013-02-22,601,605,580,605,4799100,605
2013-02-25,615,622,607,617,2970100,617
2013-02-26,592,604,583,589,3927900,589
2013-02-27,595,600,574,591,3492000,591
2013-02-28,605,613,599,602,2510000,602
2013-03-01,593,594,584,590,2641500,590
2013-03-04,599,599,572,576,2353500,576
2013-03-05,586,598,576,580,3548500,580
2013-03-06,593,599,583,598,2940700,598
2013-03-07,608,634,605,621,4571800,621
2013-03-08,645,670,641,645,9513700,645
2013-03-11,665,665,641,644,3863100,644
2013-03-12,652,656,633,634,4505800,634
2013-03-13,614,623,610,616,3568200,616
2013-03-14,620,628,617,625,2210200,625
2013-03-15,630,635,621,627,3537400,627
2013-03-18,616,619,607,609,2301900,609
2013-03-19,613,653,613,646,5529700,646
2013-03-21,660,669,630,637,4281300,637
2013-03-22,628,631,622,629,2758500,629
2013-03-25,636,651,625,648,2723800,648
2013-03-26,639,646,632,635,2675500,635
2013-03-27,636,638,628,635,1136500,635
2013-03-28,636,637,613,616,2652700,616
2013-03-29,625,629,617,619,1379500,619
2013-04-01,617,633,615,616,2270200,616
2013-04-02,603,604,580,592,2864600,592
2013-04-03,595,600,572,577,2947700,577
2013-04-04,561,565,544,562,5376400,562
2013-04-05,590,600,568,569,4636400,569
2013-04-08,587,605,580,598,2836200,598
2013-04-09,610,617,602,604,2357900,604
2013-04-10,635,646,624,637,5427000,637
2013-04-11,660,683,659,670,6204000,670
2013-04-12,695,730,681,720,12617600,720
2013-04-15,707,757,705,749,9428300,749
2013-04-16,734,754,718,742,5265500,742
2013-04-17,754,755,736,740,2696400,740
2013-04-18,733,750,727,730,2126400,730
2013-04-19,726,729,704,715,3043100,715
2013-04-22,730,749,730,744,2732100,744
2013-04-23,748,748,722,729,1534800,729
2013-04-24,736,742,728,736,1535700,736
2013-04-25,745,778,735,769,4767200,769
2013-04-26,784,787,749,767,4399700,767
2013-04-30,766,777,735,741,4874100,741
2013-05-01,686,717,663,675,8834100,675
2013-05-02,670,670,645,654,7040400,654
2013-05-07,670,678,665,672,5283300,672
2013-05-08,682,713,675,701,6825800,701
2013-05-09,701,714,678,681,3883400,681
2013-05-10,706,708,692,705,3653400,705
2013-05-13,719,730,710,713,3272900,713
2013-05-14,715,726,712,721,2382500,721
2013-05-15,740,748,725,729,3290200,729
2013-05-16,732,744,716,735,3072000,735
2013-05-17,725,745,715,742,2798500,742
2013-05-20,755,770,753,760,2572300,760
2013-05-21,755,796,749,788,4526500,788
2013-05-22,816,840,809,817,5467600,817
2013-05-23,832,857,760,760,8024800,760
2013-05-24,783,809,729,781,5916100,781
2013-05-27,749,762,726,730,3838600,730
2013-05-28,710,755,709,752,3801800,752
2013-05-29,763,767,737,745,2786400,745
2013-05-30,724,740,709,717,3256400,717
2013-05-31,725,735,714,717,1810100,717
2013-06-03,707,708,672,683,2675700,683
2013-06-04,672,721,672,713,3784900,713
2013-06-05,705,717,672,673,3000000,673
2013-06-06,652,687,651,655,2483500,655
2013-06-07,640,649,613,637,3721200,637
2013-06-10,667,720,662,711,4028500,711
2013-06-11,712,717,680,682,3501500,682
2013-06-12,658,709,653,697,2751900,697
2013-06-13,687,687,654,655,3684000,655
2013-06-14,677,690,660,661,3764800,661
2013-06-17,652,677,639,676,1904600,676
2013-06-18,683,698,675,682,1689900,682
2013-06-19,700,702,676,684,1694600,684
2013-06-20,678,683,660,664,2895100,664
2013-06-21,645,671,641,663,3891600,663
2013-06-24,679,681,648,653,2048300,653
2013-06-25,658,672,648,666,2721800,666
2013-06-26,676,689,660,664,2782300,664
2013-06-27,680,720,674,718,5495100,718
2013-06-28,720,750,719,742,4469400,742
2013-07-01,749,750,727,748,2099500,748
2013-07-02,750,760,747,760,2514500,760
2013-07-03,761,767,748,762,2428600,762
2013-07-04,753,763,741,752,1410800,752
2013-07-05,752,783,752,779,2798400,779
2013-07-08,796,798,769,769,2161700,769
2013-07-09,789,797,779,789,1958200,789
2013-07-10,790,806,783,791,2007700,791
2013-07-11,778,796,772,786,1667400,786
2013-07-12,785,804,783,802,2844100,802
2013-07-16,810,839,810,827,3760200,827
2013-07-17,815,818,796,808,3505100,808
2013-07-18,812,824,797,818,2102100,818
2013-07-19,813,818,766,778,4673000,778
2013-07-22,789,791,769,779,2268200,779
2013-07-23,774,782,766,777,1636100,777
2013-07-24,779,807,778,805,2826700,805
2013-07-25,801,815,797,805,2646900,805
2013-07-26,795,802,776,782,2458000,782
2013-07-29,760,766,742,744,2758200,744
2013-07-30,741,772,741,767,2444100,767
2013-07-31,757,788,735,737,5281600,737
2013-08-01,752,787,744,783,2992700,783
2013-08-02,800,809,793,809,2614700,809
2013-08-05,802,817,798,805,1615100,805
2013-08-06,810,818,800,813,2537100,813
2013-08-07,811,820,795,795,2477000,795
2013-08-08,787,814,781,786,1900700,786
2013-08-09,786,796,763,781,1781900,781
2013-08-12,764,767,750,762,1570900,762
2013-08-13,765,786,762,784,1344400,784
2013-08-14,795,798,774,796,1544500,796
2013-08-15,781,794,763,766,1653200,766
2013-08-16,755,762,747,756,1514600,756
2013-08-19,753,768,749,767,800200,767
2013-08-20,755,756,718,728,3735900,728
2013-08-21,722,723,686,696,4762800,696
2013-08-22,699,715,695,714,2480800,714
2013-08-23,725,744,721,724,2957300,724
2013-08-26,734,747,734,739,1820500,739
2013-08-27,737,754,718,722,2385700,722
2013-08-28,700,724,700,719,2451700,719
2013-08-29,720,735,715,724,2851300,724
2013-08-30,725,731,705,707,2445500,707
2013-09-02,710,711,693,708,1243900,708
2013-09-03,716,730,713,728,1563200,728
2013-09-04,724,748,715,748,2057100,748
2013-09-05,750,753,738,743,2002200,743
2013-09-06,751,752,732,739,1550300,739
2013-09-09,760,762,747,761,1355200,761
2013-09-10,771,802,767,798,3155800,798
2013-09-11,800,803,776,779,1677000,779
2013-09-12,757,759,730,735,3824600,735
2013-09-13,730,742,728,739,3315300,739
2013-09-17,740,751,725,745,1448400,745
2013-09-18,752,757,740,746,1429400,746
2013-09-19,759,765,748,765,1844300,765
2013-09-20,774,786,767,776,2132600,776
2013-09-24,775,784,763,782,1287800,782
2013-09-25,780,796,777,788,2115600,788
2013-09-26,779,792,769,789,1744900,789
2013-09-27,789,803,788,800,2037600,800
2013-09-30,776,809,775,791,1822700,791
2013-10-01,793,814,792,801,2420000,801
2013-10-02,802,813,759,770,3364300,770
2013-10-03,767,778,756,762,2087800,762
2013-10-04,751,764,732,757,2378200,757
2013-10-07,760,774,746,747,2147400,747
2013-10-08,741,761,738,756,1689500,756
2013-10-09,742,772,742,770,1133300,770
2013-10-10,772,784,768,775,1063600,775
2013-10-11,786,804,778,784,3208300,784
2013-10-15,790,792,783,785,1267300,785
2013-10-16,789,805,784,799,1727300,799
2013-10-17,811,812,799,810,2344600,810
2013-10-18,810,825,804,821,2256700,821
2013-10-21,830,840,824,829,1816800,829
2013-10-22,839,840,822,824,1335000,824
2013-10-23,828,832,799,799,1933000,799
2013-10-24,799,808,785,804,1817600,804
2013-10-25,814,816,786,787,1960000,787
2013-10-28,794,799,780,799,1496700,799
2013-10-29,791,811,786,808,1709700,808
2013-10-30,819,826,813,820,2048400,820
2013-10-31,820,876,810,858,7712900,858
2013-11-01,859,865,822,845,3912100,845
2013-11-05,855,873,853,869,3572000,869
2013-11-06,869,920,864,910,4277700,910
2013-11-07,900,909,873,896,3024100,896
2013-11-08,887,915,884,900,2706900,900
2013-11-11,920,929,899,903,1893100,903
2013-11-12,903,915,899,908,1846400,908
2013-11-13,900,919,893,915,1802900,915
2013-11-14,930,991,925,969,7736400,969
2013-11-15,986,1028,981,1017,6900800,1017
2013-11-18,1014,1014,992,999,3106200,999
2013-11-19,1020,1024,988,1003,3711500,1003
2013-11-20,1010,1038,1009,1027,3047000,1027
2013-11-21,1035,1053,1030,1051,3641300,1051
2013-11-22,1065,1108,1061,1084,5749000,1084
2013-11-25,1101,1140,1091,1127,5041800,1127
2013-11-26,1110,1135,1096,1128,3377600,1128
2013-11-27,1105,1143,1105,1120,3032100,1120
2013-11-28,1135,1139,1090,1102,4305700,1102
2013-11-29,1090,1119,1083,1107,3703800,1107
2013-12-02,1107,1107,1084,1091,2536600,1091
2013-12-03,1100,1135,1099,1128,3311800,1128
2013-12-04,1103,1134,1097,1130,2757200,1130
2013-12-05,1117,1138,1101,1106,2337900,1106
2013-12-06,1092,1116,1086,1110,2104300,1110
2013-12-09,1140,1158,1128,1155,3073200,1155
2013-12-10,1155,1158,1136,1155,2075500,1155
2013-12-11,1137,1143,1111,1124,2550500,1124
2013-12-12,1102,1124,1096,1116,2678000,1116
2013-12-13,1105,1117,1072,1075,7335400,1075
2013-12-16,1079,1107,1061,1081,3398800,1081
2013-12-17,1101,1130,1100,1119,3535500,1119
2013-12-18,1111,1147,1110,1141,3219700,1141
2013-12-19,1160,1190,1159,1172,4040800,1172
2013-12-20,1179,1183,1156,1161,2623000,1161
2013-12-24,1188,1229,1178,1204,5573300,1204
2013-12-25,1197,1221,1193,1205,2672400,1205
2013-12-26,1222,1229,1205,1212,2171500,1212
2013-12-27,1213,1221,1181,1192,2397300,1192
2013-12-30,1212,1214,1183,1195,1816500,1195
2014-01-06,1180,1192,1150,1156,3612800,1156
2014-01-07,1153,1180,1150,1167,2653100,1167
2014-01-08,1181,1207,1175,1206,2397000,1206
2014-01-09,1188,1200,1179,1189,2057700,1189
2014-01-10,1173,1196,1159,1195,2954100,1195
2014-01-14,1141,1148,1125,1133,4049900,1133
2014-01-15,1157,1194,1143,1182,3767600,1182
2014-01-16,1200,1250,1199,1245,5028000,1245
2014-01-17,1221,1240,1211,1237,2425800,1237
2014-01-20,1225,1226,1190,1201,2044500,1201
2014-01-21,1250,1319,1250,1294,7121300,1294
2014-01-22,1280,1324,1270,1317,4348500,1317
2014-01-23,1331,1369,1325,1339,4750900,1339
2014-01-24,1309,1351,1293,1332,3975000,1332
2014-01-27,1299,1311,1281,1295,3115900,1295
2014-01-28,1251,1304,1223,1264,4159800,1264
2014-01-29,1345,1374,1335,1374,5517500,1374
2014-01-30,1348,1353,1321,1331,3443900,1331
2014-01-31,1361,1408,1263,1364,7980500,1364
2014-02-03,1349,1441,1328,1332,7106900,1332
2014-02-04,1275,1315,1261,1262,4582100,1262
2014-02-05,1311,1329,1271,1308,3730800,1308
2014-02-06,1317,1343,1291,1331,3171900,1331
2014-02-07,1380,1400,1354,1378,2856300,1378
2014-02-10,1400,1400,1378,1396,2103200,1396
2014-02-12,1411,1419,1389,1400,2575900,1400
2014-02-13,1409,1409,1358,1366,2437700,1366
2014-02-14,1358,1395,1333,1351,2823600,1351
2014-02-17,1351,1362,1318,1338,3314100,1338
2014-02-18,1356,1385,1330,1378,3128500,1378
2014-02-19,1394,1409,1336,1345,4633400,1345
2014-02-20,1338,1346,1282,1285,4023500,1285
2014-02-21,1293,1323,1289,1321,2999100,1321
2014-02-24,1307,1320,1285,1303,2670600,1303
2014-02-25,1325,1339,1312,1316,1955200,1316
2014-02-26,1300,1337,1296,1329,2237100,1329
2014-02-27,1323,1333,1309,1326,1599400,1326
2014-02-28,1321,1346,1298,1310,2319100,1310
2014-03-03,1277,1284,1240,1259,2973400,1259
2014-03-04,1229,1269,1225,1255,3633700,1255
2014-03-05,1295,1305,1284,1287,3181100,1287
2014-03-06,1255,1320,1242,1311,5756900,1311
2014-03-07,1328,1348,1321,1331,3810900,1331
2014-03-10,1316,1317,1271,1290,4086000,1290
2014-03-11,1281,1292,1253,1268,2786000,1268
2014-03-12,1231,1238,1214,1226,3630000,1226
2014-03-13,1215,1238,1200,1222,2886800,1222
2014-03-14,1181,1198,1161,1170,4418300,1170
2014-03-17,1160,1160,1118,1136,4107300,1136
2014-03-18,1175,1185,1127,1141,3827800,1141
2014-03-19,1145,1154,1117,1124,3107100,1124
2014-03-20,1118,1134,1092,1092,3032400,1092
2014-03-24,1100,1131,1100,1111,2887900,1111
2014-03-25,1101,1149,1080,1132,3987200,1132
2014-03-26,1151,1192,1151,1161,4804600,1161
2014-03-27,1180,1225,1165,1220,5234500,1220
2014-03-28,1221,1244,1214,1242,4163100,1242
2014-03-31,1258,1269,1220,1231,2821300,1231
2014-04-01,1230,1244,1223,1228,1988000,1228
2014-04-02,1223,1233,1201,1205,3104100,1205
2014-04-03,1220,1220,1194,1210,2041900,1210
2014-04-04,1212,1217,1199,1207,1385000,1207
2014-04-07,1180,1202,1169,1195,1304800,1195
2014-04-08,1165,1186,1141,1160,2344400,1160
2014-04-09,1140,1152,1127,1131,2184200,1131
2014-04-10,1145,1167,1111,1120,2179200,1120
2014-04-11,1080,1126,1075,1117,3005700,1117
2014-04-14,1110,1123,1090,1108,2032300,1108
2014-04-15,1134,1157,1132,1152,2333400,1152
2014-04-16,1157,1176,1142,1174,2335900,1174
2014-04-17,1175,1176,1088,1119,6314600,1119
2014-04-18,1134,1155,1122,1153,2210400,1153
2014-04-21,1159,1169,1144,1145,1786100,1145
2014-04-22,1142,1142,1101,1103,2163600,1103
2014-04-23,1105,1120,1103,1115,1437400,1115
2014-04-24,1125,1143,1110,1114,1369200,1114
2014-04-25,1110,1113,1087,1102,1789600,1102
2014-04-28,1078,1093,1065,1088,2055100,1088
2014-04-30,1118,1172,1061,1156,4969100,1156
2014-05-01,1199,1264,1190,1244,7159100,1244
2014-05-02,1254,1275,1225,1270,4381100,1270
2014-05-07,1240,1252,1200,1200,3791400,1200
2014-05-08,1196,1216,1184,1196,2392100,1196
2014-05-09,1197,1206,1175,1180,2134300,1180
2014-05-12,1185,1212,1185,1191,1346100,1191
2014-05-13,1215,1219,1197,1201,1959900,1201
2014-05-14,1194,1208,1179,1201,1438300,1201
2014-05-15,1182,1194,1171,1182,1728200,1182
2014-05-16,1156,1156,1132,1148,1965900,1148
2014-05-19,1156,1164,1118,1124,1228300,1124
2014-05-20,1132,1135,1096,1117,2099100,1117
2014-05-21,1100,1127,1088,1125,2435600,1125
2014-05-22,1148,1165,1137,1160,2080200,1160
2014-05-23,1165,1183,1151,1173,1890100,1173
2014-05-26,1182,1185,1156,1165,1632600,1165
2014-05-27,1154,1171,1139,1160,1705800,1160
2014-05-28,1160,1182,1152,1177,1625000,1177
2014-05-29,1174,1174,1155,1170,1695500,1170
2014-05-30,1183,1184,1160,1173,1468300,1173
2014-06-02,1195,1262,1192,1259,4279700,1259
2014-06-03,1271,1312,1271,1280,3603900,1280
2014-06-04,1280,1305,1279,1288,2452300,1288
2014-06-05,1292,1297,1270,1281,1620700,1281
2014-06-06,1299,1325,1284,1288,2658200,1288
2014-06-09,1321,1347,1305,1325,3293000,1325
2014-06-10,1344,1369,1298,1303,3478100,1303
2014-06-11,1302,1319,1299,1316,1467000,1316
2014-06-12,1300,1336,1297,1324,1847700,1324
2014-06-13,1308,1334,1308,1330,2197300,1330
2014-06-16,1325,1329,1292,1304,1683000,1304
2014-06-17,1304,1320,1292,1299,1457900,1299
2014-06-18,1309,1331,1300,1326,1838800,1326
2014-06-19,1329,1349,1321,1346,1784800,1346
2014-06-20,1332,1352,1324,1343,1436000,1343
2014-06-23,1361,1375,1345,1355,1878500,1355
2014-06-24,1347,1369,1333,1360,1869700,1360
2014-06-25,1341,1350,1321,1333,2066800,1333
2014-06-26,1322,1332,1299,1327,2781000,1327
2014-06-27,1321,1324,1289,1296,2283100,1296
2014-06-30,1294,1302,1288,1300,1389200,1300
2014-07-01,1289,1339,1286,1331,2148400,1331
2014-07-02,1333,1338,1317,1322,1784400,1322
2014-07-03,1337,1398,1327,1370,3756300,1370
2014-07-04,1399,1418,1392,1409,2943100,1409
2014-07-07,1418,1458,1415,1431,3416500,1431
2014-07-08,1427,1449,1411,1440,2245300,1440
2014-07-09,1411,1434,1411,1418,1117400,1418
2014-07-10,1422,1434,1416,1420,1350800,1420
2014-07-11,1419,1428,1402,1421,1815400,1421
2014-07-14,1430,1435,1417,1430,1146400,1430
2014-07-15,1419,1435,1407,1424,1519600,1424
2014-07-16,1414,1424,1409,1416,836600,1416
2014-07-17,1436,1452,1411,1418,1549000,1418
2014-07-18,1396,1415,1390,1413,1042900,1413
2014-07-22,1427,1469,1427,1448,2570200,1448
2014-07-23,1460,1487,1458,1481,2005200,1481
2014-07-24,1486,1491,1429,1439,2101200,1439
2014-07-25,1436,1436,1406,1428,1752200,1428
2014-07-28,1414,1439,1414,1433,1088800,1433
2014-07-29,1435,1435,1383,1400,2896100,1400
2014-07-30,1414,1434,1403,1425,2675800,1425
2014-07-31,1444,1466,1398,1452,4912600,1452
2014-08-01,1455,1512,1453,1494,3628000,1494
2014-08-04,1486,1523,1486,1501,2276200,1501
2014-08-05,1499,1509,1459,1462,2621400,1462
2014-08-06,1448,1467,1437,1443,1196400,1443
2014-08-07,1467,1485,1453,1477,1669200,1477
2014-08-08,1473,1499,1451,1462,3316900,1462
2014-08-11,1500,1525,1493,1520,2662700,1520
2014-08-12,1531,1559,1524,1534,1667600,1534
2014-08-13,1518,1543,1518,1533,1094300,1533
2014-08-14,1545,1571,1544,1558,1861600,1558
2014-08-15,1564,1577,1558,1576,1448200,1576
2014-08-18,1580,1600,1563,1596,1650500,1596
2014-08-19,1600,1639,1599,1631,2322500,1631
2014-08-20,1630,1637,1594,1599,2255800,1599
2014-08-21,1617,1620,1577,1602,1739500,1602
2014-08-22,1600,1606,1578,1581,1196400,1581
2014-08-25,1581,1638,1580,1635,2571200,1635
2014-08-26,1628,1655,1624,1646,1749200,1646
2014-08-27,1643,1654,1632,1651,1419400,1651
2014-08-28,1640,1665,1633,1661,1142400,1661
2014-08-29,1668,1676,1646,1673,1777700,1673
2014-09-01,1689,1725,1686,1705,2139400,1705
2014-09-02,1723,1756,1720,1751,1954100,1751
2014-09-03,1730,1738,1690,1692,4521100,1692
2014-09-04,1670,1674,1632,1662,2667600,1662
2014-09-05,1687,1689,1635,1647,2011300,1647
2014-09-08,1638,1650,1627,1636,1484700,1636
2014-09-09,1659,1664,1618,1620,1601100,1620
2014-09-10,1602,1697,1593,1686,3653000,1686
2014-09-11,1711,1744,1677,1698,4168700,1698
2014-09-12,1676,1694,1658,1665,3785100,1665
2014-09-16,1661,1693,1661,1671,1716600,1671
2014-09-17,1670,1678,1639,1653,1938000,1653
2014-09-18,1661,1711,1656,1699,3022800,1699
2014-09-19,1700,1770,1672,1768,5363900,1768
2014-09-22,1776,1789,1738,1749,2587900,1749
2014-09-24,1738,1788,1735,1781,2801600,1781
2014-09-25,1820,1848,1800,1827,3632100,1827
2014-09-26,1782,1838,1774,1823,3136800,1823
2014-09-29,1850,1900,1850,1892,3142200,1892
2014-09-30,1895,1922,1869,1883,3974200,1883
2014-10-01,1895,1900,1852,1855,3346600,1855
2014-10-02,1800,1815,1769,1775,3547700,1775
2014-10-03,1775,1823,1775,1817,2456000,1817
2014-10-06,1855,1871,1845,1856,1882500,1856
2014-10-07,1856,1886,1842,1857,2627000,1857
2014-10-08,1801,1883,1801,1877,3461500,1877
2014-10-09,1906,1919,1767,1776,7974100,1776
2014-10-10,1776,1809,1712,1740,6898300,1740
2014-10-14,1665,1735,1655,1695,4168000,1695
2014-10-15,1713,1721,1685,1717,3024400,1717
2014-10-16,1662,1692,1633,1647,4739200,1647
2014-10-17,1669,1696,1631,1634,2881500,1634
2014-10-20,1690,1704,1662,1703,2372700,1703
2014-10-21,1717,1722,1666,1668,2590100,1668
2014-10-22,1750,1770,1718,1764,3944900,1764
2014-10-23,1768,1799,1756,1784,2489300,1784
2014-10-24,1818,1824,1775,1785,2385000,1785
2014-10-27,1800,1807,1771,1789,1947100,1789
2014-10-28,1768,1773,1708,1733,3156200,1733
2014-10-29,1760,1787,1750,1778,2277900,1778
2014-10-30,1780,1790,1741,1764,2384900,1764
2014-10-31,1782,1866,1773,1849,6826200,1849
2014-11-04,1943,2000,1921,1975,6939000,1975
2014-11-05,1982,2054,1968,2048,5997900,2048
2014-11-06,2080,2157,2070,2092,6747200,2092
2014-11-07,2118,2138,2066,2086,4544000,2086
2014-11-10,2086,2122,2070,2081,2739500,2081
2014-11-11,2090,2118,2051,2105,3508400,2105
2014-11-12,2130,2178,2086,2100,4342900,2100
2014-11-13,2091,2162,2090,2153,2706600,2153
2014-11-14,2185,2271,2170,2268,6924800,2268
2014-11-17,2296,2301,2183,2193,4520000,2193
2014-11-18,2234,2266,2215,2259,2711000,2259
2014-11-19,2270,2277,2216,2230,3084400,2230
2014-11-20,2288,2293,2227,2249,3142200,2249
2014-11-21,2248,2265,2221,2257,2070800,2257
2014-11-25,2274,2277,2229,2256,1825100,2256
2014-11-26,2235,2262,2228,2244,1992900,2244
2014-11-27,2255,2372,2249,2358,5270600,2358
2014-11-28,2376,2393,2300,2374,3323400,2374
2014-12-01,2352,2439,2351,2411,2644800,2411
2014-12-02,2370,2426,2361,2412,2416500,2412
2014-12-03,2451,2456,2377,2393,3140600,2393
2014-12-04,2433,2493,2405,2485,3480900,2485
2014-12-05,2496,2573,2485,2528,3644000,2528
2014-12-08,2524,2554,2421,2449,4747600,2449
2014-12-09,2393,2438,2320,2333,4495900,2333
2014-12-10,2284,2349,2249,2268,4132500,2268
2014-12-11,2224,2302,2211,2281,5137700,2281
2014-12-12,2316,2379,2309,2364,5748600,2364
2014-12-15,2316,2355,2261,2268,3353900,2268
2014-12-16,2200,2260,2190,2236,3381400,2236
2014-12-17,2217,2278,2215,2256,2465900,2256
2014-12-18,2335,2336,2284,2294,2622500,2294
2014-12-19,2360,2364,2311,2327,2689900,2327
2014-12-22,2321,2325,2281,2295,1901500,2295
2014-12-24,2325,2366,2303,2365,2267000,2365
2014-12-25,2348,2419,2347,2377,2823000,2377
2014-12-26,2392,2409,2361,2399,1529900,2399
2014-12-29,2403,2406,2193,2349,3093700,2349
2014-12-30,2335,2349,2290,2309,1644000,2309
2015-01-05,2323,2336,2277,2314,1930400,2314
2015-01-06,2248,2255,2213,2232,3133900,2232
2015-01-07,2211,2290,2211,2265,2136900,2265
2015-01-08,2296,2362,2293,2358,3514300,2358
2015-01-09,2383,2396,2287,2301,3294400,2301
2015-01-13,2312,2394,2304,2392,5043000,2392
2015-01-14,2383,2407,2331,2339,3325900,2339
2015-01-15,2360,2370,2321,2346,2152800,2346
2015-01-16,2303,2360,2271,2358,3486400,2358
2015-01-19,2373,2404,2332,2344,2432000,2344
2015-01-20,2355,2365,2309,2317,3164500,2317
2015-01-21,2329,2398,2320,2386,3483700,2386
2015-01-22,2397,2412,2322,2331,3055200,2331
2015-01-23,2368,2390,2347,2363,2181900,2363
2015-01-26,2332,2395,2326,2391,1770900,2391
2015-01-27,2399,2425,2354,2420,3751800,2420
2015-01-28,2420,2427,2392,2398,3298900,2398
2015-01-29,2390,2414,2337,2347,3026900,2347
2015-01-30,2397,2530,2392,2477,7589700,2477
2015-02-02,2499,2550,2467,2503,4414200,2503
2015-02-03,2517,2517,2397,2423,4289700,2423
2015-02-04,2440,2450,2348,2403,4442300,2403
2015-02-05,2431,2514,2413,2465,5941100,2465
2015-02-06,2485,2506,2425,2438,2596800,2438
2015-02-09,2438,2458,2379,2399,3154700,2399
2015-02-10,2413,2416,2375,2412,2046800,2412
2015-02-12,2450,2465,2398,2412,3099600,2412
2015-02-13,2418,2436,2350,2380,3185900,2380
2015-02-16,2365,2370,2257,2281,4766100,2281
2015-02-17,2251,2346,2177,2339,6367000,2339
2015-02-18,2369,2429,2354,2414,4895300,2414
2015-02-19,2445,2515,2441,2497,5584200,2497
2015-02-20,2523,2655,2520,2624,7639000,2624
2015-02-23,2673,2697,2605,2682,5333300,2682
2015-02-24,2651,2703,2620,2652,3764400,2652
2015-02-25,2670,2685,2620,2627,2452400,2627
2015-02-26,2649,2655,2593,2648,2919000,2648
2015-02-27,2667,2690,2637,2690,2960400,2690
2015-03-02,2721,2790,2690,2708,3952200,2708
2015-03-03,2769,2853,2762,2842,5778700,2842
2015-03-04,2818,2823,2748,2802,3977000,2802
2015-03-05,2840,2850,2780,2822,3246700,2822
2015-03-06,2826,2842,2792,2815,2718200,2815
2015-03-09,2790,2842,2765,2810,2062400,2810
2015-03-10,2860,2926,2836,2860,4743900,2860
2015-03-11,2834,2884,2785,2830,3035000,2830
2015-03-12,2855,2871,2812,2840,2437100,2840
2015-03-13,2831,2845,2779,2818,5154100,2818
2015-03-16,2773,2843,2710,2820,3621600,2820
2015-03-17,2822,2937,2822,2927,4990400,2927
2015-03-18,2946,3135,2941,3115,6580200,3115
2015-03-19,3040,3100,2970,3015,4765200,3015
2015-03-20,3015,3020,2970,2991,2306100,2991
2015-03-23,3025,3025,2976,3020,1687500,3020
2015-03-24,3000,3030,2950,2950,2553400,2950
2015-03-25,3000,3030,2963,3020,2200300,3020
2015-03-26,2961,2972,2881,2894,3852700,2894
2015-03-27,2925,2981,2865,2900,3327100,2900
2015-03-30,2879,2922,2860,2889,2211000,2889
2015-03-31,2970,2983,2903,2903,2901300,2903
2015-04-01,2908,2909,2806,2836,3230300,2836
2015-04-02,2886,2946,2854,2928,3075000,2928
2015-04-03,2973,3015,2941,2988,2446500,2988
2015-04-06,2938,2982,2935,2971,1431800,2971
2015-04-07,3015,3020,2961,2980,1933700,2980
2015-04-08,2987,2988,2947,2955,1968200,2955
2015-04-09,2960,2996,2952,2958,2226300,2958
2015-04-10,2985,3120,2978,3090,5763500,3090
2015-04-13,3130,3205,3110,3175,5015600,3175
2015-04-14,3130,3210,3120,3190,3006300,3190
2015-04-15,3190,3235,3115,3160,2649400,3160
2015-04-16,3145,3155,3060,3085,3125600,3085
2015-04-17,3030,3030,2868,2898,8129300,2898
2015-04-20,2869,2997,2826,2927,4687000,2927
2015-04-21,2984,3020,2971,2983,2878700,2983
2015-04-22,3020,3020,2960,2969,2361000,2969
2015-04-23,2991,3020,2977,2985,2378500,2985
2015-04-24,2998,3000,2922,2987,2555000,2987
2015-04-27,2990,2992,2932,2953,1855200,2953
2015-04-28,2955,2995,2941,2979,2698900,2979
2015-04-30,2890,3070,2812,2987,6715600,2987
2015-05-01,3030,3030,2960,3010,2753700,3010
2015-05-07,2966,2966,2870,2892,4201300,2892
2015-05-08,2896,2949,2875,2935,2472000,2935
2015-05-11,2976,3005,2965,2973,2402900,2973
2015-05-12,2998,3060,2966,3050,3426600,3050
2015-05-13,3005,3055,2975,3055,1937400,3055
2015-05-14,3050,3090,3025,3040,2014400,3040
2015-05-15,3075,3105,3055,3095,2831400,3095
2015-05-18,3090,3095,3055,3085,1271500,3085
2015-05-19,3110,3155,3110,3130,2694900,3130
2015-05-20,3170,3190,3110,3135,2124600,3135
2015-05-21,3155,3155,3100,3125,1686300,3125
2015-05-22,3150,3195,3130,3195,3129200,3195
2015-05-25,3200,3290,3195,3240,3881500,3240
2015-05-26,3255,3260,3190,3235,2839800,3235
2015-05-27,3245,3310,3220,3280,3379000,3280
2015-05-28,3330,3380,3090,3235,7113100,3235
2015-05-29,3270,3270,3190,3190,2824600,3190
2015-06-01,3195,3215,3155,3200,1305700,3200
2015-06-02,3295,3345,3250,3280,4008300,3280
2015-06-03,3300,3355,3275,3290,4584000,3290
2015-06-04,3340,3340,3280,3300,1765800,3300
2015-06-05,3310,3340,3280,3325,2316000,3325
2015-06-08,3360,3360,3290,3320,1792200,3320
2015-06-09,3315,3360,3265,3270,3455100,3270
2015-06-10,3275,3295,3180,3230,3469800,3230
2015-06-11,3285,3395,3270,3350,4554700,3350
2015-06-12,3395,3435,3360,3435,4931900,3435
2015-06-15,3430,3485,3410,3425,4092100,3425
2015-06-16,3430,3465,3405,3435,2878400,3435
2015-06-17,3435,3455,3410,3435,2179300,3435
2015-06-18,3450,3605,3445,3535,5504500,3535
2015-06-19,3555,3605,3545,3560,3413000,3560
2015-06-22,3540,3605,3515,3595,2001200,3595
2015-06-23,3665,3735,3655,3735,3552300,3735
2015-06-24,3805,3925,3725,3825,7178000,3825
2015-06-25,3790,3985,3780,3915,6134100,3915
2015-06-26,3900,3975,3870,3885,2956400,3885
2015-06-29,3750,3845,3705,3755,3849600,3755
2015-06-30,3715,3885,3705,3775,6874100,3775
2015-07-01,3750,3845,3740,3840,2854000,3840
2015-07-02,3910,3950,3805,3840,4450200,3840
2015-07-03,3790,3885,3730,3885,3633700,3885
2015-07-06,3800,3830,3720,3725,6177800,3725
2015-07-07,3760,3770,3715,3740,2456100,3740
2015-07-08,3695,3700,3550,3575,6012600,3575
2015-07-09,3370,3625,3310,3605,7211100,3605
2015-07-10,3535,3555,3420,3450,5550600,3450
2015-07-13,3500,3585,3465,3565,2903600,3565
2015-07-14,3690,3715,3625,3690,4046200,3690
2015-07-15,3715,3720,3605,3670,3394300,3670
2015-07-16,3795,3940,3780,3910,7400400,3910
2015-07-17,3955,4060,3915,3925,4528000,3925
2015-07-21,3990,4055,3940,4030,3732600,4030
2015-07-22,3890,3980,3880,3975,5143000,3975
2015-07-23,3955,4085,3955,4015,3177200,4015
2015-07-24,4045,4045,3940,4025,2348600,4025
2015-07-27,3975,4040,3905,3925,2466500,3925
2015-07-28,3810,3965,3775,3935,3475700,3935
2015-07-29,3940,3945,3760,3895,3689800,3895
2015-07-30,4000,4000,3730,3785,5730800,3785
2015-07-31,3770,3920,3735,3915,3207900,3915
2015-08-03,3915,4000,3870,3970,3290900,3970
2015-08-04,3990,3990,3795,3825,3849400,3825
2015-08-05,3715,3750,3545,3710,7266200,3710
2015-08-06,3730,3840,3730,3770,2973400,3770
2015-08-07,3765,3875,3750,3855,2614100,3855
2015-08-10,3790,3865,3765,3855,2089300,3855
2015-08-11,3890,3960,3820,3880,3240500,3880
2015-08-12,3845,3890,3690,3745,3222100,3745
2015-08-13,3780,3825,3710,3785,2587200,3785
2015-08-14,3825,3830,3735,3750,3173900,3750
2015-08-17,3775,3810,3720,3775,2030800,3775
2015-08-18,3825,3970,3785,3955,5887100,3955
2015-08-19,3930,3935,3790,3815,3973000,3815
2015-08-20,3780,3860,3735,3830,3074500,3830
2015-08-21,3650,3675,3520,3560,7036700,3560
2015-08-24,3350,3460,3250,3300,7248800,3300
2015-08-25,3180,3605,3160,3335,10134700,3335
2015-08-26,3405,3595,3350,3585,7763300,3585
2015-08-27,3700,3810,3615,3635,6944800,3635
2015-08-28,3820,3910,3790,3870,8198200,3870
2015-08-31,3850,3875,3770,3805,13952900,3805
2015-09-01,3790,3855,3660,3680,6946400,3680
2015-09-02,3590,3740,3565,3660,5463600,3660
2015-09-03,3730,3795,3680,3770,4228300,3770
2015-09-04,3720,3755,3555,3635,5651400,3635
2015-09-07,3570,3660,3455,3620,4574100,3620
2015-09-08,3650,3655,3460,3485,3793000,3485
2015-09-09,3675,3745,3640,3720,5582900,3720
2015-09-10,3575,3625,3495,3600,5494700,3600
2015-09-11,3530,3600,3520,3540,5418600,3540
2015-09-14,3600,3680,3545,3570,3600300,3570
2015-09-15,3630,3690,3570,3580,3228300,3580
2015-09-16,3625,3655,3570,3600,3260300,3600
2015-09-17,3660,3810,3650,3750,4526300,3750
2015-09-18,3720,3780,3665,3690,3663800,3690
2015-09-24,3580,3615,3525,3550,3673600,3550
2015-09-25,3515,3525,3320,3495,5662100,3495
2015-09-28,3490,3495,3360,3385,3626500,3385
2015-09-29,3315,3335,3200,3230,6649300,3230
2015-09-30,3385,3415,3260,3355,4503600,3355
2015-10-01,3325,3445,3310,3410,3249100,3410
2015-10-02,3430,3580,3410,3520,5063100,3520
2015-10-05,3575,3610,3510,3590,3268600,3590
2015-10-06,3655,3660,3470,3510,5080000,3510
2015-10-07,3515,3520,3290,3380,8241900,3380
2015-10-08,3310,3405,3265,3300,4843900,3300
2015-10-09,3325,3375,3305,3355,3630700,3355
2015-10-13,3390,3480,3350,3360,4698200,3360
2015-10-14,3290,3335,3235,3245,3974700,3245
2015-10-15,3225,3350,3180,3320,5756500,3320
2015-10-16,3365,3380,3240,3285,4330600,3285
2015-10-19,3250,3315,3220,3230,2842800,3230
2015-10-20,3275,3295,3245,3270,3112100,3270
2015-10-21,3320,3375,3310,3360,3480000,3360
2015-10-22,3385,3470,3380,3415,4110600,3415
2015-10-23,3520,3550,3485,3495,3473400,3495
2015-10-26,3575,3615,3570,3580,2355100,3580
2015-10-27,3480,3490,3405,3455,4128400,3455
2015-10-28,3490,3545,3470,3520,4166600,3520
2015-10-29,3560,3580,3530,3575,2639900,3575
2015-10-30,3645,3850,3630,3790,8982900,3790
2015-11-02,3745,3865,3730,3795,5095400,3795
2015-11-04,3875,3900,3815,3820,5253000,3820
2015-11-05,3825,3870,3780,3845,4512100,3845
2015-11-06,3850,3895,3825,3875,3041100,3875
2015-11-09,3930,3985,3925,3980,3408500,3980
2015-11-10,3905,3940,3765,3885,6059900,3885
2015-11-11,3770,3880,3755,3870,3866400,3870
2015-11-12,3830,3910,3815,3830,3660500,3830
2015-11-13,3785,3875,3785,3835,3149400,3835
2015-11-16,3775,3825,3770,3800,2579300,3800
2015-11-17,3875,3970,3850,3915,4597100,3915
2015-11-18,3970,4035,3930,3935,4356000,3935
2015-11-19,4005,4040,3955,3975,3221500,3975
2015-11-20,3975,4045,3965,4040,2688700,4040
2015-11-24,4095,4205,4090,4165,5339200,4165
2015-11-25,4095,4120,3985,4000,5515900,4000
2015-11-26,3980,3990,3870,3910,4215400,3910
2015-11-27,3880,3895,3820,3865,4505700,3865
2015-11-30,3885,3920,3825,3870,4081200,3870
2015-12-01,3850,3905,3815,3905,3726900,3905
2015-12-02,3810,3830,3725,3745,5813600,3745
2015-12-03,3725,3740,3665,3720,3560300,3720
2015-12-04,3655,3725,3650,3705,3664600,3705
2015-12-07,3750,3795,3735,3740,1963600,3740
2015-12-08,3780,3780,3705,3715,2559800,3715
2015-12-09,3610,3660,3570,3615,5041100,3615
2015-12-10,3565,3590,3525,3560,4284200,3560
2015-12-11,3560,3670,3560,3610,3383500,3610
2015-12-14,3465,3470,3390,3455,6158700,3455
2015-12-15,3415,3425,3330,3365,6222700,3365
2015-12-16,3415,3435,3260,3355,6901600,3355
2015-12-17,3345,3395,3285,3375,5921700,3375
2015-12-18,3340,3365,3195,3245,7920300,3245
2015-12-21,3150,3225,3130,3215,6276400,3215
2015-12-22,3220,3260,3165,3175,2876400,3175
2015-12-24,3160,3185,3090,3115,3966000,3115
2015-12-25,3105,3225,3090,3170,3918900,3170
2015-12-28,3175,3215,3125,3165,2978900,3165
2015-12-29,3220,3310,3190,3270,3806200,3270
2015-12-30,3330,3365,3290,3315,3376200,3315
2016-01-04,3220,3285,3160,3180,4433100,3180
2016-01-05,3165,3190,3110,3135,3129200,3135
2016-01-06,3030,3050,2925,3035,8138600,3035
2016-01-07,2985,3025,2898,2902,6962600,2902
2016-01-08,2815,2965,2781,2885,7613800,2885
2016-01-12,2835,2870,2789,2806,4308700,2806
2016-01-13,2920,2955,2886,2921,4232800,2921
2016-01-14,2760,2783,2685,2771,5460300,2771
2016-01-15,2820,2844,2710,2726,3779600,2726
2016-01-18,2626,2732,2611,2701,4480200,2701
2016-01-19,2698,2754,2658,2747,2742000,2747
2016-01-20,2761,2764,2596,2606,3504100,2606
2016-01-21,2602,2733,2561,2564,5026400,2564
2016-01-22,2700,2772,2669,2766,4698300,2766
2016-01-25,2866,2871,2766,2769,3975800,2769
2016-01-26,2719,2740,2676,2712,3387800,2712
2016-01-27,2730,2740,2638,2674,4882000,2674
2016-01-28,2374,2414,2182,2208,13485300,2208
2016-01-29,2287,2377,2213,2338,11733400,2338
2016-02-01,2432,2466,2400,2436,6105600,2436
2016-02-02,2290,2390,2277,2335,5714300,2335
2016-02-03,2219,2234,2137,2158,6326000,2158
2016-02-04,2050,2156,2043,2112,6297900,2112
2016-02-05,2047,2100,2010,2045,4597600,2045
2016-02-08,2000,2084,1952,2070,4108200,2070
2016-02-09,1940,1951,1864,1874,5554500,1874
2016-02-10,1905,1937,1779,1834,6470000,1834
2016-02-12,1734,1747,1647,1659,8383000,1659
2016-02-15,1803,1805,1717,1778,4243800,1778
2016-02-16,1772,1871,1759,1820,5384300,1820
2016-02-17,1822,1956,1804,1829,7189300,1829
2016-02-18,1920,1987,1885,1948,6255700,1948
2016-02-19,1914,1920,1812,1838,5645600,1838
2016-02-22,1805,1837,1775,1804,4098400,1804
2016-02-23,1820,1884,1803,1808,4412300,1808
2016-02-24,1738,1784,1712,1742,4203700,1742
2016-02-25,1759,1816,1752,1807,3513200,1807
2016-02-26,1863,1891,1851,1863,3863300,1863
2016-02-29,1880,1952,1836,1856,5294300,1856
2016-03-01,1836,1848,1773,1812,4827100,1812
2016-03-02,1932,2089,1913,2043,9943800,2043
2016-03-03,2043,2135,2043,2131,6906600,2131
2016-03-04,2181,2310,2169,2197,9018900,2197
2016-03-07,2181,2203,2143,2168,4638000,2168
2016-03-08,2136,2155,2052,2101,4480600,2101
2016-03-09,2041,2085,2021,2067,3117100,2067
2016-03-10,2105,2128,2049,2068,2727300,2068
2016-03-11,2017,2114,1994,2101,4791000,2101
2016-03-14,2142,2205,2140,2176,3350700,2176
2016-03-15,2176,2183,2057,2091,4608900,2091
2016-03-16,2110,2190,2096,2163,4348100,2163
2016-03-17,2210,2266,2116,2155,4756700,2155
2016-03-18,2146,2158,2047,2075,3885700,2075
2016-03-22,2140,2153,2084,2113,3263200,2113
2016-03-23,2121,2124,2021,2031,3618300,2031
2016-03-24,2019,2053,1995,2017,3386200,2017
2016-03-25,2026,2085,2011,2079,2485000,2079
2016-03-28,2118,2133,2086,2125,2835900,2125
2016-03-29,2108,2108,2027,2069,3174100,2069
2016-03-30,2080,2084,1938,1946,5432300,1946
2016-03-31,1979,2004,1960,1962,3067900,1962
2016-04-01,1929,1930,1798,1833,5455500,1833
2016-04-04,1801,1870,1743,1773,6513700,1773
2016-04-05,1794,1794,1710,1733,4095700,1733
2016-04-06,1697,1747,1685,1709,4671900,1709
2016-04-07,1691,1762,1650,1673,4921200,1673
2016-04-08,1633,1746,1621,1713,5397300,1713
2016-04-11,1711,1718,1631,1700,3710100,1700
2016-04-12,1685,1781,1673,1770,3628400,1770
2016-04-13,1844,1924,1818,1906,6254100,1906
2016-04-14,1952,2000,1936,1977,5393500,1977
2016-04-15,1909,1959,1889,1910,4958500,1910
2016-04-18,1772,1815,1761,1773,4406400,1773
2016-04-19,1813,1892,1812,1867,4983600,1867
2016-04-20,1918,1938,1871,1889,3712100,1889
2016-04-21,1968,1970,1838,1889,4960800,1889
2016-04-22,1832,1902,1818,1897,5160500,1897
2016-04-25,1888,1906,1815,1861,4266400,1861
2016-04-26,1836,1876,1803,1831,3318200,1831
2016-04-27,1780,1823,1740,1810,5426300,1810
2016-04-28,1970,2128,1899,1990,16702200,1990
2016-05-02,1870,1894,1790,1805,6027900,1805
2016-05-06,1811,1837,1730,1758,4345300,1758
2016-05-09,1781,1798,1736,1742,2973800,1742
2016-05-10,1730,1831,1723,1825,4987500,1825
2016-05-11,1852,1939,1843,1894,5801800,1894
2016-05-12,1864,1928,1837,1918,4003700,1918
2016-05-13,1934,1947,1851,1856,4255300,1856
2016-05-16,1844,1863,1790,1838,3357800,1838
2016-05-17,1894,1935,1837,1859,3399100,1859
2016-05-18,1869,1965,1859,1950,5775100,1950
2016-05-19,2012,2045,1946,1958,4266500,1958
2016-05-20,1969,2097,1950,2073,7475500,2073
2016-05-23,2074,2105,2046,2070,6117300,2070
2016-05-24,2099,2103,2048,2053,5192300,2053
2016-05-25,2108,2125,2068,2078,4319000,2078
2016-05-26,2097,2106,2001,2021,4335200,2021
2016-05-27,2042,2110,2005,2108,4107500,2108
2016-05-30,2145,2212,2140,2174,4052900,2174
2016-05-31,2168,2250,2160,2242,5887900,2242
2016-06-01,2270,2325,2233,2282,7371700,2282
2016-06-02,2269,2298,2182,2210,6027300,2210
2016-06-03,2209,2255,2118,2143,5520700,2143
2016-06-06,2088,2161,2069,2159,3636900,2159
2016-06-07,2200,2302,2196,2277,5683900,2277
2016-06-08,2263,2315,2220,2293,4128900,2293
2016-06-09,2280,2290,2230,2259,3882400,2259
2016-06-10,2257,2321,2234,2308,5350600,2308
2016-06-13,2250,2277,2193,2194,3519300,2194
2016-06-14,2170,2248,2157,2211,4229900,2211
2016-06-15,2200,2285,2190,2270,4283300,2270
2016-06-16,2250,2257,2095,2126,8742600,2126
2016-06-17,2188,2213,2141,2175,4896900,2175
2016-06-20,2225,2253,2158,2232,4922600,2232
2016-06-21,2162,2259,2153,2254,3352400,2254
2016-06-22,2239,2303,2233,2248,3065300,2248
2016-06-23,2240,2253,2210,2249,2558500,2249
2016-06-24,2274,2319,1960,1996,7028700,1996
2016-06-27,1989,1989,1836,1900,5659200,1900
2016-06-28,1836,1910,1815,1876,5640300,1876
2016-06-29,1949,1983,1924,1961,5065300,1961
2016-06-30,1995,2004,1909,1909,4475800,1909
2016-07-01,1960,1985,1927,1935,4702200,1935
2016-07-04,1906,1955,1895,1928,2624400,1928
2016-07-05,1900,1915,1816,1840,4745300,1840
2016-07-06,1760,1771,1698,1749,5797600,1749
2016-07-07,1741,1776,1704,1710,3660300,1710
2016-07-08,1708,1718,1655,1664,4683300,1664
2016-07-11,1724,1752,1694,1738,4103700,1738
2016-07-12,1808,1878,1805,1848,4843200,1848
2016-07-13,1959,1968,1929,1942,5753200,1942
2016-07-14,1930,1998,1905,1995,5233700,1995
2016-07-15,2008,2114,1995,2064,6052500,2064
2016-07-19,2114,2178,2077,2105,4815600,2105
2016-07-20,2055,2098,2041,2069,2875400,2069
2016-07-21,2133,2204,2095,2120,4966400,2120
2016-07-22,2040,2075,2003,2018,4328900,2018
2016-07-25,2019,2065,2016,2032,2514400,2032
2016-07-26,1983,1992,1904,1931,4278900,1931
2016-07-27,2008,2065,1963,2043,5928200,2043
2016-07-28,2293,2347,2206,2262,10261700,2262
2016-07-29,2278,2353,2234,2340,8019900,2340
2016-08-01,2244,2287,2241,2259,4178200,2259
2016-08-02,2300,2353,2271,2277,4201600,2277
2016-08-03,2192,2278,2165,2197,3763400,2197
2016-08-04,2211,2318,2198,2304,3903200,2304
2016-08-05,2299,2338,2262,2295,3808300,2295
2016-08-08,2395,2423,2364,2417,3669600,2417
2016-08-09,2401,2426,2330,2380,2994900,2380
2016-08-10,2366,2391,2337,2375,1926500,2375
2016-08-12,2375,2378,2294,2319,4352800,2319
2016-08-15,2309,2333,2279,2309,1756900,2309
2016-08-16,2321,2355,2280,2281,2268700,2281
2016-08-17,2255,2284,2232,2269,2623200,2269
2016-08-18,2200,2280,2191,2215,2860200,2215
2016-08-19,2220,2298,2220,2275,2156300,2275
2016-08-22,2307,2310,2245,2256,1748700,2256
2016-08-23,2236,2248,2191,2205,2366400,2205
2016-08-24,2181,2198,2084,2117,4954300,2117
2016-08-25,2117,2176,2093,2141,3560400,2141
2016-08-26,2095,2103,2060,2081,3287300,2081
2016-08-29,2190,2241,2170,2225,3850100,2225
2016-08-30,2214,2305,2210,2284,3154700,2284
2016-08-31,2325,2357,2311,2333,2964800,2333
2016-09-01,2360,2409,2346,2401,4138200,2401
2016-09-02,2351,2360,2243,2287,5372000,2287
2016-09-05,2347,2397,2304,2314,4159900,2314
2016-09-06,2345,2345,2247,2277,2897500,2277
2016-09-07,2200,2258,2159,2254,3702400,2254
2016-09-08,2225,2249,2184,2190,3085800,2190
2016-09-09,2160,2235,2155,2227,3206600,2227
2016-09-12,2190,2205,2110,2129,3276900,2129
2016-09-13,2191,2227,2121,2136,3970200,2136
2016-09-14,2170,2260,2154,2221,5479700,2221
2016-09-15,2265,2345,2260,2296,8787700,2296
2016-09-16,2396,2445,2374,2440,8679500,2440
2016-09-20,2440,2558,2431,2465,8229900,2465
2016-09-21,2422,2534,2331,2524,6601500,2524
2016-09-23,2534,2584,2451,2476,5471600,2476
2016-09-26,2400,2406,2341,2377,4471400,2377
2016-09-27,2347,2414,2306,2412,4112700,2412
2016-09-28,2397,2424,2362,2369,3218400,2369
2016-09-29,2399,2518,2396,2483,4523300,2483
2016-09-30,2430,2452,2372,2400,4054100,2400
2016-10-03,2450,2464,2405,2417,2490000,2417
2016-10-04,2403,2457,2403,2437,2753700,2437
2016-10-05,2480,2545,2463,2513,3343700,2513
2016-10-06,2545,2617,2544,2568,4700600,2568
2016-10-07,2600,2623,2584,2615,3370000,2615
2016-10-11,2680,2735,2617,2624,4093700,2624
2016-10-12,2574,2629,2552,2608,2820000,2608
2016-10-13,2634,2670,2577,2591,2609600,2591
2016-10-14,2582,2616,2535,2557,3258500,2557
2016-10-17,2586,2615,2574,2594,3210500,2594
2016-10-18,2591,2603,2558,2587,2103100,2587
2016-10-19,2592,2622,2571,2585,1920000,2585
2016-10-20,2565,2628,2557,2621,2663900,2621
2016-10-21,2638,2649,2592,2599,1700600,2599
2016-10-24,2605,2615,2540,2565,2568000,2565
2016-10-25,2577,2608,2571,2603,2303000,2603
2016-10-26,2605,2613,2556,2569,3340800,2569
2016-10-27,2539,2543,2511,2536,3310500,2536
2016-10-28,2566,2639,2556,2617,4251900,2617
2016-10-31,2500,2544,2425,2520,9049200,2520
2016-11-01,2501,2610,2492,2585,4322700,2585
2016-11-02,2552,2605,2503,2512,3793100,2512
2016-11-04,2450,2474,2365,2406,4916600,2406
2016-11-07,2445,2478,2416,2441,3412600,2441
2016-11-08,2468,2482,2417,2445,2771600,2445
2016-11-09,2495,2530,2189,2262,7170300,2262
2016-11-10,2500,2526,2450,2510,4188800,2510
2016-11-11,2555,2569,2487,2509,4092300,2509
2016-11-14,2545,2688,2536,2682,5143600,2682
2016-11-15,2696,2732,2646,2657,3779200,2657
2016-11-16,2735,2742,2691,2708,3661300,2708
2016-11-17,2679,2714,2646,2708,3203100,2708
2016-11-18,2761,2774,2731,2765,3573400,2765
2016-11-21,2799,2871,2785,2866,4209000,2866
2016-11-22,2866,2868,2813,2829,2592000,2829
2016-11-24,2900,2930,2877,2898,3501200,2898
2016-11-25,2912,2967,2881,2912,3014700,2912
2016-11-28,2880,2899,2840,2880,3219800,2880
2016-11-29,2832,2909,2794,2904,3595200,2904
2016-11-30,2918,2925,2858,2873,2831000,2873
2016-12-01,2941,2997,2912,2928,4714800,2928
2016-12-02,2850,2868,2796,2819,6303600,2819
2016-12-05,2799,2809,2771,2800,3303700,2800
2016-12-06,2842,2860,2762,2778,3829900,2778
2016-12-07,2799,2874,2790,2872,4390500,2872
2016-12-08,2930,2940,2870,2940,3820600,2940
2016-12-09,2923,2971,2902,2952,3836200,2952
2016-12-12,3000,3050,2921,2952,3729500,2952
2016-12-13,2903,2915,2861,2894,3373700,2894
2016-12-14,2900,2930,2861,2920,2466700,2920
2016-12-15,2955,2977,2934,2954,3095900,2954
2016-12-16,2995,3030,2993,3010,2876600,3010
2016-12-19,2982,2984,2911,2918,3759300,2918
2016-12-20,2920,2926,2846,2895,3961400,2895
2016-12-21,2909,2930,2861,2870,2809900,2870
2016-12-22,2841,2858,2803,2854,2619300,2854
2016-12-26,2831,2844,2801,2805,1793500,2805
2016-12-27,2758,2833,2737,2823,2392500,2823
2016-12-28,2854,2859,2824,2847,1430100,2847
2016-12-29,2803,2827,2788,2812,1925800,2812
2016-12-30,2780,2839,2765,2826,2184400,2826
2017-01-04,2800,2812,2737,2803,6957200,2803
