Date,Open,High,Low,Close,Volume,Adj Close
2008-10-20,525,539,508,532,2594600,532
2008-10-21,536,546,527,546,2276200,546
2008-10-22,538,550,514,519,1964500,519
2008-10-23,504,506,450,485,3387700,485
2008-10-24,455,456,405,405,4290500,405
2008-10-27,410,440,379,380,3949900,380
2008-10-28,381,448,375,444,4304300,444
2008-10-29,474,476,404,431,4644100,431
2008-10-30,441,477,424,472,4267200,472
2008-10-31,473,475,445,446,3964300,446
2008-11-04,466,486,458,483,2541300,483
2008-11-05,513,515,476,504,2943200,504
2008-11-06,478,488,472,481,2300600,481
2008-11-07,460,469,437,440,3695600,440
2008-11-10,455,484,455,482,3137000,482
2008-11-11,477,504,460,485,3445700,485
2008-11-12,470,495,467,486,2920200,486
2008-11-13,466,477,435,438,2560800,438
2008-11-14,433,451,425,436,3928100,436
2008-11-17,439,481,432,466,2372300,466
2008-11-18,461,485,441,479,2517900,479
2008-11-19,464,475,456,464,2384200,464
2008-11-20,440,453,423,424,1912400,424
2008-11-21,414,468,406,463,3375300,463
2008-11-25,473,480,451,478,2290400,478
2008-11-26,488,494,463,470,2420500,470
2008-11-27,481,497,481,491,1503500,491
2008-11-28,489,500,482,500,1393400,500
2008-12-01,502,508,496,505,1265300,505
2008-12-02,470,498,469,480,2846400,480
2008-12-03,495,502,482,492,1289600,492
2008-12-04,500,500,469,475,1485600,475
2008-12-05,474,481,468,469,1408400,469
2008-12-08,481,520,477,514,1576100,514
2008-12-09,517,528,511,520,1411800,520
2008-12-10,525,570,523,558,1748000,558
2008-12-11,578,581,542,565,1456100,565
2008-12-12,533,540,504,520,3761900,520
2008-12-15,530,553,530,550,1144500,550
2008-12-16,540,547,529,541,1012100,541
2008-12-17,544,557,531,546,1340800,546
2008-12-18,554,586,542,575,1674000,575
2008-12-19,563,569,523,530,2222900,530
2008-12-22,570,573,536,555,1424900,555
2008-12-24,563,566,538,545,866600,545
2008-12-25,569,570,552,561,675600,561
2008-12-26,566,566,545,557,699900,557
2008-12-29,548,565,548,562,558800,562
2008-12-30,547,582,547,582,757900,582
2009-01-05,602,610,598,600,534200,600
2009-01-06,603,615,595,605,1181200,605
2009-01-07,604,627,602,617,1411800,617
2009-01-08,587,594,571,581,1601400,581
2009-01-09,581,586,562,573,1228500,573
2009-01-13,530,541,523,524,1594400,524
2009-01-14,516,546,516,540,1007900,540
2009-01-15,512,513,486,495,2416500,495
2009-01-16,500,521,488,513,2089400,513
2009-01-19,525,530,518,523,1029200,523
2009-01-20,519,520,497,506,924800,506
2009-01-21,482,499,481,489,1414900,489
2009-01-22,483,485,471,481,2774900,481
2009-01-23,486,487,466,466,2116300,466
2009-01-26,469,472,451,454,1521700,454
2009-01-27,469,495,465,486,1925700,486
2009-01-28,461,467,427,446,5993600,446
2009-01-29,445,457,423,429,5202400,429
2009-01-30,424,427,411,415,2004900,415
2009-02-02,400,412,393,407,2300500,407
2009-02-03,406,425,400,403,2477300,403
2009-02-04,404,416,401,412,2020800,412
2009-02-05,417,426,407,417,2350600,417
2009-02-06,420,430,416,423,1558500,423
2009-02-09,438,440,420,420,1586700,420
2009-02-10,430,434,415,418,1343500,418
2009-02-12,400,403,358,359,4842500,359
2009-02-13,364,376,362,363,2951700,363
2009-02-16,368,370,356,360,1803700,360
2009-02-17,354,359,343,347,1524200,347
2009-02-18,347,356,343,348,1480400,348
2009-02-19,343,347,325,331,3017600,331
2009-02-20,336,337,325,329,1981700,329
2009-02-23,319,331,315,327,1692200,327
2009-02-24,325,325,311,316,1955400,316
2009-02-25,331,334,319,334,2386000,334
2009-02-26,328,342,327,331,1866100,331
2009-02-27,332,340,325,336,1820900,336
2009-03-02,326,333,325,333,1767900,333
2009-03-03,324,325,316,323,1534300,323
2009-03-04,315,332,315,329,1682800,329
2009-03-05,337,343,332,336,1531600,336
2009-03-06,327,330,320,323,1472200,323
2009-03-09,324,330,314,317,1163500,317
2009-03-10,315,320,314,316,1119900,316
2009-03-11,322,333,321,331,1582000,331
2009-03-12,326,333,322,325,1380300,325
2009-03-13,343,347,338,346,4034100,346
2009-03-16,356,361,353,355,1292000,355
2009-03-17,355,373,347,369,2004800,369
2009-03-18,372,375,365,371,1257900,371
2009-03-19,375,379,371,375,1428500,375
2009-03-23,385,401,379,400,2312400,400
2009-03-24,415,427,405,424,2579300,424
2009-03-25,429,429,416,423,1624000,423
2009-03-26,418,424,397,416,1664200,416
2009-03-27,426,439,421,425,1852500,425
2009-03-30,430,430,397,398,1383200,398
2009-03-31,395,415,391,394,1896600,394
2009-04-01,395,419,389,417,1720000,417
2009-04-02,418,434,415,431,2068900,431
2009-04-03,440,470,440,466,3300600,466
2009-04-06,486,495,479,488,2307700,488
2009-04-07,489,494,477,491,1875200,491
2009-04-08,481,481,469,472,1556500,472
2009-04-09,470,493,466,488,2000500,488
2009-04-10,499,505,492,503,1985500,503
2009-04-13,513,526,507,515,1453900,515
2009-04-14,515,519,496,500,1288100,500
2009-04-15,494,495,480,487,1252000,487
2009-04-16,495,502,465,469,2429700,469
2009-04-17,484,495,479,494,1163700,494
2009-04-20,493,503,483,493,1493700,493
2009-04-21,473,479,460,477,1562000,477
2009-04-22,477,480,465,473,1285900,473
2009-04-23,471,488,458,486,1290400,486
2009-04-24,491,522,486,513,3751100,513
2009-04-27,522,523,495,505,1636200,505
2009-04-28,500,515,477,477,1478200,477
2009-04-30,502,512,500,504,1541300,504
2009-05-01,499,514,498,512,957900,512
2009-05-07,530,543,525,542,1926900,542
2009-05-08,543,552,518,548,1663900,548
2009-05-11,549,552,534,548,1159000,548
2009-05-12,530,544,530,538,1223300,538
2009-05-13,539,546,529,537,1153500,537
2009-05-14,527,532,508,512,1348300,512
2009-05-15,522,530,520,522,867000,522
2009-05-18,467,467,439,446,5124000,446
2009-05-19,460,471,448,457,3332300,457
2009-05-20,464,465,454,457,1488300,457
2009-05-21,456,456,448,455,1987100,455
2009-05-22,449,452,445,450,1675200,450
2009-05-25,450,463,447,460,1697200,460
2009-05-26,464,465,445,449,1836800,449
2009-05-27,459,462,456,462,1879300,462
2009-05-28,457,481,457,481,2384900,481
2009-05-29,487,488,478,485,1960400,485
2009-06-01,486,496,480,492,1185300,492
2009-06-02,499,518,493,514,2293200,514
2009-06-03,510,534,509,532,2108700,532
2009-06-04,530,543,524,539,1942300,539
2009-06-05,540,564,537,553,2504800,553
2009-06-08,590,617,579,581,3761000,581
2009-06-09,571,594,565,584,2496000,584
2009-06-10,575,581,557,580,2563200,580
2009-06-11,607,674,605,641,5427600,641
2009-06-12,647,647,623,636,6362800,636
2009-06-15,637,641,626,626,1336200,626
2009-06-16,620,631,604,606,2446600,606
2009-06-17,600,611,589,608,2958600,608
2009-06-18,605,605,587,598,1841100,598
2009-06-19,593,600,585,600,2286900,600
2009-06-22,600,613,592,599,2762600,599
2009-06-23,579,589,560,569,2852000,569
2009-06-24,564,575,559,570,1825600,570
2009-06-25,578,592,570,584,2351800,584
2009-06-26,594,600,586,599,1854200,599
2009-06-29,608,663,607,641,4898200,641
2009-06-30,639,662,636,650,2091100,650
2009-07-01,650,678,646,666,2114800,666
2009-07-02,666,675,660,666,2519200,666
2009-07-03,663,684,653,683,2378300,683
2009-07-06,693,695,663,673,2563000,673
2009-07-07,674,682,643,644,2187300,644
2009-07-08,634,638,630,633,2113100,633
2009-07-09,631,639,609,615,2767900,615
2009-07-10,617,630,612,621,2328600,621
2009-07-13,624,630,582,586,2126800,586
2009-07-14,603,618,601,614,1461400,614
2009-07-15,634,637,620,629,1457300,629
2009-07-16,649,654,639,641,1168500,641
2009-07-17,638,652,630,640,996400,640
2009-07-21,670,670,655,666,1052000,666
2009-07-22,665,672,655,671,1184000,671
2009-07-23,673,677,664,670,1132900,670
2009-07-24,683,687,677,686,1381300,686
2009-07-27,705,730,704,723,1761000,723
2009-07-28,729,733,724,731,1690800,731
2009-07-29,727,740,724,730,1638300,730
2009-07-30,740,740,724,726,1159100,726
2009-07-31,740,744,731,742,1360100,742
2009-08-03,733,741,727,737,798800,737
2009-08-04,746,749,733,738,915400,738
2009-08-05,731,738,714,714,1054200,714
2009-08-06,714,737,712,735,1089500,735
2009-08-07,733,738,725,738,922400,738
2009-08-10,748,755,740,751,999000,751
2009-08-11,748,757,745,745,924800,745
2009-08-12,755,802,743,777,4016100,777
2009-08-13,795,815,792,797,1991000,797
2009-08-14,807,820,795,814,3225100,814
2009-08-17,815,815,784,785,1351800,785
2009-08-18,765,793,765,777,1451500,777
2009-08-19,770,792,768,773,1164300,773
2009-08-20,787,827,785,823,2427200,823
2009-08-21,826,838,809,821,1703200,821
2009-08-24,844,847,836,841,1297800,841
2009-08-25,840,842,818,822,1450000,822
2009-08-26,822,827,818,820,1523000,820
2009-08-27,823,825,804,810,998400,810
2009-08-28,815,820,805,810,941700,810
2009-08-31,817,828,793,800,1066600,800
2009-09-01,791,811,790,801,963300,801
2009-09-02,780,784,770,773,1372100,773
2009-09-03,762,776,748,751,1608800,751
2009-09-04,760,764,742,743,1111600,743
2009-09-07,747,751,736,747,1036400,747
2009-09-08,757,773,749,773,1116900,773
2009-09-09,773,784,764,775,1051600,775
2009-09-10,785,797,781,796,834800,796
2009-09-11,828,828,795,805,4401600,805
2009-09-14,795,795,763,767,1187600,767
2009-09-15,767,780,749,751,970700,751
2009-09-16,761,765,746,749,1289500,749
2009-09-17,786,829,786,828,4357200,828
2009-09-18,825,833,806,819,1815600,819
2009-09-24,834,845,824,845,1624100,845
2009-09-25,834,834,816,826,834400,826
2009-09-28,806,808,795,802,981600,802
2009-09-29,817,822,802,819,1139800,819
2009-09-30,809,819,787,795,1304100,795
2009-10-01,790,794,765,769,1381100,769
2009-10-02,767,781,765,773,2286900,773
2009-10-05,775,797,773,777,1647400,777
2009-10-06,770,771,750,757,1873100,757
2009-10-07,760,763,747,754,1772100,754
2009-10-08,755,764,735,754,1324000,754
2009-10-09,758,786,745,782,2022500,782
2009-10-13,783,800,779,792,906200,792
2009-10-14,795,795,765,771,956300,771
2009-10-15,781,791,776,784,775400,784
2009-10-16,786,790,768,777,921100,777
2009-10-19,775,795,763,792,892200,792
2009-10-20,812,813,792,797,711400,797
2009-10-21,787,792,778,785,865800,785
2009-10-22,769,781,760,781,888500,781
2009-10-23,788,797,775,789,908500,789
2009-10-26,792,804,786,798,557200,798
2009-10-27,799,799,783,788,575300,788
2009-10-28,778,794,770,771,1321800,771
2009-10-29,751,752,726,729,2399200,729
2009-10-30,735,750,733,750,1002500,750
2009-11-02,720,728,717,720,1343300,720
2009-11-04,703,705,681,690,1937500,690
2009-11-05,685,693,674,691,1511400,691
2009-11-06,692,703,685,694,1458000,694
2009-11-09,686,687,673,687,938900,687
2009-11-10,697,700,688,695,1031400,695
2009-11-11,720,732,694,699,3139800,699
2009-11-12,706,721,692,710,2504200,710
2009-11-13,720,724,701,717,2460400,717
2009-11-16,707,711,672,677,1931100,677
2009-11-17,675,679,653,655,1483700,655
2009-11-18,638,655,635,646,1434100,646
2009-11-19,647,651,637,649,1184200,649
2009-11-20,644,651,626,640,1293300,640
2009-11-24,630,632,614,629,1427600,629
2009-11-25,631,638,616,636,1445100,636
2009-11-26,619,642,612,634,1450900,634
2009-11-27,608,611,594,595,2238900,595
2009-11-30,601,619,599,615,1958400,615
2009-12-01,605,627,595,624,1915800,624
2009-12-02,625,633,613,624,1240300,624
2009-12-03,634,665,627,663,1625500,663
2009-12-04,664,678,660,675,1518800,675
2009-12-07,701,734,699,732,3184500,732
2009-12-08,721,731,718,726,1973200,726
2009-12-09,715,723,705,723,1132400,723
2009-12-10,743,745,721,725,2255100,725
2009-12-11,749,758,742,757,4357100,757
2009-12-14,757,758,742,756,1281400,756
2009-12-15,746,765,736,760,1066000,760
2009-12-16,774,785,767,783,2123000,783
2009-12-17,764,787,763,779,1207300,779
2009-12-18,776,793,763,788,1458300,788
2009-12-21,779,795,779,789,889100,789
2009-12-22,795,805,793,805,1355900,805
2009-12-24,809,820,804,816,1412800,816
2009-12-25,819,819,804,811,1157600,811
2009-12-28,801,822,801,821,1331600,821
2009-12-29,820,825,803,804,1893300,804
2009-12-30,806,819,802,812,985100,812
2010-01-04,813,822,811,814,619600,814
2010-01-05,825,834,820,823,1188100,823
2010-01-06,821,837,813,821,1259500,821
2010-01-07,816,825,808,812,769900,812
2010-01-08,820,833,815,829,2137500,829
2010-01-12,828,834,818,829,1341500,829
2010-01-13,816,831,816,822,1262400,822
2010-01-14,823,848,818,845,1372400,845
2010-01-15,845,845,831,842,1144000,842
2010-01-18,827,833,817,827,1085700,827
2010-01-19,827,827,802,809,975000,809
2010-01-20,824,828,797,800,1001700,800
2010-01-21,780,812,774,810,1800900,810
2010-01-22,780,790,763,773,2224300,773
2010-01-25,763,768,753,764,1588500,764
2010-01-26,770,773,746,747,1308600,747
2010-01-27,745,748,730,730,1174300,730
2010-01-28,735,758,732,750,1375600,750
2010-01-29,731,752,725,730,1388400,730
2010-02-01,739,742,724,734,1435600,734
2010-02-02,731,750,722,743,937200,743
2010-02-03,738,750,737,744,1307300,744
2010-02-04,745,746,727,735,1227300,735
2010-02-05,711,714,701,704,2016000,704
2010-02-08,703,706,687,691,936700,691
2010-02-09,680,686,667,685,1112800,685
2010-02-10,709,756,709,749,4341000,749
2010-02-12,749,751,727,743,1934900,743
2010-02-15,747,754,740,742,988800,742
2010-02-16,741,746,734,739,655200,739
2010-02-17,746,764,746,760,1031300,760
2010-02-18,771,777,761,776,1105800,776
2010-02-19,780,783,751,752,981100,752
2010-02-22,776,786,773,776,850800,776
2010-02-23,775,784,772,780,910600,780
2010-02-24,765,775,757,766,961800,766
2010-02-25,766,767,737,739,1551700,739
2010-02-26,731,741,728,731,1219100,731
2010-03-01,727,741,726,737,681400,737
2010-03-02,740,746,732,745,617200,745
2010-03-03,735,739,728,733,1125000,733
2010-03-04,740,741,720,724,910600,724
2010-03-05,735,748,731,748,1199300,748
2010-03-08,767,777,765,776,1249400,776
2010-03-09,777,779,771,778,793000,778
2010-03-10,780,783,776,781,572100,781
2010-03-11,788,792,779,788,710800,788
2010-03-12,800,800,781,785,4317300,785
2010-03-15,786,792,771,776,867200,776
2010-03-16,780,786,773,776,967100,776
2010-03-17,778,806,775,805,1541200,805
2010-03-18,800,807,788,790,1111200,790
2010-03-19,798,800,791,800,515800,800
2010-03-23,792,797,768,770,1316200,770
2010-03-24,800,805,786,789,1167600,789
2010-03-25,799,799,781,785,1251600,785
2010-03-26,793,795,788,794,1060400,794
2010-03-29,780,794,779,789,700600,789
2010-03-30,795,823,795,820,1557800,820
2010-03-31,825,825,814,814,956000,814
2010-04-01,826,833,810,829,1920100,829
2010-04-02,830,835,822,826,812500,826
2010-04-05,835,841,832,840,679200,840
2010-04-06,845,848,831,835,718700,835
2010-04-07,843,844,830,842,1172900,842
2010-04-08,830,835,820,822,1129100,822
2010-04-09,818,834,818,828,2228000,828
2010-04-12,839,843,831,831,665700,831
2010-04-13,826,828,806,812,1420500,812
2010-04-14,819,826,813,820,902600,820
2010-04-15,831,836,823,833,925000,833
2010-04-16,827,828,808,814,708200,814
2010-04-19,801,802,789,796,909200,796
2010-04-20,794,798,780,782,1534900,782
2010-04-21,790,807,786,805,948900,805
2010-04-22,791,797,784,795,807700,795
2010-04-23,789,795,784,793,942200,793
2010-04-26,818,826,817,823,1404900,823
2010-04-27,825,834,820,831,1183000,831
2010-04-28,801,807,795,798,1533700,798
2010-04-30,805,810,804,806,787500,806
2010-05-06,776,780,768,773,1363800,773
2010-05-07,728,741,726,735,2063300,735
2010-05-10,734,762,731,759,1565000,759
2010-05-11,770,773,736,742,1445500,742
2010-05-12,749,751,725,730,1250600,730
2010-05-13,745,748,735,741,1038500,741
2010-05-14,726,733,721,721,1862000,721
2010-05-17,700,701,645,663,5790500,663
2010-05-18,663,664,636,641,3264900,641
2010-05-19,639,641,623,639,2550900,639
2010-05-20,632,639,615,617,2560600,617
2010-05-21,601,613,591,611,3370200,611
2010-05-24,621,648,604,640,4764800,640
2010-05-25,630,630,597,599,3532400,599
2010-05-26,602,611,588,594,3329900,594
2010-05-27,589,622,582,620,2888100,620
2010-05-28,630,644,623,638,3229900,638
2010-05-31,633,643,631,636,1172800,636
2010-06-01,635,636,625,628,1190200,628
2010-06-02,618,638,607,614,2342600,614
2010-06-03,624,639,620,638,2090400,638
2010-06-04,642,661,641,654,2005400,654
2010-06-07,632,632,620,622,1688300,622
2010-06-08,612,629,612,623,1553900,623
2010-06-09,623,623,602,613,2229400,613
2010-06-10,611,612,591,602,3097300,602
2010-06-11,621,633,620,628,5040700,628
2010-06-14,638,653,635,649,1521200,649
2010-06-15,648,654,641,651,1070500,651
2010-06-16,661,666,656,659,1017500,659
2010-06-17,652,662,649,651,1209700,651
2010-06-18,656,660,648,649,1239000,649
2010-06-21,659,678,657,675,1549000,675
2010-06-22,665,667,656,656,1163400,656
2010-06-23,642,643,632,638,1081800,638
2010-06-24,644,651,640,641,1095500,641
2010-06-25,621,622,598,600,2622500,600
2010-06-28,607,610,593,595,1181500,595
2010-06-29,595,600,569,571,1886700,571
2010-06-30,561,564,550,557,2229800,557
2010-07-01,549,550,523,526,3229700,526
2010-07-02,543,546,528,534,2212900,534
2010-07-05,544,547,538,542,1433800,542
2010-07-06,542,566,535,565,2852600,565
2010-07-07,560,560,544,550,1819000,550
2010-07-08,570,573,565,569,1512300,569
2010-07-09,576,576,566,569,1447400,569
2010-07-12,561,568,557,561,1308000,561
2010-07-13,564,571,554,559,1089900,559
2010-07-14,573,582,572,579,1418600,579
2010-07-15,575,584,574,578,1730700,578
2010-07-16,573,574,553,555,1819100,555
2010-07-20,542,554,536,543,1343500,543
2010-07-21,549,552,532,533,1179300,533
2010-07-22,525,527,515,517,1712300,517
2010-07-23,532,535,525,533,1327200,533
2010-07-26,542,545,538,539,1128400,539
2010-07-27,538,539,526,526,1204500,526
2010-07-28,527,532,519,530,2623000,530
2010-07-29,523,529,521,524,1471200,524
2010-07-30,519,521,510,512,1119300,512
2010-08-02,512,517,505,508,929100,508
2010-08-03,519,524,511,516,1045200,516
2010-08-04,512,513,503,503,1429200,503
2010-08-05,513,520,507,511,1254100,511
2010-08-06,505,511,503,508,1016300,508
2010-08-09,502,507,502,504,865600,504
2010-08-10,511,512,500,507,1114900,507
2010-08-11,526,529,504,513,3603600,513
2010-08-12,503,525,502,524,3971100,524
2010-08-13,522,540,508,538,4092200,538
2010-08-16,529,529,513,520,3154500,520
2010-08-17,518,525,515,522,1970600,522
2010-08-18,530,533,524,527,1775100,527
2010-08-19,528,539,528,538,2085900,538
2010-08-20,533,549,530,535,2039300,535
2010-08-23,536,546,535,543,2410400,543
2010-08-24,542,546,532,539,2336600,539
2010-08-25,536,538,516,518,2726400,518
2010-08-26,524,535,519,533,2235800,533
2010-08-27,525,548,520,544,2053100,544
2010-08-30,555,563,548,552,2109400,552
2010-08-31,540,540,522,523,2289900,523
2010-09-01,527,538,521,535,2068500,535
2010-09-02,545,556,540,556,2258800,556
2010-09-03,556,564,554,563,1652400,563
2010-09-06,567,579,563,579,1193700,579
2010-09-07,570,582,566,569,1728900,569
2010-09-08,559,562,546,547,1634800,547
2010-09-09,557,561,545,552,1747100,552
2010-09-10,550,563,545,561,3945700,561
2010-09-13,565,578,565,571,2299300,571
2010-09-14,575,580,570,574,1804700,574
2010-09-15,565,587,558,583,2557300,583
2010-09-16,593,596,584,589,1697200,589
2010-09-17,594,595,587,595,1419300,595
2010-09-21,603,608,592,593,1260200,593
2010-09-22,595,603,592,601,1616400,601
2010-09-24,591,594,577,578,2515900,578
2010-09-27,591,591,577,582,1984000,582
2010-09-28,579,590,578,583,930700,583
2010-09-29,589,595,582,588,1474200,588
2010-09-30,590,590,568,568,1496000,568
2010-10-01,576,586,572,578,1804700,578
2010-10-04,578,586,572,575,1270800,575
2010-10-05,567,582,566,580,2074700,580
2010-10-06,589,605,586,602,2183300,602
2010-10-07,595,603,594,600,1281200,600
2010-10-08,601,601,588,589,1942600,589
2010-10-12,590,596,584,584,1849500,584
2010-10-13,594,603,593,599,2238600,599
2010-10-14,601,601,567,573,4708400,573
2010-10-15,573,592,567,580,3335500,580
2010-10-18,576,581,568,571,1263400,571
2010-10-19,571,582,571,580,1999100,580
2010-10-20,566,567,558,565,1513800,565
2010-10-21,566,570,553,557,1900400,557
2010-10-22,557,561,546,560,1746800,560
2010-10-25,561,561,551,553,1510500,553
2010-10-26,553,557,547,554,1328800,554
2010-10-27,558,559,544,549,1474400,549
2010-10-28,544,547,537,538,2483900,538
2010-10-29,534,534,523,529,1443000,529
2010-11-01,530,537,524,529,1518700,529
2010-11-02,525,529,522,527,989200,527
2010-11-04,537,544,535,538,2005300,538
2010-11-05,548,574,548,571,2573100,571
2010-11-08,580,583,573,580,1216900,580
2010-11-09,580,582,571,572,1958000,572
2010-11-10,547,554,543,548,4315300,548
2010-11-11,558,566,551,565,2865700,565
2010-11-12,560,560,538,545,3139500,545
2010-11-15,551,557,545,556,2095800,556
2010-11-16,560,560,549,549,2268500,549
2010-11-17,541,550,541,549,1724400,549
2010-11-18,545,564,545,563,1997300,563
2010-11-19,573,574,558,562,1830900,562
2010-11-22,575,577,569,572,1473100,572
2010-11-24,561,571,554,568,1558300,568
2010-11-25,569,574,563,569,1409700,569
2010-11-26,569,575,569,572,865700,572
2010-11-29,573,589,571,587,2226100,587
2010-11-30,587,591,576,577,2412700,577
2010-12-01,576,582,568,580,1502300,580
2010-12-02,590,604,590,603,2084800,603
2010-12-03,613,616,603,610,1754600,610
2010-12-06,611,612,601,607,986200,607
2010-12-07,604,610,597,601,1926800,601
2010-12-08,605,608,598,606,2466700,606
2010-12-09,612,613,608,613,1112100,613
2010-12-10,619,620,604,605,4410100,605
2010-12-13,611,622,609,622,1980700,622
2010-12-14,625,638,623,636,2548800,636
2010-12-15,640,643,634,640,1981500,640
2010-12-16,647,659,644,655,2646700,655
2010-12-17,660,685,657,676,4822700,676
2010-12-20,670,673,659,662,2310000,662
2010-12-21,667,675,664,672,1403400,672
2010-12-22,666,666,646,649,3183700,649
2010-12-24,640,648,639,646,761900,646
2010-12-27,653,657,650,652,1199600,652
2010-12-28,651,656,650,650,468400,650
2010-12-29,652,660,651,655,765700,655
2010-12-30,650,654,643,646,985400,646
2011-01-04,653,660,648,660,1229700,660
2011-01-05,655,666,653,663,1700900,663
2011-01-06,673,676,671,674,1777300,674
2011-01-07,672,679,670,678,1839400,678
2011-01-11,670,677,664,674,1869800,674
2011-01-12,680,691,677,679,1921400,679
2011-01-13,684,687,669,679,1722500,679
2011-01-14,669,679,669,670,2280700,670
2011-01-17,670,678,665,674,1132600,674
2011-01-18,667,677,667,674,896200,674
2011-01-19,680,688,676,688,1114300,688
2011-01-20,685,685,677,679,1077900,679
2011-01-21,685,685,662,666,1983000,666
2011-01-24,676,678,669,675,1263000,675
2011-01-25,681,689,674,688,1364900,688
2011-01-26,678,683,673,679,1267600,679
2011-01-27,678,680,668,675,2495200,675
2011-01-28,676,685,669,672,2091600,672
2011-01-31,661,665,653,659,1596000,659
2011-02-01,660,670,657,665,1281100,665
2011-02-02,669,681,666,666,3131700,666
2011-02-03,659,671,659,664,2228200,664
2011-02-04,668,673,663,669,2304400,669
2011-02-07,690,721,690,720,5384000,720
2011-02-08,730,741,716,740,3150500,740
2011-02-09,710,720,659,662,10014900,662
2011-02-10,655,658,633,636,7596300,636
2011-02-14,640,646,631,636,4802100,636
2011-02-15,633,647,627,645,3716100,645
2011-02-16,645,654,644,653,2866300,653
2011-02-17,647,656,639,643,2706700,643
2011-02-18,643,645,637,640,2657300,640
2011-02-21,647,655,645,651,2384500,651
2011-02-22,641,644,627,631,1767600,631
2011-02-23,625,636,625,626,2186300,626
2011-02-24,625,628,618,620,1691100,620
2011-02-25,622,630,616,627,1857400,627
2011-02-28,620,633,615,631,2025100,631
2011-03-01,636,640,620,625,2909500,625
2011-03-02,620,627,617,618,1707200,618
2011-03-03,619,628,618,628,1686200,628
2011-03-04,635,638,625,630,2274200,630
2011-03-07,624,627,620,622,2020400,622
2011-03-08,620,631,618,630,1564700,630
2011-03-09,660,679,656,665,6265900,665
2011-03-10,660,664,648,652,2282100,652
2011-03-11,642,653,640,640,4623100,640
2011-03-14,583,602,571,575,3398200,575
2011-03-15,555,558,485,523,5838100,523
2011-03-16,533,561,510,532,5036500,532
2011-03-17,505,591,498,565,7396700,565
2011-03-18,575,622,573,613,5866400,613
2011-03-22,626,644,623,631,4143600,631
2011-03-23,628,631,610,615,3401400,615
2011-03-24,619,623,606,619,2877100,619
2011-03-25,629,630,608,611,2786000,611
2011-03-28,621,623,603,607,2288700,607
2011-03-29,598,615,588,609,2931600,609
2011-03-30,610,627,607,625,2530100,625
2011-03-31,627,634,618,634,2201500,634
2011-04-01,628,640,621,626,2431000,626
2011-04-04,633,644,630,631,1732700,631
2011-04-05,632,632,612,614,2521500,614
2011-04-06,620,623,607,612,1960500,612
2011-04-07,615,619,605,605,1451900,605
2011-04-08,604,617,590,614,2865600,614
2011-04-11,607,613,595,599,2054500,599
2011-04-12,590,595,585,589,2111500,589
2011-04-13,584,595,582,591,1317800,591
2011-04-14,592,606,589,600,1502600,600
2011-04-15,605,610,594,599,1162100,599
2011-04-18,600,600,593,593,703700,593
2011-04-19,585,589,580,586,1278000,586
2011-04-20,596,606,588,603,1043300,603
2011-04-21,610,621,610,619,1788100,619
2011-04-22,620,631,620,631,2079900,631
2011-04-25,632,635,628,629,1205800,629
2011-04-26,631,631,619,626,1099200,626
2011-04-27,627,646,623,642,2204200,642
2011-04-28,648,656,644,654,1645800,654
2011-05-02,664,679,662,678,1374100,678
2011-05-06,658,667,653,664,694200,664
2011-05-09,659,664,648,659,998700,659
2011-05-10,665,673,656,670,1410100,670
2011-05-11,680,684,666,668,1193500,668
2011-05-12,654,667,649,657,1509000,657
2011-05-13,662,665,642,649,1868100,649
2011-05-16,635,661,632,655,1679700,655
2011-05-17,656,656,632,637,1917600,637
2011-05-18,634,647,633,640,1778000,640
2011-05-19,646,650,635,635,908100,635
2011-05-20,632,639,626,634,1581800,634
2011-05-23,634,634,622,626,1113000,626
2011-05-24,625,632,625,632,1095100,632
2011-05-25,635,635,622,622,1666800,622
2011-05-26,622,631,618,624,1945600,624
2011-05-27,620,630,620,623,761200,623
2011-05-30,618,627,612,624,698200,624
2011-05-31,624,641,623,639,1206500,639
2011-06-01,640,645,636,639,1238600,639
2011-06-02,623,627,621,621,1873600,621
2011-06-03,621,636,621,622,1321600,622
2011-06-06,623,623,615,617,1919000,617
2011-06-07,618,626,613,624,1188500,624
2011-06-08,626,632,616,630,1122400,630
2011-06-09,631,654,627,653,2114500,653
2011-06-10,663,671,653,658,3769500,658
2011-06-13,644,653,643,652,1104700,652
2011-06-14,661,675,659,664,2649400,664
2011-06-15,661,665,645,649,2212100,649
2011-06-16,643,643,631,636,3262500,636
2011-06-17,649,654,644,647,2124300,647
2011-06-20,640,645,634,638,1404400,638
2011-06-21,639,649,633,649,1174400,649
2011-06-22,659,674,657,670,2218600,670
2011-06-23,670,680,667,677,1837600,677
2011-06-24,683,688,673,686,1259700,686
2011-06-27,680,680,670,671,900200,671
2011-06-28,681,684,674,677,783100,677
2011-06-29,688,689,682,689,869000,689
2011-06-30,690,691,681,683,1244300,683
2011-07-01,690,695,689,695,948400,695
2011-07-04,700,701,691,694,822500,694
2011-07-05,695,701,695,698,649400,698
2011-07-06,705,710,696,709,1102400,709
2011-07-07,712,722,708,719,1165000,719
2011-07-08,734,737,721,722,1272000,722
2011-07-11,715,718,707,717,1553800,717
2011-07-12,704,707,696,706,1078000,706
2011-07-13,695,704,688,697,1443200,697
2011-07-14,690,693,683,687,1681700,687
2011-07-15,687,694,684,692,1380300,692
2011-07-19,697,697,689,691,1135500,691
2011-07-20,701,706,700,703,612900,703
2011-07-21,700,703,694,702,1343100,702
2011-07-22,716,720,705,720,1322500,720
2011-07-25,717,718,713,716,574500,716
2011-07-26,717,722,714,719,943100,719
2011-07-27,710,711,702,703,1406100,703
2011-07-28,690,692,682,684,1871600,684
2011-07-29,684,688,681,683,1214500,683
2011-08-01,689,703,689,694,1222100,694
2011-08-02,678,684,669,677,1685600,677
2011-08-03,658,665,655,665,1630400,665
2011-08-04,666,673,656,659,1619400,659
2011-08-05,626,639,621,632,1413900,632
2011-08-08,622,625,607,610,2563500,610
2011-08-09,584,601,564,597,3471200,597
2011-08-10,625,628,602,611,4104800,611
2011-08-11,601,613,601,608,1696700,608
2011-08-12,614,616,605,606,1882000,606
2011-08-15,620,623,614,619,1358800,619
2011-08-16,627,628,621,623,1125500,623
2011-08-17,621,622,611,616,1091500,616
2011-08-18,618,618,602,605,1774500,605
2011-08-19,588,590,578,580,2577300,580
2011-08-22,581,594,578,587,2411800,587
2011-08-23,599,619,596,618,3043500,618
2011-08-24,624,627,605,609,1720200,609
2011-08-25,619,630,615,624,1424400,624
2011-08-26,628,650,627,650,2070200,650
2011-08-29,651,658,643,650,1662900,650
2011-08-30,652,659,651,653,1526000,653
2011-08-31,649,657,647,654,871300,654
2011-09-01,656,667,656,666,1193100,666
2011-09-02,662,668,646,649,1653000,649
2011-09-05,635,639,627,628,1368200,628
2011-09-06,625,625,608,609,1616300,609
2011-09-07,619,630,617,630,1321700,630
2011-09-08,644,645,636,639,1041800,639
2011-09-09,640,644,630,632,3452700,632
2011-09-12,614,615,603,608,1554500,608
2011-09-13,608,621,601,621,1322700,621
2011-09-14,622,625,601,602,1416600,602
2011-09-15,620,636,618,635,1889700,635
2011-09-16,649,662,646,661,1537400,661
2011-09-20,655,664,651,656,1251300,656
2011-09-21,661,693,659,689,3183100,689
2011-09-22,688,709,686,696,4113100,696
2011-09-26,697,697,681,685,1972500,685
2011-09-27,693,715,692,715,2720400,715
2011-09-28,712,723,711,718,1813000,718
2011-09-29,716,740,708,740,2259100,740
2011-09-30,738,749,734,740,1809400,740
2011-10-03,722,731,709,714,1752800,714
2011-10-04,705,730,702,729,2158100,729
2011-10-05,728,736,722,731,1565100,731
2011-10-06,736,743,710,719,2902400,719
2011-10-07,719,722,692,695,2975100,695
2011-10-11,722,742,721,728,1923600,728
2011-10-12,724,724,710,714,1197200,714
2011-10-13,713,727,710,725,1173100,725
2011-10-14,725,734,717,719,1700700,719
2011-10-17,729,733,708,712,1254800,712
2011-10-18,707,714,703,705,878000,705
2011-10-19,718,718,705,712,1009600,712
2011-10-20,709,709,694,700,883900,700
2011-10-21,708,716,705,713,768200,713
2011-10-24,733,759,732,758,2609200,758
2011-10-25,760,761,735,738,1784300,738
2011-10-26,723,737,722,733,1149000,733
2011-10-27,728,753,724,752,1182000,752
2011-10-28,757,766,753,760,1638100,760
2011-10-31,760,768,747,747,1514400,747
2011-11-01,720,739,713,714,1962300,714
2011-11-02,717,717,696,697,1654600,697
2011-11-04,707,722,705,718,1371500,718
2011-11-07,716,722,711,716,913300,716
2011-11-08,712,725,707,711,1070100,711
2011-11-09,721,748,719,733,1779300,733
2011-11-10,718,735,716,719,1822000,719
2011-11-11,728,758,726,754,2991200,754
2011-11-14,755,768,753,757,1208300,757
2011-11-15,750,755,732,736,1480400,736
2011-11-16,731,736,717,720,1240600,720
2011-11-17,719,729,717,725,1157800,725
2011-11-18,713,728,713,720,1083800,720
2011-11-21,734,743,727,734,1408000,734
2011-11-22,729,737,720,725,1196600,725
2011-11-24,720,720,702,705,1088800,705
2011-11-25,695,701,690,692,1215100,692
2011-11-28,708,726,704,725,1436000,725
2011-11-29,730,735,720,735,1258700,735
2011-11-30,720,721,709,714,1850900,714
2011-12-01,736,743,731,733,1279400,733
2011-12-02,734,753,733,753,1344200,753
2011-12-05,749,750,738,741,945100,741
2011-12-06,737,738,727,730,722500,730
2011-12-07,738,751,735,748,1259200,748
2011-12-08,745,747,738,741,830100,741
2011-12-09,720,803,719,734,5979500,734
2011-12-12,749,754,739,743,851900,743
2011-12-13,739,739,721,730,994700,730
2011-12-14,727,727,716,721,1031300,721
2011-12-15,717,720,702,704,1168300,704
2011-12-16,712,719,702,706,1316800,706
2011-12-19,700,702,688,695,1151200,695
2011-12-20,685,699,683,694,1238400,694
2011-12-21,708,719,703,708,1011600,708
2011-12-22,711,711,700,703,698100,703
2011-12-26,721,725,716,718,590300,718
2011-12-27,717,717,697,702,769400,702
2011-12-28,708,713,698,700,878000,700
2011-12-29,691,701,681,699,853900,699
2011-12-30,708,708,691,695,1036400,695
2012-01-04,719,723,714,721,1192100,721
2012-01-05,720,720,707,711,573400,711
2012-01-06,712,715,698,701,992500,701
2012-01-10,702,715,700,707,1686300,707
2012-01-11,707,724,706,709,1860300,709
2012-01-12,705,711,695,697,1538000,697
2012-01-13,707,718,705,717,1867100,717
2012-01-16,707,708,698,705,713500,705
2012-01-17,708,708,699,701,1059300,701
2012-01-18,702,714,695,706,1433300,706
2012-01-19,707,715,705,706,1133000,706
2012-01-20,718,724,712,720,1301300,720
2012-01-23,721,724,712,720,1303500,720
2012-01-24,730,738,727,735,1453300,735
2012-01-25,745,753,739,745,1890600,745
2012-01-26,746,750,733,734,1346700,734
2012-01-27,735,736,727,736,1124500,736
2012-01-30,725,734,716,732,1258400,732
2012-01-31,732,754,729,753,2067400,753
2012-02-01,752,776,747,766,2302200,766
2012-02-02,768,770,752,766,1560400,766
2012-02-03,763,773,762,763,973500,763
2012-02-06,776,790,772,777,1296400,777
2012-02-07,766,770,761,764,1146500,764
2012-02-08,765,776,734,746,2302300,746
2012-02-09,730,733,724,729,2390300,729
2012-02-10,730,734,724,730,2531300,730
2012-02-13,726,737,717,722,1291800,722
2012-02-14,728,743,724,735,2235900,735
2012-02-15,742,760,738,756,1950300,756
2012-02-16,748,749,729,730,2880000,730
2012-02-17,747,751,742,747,1657000,747
2012-02-20,755,764,754,761,1468900,761
2012-02-21,760,771,752,757,1435200,757
2012-02-22,758,771,749,767,1799700,767
2012-02-23,775,779,765,770,3283500,770
2012-02-24,777,788,771,784,1559400,784
2012-02-27,793,798,781,785,1362500,785
2012-02-28,761,791,758,791,1881100,791
2012-02-29,786,789,770,773,2466800,773
2012-03-01,785,791,780,783,1861800,783
2012-03-02,791,803,783,798,2227000,798
2012-03-05,795,810,795,797,1320100,797
2012-03-06,800,807,792,803,1586600,803
2012-03-07,789,797,788,797,1241200,797
2012-03-08,805,822,805,822,1631300,822
2012-03-09,828,837,817,827,4697700,827
2012-03-12,828,828,807,809,1822500,809
2012-03-13,816,830,812,814,1508200,814
2012-03-14,829,835,822,826,1324300,826
2012-03-15,831,843,828,829,1190100,829
2012-03-16,831,838,828,834,1390800,834
2012-03-19,834,842,829,833,1085700,833
2012-03-21,833,840,820,826,1208200,826
2012-03-22,827,833,819,825,1132400,825
2012-03-23,819,828,818,825,846600,825
2012-03-26,840,846,835,838,1284100,838
2012-03-27,851,854,840,850,1437900,850
2012-03-28,841,848,833,845,1042200,845
2012-03-29,836,841,830,835,1040800,835
2012-03-30,831,838,824,837,1000500,837
2012-04-02,839,842,828,833,1223300,833
2012-04-03,840,841,827,827,656200,827
2012-04-04,827,833,816,817,1066800,817
2012-04-05,816,821,802,805,1983700,805
2012-04-06,803,803,783,786,1341500,786
2012-04-09,780,784,773,778,1462900,778
2012-04-10,778,781,766,770,1280400,770
2012-04-11,755,766,753,761,1434100,761
2012-04-12,769,770,751,760,1103900,760
2012-04-13,764,785,763,774,2986000,774
2012-04-16,758,762,747,748,895300,748
2012-04-17,747,766,742,751,1127600,751
2012-04-18,766,771,761,764,783700,764
2012-04-19,765,770,759,764,998700,764
2012-04-20,764,765,754,763,688700,763
2012-04-23,769,774,757,764,648900,764
2012-04-24,756,763,751,755,769500,755
2012-04-25,767,770,757,767,743000,767
2012-04-26,782,790,773,777,1208600,777
2012-04-27,782,785,766,772,1314500,772
2012-05-01,768,771,759,764,827500,764
2012-05-02,769,779,761,773,985000,773
2012-05-07,751,758,746,749,847300,749
2012-05-08,759,767,756,765,1286200,765
2012-05-09,760,764,746,747,976200,747
2012-05-10,733,750,725,745,996500,745
2012-05-11,745,746,733,736,1417900,736
2012-05-14,736,747,725,730,1274400,730
2012-05-15,706,729,697,729,1986600,729
2012-05-16,725,725,679,693,2144100,693
2012-05-17,692,698,680,693,1460900,693
2012-05-18,678,683,673,677,1464500,677
2012-05-21,678,687,669,673,1060300,673
2012-05-22,683,692,679,683,778500,683
2012-05-23,679,686,662,665,1443500,665
2012-05-24,666,678,660,668,1434800,668
2012-05-25,678,680,664,668,844000,668
2012-05-28,669,678,663,675,943200,675
2012-05-29,674,680,666,679,723900,679
2012-05-30,680,683,666,676,869700,676
2012-05-31,660,663,644,663,2030700,663
2012-06-01,656,669,648,654,1392300,654
2012-06-04,644,661,644,657,2136500,657
2012-06-05,659,683,653,680,2000000,680
2012-06-06,689,721,687,718,2208500,718
2012-06-07,721,750,721,745,2549700,745
2012-06-08,752,752,740,744,4565300,744
2012-06-11,752,760,750,754,1478500,754
2012-06-12,743,759,736,752,1533900,752
2012-06-13,754,765,751,761,1167300,761
2012-06-14,760,768,754,766,1390600,766
2012-06-15,765,772,760,766,1287700,766
2012-06-18,786,787,775,780,736500,780
2012-06-19,779,780,770,773,723500,773
2012-06-20,782,792,775,790,1322100,790
2012-06-21,796,818,795,811,2105400,811
2012-06-22,802,811,794,807,1683800,807
2012-06-25,813,813,792,795,1469500,795
2012-06-26,791,803,787,798,1974200,798
2012-06-27,796,801,789,801,1073400,801
2012-06-28,805,813,800,805,1143500,805
2012-06-29,805,819,800,818,1712200,818
2012-07-02,819,819,805,815,1232700,815
2012-07-03,810,824,808,818,1098800,818
2012-07-04,822,825,813,823,1107700,823
2012-07-05,818,830,816,819,973300,819
2012-07-06,819,828,814,822,1492300,822
2012-07-09,822,822,801,805,939300,805
2012-07-10,805,810,791,791,1428800,791
2012-07-11,785,792,775,791,1751500,791
2012-07-12,783,793,776,777,1485100,777
2012-07-13,765,784,764,779,1973500,779
2012-07-17,775,793,773,780,1141400,780
2012-07-18,788,791,777,778,1235300,778
2012-07-19,792,807,791,798,1658400,798
2012-07-20,800,802,785,788,1073100,788
2012-07-23,777,777,763,763,885700,763
2012-07-24,765,771,758,765,1492800,765
2012-07-25,758,758,741,752,1266600,752
2012-07-26,764,767,754,764,1023900,764
2012-07-27,775,785,769,785,742600,785
2012-07-30,799,802,787,794,603300,794
2012-07-31,794,813,793,809,855400,809
2012-08-01,799,799,783,795,770900,795
2012-08-02,795,805,792,796,1102700,796
2012-08-03,784,791,776,780,829900,780
2012-08-06,795,806,790,800,882500,800
2012-08-07,801,811,796,809,738800,809
2012-08-08,819,826,816,824,1073200,824
2012-08-09,823,828,811,822,1013800,822
2012-08-10,807,827,804,824,1317500,824
2012-08-13,830,838,821,834,1055100,834
2012-08-14,840,868,840,862,1828600,862
2012-08-15,868,869,853,864,1079600,864
2012-08-16,873,901,873,896,1339200,896
2012-08-17,897,901,886,893,959300,893
2012-08-20,899,929,890,924,1490500,924
2012-08-21,912,928,908,922,1023100,922
2012-08-22,913,919,906,910,836200,910
2012-08-23,902,929,896,922,1087700,922
2012-08-24,907,925,907,921,818000,921
2012-08-27,933,934,917,918,798800,918
2012-08-28,927,929,914,922,987200,922
2012-08-29,926,936,925,934,1011200,934
2012-08-30,930,937,928,934,929300,934
2012-08-31,928,933,911,913,991900,913
2012-09-03,908,931,907,915,956000,915
2012-09-04,922,924,907,917,881300,917
2012-09-05,916,918,905,916,746700,916
2012-09-06,920,920,908,914,808100,914
2012-09-07,929,929,913,923,1308400,923
2012-09-10,920,921,908,914,1261400,914
2012-09-11,908,908,896,906,874600,906
2012-09-12,913,936,904,935,1318300,935
2012-09-13,932,943,929,940,1108900,940
2012-09-14,948,997,948,989,3431300,989
2012-09-18,987,992,970,970,1182300,970
2012-09-19,971,984,961,978,1568600,978
2012-09-20,958,964,928,933,2586500,933
2012-09-21,939,942,915,925,1840000,925
2012-09-24,914,929,911,916,1523000,916
2012-09-25,913,921,909,914,1143000,914
2012-09-26,906,914,898,904,1041300,904
2012-09-27,893,907,888,904,1552200,904
2012-09-28,903,921,898,902,1756100,902
2012-10-01,892,898,888,893,776600,893
2012-10-02,898,907,895,900,1492100,900
2012-10-03,901,927,901,918,2440300,918
2012-10-04,922,931,913,920,1430500,920
2012-10-05,923,926,915,923,1234600,923
2012-10-09,923,927,904,906,1309800,906
2012-10-10,892,895,874,877,1555600,877
2012-10-11,864,874,852,856,1529400,856
2012-10-12,868,885,864,867,2041800,867
2012-10-15,864,877,863,876,1442500,876
2012-10-16,887,890,878,889,1094800,889
2012-10-17,900,900,889,893,1099200,893
2012-10-18,900,913,892,907,1330900,907
2012-10-19,906,914,900,912,966600,912
2012-10-22,894,911,891,907,906600,907
2012-10-23,908,910,889,897,1222600,897
2012-10-24,892,918,890,909,1152100,909
2012-10-25,912,916,901,915,1062200,915
2012-10-26,916,921,900,901,1241800,901
2012-10-29,906,912,899,902,947200,902
2012-10-30,906,924,905,911,2536100,911
2012-10-31,911,917,902,908,1195000,908
2012-11-01,902,905,888,900,988200,900
2012-11-02,915,919,906,914,1826900,914
2012-11-05,908,914,901,906,668100,906
2012-11-06,908,908,889,890,1102200,890
2012-11-07,863,864,788,795,6027700,795
2012-11-08,790,793,758,782,4414200,782
2012-11-09,782,810,764,806,3703200,806
2012-11-12,783,794,773,784,2124900,784
2012-11-13,785,792,780,792,1309600,792
2012-11-14,790,806,786,804,1347500,804
2012-11-15,810,821,806,821,1734500,821
2012-11-16,823,838,818,834,1512100,834
2012-11-19,839,845,825,832,1291100,832
2012-11-20,837,844,831,840,983900,840
2012-11-21,847,850,840,844,1243600,844
2012-11-22,855,861,846,861,1280500,861
2012-11-26,880,890,876,880,2371400,880
2012-11-27,885,888,869,881,1609000,881
2012-11-28,872,881,868,872,903800,872
2012-11-29,873,876,861,868,1354400,868
2012-11-30,869,883,863,873,2001900,873
2012-12-03,882,889,878,882,1150700,882
2012-12-04,883,891,878,890,1460700,890
2012-12-05,887,914,886,900,1741600,900
2012-12-06,901,907,895,905,1092100,905
2012-12-07,903,903,882,883,1185600,883
2012-12-10,895,895,881,883,882700,883
2012-12-11,884,887,874,880,984300,880
2012-12-12,887,888,864,869,1695000,869
2012-12-13,884,900,877,895,1376600,895
2012-12-14,901,916,898,912,3720500,912
2012-12-17,927,928,913,916,1111000,916
2012-12-18,918,923,911,915,1072300,915
2012-12-19,919,928,909,928,1546300,928
2012-12-20,932,932,909,911,2023900,911
2012-12-21,924,929,904,907,1372200,907
2012-12-25,921,925,907,913,911200,913
2012-12-26,915,928,914,928,836000,928
2012-12-27,935,945,929,941,1049000,941
2012-12-28,939,948,936,941,1060900,941
2013-01-04,969,969,943,954,1426700,954
2013-01-07,948,950,933,934,793800,934
2013-01-08,930,945,920,923,1139000,923
2013-01-09,928,953,927,948,1394600,948
2013-01-10,949,976,946,972,1255500,972
2013-01-11,998,1045,994,1037,3664400,1037
2013-01-15,1039,1061,1038,1043,1270900,1043
2013-01-16,1040,1040,1010,1011,1104500,1011
2013-01-17,1012,1021,985,1001,1470100,1001
2013-01-18,1028,1037,1008,1029,1948200,1029
2013-01-21,1034,1035,1004,1006,1020700,1006
2013-01-22,1003,1009,981,996,1801600,996
2013-01-23,976,994,974,979,1471600,979
2013-01-24,979,1004,975,995,1379300,995
2013-01-25,1006,1007,987,1001,1313200,1001
2013-01-28,1002,1005,974,980,1187700,980
2013-01-29,975,996,975,984,928400,984
2013-01-30,998,1027,993,1026,1398400,1026
2013-01-31,1017,1025,1000,1019,1178200,1019
2013-02-01,1026,1035,1012,1030,953500,1030
2013-02-04,1030,1044,1027,1034,997800,1034
2013-02-05,1012,1012,989,989,1428600,989
2013-02-06,1008,1026,1004,1018,1599300,1018
2013-02-07,1010,1012,997,1003,1284600,1003
2013-02-08,978,1006,978,989,2344900,989
2013-02-12,961,962,936,941,3618000,941
2013-02-13,946,950,933,937,1896300,937
2013-02-14,935,938,921,925,1777000,925
2013-02-15,919,935,907,918,2166600,918
2013-02-18,931,947,930,939,1025300,939
2013-02-19,930,943,924,940,816600,940
2013-02-20,947,948,922,924,1670900,924
2013-02-21,920,943,920,928,1621500,928
2013-02-22,929,942,921,942,1108900,942
2013-02-25,964,996,960,996,2575300,996
2013-02-26,966,969,946,949,2814600,949
2013-02-27,948,954,937,945,1683400,945
2013-02-28,944,944,928,931,2500500,931
2013-03-01,921,942,921,939,1073200,939
2013-03-04,941,943,926,927,989700,927
2013-03-05,945,976,945,961,2083300,961
2013-03-06,972,978,957,961,915800,961
2013-03-07,955,956,925,931,2374000,931
2013-03-08,929,936,916,921,5772800,921
2013-03-11,922,922,900,905,2400200,905
2013-03-12,902,915,898,909,2655300,909
2013-03-13,910,921,908,909,1867000,909
2013-03-14,910,916,903,915,1953700,915
2013-03-15,924,940,919,940,1843400,940
2013-03-18,920,920,903,904,1208100,904
2013-03-19,917,918,912,915,851100,915
2013-03-21,916,948,915,946,2405400,946
2013-03-22,934,934,914,916,1580900,916
2013-03-25,929,940,922,935,1336700,935
2013-03-26,934,940,930,932,1098200,932
2013-03-27,933,937,931,934,975400,934
2013-03-28,938,948,931,940,2161900,940
2013-03-29,949,954,939,946,1030900,946
2013-04-01,947,947,925,925,1446600,925
2013-04-02,917,917,884,885,1965700,885
2013-04-03,886,889,863,873,1977900,873
2013-04-04,855,893,852,893,2047200,893
2013-04-05,927,933,870,870,2549200,870
2013-04-08,910,919,892,916,1900200,916
2013-04-09,931,952,928,941,2165500,941
2013-04-10,945,955,937,952,2285900,952
2013-04-11,960,966,937,947,1993300,947
2013-04-12,955,955,910,915,2913200,915
2013-04-15,916,924,904,910,1297900,910
2013-04-16,896,947,895,942,2739700,942
2013-04-17,948,948,924,944,1900100,944
2013-04-18,933,937,917,929,1578500,929
2013-04-19,939,939,924,929,728000,929
2013-04-22,950,958,947,958,1438000,958
2013-04-23,950,954,940,950,891100,950
2013-04-24,961,961,948,957,1322600,957
2013-04-25,960,975,956,973,1405800,973
2013-04-26,974,977,952,969,1288000,969
2013-04-30,970,992,956,990,1902700,990
2013-05-01,990,1012,974,1010,2216000,1010
2013-05-02,997,1003,979,985,1404000,985
2013-05-07,1000,1022,994,1017,1727300,1017
2013-05-08,1020,1048,1017,1036,1596700,1036
2013-05-09,1045,1061,1034,1052,1447300,1052
2013-05-10,1084,1100,1077,1091,2691800,1091
2013-05-13,1100,1133,1084,1090,3020300,1090
2013-05-14,1100,1138,1100,1124,1971600,1124
2013-05-15,1125,1139,1070,1109,3030500,1109
2013-05-16,1110,1115,1076,1104,2134000,1104
2013-05-17,1105,1127,1080,1124,1669700,1124
2013-05-20,1135,1170,1131,1168,1548900,1168
2013-05-21,1197,1273,1190,1266,2903500,1266
2013-05-22,1279,1299,1217,1231,2587000,1231
2013-05-23,1256,1286,1156,1157,3035000,1157
2013-05-24,1168,1178,1122,1166,3363600,1166
2013-05-27,1150,1156,1125,1146,1654200,1146
2013-05-28,1144,1166,1125,1151,1932500,1151
2013-05-29,1156,1163,1136,1143,1899800,1143
2013-05-30,1150,1219,1140,1170,4572100,1170
2013-05-31,1196,1242,1196,1223,3776100,1223
2013-06-03,1179,1187,1149,1166,2373800,1166
2013-06-04,1150,1165,1137,1158,2062800,1158
2013-06-05,1164,1187,1130,1132,1667700,1132
2013-06-06,1135,1193,1132,1155,2560300,1155
2013-06-07,1125,1166,1104,1147,2609800,1147
2013-06-10,1170,1180,1139,1166,2460100,1166
2013-06-11,1157,1163,1107,1120,2696600,1120
2013-06-12,1098,1169,1090,1163,1632300,1163
2013-06-13,1132,1132,1063,1064,1875600,1064
2013-06-14,1079,1151,1078,1123,4439600,1123
2013-06-17,1107,1170,1091,1164,1731800,1164
2013-06-18,1166,1171,1127,1138,1234000,1138
2013-06-19,1146,1159,1116,1132,1733800,1132
2013-06-20,1131,1142,1110,1116,1949300,1116
2013-06-21,1107,1133,1067,1127,2603000,1127
2013-06-24,1155,1159,1121,1124,1001100,1124
2013-06-25,1123,1146,1098,1124,1160600,1124
2013-06-26,1135,1143,1095,1100,881200,1100
2013-06-27,1116,1134,1093,1133,1075800,1133
2013-06-28,1148,1192,1141,1187,1619300,1187
2013-07-01,1192,1209,1176,1209,1070100,1209
2013-07-02,1217,1225,1205,1225,1108400,1225
2013-07-03,1222,1223,1173,1211,1543200,1211
2013-07-04,1212,1240,1197,1228,1121000,1228
2013-07-05,1237,1244,1226,1241,975500,1241
2013-07-08,1250,1252,1224,1224,753000,1224
2013-07-09,1268,1275,1245,1275,1610100,1275
2013-07-10,1288,1317,1279,1297,2105800,1297
2013-07-11,1280,1303,1275,1294,1089200,1294
2013-07-12,1305,1318,1293,1312,1590200,1312
2013-07-16,1320,1324,1296,1322,1201300,1322
2013-07-17,1317,1333,1311,1331,1112700,1331
2013-07-18,1328,1330,1297,1329,1173700,1329
2013-07-19,1330,1355,1262,1306,1699300,1306
2013-07-22,1330,1334,1297,1325,930600,1325
2013-07-23,1323,1375,1320,1367,1583000,1367
2013-07-24,1357,1366,1341,1355,1128100,1355
2013-07-25,1363,1366,1340,1343,881300,1343
2013-07-26,1317,1324,1283,1290,1287500,1290
2013-07-29,1278,1289,1264,1266,1245800,1266
2013-07-30,1259,1286,1252,1282,1059900,1282
2013-07-31,1270,1284,1250,1270,1068300,1270
2013-08-01,1272,1321,1267,1321,1111600,1321
2013-08-02,1320,1370,1310,1368,1189100,1368
2013-08-05,1365,1383,1357,1362,923900,1362
2013-08-06,1373,1400,1352,1400,1690900,1400
2013-08-07,1400,1400,1355,1358,1666700,1358
2013-08-08,1365,1407,1347,1355,1747800,1355
2013-08-09,1375,1406,1343,1353,2242000,1353
2013-08-12,1249,1282,1218,1229,2581100,1229
2013-08-13,1230,1241,1212,1236,1580000,1236
2013-08-14,1249,1271,1241,1269,1469600,1269
2013-08-15,1262,1263,1223,1229,898200,1229
2013-08-16,1216,1244,1215,1234,905900,1234
2013-08-19,1239,1260,1223,1260,1117300,1260
2013-08-20,1242,1260,1223,1227,1209600,1227
2013-08-21,1238,1250,1217,1238,840200,1238
2013-08-22,1242,1263,1232,1251,1806500,1251
2013-08-23,1280,1307,1271,1292,1521900,1292
2013-08-26,1309,1340,1308,1316,1455700,1316
2013-08-27,1302,1322,1292,1298,750600,1298
2013-08-28,1252,1258,1213,1248,2375000,1248
2013-08-29,1240,1259,1231,1248,1398800,1248
2013-08-30,1265,1269,1232,1239,1182100,1239
2013-09-02,1239,1243,1220,1229,1218000,1229
2013-09-03,1233,1264,1232,1257,1041400,1257
2013-09-04,1248,1276,1247,1273,1212200,1273
2013-09-05,1289,1299,1274,1287,1126500,1287
2013-09-06,1294,1298,1265,1271,930500,1271
2013-09-09,1298,1320,1278,1317,1065200,1317
2013-09-10,1340,1359,1331,1349,1825000,1349
2013-09-11,1359,1396,1357,1362,1493400,1362
2013-09-12,1359,1381,1357,1373,648800,1373
2013-09-13,1364,1387,1353,1382,2510000,1382
2013-09-17,1383,1392,1369,1377,749800,1377
2013-09-18,1390,1408,1378,1387,1185200,1387
2013-09-19,1408,1424,1400,1414,1584800,1414
2013-09-20,1426,1435,1412,1422,938000,1422
2013-09-24,1391,1445,1391,1441,1138100,1441
2013-09-25,1440,1462,1429,1444,1638700,1444
2013-09-26,1444,1464,1406,1464,1011200,1464
2013-09-27,1458,1458,1426,1435,797000,1435
2013-09-30,1396,1419,1383,1398,742400,1398
2013-10-01,1399,1427,1389,1415,859000,1415
2013-10-02,1408,1409,1346,1352,1682100,1352
2013-10-03,1351,1364,1336,1337,1024700,1337
2013-10-04,1320,1350,1320,1332,807700,1332
2013-10-07,1338,1346,1306,1307,676000,1307
2013-10-08,1310,1338,1310,1331,671200,1331
2013-10-09,1331,1363,1331,1360,959800,1360
2013-10-10,1368,1375,1346,1372,584100,1372
2013-10-11,1402,1446,1393,1410,1685600,1410
2013-10-15,1429,1435,1405,1413,974400,1413
2013-10-16,1414,1426,1399,1409,637500,1409
2013-10-17,1430,1431,1410,1427,665800,1427
2013-10-18,1428,1431,1409,1427,541500,1427
2013-10-21,1356,1386,1351,1364,1865000,1364
2013-10-22,1366,1375,1355,1371,750200,1371
2013-10-23,1372,1375,1311,1315,1329400,1315
2013-10-24,1301,1314,1276,1311,1404100,1311
2013-10-25,1295,1306,1256,1258,1744000,1258
2013-10-28,1274,1286,1258,1286,962400,1286
2013-10-29,1274,1282,1258,1265,1018100,1265
2013-10-30,1250,1278,1247,1273,1894100,1273
2013-10-31,1278,1294,1264,1280,1181400,1280
2013-11-01,1281,1297,1256,1260,807000,1260
2013-11-05,1272,1288,1257,1278,1091600,1278
2013-11-06,1273,1297,1252,1292,1129200,1292
2013-11-07,1300,1300,1267,1278,996000,1278
2013-11-08,1257,1287,1241,1248,1257500,1248
2013-11-11,1312,1338,1309,1328,2548900,1328
2013-11-12,1325,1340,1309,1339,1063200,1339
2013-11-13,1325,1349,1312,1346,923100,1346
2013-11-14,1350,1386,1349,1372,1743600,1372
2013-11-15,1398,1421,1392,1413,1729600,1413
2013-11-18,1412,1424,1394,1408,1304000,1408
2013-11-19,1403,1424,1403,1419,869000,1419
2013-11-20,1428,1442,1412,1422,1171300,1422
2013-11-21,1446,1466,1432,1456,1771400,1456
2013-11-22,1476,1480,1451,1461,1505300,1461
2013-11-25,1481,1517,1468,1514,2376900,1514
2013-11-26,1510,1538,1481,1516,1918800,1516
2013-11-27,1500,1518,1488,1499,1229000,1499
2013-11-28,1526,1568,1505,1562,1773000,1562
2013-11-29,1543,1569,1532,1550,1151600,1550
2013-12-02,1570,1580,1555,1565,1216300,1565
2013-12-03,1573,1574,1555,1560,1560200,1560
2013-12-04,1507,1539,1506,1527,1386000,1527
2013-12-05,1527,1550,1491,1495,1038900,1495
2013-12-06,1478,1519,1475,1515,945600,1515
2013-12-09,1564,1579,1556,1574,1024200,1574
2013-12-10,1570,1575,1548,1573,1440100,1573
2013-12-11,1553,1555,1522,1541,1062700,1541
2013-12-12,1523,1554,1522,1543,1037200,1543
2013-12-13,1531,1555,1511,1536,3084500,1536
2013-12-16,1535,1548,1490,1498,936700,1498
2013-12-17,1525,1526,1490,1507,1003900,1507
2013-12-18,1494,1536,1483,1535,1330400,1535
2013-12-19,1551,1567,1544,1556,1530500,1556
2013-12-20,1570,1573,1541,1559,1399500,1559
2013-12-24,1565,1585,1555,1567,1773600,1567
2013-12-25,1558,1576,1550,1576,1208700,1576
2013-12-26,1578,1598,1572,1595,776000,1595
2013-12-27,1599,1615,1576,1593,992100,1593
2013-12-30,1605,1618,1589,1615,867100,1615
2014-01-06,1599,1619,1563,1579,1416000,1579
2014-01-07,1566,1586,1562,1573,871600,1573
2014-01-08,1613,1646,1604,1644,1093500,1644
2014-01-09,1632,1642,1610,1629,1032100,1629
2014-01-10,1606,1632,1591,1630,1859800,1630
2014-01-14,1598,1606,1553,1559,1788100,1559
2014-01-15,1610,1638,1604,1638,1363400,1638
2014-01-16,1646,1688,1643,1676,1856500,1676
2014-01-17,1660,1683,1634,1673,1331600,1673
2014-01-20,1700,1720,1685,1692,1403600,1692
2014-01-21,1712,1733,1696,1696,1117000,1696
2014-01-22,1692,1714,1662,1693,1339900,1693
2014-01-23,1706,1743,1705,1719,1574900,1719
2014-01-24,1676,1679,1628,1645,2097000,1645
2014-01-27,1585,1606,1580,1594,1335100,1594
2014-01-28,1599,1630,1585,1604,1054300,1604
2014-01-29,1650,1660,1640,1657,1217900,1657
2014-01-30,1587,1608,1575,1603,1147700,1603
2014-01-31,1638,1640,1587,1607,1377700,1607
2014-02-03,1608,1617,1579,1587,1133600,1587
2014-02-04,1547,1569,1507,1507,1445500,1507
2014-02-05,1505,1508,1452,1480,3305000,1480
2014-02-06,1489,1504,1472,1474,1295000,1474
2014-02-07,1504,1538,1488,1501,1205400,1501
2014-02-10,1487,1495,1398,1424,3375900,1424
2014-02-12,1425,1468,1422,1453,1909100,1453
2014-02-13,1459,1476,1431,1439,1344200,1439
2014-02-14,1435,1472,1406,1415,1919400,1415
2014-02-17,1412,1452,1408,1448,1560400,1448
2014-02-18,1468,1489,1457,1483,1865000,1483
2014-02-19,1463,1475,1458,1470,917400,1470
2014-02-20,1470,1479,1451,1464,1968300,1464
2014-02-21,1480,1529,1475,1526,1406800,1526
2014-02-24,1526,1563,1514,1544,1793700,1544
2014-02-25,1580,1614,1579,1599,1579600,1599
2014-02-26,1568,1595,1556,1573,1303100,1573
2014-02-27,1552,1614,1551,1599,1077000,1599
2014-02-28,1600,1604,1572,1585,855500,1585
2014-03-03,1557,1561,1537,1555,679000,1555
2014-03-04,1527,1560,1512,1555,813100,1555
2014-03-05,1583,1617,1544,1590,1151100,1590
2014-03-06,1586,1609,1567,1602,659600,1602
2014-03-07,1610,1624,1604,1622,795200,1622
2014-03-10,1600,1616,1589,1596,841600,1596
2014-03-11,1599,1600,1558,1575,1427100,1575
2014-03-12,1537,1557,1536,1542,1288100,1542
2014-03-13,1530,1572,1529,1562,1131800,1562
2014-03-14,1510,1526,1493,1499,2847100,1499
2014-03-17,1477,1486,1447,1458,1094300,1458
2014-03-18,1481,1487,1450,1474,865700,1474
2014-03-19,1490,1498,1456,1475,903700,1475
2014-03-20,1495,1495,1412,1434,1829000,1434
2014-03-24,1463,1549,1462,1520,2448700,1520
2014-03-25,1520,1581,1510,1550,2292100,1550
2014-03-26,1557,1578,1526,1552,2382900,1552
2014-03-27,1522,1624,1510,1617,2531700,1617
2014-03-28,1617,1644,1608,1630,1883300,1630
2014-03-31,1645,1669,1622,1667,1713600,1667
2014-04-01,1656,1656,1618,1633,2082300,1633
2014-04-02,1656,1683,1645,1649,1969400,1649
2014-04-03,1643,1679,1627,1659,1640500,1659
2014-04-04,1627,1644,1600,1614,1999500,1614
2014-04-07,1574,1590,1540,1557,2399700,1557
2014-04-08,1526,1537,1503,1510,1919100,1510
2014-04-09,1493,1517,1478,1491,2206700,1491
2014-04-10,1533,1539,1459,1473,1940500,1473
2014-04-11,1418,1445,1413,1440,3072400,1440
2014-04-14,1441,1448,1411,1411,1550900,1411
2014-04-15,1441,1444,1406,1418,1385300,1418
2014-04-16,1430,1457,1426,1455,1539300,1455
2014-04-17,1449,1468,1426,1460,1285600,1460
2014-04-18,1454,1459,1444,1451,1383900,1451
2014-04-21,1437,1466,1435,1455,1112400,1455
2014-04-22,1471,1475,1422,1423,1272000,1423
2014-04-23,1448,1465,1436,1457,1503900,1457
2014-04-24,1462,1464,1426,1431,1219100,1431
2014-04-25,1431,1442,1412,1419,970000,1419
2014-04-28,1392,1408,1381,1391,887900,1391
2014-04-30,1401,1413,1389,1395,958900,1395
2014-05-01,1405,1427,1396,1425,991200,1425
2014-05-02,1411,1420,1401,1409,861600,1409
2014-05-07,1376,1391,1353,1355,1260800,1355
2014-05-08,1372,1384,1355,1360,907400,1360
2014-05-09,1355,1374,1344,1350,1458200,1350
2014-05-12,1380,1404,1351,1354,1269300,1354
2014-05-13,1414,1428,1378,1381,1436200,1381
2014-05-14,1243,1282,1222,1258,4073300,1258
2014-05-15,1232,1260,1216,1257,2300400,1257
2014-05-16,1232,1253,1231,1251,1043700,1251
2014-05-19,1251,1254,1238,1240,1186600,1240
2014-05-20,1250,1250,1229,1234,629100,1234
2014-05-21,1214,1227,1210,1226,835400,1226
2014-05-22,1244,1245,1212,1239,1252500,1239
2014-05-23,1240,1250,1232,1247,911200,1247
2014-05-26,1271,1289,1256,1287,1343300,1287
2014-05-27,1287,1317,1285,1291,1425400,1291
2014-05-28,1274,1290,1266,1273,1210700,1273
2014-05-29,1256,1258,1241,1248,1432700,1248
2014-05-30,1243,1255,1219,1219,1668000,1219
2014-06-02,1230,1281,1230,1272,1423700,1272
2014-06-03,1290,1292,1265,1266,1859800,1266
2014-06-04,1288,1304,1280,1294,2108700,1294
2014-06-05,1296,1297,1260,1273,1650000,1273
2014-06-06,1276,1283,1260,1279,1849700,1279
2014-06-09,1298,1306,1291,1294,1021400,1294
2014-06-10,1285,1300,1281,1293,1541300,1293
2014-06-11,1295,1303,1295,1302,1056000,1302
2014-06-12,1289,1290,1271,1281,1084100,1281
2014-06-13,1282,1304,1273,1301,2045600,1301
2014-06-16,1304,1311,1278,1286,924500,1286
2014-06-17,1298,1308,1288,1294,735700,1294
2014-06-18,1300,1307,1286,1303,855900,1303
2014-06-19,1303,1332,1301,1328,1122800,1328
2014-06-20,1330,1335,1306,1307,2047100,1307
2014-06-23,1300,1316,1295,1298,1319600,1298
2014-06-24,1296,1300,1277,1291,820500,1291
2014-06-25,1288,1297,1278,1280,569900,1280
2014-06-26,1281,1284,1270,1277,1027300,1277
2014-06-27,1271,1277,1251,1254,932400,1254
2014-06-30,1271,1287,1269,1281,1032100,1281
2014-07-01,1276,1300,1275,1297,848200,1297
2014-07-02,1299,1317,1294,1314,1113200,1314
2014-07-03,1321,1321,1303,1312,694700,1312
2014-07-04,1327,1327,1304,1306,726200,1306
2014-07-07,1311,1319,1304,1306,685800,1306
2014-07-08,1295,1315,1266,1297,1271200,1297
2014-07-09,1280,1284,1275,1280,811000,1280
2014-07-10,1281,1288,1274,1274,608600,1274
2014-07-11,1266,1275,1260,1264,716900,1264
2014-07-14,1268,1281,1260,1274,815100,1274
2014-07-15,1271,1278,1267,1274,806600,1274
2014-07-16,1274,1286,1266,1279,798600,1279
2014-07-17,1280,1291,1265,1265,1015400,1265
2014-07-18,1246,1247,1231,1244,795000,1244
2014-07-22,1249,1264,1246,1252,774000,1252
2014-07-23,1256,1258,1245,1247,671200,1247
2014-07-24,1260,1268,1248,1257,942400,1257
2014-07-25,1269,1271,1253,1265,729800,1265
2014-07-28,1270,1291,1265,1289,874900,1289
2014-07-29,1299,1314,1299,1310,1029900,1310
2014-07-30,1313,1330,1310,1322,1117600,1322
2014-07-31,1331,1332,1314,1315,680900,1315
2014-08-01,1303,1311,1296,1300,763700,1300
2014-08-04,1299,1308,1292,1295,613000,1295
2014-08-05,1299,1301,1285,1288,988000,1288
2014-08-06,1301,1319,1289,1299,1534400,1299
2014-08-07,1319,1358,1303,1324,1543900,1324
2014-08-08,1297,1302,1251,1253,2209100,1253
2014-08-11,1151,1213,1150,1206,3268000,1206
2014-08-12,1201,1205,1175,1183,2079300,1183
2014-08-13,1175,1183,1171,1180,1535700,1180
2014-08-14,1197,1207,1190,1200,1118200,1200
2014-08-15,1210,1214,1205,1206,998300,1206
2014-08-18,1199,1205,1192,1199,882600,1199
2014-08-19,1180,1199,1177,1196,1665800,1196
2014-08-20,1207,1225,1204,1218,1661000,1218
2014-08-21,1233,1247,1227,1236,1721100,1236
2014-08-22,1230,1231,1204,1211,1481000,1211
2014-08-25,1216,1217,1202,1211,1099600,1211
2014-08-26,1218,1218,1206,1208,941000,1208
2014-08-27,1207,1215,1198,1209,1392100,1209
2014-08-28,1202,1204,1192,1202,1185700,1202
2014-08-29,1201,1210,1191,1203,1096500,1203
2014-09-01,1203,1214,1195,1206,829100,1206
2014-09-02,1212,1250,1212,1243,1376000,1243
2014-09-03,1333,1393,1332,1356,6331000,1356
2014-09-04,1359,1365,1339,1345,1900900,1345
2014-09-05,1363,1369,1354,1360,1552800,1360
2014-09-08,1365,1383,1362,1376,1209300,1376
2014-09-09,1390,1405,1377,1390,1430200,1390
2014-09-10,1394,1409,1386,1401,1341800,1401
2014-09-11,1429,1434,1416,1423,1773600,1423
2014-09-12,1423,1433,1404,1420,3248400,1420
2014-09-16,1416,1430,1395,1404,1307300,1404
2014-09-17,1404,1408,1381,1391,1342100,1391
2014-09-18,1415,1423,1395,1418,1398100,1418
2014-09-19,1434,1466,1424,1461,1976600,1461
2014-09-22,1454,1460,1433,1453,1074000,1453
2014-09-24,1452,1473,1442,1454,872300,1454
2014-09-25,1461,1473,1449,1464,1168300,1464
2014-09-26,1440,1456,1436,1455,1296700,1455
2014-09-29,1469,1473,1458,1471,626300,1471
2014-09-30,1473,1473,1433,1442,1346500,1442
2014-10-01,1437,1442,1413,1425,1366600,1425
2014-10-02,1410,1415,1373,1377,1492600,1377
2014-10-03,1356,1384,1353,1384,1517500,1384
2014-10-06,1401,1416,1389,1407,1062000,1407
2014-10-07,1351,1398,1351,1377,2171100,1377
2014-10-08,1340,1341,1294,1323,3003200,1323
2014-10-09,1323,1334,1297,1298,1318300,1298
2014-10-10,1272,1284,1255,1265,2306800,1265
2014-10-14,1239,1269,1236,1239,1854100,1239
2014-10-15,1240,1271,1238,1269,1496400,1269
2014-10-16,1225,1250,1221,1246,2258200,1246
2014-10-17,1254,1272,1245,1247,2240700,1247
2014-10-20,1277,1320,1277,1317,2237600,1317
2014-10-21,1326,1346,1294,1297,2512000,1297
2014-10-22,1323,1349,1316,1349,1770500,1349
2014-10-23,1339,1366,1328,1352,1346200,1352
2014-10-24,1373,1389,1367,1375,1309600,1375
2014-10-27,1387,1407,1385,1405,1092300,1405
2014-10-28,1386,1411,1382,1407,1171900,1407
2014-10-29,1403,1438,1402,1427,1354000,1427
2014-10-30,1415,1427,1394,1411,3135100,1411
2014-10-31,1436,1520,1433,1505,2742900,1505
2014-11-04,1550,1570,1527,1529,2956000,1529
2014-11-05,1512,1535,1506,1531,2125300,1531
2014-11-06,1526,1537,1492,1494,2152800,1494
2014-11-07,1510,1525,1502,1517,1424400,1517
2014-11-10,1509,1515,1484,1506,1438300,1506
2014-11-11,1522,1545,1513,1544,1233500,1544
2014-11-12,1555,1578,1551,1563,1740300,1563
2014-11-13,1560,1590,1555,1585,1456200,1585
2014-11-14,1590,1590,1516,1536,3005400,1536
2014-11-17,1518,1525,1469,1478,1669300,1478
2014-11-18,1508,1542,1490,1537,1729400,1537
2014-11-19,1544,1555,1495,1498,1832600,1498
2014-11-20,1535,1542,1484,1487,1596800,1487
2014-11-21,1477,1497,1464,1491,1864600,1491
2014-11-25,1521,1524,1494,1498,1347300,1498
2014-11-26,1496,1520,1495,1506,1117800,1506
2014-11-27,1491,1503,1479,1479,773000,1479
2014-11-28,1492,1505,1473,1494,1192000,1494
2014-12-01,1471,1480,1452,1457,1601400,1457
2014-12-02,1460,1468,1440,1466,1390200,1466
2014-12-03,1460,1469,1445,1449,1812100,1449
2014-12-04,1449,1475,1445,1474,2150400,1474
2014-12-05,1460,1487,1432,1470,1332000,1470
2014-12-08,1475,1490,1461,1471,1206500,1471
2014-12-09,1448,1469,1442,1452,881800,1452
2014-12-10,1446,1454,1427,1446,1549000,1446
2014-12-11,1433,1461,1420,1445,1176200,1445
2014-12-12,1470,1486,1451,1453,3566600,1453
2014-12-15,1420,1425,1366,1369,2393400,1369
2014-12-16,1334,1340,1300,1300,3153400,1300
2014-12-17,1299,1312,1288,1293,2835800,1293
2014-12-18,1335,1338,1313,1328,2019700,1328
2014-12-19,1358,1364,1342,1354,1676900,1354
2014-12-22,1371,1377,1360,1371,1169900,1371
2014-12-24,1399,1400,1372,1377,1025300,1377
2014-12-25,1366,1369,1356,1361,849900,1361
2014-12-26,1348,1392,1348,1387,939500,1387
2014-12-29,1395,1396,1343,1356,1006700,1356
2014-12-30,1344,1345,1327,1333,993700,1333
2015-01-05,1319,1338,1310,1324,1214500,1324
2015-01-06,1299,1302,1273,1274,1790800,1274
2015-01-07,1255,1283,1255,1273,1491300,1273
2015-01-08,1279,1289,1266,1283,1415700,1283
2015-01-09,1300,1305,1276,1285,2146400,1285
2015-01-13,1255,1276,1240,1265,1535400,1265
2015-01-14,1245,1267,1242,1246,1391900,1246
2015-01-15,1242,1264,1242,1257,1227200,1257
2015-01-16,1220,1229,1202,1221,2064900,1221
2015-01-19,1238,1246,1227,1244,976000,1244
2015-01-20,1257,1309,1252,1292,1705700,1292
2015-01-21,1281,1283,1229,1237,2097000,1237
2015-01-22,1232,1241,1213,1239,1496900,1239
2015-01-23,1264,1270,1248,1256,1227800,1256
2015-01-26,1241,1250,1226,1248,966900,1248
2015-01-27,1263,1264,1245,1251,1463700,1251
2015-01-28,1225,1237,1212,1232,1316700,1232
2015-01-29,1214,1233,1207,1219,1605000,1219
2015-01-30,1220,1249,1220,1244,1354500,1244
2015-02-02,1364,1364,1233,1239,2424700,1239
2015-02-03,1243,1265,1209,1212,2515500,1212
2015-02-04,1219,1234,1201,1207,2501000,1207
2015-02-05,1207,1231,1198,1229,2110500,1229
2015-02-06,1230,1255,1227,1251,1685900,1251
2015-02-09,1275,1302,1270,1300,2361500,1300
2015-02-10,1287,1307,1276,1284,1331100,1284
2015-02-12,1309,1310,1289,1295,1149000,1295
2015-02-13,1273,1290,1255,1262,2250500,1262
2015-02-16,1263,1293,1263,1268,1092500,1268
2015-02-17,1261,1278,1256,1264,804600,1264
2015-02-18,1270,1299,1269,1296,1159100,1296
2015-02-19,1300,1315,1267,1272,1489600,1272
2015-02-20,1282,1300,1281,1300,990700,1300
2015-02-23,1324,1332,1299,1308,975200,1308
2015-02-24,1309,1322,1304,1320,865900,1320
2015-02-25,1317,1325,1295,1300,1142000,1300
2015-02-26,1306,1328,1306,1319,1375100,1319
2015-02-27,1293,1294,1254,1268,3283100,1268
2015-03-02,1250,1264,1250,1264,1456300,1264
2015-03-03,1265,1270,1232,1237,2202700,1237
2015-03-04,1237,1253,1234,1245,1256700,1245
2015-03-05,1244,1270,1242,1266,1748900,1266
2015-03-06,1266,1274,1259,1268,1126700,1268
2015-03-09,1251,1267,1234,1259,1583700,1259
2015-03-10,1296,1316,1264,1272,2954500,1272
2015-03-11,1278,1295,1263,1288,1417500,1288
2015-03-12,1291,1300,1270,1293,1572300,1293
2015-03-13,1291,1310,1275,1307,3370600,1307
2015-03-16,1307,1333,1305,1315,1726800,1315
2015-03-17,1320,1327,1267,1277,2690500,1277
2015-03-18,1278,1299,1278,1297,1490100,1297
2015-03-19,1300,1308,1281,1288,2188200,1288
2015-03-20,1303,1323,1295,1322,2302000,1322
2015-03-23,1327,1331,1313,1324,1646100,1324
2015-03-24,1327,1347,1326,1341,1648200,1341
2015-03-25,1339,1343,1326,1330,1447900,1330
2015-03-26,1305,1319,1292,1302,1609600,1302
2015-03-27,1300,1331,1291,1305,1547400,1305
2015-03-30,1288,1309,1274,1282,1734600,1282
2015-03-31,1296,1313,1289,1295,1638000,1295
2015-04-01,1294,1297,1271,1272,2069900,1272
2015-04-02,1283,1324,1283,1312,1837200,1312
2015-04-03,1319,1350,1316,1350,1906400,1350
2015-04-06,1342,1360,1340,1353,1115300,1353
2015-04-07,1360,1411,1360,1402,2194100,1402
2015-04-08,1396,1403,1359,1373,2866100,1373
2015-04-09,1370,1383,1360,1379,1442500,1379
2015-04-10,1371,1375,1352,1359,2080000,1359
2015-04-13,1371,1398,1368,1385,1105400,1385
2015-04-14,1385,1425,1383,1421,1649000,1421
2015-04-15,1423,1435,1413,1430,1657000,1430
2015-04-16,1436,1469,1434,1460,2194000,1460
2015-04-17,1458,1473,1421,1427,2588400,1427
2015-04-20,1412,1434,1408,1414,1435900,1414
2015-04-21,1442,1475,1432,1458,1767300,1458
2015-04-22,1475,1488,1450,1470,1983400,1470
2015-04-23,1473,1493,1470,1489,1782900,1489
2015-04-24,1490,1494,1462,1467,868400,1467
2015-04-27,1460,1467,1435,1446,1541200,1446
2015-04-28,1435,1448,1418,1426,1959500,1426
2015-04-30,1404,1430,1400,1402,1962300,1402
2015-05-01,1400,1416,1390,1396,1295200,1396
2015-05-07,1402,1428,1395,1416,1795800,1416
2015-05-08,1420,1422,1389,1420,2013000,1420
2015-05-11,1427,1446,1427,1440,1603800,1440
2015-05-12,1437,1455,1430,1446,1116700,1446
2015-05-13,1320,1377,1315,1370,4273400,1370
2015-05-14,1361,1383,1361,1370,1656200,1370
2015-05-15,1395,1398,1378,1392,1436300,1392
2015-05-18,1397,1426,1395,1421,1295600,1421
2015-05-19,1425,1428,1400,1416,1389700,1416
2015-05-20,1435,1444,1424,1431,1251200,1431
2015-05-21,1423,1429,1396,1403,1565600,1403
2015-05-22,1411,1416,1400,1412,1033900,1412
2015-05-25,1414,1428,1411,1425,843000,1425
2015-05-26,1430,1446,1427,1443,1128000,1443
2015-05-27,1433,1475,1424,1467,1501600,1467
2015-05-28,1480,1480,1460,1471,865200,1471
2015-05-29,1457,1479,1445,1473,2000900,1473
2015-06-01,1469,1485,1454,1483,884600,1483
2015-06-02,1483,1493,1469,1479,961800,1479
2015-06-03,1462,1507,1456,1504,1305300,1504
2015-06-04,1515,1539,1506,1531,1208700,1531
2015-06-05,1535,1546,1526,1544,1251300,1544
2015-06-08,1550,1562,1541,1553,1057600,1553
2015-06-09,1530,1548,1514,1517,1563200,1517
2015-06-10,1505,1527,1503,1515,1188200,1515
2015-06-11,1509,1549,1508,1538,1004200,1538
2015-06-12,1541,1544,1529,1542,1905200,1542
2015-06-15,1525,1537,1513,1532,1634600,1532
2015-06-16,1512,1517,1475,1480,1836400,1480
2015-06-17,1478,1508,1476,1491,1251100,1491
2015-06-18,1486,1493,1476,1481,885000,1481
2015-06-19,1505,1527,1491,1515,1478800,1515
2015-06-22,1525,1586,1525,1586,2313000,1586
2015-06-23,1591,1631,1583,1625,2574500,1625
2015-06-24,1635,1650,1617,1644,1491300,1644
2015-06-25,1646,1650,1613,1617,1445400,1617
2015-06-26,1619,1625,1599,1613,781900,1613
2015-06-29,1570,1600,1564,1575,1186600,1575
2015-06-30,1579,1585,1557,1574,1211400,1574
2015-07-01,1587,1598,1577,1591,1232500,1591
2015-07-02,1606,1626,1602,1614,982600,1614
2015-07-03,1552,1570,1541,1545,3337700,1545
2015-07-06,1512,1532,1499,1515,2247100,1515
2015-07-07,1529,1538,1518,1525,1886300,1525
2015-07-08,1507,1509,1430,1430,2363300,1430
2015-07-09,1410,1433,1372,1431,2452800,1431
2015-07-10,1441,1446,1407,1412,1562300,1412
2015-07-13,1433,1457,1428,1445,1977600,1445
2015-07-14,1458,1482,1451,1479,1389700,1479
2015-07-15,1479,1488,1456,1462,813000,1462
2015-07-16,1480,1480,1457,1462,1503100,1462
2015-07-17,1468,1498,1464,1492,1786400,1492
2015-07-21,1500,1507,1468,1482,1730200,1482
2015-07-22,1460,1460,1438,1445,1152500,1445
2015-07-23,1453,1453,1400,1415,1600900,1415
2015-07-24,1402,1402,1383,1389,1327700,1389
2015-07-27,1380,1388,1360,1377,1282500,1377
2015-07-28,1363,1391,1353,1379,1593800,1379
2015-07-29,1376,1379,1348,1355,1097900,1355
2015-07-30,1363,1389,1357,1379,1299800,1379
2015-07-31,1372,1394,1371,1394,931200,1394
2015-08-03,1394,1399,1380,1390,1555100,1390
2015-08-04,1386,1386,1358,1369,1494800,1369
2015-08-05,1375,1437,1362,1418,1796400,1418
2015-08-06,1437,1443,1420,1434,1319600,1434
2015-08-07,1426,1439,1414,1432,854000,1432
2015-08-10,1560,1560,1497,1522,3437600,1522
2015-08-11,1540,1603,1540,1570,3928300,1570
2015-08-12,1552,1575,1535,1549,1805700,1549
2015-08-13,1571,1582,1550,1561,1298200,1561
2015-08-14,1556,1568,1539,1556,1097900,1556
2015-08-17,1566,1575,1551,1567,663600,1567
2015-08-18,1569,1586,1551,1563,889500,1563
2015-08-19,1561,1579,1529,1537,1619300,1537
2015-08-20,1556,1563,1526,1553,1427100,1553
2015-08-21,1528,1542,1502,1503,1758600,1503
2015-08-24,1470,1498,1438,1449,2131600,1449
2015-08-25,1419,1500,1383,1389,3162000,1389
2015-08-26,1370,1412,1350,1403,2882900,1403
2015-08-27,1415,1420,1350,1361,2755000,1361
2015-08-28,1408,1451,1387,1450,2616500,1450
2015-08-31,1432,1444,1403,1426,2213500,1426
2015-09-01,1420,1420,1375,1376,1514300,1376
2015-09-02,1347,1375,1331,1345,1595700,1345
2015-09-03,1366,1380,1340,1361,1436600,1361
2015-09-04,1373,1374,1328,1341,1424700,1341
2015-09-07,1320,1348,1303,1334,1144500,1334
2015-09-08,1335,1350,1321,1321,1130500,1321
2015-09-09,1363,1389,1336,1389,1698300,1389
2015-09-10,1350,1363,1334,1361,1689500,1361
2015-09-11,1337,1358,1337,1353,2514800,1353
2015-09-14,1363,1372,1327,1331,949800,1331
2015-09-15,1344,1359,1331,1345,1319300,1345
2015-09-16,1364,1396,1352,1371,1233900,1371
2015-09-17,1391,1420,1385,1410,1563300,1410
2015-09-18,1391,1393,1358,1367,1671600,1367
2015-09-24,1350,1354,1293,1293,1882500,1293
2015-09-25,1293,1293,1245,1283,2156400,1283
2015-09-28,1273,1277,1253,1266,1086600,1266
2015-09-29,1255,1255,1214,1216,1531300,1216
2015-09-30,1242,1255,1232,1247,1159200,1247
2015-10-01,1256,1268,1215,1216,2881700,1216
2015-10-02,1199,1214,1171,1185,3749800,1185
2015-10-05,1207,1253,1203,1218,2712100,1218
2015-10-06,1240,1264,1239,1246,1924200,1246
2015-10-07,1239,1295,1238,1288,2359700,1288
2015-10-08,1295,1316,1281,1293,1829000,1293
2015-10-09,1303,1329,1300,1320,1820200,1320
2015-10-13,1315,1334,1304,1306,1215000,1306
2015-10-14,1305,1306,1253,1261,1694000,1261
2015-10-15,1259,1285,1255,1275,810600,1275
2015-10-16,1286,1294,1269,1290,1468800,1290
2015-10-19,1292,1316,1243,1246,2140400,1246
2015-10-20,1259,1292,1259,1283,1659300,1283
2015-10-21,1280,1333,1280,1330,1202800,1330
2015-10-22,1316,1340,1297,1303,1460500,1303
2015-10-23,1343,1348,1330,1334,1068700,1334
2015-10-26,1333,1338,1297,1302,2844300,1302
2015-10-27,1301,1313,1286,1296,1188500,1296
2015-10-28,1305,1306,1281,1291,907400,1291
2015-10-29,1307,1330,1303,1329,1480400,1329
2015-10-30,1336,1367,1315,1359,2310000,1359
2015-11-02,1331,1339,1313,1322,948500,1322
2015-11-04,1359,1361,1327,1331,1124600,1331
2015-11-05,1421,1457,1403,1445,5071300,1445
2015-11-06,1452,1471,1440,1455,1594600,1455
2015-11-09,1465,1484,1455,1471,1872500,1471
2015-11-10,1480,1511,1475,1489,1835300,1489
2015-11-11,1489,1507,1476,1490,1755700,1490
2015-11-12,1491,1496,1449,1457,1948500,1457
2015-11-13,1450,1471,1447,1464,1449100,1464
2015-11-16,1437,1457,1430,1454,805700,1454
2015-11-17,1426,1458,1417,1439,2104000,1439
2015-11-18,1465,1479,1457,1466,1727400,1466
2015-11-19,1482,1486,1451,1460,1259300,1460
2015-11-20,1474,1490,1470,1489,1639100,1489
2015-11-24,1498,1510,1486,1505,1260800,1505
2015-11-25,1502,1502,1477,1491,1164100,1491
2015-11-26,1497,1504,1466,1469,1354600,1469
2015-11-27,1473,1483,1456,1467,1068000,1467
2015-11-30,1477,1489,1464,1470,1493600,1470
2015-12-01,1475,1543,1467,1543,2399400,1543
2015-12-02,1528,1536,1507,1519,1180800,1519
2015-12-03,1522,1546,1510,1539,1326500,1539
2015-12-04,1500,1512,1487,1502,1326600,1502
2015-12-07,1526,1541,1516,1520,859800,1520
2015-12-08,1507,1507,1477,1482,1663500,1482
2015-12-09,1467,1483,1461,1471,922100,1471
2015-12-10,1452,1457,1435,1440,1181300,1440
2015-12-11,1432,1466,1431,1455,1905600,1455
2015-12-14,1425,1425,1386,1420,1062700,1420
2015-12-15,1415,1417,1386,1387,1027700,1387
2015-12-16,1406,1421,1397,1416,702000,1416
2015-12-17,1443,1460,1423,1423,1983900,1423
2015-12-18,1423,1478,1403,1408,2175300,1408
2015-12-21,1408,1431,1387,1413,1191700,1413
2015-12-22,1417,1429,1405,1429,964600,1429
2015-12-24,1460,1479,1441,1459,1341300,1459
2015-12-25,1472,1472,1424,1436,838300,1436
2015-12-28,1439,1462,1434,1456,638600,1456
2015-12-29,1459,1465,1431,1465,865800,1465
2015-12-30,1469,1501,1460,1465,884400,1465
2016-01-04,1467,1484,1427,1431,1054800,1431
2016-01-05,1427,1438,1392,1399,1369600,1399
2016-01-06,1396,1403,1371,1387,1178500,1387
2016-01-07,1375,1375,1335,1336,1455400,1336
2016-01-08,1312,1385,1312,1365,2284700,1365
2016-01-12,1329,1336,1293,1300,2082300,1300
2016-01-13,1314,1346,1313,1339,1083100,1339
2016-01-14,1297,1302,1267,1295,2087900,1295
2016-01-15,1319,1329,1269,1275,1854000,1275
2016-01-18,1243,1261,1217,1250,2001600,1250
2016-01-19,1247,1269,1238,1267,1512900,1267
2016-01-20,1266,1269,1226,1228,1573100,1228
2016-01-21,1230,1247,1196,1196,1435500,1196
2016-01-22,1245,1263,1221,1259,1336500,1259
2016-01-25,1275,1283,1256,1264,1328600,1264
2016-01-26,1248,1253,1216,1219,1644600,1219
2016-01-27,1246,1266,1242,1261,1365300,1261
2016-01-28,1253,1266,1231,1252,1303100,1252
2016-01-29,1277,1337,1246,1331,3643600,1331
2016-02-01,1345,1349,1322,1334,1859200,1334
2016-02-02,1339,1344,1311,1315,1333300,1315
2016-02-03,1400,1402,1328,1339,4325500,1339
2016-02-04,1312,1359,1301,1341,2310200,1341
2016-02-05,1311,1320,1279,1296,1769000,1296
2016-02-08,1290,1322,1264,1316,1374400,1316
2016-02-09,1260,1276,1216,1220,1643500,1220
2016-02-10,1246,1247,1176,1195,2106400,1195
2016-02-12,1151,1160,1122,1136,2859200,1136
2016-02-15,1195,1238,1185,1228,2569700,1228
2016-02-16,1198,1245,1188,1218,1866800,1218
2016-02-17,1200,1219,1176,1195,1685600,1195
2016-02-18,1105,1172,1102,1144,5146700,1144
2016-02-19,1150,1159,1112,1127,2433300,1127
2016-02-22,1116,1135,1104,1124,1119300,1124
2016-02-23,1130,1147,1121,1136,2041100,1136
2016-02-24,1080,1088,1035,1062,3951700,1062
2016-02-25,1082,1118,1077,1092,2713700,1092
2016-02-26,1096,1113,1083,1085,1569300,1085
2016-02-29,1095,1123,1090,1090,1726500,1090
2016-03-01,1077,1079,1045,1071,2184400,1071
2016-03-02,1098,1112,1090,1108,2049300,1108
2016-03-03,1099,1116,1093,1104,2186600,1104
2016-03-04,1105,1166,1105,1155,2884700,1155
2016-03-07,1166,1175,1147,1152,1915600,1152
2016-03-08,1145,1150,1107,1112,2542500,1112
2016-03-09,1119,1120,1090,1112,2056900,1112
2016-03-10,1127,1146,1120,1136,1655500,1136
2016-03-11,1110,1142,1105,1138,2792100,1138
2016-03-14,1154,1167,1150,1158,923100,1158
2016-03-15,1158,1175,1154,1159,1071700,1159
2016-03-16,1137,1151,1125,1127,1881200,1127
2016-03-17,1138,1151,1101,1112,1725000,1112
2016-03-18,1109,1114,1098,1108,1470400,1108
2016-03-22,1130,1149,1126,1144,1498600,1144
2016-03-23,1170,1171,1142,1146,1535200,1146
2016-03-24,1146,1147,1130,1140,1426900,1140
2016-03-25,1151,1158,1144,1154,877100,1154
2016-03-28,1163,1177,1154,1164,1178500,1164
2016-03-29,1152,1175,1146,1170,1090700,1170
2016-03-30,1171,1180,1161,1165,1041200,1165
2016-03-31,1174,1181,1160,1163,1396500,1163
2016-04-01,1164,1166,1119,1125,1883900,1125
2016-04-04,1117,1119,1092,1110,1781200,1110
2016-04-05,1109,1112,1078,1082,1591900,1082
2016-04-06,1077,1086,1062,1075,1177400,1075
2016-04-07,1075,1090,1065,1076,1019200,1076
2016-04-08,1066,1109,1056,1092,1383100,1092
2016-04-11,1083,1083,1051,1073,1093100,1073
2016-04-12,1067,1099,1066,1088,837400,1088
2016-04-13,1103,1134,1102,1133,1159700,1133
2016-04-14,1158,1191,1155,1191,1781700,1191
2016-04-15,1183,1199,1181,1187,1013900,1187
2016-04-18,1150,1165,1137,1150,1118400,1150
2016-04-19,1185,1193,1180,1186,1086800,1186
2016-04-20,1208,1236,1205,1232,2334500,1232
2016-04-21,1262,1265,1246,1262,1993500,1262
2016-04-22,1258,1275,1248,1272,1467300,1272
2016-04-25,1280,1296,1265,1280,1555200,1280
2016-04-26,1286,1289,1258,1270,1093800,1270
2016-04-27,1278,1284,1258,1263,1320600,1263
2016-04-28,1270,1283,1185,1206,1914100,1206
2016-05-02,1163,1176,1145,1158,1312100,1158
2016-05-06,1153,1158,1133,1147,1332900,1147
2016-05-09,1157,1158,1146,1147,1078900,1147
2016-05-10,1147,1162,1126,1154,1471600,1154
2016-05-11,1244,1278,1191,1203,3115600,1203
2016-05-12,1184,1213,1177,1209,1711500,1209
2016-05-13,1222,1223,1182,1182,1909200,1182
2016-05-16,1191,1220,1188,1201,1062200,1201
2016-05-17,1210,1213,1194,1207,917700,1207
2016-05-18,1194,1221,1190,1205,741600,1205
2016-05-19,1217,1236,1213,1217,1184500,1217
2016-05-20,1214,1234,1208,1234,878000,1234
2016-05-23,1223,1236,1203,1235,999000,1235
2016-05-24,1231,1245,1216,1236,1770700,1236
2016-05-25,1260,1265,1249,1249,926800,1249
2016-05-26,1259,1270,1253,1263,1229400,1263
2016-05-27,1271,1279,1262,1275,739800,1275
2016-05-30,1279,1280,1263,1276,787400,1276
2016-05-31,1262,1288,1262,1280,1485900,1280
2016-06-01,1253,1269,1230,1245,1639300,1245
2016-06-02,1225,1238,1213,1225,1679500,1225
2016-06-03,1191,1195,1142,1158,2641000,1158
2016-06-06,1130,1161,1123,1160,1389100,1160
2016-06-07,1189,1200,1162,1199,2519000,1199
2016-06-08,1205,1208,1186,1199,929800,1199
2016-06-09,1194,1198,1157,1161,1276600,1161
2016-06-10,1191,1198,1175,1195,3003000,1195
2016-06-13,1172,1175,1146,1147,918800,1147
2016-06-14,1144,1154,1126,1138,1109000,1138
2016-06-15,1130,1163,1126,1156,1150300,1156
2016-06-16,1148,1151,1108,1111,1405400,1111
2016-06-17,1125,1131,1110,1120,2002400,1120
2016-06-20,1150,1183,1144,1171,2623300,1171
2016-06-21,1168,1180,1145,1176,1127800,1176
2016-06-22,1160,1162,1141,1146,1414500,1146
2016-06-23,1151,1168,1147,1165,754600,1165
2016-06-24,1165,1179,1034,1050,2580000,1050
2016-06-27,1090,1113,1088,1098,2307800,1098
2016-06-28,1076,1112,1070,1103,1767300,1103
2016-06-29,1112,1139,1109,1132,1225000,1132
2016-06-30,1155,1173,1146,1146,1607000,1146
2016-07-01,1159,1169,1147,1152,1061400,1152
2016-07-04,1140,1164,1138,1159,1067900,1159
2016-07-05,1154,1164,1149,1161,1102700,1161
2016-07-06,1143,1147,1130,1147,1213300,1147
2016-07-07,1147,1164,1143,1153,1334500,1153
2016-07-08,1165,1169,1147,1151,1937100,1151
2016-07-11,1174,1211,1171,1203,1770000,1203
2016-07-12,1219,1243,1211,1224,2017100,1224
2016-07-13,1250,1278,1248,1253,1888100,1253
2016-07-14,1240,1268,1232,1267,1753800,1267
2016-07-15,1268,1299,1263,1279,1785800,1279
2016-07-19,1296,1329,1295,1326,2003400,1326
2016-07-20,1326,1339,1312,1335,1457900,1335
2016-07-21,1350,1374,1333,1365,1493400,1365
2016-07-22,1344,1362,1336,1355,1192000,1355
2016-07-25,1370,1378,1363,1364,1162000,1364
2016-07-26,1348,1355,1327,1345,2069800,1345
2016-07-27,1352,1375,1349,1368,1837500,1368
2016-07-28,1322,1351,1312,1333,2251000,1333
2016-07-29,1318,1347,1300,1341,2241600,1341
2016-08-01,1309,1339,1295,1330,1546200,1330
2016-08-02,1300,1316,1279,1305,1357100,1305
2016-08-03,1266,1279,1243,1246,1856000,1246
2016-08-04,1252,1276,1237,1275,1778000,1275
2016-08-05,1266,1290,1266,1279,1163200,1279
2016-08-08,1305,1346,1285,1346,1472900,1346
2016-08-09,1351,1371,1328,1367,1262100,1367
2016-08-10,1366,1414,1352,1396,2228400,1396
2016-08-12,1410,1410,1387,1400,1572800,1400
2016-08-15,1383,1398,1364,1369,1181200,1369
2016-08-16,1370,1391,1356,1356,918100,1356
2016-08-17,1347,1353,1326,1341,1297400,1341
2016-08-18,1292,1319,1274,1298,1557800,1298
2016-08-19,1298,1314,1289,1307,1019000,1307
2016-08-22,1315,1320,1284,1301,1105300,1301
2016-08-23,1271,1280,1243,1266,1617800,1266
2016-08-24,1278,1323,1278,1304,1374100,1304
2016-08-25,1284,1290,1261,1284,2009700,1284
2016-08-26,1284,1286,1251,1272,1272300,1272
2016-08-29,1304,1325,1300,1321,1373700,1321
2016-08-30,1322,1332,1321,1328,838900,1328
2016-08-31,1304,1333,1301,1325,1376000,1325
2016-09-01,1319,1319,1293,1303,1238800,1303
2016-09-02,1277,1279,1243,1271,1720800,1271
2016-09-05,1283,1293,1276,1288,839700,1288
2016-09-06,1295,1300,1286,1296,719600,1296
2016-09-07,1286,1320,1273,1318,1450600,1318
2016-09-08,1323,1327,1297,1311,1411000,1311
2016-09-09,1325,1342,1320,1328,2276600,1328
2016-09-12,1308,1325,1297,1311,1176200,1311
2016-09-13,1317,1331,1316,1325,1042300,1325
2016-09-14,1332,1356,1326,1347,1620700,1347
2016-09-15,1340,1342,1306,1319,1508600,1319
2016-09-16,1338,1340,1325,1337,1149700,1337
2016-09-20,1311,1331,1301,1323,1580800,1323
2016-09-21,1314,1351,1302,1351,1317400,1351
2016-09-23,1351,1356,1336,1342,912300,1342
2016-09-26,1327,1327,1307,1311,918300,1311
2016-09-27,1277,1316,1250,1315,1434600,1315
2016-09-28,1293,1293,1278,1289,1174600,1289
2016-09-29,1340,1360,1330,1350,2180500,1350
2016-09-30,1340,1340,1316,1335,1572100,1335
2016-10-03,1355,1356,1335,1337,1012700,1337
2016-10-04,1340,1348,1332,1338,966500,1338
2016-10-05,1340,1360,1326,1357,864500,1357
2016-10-06,1370,1383,1361,1371,894000,1371
2016-10-07,1376,1418,1373,1408,1422500,1408
2016-10-11,1422,1459,1420,1455,1891100,1455
2016-10-12,1428,1450,1418,1418,1593800,1418
2016-10-13,1437,1443,1406,1409,1288200,1409
2016-10-14,1437,1442,1418,1422,2205500,1422
2016-10-17,1419,1477,1412,1473,2166400,1473
2016-10-18,1460,1482,1458,1477,1206600,1477
2016-10-19,1468,1482,1465,1477,1206400,1477
2016-10-20,1484,1492,1476,1492,1199100,1492
2016-10-21,1500,1508,1486,1498,1762300,1498
2016-10-24,1506,1508,1494,1496,1217500,1496
2016-10-25,1504,1515,1488,1496,1234000,1496
2016-10-26,1484,1494,1469,1475,1396700,1475
2016-10-27,1461,1484,1456,1484,1306100,1484
2016-10-28,1484,1491,1467,1476,2907500,1476
2016-10-31,1483,1488,1470,1477,1655600,1477
2016-11-01,1490,1490,1466,1475,1234700,1475
2016-11-02,1452,1506,1434,1461,2531400,1461
2016-11-04,1449,1449,1424,1444,1920000,1444
2016-11-07,1469,1482,1462,1479,1052300,1479
2016-11-08,1478,1498,1471,1491,1031800,1491
2016-11-09,1492,1504,1385,1396,2776700,1396
2016-11-10,1531,1582,1524,1572,4158400,1572
2016-11-11,1595,1605,1569,1572,2164800,1572
2016-11-14,1575,1608,1567,1606,1767000,1606
2016-11-15,1610,1628,1593,1600,1211500,1600
2016-11-16,1620,1633,1605,1610,1363600,1610
2016-11-17,1576,1588,1562,1584,1613900,1584
2016-11-18,1584,1610,1575,1601,1626900,1601
2016-11-21,1610,1610,1587,1597,1143300,1597
2016-11-22,1596,1599,1574,1592,1349900,1592
2016-11-24,1592,1595,1573,1588,1691700,1588
2016-11-25,1585,1612,1574,1600,1240000,1600
2016-11-28,1607,1607,1582,1602,1483400,1602
2016-11-29,1587,1599,1577,1594,1844400,1594
2016-11-30,1589,1590,1579,1585,1796400,1585
2016-12-01,1625,1650,1620,1630,2755100,1630
2016-12-02,1617,1619,1606,1614,1305500,1614
2016-12-05,1595,1599,1583,1595,924000,1595
2016-12-06,1603,1609,1578,1585,1159800,1585
2016-12-07,1596,1597,1578,1582,878900,1582
2016-12-08,1597,1612,1591,1609,1263000,1609
2016-12-09,1550,1616,1550,1613,2565300,1613
2016-12-12,1623,1623,1609,1616,1499900,1616
2016-12-13,1625,1629,1616,1628,1032800,1628
2016-12-14,1629,1629,1608,1614,1122700,1614
2016-12-15,1611,1636,1610,1624,1176500,1624
2016-12-16,1645,1678,1640,1665,1961500,1665
2016-12-19,1689,1715,1682,1690,1542300,1690
2016-12-20,1685,1705,1671,1702,928800,1702
2016-12-21,1703,1705,1658,1663,1067800,1663
2016-12-22,1662,1689,1642,1688,1273100,1688
2016-12-26,1700,1717,1700,1706,1057600,1706
2016-12-27,1708,1728,1701,1715,899500,1715
2016-12-28,1725,1735,1717,1724,815000,1724
2016-12-29,1718,1718,1685,1693,638200,1693
2016-12-30,1675,1699,1674,1693,637400,1693
2017-01-04,1713,1755,1707,1754,1025000,1754
