Date,Open,High,Low,Close,Volume,Adj Close
2008-10-20,723,734,687,731,5277600,731
2008-10-21,735,738,653,676,6389300,676
2008-10-22,646,652,598,600,6200400,600
2008-10-23,560,588,544,582,6550300,582
2008-10-24,583,583,509,509,4612100,509
2008-10-27,500,529,472,474,5633400,474
2008-10-28,474,531,466,531,4679900,531
2008-10-29,573,574,507,553,2824900,553
2008-10-30,533,570,519,552,3727100,552
2008-10-31,543,572,527,537,4980000,537
2008-11-04,549,563,542,550,2537300,550
2008-11-05,560,590,560,586,2144700,586
2008-11-06,576,580,552,563,2439700,563
2008-11-07,488,527,488,506,3317100,506
2008-11-10,540,570,537,557,3422600,557
2008-11-11,507,517,496,504,3231700,504
2008-11-12,494,508,482,492,3383800,492
2008-11-13,462,467,444,452,3443200,452
2008-11-14,472,473,456,457,3274900,457
2008-11-17,457,492,452,484,2847800,484
2008-11-18,464,473,453,458,1685600,458
2008-11-19,457,465,452,461,1435300,461
2008-11-20,447,451,425,425,1778300,425
2008-11-21,420,463,411,452,2842100,452
2008-11-25,467,468,439,461,1904900,461
2008-11-26,451,455,437,442,1421800,442
2008-11-27,452,460,441,447,1617400,447
2008-11-28,442,452,426,443,1797200,443
2008-12-01,448,448,421,425,1902600,425
2008-12-02,401,405,385,385,3245500,385
2008-12-03,400,424,396,417,3340200,417
2008-12-04,400,403,395,400,1962800,400
2008-12-05,400,405,394,394,3035800,394
2008-12-08,407,421,402,421,2781800,421
2008-12-09,422,424,413,417,1338000,417
2008-12-10,402,407,398,400,2600800,400
2008-12-11,400,402,396,398,2920000,398
2008-12-12,373,375,351,353,7596000,353
2008-12-15,360,364,356,359,4469000,359
2008-12-16,360,360,342,347,3256500,347
2008-12-17,352,355,332,341,3731200,341
2008-12-18,326,332,322,324,5434600,324
2008-12-19,325,326,301,304,6797800,304
2008-12-22,309,318,307,313,7112200,313
2008-12-24,308,321,305,311,6518900,311
2008-12-25,321,346,315,346,4145000,346
2008-12-26,331,332,315,321,6005900,321
2008-12-29,316,319,308,311,5885000,311
2008-12-30,312,324,312,320,2996000,320
2009-01-05,335,336,328,329,1708700,329
2009-01-06,334,360,333,358,4869200,358
2009-01-07,364,387,360,381,5490300,381
2009-01-08,361,363,347,348,5781000,348
2009-01-09,352,353,335,340,4750300,340
2009-01-13,332,334,324,328,5826000,328
2009-01-14,334,341,331,335,3541200,335
2009-01-15,325,325,313,313,5877100,313
2009-01-16,317,347,316,337,5936600,337
2009-01-19,350,354,343,344,3514700,344
2009-01-20,348,352,340,343,3950500,343
2009-01-21,340,361,331,355,6354500,355
2009-01-22,357,357,335,355,5243700,355
2009-01-23,335,362,335,355,4250300,355
2009-01-26,350,355,336,337,2092600,337
2009-01-27,342,359,342,358,3145600,358
2009-01-28,361,392,359,387,5491500,387
2009-01-29,396,401,373,380,4849600,380
2009-01-30,381,383,367,370,2482600,370
2009-02-02,371,371,351,356,2217500,356
2009-02-03,363,379,361,366,2223900,366
2009-02-04,378,386,376,382,2160800,382
2009-02-05,382,383,367,368,2854900,368
2009-02-06,375,381,374,376,1982100,376
2009-02-09,377,388,367,367,1851100,367
2009-02-10,378,378,359,363,1496200,363
2009-02-12,353,357,343,353,3073200,353
2009-02-13,345,347,325,325,4912000,325
2009-02-16,330,333,325,332,2685600,332
2009-02-17,322,330,322,329,1070300,329
2009-02-18,321,325,315,316,1570200,316
2009-02-19,318,336,318,334,2318600,334
2009-02-20,322,326,315,318,1745800,318
2009-02-23,313,324,311,320,1627000,320
2009-02-24,307,312,298,304,3305400,304
2009-02-25,316,321,304,320,3478900,320
2009-02-26,321,338,319,335,3065100,335
2009-02-27,350,352,342,348,3078800,348
2009-03-02,337,340,315,318,3030900,318
2009-03-03,312,322,308,319,2141600,319
2009-03-04,321,351,314,333,5074900,333
2009-03-05,337,361,335,356,3875600,356
2009-03-06,342,354,330,333,3743900,333
2009-03-09,334,341,323,332,2419500,332
2009-03-10,329,335,327,330,2442800,330
2009-03-11,349,371,346,366,4756300,366
2009-03-12,362,372,361,368,3858400,368
2009-03-13,378,379,363,367,5612500,367
2009-03-16,379,384,371,376,2377200,376
2009-03-17,380,391,372,390,2060100,390
2009-03-18,391,391,377,385,1568400,385
2009-03-19,382,385,372,376,1823100,376
2009-03-23,371,393,366,391,2225000,391
2009-03-24,399,400,389,400,2068700,400
2009-03-25,400,401,389,395,1919100,395
2009-03-26,394,405,385,404,1902300,404
2009-03-27,405,420,401,411,3529400,411
2009-03-30,411,457,410,426,5727800,426
2009-03-31,412,419,400,400,3315600,400
2009-04-01,399,440,395,440,4332200,440
2009-04-02,440,470,432,468,5070100,468
2009-04-03,470,480,443,447,3714600,447
2009-04-06,457,468,449,467,3290800,467
2009-04-07,491,501,477,480,4835200,480
2009-04-08,470,481,458,458,3946000,458
2009-04-09,463,496,461,493,4153500,493
2009-04-10,510,510,488,498,3596000,498
2009-04-13,503,506,489,491,1531900,491
2009-04-14,481,483,466,475,2273300,475
2009-04-15,465,466,452,464,1953100,464
2009-04-16,478,483,451,454,2486200,454
2009-04-17,460,469,456,465,1868500,465
2009-04-20,450,451,439,450,2559300,450
2009-04-21,430,450,430,450,2849100,450
2009-04-22,443,446,431,435,2079300,435
2009-04-23,437,449,423,449,2713500,449
2009-04-24,444,460,437,455,2801400,455
2009-04-27,470,470,451,455,2434300,455
2009-04-28,451,463,430,430,2289600,430
2009-04-30,443,459,443,447,2175600,447
2009-05-01,435,450,434,448,1661800,448
2009-05-07,473,473,459,463,2156900,463
2009-05-08,468,483,463,473,3305700,473
2009-05-11,478,488,475,484,2385900,484
2009-05-12,469,476,465,470,1726700,470
2009-05-13,495,549,487,513,8612300,513
2009-05-14,502,515,496,510,3972100,510
2009-05-15,511,538,501,526,4011000,526
2009-05-18,518,524,498,505,3046600,505
2009-05-19,523,532,511,517,2543300,517
2009-05-20,529,535,507,513,3088400,513
2009-05-21,513,514,496,501,2191200,501
2009-05-22,495,505,487,490,2286300,490
2009-05-25,492,504,489,496,2212300,496
2009-05-26,495,501,480,485,2548200,485
2009-05-27,500,500,487,493,1998600,493
2009-05-28,483,495,483,494,2074000,494
2009-05-29,484,487,473,480,3625000,480
2009-06-01,470,484,462,483,2609300,483
2009-06-02,490,505,485,498,3050500,498
2009-06-03,499,505,491,497,1795200,497
2009-06-04,490,492,482,488,1564900,488
2009-06-05,493,501,488,491,2177400,491
2009-06-08,494,511,494,502,1919700,502
2009-06-09,493,495,478,483,2451000,483
2009-06-10,485,486,478,482,2570500,482
2009-06-11,479,487,476,481,3161300,481
2009-06-12,480,480,465,471,7735000,471
2009-06-15,471,471,457,457,2440900,457
2009-06-16,452,462,442,444,3037300,444
2009-06-17,442,450,437,440,3198600,440
2009-06-18,445,462,442,459,3809900,459
2009-06-19,450,459,442,458,2736100,458
2009-06-22,463,465,447,459,2580800,459
2009-06-23,450,453,437,442,2432100,442
2009-06-24,452,474,450,474,4733500,474
2009-06-25,485,506,484,484,6855600,484
2009-06-26,487,506,482,502,4325700,502
2009-06-29,503,508,489,491,1976600,491
2009-06-30,495,504,492,495,1663800,495
2009-07-01,496,503,492,495,1804300,495
2009-07-02,492,496,485,485,2103700,485
2009-07-03,480,484,467,481,1783600,481
2009-07-06,473,477,466,470,1388000,470
2009-07-07,465,474,458,465,1634200,465
2009-07-08,454,456,443,451,2608700,451
2009-07-09,441,447,435,439,1704200,439
2009-07-10,440,450,437,443,1991000,443
2009-07-13,448,451,419,422,2195800,422
2009-07-14,432,448,432,440,1916900,440
2009-07-15,453,458,447,448,1356500,448
2009-07-16,454,459,443,444,1283900,444
2009-07-17,449,451,442,448,612200,448
2009-07-21,463,463,456,463,1310300,463
2009-07-22,460,467,448,466,1512900,466
2009-07-23,470,481,466,475,1377400,475
2009-07-24,480,482,471,476,1400300,476
2009-07-27,481,490,479,487,1306200,487
2009-07-28,512,526,506,509,5986300,509
2009-07-29,510,516,501,507,1620300,507
2009-07-30,511,520,505,508,1225300,508
2009-07-31,517,517,509,514,1223900,514
2009-08-03,514,522,514,519,1294900,519
2009-08-04,523,537,522,523,2451300,523
2009-08-05,528,530,498,502,1695700,502
2009-08-06,499,520,499,513,1068500,513
2009-08-07,523,523,498,512,1394800,512
2009-08-10,523,532,516,525,1655200,525
2009-08-11,520,529,518,525,1106000,525
2009-08-12,518,524,508,510,1604600,510
2009-08-13,533,538,520,534,3482200,534
2009-08-14,532,536,523,529,2343500,529
2009-08-17,527,528,508,508,1517600,508
2009-08-18,500,512,498,507,1416600,507
2009-08-19,507,513,499,500,1239700,500
2009-08-20,499,517,492,514,1990200,514
2009-08-21,511,515,503,512,1427500,512
2009-08-24,520,527,519,526,1248100,526
2009-08-25,520,536,519,534,1819500,534
2009-08-26,544,574,543,568,4815600,568
2009-08-27,564,570,552,555,2137200,555
2009-08-28,562,567,547,549,1691600,549
2009-08-31,576,586,558,559,3188600,559
2009-09-01,568,577,556,556,2459800,556
2009-09-02,540,545,534,540,2204600,540
2009-09-03,536,550,530,540,1470100,540
2009-09-04,541,550,536,548,1840400,548
2009-09-07,554,565,552,563,1808300,563
2009-09-08,569,572,559,571,1839200,571
2009-09-09,567,577,561,566,3236600,566
2009-09-10,569,573,565,570,1435400,570
2009-09-11,570,570,553,557,4061300,557
2009-09-14,555,555,530,532,2014200,532
2009-09-15,527,528,512,515,2095500,515
2009-09-16,522,530,517,521,1525900,521
2009-09-17,522,528,518,526,1523900,526
2009-09-18,519,521,507,514,1147400,514
2009-09-24,511,537,511,532,1826000,532
2009-09-25,520,522,512,517,1229900,517
2009-09-28,507,510,484,496,1715300,496
2009-09-29,512,519,503,505,1822800,505
2009-09-30,495,505,495,505,1401100,505
2009-10-01,506,506,490,492,1118400,492
2009-10-02,497,516,497,504,3966100,504
2009-10-05,504,516,500,507,2442300,507
2009-10-06,507,510,491,497,2013700,497
2009-10-07,509,524,503,521,3116100,521
2009-10-08,523,523,513,517,2220800,517
2009-10-09,524,524,511,516,2719600,516
2009-10-13,510,524,509,522,1426700,522
2009-10-14,529,529,509,512,2225800,512
2009-10-15,522,530,521,525,1760200,525
2009-10-16,526,537,522,536,2372400,536
2009-10-19,532,535,520,523,2342500,523
2009-10-20,523,532,521,529,1748300,529
2009-10-21,530,546,529,546,2208200,546
2009-10-22,544,545,534,543,1483300,543
2009-10-23,550,552,541,542,2976600,542
2009-10-26,541,550,541,545,1136300,545
2009-10-27,541,543,530,532,1389700,532
2009-10-28,529,529,519,520,1208000,520
2009-10-29,510,515,506,512,1874600,512
2009-10-30,519,520,511,520,1573400,520
2009-11-02,505,508,495,499,1699400,499
2009-11-04,492,495,484,489,1614300,489
2009-11-05,486,491,473,480,1507100,480
2009-11-06,490,492,487,488,1270000,488
2009-11-09,533,542,523,526,5385600,526
2009-11-10,531,536,528,531,2065900,531
2009-11-11,525,532,521,525,1356100,525
2009-11-12,528,534,522,526,1292700,526
2009-11-13,526,530,519,523,1589100,523
2009-11-16,521,522,510,517,1330600,517
2009-11-17,527,527,508,509,1429900,509
2009-11-18,508,515,496,499,1453900,499
2009-11-19,495,499,487,492,1516200,492
2009-11-20,482,492,479,491,1893400,491
2009-11-24,486,490,475,477,1443900,477
2009-11-25,482,486,475,481,1558100,481
2009-11-26,489,494,476,481,1993700,481
2009-11-27,473,474,462,466,1573800,466
2009-11-30,466,480,463,477,1774900,477
2009-12-01,467,489,461,488,2136700,488
2009-12-02,489,496,481,490,1443700,490
2009-12-03,501,521,498,519,1904800,519
2009-12-04,510,523,505,523,1791000,523
2009-12-07,537,543,533,536,2179600,536
2009-12-08,526,534,524,528,1549600,528
2009-12-09,518,522,513,518,1627700,518
2009-12-10,515,519,504,509,1687700,509
2009-12-11,501,517,500,517,4324900,517
2009-12-14,527,528,507,518,1251700,518
2009-12-15,508,513,506,511,1609300,511
2009-12-16,512,519,498,504,2701100,504
2009-12-17,502,506,497,497,2646000,497
2009-12-18,495,508,493,505,1926700,505
2009-12-21,501,510,500,503,1195000,503
2009-12-22,513,524,510,523,1915600,523
2009-12-24,533,535,529,532,2063700,532
2009-12-25,535,538,528,528,1755000,528
2009-12-28,523,535,521,532,1332000,532
2009-12-29,525,535,522,528,1972800,528
2009-12-30,531,538,526,535,1889600,535
2010-01-04,540,552,537,541,1185900,541
2010-01-05,545,547,537,539,1044700,539
2010-01-06,545,551,540,545,1455100,545
2010-01-07,550,557,545,552,1863700,552
2010-01-08,572,572,556,569,3549400,569
2010-01-12,569,569,559,565,1265100,565
2010-01-13,555,559,546,554,1236500,554
2010-01-14,547,587,547,583,2948500,583
2010-01-15,582,594,576,589,3008400,589
2010-01-18,590,591,576,584,1824800,584
2010-01-19,590,592,582,586,1276400,586
2010-01-20,592,602,588,592,2487600,592
2010-01-21,588,598,572,595,3592500,595
2010-01-22,575,576,555,563,3984200,563
2010-01-25,544,557,543,555,2527200,555
2010-01-26,565,572,556,561,2421200,561
2010-01-27,562,568,554,555,2154400,555
2010-01-28,565,590,560,586,3710900,586
2010-01-29,577,605,574,594,5730900,594
2010-02-01,598,600,584,586,3079100,586
2010-02-02,605,612,584,590,5247800,590
2010-02-03,598,604,588,588,3095100,588
2010-02-04,605,609,585,587,2714500,587
2010-02-05,571,583,571,573,2107900,573
2010-02-08,563,568,553,554,2736300,554
2010-02-09,549,560,535,550,1863500,550
2010-02-10,555,571,551,567,2276000,567
2010-02-12,580,586,558,567,2820300,567
2010-02-15,563,566,558,560,1453500,560
2010-02-16,559,559,554,557,1078700,557
2010-02-17,569,578,565,575,1192800,575
2010-02-18,576,577,569,576,1265300,576
2010-02-19,579,583,562,566,1538500,566
2010-02-22,583,591,577,582,1741100,582
2010-02-23,575,584,574,582,966800,582
2010-02-24,568,574,562,568,1364800,568
2010-02-25,569,573,554,562,1957500,562
2010-02-26,561,568,558,567,2411500,567
2010-03-01,569,577,561,573,1213900,573
2010-03-02,580,585,576,584,1542900,584
2010-03-03,585,596,583,595,1947800,595
2010-03-04,595,597,584,585,1815200,585
2010-03-05,590,598,589,596,1420600,596
2010-03-08,616,622,609,620,2273500,620
2010-03-09,621,628,617,626,2525000,626
2010-03-10,631,637,630,634,1793900,634
2010-03-11,639,646,628,645,2122800,645
2010-03-12,648,648,629,638,5414400,638
2010-03-15,636,636,627,630,2024200,630
2010-03-16,631,631,627,629,1350000,629
2010-03-17,637,643,633,637,2050200,637
2010-03-18,637,637,624,625,1625900,625
2010-03-19,625,631,621,624,1132900,624
2010-03-23,620,626,617,624,1378000,624
2010-03-24,626,629,612,614,1976800,614
2010-03-25,614,620,607,619,2366600,619
2010-03-26,635,636,626,633,2968300,633
2010-03-29,635,643,630,642,1827000,642
2010-03-30,644,646,639,643,1183300,643
2010-03-31,647,647,639,639,1439300,639
2010-04-01,648,660,642,658,2542700,658
2010-04-02,658,665,652,663,1743500,663
2010-04-05,668,674,667,671,1320000,671
2010-04-06,675,675,657,659,1421300,659
2010-04-07,659,665,656,660,1406900,660
2010-04-08,649,666,648,658,2345100,658
2010-04-09,655,669,655,664,3163500,664
2010-04-12,674,687,670,680,2478600,680
2010-04-13,674,683,666,673,2167900,673
2010-04-14,682,691,679,689,1963800,689
2010-04-15,697,697,686,692,1795900,692
2010-04-16,692,692,671,679,2415300,679
2010-04-19,669,669,660,660,1399800,660
2010-04-20,663,665,655,656,1547800,656
2010-04-21,666,673,657,671,2318000,671
2010-04-22,661,673,657,671,1582700,671
2010-04-23,668,672,662,667,1323400,667
2010-04-26,670,679,669,674,1983700,674
2010-04-27,672,684,670,681,1513300,681
2010-04-28,664,668,657,658,2857300,658
2010-04-30,664,667,652,654,2149100,654
2010-05-06,638,642,631,640,2352300,640
2010-05-07,601,616,591,608,2666200,608
2010-05-10,606,619,605,616,2219400,616
2010-05-11,626,628,602,607,2268700,607
2010-05-12,610,617,582,598,3665700,598
2010-05-13,609,609,595,600,2870400,600
2010-05-14,590,596,580,586,3430200,586
2010-05-17,576,578,555,561,3568500,561
2010-05-18,562,573,560,564,2090000,564
2010-05-19,554,564,550,563,3118000,563
2010-05-20,555,558,547,550,2355400,550
2010-05-21,535,537,525,533,2441600,533
2010-05-24,529,542,527,539,2790700,539
2010-05-25,529,531,509,513,2506200,513
2010-05-26,523,538,517,523,6098200,523
2010-05-27,515,545,514,543,4234800,543
2010-05-28,553,561,539,549,6312700,549
2010-05-31,540,550,533,545,3237400,545
2010-06-01,540,545,531,542,2008800,542
2010-06-02,532,534,522,528,3537600,528
2010-06-03,535,550,531,548,3481300,548
2010-06-04,544,550,539,549,3358400,549
2010-06-07,539,539,519,519,2517400,519
2010-06-08,509,519,509,512,3730700,512
2010-06-09,504,518,504,507,2652800,507
2010-06-10,514,525,509,524,3011900,524
2010-06-11,549,550,540,546,8008800,546
2010-06-14,552,557,550,557,1667200,557
2010-06-15,556,564,552,556,2672700,556
2010-06-16,569,574,566,573,2620800,573
2010-06-17,573,574,561,562,1965200,562
2010-06-18,568,587,562,581,4633500,581
2010-06-21,591,611,589,606,4457100,606
2010-06-22,596,596,583,584,3360900,584
2010-06-23,578,591,566,583,4279600,583
2010-06-24,588,594,582,583,2049900,583
2010-06-25,576,585,569,575,2312800,575
2010-06-28,577,578,569,570,1791500,570
2010-06-29,568,580,557,561,1897800,561
2010-06-30,545,555,541,549,2037900,549
2010-07-01,550,550,532,535,1769900,535
2010-07-02,538,543,533,536,1393900,536
2010-07-05,538,546,537,540,840400,540
2010-07-06,533,558,528,555,2141700,555
2010-07-07,551,551,543,547,1316100,547
2010-07-08,564,568,558,560,1666600,560
2010-07-09,561,563,547,552,2589200,552
2010-07-12,554,557,548,549,1320700,549
2010-07-13,552,555,543,545,1149000,545
2010-07-14,557,568,556,564,1015600,564
2010-07-15,560,565,555,563,1321300,563
2010-07-16,558,558,535,536,1412100,536
2010-07-20,526,533,523,524,1563700,524
2010-07-21,533,533,514,519,1365000,519
2010-07-22,513,514,498,506,3016200,506
2010-07-23,516,518,508,512,2595800,512
2010-07-26,515,517,510,516,1924000,516
2010-07-27,517,517,512,516,1222100,516
2010-07-28,525,536,522,535,2290100,535
2010-07-29,525,534,525,530,1050500,530
2010-07-30,525,527,513,520,1512700,520
2010-08-02,522,529,520,527,982600,527
2010-08-03,538,547,537,538,2047100,538
2010-08-04,530,532,514,517,1540300,517
2010-08-05,527,531,519,523,1144700,523
2010-08-06,514,514,498,501,3362700,501
2010-08-09,497,501,490,495,2173400,495
2010-08-10,501,505,495,495,1346800,495
2010-08-11,485,491,480,491,2894600,491
2010-08-12,460,464,444,459,6616200,459
2010-08-13,462,468,456,464,4358500,464
2010-08-16,455,461,450,459,2058900,459
2010-08-17,451,454,450,451,1668900,451
2010-08-18,459,460,452,455,2447700,455
2010-08-19,458,462,455,460,2570200,460
2010-08-20,452,462,448,450,2499800,450
2010-08-23,450,453,443,446,1339400,446
2010-08-24,438,446,434,439,1482500,439
2010-08-25,436,448,434,442,3501100,442
2010-08-26,445,447,434,438,1762800,438
2010-08-27,432,449,430,447,2433700,447
2010-08-30,459,462,452,454,1683800,454
2010-08-31,444,444,430,431,2481800,431
2010-09-01,435,437,429,433,2201700,433
2010-09-02,445,448,437,446,2152100,446
2010-09-03,450,450,445,446,1891200,446
2010-09-06,453,475,449,474,3359500,474
2010-09-07,477,491,469,478,4620200,478
2010-09-08,466,466,452,458,2688000,458
2010-09-09,466,466,455,460,1677600,460
2010-09-10,457,466,457,461,3178600,461
2010-09-13,469,476,466,467,2009800,467
2010-09-14,470,471,459,461,1881500,461
2010-09-15,454,485,451,484,3874900,484
2010-09-16,495,500,491,497,5855700,497
2010-09-17,500,517,498,516,4669500,516
2010-09-21,521,522,502,505,3753000,505
2010-09-22,506,508,498,504,1427300,504
2010-09-24,503,503,487,493,2419100,493
2010-09-27,497,499,490,496,1761300,496
2010-09-28,494,507,491,501,1836000,501
2010-09-29,501,505,495,500,2813500,500
2010-09-30,519,519,501,501,3800400,501
2010-10-01,508,508,498,501,2246700,501
2010-10-04,500,509,500,503,1527000,503
2010-10-05,496,509,495,506,1672500,506
2010-10-06,506,511,501,509,2193500,509
2010-10-07,503,511,494,496,3555400,496
2010-10-08,497,503,488,492,2933300,492
2010-10-12,493,501,486,490,2141100,490
2010-10-13,498,499,485,488,1988500,488
2010-10-14,493,507,489,499,2281800,499
2010-10-15,493,495,484,487,1734100,487
2010-10-18,484,495,481,491,1608800,491
2010-10-19,492,498,490,495,1124800,495
2010-10-20,483,485,474,481,2111500,481
2010-10-21,482,486,474,477,1532700,477
2010-10-22,472,483,472,478,880100,478
2010-10-25,480,483,472,474,1849900,474
2010-10-26,471,479,470,475,1254000,475
2010-10-27,479,480,470,475,2071000,475
2010-10-28,475,476,469,471,1746500,471
2010-10-29,472,472,456,463,1924800,463
2010-11-01,465,471,461,464,1329700,464
2010-11-02,460,466,459,466,1293200,466
2010-11-04,471,478,466,473,1781200,473
2010-11-05,485,501,482,499,1917900,499
2010-11-08,503,515,497,514,1935200,514
2010-11-09,486,504,485,494,3495800,494
2010-11-10,494,502,488,501,2695900,501
2010-11-11,509,510,500,508,1687000,508
2010-11-12,510,520,507,511,2649500,511
2010-11-15,516,518,508,517,1078500,517
2010-11-16,517,519,507,509,1864200,509
2010-11-17,505,519,505,514,2631500,514
2010-11-18,511,522,510,520,2083900,520
2010-11-19,525,529,520,526,1445800,526
2010-11-22,534,536,528,529,1618300,529
2010-11-24,518,528,515,523,1365700,523
2010-11-25,527,528,522,523,1672100,523
2010-11-26,521,527,519,521,1059300,521
2010-11-29,521,533,521,527,1802200,527
2010-11-30,525,526,510,510,2676800,510
2010-12-01,517,518,510,516,1825300,516
2010-12-02,524,527,521,525,1623300,525
2010-12-03,532,537,528,536,1986100,536
2010-12-06,539,548,537,547,2705800,547
2010-12-07,547,547,539,545,2502200,545
2010-12-08,548,555,547,552,2328400,552
2010-12-09,557,557,550,553,1625100,553
2010-12-10,559,559,541,545,4791900,545
2010-12-13,543,552,542,551,1049400,551
2010-12-14,551,551,546,550,1119400,550
2010-12-15,557,557,551,554,1280000,554
2010-12-16,555,563,554,561,1451700,561
2010-12-17,561,570,560,569,2212800,569
2010-12-20,569,569,557,560,1090400,560
2010-12-21,561,569,560,568,839900,568
2010-12-22,563,569,563,565,1392300,565
2010-12-24,559,561,555,556,726000,556
2010-12-27,559,569,558,567,985000,567
2010-12-28,564,567,561,562,606700,562
2010-12-29,568,572,563,568,1363700,568
2010-12-30,565,565,555,560,1205400,560
2011-01-04,565,574,561,572,1026900,572
2011-01-05,574,577,572,574,1174000,574
2011-01-06,580,586,578,584,1780800,584
2011-01-07,578,584,576,580,1411900,580
2011-01-11,576,581,573,579,1214500,579
2011-01-12,579,581,568,570,1619500,570
2011-01-13,579,579,571,576,1112600,576
2011-01-14,566,580,566,573,2415600,573
2011-01-17,574,580,569,570,1231700,570
2011-01-18,569,578,569,572,985400,572
2011-01-19,573,578,572,575,905000,575
2011-01-20,571,572,565,566,1015000,566
2011-01-21,566,568,548,549,2878400,549
2011-01-24,549,558,547,551,1648800,551
2011-01-25,551,561,551,555,1610800,555
2011-01-26,551,558,545,547,1731300,547
2011-01-27,553,556,546,550,1694500,550
2011-01-28,550,557,545,547,2064300,547
2011-01-31,540,540,528,531,2276900,531
2011-02-01,536,542,534,536,2059500,536
2011-02-02,545,560,545,552,2396900,552
2011-02-03,549,559,548,557,1983700,557
2011-02-04,560,565,558,560,1602700,560
2011-02-07,565,565,555,556,2354500,556
2011-02-08,560,560,552,555,2214600,555
2011-02-09,557,562,555,560,2372500,560
2011-02-10,565,579,558,560,5216400,560
2011-02-14,560,563,547,549,3334700,549
2011-02-15,546,559,540,555,4723000,555
2011-02-16,556,556,545,548,5808600,548
2011-02-17,551,558,550,551,2707300,551
2011-02-18,548,550,546,546,2333800,546
2011-02-21,542,548,541,542,1698200,542
2011-02-22,535,540,528,532,2617900,532
2011-02-23,524,537,523,530,2900800,530
2011-02-24,525,530,516,517,2999300,517
2011-02-25,516,525,515,525,2599100,525
2011-02-28,520,528,514,527,3080000,527
2011-03-01,533,534,525,533,2059200,533
2011-03-02,527,534,520,522,3986600,522
2011-03-03,528,544,527,541,3246700,541
2011-03-04,549,557,547,549,3711100,549
2011-03-07,542,542,532,534,2982500,534
2011-03-08,531,536,528,533,2588300,533
2011-03-09,535,543,534,538,3017800,538
2011-03-10,536,540,526,532,3074000,532
2011-03-11,525,532,521,521,4415600,521
2011-03-14,485,493,473,476,2545500,476
2011-03-15,457,459,396,411,4020700,411
2011-03-16,419,430,401,410,5530600,410
2011-03-17,394,415,390,407,6324400,407
2011-03-18,433,435,423,432,4754200,432
2011-03-22,454,461,450,460,3481000,460
2011-03-23,458,459,443,447,3412600,447
2011-03-24,447,454,440,449,3606000,449
2011-03-25,451,456,444,453,2628400,453
2011-03-28,462,463,445,447,2497600,447
2011-03-29,448,460,436,456,4765000,456
2011-03-30,457,477,451,476,4211400,476
2011-03-31,480,482,470,479,3952200,479
2011-04-01,478,500,476,484,5044200,484
2011-04-04,484,487,477,477,3416200,477
2011-04-05,484,484,479,483,3161000,483
2011-04-06,483,483,477,478,3021600,478
2011-04-07,482,490,481,483,2247800,483
2011-04-08,488,503,483,497,4252400,497
2011-04-11,497,501,493,495,1807100,495
2011-04-12,482,482,464,467,4555600,467
2011-04-13,467,475,465,473,1991000,473
2011-04-14,465,472,464,470,2146000,470
2011-04-15,471,477,467,473,1922000,473
2011-04-18,474,477,466,473,1294700,473
2011-04-19,465,469,459,461,2082000,461
2011-04-20,464,484,464,483,3039500,483
2011-04-21,489,492,484,488,2994200,488
2011-04-22,483,489,481,486,1113600,486
2011-04-25,484,490,481,484,1184000,484
2011-04-26,480,480,471,474,1094300,474
2011-04-27,475,487,473,484,1530900,484
2011-04-28,485,493,482,488,2075300,488
2011-05-02,497,501,494,499,1634200,499
2011-05-06,485,490,483,486,1926600,486
2011-05-09,492,492,484,486,1042100,486
2011-05-10,488,492,484,489,1097500,489
2011-05-11,494,500,491,495,1647800,495
2011-05-12,470,470,456,459,5559500,459
2011-05-13,460,460,441,445,4721800,445
2011-05-16,446,450,443,445,2162200,445
2011-05-17,447,454,445,452,2321800,452
2011-05-18,457,459,449,453,1845900,453
2011-05-19,454,454,444,450,2741700,450
2011-05-20,448,450,444,447,1424800,447
2011-05-23,442,444,432,437,3449300,437
2011-05-24,433,436,429,435,2732100,435
2011-05-25,435,438,428,430,2302500,430
2011-05-26,436,445,433,444,2878000,444
2011-05-27,440,449,440,446,1422600,446
2011-05-30,443,458,438,451,3070400,451
2011-05-31,449,457,446,457,3752100,457
2011-06-01,458,458,454,458,1719100,458
2011-06-02,450,451,444,448,2168900,448
2011-06-03,445,449,440,441,2139400,441
2011-06-06,436,438,425,427,2520100,427
2011-06-07,421,426,416,425,3381500,425
2011-06-08,426,429,421,428,1344700,428
2011-06-09,424,432,419,431,2250200,431
2011-06-10,435,439,427,428,3742700,428
2011-06-13,420,427,419,424,1130100,424
2011-06-14,425,430,422,428,1089500,428
2011-06-15,434,440,432,436,2587400,436
2011-06-16,428,434,426,426,1568200,426
2011-06-17,433,445,433,439,4743100,439
2011-06-20,440,451,439,447,3364600,447
2011-06-21,453,453,442,447,2051800,447
2011-06-22,450,457,450,451,2606700,451
2011-06-23,457,460,448,449,3131700,449
2011-06-24,449,463,449,460,2192500,460
2011-06-27,455,466,455,462,2270500,462
2011-06-28,468,474,464,470,2424200,470
2011-06-29,473,477,466,476,2601800,476
2011-06-30,477,482,473,479,2524300,479
2011-07-01,484,487,480,484,1773700,484
2011-07-04,488,491,477,477,2055800,477
2011-07-05,474,486,471,484,2189500,484
2011-07-06,488,491,480,486,1562500,486
2011-07-07,482,488,482,486,1283900,486
2011-07-08,495,495,488,491,1857800,491
2011-07-11,490,490,485,486,884800,486
2011-07-12,478,479,472,475,1956700,475
2011-07-13,470,475,467,470,2111000,470
2011-07-14,471,475,467,471,1945600,471
2011-07-15,472,477,470,476,1144300,476
2011-07-19,472,474,469,469,982700,469
2011-07-20,474,478,473,477,1179900,477
2011-07-21,470,473,465,467,2278300,467
2011-07-22,470,480,469,478,1630000,478
2011-07-25,477,478,474,474,1203500,474
2011-07-26,478,479,476,478,889300,478
2011-07-27,474,476,470,470,1593100,470
2011-07-28,464,466,460,461,1880500,461
2011-07-29,462,465,459,464,1283800,464
2011-08-01,470,473,465,467,1455400,467
2011-08-02,461,464,456,461,2699300,461
2011-08-03,453,455,447,448,1298200,448
2011-08-04,450,457,449,451,1552800,451
2011-08-05,427,435,425,430,1832800,430
2011-08-08,422,427,417,419,2151100,419
2011-08-09,409,412,399,409,3144600,409
2011-08-10,425,430,416,420,2377700,420
2011-08-11,407,416,406,412,2616500,412
2011-08-12,413,417,403,407,3944200,407
2011-08-15,411,411,404,407,3415400,407
2011-08-16,411,415,411,414,2104500,414
2011-08-17,410,412,405,406,2081200,406
2011-08-18,406,406,391,392,3298500,392
2011-08-19,376,381,373,375,3527400,375
2011-08-22,373,380,368,368,2676400,368
2011-08-23,373,380,371,379,2480400,379
2011-08-24,383,385,370,371,2183300,371
2011-08-25,374,383,373,380,2481500,380
2011-08-26,380,386,376,386,2333900,386
2011-08-29,386,388,377,380,2655000,380
2011-08-30,387,393,387,390,2391800,390
2011-08-31,392,392,384,387,1272000,387
2011-09-01,395,408,391,405,4018200,405
2011-09-02,402,409,398,408,3492700,408
2011-09-05,405,405,390,392,2851300,392
2011-09-06,384,386,377,377,3182700,377
2011-09-07,385,390,383,388,2865400,388
2011-09-08,390,390,382,385,1723300,385
2011-09-09,372,378,370,371,6124900,371
2011-09-12,365,368,361,363,2684800,363
2011-09-13,368,374,365,373,2150600,373
2011-09-14,374,375,363,364,1405300,364
2011-09-15,374,379,372,379,1850000,379
2011-09-16,388,401,385,400,2902800,400
2011-09-20,395,395,387,387,1661400,387
2011-09-21,388,396,387,391,2274000,391
2011-09-22,381,381,370,371,3131800,371
2011-09-26,372,373,352,354,4377300,354
2011-09-27,365,370,364,367,1925500,367
2011-09-28,365,375,364,370,1986500,370
2011-09-29,368,379,366,378,3179300,378
2011-09-30,387,399,384,391,4421200,391
2011-10-03,376,377,367,375,2649800,375
2011-10-04,362,364,355,359,4098600,359
2011-10-05,367,368,355,359,3506700,359
2011-10-06,364,378,362,376,2815700,376
2011-10-07,383,396,382,390,2561300,390
2011-10-11,393,398,392,394,2342100,394
2011-10-12,386,395,385,393,1286000,393
2011-10-13,403,408,402,405,1533800,405
2011-10-14,405,405,400,402,1958500,402
2011-10-17,412,413,404,406,1380800,406
2011-10-18,400,404,400,402,1174600,402
2011-10-19,411,413,401,402,1752500,402
2011-10-20,404,404,397,399,1663000,399
2011-10-21,398,406,396,403,2909200,403
2011-10-24,405,418,397,416,2704500,416
2011-10-25,422,424,407,408,3129800,408
2011-10-26,400,421,398,417,2147800,417
2011-10-27,409,431,408,431,1886800,431
2011-10-28,432,436,422,427,2200000,427
2011-10-31,426,432,422,423,1862200,423
2011-11-01,416,426,413,414,1597800,414
2011-11-02,403,407,402,402,1389500,402
2011-11-04,409,414,407,410,2133100,410
2011-11-07,406,412,402,405,1386300,405
2011-11-08,403,404,393,394,1636800,394
2011-11-09,426,434,417,427,4298200,427
2011-11-10,414,434,413,427,3514900,427
2011-11-11,426,435,420,430,3105700,430
2011-11-14,438,444,437,440,2070400,440
2011-11-15,435,436,424,426,1654500,426
2011-11-16,429,432,417,418,1511700,418
2011-11-17,419,432,419,430,1860300,430
2011-11-18,430,430,422,427,2307400,427
2011-11-21,426,429,418,421,1480800,421
2011-11-22,419,425,416,419,1153700,419
2011-11-24,416,420,412,415,1461500,415
2011-11-25,408,414,405,407,1737400,407
2011-11-28,422,429,421,422,1727100,422
2011-11-29,428,446,421,443,2489300,443
2011-11-30,435,441,432,438,2063100,438
2011-12-01,455,462,449,455,2341500,455
2011-12-02,459,464,456,459,1425300,459
2011-12-05,461,461,451,455,2046100,455
2011-12-06,459,466,447,448,2437900,448
2011-12-07,451,463,451,462,1519000,462
2011-12-08,454,458,450,456,1486500,456
2011-12-09,441,448,441,445,4838400,445
2011-12-12,455,458,452,454,749800,454
2011-12-13,446,454,443,453,1029700,453
2011-12-14,454,454,444,449,1224700,449
2011-12-15,441,445,438,438,899200,438
2011-12-16,445,445,437,440,1224200,440
2011-12-19,438,440,426,430,818700,430
2011-12-20,427,430,425,429,1160700,429
2011-12-21,439,440,433,435,1189800,435
2011-12-22,435,451,434,445,2196100,445
2011-12-26,450,450,434,440,1925900,440
2011-12-27,438,443,434,438,821500,438
2011-12-28,435,438,431,433,1088000,433
2011-12-29,432,440,427,440,1007300,440
2011-12-30,443,447,437,447,941600,447
2012-01-04,455,464,453,463,2140800,463
2012-01-05,475,475,455,456,2763600,456
2012-01-06,448,456,446,452,1278200,452
2012-01-10,453,462,453,459,1770700,459
2012-01-11,459,465,457,462,1490900,462
2012-01-12,460,460,443,446,2927500,446
2012-01-13,452,457,449,456,2838900,456
2012-01-16,448,457,444,456,1713400,456
2012-01-17,460,466,453,465,1775900,465
2012-01-18,462,469,459,465,1335600,465
2012-01-19,468,470,461,462,1242600,462
2012-01-20,469,469,456,457,2253200,457
2012-01-23,455,465,453,461,1261500,461
2012-01-24,461,464,458,462,1232000,462
2012-01-25,464,477,462,473,1677400,473
2012-01-26,469,472,468,470,842400,470
2012-01-27,471,473,463,469,1332800,469
2012-01-30,466,471,463,468,1103900,468
2012-01-31,470,471,461,463,1359800,463
2012-02-01,464,471,463,468,1218000,468
2012-02-02,474,476,454,457,1987000,457
2012-02-03,465,466,454,455,1583400,455
2012-02-06,463,463,454,457,1842800,457
2012-02-07,452,454,446,450,2128400,450
2012-02-08,445,445,436,441,4288000,441
2012-02-09,449,451,444,446,2345800,446
2012-02-10,446,446,433,436,2477200,436
2012-02-13,440,444,437,443,1657000,443
2012-02-14,440,450,437,446,1724600,446
2012-02-15,446,465,446,463,2866100,463
2012-02-16,465,474,460,467,2425800,467
2012-02-17,474,484,473,478,2689400,478
2012-02-20,488,492,481,489,2188300,489
2012-02-21,481,485,474,475,2647400,475
2012-02-22,476,488,475,485,1883600,485
2012-02-23,489,495,483,494,1388200,494
2012-02-24,495,495,489,495,1841900,495
2012-02-27,499,507,498,499,1344600,499
2012-02-28,492,501,490,501,1505000,501
2012-02-29,505,514,499,502,2438900,502
2012-03-01,508,511,492,496,1787200,496
2012-03-02,504,507,498,504,1390800,504
2012-03-05,501,508,490,493,1416100,493
2012-03-06,494,496,487,491,991900,491
2012-03-07,478,493,476,493,1338400,493
2012-03-08,496,497,486,496,1337000,496
2012-03-09,504,507,495,502,3978000,502
2012-03-12,505,506,496,497,1310500,497
2012-03-13,505,510,501,501,2093200,501
2012-03-14,511,515,507,513,1516500,513
2012-03-15,517,518,511,518,919500,518
2012-03-16,519,520,515,520,959200,520
2012-03-19,518,519,515,517,642300,517
2012-03-21,514,515,508,514,1072700,514
2012-03-22,517,524,516,522,1724200,522
2012-03-23,509,514,509,513,885800,513
2012-03-26,512,515,506,511,997600,511
2012-03-27,524,528,520,527,1029300,527
2012-03-28,525,537,522,536,1866800,536
2012-03-29,526,528,518,526,1417800,526
2012-03-30,524,530,521,524,980900,524
2012-04-02,523,523,506,512,3036900,512
2012-04-03,516,528,516,521,2320400,521
2012-04-04,524,527,513,517,1834500,517
2012-04-05,510,515,501,513,1678000,513
2012-04-06,505,508,502,503,854600,503
2012-04-09,499,499,495,495,1255500,495
2012-04-10,497,500,492,495,1261800,495
2012-04-11,486,495,486,493,1409700,493
2012-04-12,494,502,488,502,1524600,502
2012-04-13,504,505,498,501,2698600,501
2012-04-16,494,496,489,492,984900,492
2012-04-17,490,492,481,484,1733800,484
2012-04-18,499,515,497,512,2455600,512
2012-04-19,513,521,512,517,1931000,517
2012-04-20,516,520,513,519,1344300,519
2012-04-23,524,529,519,520,1149600,520
2012-04-24,511,516,509,513,840800,513
2012-04-25,517,519,511,517,1139700,517
2012-04-26,518,519,513,515,1102600,515
2012-04-27,515,517,500,503,2166700,503
2012-05-01,504,509,495,496,1202600,496
2012-05-02,497,502,496,497,908900,497
2012-05-07,480,491,479,485,1211900,485
2012-05-08,492,498,486,491,1138100,491
2012-05-09,486,489,481,482,1314900,482
2012-05-10,481,482,471,472,1242800,472
2012-05-11,468,479,468,469,1396800,469
2012-05-14,485,509,480,488,2968800,488
2012-05-15,480,482,471,478,1808400,478
2012-05-16,475,476,460,463,1995600,463
2012-05-17,468,470,457,464,1797600,464
2012-05-18,454,458,449,450,2218200,450
2012-05-21,450,456,447,448,1365500,448
2012-05-22,452,454,444,451,1557900,451
2012-05-23,452,455,440,443,1488400,443
2012-05-24,441,449,439,445,1311600,445
2012-05-25,446,447,436,440,964100,440
2012-05-28,446,454,446,449,1632500,449
2012-05-29,452,454,444,453,1851500,453
2012-05-30,455,456,442,452,1528500,452
2012-05-31,443,452,440,452,1781100,452
2012-06-01,449,453,436,439,1335200,439
2012-06-04,428,432,427,432,1452300,432
2012-06-05,442,458,441,455,2468800,455
2012-06-06,460,467,457,464,1732900,464
2012-06-07,468,470,459,464,1701000,464
2012-06-08,460,463,452,455,3860300,455
2012-06-11,471,476,468,471,1623600,471
2012-06-12,455,465,455,461,1410400,461
2012-06-13,464,471,464,467,950400,467
2012-06-14,461,467,458,466,1121600,466
2012-06-15,468,469,459,460,1222400,460
2012-06-18,476,480,473,474,1186200,474
2012-06-19,473,475,465,468,834200,468
2012-06-20,472,473,464,466,1450400,466
2012-06-21,468,471,463,467,1594600,467
2012-06-22,462,463,456,459,1857400,459
2012-06-25,460,461,451,457,1948400,457
2012-06-26,457,459,448,453,1764100,453
2012-06-27,456,458,449,453,1665300,453
2012-06-28,457,460,450,457,1186000,457
2012-06-29,453,470,447,464,1783400,464
2012-07-02,472,473,467,467,1367900,467
2012-07-03,469,472,466,470,1148200,470
2012-07-04,472,475,469,473,735300,473
2012-07-05,473,475,470,473,619300,473
2012-07-06,473,473,464,468,1454800,468
2012-07-09,465,467,455,456,1219200,456
2012-07-10,460,462,450,452,969500,452
2012-07-11,453,455,444,447,1044600,447
2012-07-12,450,453,435,436,2621700,436
2012-07-13,432,439,429,430,2304900,430
2012-07-17,437,438,428,429,1189600,429
2012-07-18,430,432,420,422,968400,422
2012-07-19,428,437,428,435,1316100,435
2012-07-20,443,446,429,430,2297300,430
2012-07-23,427,428,414,416,1228700,416
2012-07-24,411,418,407,414,1588300,414
2012-07-25,407,413,396,401,1734100,401
2012-07-26,404,410,399,408,1925000,408
2012-07-27,418,430,417,430,2283400,430
2012-07-30,433,436,426,431,1248500,431
2012-07-31,431,439,427,436,1310600,436
2012-08-01,429,430,422,427,902700,427
2012-08-02,420,429,417,426,1641900,426
2012-08-03,419,420,413,415,1285600,415
2012-08-06,425,430,424,425,1042800,425
2012-08-07,426,428,423,426,1304200,426
2012-08-08,432,438,428,431,1627400,431
2012-08-09,431,438,431,434,1670800,434
2012-08-10,433,441,430,432,1560100,432
2012-08-13,438,453,437,450,2214600,450
2012-08-14,449,450,425,431,4129600,431
2012-08-15,431,432,420,429,2790400,429
2012-08-16,431,444,430,442,1451200,442
2012-08-17,441,449,439,449,1044600,449
2012-08-20,451,453,443,448,1075400,448
2012-08-21,446,450,443,445,800800,445
2012-08-22,446,448,439,443,1135200,443
2012-08-23,443,459,442,457,2027800,457
2012-08-24,449,454,442,445,1179300,445
2012-08-27,446,448,438,439,1123500,439
2012-08-28,447,447,435,439,1807600,439
2012-08-29,441,449,441,448,1560300,448
2012-08-30,447,447,438,443,1089200,443
2012-08-31,440,443,433,433,1291000,433
2012-09-03,430,438,428,429,1053300,429
2012-09-04,431,438,429,434,1357000,434
2012-09-05,431,432,418,419,1292300,419
2012-09-06,415,420,411,416,1393400,416
2012-09-07,429,432,425,430,929900,430
2012-09-10,428,428,421,425,883900,425
2012-09-11,418,422,414,421,1322400,421
2012-09-12,425,439,424,436,1979100,436
2012-09-13,436,445,433,439,1279800,439
2012-09-14,442,449,436,449,3741800,449
2012-09-18,445,448,439,439,1801100,439
2012-09-19,440,442,433,436,2349300,436
2012-09-20,430,439,429,434,2744500,434
2012-09-21,426,434,424,426,3391900,426
2012-09-24,423,427,418,418,2444400,418
2012-09-25,416,417,411,415,3112200,415
2012-09-26,404,412,402,405,2258400,405
2012-09-27,405,407,400,403,1656400,403
2012-09-28,401,405,391,397,3206900,397
2012-10-01,390,393,385,388,1962400,388
2012-10-02,388,388,380,382,1867000,382
2012-10-03,378,380,371,372,1774800,372
2012-10-04,376,384,367,380,2238300,380
2012-10-05,382,383,371,378,1614700,378
2012-10-09,373,373,361,364,2604100,364
2012-10-10,354,355,346,352,2522500,352
2012-10-11,348,358,348,352,2535700,352
2012-10-12,352,363,352,355,2951100,355
2012-10-15,358,364,355,362,2106700,362
2012-10-16,370,382,369,379,3647300,379
2012-10-17,390,391,384,386,3990300,386
2012-10-18,394,396,388,390,3404200,390
2012-10-19,391,396,382,396,3171700,396
2012-10-22,387,391,377,388,2822900,388
2012-10-23,396,398,390,390,2652000,390
2012-10-24,394,399,391,394,4107500,394
2012-10-25,391,401,391,400,2848200,400
2012-10-26,405,407,390,390,2987300,390
2012-10-29,397,401,395,397,2219400,397
2012-10-30,397,401,392,392,2952700,392
2012-10-31,403,405,398,405,2204300,405
2012-11-01,405,406,398,405,1236900,405
2012-11-02,409,409,398,400,1662900,400
2012-11-05,395,400,391,394,2133600,394
2012-11-06,394,396,391,392,945600,392
2012-11-07,399,400,385,392,2818100,392
2012-11-08,380,383,358,361,5082800,361
2012-11-09,360,363,351,361,3193500,361
2012-11-12,358,359,353,357,1221500,357
2012-11-13,358,359,353,357,1513800,357
2012-11-14,356,357,353,356,899500,356
2012-11-15,358,368,356,368,2111500,368
2012-11-16,373,380,371,378,2771700,378
2012-11-19,386,387,382,385,1277600,385
2012-11-20,386,387,378,378,1734200,378
2012-11-21,384,388,381,386,1367200,386
2012-11-22,396,402,392,402,1650100,402
2012-11-26,409,412,407,407,1878400,407
2012-11-27,408,410,404,410,1841400,410
2012-11-28,402,408,391,392,1723900,392
2012-11-29,395,404,395,402,1440100,402
2012-11-30,407,413,404,412,2289500,412
2012-12-03,406,408,399,403,1710700,403
2012-12-04,405,406,398,401,1082000,401
2012-12-05,398,404,397,397,1432600,397
2012-12-06,400,401,396,398,2761000,398
2012-12-07,397,400,396,396,1504200,396
2012-12-10,404,405,397,398,1805800,398
2012-12-11,400,409,398,406,2674400,406
2012-12-12,408,411,405,406,1967900,406
2012-12-13,412,413,408,411,2467100,411
2012-12-14,417,435,413,432,6334200,432
2012-12-17,447,448,429,430,2230400,430
2012-12-18,434,439,433,435,1403200,435
2012-12-19,441,446,439,446,1725800,446
2012-12-20,435,441,428,435,2909700,435
2012-12-21,435,441,425,428,2103800,428
2012-12-25,435,436,427,429,1559000,429
2012-12-26,430,435,426,435,1947500,435
2012-12-27,442,449,440,445,2024200,445
2012-12-28,445,458,444,452,2263900,452
2013-01-04,476,477,467,468,2214300,468
2013-01-07,473,474,456,457,1631600,457
2013-01-08,445,455,443,448,1417100,448
2013-01-09,440,458,439,453,1836800,453
2013-01-10,458,467,457,465,1724300,465
2013-01-11,476,478,461,467,2456900,467
2013-01-15,473,475,462,467,1773100,467
2013-01-16,462,463,447,448,1533800,448
2013-01-17,456,464,446,456,3008000,456
2013-01-18,470,486,468,486,3347200,486
2013-01-21,489,491,477,484,2275300,484
2013-01-22,489,493,476,486,3010400,486
2013-01-23,482,482,474,474,2902200,474
2013-01-24,469,484,464,482,2525100,482
2013-01-25,491,499,486,499,3292900,499
2013-01-28,503,534,500,533,5267500,533
2013-01-29,504,510,495,504,5964400,504
2013-01-30,501,508,494,508,3757000,508
2013-01-31,508,525,500,525,3703100,525
2013-02-01,522,523,512,513,1697700,513
2013-02-04,522,522,511,520,1369600,520
2013-02-05,508,522,507,517,2653100,517
2013-02-06,525,532,519,530,3479500,530
2013-02-07,523,524,512,518,1871000,518
2013-02-08,508,514,500,502,2781600,502
2013-02-12,516,520,501,503,2842000,503
2013-02-13,470,500,456,480,5632900,480
2013-02-14,480,483,463,467,3951300,467
2013-02-15,457,465,452,458,4536700,458
2013-02-18,465,480,464,477,2464800,477
2013-02-19,476,481,473,477,1553400,477
2013-02-20,483,492,482,490,1723900,490
2013-02-21,503,506,493,497,3721000,497
2013-02-22,483,487,467,480,6118500,480
2013-02-25,495,500,492,498,2308400,498
2013-02-26,496,499,485,490,3128700,490
2013-02-27,491,493,480,488,1940800,488
2013-02-28,496,508,492,503,3323800,503
2013-03-01,503,507,495,506,2732000,506
2013-03-04,512,516,506,509,1272000,509
2013-03-05,509,511,504,507,1288800,507
2013-03-06,515,518,513,517,1260600,517
2013-03-07,517,517,504,510,1703200,510
2013-03-08,515,525,512,522,5040600,522
2013-03-11,524,524,514,516,1657900,516
2013-03-12,526,533,523,527,2131500,527
2013-03-13,528,535,524,532,1658100,532
2013-03-14,531,534,518,523,2150900,523
2013-03-15,528,528,519,526,2546800,526
2013-03-18,513,522,512,514,2162400,514
2013-03-19,517,522,515,519,1662100,519
2013-03-21,522,526,512,515,2310900,515
2013-03-22,511,517,507,508,2302200,508
2013-03-25,513,514,505,507,1828100,507
2013-03-26,496,498,480,483,3273400,483
2013-03-27,485,500,484,494,4274100,494
2013-03-28,494,496,476,479,3836000,479
2013-03-29,488,494,484,494,2688600,494
2013-04-01,494,494,471,472,2803500,472
2013-04-02,480,480,458,459,4623400,459
2013-04-03,460,471,455,471,3246200,471
2013-04-04,475,496,467,496,4300400,496
2013-04-05,533,563,526,550,10521600,550
2013-04-08,560,564,545,552,3922500,552
2013-04-09,560,567,547,549,3436700,549
2013-04-10,524,552,520,543,5517800,543
2013-04-11,533,543,529,536,5720100,536
2013-04-12,532,539,525,537,4791100,537
2013-04-15,535,550,535,547,3149300,547
2013-04-16,537,565,533,553,3594200,553
2013-04-17,556,577,552,572,3613900,572
2013-04-18,576,588,570,570,2996200,570
2013-04-19,573,577,567,572,1639800,572
2013-04-22,582,594,578,580,2352600,580
2013-04-23,587,589,575,578,2071600,578
2013-04-24,588,603,584,602,3896400,602
2013-04-25,601,605,595,602,2120700,602
2013-04-26,606,612,600,601,1876300,601
2013-04-30,598,598,573,575,3576300,575
2013-05-01,565,572,558,569,2079200,569
2013-05-02,568,577,561,565,1365900,565
2013-05-07,578,601,578,598,2070200,598
2013-05-08,598,611,597,598,1718600,598
2013-05-09,599,607,592,594,1271200,594
2013-05-10,609,627,606,624,2429400,624
2013-05-13,634,650,624,647,3024500,647
2013-05-14,666,705,649,651,5928900,651
2013-05-15,681,695,681,689,2541500,689
2013-05-16,695,695,636,653,3031600,653
2013-05-17,650,661,642,658,1798300,658
2013-05-20,670,678,666,672,1337900,672
2013-05-21,668,673,664,665,1207500,665
2013-05-22,666,678,662,664,1512100,664
2013-05-23,640,663,603,604,4811600,604
2013-05-24,614,643,595,624,3674600,624
2013-05-27,599,611,597,600,1958100,600
2013-05-28,587,628,587,622,2088100,622
2013-05-29,645,645,625,627,2591700,627
2013-05-30,597,602,573,579,3349800,579
2013-05-31,597,614,593,598,3561800,598
2013-06-03,584,586,561,563,2589000,563
2013-06-04,558,579,554,572,2472500,572
2013-06-05,578,585,541,541,3370500,541
2013-06-06,542,558,541,541,2551100,541
2013-06-07,531,545,521,534,2807600,534
2013-06-10,561,577,551,577,1635000,577
2013-06-11,570,572,548,548,2342200,548
2013-06-12,538,540,520,538,2622100,538
2013-06-13,532,532,510,518,3251200,518
2013-06-14,526,545,525,527,3683900,527
2013-06-17,528,547,524,546,1317700,546
2013-06-18,548,553,538,546,1698200,546
2013-06-19,565,569,551,558,1714600,558
2013-06-20,552,560,539,553,1866700,553
2013-06-21,540,573,532,568,3827000,568
2013-06-24,580,582,559,561,1949200,561
2013-06-25,565,566,535,547,2263000,547
2013-06-26,562,566,548,549,2140400,549
2013-06-27,548,551,523,537,3869200,537
2013-06-28,554,565,549,554,3534500,554
2013-07-01,557,561,551,560,1932700,560
2013-07-02,561,568,557,568,2418100,568
2013-07-03,571,581,560,565,2878700,565
2013-07-04,565,570,552,557,1548100,557
2013-07-05,561,576,561,575,1391100,575
2013-07-08,582,588,557,559,1512100,559
2013-07-09,568,580,563,579,1916700,579
2013-07-10,580,604,576,604,4490900,604
2013-07-11,599,602,590,600,2908500,600
2013-07-12,600,611,591,595,2317300,595
2013-07-16,605,609,596,601,1293100,601
2013-07-17,598,604,595,604,1367400,604
2013-07-18,605,609,600,607,1818200,607
2013-07-19,609,610,578,588,2669700,588
2013-07-22,596,599,583,589,1222800,589
2013-07-23,581,600,581,594,1129500,594
2013-07-24,588,599,587,593,999800,593
2013-07-25,597,599,589,592,1205400,592
2013-07-26,582,585,572,574,1170400,574
2013-07-29,560,569,556,557,2132300,557
2013-07-30,558,576,557,573,1759900,573
2013-07-31,564,571,550,561,1864100,561
2013-08-01,559,576,552,575,1100300,575
2013-08-02,585,594,582,594,1012800,594
2013-08-05,581,592,577,584,1019300,584
2013-08-06,584,594,581,592,1580800,592
2013-08-07,582,586,564,564,1842200,564
2013-08-08,560,575,550,551,1542400,551
2013-08-09,552,564,541,549,2223300,549
2013-08-12,619,649,618,640,9882100,640
2013-08-13,638,649,626,646,4353400,646
2013-08-14,641,665,637,664,3011300,664
2013-08-15,653,656,639,645,2434900,645
2013-08-16,639,649,637,642,1544300,642
2013-08-19,635,637,620,626,2956300,626
2013-08-20,620,620,600,605,2390600,605
2013-08-21,605,615,597,610,3033100,610
2013-08-22,602,617,599,611,2193200,611
2013-08-23,624,647,623,634,2850300,634
2013-08-26,639,649,625,637,1938800,637
2013-08-27,634,640,626,632,1316000,632
2013-08-28,615,624,612,619,1072600,619
2013-08-29,631,635,624,632,1732600,632
2013-08-30,634,645,627,636,3172700,636
2013-09-02,630,630,610,621,2454400,621
2013-09-03,645,660,638,643,2717900,643
2013-09-04,630,644,624,643,2103900,643
2013-09-05,648,648,633,639,1745500,639
2013-09-06,647,648,626,631,1763000,631
2013-09-09,655,655,640,652,1248600,652
2013-09-10,660,664,654,662,1551800,662
2013-09-11,667,680,665,670,2429600,670
2013-09-12,666,674,656,670,2015700,670
2013-09-13,676,687,669,685,4158800,685
2013-09-17,694,700,685,687,1620500,687
2013-09-18,696,709,683,689,2525000,689
2013-09-19,700,706,687,697,1462300,697
2013-09-20,698,698,678,684,2155200,684
2013-09-24,675,688,674,683,1069600,683
2013-09-25,686,711,682,702,2792400,702
2013-09-26,699,710,687,709,1614700,709
2013-09-27,709,709,694,699,1308900,699
2013-09-30,679,699,677,688,1363600,688
2013-10-01,692,708,690,699,1656900,699
2013-10-02,698,703,678,683,1845000,683
2013-10-03,683,696,681,689,1906300,689
2013-10-04,679,682,666,674,1713000,674
2013-10-07,689,694,675,677,1637400,677
2013-10-08,665,675,661,674,1421600,674
2013-10-09,681,687,673,680,1486200,680
2013-10-10,682,688,676,681,1323700,681
2013-10-11,696,699,688,694,2115800,694
2013-10-15,700,707,690,698,1293400,698
2013-10-16,701,701,692,696,1209300,696
2013-10-17,710,711,696,701,1361900,701
2013-10-18,701,704,698,703,990500,703
2013-10-21,708,720,707,720,1321800,720
2013-10-22,720,724,715,719,928300,719
2013-10-23,715,722,700,700,1460500,700
2013-10-24,697,713,695,710,1074200,710
2013-10-25,710,710,688,688,1070700,688
2013-10-28,700,708,690,708,826800,708
2013-10-29,708,713,695,700,1105400,700
2013-10-30,702,708,695,706,1684500,706
2013-10-31,709,709,695,697,1330500,697
2013-11-01,698,704,683,689,1050900,689
2013-11-05,694,700,687,689,1642500,689
2013-11-06,688,701,683,697,875900,697
2013-11-07,698,698,681,687,1222200,687
2013-11-08,672,680,669,674,1663300,674
2013-11-11,719,740,706,722,3821800,722
2013-11-12,730,755,726,754,2783500,754
2013-11-13,735,749,726,741,1909400,741
2013-11-14,738,754,735,742,2483300,742
2013-11-15,755,760,747,751,2174000,751
2013-11-18,749,755,745,752,1989400,752
2013-11-19,748,767,746,763,2000700,763
2013-11-20,759,759,748,749,1367900,749
2013-11-21,758,773,751,771,2162500,771
2013-11-22,781,784,755,764,2029900,764
2013-11-25,777,778,766,773,1473300,773
2013-11-26,775,777,760,774,2167200,774
2013-11-27,767,773,761,771,1514200,771
2013-11-28,780,784,775,782,1621400,782
2013-11-29,781,800,776,787,2368300,787
2013-12-02,794,797,770,782,1549600,782
2013-12-03,794,800,782,795,2342700,795
2013-12-04,780,787,772,778,1808300,778
2013-12-05,781,786,762,768,2243600,768
2013-12-06,766,783,764,782,1203800,782
2013-12-09,794,812,794,808,2638600,808
2013-12-10,817,832,809,828,3167200,828
2013-12-11,813,820,797,803,1793600,803
2013-12-12,796,805,790,802,1435600,802
2013-12-13,806,820,803,810,3559700,810
2013-12-16,812,814,788,791,1458000,791
2013-12-17,800,806,785,789,1474000,789
2013-12-18,809,861,804,850,5755000,850
2013-12-19,854,884,854,861,4606500,861
2013-12-20,852,853,837,848,2156500,848
2013-12-24,859,865,848,851,1771100,851
2013-12-25,857,879,852,871,1970000,871
2013-12-26,874,876,859,864,1925200,864
2013-12-27,866,879,862,878,1654200,878
2013-12-30,884,890,881,886,2012700,886
2014-01-06,872,881,859,872,2663000,872
2014-01-07,858,885,856,882,2434900,882
2014-01-08,882,897,876,896,2048900,896
2014-01-09,885,890,869,874,2223000,874
2014-01-10,861,889,861,887,2810200,887
2014-01-14,858,862,845,855,2734900,855
2014-01-15,870,883,858,882,2022400,882
2014-01-16,890,911,886,903,2572700,903
2014-01-17,888,890,871,882,2607200,882
2014-01-20,876,877,857,869,1914000,869
2014-01-21,873,884,869,873,1784300,873
2014-01-22,865,872,855,863,2571100,863
2014-01-23,875,890,865,868,2372100,868
2014-01-24,851,856,829,836,2515100,836
2014-01-27,802,817,800,807,2295800,807
2014-01-28,801,822,801,812,2258000,812
2014-01-29,831,840,824,839,2318300,839
2014-01-30,805,807,794,804,2680400,804
2014-01-31,821,831,803,813,2019700,813
2014-02-03,802,809,793,794,1482500,794
2014-02-04,767,778,749,749,2308600,749
2014-02-05,772,800,770,792,3871200,792
2014-02-06,794,798,781,786,1704100,786
2014-02-07,800,816,795,811,1485800,811
2014-02-10,830,830,817,825,1704200,825
2014-02-12,836,849,828,834,1704500,834
2014-02-13,855,877,838,844,3689800,844
2014-02-14,846,863,823,830,4170900,830
2014-02-17,844,845,829,839,2094100,839
2014-02-18,850,871,848,864,2103300,864
2014-02-19,863,868,856,859,1044000,859
2014-02-20,859,859,832,834,2137900,834
2014-02-21,841,860,841,849,2154900,849
2014-02-24,845,857,831,845,2192300,845
2014-02-25,859,864,852,854,1321200,854
2014-02-26,843,855,838,840,1338900,840
2014-02-27,827,844,826,841,1077500,841
2014-02-28,833,844,827,833,1251400,833
2014-03-03,818,822,806,818,1557600,818
2014-03-04,807,830,803,829,1105400,829
2014-03-05,844,850,835,837,999600,837
2014-03-06,853,866,850,863,1793700,863
2014-03-07,878,887,869,870,2333400,870
2014-03-10,868,880,865,872,1207700,872
2014-03-11,873,878,863,869,1080200,869
2014-03-12,852,854,841,845,1389000,845
2014-03-13,842,849,837,840,1295500,840
2014-03-14,811,817,805,810,3800100,810
2014-03-17,803,812,800,805,1013100,805
2014-03-18,820,823,811,817,869700,817
2014-03-19,825,828,800,806,1272000,806
2014-03-20,817,817,781,781,1675300,781
2014-03-24,777,803,771,780,2861300,780
2014-03-25,764,775,751,770,2356700,770
2014-03-26,772,790,768,787,3343300,787
2014-03-27,764,779,749,778,3029400,778
2014-03-28,765,782,756,780,1977300,780
2014-03-31,788,788,764,777,2256100,777
2014-04-01,778,784,769,779,1494400,779
2014-04-02,784,813,783,802,2264800,802
2014-04-03,812,824,808,817,2904100,817
2014-04-04,807,809,795,804,1787800,804
2014-04-07,792,799,786,793,1371600,793
2014-04-08,794,796,781,782,1118500,782
2014-04-09,782,786,760,761,2647100,761
2014-04-10,768,772,747,753,2094000,753
2014-04-11,744,750,736,738,2907700,738
2014-04-14,738,749,734,740,1555600,740
2014-04-15,758,760,750,752,2232500,752
2014-04-16,766,771,760,770,1220500,770
2014-04-17,767,777,763,772,1728900,772
2014-04-18,775,787,770,785,1346500,785
2014-04-21,786,789,773,773,1090100,773
2014-04-22,778,780,761,762,984900,762
2014-04-23,769,769,756,757,1348500,757
2014-04-24,758,771,754,762,1892400,762
2014-04-25,768,779,763,769,1228200,769
2014-04-28,755,761,745,750,1147000,750
2014-04-30,756,759,742,750,1043900,750
2014-05-01,756,767,755,767,1468800,767
2014-05-02,770,771,751,754,1507000,754
2014-05-07,741,744,728,735,1544700,735
2014-05-08,737,752,734,745,1164000,745
2014-05-09,739,764,739,759,1731100,759
2014-05-12,755,761,748,751,863800,751
2014-05-13,771,773,757,771,1421900,771
2014-05-14,773,804,773,793,3194600,793
2014-05-15,792,795,758,763,3022200,763
2014-05-16,749,755,742,754,1656200,754
2014-05-19,760,770,756,762,1746200,762
2014-05-20,760,762,745,749,1108400,749
2014-05-21,736,746,736,744,1077700,744
2014-05-22,749,764,745,760,1438100,760
2014-05-23,762,776,760,766,1008700,766
2014-05-26,765,775,764,773,1102400,773
2014-05-27,765,775,759,761,1628700,761
2014-05-28,766,782,766,778,942100,778
2014-05-29,779,791,775,789,1156800,789
2014-05-30,793,801,779,780,1673700,780
2014-06-02,791,802,790,799,875200,799
2014-06-03,809,811,798,806,1274700,806
2014-06-04,810,810,799,803,994300,803
2014-06-05,811,815,804,807,859800,807
2014-06-06,814,820,812,817,1100300,817
2014-06-09,818,820,808,808,722900,808
2014-06-10,807,807,792,795,1058300,795
2014-06-11,798,806,795,805,982400,805
2014-06-12,795,795,786,788,1521600,788
2014-06-13,775,795,771,793,2697500,793
2014-06-16,792,792,776,780,1217100,780
2014-06-17,788,794,786,790,1051400,790
2014-06-18,790,803,789,802,960000,802
2014-06-19,807,814,801,807,1332200,807
2014-06-20,802,805,791,792,1951000,792
2014-06-23,801,813,788,790,1690700,790
2014-06-24,794,814,778,809,3174200,809
2014-06-25,813,818,810,816,1764400,816
2014-06-26,819,822,802,808,1458900,808
2014-06-27,813,813,785,789,1302200,789
2014-06-30,804,804,783,795,1452400,795
2014-07-01,800,808,795,800,1230300,800
2014-07-02,804,807,794,795,1609900,795
2014-07-03,791,793,782,783,1464300,783
2014-07-04,795,796,778,781,1888000,781
2014-07-07,785,792,783,785,1048800,785
2014-07-08,788,794,777,792,1354500,792
2014-07-09,790,797,786,796,1222100,796
2014-07-10,800,800,793,795,1084100,795
2014-07-11,793,801,789,797,1658400,797
2014-07-14,801,805,780,786,2049600,786
2014-07-15,791,799,790,799,839800,799
2014-07-16,802,802,785,786,2019000,786
2014-07-17,785,797,785,791,1160400,791
2014-07-18,785,785,773,778,746700,778
2014-07-22,783,789,781,786,817800,786
2014-07-23,792,794,789,790,826600,790
2014-07-24,791,795,784,787,1094900,787
2014-07-25,787,805,787,804,1395900,804
2014-07-28,796,810,796,807,904200,807
2014-07-29,815,821,812,819,1418000,819
2014-07-30,820,835,820,830,1539800,830
2014-07-31,831,835,827,830,1463600,830
2014-08-01,820,826,813,817,1705500,817
2014-08-04,810,830,806,828,1760000,828
2014-08-05,830,839,818,819,1656500,819
2014-08-06,812,815,808,813,1513400,813
2014-08-07,807,819,805,819,1360500,819
2014-08-08,807,812,788,800,1685700,800
2014-08-11,730,763,730,742,4998900,742
2014-08-12,753,756,746,751,2376400,751
2014-08-13,753,763,749,761,1814000,761
2014-08-14,767,778,767,770,1892300,770
2014-08-15,775,783,770,777,1468400,777
2014-08-18,786,788,779,783,1208100,783
2014-08-19,768,768,757,758,2719200,758
2014-08-20,758,760,751,754,2397000,754
2014-08-21,759,765,757,760,1867900,760
2014-08-22,754,756,743,749,2577700,749
2014-08-25,745,760,745,758,1806600,758
2014-08-26,751,754,745,746,2099500,746
2014-08-27,746,757,746,754,1514500,754
2014-08-28,746,747,733,733,2555600,733
2014-08-29,730,740,726,739,1934300,739
2014-09-01,736,738,733,735,785300,735
2014-09-02,739,747,738,746,1709900,746
2014-09-03,749,761,749,749,2078900,749
2014-09-04,746,753,743,744,1194600,744
2014-09-05,749,753,741,741,1359500,741
2014-09-08,741,742,732,735,1078200,735
2014-09-09,741,743,734,735,1538800,735
2014-09-10,734,735,731,734,1876600,734
2014-09-11,735,735,728,729,2734700,729
2014-09-12,732,744,730,740,4210600,740
2014-09-16,736,740,733,740,1549800,740
2014-09-17,740,742,736,737,1190300,737
2014-09-18,738,742,735,740,1464300,740
2014-09-19,743,749,741,746,1417100,746
2014-09-22,743,748,741,747,1465800,747
2014-09-24,743,744,735,738,1502600,738
2014-09-25,741,743,734,737,2450500,737
2014-09-26,726,733,724,727,2488700,727
2014-09-29,730,730,721,723,2925300,723
2014-09-30,730,730,718,719,2466700,719
2014-10-01,721,733,719,723,3163600,723
2014-10-02,718,722,696,696,3827400,696
2014-10-03,688,693,679,684,4098600,684
2014-10-06,695,703,692,697,2352500,697
2014-10-07,694,700,691,692,1813000,692
2014-10-08,687,689,680,684,3506200,684
2014-10-09,685,690,671,673,2943300,673
2014-10-10,665,668,653,658,2982600,658
2014-10-14,649,656,647,652,3958200,652
2014-10-15,652,663,651,658,3564500,658
2014-10-16,643,646,632,641,3569200,641
2014-10-17,640,641,627,629,2765000,629
2014-10-20,648,653,644,651,1923400,651
2014-10-21,651,652,638,642,2519200,642
2014-10-22,648,657,646,652,2325900,652
2014-10-23,653,656,648,650,1278000,650
2014-10-24,661,663,652,655,1479600,655
2014-10-27,663,671,661,670,1663100,670
2014-10-28,673,679,670,671,2703200,671
2014-10-29,677,686,670,680,2064500,680
2014-10-30,686,692,683,691,1683600,691
2014-10-31,698,720,694,715,3354000,715
2014-11-04,750,752,737,739,4431100,739
2014-11-05,741,749,739,744,3104900,744
2014-11-06,750,759,744,752,4021200,752
2014-11-07,756,762,753,760,2960800,760
2014-11-10,758,763,754,759,2107000,759
2014-11-11,810,848,809,846,10770400,846
2014-11-12,841,850,834,837,4233100,837
2014-11-13,837,852,829,852,3429900,852
2014-11-14,857,859,835,849,4227900,849
2014-11-17,850,854,823,826,2742600,826
2014-11-18,847,870,843,868,2996700,868
2014-11-19,882,897,879,882,4185500,882
2014-11-20,900,903,876,885,2951100,885
2014-11-21,888,898,873,895,2900600,895
2014-11-25,900,935,899,935,4043000,935
2014-11-26,926,933,918,920,2143400,920
2014-11-27,912,916,901,906,2203100,906
2014-11-28,910,918,906,918,1788000,918
2014-12-01,933,955,929,951,2693100,951
2014-12-02,937,953,929,949,2314700,949
2014-12-03,956,980,956,972,2540900,972
2014-12-04,973,984,964,979,1878400,979
2014-12-05,985,990,968,989,1793600,989
2014-12-08,1000,1009,991,998,1843900,998
2014-12-09,985,1010,981,999,2711900,999
2014-12-10,979,981,945,951,3136000,951
2014-12-11,920,948,914,944,2442300,944
2014-12-12,970,972,955,958,3266200,958
2014-12-15,935,938,918,919,2573600,919
2014-12-16,905,917,900,912,2156000,912
2014-12-17,897,920,893,906,2717100,906
2014-12-18,936,940,928,933,1671300,933
2014-12-19,963,965,946,956,2517200,956
2014-12-22,959,965,946,954,1012400,954
2014-12-24,963,967,955,960,1078300,960
2014-12-25,953,961,948,951,858400,951
2014-12-26,944,960,943,956,1112000,956
2014-12-29,970,971,944,957,1085700,957
2014-12-30,954,954,933,934,979800,934
2015-01-05,932,949,924,943,1090200,943
2015-01-06,914,922,896,896,2673100,896
2015-01-07,890,906,886,888,2588100,888
2015-01-08,898,916,891,915,2177700,915
2015-01-09,913,916,888,895,3314900,895
2015-01-13,875,890,865,890,1891700,890
2015-01-14,874,884,872,874,2172900,874
2015-01-15,876,898,875,893,1516700,893
2015-01-16,881,916,881,916,4519400,916
2015-01-19,931,939,921,934,2597100,934
2015-01-20,934,979,931,972,3046300,972
2015-01-21,968,982,958,965,2834900,965
2015-01-22,958,960,941,947,1807000,947
2015-01-23,952,959,943,944,1744400,944
2015-01-26,942,950,934,946,1583400,946
2015-01-27,961,978,958,974,2103300,974
2015-01-28,962,974,960,963,1692400,963
2015-01-29,948,962,947,949,1487300,949
2015-01-30,963,969,944,946,1711200,946
2015-02-02,939,948,925,942,1340700,942
2015-02-03,944,946,920,925,1314900,925
2015-02-04,929,935,921,933,2214000,933
2015-02-05,923,937,923,925,1904600,925
2015-02-06,938,940,924,928,2480400,928
2015-02-09,937,955,932,952,2346000,952
2015-02-10,939,949,939,947,1895700,947
2015-02-12,969,979,954,976,3443800,976
2015-02-13,886,903,867,869,7429700,869
2015-02-16,884,884,850,852,3408200,852
2015-02-17,848,852,837,851,3405700,851
2015-02-18,863,883,857,881,3369100,881
2015-02-19,875,897,874,894,2444600,894
2015-02-20,909,934,906,932,3678900,932
2015-02-23,950,954,927,933,2171200,933
2015-02-24,925,931,911,926,1643900,926
2015-02-25,920,926,914,917,2068000,917
2015-02-26,908,920,908,918,1567100,918
2015-02-27,920,921,903,907,2251000,907
2015-03-02,912,919,906,914,2354500,914
2015-03-03,906,909,882,886,2970100,886
2015-03-04,876,883,860,880,2513100,880
2015-03-05,884,886,873,881,3075900,881
2015-03-06,891,906,890,900,1959800,900
2015-03-09,898,898,879,880,2156600,880
2015-03-10,878,882,863,871,2620100,871
2015-03-11,870,889,864,882,2732900,882
2015-03-12,887,889,871,881,1637500,881
2015-03-13,888,900,881,888,3468000,888
2015-03-16,883,895,881,881,2476400,881
2015-03-17,879,881,858,861,4103500,861
2015-03-18,860,862,851,861,4359600,861
2015-03-19,869,885,868,882,3264000,882
2015-03-20,872,879,865,873,2318100,873
2015-03-23,890,900,887,900,2394500,900
2015-03-24,903,928,901,925,5031900,925
2015-03-25,929,950,929,948,3840500,948
2015-03-26,942,944,917,921,2372900,921
2015-03-27,915,949,906,917,3146400,917
2015-03-30,913,923,901,919,2036200,919
2015-03-31,935,936,921,922,2694100,922
2015-04-01,929,935,907,913,3116200,913
2015-04-02,923,933,909,925,1844700,925
2015-04-03,930,939,922,929,1069700,929
2015-04-06,918,926,909,918,1298700,918
2015-04-07,935,944,930,940,2281600,940
2015-04-08,948,955,935,943,2467800,943
2015-04-09,946,946,929,933,1873100,933
2015-04-10,929,930,912,913,3350500,913
2015-04-13,919,924,914,920,1128800,920
2015-04-14,923,931,920,921,1081200,921
2015-04-15,921,923,913,919,1009700,919
2015-04-16,915,920,909,919,1186200,919
2015-04-17,927,940,920,937,2687900,937
2015-04-20,936,936,920,930,1896000,930
2015-04-21,938,941,927,933,1636800,933
2015-04-22,938,957,934,947,2072100,947
2015-04-23,950,963,949,958,1964200,958
2015-04-24,960,973,955,962,1751800,962
2015-04-27,958,964,953,963,1027100,963
2015-04-28,962,972,956,969,1296300,969
2015-04-30,962,965,940,943,2103900,943
2015-05-01,943,952,942,951,1479900,951
2015-05-07,940,940,901,904,3622100,904
2015-05-08,900,910,897,910,2674800,910
2015-05-11,923,925,915,920,1730000,920
2015-05-12,919,924,908,912,1945200,912
2015-05-13,913,914,901,909,2379300,909
2015-05-14,909,918,906,915,1655400,915
2015-05-15,920,921,906,914,1868300,914
2015-05-18,929,944,914,938,3791100,938
2015-05-19,939,939,923,930,2891900,930
2015-05-20,931,935,923,926,2224900,926
2015-05-21,926,928,916,917,1641400,917
2015-05-22,918,923,912,922,1579000,922
2015-05-25,928,929,916,918,1865600,918
2015-05-26,925,925,907,909,2319600,909
2015-05-27,908,921,907,916,2125400,916
2015-05-28,920,926,915,918,1768500,918
2015-05-29,911,915,901,906,2953500,906
2015-06-01,904,904,895,900,2041600,900
2015-06-02,904,905,896,898,1687800,898
2015-06-03,895,905,886,903,2136700,903
2015-06-04,909,920,905,906,2097700,906
2015-06-05,897,908,892,906,1976700,906
2015-06-08,906,909,900,904,1262400,904
2015-06-09,892,899,884,884,2086200,884
2015-06-10,889,898,881,889,2374000,889
2015-06-11,895,897,885,892,1818200,892
2015-06-12,883,886,878,882,3709200,882
2015-06-15,878,880,869,876,1468100,876
2015-06-16,868,873,858,864,2699200,864
2015-06-17,865,865,850,864,2530000,864
2015-06-18,861,861,846,851,2469300,851
2015-06-19,855,856,839,847,3494400,847
2015-06-22,850,857,847,856,1977800,856
2015-06-23,858,883,858,883,3075100,883
2015-06-24,888,896,883,895,2656400,895
2015-06-25,899,920,896,899,2533600,899
2015-06-26,895,907,890,891,1472900,891
2015-06-29,873,878,857,860,2622200,860
2015-06-30,854,857,847,854,2287800,854
2015-07-01,865,871,852,855,2641100,855
2015-07-02,863,865,857,860,2098200,860
2015-07-03,862,887,860,883,2771300,883
2015-07-06,877,891,869,874,3027100,874
2015-07-07,874,875,853,853,3230400,853
2015-07-08,859,859,827,828,2790800,828
2015-07-09,813,827,790,826,2346500,826
2015-07-10,831,846,824,828,3177100,828
2015-07-13,833,851,828,840,2009100,840
2015-07-14,849,865,847,860,1789700,860
2015-07-15,865,869,858,863,1259500,863
2015-07-16,862,864,847,859,1622100,859
2015-07-17,865,879,861,876,1758900,876
2015-07-21,873,879,865,871,1497800,871
2015-07-22,868,871,855,863,1409200,863
2015-07-23,865,867,846,850,1414400,850
2015-07-24,855,865,844,845,1748300,845
2015-07-27,845,854,841,844,1499200,844
2015-07-28,831,840,821,836,1994600,836
2015-07-29,844,845,835,838,1399200,838
2015-07-30,838,839,829,830,2376300,830
2015-07-31,830,833,823,828,1837300,828
2015-08-03,822,825,811,815,1927000,815
2015-08-04,815,816,802,806,2625600,806
2015-08-05,800,817,793,806,3897000,806
2015-08-06,806,811,799,805,2807500,805
2015-08-07,802,831,802,823,2483100,823
2015-08-10,830,837,818,827,1985000,827
2015-08-11,824,847,823,836,2431000,836
2015-08-12,840,872,838,851,4646400,851
2015-08-13,885,888,848,884,8737000,884
2015-08-14,890,909,885,906,5930700,906
2015-08-17,906,906,887,892,2073000,892
2015-08-18,907,923,907,916,2717800,916
2015-08-19,920,947,918,945,6069900,945
2015-08-20,931,949,924,941,3465400,941
2015-08-21,920,937,910,914,3630100,914
2015-08-24,890,918,880,885,4950100,885
2015-08-25,862,912,850,855,5527500,855
2015-08-26,850,875,836,868,3346600,868
2015-08-27,886,891,875,880,3607500,880
2015-08-28,902,925,896,920,4078800,920
2015-08-31,913,924,906,916,3969400,916
2015-09-01,907,912,874,876,3195900,876
2015-09-02,863,880,844,850,4138600,850
2015-09-03,873,885,867,868,3369100,868
2015-09-04,876,876,837,848,3974700,848
2015-09-07,841,856,833,847,2628800,847
2015-09-08,842,848,821,826,2941400,826
2015-09-09,848,879,848,878,3582100,878
2015-09-10,858,865,841,863,2319500,863
2015-09-11,851,851,833,841,3919700,841
2015-09-14,849,853,827,832,1893400,832
2015-09-15,846,861,841,843,2015500,843
2015-09-16,843,847,828,832,2667800,832
2015-09-17,841,853,837,840,2222700,840
2015-09-18,825,832,811,814,3591600,814
2015-09-24,808,810,790,790,2205300,790
2015-09-25,788,792,772,789,3818300,789
2015-09-28,820,821,801,804,3062700,804
2015-09-29,799,800,779,779,2679900,779
2015-09-30,809,832,806,824,3918300,824
2015-10-01,830,853,830,845,2706400,845
2015-10-02,843,874,840,865,2651300,865
2015-10-05,873,875,854,870,3159900,870
2015-10-06,855,877,849,856,3636700,856
2015-10-07,866,892,864,873,3317100,873
2015-10-08,881,884,858,863,1916500,863
2015-10-09,873,887,863,881,2439900,881
2015-10-13,884,889,865,874,2202700,874
2015-10-14,875,876,846,854,1978500,854
2015-10-15,848,865,842,860,1395000,860
2015-10-16,865,870,859,864,1245200,864
2015-10-19,864,866,846,852,1349400,852
2015-10-20,855,860,849,853,1146100,853
2015-10-21,844,868,840,864,1474500,864
2015-10-22,858,872,854,860,1193100,860
2015-10-23,875,882,871,871,2058400,871
2015-10-26,886,913,885,905,3013900,905
2015-10-27,905,912,896,903,2143800,903
2015-10-28,904,918,899,911,2485500,911
2015-10-29,915,922,909,916,1417400,916
2015-10-30,918,924,908,922,1738400,922
2015-11-02,914,914,900,912,1207600,912
2015-11-04,923,929,916,916,1668700,916
2015-11-05,916,934,909,928,1261600,928
2015-11-06,930,942,929,940,1261500,940
2015-11-09,949,961,946,953,2232900,953
2015-11-10,937,958,932,958,1676000,958
2015-11-11,928,931,883,906,5018300,906
2015-11-12,905,922,901,917,2557700,917
2015-11-13,906,919,902,912,2308700,912
2015-11-16,897,910,896,909,2236600,909
2015-11-17,915,921,903,904,1848500,904
2015-11-18,916,919,905,906,1281900,906
2015-11-19,916,916,906,908,1739500,908
2015-11-20,910,930,902,928,2770800,928
2015-11-24,925,929,917,927,1841300,927
2015-11-25,923,926,916,925,1081600,925
2015-11-26,926,933,920,925,1021800,925
2015-11-27,928,928,918,920,1369500,920
2015-11-30,923,925,908,910,2998200,910
2015-12-01,908,926,908,925,1489600,925
2015-12-02,926,928,915,922,1129100,922
2015-12-03,917,918,904,911,1929200,911
2015-12-04,896,899,886,890,2117500,890
2015-12-07,900,908,892,895,1483700,895
2015-12-08,898,902,886,891,1158800,891
2015-12-09,889,891,875,877,1330700,877
2015-12-10,861,874,859,871,1630700,871
2015-12-11,872,885,867,882,3000500,882
2015-12-14,864,864,846,861,2009500,861
2015-12-15,852,855,836,840,2204400,840
2015-12-16,855,867,854,864,1879300,864
2015-12-17,883,885,874,874,1891600,874
2015-12-18,875,907,868,868,3276100,868
2015-12-21,861,865,849,862,1494700,862
2015-12-22,858,864,856,858,900600,858
2015-12-24,865,880,861,863,1081000,863
2015-12-25,861,862,847,855,773300,855
2015-12-28,859,871,859,861,1227300,861
2015-12-29,863,871,853,869,1718300,869
2015-12-30,876,892,869,874,2413200,874
2016-01-04,867,876,851,855,1715000,855
2016-01-05,856,868,854,861,1642600,861
2016-01-06,875,878,851,857,2248200,857
2016-01-07,851,859,836,837,2132200,837
2016-01-08,824,836,816,821,3892600,821
2016-01-12,811,817,797,800,2405100,800
2016-01-13,806,830,803,823,2226200,823
2016-01-14,794,815,784,806,2643200,806
2016-01-15,821,827,791,796,1766600,796
2016-01-18,777,787,769,781,1558900,781
2016-01-19,777,793,777,786,1828200,786
2016-01-20,784,789,750,752,2993000,752
2016-01-21,751,766,731,731,2425800,731
2016-01-22,747,760,734,757,3277400,757
2016-01-25,765,766,748,753,1991000,753
2016-01-26,741,747,733,743,2067900,743
2016-01-27,740,743,715,727,5012300,727
2016-01-28,728,732,720,722,2663100,722
2016-01-29,724,730,696,727,5061900,727
2016-02-01,742,748,738,742,2910100,742
2016-02-02,741,748,732,737,2362600,737
2016-02-03,724,726,703,713,3031000,713
2016-02-04,698,706,687,698,3322400,698
2016-02-05,688,698,684,694,2987400,694
2016-02-08,692,716,688,709,3084600,709
2016-02-09,684,685,673,675,3763200,675
2016-02-10,671,690,656,665,4231900,665
2016-02-12,655,663,623,626,4274800,626
2016-02-15,635,657,600,649,4880300,649
2016-02-16,635,670,634,655,4303400,655
2016-02-17,655,664,628,636,4489800,636
2016-02-18,653,664,647,655,3111600,655
2016-02-19,649,653,621,629,3070800,629
2016-02-22,619,627,612,626,3163800,626
2016-02-23,630,644,623,628,3302800,628
2016-02-24,620,623,606,617,3160800,617
2016-02-25,616,620,610,615,3598400,615
2016-02-26,623,637,623,624,2545900,624
2016-02-29,624,634,618,620,3182100,620
2016-03-01,620,626,592,607,4195800,607
2016-03-02,624,629,621,628,3067200,628
2016-03-03,621,636,619,633,2244100,633
2016-03-04,629,642,629,639,3444700,639
2016-03-07,643,655,641,648,3872400,648
2016-03-08,643,649,619,635,3683800,635
2016-03-09,627,634,615,630,3269600,630
2016-03-10,637,648,634,644,2075500,644
2016-03-11,644,657,641,650,5145600,650
2016-03-14,660,672,659,669,1921300,669
2016-03-15,670,674,651,658,2780600,658
2016-03-16,652,659,642,644,2159700,644
2016-03-17,648,657,633,641,2803700,641
2016-03-18,640,644,626,631,2325800,631
2016-03-22,648,656,637,644,1901900,644
2016-03-23,640,651,634,634,2358600,634
2016-03-24,639,645,636,637,2710200,637
2016-03-25,647,656,643,654,2053200,654
2016-03-28,659,664,656,660,2276000,660
2016-03-29,653,663,648,661,2382200,661
2016-03-30,661,668,639,641,2232000,641
2016-03-31,653,656,638,638,2162100,638
2016-04-01,635,637,592,594,4737500,594
2016-04-04,596,604,583,586,3014200,586
2016-04-05,585,588,576,582,3936600,582
2016-04-06,580,588,577,581,2763100,581
2016-04-07,580,598,577,590,4790300,590
2016-04-08,590,612,583,604,4624200,604
2016-04-11,594,600,580,597,3198000,597
2016-04-12,598,620,598,619,2965200,619
2016-04-13,637,644,631,636,3172700,636
2016-04-14,647,669,645,669,3259400,669
2016-04-15,667,677,659,668,3527100,668
2016-04-18,650,654,641,645,2934300,645
2016-04-19,665,672,661,672,2309800,672
2016-04-20,675,682,660,662,2610300,662
2016-04-21,682,682,670,673,2508000,673
2016-04-22,667,672,660,670,3843100,670
2016-04-25,673,680,661,667,3008900,667
2016-04-26,664,667,653,659,1782000,659
2016-04-27,666,671,647,650,2441500,650
2016-04-28,649,658,622,624,3283800,624
2016-05-02,612,619,606,609,3635700,609
2016-05-06,609,610,596,599,3057700,599
2016-05-09,602,611,597,608,2471400,608
2016-05-10,617,634,613,632,3798100,632
2016-05-11,636,645,632,633,2736700,633
2016-05-12,625,647,617,647,3820900,647
2016-05-13,657,657,629,631,4862400,631
2016-05-16,606,651,606,640,4027700,640
2016-05-17,650,653,640,651,3177400,651
2016-05-18,646,651,629,635,3258100,635
2016-05-19,630,633,610,616,4230900,616
2016-05-20,608,612,601,609,3500800,609
2016-05-23,611,611,599,608,2569300,608
2016-05-24,605,605,588,589,4153900,589
2016-05-25,599,601,585,587,3662900,587
2016-05-26,595,597,587,590,4506700,590
2016-05-27,596,604,589,601,3678900,601
2016-05-30,606,611,603,611,2468300,611
2016-05-31,605,628,605,621,23736200,621
2016-06-01,610,634,603,622,5876300,622
2016-06-02,615,622,609,611,3963900,611
2016-06-03,601,607,592,597,3173500,597
2016-06-06,587,593,582,592,3265300,592
2016-06-07,587,592,587,591,2851400,591
2016-06-08,587,590,579,584,3858800,584
2016-06-09,582,582,565,569,4118700,569
2016-06-10,572,573,566,570,3816300,570
2016-06-13,563,563,550,550,3456300,550
2016-06-14,547,549,537,544,4079700,544
2016-06-15,545,558,539,551,3214100,551
2016-06-16,552,552,534,535,4302200,535
2016-06-17,541,550,541,545,4299900,545
2016-06-20,551,561,551,557,2725600,557
2016-06-21,554,565,543,562,1992300,562
2016-06-22,557,558,550,551,2077200,551
2016-06-23,547,552,542,550,3096300,550
2016-06-24,552,557,481,487,5742600,487
2016-06-27,495,500,484,492,2359400,492
2016-06-28,488,494,474,488,3055000,488
2016-06-29,489,503,479,496,2511200,496
2016-06-30,501,509,496,496,2637100,496
2016-07-01,503,510,500,503,2284700,503
2016-07-04,494,507,489,504,2654400,504
2016-07-05,502,507,498,501,1670900,501
2016-07-06,496,500,485,488,3459400,488
2016-07-07,488,497,483,485,3687500,485
2016-07-08,487,498,482,482,3917900,482
2016-07-11,494,514,493,511,2403200,511
2016-07-12,521,535,517,528,3258900,528
2016-07-13,548,549,537,540,3649700,540
2016-07-14,541,546,535,542,2193500,542
2016-07-15,548,565,543,555,4101000,555
2016-07-19,563,568,551,565,3141000,565
2016-07-20,568,568,553,558,2164500,558
2016-07-21,568,573,563,569,1621300,569
2016-07-22,566,569,559,560,1715400,560
2016-07-25,562,574,562,570,1897900,570
2016-07-26,564,564,541,545,2932500,545
2016-07-27,552,571,549,568,2653100,568
2016-07-28,566,569,560,565,1620700,565
2016-07-29,555,567,543,554,4183500,554
2016-08-01,547,552,535,544,3495000,544
2016-08-02,535,541,526,527,3221700,527
2016-08-03,516,519,493,495,5522600,495
2016-08-04,502,512,497,508,4378800,508
2016-08-05,505,522,502,516,4272100,516
2016-08-08,522,539,521,536,3333900,536
2016-08-09,535,549,532,548,3248000,548
2016-08-10,540,547,537,542,2782700,542
2016-08-12,534,566,523,559,3789200,559
2016-08-15,540,559,506,510,7600900,510
2016-08-16,511,532,511,521,5799400,521
2016-08-17,521,539,521,535,3611700,535
2016-08-18,530,537,526,530,3157200,530
2016-08-19,533,551,531,550,2564100,550
2016-08-22,551,559,550,556,1631300,556
2016-08-23,546,547,534,537,2245300,537
2016-08-24,539,551,539,549,2000900,549
2016-08-25,551,553,545,549,2110900,549
2016-08-26,545,549,537,544,2586800,544
2016-08-29,557,570,553,566,2233600,566
2016-08-30,563,565,556,559,1752900,559
2016-08-31,564,577,563,572,1516100,572
2016-09-01,574,575,568,570,1427200,570
2016-09-02,560,569,556,568,2006600,568
2016-09-05,571,575,565,567,1502100,567
2016-09-06,570,573,564,567,1562400,567
2016-09-07,565,565,553,564,1616400,564
2016-09-08,567,568,558,562,1822100,562
2016-09-09,563,567,559,561,2414000,561
2016-09-12,554,556,542,545,1689000,545
2016-09-13,547,549,541,545,1256400,545
2016-09-14,535,537,519,531,4478500,531
2016-09-15,531,531,518,521,3470100,521
2016-09-16,524,527,511,526,3547400,526
2016-09-20,525,539,524,536,3540600,536
2016-09-21,535,549,528,548,3388300,548
2016-09-23,543,551,541,548,2316300,548
2016-09-26,543,544,531,531,2321000,531
2016-09-27,530,539,522,539,3248300,539
2016-09-28,524,528,520,523,2223300,523
2016-09-29,530,543,530,540,2582000,540
2016-09-30,532,532,522,526,2252600,526
2016-10-03,530,535,525,529,1768000,529
2016-10-04,529,535,527,529,1630100,529
2016-10-05,533,547,529,544,2621500,544
2016-10-06,554,557,546,548,1836200,548
2016-10-07,551,577,551,573,4539800,573
2016-10-11,575,576,566,569,2083900,569
2016-10-12,559,565,555,557,2034900,557
2016-10-13,558,566,549,552,1634200,552
2016-10-14,551,564,551,562,2221500,562
2016-10-17,565,573,562,567,1529900,567
2016-10-18,563,570,557,570,1406200,570
2016-10-19,571,575,568,569,1052500,569
2016-10-20,573,580,570,577,1896700,577
2016-10-21,579,582,574,575,1743300,575
2016-10-24,580,582,576,576,1590200,576
2016-10-25,584,598,584,591,1808400,591
2016-10-26,588,589,582,585,1369700,585
2016-10-27,588,588,578,582,1219500,582
2016-10-28,586,593,586,589,2465600,589
2016-10-31,591,592,584,591,1553600,591
2016-11-01,591,595,588,595,1721900,595
2016-11-02,585,585,575,576,1853700,576
2016-11-04,564,568,555,567,2243200,567
2016-11-07,577,587,576,580,2352600,580
2016-11-08,586,589,581,585,1515700,585
2016-11-09,590,597,544,545,4398700,545
2016-11-10,584,592,576,585,2773500,585
2016-11-11,600,607,590,592,3525600,592
2016-11-14,602,657,602,649,6609700,649
2016-11-15,641,655,638,641,2675000,641
2016-11-16,647,656,643,651,2658400,651
2016-11-17,646,659,644,654,2374600,654
2016-11-18,657,665,652,664,2943500,664
2016-11-21,670,678,669,676,2000500,676
2016-11-22,676,677,669,675,1678700,675
2016-11-24,680,705,678,703,3535900,703
2016-11-25,714,734,712,722,4500900,722
2016-11-28,715,717,691,702,2818800,702
2016-11-29,691,699,683,698,3000800,698
2016-11-30,708,710,698,699,1743500,699
2016-12-01,717,728,708,712,2914900,712
2016-12-02,705,715,696,714,2467300,714
2016-12-05,709,712,700,707,1647400,707
2016-12-06,715,725,715,720,1681000,720
2016-12-07,727,738,725,733,1528500,733
2016-12-08,740,751,739,745,2204700,745
2016-12-09,755,763,747,762,3135400,762
2016-12-12,767,767,719,731,4259700,731
2016-12-13,731,736,719,732,2508300,732
2016-12-14,731,737,727,734,1427700,734
2016-12-15,745,757,737,746,2057100,746
2016-12-16,753,760,751,758,1619300,758
2016-12-19,755,755,739,743,1785300,743
2016-12-20,742,744,719,731,2305600,731
2016-12-21,736,739,721,726,2052100,726
2016-12-22,725,728,713,724,1525600,724
2016-12-26,724,727,708,710,1411200,710
2016-12-27,710,716,707,712,1321400,712
2016-12-28,716,729,709,727,1790000,727
2016-12-29,720,725,695,701,2485200,701
2016-12-30,688,701,685,699,1764000,699
2017-01-04,708,723,708,723,1885300,723
