Date,Open,High,Low,Close,Volume,Adj Close
2008-10-20,689,725,684,723,3557000,723
2008-10-21,733,752,733,752,3754000,752
2008-10-22,732,732,702,702,4409000,702
2008-10-23,672,695,656,690,4863000,690
2008-10-24,680,680,635,635,4486000,635
2008-10-27,625,652,594,596,5048000,596
2008-10-28,594,659,587,658,4251000,658
2008-10-29,660,699,656,695,4059000,695
2008-10-30,685,745,676,744,3272000,744
2008-10-31,743,750,710,710,3150000,710
2008-11-04,716,730,696,724,2762000,724
2008-11-05,749,759,735,757,2679000,757
2008-11-06,717,743,711,722,2687000,722
2008-11-07,692,733,675,707,3880000,707
2008-11-10,757,769,736,766,2540000,766
2008-11-11,759,759,713,715,2099000,715
2008-11-12,675,712,675,706,2230000,706
2008-11-13,666,695,659,670,2072000,670
2008-11-14,690,717,688,701,2976000,701
2008-11-17,681,696,656,678,2886000,678
2008-11-18,665,685,662,669,2088000,669
2008-11-19,689,703,687,701,2702000,701
2008-11-20,662,678,652,652,2015000,652
2008-11-21,632,676,624,672,3070000,672
2008-11-25,705,713,674,704,2652000,704
2008-11-26,674,686,668,676,1416000,676
2008-11-27,696,710,686,700,1804000,700
2008-11-28,710,715,694,715,1796000,715
2008-12-01,715,719,697,710,1365000,710
2008-12-02,656,660,641,644,2335000,644
2008-12-03,659,674,652,663,2447000,663
2008-12-04,653,654,631,640,2276000,640
2008-12-05,630,637,621,626,2565000,626
2008-12-08,629,658,626,656,2030000,656
2008-12-09,646,656,640,654,1682000,654
2008-12-10,644,680,642,674,1797000,674
2008-12-11,667,685,659,685,2509000,685
2008-12-12,654,655,609,619,5948000,619
2008-12-15,685,693,672,674,3668000,674
2008-12-16,656,659,638,648,1345000,648
2008-12-17,661,663,637,656,1678000,656
2008-12-18,649,677,646,664,1829000,664
2008-12-19,660,663,640,644,1615000,644
2008-12-22,638,660,638,660,1421000,660
2008-12-24,640,652,637,652,1103000,652
2008-12-25,642,652,642,650,457000,650
2008-12-26,656,658,650,658,453000,658
2008-12-29,653,663,650,661,621000,661
2008-12-30,665,684,663,684,1012000,684
2009-01-05,697,697,665,676,544000,676
2009-01-06,695,704,684,704,1781000,704
2009-01-07,715,731,707,720,3623000,720
2009-01-08,695,724,695,714,3009000,714
2009-01-09,724,738,697,703,3183000,703
2009-01-13,681,681,651,655,2333000,655
2009-01-14,651,664,641,661,1869000,661
2009-01-15,631,641,623,626,3147000,626
2009-01-16,637,647,628,647,2388000,647
2009-01-19,651,653,636,638,1182000,638
2009-01-20,646,649,623,632,1648000,632
2009-01-21,621,632,616,618,2325000,618
2009-01-22,623,624,601,624,2524000,624
2009-01-23,618,618,604,605,1281000,605
2009-01-26,606,622,605,612,1697000,612
2009-01-27,619,633,612,626,1958000,626
2009-01-28,622,636,616,631,1211000,631
2009-01-29,635,641,625,636,2059000,636
2009-01-30,629,629,608,615,2372000,615
2009-02-02,602,615,600,613,1617000,613
2009-02-03,605,626,603,604,1450000,604
2009-02-04,608,630,608,630,1592000,630
2009-02-05,624,640,613,640,2234000,640
2009-02-06,639,649,636,640,1378000,640
2009-02-09,652,654,617,617,2141000,617
2009-02-10,627,635,616,626,2006000,626
2009-02-12,606,612,591,593,2511000,593
2009-02-13,608,609,597,600,2249000,600
2009-02-16,600,609,596,601,1368000,601
2009-02-17,600,603,586,591,1822000,591
2009-02-18,569,570,553,561,3028000,561
2009-02-19,561,564,547,554,2237000,554
2009-02-20,560,564,548,555,2514000,555
2009-02-23,525,545,523,545,2035000,545
2009-02-24,527,543,525,543,1587000,543
2009-02-25,543,547,527,547,2771000,547
2009-02-26,555,584,554,579,3766000,579
2009-02-27,599,604,572,590,3986000,590
2009-03-02,555,562,548,553,2708000,553
2009-03-03,528,559,528,554,2496000,554
2009-03-04,534,556,534,552,2727000,552
2009-03-05,547,569,547,564,3328000,564
2009-03-06,537,547,533,543,2523000,543
2009-03-09,543,554,532,544,2412000,544
2009-03-10,537,552,537,544,2608000,544
2009-03-11,571,581,567,571,3016000,571
2009-03-12,561,574,551,562,2504000,562
2009-03-13,582,592,575,584,5292000,584
2009-03-16,593,613,591,598,2561000,598
2009-03-17,604,619,586,614,2492000,614
2009-03-18,635,636,620,631,2424000,631
2009-03-19,638,643,618,621,1610000,621
2009-03-23,641,652,639,648,2018000,648
2009-03-24,670,685,654,680,2937000,680
2009-03-25,695,699,679,689,2334000,689
2009-03-26,668,685,658,681,1452000,681
2009-03-27,685,699,681,682,1660000,682
2009-03-30,689,700,666,667,1837000,667
2009-03-31,687,694,660,669,3177000,669
2009-04-01,670,694,650,691,2923000,691
2009-04-02,695,723,679,721,2354000,721
2009-04-03,728,728,715,724,1812000,724
2009-04-06,734,753,728,753,2125000,753
2009-04-07,746,760,737,740,2909000,740
2009-04-08,720,720,702,715,1749000,715
2009-04-09,708,732,707,728,1802000,728
2009-04-10,738,743,723,740,2738000,740
2009-04-13,741,757,737,747,1412000,747
2009-04-14,750,750,727,743,1586000,743
2009-04-15,742,744,727,738,1331000,738
2009-04-16,748,775,737,744,1928000,744
2009-04-17,764,771,754,759,1877000,759
2009-04-20,751,760,741,759,795000,759
2009-04-21,729,737,722,728,1519000,728
2009-04-22,720,721,703,717,2450000,717
2009-04-23,718,727,704,726,1786000,726
2009-04-24,706,726,697,702,2840000,702
2009-04-27,712,728,707,721,1570000,721
2009-04-28,726,743,710,711,1785000,711
2009-04-30,730,750,730,742,1801000,742
2009-05-01,732,740,723,732,1516000,732
2009-05-07,772,780,762,770,2394000,770
2009-05-08,750,762,746,761,1689000,761
2009-05-11,761,769,740,740,2889000,740
2009-05-12,730,741,723,731,1887000,731
2009-05-13,774,811,768,788,4989000,788
2009-05-14,786,796,768,780,2987000,780
2009-05-15,781,795,771,787,2497000,787
2009-05-18,788,814,779,810,2940000,810
2009-05-19,830,843,811,816,3143000,816
2009-05-20,829,837,817,824,2283000,824
2009-05-21,808,816,781,790,3243000,790
2009-05-22,780,793,776,785,1819000,785
2009-05-25,791,812,789,803,1881000,803
2009-05-26,818,825,811,818,2155000,818
2009-05-27,838,859,836,853,3048000,853
2009-05-28,833,847,831,846,2525000,846
2009-05-29,856,858,845,858,3061000,858
2009-06-01,854,877,842,875,1652000,875
2009-06-02,885,895,877,880,3029000,880
2009-06-03,870,881,865,870,1709000,870
2009-06-04,867,873,857,860,1104000,860
2009-06-05,871,874,856,862,1227000,862
2009-06-08,862,885,859,865,1164000,865
2009-06-09,855,866,855,863,1375000,863
2009-06-10,864,872,847,870,1703000,870
2009-06-11,877,877,867,871,1322000,871
2009-06-12,883,902,874,896,5173000,896
2009-06-15,903,906,885,902,2234000,902
2009-06-16,892,897,866,869,2166000,869
2009-06-17,869,893,865,881,1743000,881
2009-06-18,879,880,870,878,1200000,878
2009-06-19,868,884,866,883,2058000,883
2009-06-22,873,899,873,893,1640000,893
2009-06-23,900,918,889,892,3867000,892
2009-06-24,890,904,876,892,2326000,892
2009-06-25,891,918,886,905,2467000,905
2009-06-26,911,916,902,907,1558000,907
2009-06-29,907,922,895,904,1870000,904
2009-06-30,954,1000,954,975,6629000,975
2009-07-01,955,981,955,965,2719000,965
2009-07-02,976,991,963,964,2686000,964
2009-07-03,954,954,931,946,2235000,946
2009-07-06,932,941,920,935,2094000,935
2009-07-07,946,969,946,964,2325000,964
2009-07-08,944,950,912,916,3319000,916
2009-07-09,910,918,900,906,2472000,906
2009-07-10,916,931,916,924,3011000,924
2009-07-13,923,933,891,892,2126000,892
2009-07-14,902,914,900,912,2632000,912
2009-07-15,928,941,906,909,2999000,909
2009-07-16,936,937,909,911,1927000,911
2009-07-17,929,940,923,929,1520000,929
2009-07-21,954,960,932,944,2051000,944
2009-07-22,947,961,945,951,2078000,951
2009-07-23,952,958,939,945,2775000,945
2009-07-24,951,961,938,950,2639000,950
2009-07-27,956,964,946,950,2975000,950
2009-07-28,960,976,956,965,1615000,965
2009-07-29,956,969,946,953,1567000,953
2009-07-30,954,956,934,954,1656000,954
2009-07-31,948,966,945,966,1998000,966
2009-08-03,970,970,952,960,1001000,960
2009-08-04,977,983,966,966,1554000,966
2009-08-05,967,980,950,950,1425000,950
2009-08-06,963,975,963,964,1575000,964
2009-08-07,953,955,942,950,2185000,950
2009-08-10,951,955,934,942,2219000,942
2009-08-11,949,958,947,952,1398000,952
2009-08-12,942,943,913,920,2886000,920
2009-08-13,930,938,914,937,2653000,937
2009-08-14,944,944,923,927,2996000,927
2009-08-17,915,920,901,901,1885000,901
2009-08-18,901,919,896,906,1668000,906
2009-08-19,897,899,880,891,1700000,891
2009-08-20,899,909,885,905,1428000,905
2009-08-21,902,910,891,902,1854000,902
2009-08-24,912,935,910,926,1823000,926
2009-08-25,916,921,911,915,1269000,915
2009-08-26,925,937,922,929,2083000,929
2009-08-27,922,923,905,910,1725000,910
2009-08-28,915,925,909,925,1610000,925
2009-08-31,926,944,909,919,2077000,919
2009-09-01,919,929,910,917,1642000,917
2009-09-02,888,900,886,900,2422000,900
2009-09-03,900,900,885,886,1732000,886
2009-09-04,884,886,871,874,1721000,874
2009-09-07,880,886,868,874,1472000,874
2009-09-08,882,889,880,889,1524000,889
2009-09-09,888,894,874,882,1576000,882
2009-09-10,889,897,885,895,1314000,895
2009-09-11,896,896,874,883,4717000,883
2009-09-14,874,875,857,865,2398000,865
2009-09-15,864,879,859,869,2288000,869
2009-09-16,884,894,869,870,2142000,870
2009-09-17,876,883,869,880,1499000,880
2009-09-18,864,875,856,865,1852000,865
2009-09-24,855,884,854,876,3405000,876
2009-09-25,855,865,837,844,2228000,844
2009-09-28,845,851,829,850,2489000,850
2009-09-29,856,856,840,849,1365000,849
2009-09-30,851,856,845,850,1243000,850
2009-10-01,841,848,832,842,1367000,842
2009-10-02,819,830,802,825,2267000,825
2009-10-05,815,822,798,800,1382000,800
2009-10-06,810,813,792,811,2097000,811
2009-10-07,821,825,809,814,1494000,814
2009-10-08,814,822,803,821,1580000,821
2009-10-09,821,831,810,825,3026000,825
2009-10-13,835,842,831,833,1951000,833
2009-10-14,845,845,828,833,2246000,833
2009-10-15,837,846,836,844,2158000,844
2009-10-16,850,850,841,842,1612000,842
2009-10-19,833,852,829,847,1806000,847
2009-10-20,851,858,847,851,937000,851
2009-10-21,841,848,838,843,866000,843
2009-10-22,833,834,819,833,1510000,833
2009-10-23,833,843,825,826,1667000,826
2009-10-26,828,843,822,839,1252000,839
2009-10-27,829,837,814,817,1570000,817
2009-10-28,810,814,802,808,1396000,808
2009-10-29,796,803,789,793,1918000,793
2009-10-30,815,831,814,825,2781000,825
2009-11-02,787,800,779,797,2213000,797
2009-11-04,787,787,766,787,2421000,787
2009-11-05,777,782,763,773,2038000,773
2009-11-06,783,818,774,806,3921000,806
2009-11-09,800,800,767,769,1933000,769
2009-11-10,770,780,756,756,2099000,756
2009-11-11,758,766,753,757,2024000,757
2009-11-12,758,760,726,741,3349000,741
2009-11-13,738,746,731,740,2135000,740
2009-11-16,739,744,728,738,1364000,738
2009-11-17,728,732,721,729,2275000,729
2009-11-18,719,730,712,730,2206000,730
2009-11-19,731,731,713,717,2177000,717
2009-11-20,700,723,699,723,2056000,723
2009-11-24,720,723,700,708,2507000,708
2009-11-25,698,706,691,705,2165000,705
2009-11-26,690,710,682,706,2301000,706
2009-11-27,694,694,677,682,2000000,682
2009-11-30,681,702,676,701,2714000,701
2009-12-01,687,713,687,713,2295000,713
2009-12-02,703,706,692,705,2392000,705
2009-12-03,719,738,717,738,2629000,738
2009-12-04,745,748,727,739,2309000,739
2009-12-07,758,758,735,743,2147000,743
2009-12-08,755,758,744,751,2387000,751
2009-12-09,733,740,727,731,2186000,731
2009-12-10,728,754,727,739,2926000,739
2009-12-11,746,746,727,737,4187000,737
2009-12-14,737,740,728,735,2825000,735
2009-12-15,718,734,715,725,2084000,725
2009-12-16,760,761,743,749,2837000,749
2009-12-17,746,752,741,747,1588000,747
2009-12-18,733,745,730,743,1836000,743
2009-12-21,740,744,734,738,1604000,738
2009-12-22,748,760,744,758,1665000,758
2009-12-24,768,768,753,759,2189000,759
2009-12-25,759,759,740,742,1887000,742
2009-12-28,740,751,738,749,1526000,749
2009-12-29,756,769,750,769,2476000,769
2009-12-30,777,780,750,751,1902000,751
2010-01-04,759,765,754,760,879000,760
2010-01-05,770,770,760,766,1948000,766
2010-01-06,766,772,758,765,1445000,765
2010-01-07,773,777,767,777,1514000,777
2010-01-08,790,790,776,782,2427000,782
2010-01-12,775,791,774,790,1546000,790
2010-01-13,775,790,775,779,2165000,779
2010-01-14,764,795,764,792,2367000,792
2010-01-15,790,804,785,798,3165000,798
2010-01-18,801,808,787,798,2204000,798
2010-01-19,795,800,790,794,1423000,794
2010-01-20,808,809,795,797,1859000,797
2010-01-21,797,807,787,807,2834000,807
2010-01-22,780,788,768,779,2691000,779
2010-01-25,764,779,760,776,1997000,776
2010-01-26,797,807,791,795,4065000,795
2010-01-27,810,822,804,814,5494000,814
2010-01-28,812,815,799,805,3592000,805
2010-01-29,796,796,785,790,2342000,790
2010-02-01,777,791,770,790,2521000,790
2010-02-02,788,801,782,793,2010000,793
2010-02-03,802,811,800,805,2076000,805
2010-02-04,810,814,799,803,1943000,803
2010-02-05,785,788,777,783,2401000,783
2010-02-08,782,787,773,773,1502000,773
2010-02-09,761,772,756,769,2348000,769
2010-02-10,766,770,751,756,2572000,756
2010-02-12,762,775,762,775,2535000,775
2010-02-15,771,777,763,763,1166000,763
2010-02-16,770,774,767,770,775000,770
2010-02-17,773,782,771,781,1564000,781
2010-02-18,775,788,771,786,1355000,786
2010-02-19,781,788,771,773,1532000,773
2010-02-22,785,797,780,790,1375000,790
2010-02-23,785,790,778,788,1124000,788
2010-02-24,773,776,761,772,1832000,772
2010-02-25,772,776,762,770,1395000,770
2010-02-26,770,776,763,772,2618000,772
2010-03-01,773,778,769,773,1471000,773
2010-03-02,774,775,767,775,1159000,775
2010-03-03,771,780,762,765,2262000,765
2010-03-04,760,767,746,746,2676000,746
2010-03-05,753,766,751,760,2652000,760
2010-03-08,773,775,762,767,2669000,767
2010-03-09,770,779,768,772,1785000,772
2010-03-10,780,780,763,765,1847000,765
2010-03-11,773,777,769,776,1216000,776
2010-03-12,793,797,784,791,5929000,791
2010-03-15,800,802,790,793,1290000,793
2010-03-16,794,798,789,792,1333000,792
2010-03-17,799,804,794,801,1727000,801
2010-03-18,805,814,801,804,2018000,804
2010-03-19,809,816,805,815,3277000,815
2010-03-23,820,829,815,815,2420000,815
2010-03-24,817,823,807,814,1660000,814
2010-03-25,812,820,806,807,2155000,807
2010-03-26,817,822,810,821,2148000,821
2010-03-29,800,810,799,810,1486000,810
2010-03-30,815,832,811,831,2567000,831
2010-03-31,846,853,841,844,3655000,844
2010-04-01,844,849,826,837,3706000,837
2010-04-02,847,848,836,839,1994000,839
2010-04-05,848,848,839,844,1608000,844
2010-04-06,851,851,840,844,2089000,844
2010-04-07,850,861,846,851,2766000,851
2010-04-08,841,848,834,836,1974000,836
2010-04-09,835,848,834,836,4301000,836
2010-04-12,846,849,841,841,1709000,841
2010-04-13,847,851,838,843,2123000,843
2010-04-14,850,859,845,856,3278000,856
2010-04-15,864,870,861,866,1937000,866
2010-04-16,866,866,850,858,1996000,858
2010-04-19,844,851,840,846,1734000,846
2010-04-20,856,869,849,861,2088000,861
2010-04-21,876,885,874,875,2968000,875
2010-04-22,867,867,855,866,1711000,866
2010-04-23,867,871,856,867,1495000,867
2010-04-26,880,886,878,880,1126000,880
2010-04-27,874,877,866,872,1516000,872
2010-04-28,862,871,845,853,2741000,853
2010-04-30,853,864,852,862,1261000,862
2010-05-06,835,843,831,840,2445000,840
2010-05-07,808,811,794,809,3094000,809
2010-05-10,798,829,794,825,3085000,825
2010-05-11,831,842,822,824,1803000,824
2010-05-12,830,830,808,816,1587000,816
2010-05-13,838,848,836,846,3061000,846
2010-05-14,832,847,829,836,2777000,836
2010-05-17,821,825,812,822,2069000,822
2010-05-18,823,834,822,826,1641000,826
2010-05-19,811,812,798,811,2472000,811
2010-05-20,798,807,794,800,1832000,800
2010-05-21,784,786,770,779,2403000,779
2010-05-24,767,780,767,773,1509000,773
2010-05-25,770,771,754,759,1780000,759
2010-05-26,763,769,752,753,3145000,753
2010-05-27,740,777,728,772,5707000,772
2010-05-28,781,782,760,762,5073000,762
2010-05-31,768,784,767,777,2550000,777
2010-06-01,779,783,760,776,1683000,776
2010-06-02,766,781,763,768,1668000,768
2010-06-03,783,799,780,794,2892000,794
2010-06-04,785,788,775,775,2621000,775
2010-06-07,760,760,745,749,1834000,749
2010-06-08,737,752,733,744,1859000,744
2010-06-09,734,743,731,740,2111000,740
2010-06-10,748,748,738,745,1230000,745
2010-06-11,760,760,749,752,5042000,752
2010-06-14,765,769,762,765,1332000,765
2010-06-15,767,767,756,762,1542000,762
2010-06-16,774,775,766,773,1535000,773
2010-06-17,770,770,762,767,1143000,767
2010-06-18,767,769,760,763,1345000,763
2010-06-21,774,785,771,784,1074000,784
2010-06-22,774,777,765,768,1634000,768
2010-06-23,760,760,753,756,1779000,756
2010-06-24,752,757,745,745,1748000,745
2010-06-25,733,745,733,745,1777000,745
2010-06-28,746,746,732,734,1645000,734
2010-06-29,738,738,726,729,1729000,729
2010-06-30,716,717,708,709,2646000,709
2010-07-01,709,714,702,707,1812000,707
2010-07-02,714,714,702,708,1468000,708
2010-07-05,713,722,713,719,1077000,719
2010-07-06,707,718,704,716,1894000,716
2010-07-07,719,723,714,720,1980000,720
2010-07-08,740,742,734,737,1667000,737
2010-07-09,746,750,737,745,1892000,745
2010-07-12,740,748,736,737,1232000,737
2010-07-13,738,740,731,735,1239000,735
2010-07-14,754,761,749,755,2140000,755
2010-07-15,754,754,746,746,1058000,746
2010-07-16,744,744,723,723,1518000,723
2010-07-20,708,718,708,711,1502000,711
2010-07-21,714,719,706,712,1293000,712
2010-07-22,707,708,701,702,1456000,702
2010-07-23,710,718,706,713,1615000,713
2010-07-26,721,726,718,720,672000,720
2010-07-27,718,725,712,720,1342000,720
2010-07-28,733,748,732,737,1756000,737
2010-07-29,728,729,722,725,1133000,725
2010-07-30,723,723,710,713,1402000,713
2010-08-02,720,727,715,717,909000,717
2010-08-03,730,733,722,726,1043000,726
2010-08-04,719,722,711,715,1068000,715
2010-08-05,726,731,714,720,1780000,720
2010-08-06,712,730,712,730,1312000,730
2010-08-09,718,725,717,720,1468000,720
2010-08-10,725,736,723,733,2181000,733
2010-08-11,703,708,683,685,5152000,685
2010-08-12,671,675,660,667,4555000,667
2010-08-13,664,669,657,668,3335000,668
2010-08-16,669,677,665,675,3229000,675
2010-08-17,669,677,668,674,1879000,674
2010-08-18,678,680,666,673,2017000,673
2010-08-19,675,688,673,688,2501000,688
2010-08-20,674,677,666,667,2659000,667
2010-08-23,667,668,661,666,1776000,666
2010-08-24,662,669,659,661,2381000,661
2010-08-25,658,659,648,651,2790000,651
2010-08-26,661,665,647,650,2801000,650
2010-08-27,647,660,645,655,2485000,655
2010-08-30,663,677,662,669,2127000,669
2010-08-31,660,660,638,640,3752000,640
2010-09-01,639,644,634,643,2929000,643
2010-09-02,662,662,648,660,1931000,660
2010-09-03,662,666,656,662,1839000,662
2010-09-06,670,675,663,675,1417000,675
2010-09-07,672,676,668,671,1229000,671
2010-09-08,660,661,647,648,2167000,648
2010-09-09,657,663,652,661,2508000,661
2010-09-10,671,681,669,671,5581000,671
2010-09-13,678,682,670,671,1860000,671
2010-09-14,671,673,665,668,1472000,668
2010-09-15,668,690,663,685,2549000,685
2010-09-16,690,690,670,673,2925000,673
2010-09-17,678,685,674,683,1977000,683
2010-09-21,685,685,671,674,2085000,674
2010-09-22,675,684,673,680,1954000,680
2010-09-24,668,683,666,674,3183000,674
2010-09-27,675,682,672,679,2116000,679
2010-09-28,670,671,665,668,1938000,668
2010-09-29,674,678,670,675,2749000,675
2010-09-30,678,679,651,653,3097000,653
2010-10-01,655,659,646,653,2493000,653
2010-10-04,654,659,644,645,2714000,645
2010-10-05,642,656,639,652,2389000,652
2010-10-06,660,669,656,668,2642000,668
2010-10-07,663,673,660,664,1748000,664
2010-10-08,665,673,661,664,2665000,664
2010-10-12,667,668,644,645,2521000,645
2010-10-13,655,657,646,647,2572000,647
2010-10-14,656,662,652,654,2427000,654
2010-10-15,652,652,641,645,2056000,645
2010-10-18,642,649,638,646,1746000,646
2010-10-19,643,660,643,655,1755000,655
2010-10-20,642,647,638,641,2697000,641
2010-10-21,641,650,639,644,2514000,644
2010-10-22,649,654,645,649,2520000,649
2010-10-25,643,651,641,642,1846000,642
2010-10-26,643,654,643,648,1988000,648
2010-10-27,655,660,648,651,3165000,651
2010-10-28,649,654,642,647,4026000,647
2010-10-29,650,652,640,648,2435000,648
2010-11-01,649,657,642,644,2100000,644
2010-11-02,645,646,639,644,1557000,644
2010-11-04,656,660,651,653,1638000,653
2010-11-05,669,678,667,670,2687000,670
2010-11-08,673,682,671,674,2192000,674
2010-11-09,677,683,673,675,2090000,675
2010-11-10,684,688,679,682,1873000,682
2010-11-11,680,686,678,683,2225000,683
2010-11-12,674,676,663,672,3764000,672
2010-11-15,677,683,674,682,2010000,682
2010-11-16,684,685,667,671,2358000,671
2010-11-17,663,669,663,666,2022000,666
2010-11-18,666,696,666,696,4271000,696
2010-11-19,696,701,693,694,2763000,694
2010-11-22,704,705,697,701,1740000,701
2010-11-24,686,699,684,693,2057000,693
2010-11-25,694,698,690,691,1996000,691
2010-11-26,691,697,689,690,1034000,690
2010-11-29,691,706,690,700,1842000,700
2010-11-30,701,706,696,700,3335000,700
2010-12-01,699,706,696,706,2265000,706
2010-12-02,718,719,713,716,2061000,716
2010-12-03,725,728,720,725,2042000,725
2010-12-06,723,729,723,724,1746000,724
2010-12-07,725,728,721,728,2557000,728
2010-12-08,730,738,728,733,2449000,733
2010-12-09,736,745,734,744,2569000,744
2010-12-10,753,753,741,748,6565000,748
2010-12-13,746,760,745,759,2866000,759
2010-12-14,760,763,755,761,2060000,761
2010-12-15,756,764,756,760,2536000,760
2010-12-16,760,760,748,748,4239000,748
2010-12-17,750,755,746,746,2486000,746
2010-12-20,752,753,740,743,2458000,743
2010-12-21,743,755,743,752,1756000,752
2010-12-22,746,752,744,745,1757000,745
2010-12-24,740,744,735,738,1502000,738
2010-12-27,738,749,738,747,1072000,747
2010-12-28,742,748,742,744,574000,744
2010-12-29,744,749,743,749,853000,749
2010-12-30,750,751,738,742,1440000,742
2011-01-04,751,757,748,751,1454000,751
2011-01-05,754,755,746,746,1782000,746
2011-01-06,758,763,755,760,2164000,760
2011-01-07,766,772,762,766,1976000,766
2011-01-11,764,766,757,764,1533000,764
2011-01-12,769,770,760,761,1631000,761
2011-01-13,765,773,764,771,2061000,771
2011-01-14,763,767,755,757,2805000,757
2011-01-17,762,764,756,757,898000,757
2011-01-18,755,761,754,758,915000,758
2011-01-19,759,762,756,758,938000,758
2011-01-20,755,760,752,758,1600000,758
2011-01-21,765,765,750,752,1968000,752
2011-01-24,757,758,747,752,1415000,752
2011-01-25,753,766,749,761,2016000,761
2011-01-26,758,760,757,759,1047000,759
2011-01-27,765,771,761,764,1404000,764
2011-01-28,769,770,751,758,2022000,758
2011-01-31,756,756,745,746,2966000,746
2011-02-01,744,747,734,740,3096000,740
2011-02-02,744,754,744,747,2786000,747
2011-02-03,751,765,749,750,2427000,750
2011-02-04,759,768,756,768,3207000,768
2011-02-07,770,771,762,766,2026000,766
2011-02-08,771,771,763,770,1556000,770
2011-02-09,770,771,759,762,2149000,762
2011-02-10,755,761,752,759,2097000,759
2011-02-14,768,789,767,776,3180000,776
2011-02-15,771,771,765,770,1950000,770
2011-02-16,767,770,765,767,2326000,767
2011-02-17,765,771,761,766,3147000,766
2011-02-18,768,772,762,764,2236000,764
2011-02-21,766,772,761,770,2222000,770
2011-02-22,766,768,756,761,2046000,761
2011-02-23,757,765,754,756,1590000,756
2011-02-24,759,764,751,752,2319000,752
2011-02-25,751,755,746,753,2120000,753
2011-02-28,748,750,737,749,4576000,749
2011-03-01,750,756,747,751,2668000,751
2011-03-02,747,750,740,741,2574000,741
2011-03-03,742,746,738,742,1352000,742
2011-03-04,753,754,744,751,2436000,751
2011-03-07,744,746,737,739,1993000,739
2011-03-08,740,746,738,739,1325000,739
2011-03-09,744,749,742,742,1355000,742
2011-03-10,741,748,733,737,1865000,737
2011-03-11,727,731,708,711,6924000,711
2011-03-14,678,691,662,665,3384000,665
2011-03-15,663,664,565,572,5423000,572
2011-03-16,592,607,573,594,5389000,594
2011-03-17,566,597,564,586,4814000,586
2011-03-18,596,617,595,605,4109000,605
2011-03-22,625,644,624,643,4239000,643
2011-03-23,643,645,627,631,2928000,631
2011-03-24,631,638,628,629,3122000,629
2011-03-25,633,635,625,630,2329000,630
2011-03-28,645,645,630,635,2727000,635
2011-03-29,624,633,620,629,2872000,629
2011-03-30,631,651,631,651,3305000,651
2011-03-31,658,658,644,656,2579000,656
2011-04-01,652,656,640,642,3564000,642
2011-04-04,643,646,635,635,2938000,635
2011-04-05,635,639,622,627,3303000,627
2011-04-06,632,632,621,624,2345000,624
2011-04-07,631,638,626,628,2119000,628
2011-04-08,629,647,621,642,4457000,642
2011-04-11,623,642,621,637,2068000,637
2011-04-12,630,636,627,634,2041000,634
2011-04-13,631,641,630,637,1464000,637
2011-04-14,641,645,635,643,1896000,643
2011-04-15,645,646,637,639,1476000,639
2011-04-18,641,654,637,651,3488000,651
2011-04-19,641,642,637,639,1480000,639
2011-04-20,647,652,643,650,2566000,650
2011-04-21,663,669,657,659,4120000,659
2011-04-22,660,660,650,651,2209000,651
2011-04-25,650,659,648,651,1311000,651
2011-04-26,636,637,628,632,3205000,632
2011-04-27,632,640,629,631,3379000,631
2011-04-28,629,634,626,634,4326000,634
2011-05-02,644,648,639,647,1817000,647
2011-05-06,643,657,641,652,2421000,652
2011-05-09,654,659,647,649,1371000,649
2011-05-10,652,671,644,669,3137000,669
2011-05-11,669,669,647,647,3379000,647
2011-05-12,642,642,628,629,3637000,629
2011-05-13,633,633,611,620,3101000,620
2011-05-16,620,626,612,614,2211000,614
2011-05-17,614,616,610,611,1477000,611
2011-05-18,615,623,615,621,1808000,621
2011-05-19,622,625,612,614,1736000,614
2011-05-20,618,629,616,617,2144000,617
2011-05-23,615,615,605,607,1484000,607
2011-05-24,607,612,607,609,1439000,609
2011-05-25,606,609,602,604,1313000,604
2011-05-26,611,620,610,615,2307000,615
2011-05-27,610,615,607,607,946000,607
2011-05-30,605,611,604,608,1384000,608
2011-05-31,609,622,608,621,2325000,621
2011-06-01,620,622,615,617,1688000,617
2011-06-02,614,614,606,608,2675000,608
2011-06-03,603,606,597,598,2058000,598
2011-06-06,598,602,590,590,1642000,590
2011-06-07,589,595,585,591,1795000,591
2011-06-08,593,599,592,596,1309000,596
2011-06-09,590,593,586,591,1559000,591
2011-06-10,599,609,595,596,5251000,596
2011-06-13,594,602,590,599,2187000,599
2011-06-14,599,615,598,611,1630000,611
2011-06-15,614,618,607,611,1943000,611
2011-06-16,603,605,595,596,1442000,596
2011-06-17,603,606,590,593,2682000,593
2011-06-20,595,598,592,594,1516000,594
2011-06-21,604,604,597,601,1587000,601
2011-06-22,602,611,601,608,1925000,608
2011-06-23,602,610,598,603,1787000,603
2011-06-24,605,609,600,604,1456000,604
2011-06-27,601,607,598,600,1192000,600
2011-06-28,607,614,604,607,1562000,607
2011-06-29,617,620,613,616,1754000,616
2011-06-30,621,624,615,622,2645000,622
2011-07-01,624,626,619,620,1110000,620
2011-07-04,628,629,619,623,2236000,623
2011-07-05,626,628,623,626,1347000,626
2011-07-06,629,638,626,638,2540000,638
2011-07-07,634,642,631,639,1803000,639
2011-07-08,649,649,642,643,1938000,643
2011-07-11,643,644,639,642,1026000,642
2011-07-12,634,636,627,632,2523000,632
2011-07-13,629,643,629,642,1933000,642
2011-07-14,643,643,631,634,2455000,634
2011-07-15,635,639,631,637,1322000,637
2011-07-19,631,634,628,628,1503000,628
2011-07-20,635,637,627,630,1210000,630
2011-07-21,633,633,628,629,1255000,629
2011-07-22,638,642,635,638,1440000,638
2011-07-25,638,638,633,635,1433000,635
2011-07-26,635,639,632,635,1815000,635
2011-07-27,631,632,625,630,1106000,630
2011-07-28,620,624,616,621,1913000,621
2011-07-29,616,622,609,610,2524000,610
2011-08-01,615,625,613,619,1766000,619
2011-08-02,611,614,610,614,1374000,614
2011-08-03,603,606,598,601,2301000,601
2011-08-04,609,612,604,605,2506000,605
2011-08-05,590,591,581,586,2995000,586
2011-08-08,576,577,565,568,3046000,568
2011-08-09,555,567,544,567,4760000,567
2011-08-10,579,579,568,576,3352000,576
2011-08-11,561,573,561,569,3169000,569
2011-08-12,576,577,563,574,5625000,574
2011-08-15,584,584,571,573,2999000,573
2011-08-16,574,575,569,573,2534000,573
2011-08-17,567,572,564,570,2219000,570
2011-08-18,565,566,557,558,3861000,558
2011-08-19,548,553,546,547,3382000,547
2011-08-22,543,549,542,546,3393000,546
2011-08-23,550,554,547,552,3192000,552
2011-08-24,553,559,549,552,3385000,552
2011-08-25,560,566,556,561,3425000,561
2011-08-26,561,561,555,558,2925000,558
2011-08-29,554,566,553,561,3317000,561
2011-08-30,564,572,561,568,3314000,568
2011-08-31,569,571,562,568,2365000,568
2011-09-01,570,576,567,573,1724000,573
2011-09-02,572,575,568,573,1802000,573
2011-09-05,569,569,563,565,2181000,565
2011-09-06,560,563,554,554,3378000,554
2011-09-07,555,559,546,546,5111000,546
2011-09-08,557,567,556,562,3228000,562
2011-09-09,558,564,558,560,4315000,560
2011-09-12,543,547,538,539,2910000,539
2011-09-13,545,553,544,551,2457000,551
2011-09-14,552,556,550,554,2635000,554
2011-09-15,568,568,560,564,2050000,564
2011-09-16,568,571,549,549,4900000,549
2011-09-20,552,552,547,551,2271000,551
2011-09-21,556,562,553,558,2078000,558
2011-09-22,548,558,548,555,1590000,555
2011-09-26,553,554,533,536,4128000,536
2011-09-27,541,551,538,551,2643000,551
2011-09-28,552,561,547,554,2549000,554
2011-09-29,550,559,549,559,3068000,559
2011-09-30,566,571,560,569,2565000,569
2011-10-03,558,565,552,563,1735000,563
2011-10-04,563,564,556,559,2851000,559
2011-10-05,558,559,550,556,2172000,556
2011-10-06,560,573,560,568,1929000,568
2011-10-07,573,582,571,578,1402000,578
2011-10-11,590,596,582,584,2744000,584
2011-10-12,581,589,580,584,1442000,584
2011-10-13,590,590,582,587,1044000,587
2011-10-14,586,590,580,587,2212000,587
2011-10-17,594,603,593,595,1137000,595
2011-10-18,592,596,590,594,919000,594
2011-10-19,601,608,596,600,2018000,600
2011-10-20,601,602,593,596,1828000,596
2011-10-21,602,608,599,603,1625000,603
2011-10-24,604,612,601,605,1611000,605
2011-10-25,601,601,579,584,2833000,584
2011-10-26,584,586,572,580,2168000,580
2011-10-27,585,595,577,592,2717000,592
2011-10-28,602,609,596,608,3490000,608
2011-10-31,614,627,614,616,3127000,616
2011-11-01,603,617,596,607,2167000,607
2011-11-02,600,603,587,592,1936000,592
2011-11-04,606,607,592,596,2182000,596
2011-11-07,594,594,573,573,3927000,573
2011-11-08,582,585,569,572,2384000,572
2011-11-09,568,584,568,583,1421000,583
2011-11-10,563,570,562,567,1990000,567
2011-11-11,568,568,560,562,1882000,562
2011-11-14,569,569,561,566,1576000,566
2011-11-15,560,563,554,562,1756000,562
2011-11-16,563,565,557,559,1551000,559
2011-11-17,559,564,554,561,1641000,561
2011-11-18,553,560,552,559,1710000,559
2011-11-21,557,563,555,562,1022000,562
2011-11-22,555,564,552,556,2103000,556
2011-11-24,543,549,537,541,1991000,541
2011-11-25,537,547,534,540,1592000,540
2011-11-28,545,552,542,545,850000,545
2011-11-29,557,565,552,560,3923000,560
2011-11-30,557,563,547,558,3826000,558
2011-12-01,571,580,563,565,3642000,565
2011-12-02,566,571,563,569,1399000,569
2011-12-05,575,586,572,579,1589000,579
2011-12-06,572,582,556,558,3494000,558
2011-12-07,563,576,560,576,1598000,576
2011-12-08,570,571,564,566,1391000,566
2011-12-09,556,564,555,557,5087000,557
2011-12-12,569,581,569,578,1891000,578
2011-12-13,570,579,567,576,1575000,576
2011-12-14,572,579,571,578,1888000,578
2011-12-15,571,572,563,569,2698000,569
2011-12-16,574,575,560,564,2424000,564
2011-12-19,559,560,552,553,1301000,553
2011-12-20,554,560,552,559,1004000,559
2011-12-21,561,564,559,562,1355000,562
2011-12-22,561,569,559,565,1696000,565
2011-12-26,577,577,570,571,882000,571
2011-12-27,565,566,560,564,883000,564
2011-12-28,566,569,555,559,1303000,559
2011-12-29,559,564,557,563,1634000,563
2011-12-30,564,566,560,566,992000,566
2012-01-04,576,580,573,575,1185000,575
2012-01-05,575,577,569,571,1129000,571
2012-01-06,572,573,563,566,1452000,566
2012-01-10,570,576,564,566,1430000,566
2012-01-11,568,573,564,568,1000000,568
2012-01-12,568,570,563,566,872000,566
2012-01-13,574,578,571,574,2102000,574
2012-01-16,570,570,563,566,981000,566
2012-01-17,567,571,565,568,942000,568
2012-01-18,568,588,565,582,1881000,582
2012-01-19,583,598,583,597,2471000,597
2012-01-20,606,610,603,605,1935000,605
2012-01-23,601,605,596,602,1016000,602
2012-01-24,605,606,599,602,1107000,602
2012-01-25,603,608,601,605,1341000,605
2012-01-26,605,608,602,607,961000,607
2012-01-27,599,614,599,611,2125000,611
2012-01-30,607,608,592,593,2839000,593
2012-01-31,596,612,595,610,2453000,610
2012-02-01,609,614,602,602,1837000,602
2012-02-02,602,602,579,588,3975000,588
2012-02-03,591,596,589,591,1578000,591
2012-02-06,597,602,594,595,1710000,595
2012-02-07,590,600,587,595,2649000,595
2012-02-08,594,628,587,620,7798000,620
2012-02-09,610,614,609,612,2836000,612
2012-02-10,617,619,614,614,2301000,614
2012-02-13,608,609,602,606,2701000,606
2012-02-14,606,620,606,618,2371000,618
2012-02-15,626,630,619,626,2522000,626
2012-02-16,627,631,623,626,2215000,626
2012-02-17,634,640,630,638,2224000,638
2012-02-20,648,648,640,643,1442000,643
2012-02-21,635,646,634,637,2430000,637
2012-02-22,641,650,638,647,2581000,647
2012-02-23,648,650,643,648,2000000,648
2012-02-24,646,652,640,644,2823000,644
2012-02-27,644,647,637,638,2883000,638
2012-02-28,638,641,625,639,5134000,639
2012-02-29,641,649,637,639,5381000,639
2012-03-01,648,648,625,629,4599000,629
2012-03-02,635,637,626,629,3673000,629
2012-03-05,624,632,621,625,2336000,625
2012-03-06,628,633,624,627,2453000,627
2012-03-07,618,625,616,619,2342000,619
2012-03-08,625,626,614,616,3004000,616
2012-03-09,625,635,619,627,5915000,627
2012-03-12,630,630,621,622,2414000,622
2012-03-13,623,629,617,619,2624000,619
2012-03-14,629,630,624,624,2289000,624
2012-03-15,627,629,622,623,2674000,623
2012-03-16,620,623,618,622,2198000,622
2012-03-19,622,627,621,623,1073000,623
2012-03-21,619,624,618,620,2708000,620
2012-03-22,620,626,618,625,2458000,625
2012-03-23,621,627,620,625,2153000,625
2012-03-26,620,621,611,612,2391000,612
2012-03-27,622,629,615,622,3135000,622
2012-03-28,642,671,637,662,12122000,662
2012-03-29,661,665,651,655,3858000,655
2012-03-30,651,653,643,646,3762000,646
2012-04-02,646,646,632,633,2610000,633
2012-04-03,630,634,628,633,1628000,633
2012-04-04,630,632,609,610,2803000,610
2012-04-05,602,611,601,606,2569000,606
2012-04-06,602,605,594,597,2240000,597
2012-04-09,590,593,586,587,2114000,587
2012-04-10,585,586,571,576,4779000,576
2012-04-11,573,573,565,568,3688000,568
2012-04-12,569,572,565,568,2823000,568
2012-04-13,569,572,557,562,6330000,562
2012-04-16,557,567,555,563,2262000,563
2012-04-17,558,565,555,562,1907000,562
2012-04-18,559,566,558,564,2218000,564
2012-04-19,558,560,551,554,3029000,554
2012-04-20,551,557,545,548,2753000,548
2012-04-23,549,552,543,547,2276000,547
2012-04-24,543,552,543,549,2847000,549
2012-04-25,552,553,542,547,3255000,547
2012-04-26,547,550,542,544,3085000,544
2012-04-27,547,553,537,543,3238000,543
2012-05-01,540,540,523,524,3563000,524
2012-05-02,529,531,523,524,2345000,524
2012-05-07,511,513,503,505,3603000,505
2012-05-08,507,512,504,510,2390000,510
2012-05-09,501,511,496,508,4407000,508
2012-05-10,503,509,499,500,2751000,500
2012-05-11,500,502,493,495,3098000,495
2012-05-14,497,501,493,496,1958000,496
2012-05-15,496,497,487,491,3148000,491
2012-05-16,487,491,481,485,3399000,485
2012-05-17,482,497,480,494,3651000,494
2012-05-18,485,486,478,482,3248000,482
2012-05-21,484,487,480,486,2456000,486
2012-05-22,488,496,488,490,3065000,490
2012-05-23,487,487,480,482,3138000,482
2012-05-24,480,487,474,482,3388000,482
2012-05-25,492,497,487,491,4208000,491
2012-05-28,494,494,480,483,3675000,483
2012-05-29,481,492,478,492,3376000,492
2012-05-30,489,489,480,486,3898000,486
2012-05-31,477,479,471,478,5858000,478
2012-06-01,475,477,466,467,3762000,467
2012-06-04,456,463,455,463,1892000,463
2012-06-05,464,475,462,473,2732000,473
2012-06-06,478,484,474,483,2926000,483
2012-06-07,487,490,482,487,2062000,487
2012-06-08,487,487,471,474,4341000,474
2012-06-11,482,492,481,489,2462000,489
2012-06-12,481,483,474,479,2176000,479
2012-06-13,481,487,477,483,2340000,483
2012-06-14,483,483,475,478,3002000,478
2012-06-15,479,481,467,468,4869000,468
2012-06-18,476,488,476,481,2867000,481
2012-06-19,482,486,477,478,1965000,478
2012-06-20,485,500,485,497,3879000,497
2012-06-21,498,509,496,507,3692000,507
2012-06-22,503,513,500,511,2589000,511
2012-06-25,513,513,501,501,1525000,501
2012-06-26,495,506,493,499,2374000,499
2012-06-27,501,516,501,515,2940000,515
2012-06-28,518,522,516,521,2202000,521
2012-06-29,519,534,516,530,2905000,530
2012-07-02,533,534,524,529,2584000,529
2012-07-03,530,533,527,531,2666000,531
2012-07-04,534,535,526,530,1693000,530
2012-07-05,528,536,528,534,1993000,534
2012-07-06,535,540,531,536,2171000,536
2012-07-09,528,536,528,535,1513000,535
2012-07-10,538,542,530,531,3755000,531
2012-07-11,528,531,522,526,2216000,526
2012-07-12,518,523,513,513,3800000,513
2012-07-13,519,521,514,515,3335000,515
2012-07-17,515,521,512,515,2796000,515
2012-07-18,516,519,506,508,2473000,508
2012-07-19,509,517,500,501,2776000,501
2012-07-20,502,508,500,501,2517000,501
2012-07-23,493,497,488,489,2389000,489
2012-07-24,488,492,485,487,2501000,487
2012-07-25,479,479,465,469,3035000,469
2012-07-26,472,477,468,476,1912000,476
2012-07-27,481,487,478,482,1683000,482
2012-07-30,484,489,481,489,1741000,489
2012-07-31,490,492,487,488,2077000,488
2012-08-01,481,483,478,481,2037000,481
2012-08-02,479,488,475,476,2807000,476
2012-08-03,468,468,448,450,4837000,450
2012-08-06,456,459,452,454,3151000,454
2012-08-07,454,466,454,464,1579000,464
2012-08-08,482,484,462,463,4231000,463
2012-08-09,461,470,460,468,3077000,468
2012-08-10,464,470,462,466,2040000,466
2012-08-13,466,469,465,467,1195000,467
2012-08-14,469,478,467,476,2910000,476
2012-08-15,481,483,471,474,1790000,474
2012-08-16,474,477,471,476,1633000,476
2012-08-17,481,490,476,485,2975000,485
2012-08-20,487,490,485,489,1499000,489
2012-08-21,489,489,483,484,2123000,484
2012-08-22,483,484,474,479,1205000,479
2012-08-23,475,480,472,478,2648000,478
2012-08-24,470,478,470,476,1173000,476
2012-08-27,482,483,475,477,1225000,477
2012-08-28,483,483,463,466,2794000,466
2012-08-29,466,472,466,469,907000,469
2012-08-30,468,469,462,464,1157000,464
2012-08-31,461,464,458,458,1926000,458
2012-09-03,458,461,451,452,1656000,452
2012-09-04,451,458,448,452,2401000,452
2012-09-05,451,451,443,444,1361000,444
2012-09-06,443,448,442,446,2735000,446
2012-09-07,458,464,458,461,2110000,461
2012-09-10,461,468,459,464,1153000,464
2012-09-11,462,466,461,464,1523000,464
2012-09-12,461,468,457,461,2883000,461
2012-09-13,460,463,458,459,1926000,459
2012-09-14,463,469,462,466,3354000,466
2012-09-18,471,475,467,471,1801000,471
2012-09-19,477,481,470,478,2177000,478
2012-09-20,475,479,468,471,2014000,471
2012-09-21,473,478,470,475,1784000,475
2012-09-24,475,479,470,474,1432000,474
2012-09-25,470,479,470,479,1413000,479
2012-09-26,465,467,460,462,1413000,462
2012-09-27,460,463,457,462,1390000,462
2012-09-28,465,466,443,453,4002000,453
2012-10-01,447,449,445,447,1870000,447
2012-10-02,447,448,442,444,2430000,444
2012-10-03,444,446,437,444,2796000,444
2012-10-04,444,445,433,443,1779000,443
2012-10-05,445,451,445,448,1516000,448
2012-10-09,449,449,429,431,2962000,431
2012-10-10,423,423,408,411,3199000,411
2012-10-11,408,416,404,412,2581000,412
2012-10-12,420,422,415,420,3453000,420
2012-10-15,421,421,415,420,2336000,420
2012-10-16,420,428,418,427,1741000,427
2012-10-17,433,441,428,436,2583000,436
2012-10-18,441,448,435,447,2765000,447
2012-10-19,443,450,441,443,2249000,443
2012-10-22,435,450,433,448,2033000,448
2012-10-23,453,455,445,452,2335000,452
2012-10-24,444,452,443,445,1373000,445
2012-10-25,445,456,444,455,2004000,455
2012-10-26,454,463,450,451,2813000,451
2012-10-29,454,459,453,458,2678000,458
2012-10-30,457,466,455,462,5895000,462
2012-10-31,465,468,459,461,2715000,461
2012-11-01,465,465,457,463,1405000,463
2012-11-02,465,467,460,464,1462000,464
2012-11-05,463,468,463,466,1489000,466
2012-11-06,463,463,458,461,1307000,461
2012-11-07,466,474,464,469,1964000,469
2012-11-08,465,468,463,466,1636000,466
2012-11-09,458,462,454,460,2356000,460
2012-11-12,456,458,452,454,1937000,454
2012-11-13,454,454,443,450,2405000,450
2012-11-14,449,453,445,451,1514000,451
2012-11-15,452,463,449,463,2193000,463
2012-11-16,462,473,461,471,2412000,471
2012-11-19,482,486,474,478,2011000,478
2012-11-20,482,491,481,489,2424000,489
2012-11-21,492,494,485,490,1619000,490
2012-11-22,496,508,495,508,1944000,508
2012-11-26,517,517,507,509,2144000,509
2012-11-27,511,514,507,510,1725000,510
2012-11-28,505,507,494,494,1917000,494
2012-11-29,497,510,496,508,1625000,508
2012-11-30,513,515,508,510,1934000,510
2012-12-03,510,511,502,503,1669000,503
2012-12-04,503,505,496,497,2022000,497
2012-12-05,494,496,490,495,3233000,495
2012-12-06,501,514,501,511,2409000,511
2012-12-07,511,519,509,517,2295000,517
2012-12-10,519,520,511,515,2485000,515
2012-12-11,512,515,511,512,1488000,512
2012-12-12,514,520,513,517,1856000,517
2012-12-13,521,531,520,524,3315000,524
2012-12-14,520,520,511,512,6076000,512
2012-12-17,515,516,509,515,3034000,515
2012-12-18,513,520,512,514,2381000,514
2012-12-19,520,522,514,520,3048000,520
2012-12-20,516,524,511,514,5206000,514
2012-12-21,518,524,508,511,4185000,511
2012-12-25,516,517,506,508,1657000,508
2012-12-26,511,515,508,514,2175000,514
2012-12-27,517,529,517,520,2778000,520
2012-12-28,524,537,524,532,3387000,532
2013-01-04,551,553,541,544,3058000,544
2013-01-07,548,549,536,537,2131000,537
2013-01-08,533,542,531,538,3041000,538
2013-01-09,530,541,529,539,2655000,539
2013-01-10,540,542,535,540,2219000,540
2013-01-11,550,563,549,561,3954000,561
2013-01-15,565,571,559,561,4970000,561
2013-01-16,561,562,549,551,2837000,551
2013-01-17,552,553,542,547,3334000,547
2013-01-18,556,558,553,558,2361000,558
2013-01-21,559,561,551,552,1885000,552
2013-01-22,553,557,543,551,2904000,551
2013-01-23,546,553,544,545,2497000,545
2013-01-24,542,557,539,557,2554000,557
2013-01-25,562,572,562,571,2586000,571
2013-01-28,574,577,563,564,2699000,564
2013-01-29,560,567,559,561,2137000,561
2013-01-30,559,566,552,565,5168000,565
2013-01-31,563,573,560,567,3676000,567
2013-02-01,575,576,568,570,1514000,570
2013-02-04,568,574,566,572,1473000,572
2013-02-05,562,569,561,563,1499000,563
2013-02-06,577,593,577,590,2659000,590
2013-02-07,590,596,586,590,3016000,590
2013-02-08,576,588,572,582,2711000,582
2013-02-12,591,593,586,586,2432000,586
2013-02-13,585,592,578,584,2179000,584
2013-02-14,588,591,582,589,3139000,589
2013-02-15,590,596,582,591,2737000,591
2013-02-18,595,604,594,599,1958000,599
2013-02-19,595,603,591,594,1410000,594
2013-02-20,604,610,601,609,1930000,609
2013-02-21,606,619,603,609,2560000,609
2013-02-22,608,612,601,608,1951000,608
2013-02-25,623,623,617,621,1770000,621
2013-02-26,609,619,608,612,1702000,612
2013-02-27,612,613,604,608,1976000,608
2013-02-28,618,624,613,624,3508000,624
2013-03-01,615,634,611,632,1824000,632
2013-03-04,633,643,617,624,4185000,624
2013-03-05,624,628,621,624,1676000,624
2013-03-06,625,629,622,628,1364000,628
2013-03-07,634,641,633,637,2552000,637
2013-03-08,645,648,641,644,6234000,644
2013-03-11,648,663,643,662,2461000,662
2013-03-12,668,670,664,665,2527000,665
2013-03-13,664,674,664,671,3127000,671
2013-03-14,670,673,666,671,2100000,671
2013-03-15,677,684,675,684,2581000,684
2013-03-18,674,677,665,667,2006000,667
2013-03-19,677,688,675,687,2032000,687
2013-03-21,690,699,684,689,2166000,689
2013-03-22,680,684,677,682,2719000,682
2013-03-25,688,690,682,686,1656000,686
2013-03-26,685,697,680,696,2387000,696
2013-03-27,683,689,676,681,2067000,681
2013-03-28,680,685,672,676,2725000,676
2013-03-29,676,678,666,676,2109000,676
2013-04-01,669,670,651,651,1975000,651
2013-04-02,648,652,630,645,2306000,645
2013-04-03,648,649,629,634,2697000,634
2013-04-04,626,658,622,658,3120000,658
2013-04-05,683,690,663,667,3155000,667
2013-04-08,694,699,684,697,2530000,697
2013-04-09,700,707,692,705,2455000,705
2013-04-10,700,712,700,708,2710000,708
2013-04-11,712,722,704,709,3123000,709
2013-04-12,714,714,694,697,3619000,697
2013-04-15,693,703,688,695,2702000,695
2013-04-16,685,690,678,688,2140000,688
2013-04-17,690,710,688,710,2328000,710
2013-04-18,706,707,698,702,1928000,702
2013-04-19,705,708,690,704,1274000,704
2013-04-22,719,724,710,711,1648000,711
2013-04-23,700,709,700,702,1934000,702
2013-04-24,713,720,710,719,1267000,719
2013-04-25,717,733,717,732,1845000,732
2013-04-26,733,737,724,730,1938000,730
2013-04-30,731,744,723,742,2282000,742
2013-05-01,741,747,728,742,1888000,742
2013-05-02,737,740,725,732,1353000,732
2013-05-07,747,758,747,755,1604000,755
2013-05-08,756,760,747,754,2023000,754
2013-05-09,740,755,723,727,3201000,727
2013-05-10,741,747,735,743,3860000,743
2013-05-13,749,752,741,744,2468000,744
2013-05-14,745,752,742,744,1849000,744
2013-05-15,751,754,743,746,2116000,746
2013-05-16,749,756,743,751,2083000,751
2013-05-17,754,769,747,764,2877000,764
2013-05-20,770,781,768,774,2305000,774
2013-05-21,784,788,774,780,1706000,780
2013-05-22,787,800,785,788,2534000,788
2013-05-23,794,808,738,738,4254000,738
2013-05-24,740,759,713,736,3226000,736
2013-05-27,715,720,704,710,1877000,710
2013-05-28,694,712,693,700,2328000,700
2013-05-29,711,717,697,703,2441000,703
2013-05-30,688,696,668,674,2886000,674
2013-05-31,686,688,668,669,2913000,669
2013-06-03,668,668,652,653,2815000,653
2013-06-04,650,663,637,662,2214000,662
2013-06-05,662,678,645,646,2267000,646
2013-06-06,641,650,631,632,1689000,632
2013-06-07,619,636,610,624,2455000,624
2013-06-10,641,658,638,658,2048000,658
2013-06-11,664,667,640,642,2734000,642
2013-06-12,631,649,630,645,1613000,645
2013-06-13,627,633,603,608,2602000,608
2013-06-14,621,633,616,617,4333000,617
2013-06-17,617,640,616,639,2100000,639
2013-06-18,639,647,635,643,1798000,643
2013-06-19,657,666,645,651,1641000,651
2013-06-20,641,651,638,639,1585000,639
2013-06-21,629,653,617,650,1790000,650
2013-06-24,660,663,651,657,2097000,657
2013-06-25,658,663,642,654,2541000,654
2013-06-26,665,667,652,658,2441000,658
2013-06-27,663,667,651,667,2493000,667
2013-06-28,670,693,669,689,2489000,689
2013-07-01,691,695,682,695,1001000,695
2013-07-02,697,700,691,700,1648000,700
2013-07-03,704,709,700,703,1300000,703
2013-07-04,692,701,687,695,1121000,695
2013-07-05,701,715,701,713,1669000,713
2013-07-08,713,717,698,698,1242000,698
2013-07-09,704,712,701,710,1291000,710
2013-07-10,709,715,703,710,1475000,710
2013-07-11,705,713,700,711,1684000,711
2013-07-12,708,722,706,719,2805000,719
2013-07-16,720,722,711,719,2020000,719
2013-07-17,712,724,709,723,1148000,723
2013-07-18,728,744,728,744,2201000,744
2013-07-19,744,745,717,723,2349000,723
2013-07-22,730,733,720,731,1176000,731
2013-07-23,725,738,725,737,1456000,737
2013-07-24,731,736,723,728,972000,728
2013-07-25,722,723,701,704,1702000,704
2013-07-26,690,700,685,686,1834000,686
2013-07-29,678,682,663,664,1758000,664
2013-07-30,660,677,658,675,1674000,675
2013-07-31,675,675,659,666,1626000,666
2013-08-01,666,682,662,682,1414000,682
2013-08-02,686,697,674,697,2067000,697
2013-08-05,692,693,683,688,1066000,688
2013-08-06,683,699,677,699,1206000,699
2013-08-07,693,693,674,674,1613000,674
2013-08-08,674,685,664,665,1136000,665
2013-08-09,666,689,665,677,2818000,677
2013-08-12,675,686,670,684,1688000,684
2013-08-13,689,699,687,699,1295000,699
2013-08-14,701,721,700,719,1788000,719
2013-08-15,720,720,707,712,2076000,712
2013-08-16,700,706,691,702,1179000,702
2013-08-19,700,709,695,707,836000,707
2013-08-20,698,709,691,693,1834000,693
2013-08-21,692,693,683,692,1208000,692
2013-08-22,686,700,676,696,1302000,696
2013-08-23,712,720,704,716,2214000,716
2013-08-26,718,727,718,722,1640000,722
2013-08-27,716,725,711,720,1349000,720
2013-08-28,700,717,700,713,2940000,713
2013-08-29,715,720,711,718,2347000,718
2013-08-30,722,727,716,723,2342000,723
2013-09-02,722,735,716,730,2635000,730
2013-09-03,735,746,732,745,2766000,745
2013-09-04,731,753,730,753,1924000,753
2013-09-05,755,762,746,756,2687000,756
2013-09-06,762,768,748,755,2105000,755
2013-09-09,780,780,767,772,2331000,772
2013-09-10,779,794,775,791,2773000,791
2013-09-11,798,805,781,784,2065000,784
2013-09-12,785,793,783,787,1323000,787
2013-09-13,775,787,771,780,3227000,780
2013-09-17,777,794,775,778,1278000,778
2013-09-18,782,789,775,780,1587000,780
2013-09-19,787,795,783,795,2187000,795
2013-09-20,795,798,787,794,1858000,794
2013-09-24,782,794,779,789,2063000,789
2013-09-25,785,787,778,780,1593000,780
2013-09-26,773,798,763,798,2500000,798
2013-09-27,799,807,790,802,2386000,802
2013-09-30,792,796,781,791,1861000,791
2013-10-01,792,795,784,786,1434000,786
2013-10-02,786,789,756,760,1954000,760
2013-10-03,758,763,754,754,1466000,754
2013-10-04,751,766,749,758,2409000,758
2013-10-07,756,757,740,740,1293000,740
2013-10-08,737,745,735,742,1034000,742
2013-10-09,738,746,731,745,1052000,745
2013-10-10,745,764,743,762,1297000,762
2013-10-11,777,792,773,791,2701000,791
2013-10-15,799,799,788,792,1373000,792
2013-10-16,791,791,781,789,1190000,789
2013-10-17,798,804,794,798,1356000,798
2013-10-18,802,813,794,804,1739000,804
2013-10-21,805,816,804,816,1610000,816
2013-10-22,817,818,810,814,833000,814
2013-10-23,817,817,792,793,1393000,793
2013-10-24,790,796,777,794,1811000,794
2013-10-25,793,795,766,769,1655000,769
2013-10-28,777,788,774,788,1091000,788
2013-10-29,779,786,776,781,809000,781
2013-10-30,790,794,784,790,1359000,790
2013-10-31,790,793,771,774,2385000,774
2013-11-01,776,777,754,757,1589000,757
2013-11-05,764,772,759,768,1450000,768
2013-11-06,768,787,766,781,1049000,781
2013-11-07,772,780,761,765,1351000,765
2013-11-08,750,760,746,752,1313000,752
2013-11-11,767,767,747,751,1108000,751
2013-11-12,755,777,755,777,1829000,777
2013-11-13,776,786,771,778,1514000,778
2013-11-14,778,796,776,790,1764000,790
2013-11-15,800,808,795,803,2099000,803
2013-11-18,807,810,800,809,1498000,809
2013-11-19,798,805,796,804,1392000,804
2013-11-20,804,807,796,800,1122000,800
2013-11-21,810,816,804,816,2127000,816
2013-11-22,818,818,807,814,1735000,814
2013-11-25,819,820,809,816,1739000,816
2013-11-26,804,810,798,807,1830000,807
2013-11-27,803,815,803,812,1465000,812
2013-11-28,818,828,817,828,2439000,828
2013-11-29,830,833,818,828,2254000,828
2013-12-02,825,827,816,819,1239000,819
2013-12-03,828,848,825,842,3073000,842
2013-12-04,800,800,783,786,7444000,786
2013-12-05,792,796,772,772,4461000,772
2013-12-06,768,773,761,771,2467000,771
2013-12-09,787,790,781,787,1700000,787
2013-12-10,791,798,788,796,2685000,796
2013-12-11,791,798,786,794,1557000,794
2013-12-12,787,795,784,795,1868000,795
2013-12-13,796,803,785,790,5083000,790
2013-12-16,795,795,776,777,1669000,777
2013-12-17,787,795,782,795,1928000,795
2013-12-18,793,808,791,807,2210000,807
2013-12-19,812,815,809,815,1761000,815
2013-12-20,812,820,812,820,2231000,820
2013-12-24,821,829,821,823,1983000,823
2013-12-25,814,823,814,821,1417000,821
2013-12-26,821,830,819,824,1233000,824
2013-12-27,828,832,821,830,1317000,830
2013-12-30,836,843,834,841,1611000,841
2014-01-06,829,834,818,824,2103000,824
2014-01-07,820,824,811,814,2212000,814
2014-01-08,817,828,813,826,1938000,826
2014-01-09,818,819,810,819,1490000,819
2014-01-10,809,824,803,823,3060000,823
2014-01-14,815,816,793,796,2701000,796
2014-01-15,811,824,806,824,1991000,824
2014-01-16,824,832,815,818,2015000,818
2014-01-17,811,819,807,815,1184000,815
2014-01-20,815,815,804,806,1022000,806
2014-01-21,812,817,808,809,1260000,809
2014-01-22,809,816,800,814,1609000,814
2014-01-23,823,831,808,809,1815000,809
2014-01-24,795,806,786,791,2171000,791
2014-01-27,776,781,765,765,2216000,765
2014-01-28,763,767,755,756,1769000,756
2014-01-29,765,777,763,774,1527000,774
2014-01-30,760,769,755,764,2545000,764
2014-01-31,767,768,749,756,2219000,756
2014-02-03,745,754,742,743,1233000,743
2014-02-04,728,731,710,710,2128000,710
2014-02-05,722,730,715,723,2420000,723
2014-02-06,718,726,714,715,1292000,715
2014-02-07,721,732,721,732,1371000,732
2014-02-10,762,762,742,752,1260000,752
2014-02-12,756,758,747,750,1902000,750
2014-02-13,745,749,733,735,1764000,735
2014-02-14,730,739,716,720,3925000,720
2014-02-17,720,736,716,735,1449000,735
2014-02-18,741,762,740,758,1740000,758
2014-02-19,758,765,752,757,1985000,757
2014-02-20,750,750,725,731,2263000,731
2014-02-21,741,756,739,755,2245000,755
2014-02-24,745,758,739,749,1584000,749
2014-02-25,760,767,757,764,1205000,764
2014-02-26,753,774,752,765,1718000,765
2014-02-27,763,768,755,760,2076000,760
2014-02-28,762,762,746,755,1979000,755
2014-03-03,746,749,734,747,1633000,747
2014-03-04,735,751,733,749,1156000,749
2014-03-05,754,762,750,754,1204000,754
2014-03-06,764,772,758,770,1429000,770
2014-03-07,773,776,762,768,2021000,768
2014-03-10,764,769,751,759,1805000,759
2014-03-11,764,765,758,765,1161000,765
2014-03-12,752,753,741,742,1826000,742
2014-03-13,745,749,739,741,1125000,741
2014-03-14,724,728,714,717,4178000,717
2014-03-17,712,716,704,708,1642000,708
2014-03-18,717,720,703,705,2032000,705
2014-03-19,712,713,694,703,2024000,703
2014-03-20,707,707,690,690,2260000,690
2014-03-24,697,721,695,713,3347000,713
2014-03-25,714,732,713,724,3133000,724
2014-03-26,734,739,719,724,2986000,724
2014-03-27,721,733,713,731,3064000,731
2014-03-28,721,735,717,733,1927000,733
2014-03-31,748,748,727,739,2394000,739
2014-04-01,742,742,727,731,1837000,731
2014-04-02,734,743,732,735,1788000,735
2014-04-03,740,746,733,740,1879000,740
2014-04-04,735,739,733,737,1116000,737
2014-04-07,722,729,719,721,1498000,721
2014-04-08,721,721,710,710,1809000,710
2014-04-09,702,704,694,701,2826000,701
2014-04-10,707,711,691,693,2011000,693
2014-04-11,683,694,682,688,2826000,688
2014-04-14,688,692,683,683,1658000,683
2014-04-15,693,693,685,688,1186000,688
2014-04-16,695,706,695,706,1536000,706
2014-04-17,702,713,702,709,1218000,709
2014-04-18,716,716,707,711,720000,711
2014-04-21,712,716,711,713,1088000,713
2014-04-22,718,722,710,710,1311000,710
2014-04-23,714,719,711,715,1089000,715
2014-04-24,713,716,704,707,840000,707
2014-04-25,704,716,703,710,1095000,710
2014-04-28,702,706,697,704,797000,704
2014-04-30,715,715,702,703,1690000,703
2014-05-01,705,719,704,717,1181000,717
2014-05-02,719,719,706,707,947000,707
2014-05-07,697,699,683,691,2890000,691
2014-05-08,691,702,691,697,1137000,697
2014-05-09,719,725,712,724,1847000,724
2014-05-12,718,720,713,716,1780000,716
2014-05-13,729,735,725,730,1679000,730
2014-05-14,737,746,732,739,2099000,739
2014-05-15,740,740,727,736,2596000,736
2014-05-16,723,723,715,721,1323000,721
2014-05-19,725,725,716,721,1434000,721
2014-05-20,727,732,718,730,1544000,730
2014-05-21,724,729,722,727,1075000,727
2014-05-22,733,736,722,735,1542000,735
2014-05-23,736,747,736,743,1295000,743
2014-05-26,748,750,743,748,1160000,748
2014-05-27,748,759,745,746,1287000,746
2014-05-28,744,749,743,746,1227000,746
2014-05-29,737,740,732,739,1218000,739
2014-05-30,740,758,739,754,2247000,754
2014-06-02,761,771,760,770,2090000,770
2014-06-03,778,778,768,771,1528000,771
2014-06-04,771,772,762,767,1399000,767
2014-06-05,773,774,765,770,1085000,770
2014-06-06,770,776,767,773,1603000,773
2014-06-09,780,784,778,780,1287000,780
2014-06-10,777,783,772,773,1074000,773
2014-06-11,771,779,771,776,1118000,776
2014-06-12,770,772,764,769,1031000,769
2014-06-13,758,773,757,771,2678000,771
2014-06-16,766,768,760,763,1432000,763
2014-06-17,768,776,765,766,1371000,766
2014-06-18,768,788,768,786,1688000,786
2014-06-19,787,800,784,798,1552000,798
2014-06-20,797,799,791,794,1595000,794
2014-06-23,800,800,790,793,936000,793
2014-06-24,787,797,785,795,1002000,795
2014-06-25,789,794,788,789,644000,789
2014-06-26,790,791,786,789,672000,789
2014-06-27,787,788,771,775,1202000,775
2014-06-30,778,784,769,784,1248000,784
2014-07-01,780,796,780,793,1402000,793
2014-07-02,793,798,790,792,1067000,792
2014-07-03,795,796,786,788,927000,788
2014-07-04,798,798,784,788,972000,788
2014-07-07,789,794,787,788,966000,788
2014-07-08,788,790,778,789,978000,789
2014-07-09,785,791,784,791,1004000,791
2014-07-10,789,789,780,783,1263000,783
2014-07-11,780,787,778,786,1769000,786
2014-07-14,785,789,779,789,1300000,789
2014-07-15,796,804,795,800,2028000,800
2014-07-16,794,800,792,795,1125000,795
2014-07-17,799,802,792,794,1351000,794
2014-07-18,783,786,776,783,1111000,783
2014-07-22,789,794,787,790,787000,790
2014-07-23,789,791,785,788,688000,788
2014-07-24,788,790,781,784,725000,784
2014-07-25,792,798,790,798,1165000,798
2014-07-28,797,802,796,799,584000,799
2014-07-29,803,803,796,801,805000,801
2014-07-30,798,802,794,802,1233000,802
2014-07-31,802,802,790,793,1623000,793
2014-08-01,781,782,778,779,1843000,779
2014-08-04,779,783,773,780,1146000,780
2014-08-05,783,784,772,773,1292000,773
2014-08-06,759,770,756,757,1260000,757
2014-08-07,750,758,746,757,1369000,757
2014-08-08,752,761,744,746,2074000,746
2014-08-11,761,767,755,766,1129000,766
2014-08-12,768,771,762,765,908000,765
2014-08-13,760,768,760,766,835000,766
2014-08-14,772,779,771,778,887000,778
2014-08-15,775,775,768,772,880000,772
2014-08-18,771,772,768,771,726000,771
2014-08-19,782,783,774,778,958000,778
2014-08-20,777,781,773,775,731000,775
2014-08-21,776,782,774,776,882000,776
2014-08-22,775,779,769,771,695000,771
2014-08-25,771,774,771,772,848000,772
2014-08-26,774,776,765,765,801000,765
2014-08-27,767,771,760,763,1382000,763
2014-08-28,760,762,751,760,1380000,760
2014-08-29,760,769,760,764,2309000,764
2014-09-01,765,766,755,760,1325000,760
2014-09-02,766,792,764,791,3062000,791
2014-09-03,796,799,779,781,2633000,781
2014-09-04,782,787,776,777,1452000,777
2014-09-05,782,787,769,771,1644000,771
2014-09-08,769,771,764,766,1379000,766
2014-09-09,770,770,757,760,1517000,760
2014-09-10,754,762,754,762,1748000,762
2014-09-11,783,783,767,773,3718000,773
2014-09-12,771,772,764,768,3863000,768
2014-09-16,762,763,756,759,2416000,759
2014-09-17,762,763,757,759,1366000,759
2014-09-18,767,771,762,767,2009000,767
2014-09-19,768,773,765,771,2488000,771
2014-09-22,770,777,766,770,2065000,770
2014-09-24,769,780,766,780,1833000,780
2014-09-25,784,791,780,788,1805000,788
2014-09-26,764,782,764,780,1997000,780
2014-09-29,790,793,785,792,1943000,792
2014-09-30,792,792,778,788,2490000,788
2014-10-01,790,795,785,792,2219000,792
2014-10-02,782,784,763,764,3163000,764
2014-10-03,757,767,756,763,3179000,763
2014-10-06,771,772,762,764,2063000,764
2014-10-07,765,772,761,767,2341000,767
2014-10-08,757,758,750,755,2901000,755
2014-10-09,762,762,747,748,2149000,748
2014-10-10,736,738,729,733,3460000,733
2014-10-14,719,726,715,717,3546000,717
2014-10-15,721,724,717,723,2448000,723
2014-10-16,705,708,690,691,3579000,691
2014-10-17,696,699,676,677,2999000,677
2014-10-20,693,699,691,697,1906000,697
2014-10-21,697,698,678,680,2508000,680
2014-10-22,692,697,689,697,1773000,697
2014-10-23,690,694,686,690,1368000,690
2014-10-24,698,703,695,703,1729000,703
2014-10-27,707,710,703,708,1160000,708
2014-10-28,706,710,702,707,944000,707
2014-10-29,712,719,709,717,2042000,717
2014-10-30,717,722,715,718,2230000,718
2014-10-31,726,753,722,747,3852000,747
2014-11-04,777,777,756,757,3737000,757
2014-11-05,755,763,754,762,2401000,762
2014-11-06,761,762,744,746,2362000,746
2014-11-07,748,749,740,743,2077000,743
2014-11-10,735,740,733,738,1720000,738
2014-11-11,740,752,739,749,1808000,749
2014-11-12,771,773,759,760,3951000,760
2014-11-13,758,767,756,767,2431000,767
2014-11-14,776,776,763,771,3308000,771
2014-11-17,763,766,743,748,2234000,748
2014-11-18,760,768,752,768,2158000,768
2014-11-19,769,775,767,770,2121000,770
2014-11-20,775,776,769,772,1795000,772
2014-11-21,769,774,763,773,1949000,773
2014-11-25,777,780,763,768,2323000,768
2014-11-26,765,770,762,764,1606000,764
2014-11-27,764,766,751,755,1422000,755
2014-11-28,759,768,759,765,1469000,765
2014-12-01,761,775,761,770,1349000,770
2014-12-02,766,772,765,770,1137000,770
2014-12-03,771,778,769,775,2057000,775
2014-12-04,778,780,775,777,877000,777
2014-12-05,770,773,767,772,1202000,772
2014-12-08,773,775,767,770,1299000,770
2014-12-09,764,771,763,768,1380000,768
2014-12-10,758,769,756,765,1794000,765
2014-12-11,751,770,750,767,2259000,767
2014-12-12,766,769,761,762,3080000,762
2014-12-15,758,761,752,753,1780000,753
2014-12-16,738,746,731,736,2187000,736
2014-12-17,733,744,731,740,1733000,740
2014-12-18,756,761,753,760,2076000,760
2014-12-19,771,778,769,778,2191000,778
2014-12-22,777,788,775,788,2010000,788
2014-12-24,793,796,790,796,1655000,796
2014-12-25,789,796,788,794,1023000,794
2014-12-26,788,796,788,795,760000,795
2014-12-29,797,798,785,794,1452000,794
2014-12-30,796,796,787,787,1438000,787
2015-01-05,780,794,779,788,1468000,788
2015-01-06,774,774,758,758,2240000,758
2015-01-07,748,759,748,752,1569000,752
2015-01-08,758,767,757,761,1456000,761
2015-01-09,759,761,750,756,2012000,756
2015-01-13,746,759,743,758,1916000,758
2015-01-14,749,757,747,749,1816000,749
2015-01-15,754,768,750,766,2036000,766
2015-01-16,749,754,739,750,1570000,750
2015-01-19,759,761,751,760,1103000,760
2015-01-20,757,774,756,774,1408000,774
2015-01-21,766,771,756,758,1877000,758
2015-01-22,756,766,751,766,1434000,766
2015-01-23,772,775,768,775,867000,775
2015-01-26,764,774,763,773,896000,773
2015-01-27,778,786,777,786,1255000,786
2015-01-28,779,794,777,792,1368000,792
2015-01-29,782,796,782,791,1657000,791
2015-01-30,799,799,787,792,1791000,792
2015-02-02,784,796,781,794,1358000,794
2015-02-03,795,798,776,780,2362000,780
2015-02-04,787,801,787,799,1895000,799
2015-02-05,803,809,793,802,1736000,802
2015-02-06,806,810,802,803,1662000,803
2015-02-09,804,810,799,804,1332000,804
2015-02-10,803,809,801,809,1148000,809
2015-02-12,817,840,817,839,2583000,839
2015-02-13,828,832,816,823,2377000,823
2015-02-16,823,834,819,832,1396000,832
2015-02-17,834,847,832,837,1713000,837
2015-02-18,840,848,837,847,1628000,847
2015-02-19,844,855,844,855,1535000,855
2015-02-20,853,855,842,847,1461000,847
2015-02-23,854,855,839,846,1715000,846
2015-02-24,847,847,840,846,1517000,846
2015-02-25,846,850,840,844,1349000,844
2015-02-26,845,855,839,855,1891000,855
2015-02-27,858,859,851,858,1911000,858
2015-03-02,855,862,854,862,1326000,862
2015-03-03,868,872,858,868,1636000,868
2015-03-04,863,865,854,861,1107000,861
2015-03-05,860,868,859,865,1213000,865
2015-03-06,870,879,870,878,1708000,878
2015-03-09,875,876,868,873,1394000,873
2015-03-10,880,883,866,871,2621000,871
2015-03-11,870,876,865,872,1507000,872
2015-03-12,876,889,874,887,1705000,887
2015-03-13,891,893,883,889,3994000,889
2015-03-16,888,896,884,895,1292000,895
2015-03-17,900,906,893,906,1743000,906
2015-03-18,903,919,903,916,2204000,916
2015-03-19,911,923,909,922,2375000,922
2015-03-20,918,935,918,934,2710000,934
2015-03-23,935,948,933,948,1805000,948
2015-03-24,952,963,948,957,3482000,957
2015-03-25,955,963,950,956,2121000,956
2015-03-26,951,951,941,947,2511000,947
2015-03-27,944,944,921,931,3038000,931
2015-03-30,930,938,923,934,2281000,934
2015-03-31,945,950,926,926,2530000,926
2015-04-01,923,932,916,922,3088000,922
2015-04-02,931,952,929,942,2177000,942
2015-04-03,940,949,938,943,1334000,943
2015-04-06,933,946,932,941,1460000,941
2015-04-07,949,957,945,952,2107000,952
2015-04-08,958,976,958,976,2574000,976
2015-04-09,980,989,972,989,2500000,989
2015-04-10,985,988,969,981,3427000,981
2015-04-13,984,989,976,976,2230000,976
2015-04-14,970,984,968,980,1386000,980
2015-04-15,978,986,975,980,1757000,980
2015-04-16,981,989,974,984,1702000,984
2015-04-17,980,990,980,982,1592000,982
2015-04-20,971,983,965,977,1583000,977
2015-04-21,976,990,972,990,1666000,990
2015-04-22,994,998,989,998,2047000,998
2015-04-23,1000,1000,995,1000,1610000,1000
2015-04-24,1000,1016,998,1003,2121000,1003
2015-04-27,1003,1007,999,1002,1439000,1002
2015-04-28,1004,1017,999,1017,2289000,1017
2015-04-30,1004,1015,1002,1007,2474000,1007
2015-05-01,1007,1007,992,1001,1944000,1001
2015-05-07,989,1001,980,982,2298000,982
2015-05-08,982,994,979,989,1878000,989
2015-05-11,1001,1017,1001,1017,1461000,1017
2015-05-12,1017,1032,1008,1026,1949000,1026
2015-05-13,1048,1080,1048,1069,4467000,1069
2015-05-14,1057,1057,1033,1037,2252000,1037
2015-05-15,1045,1056,1023,1032,2568000,1032
2015-05-18,1030,1044,1029,1044,1400000,1044
2015-05-19,1050,1066,1046,1049,2601000,1049
2015-05-20,1059,1067,1050,1064,1220000,1064
2015-05-21,1068,1076,1065,1074,1330000,1074
2015-05-22,1070,1071,1049,1058,1310000,1058
2015-05-25,1062,1072,1062,1068,834000,1068
2015-05-26,1066,1068,1059,1065,1185000,1065
2015-05-27,1060,1061,1028,1046,3216000,1046
2015-05-28,1055,1056,1047,1055,1576000,1055
2015-05-29,1058,1062,1047,1053,4224000,1053
2015-06-01,1048,1060,1042,1059,1605000,1059
2015-06-02,1060,1069,1057,1061,1578000,1061
2015-06-03,1060,1065,1055,1059,1639000,1059
2015-06-04,1065,1076,1061,1074,1739000,1074
2015-06-05,1066,1081,1062,1078,1435000,1078
2015-06-08,1078,1085,1071,1080,1624000,1080
2015-06-09,1071,1075,1059,1059,1695000,1059
2015-06-10,1055,1058,1035,1038,2547000,1038
2015-06-11,1046,1056,1031,1047,2072000,1047
2015-06-12,1060,1071,1053,1069,5026000,1069
2015-06-15,1066,1086,1064,1083,1959000,1083
2015-06-16,1075,1077,1062,1071,1611000,1071
2015-06-17,1070,1073,1061,1064,1668000,1064
2015-06-18,1056,1060,1050,1052,2228000,1052
2015-06-19,1061,1068,1047,1047,2240000,1047
2015-06-22,1050,1062,1048,1060,1444000,1060
2015-06-23,1063,1079,1060,1061,3231000,1061
2015-06-24,1070,1072,1057,1060,2116000,1060
2015-06-25,1062,1072,1058,1062,1397000,1062
2015-06-26,1066,1073,1059,1065,1820000,1065
2015-06-29,1041,1044,1022,1024,2728000,1024
2015-06-30,1026,1039,1021,1024,2388000,1024
2015-07-01,1033,1040,1025,1034,1559000,1034
2015-07-02,1048,1050,1038,1043,1137000,1043
2015-07-03,1039,1044,1032,1040,1448000,1040
2015-07-06,1020,1036,1018,1021,2249000,1021
2015-07-07,1040,1049,1040,1045,1589000,1045
2015-07-08,1030,1048,1004,1004,3343000,1004
2015-07-09,993,1005,970,1003,3422000,1003
2015-07-10,1007,1022,996,1006,3066000,1006
2015-07-13,1020,1041,1020,1037,1962000,1037
2015-07-14,1065,1066,1047,1057,1843000,1057
2015-07-15,1057,1067,1053,1065,1806000,1065
2015-07-16,1070,1077,1065,1076,1849000,1076
2015-07-17,1072,1075,1066,1067,843000,1067
2015-07-21,1079,1093,1079,1087,1897000,1087
2015-07-22,1080,1088,1075,1078,1399000,1078
2015-07-23,1086,1090,1080,1085,1041000,1085
2015-07-24,1078,1082,1068,1070,767000,1070
2015-07-27,1065,1071,1047,1053,1109000,1053
2015-07-28,1049,1058,1038,1050,1312000,1050
2015-07-29,1041,1062,1040,1056,1410000,1056
2015-07-30,1057,1066,1054,1060,1715000,1060
2015-07-31,1064,1079,1062,1079,1836000,1079
2015-08-03,1070,1072,1057,1072,1141000,1072
2015-08-04,1072,1079,1065,1071,1071000,1071
2015-08-05,1070,1079,1063,1072,1165000,1072
2015-08-06,1088,1108,1087,1093,3440000,1093
2015-08-07,1079,1092,1073,1085,1342000,1085
2015-08-10,1090,1097,1080,1086,1983000,1086
2015-08-11,1095,1099,1061,1073,1995000,1073
2015-08-12,1072,1083,1059,1064,1652000,1064
2015-08-13,1069,1069,1047,1064,1263000,1064
2015-08-14,1069,1069,1056,1056,2028000,1056
2015-08-17,1060,1071,1053,1068,1289000,1068
2015-08-18,1073,1086,1070,1079,1422000,1079
2015-08-19,1075,1080,1063,1065,1256000,1065
2015-08-20,1057,1057,1036,1036,1573000,1036
2015-08-21,1014,1014,992,994,2379000,994
2015-08-24,979,987,941,943,5038000,943
2015-08-25,928,965,915,918,5390000,918
2015-08-26,928,965,920,964,4243000,964
2015-08-27,974,990,963,966,2574000,966
2015-08-28,991,1003,983,995,2044000,995
2015-08-31,993,1008,983,1007,2216000,1007
2015-09-01,998,1002,968,968,2672000,968
2015-09-02,953,983,951,958,3998000,958
2015-09-03,967,981,958,960,1880000,960
2015-09-04,965,973,949,961,3452000,961
2015-09-07,957,977,947,974,2894000,974
2015-09-08,974,980,954,954,1726000,954
2015-09-09,990,1018,984,1018,2753000,1018
2015-09-10,991,997,981,992,2255000,992
2015-09-11,988,1008,986,1006,3288000,1006
2015-09-14,1010,1013,994,997,1544000,997
2015-09-15,1004,1021,1002,1011,1661000,1011
2015-09-16,1015,1016,994,997,1587000,997
2015-09-17,1006,1008,994,1000,1555000,1000
2015-09-18,994,994,970,971,3150000,971
2015-09-24,964,978,952,952,2825000,952
2015-09-25,954,968,947,966,2377000,966
2015-09-28,966,973,954,962,1289000,962
2015-09-29,950,951,929,938,2936000,938
2015-09-30,951,966,946,961,3046000,961
2015-10-01,964,964,944,954,2699000,954
2015-10-02,950,954,945,952,1532000,952
2015-10-05,959,968,947,963,1758000,963
2015-10-06,986,988,977,982,2250000,982
2015-10-07,978,999,978,998,2022000,998
2015-10-08,995,1000,987,993,1953000,993
2015-10-09,1008,1029,993,1026,3310000,1026
2015-10-13,1019,1026,1014,1022,2103000,1022
2015-10-14,1013,1018,997,999,2030000,999
2015-10-15,1001,1026,999,1022,1431000,1022
2015-10-16,1026,1042,1022,1025,1735000,1025
2015-10-19,1030,1039,1023,1033,1961000,1033
2015-10-20,1026,1028,1017,1021,1458000,1021
2015-10-21,1022,1048,1014,1044,1430000,1044
2015-10-22,1027,1042,1026,1029,1745000,1029
2015-10-23,1054,1062,1050,1055,2016000,1055
2015-10-26,1060,1074,1058,1066,1449000,1066
2015-10-27,1069,1075,1055,1058,2253000,1058
2015-10-28,1059,1066,1055,1060,1752000,1060
2015-10-29,1062,1075,1061,1072,2291000,1072
2015-10-30,1073,1093,1070,1090,2056000,1090
2015-11-02,1065,1071,1053,1057,1823000,1057
2015-11-04,1074,1087,1073,1074,1770000,1074
2015-11-05,1077,1090,1074,1081,1618000,1081
2015-11-06,1081,1092,1074,1087,1968000,1087
2015-11-09,1092,1102,1088,1094,2762000,1094
2015-11-10,1078,1080,1056,1075,2618000,1075
2015-11-11,1049,1054,1034,1046,3089000,1046
2015-11-12,1080,1099,1078,1083,2958000,1083
2015-11-13,1076,1089,1070,1085,2258000,1085
2015-11-16,1072,1091,1070,1085,2131000,1085
2015-11-17,1094,1102,1091,1091,2739000,1091
2015-11-18,1103,1116,1099,1114,2690000,1114
2015-11-19,1126,1132,1117,1125,2132000,1125
2015-11-20,1116,1125,1111,1125,1513000,1125
2015-11-24,1119,1124,1112,1120,1933000,1120
2015-11-25,1113,1115,1105,1110,2619000,1110
2015-11-26,1118,1126,1113,1122,1624000,1122
2015-11-27,1123,1124,1107,1110,1277000,1110
2015-11-30,1106,1106,1080,1080,4641000,1080
2015-12-01,1101,1110,1099,1105,2335000,1105
2015-12-02,1107,1122,1103,1119,1774000,1119
2015-12-03,1120,1130,1114,1126,1869000,1126
2015-12-04,1104,1111,1093,1097,1994000,1097
2015-12-07,1111,1118,1102,1105,1403000,1105
2015-12-08,1105,1115,1098,1098,1032000,1098
2015-12-09,1097,1101,1082,1086,1925000,1086
2015-12-10,1082,1088,1076,1078,1880000,1078
2015-12-11,1048,1086,1048,1079,4007000,1079
2015-12-14,1059,1067,1050,1065,2091000,1065
2015-12-15,1073,1081,1051,1051,2010000,1051
2015-12-16,1065,1076,1061,1069,2283000,1069
2015-12-17,1075,1081,1066,1075,3255000,1075
2015-12-18,1083,1114,1064,1064,3530000,1064
2015-12-21,1124,1125,1092,1108,4989000,1108
2015-12-22,1095,1112,1093,1107,2856000,1107
2015-12-24,1122,1129,1107,1111,1778000,1111
2015-12-25,1111,1116,1103,1108,954000,1108
2015-12-28,1112,1116,1098,1109,977000,1109
2015-12-29,1105,1124,1103,1122,1099000,1122
2015-12-30,1122,1127,1117,1119,1202000,1119
2016-01-04,1112,1118,1088,1090,2078000,1090
2016-01-05,1085,1092,1076,1081,2391000,1081
2016-01-06,1083,1091,1063,1073,1986000,1073
2016-01-07,1072,1077,1052,1055,2529000,1055
2016-01-08,1041,1063,1041,1046,3096000,1046
2016-01-12,1040,1044,1018,1020,2848000,1020
2016-01-13,1021,1039,1015,1032,3560000,1032
2016-01-14,1013,1017,991,1009,2614000,1009
2016-01-15,1023,1025,1000,1005,2698000,1005
2016-01-18,989,1000,979,995,1879000,995
2016-01-19,999,1004,987,995,1501000,995
2016-01-20,1003,1003,967,967,3484000,967
2016-01-21,976,988,947,948,2997000,948
2016-01-22,979,996,962,995,2288000,995
2016-01-25,1003,1014,992,1007,2031000,1007
2016-01-26,986,996,979,985,1579000,985
2016-01-27,1002,1014,998,1012,1402000,1012
2016-01-28,1008,1024,997,1014,2023000,1014
2016-01-29,1029,1044,999,1040,3056000,1040
2016-02-01,1048,1057,1042,1053,1753000,1053
2016-02-02,1046,1063,1040,1061,2032000,1061
2016-02-03,1036,1042,1021,1033,2068000,1033
2016-02-04,1018,1029,1013,1021,1668000,1021
2016-02-05,1009,1018,1001,1013,1525000,1013
2016-02-08,1004,1033,1000,1028,2254000,1028
2016-02-09,999,1002,972,980,3070000,980
2016-02-10,973,981,941,956,3243000,956
2016-02-12,923,964,923,934,5422000,934
2016-02-15,981,1010,968,1000,3715000,1000
2016-02-16,973,1001,966,983,1990000,983
2016-02-17,976,989,960,976,2247000,976
2016-02-18,998,1001,980,982,1817000,982
2016-02-19,967,980,952,969,2245000,969
2016-02-22,958,981,957,972,1788000,972
2016-02-23,971,980,959,962,1880000,962
2016-02-24,951,964,946,957,1879000,957
2016-02-25,957,974,957,972,1849000,972
2016-02-26,974,984,966,967,1781000,967
2016-02-29,973,982,953,953,1773000,953
2016-03-01,953,963,946,959,2386000,959
2016-03-02,970,992,963,983,2873000,983
2016-03-03,982,1012,982,1003,2334000,1003
2016-03-04,1000,1001,985,999,1800000,999
2016-03-07,1000,1000,983,986,1106000,986
2016-03-08,970,977,951,961,2837000,961
2016-03-09,954,957,942,950,1918000,950
2016-03-10,961,978,961,973,1772000,973
2016-03-11,958,976,954,968,2749000,968
2016-03-14,978,988,971,984,2235000,984
2016-03-15,984,988,971,973,1740000,973
2016-03-16,968,978,966,970,1329000,970
2016-03-17,964,970,951,955,2276000,955
2016-03-18,953,957,944,949,1849000,949
2016-03-22,969,987,963,978,2823000,978
2016-03-23,976,980,969,969,1566000,969
2016-03-24,971,994,969,989,2070000,989
2016-03-25,992,995,979,981,1072000,981
2016-03-28,978,988,976,986,1424000,986
2016-03-29,969,973,952,959,2592000,959
2016-03-30,964,970,956,962,2144000,962
2016-03-31,965,965,943,944,2417000,944
2016-04-01,939,939,910,915,4245000,915
2016-04-04,918,931,910,920,2383000,920
2016-04-05,914,915,896,898,3030000,898
2016-04-06,900,904,889,891,2559000,891
2016-04-07,892,906,889,899,2350000,899
2016-04-08,890,923,883,911,2898000,911
2016-04-11,910,918,897,911,1463000,911
2016-04-12,907,925,906,922,1626000,922
2016-04-13,934,946,931,944,2101000,944
2016-04-14,953,973,950,972,2725000,972
2016-04-15,962,973,960,968,1550000,968
2016-04-18,942,955,942,949,1466000,949
2016-04-19,964,974,963,970,1688000,970
2016-04-20,974,979,966,969,1264000,969
2016-04-21,988,988,977,984,1539000,984
2016-04-22,980,990,973,988,1606000,988
2016-04-25,987,989,977,981,1892000,981
2016-04-26,985,985,973,978,1712000,978
2016-04-27,985,989,976,977,1300000,977
2016-04-28,987,993,922,947,2607000,947
2016-05-02,917,930,912,920,1779000,920
2016-05-06,925,933,916,927,2200000,927
2016-05-09,935,937,924,925,1110000,925
2016-05-10,929,946,924,943,2126000,943
2016-05-11,954,958,944,947,1315000,947
2016-05-12,936,944,932,944,1218000,944
2016-05-13,961,961,942,944,1955000,944
2016-05-16,966,973,959,965,2186000,965
2016-05-17,971,989,956,986,2504000,986
2016-05-18,986,1001,982,990,2435000,990
2016-05-19,998,1000,983,993,2117000,993
2016-05-20,994,1008,992,1008,2316000,1008
2016-05-23,999,999,977,990,1993000,990
2016-05-24,985,986,977,983,2525000,983
2016-05-25,1002,1003,997,1001,1990000,1001
2016-05-26,1010,1013,996,997,1622000,997
2016-05-27,1002,1002,992,995,1031000,995
2016-05-30,1005,1010,997,1005,1254000,1005
2016-05-31,999,1009,993,1002,3760000,1002
2016-06-01,997,1000,985,990,2014000,990
2016-06-02,986,986,964,970,1802000,970
2016-06-03,975,977,967,976,1093000,976
2016-06-06,962,971,951,971,1777000,971
2016-06-07,973,977,969,974,1196000,974
2016-06-08,978,982,966,982,1369000,982
2016-06-09,972,983,970,979,1374000,979
2016-06-10,974,977,963,969,2697000,969
2016-06-13,957,958,938,939,1951000,939
2016-06-14,939,945,928,935,2217000,935
2016-06-15,929,945,929,938,1687000,938
2016-06-16,938,941,916,917,2440000,917
2016-06-17,928,936,912,912,2826000,912
2016-06-20,927,931,920,921,2399000,921
2016-06-21,915,924,907,921,1870000,921
2016-06-22,921,926,914,919,1224000,919
2016-06-23,924,926,911,915,1774000,915
2016-06-24,923,926,846,853,3576000,853
2016-06-27,873,881,866,879,1848000,879
2016-06-28,870,886,862,876,2095000,876
2016-06-29,888,893,877,890,1882000,890
2016-06-30,896,898,878,878,2230000,878
2016-07-01,884,888,874,879,1649000,879
2016-07-04,871,884,868,879,1456000,879
2016-07-05,872,876,866,874,1786000,874
2016-07-06,862,873,853,871,2788000,871
2016-07-07,871,871,861,869,2701000,869
2016-07-08,870,875,853,854,3205000,854
2016-07-11,869,887,866,879,2306000,879
2016-07-12,887,910,882,892,2635000,892
2016-07-13,907,912,900,902,2283000,902
2016-07-14,917,923,913,920,2574000,920
2016-07-15,919,921,907,911,2384000,911
2016-07-19,920,939,913,938,2201000,938
2016-07-20,932,936,927,934,1601000,934
2016-07-21,940,944,922,926,1372000,926
2016-07-22,911,918,909,916,1492000,916
2016-07-25,921,922,913,916,1699000,916
2016-07-26,919,919,906,910,1870000,910
2016-07-27,920,929,915,919,2286000,919
2016-07-28,911,912,902,908,1467000,908
2016-07-29,908,915,890,912,2927000,912
2016-08-01,904,924,894,924,2058000,924
2016-08-02,909,919,909,910,1589000,910
2016-08-03,895,901,884,886,2102000,886
2016-08-04,882,886,868,882,1892000,882
2016-08-05,878,886,877,879,1448000,879
2016-08-08,889,895,881,889,1560000,889
2016-08-09,892,901,889,896,1373000,896
2016-08-10,890,891,872,884,1561000,884
2016-08-12,899,919,883,891,2861000,891
2016-08-15,890,893,880,886,1323000,886
2016-08-16,891,895,879,879,1688000,879
2016-08-17,879,897,878,895,2239000,895
2016-08-18,892,896,867,872,3177000,872
2016-08-19,884,889,873,882,2391000,882
2016-08-22,883,887,876,885,1112000,885
2016-08-23,881,891,876,885,1817000,885
2016-08-24,885,896,885,894,982000,894
2016-08-25,899,915,898,904,2149000,904
2016-08-26,894,899,883,889,2007000,889
2016-08-29,909,914,904,914,1457000,914
2016-08-30,904,909,902,907,1181000,907
2016-08-31,913,925,905,922,1587000,922
2016-09-01,928,938,926,937,1842000,937
2016-09-02,933,937,927,935,1550000,935
2016-09-05,945,947,937,939,940000,939
2016-09-06,943,949,939,948,1421000,948
2016-09-07,938,943,932,943,1516000,943
2016-09-08,944,950,936,948,2281000,948
2016-09-09,954,957,942,947,2585000,947
2016-09-12,939,942,930,935,1264000,935
2016-09-13,937,940,928,935,886000,935
2016-09-14,930,936,927,931,1139000,931
2016-09-15,933,933,919,923,1512000,923
2016-09-16,922,923,916,919,1306000,919
2016-09-20,911,930,906,929,1638000,929
2016-09-21,930,943,911,941,1799000,941
2016-09-23,942,943,925,927,1937000,927
2016-09-26,926,931,918,921,1176000,921
2016-09-27,918,929,905,929,1437000,929
2016-09-28,913,915,904,909,1135000,909
2016-09-29,918,925,915,923,1167000,923
2016-09-30,915,917,904,908,1896000,908
2016-10-03,919,925,915,920,1117000,920
2016-10-04,927,930,921,930,1744000,930
2016-10-05,928,937,926,936,1344000,936
2016-10-06,937,942,935,940,1264000,940
2016-10-07,935,940,931,938,1160000,938
2016-10-11,941,944,935,939,1262000,939
2016-10-12,930,944,927,937,1856000,937
2016-10-13,938,943,932,935,1128000,935
2016-10-14,929,935,922,932,1683000,932
2016-10-17,933,950,933,948,1923000,948
2016-10-18,944,960,943,957,1737000,957
2016-10-19,951,954,946,951,1678000,951
2016-10-20,953,963,950,963,1777000,963
2016-10-21,964,975,959,969,1489000,969
2016-10-24,970,989,969,989,1792000,989
2016-10-25,988,990,982,989,1390000,989
2016-10-26,985,995,984,993,1523000,993
2016-10-27,992,995,985,990,1173000,990
2016-10-28,994,997,987,994,1909000,994
2016-10-31,992,993,985,988,1339000,988
2016-11-01,990,991,981,988,1713000,988
2016-11-02,976,978,968,976,1462000,976
2016-11-04,966,969,953,962,1853000,962
2016-11-07,968,976,964,968,1443000,968
2016-11-08,970,973,964,970,1290000,970
2016-11-09,976,982,923,932,2903000,932
2016-11-10,977,984,947,982,2175000,982
2016-11-11,991,992,970,973,2260000,973
2016-11-14,988,998,976,995,2036000,995
2016-11-15,991,991,980,988,1974000,988
2016-11-16,996,1002,991,1001,2043000,1001
2016-11-17,992,1006,985,1004,2038000,1004
2016-11-18,1010,1011,1005,1008,2010000,1008
2016-11-21,1015,1021,1009,1020,1525000,1020
2016-11-22,1030,1030,1017,1026,1163000,1026
2016-11-24,1031,1039,1025,1034,1886000,1034
2016-11-25,1038,1045,1036,1042,1535000,1042
2016-11-28,1035,1049,1035,1046,1554000,1046
2016-11-29,1042,1050,1041,1047,1669000,1047
2016-11-30,1041,1043,1033,1037,2460000,1037
2016-12-01,1048,1069,1046,1059,2608000,1059
2016-12-02,1053,1068,1053,1066,1730000,1066
2016-12-05,1055,1059,1045,1052,1944000,1052
2016-12-06,1063,1064,1045,1054,2615000,1054
2016-12-07,1065,1066,1057,1062,1516000,1062
2016-12-08,1079,1084,1067,1078,2796000,1078
2016-12-09,1085,1095,1080,1093,3675000,1093
2016-12-12,1095,1099,1091,1096,4297000,1096
2016-12-13,1098,1119,1093,1119,2109000,1119
2016-12-14,1119,1119,1108,1114,1849000,1114
2016-12-15,1111,1124,1105,1120,1922000,1120
2016-12-16,1130,1130,1119,1128,1933000,1128
2016-12-19,1128,1131,1123,1131,1180000,1131
2016-12-20,1128,1138,1126,1136,1412000,1136
2016-12-21,1133,1138,1126,1127,1354000,1127
2016-12-22,1123,1129,1118,1126,1489000,1126
2016-12-26,1133,1141,1130,1138,1145000,1138
2016-12-27,1139,1140,1131,1135,1816000,1135
2016-12-28,1136,1141,1130,1137,1116000,1137
2016-12-29,1125,1130,1110,1113,2395000,1113
2016-12-30,1112,1120,1110,1116,1300000,1116
2017-01-04,1128,1159,1127,1157,2776000,1157
