Date,Open,High,Low,Close,Volume,Adj Close
2008-10-20,1070,1137,1060,1127,1922500,1127
2008-10-21,1147,1177,1071,1118,2332300,1118
2008-10-22,1058,1070,1002,1002,2259500,1002
2008-10-23,990,1007,950,983,4021500,983
2008-10-24,963,967,883,883,3147800,883
2008-10-27,863,874,783,783,3520300,783
2008-10-28,822,883,782,855,2685100,855
2008-10-29,885,921,850,905,2698800,905
2008-10-30,993,1005,949,1005,1857300,1005
2008-10-31,1010,1031,920,930,2562700,930
2008-11-04,940,945,902,930,2068000,930
2008-11-05,942,958,915,948,2021700,948
2008-11-06,936,966,910,924,2811000,924
2008-11-07,899,918,850,879,2058800,879
2008-11-10,949,964,913,949,1598600,949
2008-11-11,899,963,867,913,2200100,913
2008-11-12,859,868,836,844,2428200,844
2008-11-13,804,824,787,797,2159200,797
2008-11-14,849,865,820,830,2087000,830
2008-11-17,800,859,790,821,1405000,821
2008-11-18,805,839,803,829,1218800,829
2008-11-19,821,837,798,811,1654800,811
2008-11-20,796,806,770,770,1671900,770
2008-11-21,750,806,742,794,2045200,794
2008-11-25,874,894,845,894,3129800,894
2008-11-26,864,873,833,850,1510500,850
2008-11-27,860,907,860,893,1498000,893
2008-11-28,895,900,862,879,916700,879
2008-12-01,881,888,853,866,575200,866
2008-12-02,800,809,787,788,1543800,788
2008-12-03,820,844,801,834,1377200,834
2008-12-04,835,846,801,810,1461700,810
2008-12-05,808,839,803,808,1121400,808
2008-12-08,819,857,810,848,1116600,848
2008-12-09,861,875,854,867,830500,867
2008-12-10,872,895,860,895,1233700,895
2008-12-11,915,920,901,920,1234500,920
2008-12-12,870,892,820,838,2975700,838
2008-12-15,827,859,823,853,1482200,853
2008-12-16,860,861,835,851,1313700,851
2008-12-17,859,861,826,847,1258600,847
2008-12-18,851,865,840,851,1184900,851
2008-12-19,860,868,835,838,1628400,838
2008-12-22,828,840,814,836,1391500,836
2008-12-24,825,834,802,815,931400,815
2008-12-25,845,848,830,844,427100,844
2008-12-26,824,834,813,828,684600,828
2008-12-29,818,825,803,813,781800,813
2008-12-30,814,827,812,821,585400,821
2009-01-05,843,854,834,854,626100,854
2009-01-06,864,878,860,871,1033400,871
2009-01-07,896,948,894,933,1997300,933
2009-01-08,930,932,887,892,1285000,892
2009-01-09,895,900,857,877,1624500,877
2009-01-13,833,842,828,829,1406100,829
2009-01-14,835,842,821,834,1221500,834
2009-01-15,810,816,788,789,1650600,789
2009-01-16,799,819,794,811,1311000,811
2009-01-19,826,828,810,818,561400,818
2009-01-20,810,815,794,801,1009800,801
2009-01-21,791,815,790,796,1630400,796
2009-01-22,806,808,780,800,1418800,800
2009-01-23,800,802,782,783,1043600,783
2009-01-26,790,796,778,780,1036700,780
2009-01-27,781,787,770,776,2025300,776
2009-01-28,780,805,778,801,1719300,801
2009-01-29,811,822,797,806,2165500,806
2009-01-30,804,804,786,801,1210300,801
2009-02-02,794,802,781,791,1139200,791
2009-02-03,790,805,778,778,1066600,778
2009-02-04,777,794,773,780,1088000,780
2009-02-05,797,801,773,785,1167000,785
2009-02-06,795,801,784,788,870000,788
2009-02-09,810,812,789,789,1339800,789
2009-02-10,801,807,792,798,1171200,798
2009-02-12,789,791,765,775,1082400,775
2009-02-13,785,787,772,775,1694700,775
2009-02-16,770,791,767,778,869100,778
2009-02-17,780,792,775,791,1378000,791
2009-02-18,771,782,770,777,799700,777
2009-02-19,797,797,776,779,789000,779
2009-02-20,790,790,771,776,1057100,776
2009-02-23,762,768,738,759,1043200,759
2009-02-24,739,747,736,746,825500,746
2009-02-25,767,776,753,773,811000,773
2009-02-26,789,797,768,772,1008900,772
2009-02-27,765,780,759,766,839800,766
2009-03-02,736,748,732,741,1125600,741
2009-03-03,731,754,730,748,941600,748
2009-03-04,730,755,730,744,1421200,744
2009-03-05,745,792,744,781,1051800,781
2009-03-06,741,762,740,752,1050800,752
2009-03-09,745,755,735,740,927900,740
2009-03-10,734,754,734,736,710400,736
2009-03-11,766,775,763,767,1419100,767
2009-03-12,760,780,753,774,1947600,774
2009-03-13,794,830,785,824,5888600,824
2009-03-16,844,867,832,858,1776700,858
2009-03-17,880,908,871,900,1555800,900
2009-03-18,925,967,921,954,2645900,954
2009-03-19,960,965,919,924,1738700,924
2009-03-23,905,1011,901,1004,3481000,1004
2009-03-24,1045,1047,1006,1045,2537400,1045
2009-03-25,1065,1065,1022,1032,1799300,1032
2009-03-26,987,1045,980,1041,1278200,1041
2009-03-27,1054,1063,1028,1039,1235600,1039
2009-03-30,1025,1034,960,965,1747600,965
2009-03-31,963,989,952,957,1171600,957
2009-04-01,950,974,931,973,988200,973
2009-04-02,975,1032,966,1023,1211000,1023
2009-04-03,1003,1017,976,1005,1395600,1005
2009-04-06,1065,1107,1046,1063,2156900,1063
2009-04-07,1043,1046,1013,1015,1613800,1015
2009-04-08,1000,1010,977,985,789300,985
2009-04-09,1014,1036,1011,1036,1504400,1036
2009-04-10,1073,1085,1044,1060,1801500,1060
2009-04-13,1040,1067,1011,1017,1497400,1017
2009-04-14,1038,1042,1000,1028,1215100,1028
2009-04-15,1015,1015,992,1001,673900,1001
2009-04-16,1021,1029,993,999,1342000,999
2009-04-17,1029,1031,1014,1029,695300,1029
2009-04-20,1029,1044,1016,1043,566500,1043
2009-04-21,1019,1028,994,1015,756100,1015
2009-04-22,1022,1037,1008,1035,839500,1035
2009-04-23,1046,1073,1029,1069,1237900,1069
2009-04-24,1096,1100,1065,1071,1394500,1071
2009-04-27,1087,1117,1073,1082,1038500,1082
2009-04-28,1075,1129,1055,1056,996200,1056
2009-04-30,1096,1130,1077,1122,1022100,1122
2009-05-01,1149,1196,1145,1186,1715900,1186
2009-05-07,1278,1278,1232,1236,1535900,1236
2009-05-08,1237,1282,1200,1266,1523900,1266
2009-05-11,1253,1276,1220,1225,1119800,1225
2009-05-12,1205,1234,1191,1192,1218700,1192
2009-05-13,1199,1224,1176,1189,847800,1189
2009-05-14,1160,1166,1126,1129,1086200,1129
2009-05-15,1118,1163,1116,1152,1025300,1152
2009-05-18,1103,1134,1093,1128,1046000,1128
2009-05-19,1170,1197,1161,1183,1049300,1183
2009-05-20,1184,1211,1171,1182,837600,1182
2009-05-21,1156,1176,1145,1168,613000,1168
2009-05-22,1131,1188,1131,1166,665200,1166
2009-05-25,1155,1195,1154,1176,711500,1176
2009-05-26,1176,1176,1132,1149,884200,1149
2009-05-27,1168,1189,1151,1167,846800,1167
2009-05-28,1159,1194,1149,1188,817800,1188
2009-05-29,1185,1205,1176,1204,1011400,1204
2009-06-01,1179,1203,1164,1198,1043600,1198
2009-06-02,1218,1230,1191,1217,704200,1217
2009-06-03,1215,1237,1202,1223,635300,1223
2009-06-04,1196,1196,1171,1186,1093000,1186
2009-06-05,1206,1206,1179,1190,622400,1190
2009-06-08,1190,1210,1189,1200,709600,1200
2009-06-09,1200,1209,1170,1182,688300,1182
2009-06-10,1200,1204,1181,1200,824100,1200
2009-06-11,1209,1210,1173,1176,918700,1176
2009-06-12,1209,1262,1190,1246,4235600,1246
2009-06-15,1251,1251,1222,1227,827200,1227
2009-06-16,1204,1209,1168,1171,814900,1171
2009-06-17,1174,1192,1156,1189,706500,1189
2009-06-18,1162,1164,1132,1144,778900,1144
2009-06-19,1130,1159,1125,1159,890300,1159
2009-06-22,1139,1174,1130,1170,671500,1170
2009-06-23,1134,1149,1100,1111,1068700,1111
2009-06-24,1091,1141,1082,1130,1034900,1130
2009-06-25,1129,1174,1121,1161,708000,1161
2009-06-26,1181,1187,1160,1181,769500,1181
2009-06-29,1190,1200,1170,1177,547200,1177
2009-06-30,1204,1223,1192,1206,880900,1206
2009-07-01,1203,1248,1190,1224,891400,1224
2009-07-02,1224,1230,1181,1181,743000,1181
2009-07-03,1161,1162,1142,1158,650200,1158
2009-07-06,1121,1132,1100,1115,1112500,1115
2009-07-07,1116,1132,1112,1127,915200,1127
2009-07-08,1107,1109,1069,1079,912500,1079
2009-07-09,1066,1084,1045,1067,710300,1067
2009-07-10,1085,1085,1051,1073,1370800,1073
2009-07-13,1074,1084,1026,1032,866100,1032
2009-07-14,1052,1067,1040,1057,886000,1057
2009-07-15,1059,1071,1048,1067,617500,1067
2009-07-16,1086,1094,1054,1061,548700,1061
2009-07-17,1074,1104,1071,1089,599900,1089
2009-07-21,1129,1139,1115,1138,784800,1138
2009-07-22,1159,1166,1150,1159,828100,1159
2009-07-23,1166,1172,1135,1161,693000,1161
2009-07-24,1185,1193,1171,1192,731800,1192
2009-07-27,1210,1243,1197,1224,728500,1224
2009-07-28,1239,1239,1208,1232,791800,1232
2009-07-29,1230,1240,1201,1231,651000,1231
2009-07-30,1231,1233,1206,1226,687900,1226
2009-07-31,1246,1258,1226,1257,822400,1257
2009-08-03,1255,1255,1218,1239,726200,1239
2009-08-04,1241,1260,1232,1238,994300,1238
2009-08-05,1254,1264,1238,1238,711200,1238
2009-08-06,1234,1274,1230,1265,690500,1265
2009-08-07,1254,1258,1224,1253,652200,1253
2009-08-10,1260,1273,1251,1262,633800,1262
2009-08-11,1256,1274,1256,1272,540500,1272
2009-08-12,1252,1264,1248,1255,464900,1255
2009-08-13,1260,1265,1248,1257,431300,1257
2009-08-14,1260,1260,1239,1245,1331400,1245
2009-08-17,1221,1222,1186,1191,990500,1191
2009-08-18,1197,1212,1169,1185,686000,1185
2009-08-19,1177,1200,1172,1185,514600,1185
2009-08-20,1181,1199,1171,1194,503800,1194
2009-08-21,1195,1195,1150,1167,871900,1167
2009-08-24,1201,1225,1196,1214,663600,1214
2009-08-25,1204,1219,1183,1194,659100,1194
2009-08-26,1206,1240,1198,1238,909200,1238
2009-08-27,1222,1227,1184,1190,874100,1190
2009-08-28,1194,1199,1176,1185,1001200,1185
2009-08-31,1210,1235,1177,1195,879700,1195
2009-09-01,1185,1213,1181,1199,577700,1199
2009-09-02,1199,1200,1156,1169,934100,1169
2009-09-03,1164,1166,1132,1139,701900,1139
2009-09-04,1149,1155,1113,1125,705200,1125
2009-09-07,1126,1140,1116,1126,425200,1126
2009-09-08,1127,1148,1115,1148,594000,1148
2009-09-09,1132,1154,1118,1130,422100,1130
2009-09-10,1152,1168,1147,1168,629800,1168
2009-09-11,1175,1175,1142,1162,3121200,1162
2009-09-14,1142,1148,1098,1112,647000,1112
2009-09-15,1131,1132,1109,1115,706200,1115
2009-09-16,1121,1142,1114,1120,553900,1120
2009-09-17,1129,1155,1126,1152,569700,1152
2009-09-18,1132,1134,1104,1105,888600,1105
2009-09-24,1095,1117,1087,1095,1638000,1095
2009-09-25,1100,1102,1054,1062,1127800,1062
2009-09-28,1054,1054,1026,1040,773100,1040
2009-09-29,1060,1069,1052,1063,954500,1063
2009-09-30,1047,1062,1037,1062,579000,1062
2009-10-01,1050,1052,1011,1022,764800,1022
2009-10-02,982,998,980,994,1007800,994
2009-10-05,996,1018,986,989,964100,989
2009-10-06,998,998,963,974,1031800,974
2009-10-07,975,981,961,976,976100,976
2009-10-08,976,987,958,979,994300,979
2009-10-09,989,989,963,977,1795600,977
2009-10-13,973,982,962,974,973900,974
2009-10-14,988,991,963,967,948700,967
2009-10-15,977,995,972,984,842500,984
2009-10-16,981,1000,981,990,1239100,990
2009-10-19,980,989,967,976,847900,976
2009-10-20,982,1004,982,996,770800,996
2009-10-21,997,1001,986,997,715500,997
2009-10-22,990,994,968,987,654100,987
2009-10-23,990,996,980,989,579000,989
2009-10-26,996,1016,985,1006,988300,1006
2009-10-27,1006,1030,1006,1023,1157500,1023
2009-10-28,1006,1020,973,979,1372800,979
2009-10-29,963,967,944,956,1439700,956
2009-10-30,956,966,945,954,1059800,954
2009-11-02,924,926,907,922,1242200,922
2009-11-04,930,932,910,921,945000,921
2009-11-05,921,921,890,901,958800,901
2009-11-06,921,941,911,931,1290000,931
2009-11-09,932,949,915,936,916600,936
2009-11-10,945,958,935,936,865200,936
2009-11-11,933,945,927,932,607600,932
2009-11-12,941,943,918,923,565000,923
2009-11-13,913,926,904,922,1080800,922
2009-11-16,947,954,925,936,674200,936
2009-11-17,937,940,922,923,605500,923
2009-11-18,923,937,912,915,756400,915
2009-11-19,925,926,910,924,722100,924
2009-11-20,914,951,909,951,1398300,951
2009-11-24,931,931,914,926,769100,926
2009-11-25,936,942,906,911,925400,911
2009-11-26,903,905,887,894,819700,894
2009-11-27,888,888,871,873,972600,873
2009-11-30,875,883,865,878,1488700,878
2009-12-01,900,923,888,913,1490700,913
2009-12-02,900,920,891,910,665200,910
2009-12-03,923,967,922,966,989100,966
2009-12-04,975,976,955,965,569700,965
2009-12-07,985,1000,980,997,673100,997
2009-12-08,1003,1008,993,1002,872300,1002
2009-12-09,1000,1002,986,988,458500,988
2009-12-10,988,1001,981,985,645700,985
2009-12-11,1003,1022,1000,1019,3021800,1019
2009-12-14,1008,1029,1004,1028,618600,1028
2009-12-15,1018,1027,1011,1019,329000,1019
2009-12-16,1026,1050,1017,1038,680700,1038
2009-12-17,1042,1048,1032,1032,380500,1032
2009-12-18,1032,1036,1016,1033,516400,1033
2009-12-21,1049,1060,1044,1049,633100,1049
2009-12-22,1050,1078,1049,1077,820000,1077
2009-12-24,1088,1114,1080,1111,1166000,1111
2009-12-25,1122,1122,1099,1106,498200,1106
2009-12-28,1108,1146,1106,1133,833400,1133
2009-12-29,1139,1139,1116,1120,871300,1120
2009-12-30,1125,1140,1113,1116,587900,1116
2010-01-04,1127,1144,1127,1129,309900,1129
2010-01-05,1149,1149,1129,1132,341000,1132
2010-01-06,1128,1143,1123,1136,523100,1136
2010-01-07,1125,1130,1110,1116,689800,1116
2010-01-08,1116,1130,1088,1102,2488400,1102
2010-01-12,1122,1164,1111,1152,2018500,1152
2010-01-13,1135,1145,1115,1120,1411300,1120
2010-01-14,1150,1193,1140,1184,2226400,1184
2010-01-15,1200,1265,1184,1201,2141400,1201
2010-01-18,1172,1237,1164,1191,2029600,1191
2010-01-19,1174,1187,1165,1177,907600,1177
2010-01-20,1169,1177,1148,1149,952200,1149
2010-01-21,1117,1167,1115,1163,1801100,1163
2010-01-22,1135,1140,1115,1135,1231300,1135
2010-01-25,1110,1135,1106,1125,764700,1125
2010-01-26,1146,1151,1109,1111,1095700,1111
2010-01-27,1098,1106,1083,1088,730800,1088
2010-01-28,1082,1113,1080,1096,732300,1096
2010-01-29,1080,1107,1072,1080,1129200,1080
2010-02-01,1100,1100,1073,1088,1129500,1088
2010-02-02,1098,1109,1083,1098,619000,1098
2010-02-03,1118,1131,1090,1110,1060100,1110
2010-02-04,1125,1134,1096,1105,1079500,1105
2010-02-05,1065,1067,1031,1039,1632700,1039
2010-02-08,1041,1048,1031,1036,736000,1036
2010-02-09,1025,1043,1012,1030,705200,1030
2010-02-10,1031,1045,1020,1029,644300,1029
2010-02-12,1050,1052,1029,1050,1208300,1050
2010-02-15,1042,1043,1013,1015,823300,1015
2010-02-16,1018,1037,1014,1033,599500,1033
2010-02-17,1046,1068,1038,1066,685900,1066
2010-02-18,1073,1093,1067,1092,812900,1092
2010-02-19,1089,1096,1073,1076,1002100,1076
2010-02-22,1100,1110,1089,1093,621500,1093
2010-02-23,1069,1081,1061,1068,755200,1068
2010-02-24,1050,1064,1035,1051,783600,1051
2010-02-25,1067,1073,1032,1037,621300,1037
2010-02-26,1038,1061,1038,1052,822400,1052
2010-03-01,1056,1079,1050,1070,724900,1070
2010-03-02,1071,1080,1055,1070,643000,1070
2010-03-03,1057,1077,1051,1074,624700,1074
2010-03-04,1074,1075,1047,1050,653100,1050
2010-03-05,1065,1096,1062,1093,672600,1093
2010-03-08,1127,1138,1112,1136,1021100,1136
2010-03-09,1135,1147,1130,1143,564600,1143
2010-03-10,1144,1160,1138,1156,695800,1156
2010-03-11,1161,1173,1150,1161,460100,1161
2010-03-12,1185,1185,1163,1172,3866100,1172
2010-03-15,1173,1176,1154,1168,461100,1168
2010-03-16,1168,1180,1156,1156,608200,1156
2010-03-17,1170,1200,1162,1195,922000,1195
2010-03-18,1196,1199,1180,1184,425300,1184
2010-03-19,1186,1190,1176,1190,337500,1190
2010-03-23,1181,1182,1154,1166,879400,1166
2010-03-24,1169,1182,1151,1162,678500,1162
2010-03-25,1174,1174,1150,1159,564100,1159
2010-03-26,1172,1181,1156,1179,851700,1179
2010-03-29,1172,1173,1155,1170,444000,1170
2010-03-30,1174,1197,1169,1194,608600,1194
2010-03-31,1200,1218,1200,1207,979100,1207
2010-04-01,1230,1242,1206,1233,1384500,1233
2010-04-02,1247,1267,1236,1263,912100,1263
2010-04-05,1277,1295,1267,1270,1056900,1270
2010-04-06,1253,1262,1231,1247,1495600,1247
2010-04-07,1250,1270,1243,1245,927000,1245
2010-04-08,1232,1242,1214,1219,941700,1219
2010-04-09,1203,1218,1184,1211,2637800,1211
2010-04-12,1229,1239,1214,1217,665200,1217
2010-04-13,1220,1220,1194,1217,897300,1217
2010-04-14,1218,1231,1205,1211,849300,1211
2010-04-15,1226,1228,1211,1219,548800,1219
2010-04-16,1209,1212,1180,1186,736800,1186
2010-04-19,1160,1170,1153,1161,720100,1161
2010-04-20,1171,1176,1158,1160,545200,1160
2010-04-21,1179,1204,1175,1200,962600,1200
2010-04-22,1177,1178,1152,1168,816400,1168
2010-04-23,1159,1174,1158,1161,571000,1161
2010-04-26,1179,1201,1177,1191,585100,1191
2010-04-27,1161,1190,1157,1179,819800,1179
2010-04-28,1131,1150,1112,1123,1782900,1123
2010-04-30,1135,1158,1132,1158,1290800,1158
2010-05-06,1110,1114,1091,1094,1730700,1094
2010-05-07,1034,1080,1030,1061,1545900,1061
2010-05-10,1057,1078,1054,1070,1033700,1070
2010-05-11,1078,1082,1063,1069,1367800,1069
2010-05-12,1062,1072,1034,1041,1203200,1041
2010-05-13,1043,1063,1043,1059,935900,1059
2010-05-14,1036,1046,1019,1036,1627000,1036
2010-05-17,1012,1017,1002,1010,1250900,1010
2010-05-18,1027,1029,1002,1009,814900,1009
2010-05-19,988,993,978,992,971100,992
2010-05-20,989,989,970,973,732000,973
2010-05-21,950,961,933,946,1370900,946
2010-05-24,940,953,931,939,1017500,939
2010-05-25,930,933,905,910,1068900,910
2010-05-26,918,929,911,913,1207300,913
2010-05-27,898,921,891,921,929100,921
2010-05-28,936,949,928,937,1279700,937
2010-05-31,932,945,932,934,677600,934
2010-06-01,931,932,912,928,714800,928
2010-06-02,918,930,908,911,948000,911
2010-06-03,926,949,924,947,820700,947
2010-06-04,943,949,936,942,781700,942
2010-06-07,913,915,901,903,827500,903
2010-06-08,900,913,894,907,914100,907
2010-06-09,898,898,876,884,1111100,884
2010-06-10,896,896,880,889,614100,889
2010-06-11,904,925,900,914,3805300,914
2010-06-14,914,921,900,903,996100,903
2010-06-15,908,910,900,903,645700,903
2010-06-16,918,926,915,923,552900,923
2010-06-17,929,938,925,926,717800,926
2010-06-18,930,934,920,925,534400,925
2010-06-21,942,954,942,950,710400,950
2010-06-22,951,966,951,957,1039700,957
2010-06-23,946,947,930,936,596100,936
2010-06-24,937,945,927,929,558400,929
2010-06-25,914,915,903,909,843100,909
2010-06-28,919,933,917,926,1056100,926
2010-06-29,936,958,934,944,1331900,944
2010-06-30,938,939,913,916,1376600,916
2010-07-01,901,905,884,887,1006000,887
2010-07-02,894,897,881,886,758900,886
2010-07-05,894,899,888,891,556300,891
2010-07-06,890,918,875,914,1074700,914
2010-07-07,915,932,912,919,1144600,919
2010-07-08,940,944,934,939,587700,939
2010-07-09,954,960,945,951,1148500,951
2010-07-12,940,957,937,938,665000,938
2010-07-13,939,955,939,950,699700,950
2010-07-14,977,990,973,983,1029000,983
2010-07-15,970,982,969,971,874600,971
2010-07-16,959,961,931,931,786300,931
2010-07-20,921,928,910,916,590200,916
2010-07-21,929,932,901,911,671000,911
2010-07-22,907,913,898,910,806900,910
2010-07-23,940,940,922,932,662000,932
2010-07-26,941,948,936,938,573100,938
2010-07-27,944,948,933,948,690100,948
2010-07-28,963,1005,956,1004,1665400,1004
2010-07-29,984,990,975,985,726500,985
2010-07-30,976,981,956,959,1159100,959
2010-08-02,973,1011,968,1001,1378300,1001
2010-08-03,1015,1025,995,1008,1014300,1008
2010-08-04,1005,1005,963,966,1296100,966
2010-08-05,993,1012,983,988,1086700,988
2010-08-06,974,1006,973,998,848900,998
2010-08-09,983,1006,983,997,751300,997
2010-08-10,1001,1014,988,995,783900,995
2010-08-11,987,989,959,961,676900,961
2010-08-12,943,953,931,951,782200,951
2010-08-13,947,970,941,955,1054200,955
2010-08-16,942,963,938,959,684000,959
2010-08-17,933,947,933,943,587000,943
2010-08-18,958,971,948,962,564200,962
2010-08-19,957,963,951,955,965800,955
2010-08-20,935,948,930,934,901400,934
2010-08-23,930,930,915,921,671700,921
2010-08-24,910,915,903,904,667100,904
2010-08-25,899,915,879,887,1087000,887
2010-08-26,888,888,861,864,1640900,864
2010-08-27,855,896,854,890,1125100,890
2010-08-30,904,922,899,904,887500,904
2010-08-31,885,887,862,862,1029700,862
2010-09-01,862,869,854,864,841100,864
2010-09-02,875,890,870,885,944800,885
2010-09-03,885,891,877,884,854800,884
2010-09-06,895,913,884,911,769400,911
2010-09-07,897,902,888,891,765500,891
2010-09-08,879,883,868,875,744300,875
2010-09-09,881,881,866,867,646100,867
2010-09-10,872,900,866,891,2338000,891
2010-09-13,905,914,899,901,945800,901
2010-09-14,899,908,893,904,609900,904
2010-09-15,897,944,893,935,1502900,935
2010-09-16,941,944,925,933,864400,933
2010-09-17,943,962,942,953,1034900,953
2010-09-21,958,968,942,944,810600,944
2010-09-22,945,958,938,946,805300,946
2010-09-24,940,984,938,967,2096700,967
2010-09-27,940,983,940,983,1247500,983
2010-09-28,974,986,965,977,855800,977
2010-09-29,986,992,974,980,1215600,980
2010-09-30,976,993,967,969,1326200,969
2010-10-01,975,982,963,972,805800,972
2010-10-04,972,1000,968,999,1221100,999
2010-10-05,983,998,971,996,1203600,996
2010-10-06,1001,1027,998,1021,1036900,1021
2010-10-07,1012,1019,1005,1015,643600,1015
2010-10-08,1018,1022,1011,1012,1393700,1012
2010-10-12,1024,1025,989,989,681900,989
2010-10-13,1007,1014,996,1000,831200,1000
2010-10-14,1019,1027,1012,1014,1005900,1014
2010-10-15,1017,1017,995,1001,786300,1001
2010-10-18,1007,1011,998,1001,646700,1001
2010-10-19,1008,1022,1007,1015,815800,1015
2010-10-20,995,996,984,991,779600,991
2010-10-21,1006,1010,984,991,935600,991
2010-10-22,992,1007,992,1003,587600,1003
2010-10-25,1013,1020,1003,1005,802000,1005
2010-10-26,1008,1014,996,1005,573900,1005
2010-10-27,1011,1013,993,1004,677500,1004
2010-10-28,999,1002,986,991,1177500,991
2010-10-29,994,1015,978,987,1602300,987
2010-11-01,990,1000,925,927,1818000,927
2010-11-02,939,961,932,955,1865600,955
2010-11-04,964,965,933,940,1499500,940
2010-11-05,949,975,948,971,1124000,971
2010-11-08,986,995,982,995,581800,995
2010-11-09,983,991,979,982,763200,982
2010-11-10,983,992,973,989,1089000,989
2010-11-11,992,1003,984,1001,726500,1001
2010-11-12,998,1010,990,991,825900,991
2010-11-15,1004,1006,990,1002,808300,1002
2010-11-16,1005,1008,995,996,648400,996
2010-11-17,985,999,977,997,725100,997
2010-11-18,990,1019,990,1019,728100,1019
2010-11-19,1035,1039,1019,1027,818600,1027
2010-11-22,1048,1050,1028,1033,588500,1033
2010-11-24,1003,1015,991,1008,808300,1008
2010-11-25,1016,1027,1005,1021,672200,1021
2010-11-26,1010,1021,1006,1009,510900,1009
2010-11-29,1002,1013,997,1007,918900,1007
2010-11-30,998,1004,981,983,1306700,983
2010-12-01,979,997,979,995,992800,995
2010-12-02,1020,1021,1001,1004,1092800,1004
2010-12-03,1021,1023,1011,1014,664400,1014
2010-12-06,1015,1021,1007,1019,612800,1019
2010-12-07,1017,1019,1002,1009,825400,1009
2010-12-08,1021,1039,1019,1035,1046400,1035
2010-12-09,1055,1058,1041,1052,1008400,1052
2010-12-10,1082,1082,1036,1039,4079700,1039
2010-12-13,1034,1041,1028,1039,630600,1039
2010-12-14,1033,1038,1024,1029,860600,1029
2010-12-15,1025,1032,1017,1022,1062200,1022
2010-12-16,1030,1030,1020,1026,550200,1026
2010-12-17,1020,1027,1017,1017,1146300,1017
2010-12-20,1023,1025,1005,1007,768900,1007
2010-12-21,1020,1035,1019,1034,829200,1034
2010-12-22,1035,1042,1029,1033,858500,1033
2010-12-24,1022,1034,1017,1020,346900,1020
2010-12-27,1025,1035,1022,1031,522900,1031
2010-12-28,1027,1028,1021,1021,315200,1021
2010-12-29,1020,1024,1011,1020,516000,1020
2010-12-30,1020,1020,1003,1008,622800,1008
2011-01-04,1026,1039,1019,1035,630100,1035
2011-01-05,1036,1049,1036,1042,774600,1042
2011-01-06,1074,1084,1074,1077,1170000,1077
2011-01-07,1078,1080,1073,1075,544500,1075
2011-01-11,1063,1067,1055,1064,898900,1064
2011-01-12,1069,1070,1056,1057,475200,1057
2011-01-13,1068,1079,1066,1078,658600,1078
2011-01-14,1051,1081,1050,1050,1601100,1050
2011-01-17,1057,1057,1041,1044,503300,1044
2011-01-18,1047,1060,1046,1051,431200,1051
2011-01-19,1058,1060,1047,1053,345800,1053
2011-01-20,1042,1046,1038,1042,404200,1042
2011-01-21,1047,1053,1039,1044,1025100,1044
2011-01-24,1049,1049,1036,1046,416100,1046
2011-01-25,1050,1061,1049,1056,801800,1056
2011-01-26,1045,1051,1038,1040,541000,1040
2011-01-27,1050,1051,1041,1044,504200,1044
2011-01-28,1041,1046,1025,1028,518100,1028
2011-01-31,1020,1023,1001,1007,696400,1007
2011-02-01,1012,1039,1010,1029,856400,1029
2011-02-02,1050,1093,1046,1089,1713800,1089
2011-02-03,1070,1137,1063,1126,2616500,1126
2011-02-04,1126,1134,1092,1092,1600300,1092
2011-02-07,1113,1121,1104,1110,900300,1110
2011-02-08,1110,1125,1109,1125,795500,1125
2011-02-09,1122,1124,1111,1111,548900,1111
2011-02-10,1103,1112,1095,1102,1003000,1102
2011-02-14,1100,1112,1094,1102,823800,1102
2011-02-15,1080,1090,1074,1079,1080400,1079
2011-02-16,1084,1089,1071,1085,1094400,1085
2011-02-17,1085,1091,1068,1081,1327300,1081
2011-02-18,1077,1077,1067,1070,1108700,1070
2011-02-21,1066,1071,1055,1069,820200,1069
2011-02-22,1050,1061,1044,1048,1100200,1048
2011-02-23,1033,1051,1033,1041,1136700,1041
2011-02-24,1044,1051,1029,1032,1147000,1032
2011-02-25,1046,1061,1044,1053,1270200,1053
2011-02-28,1039,1050,1031,1049,764400,1049
2011-03-01,1055,1066,1046,1065,794900,1065
2011-03-02,1047,1058,1036,1038,631500,1038
2011-03-03,1038,1057,1036,1051,1104600,1051
2011-03-04,1080,1099,1074,1083,1151200,1083
2011-03-07,1076,1076,1055,1059,823300,1059
2011-03-08,1058,1067,1054,1060,563400,1060
2011-03-09,1069,1077,1066,1069,623900,1069
2011-03-10,1059,1062,1048,1051,494000,1051
2011-03-11,1035,1059,1034,1034,3362600,1034
2011-03-14,999,1009,950,971,1222100,971
2011-03-15,923,928,821,821,1417700,821
2011-03-16,821,853,805,840,4124600,840
2011-03-17,821,883,815,858,3319300,858
2011-03-18,863,889,863,872,1927100,872
2011-03-22,896,924,896,922,1977900,922
2011-03-23,913,917,890,894,1872600,894
2011-03-24,899,906,886,889,822100,889
2011-03-25,900,906,883,892,1045500,892
2011-03-28,889,891,869,875,1134100,875
2011-03-29,874,900,860,893,1549200,893
2011-03-30,908,934,902,934,1347500,934
2011-03-31,944,953,928,943,873300,943
2011-04-01,928,941,921,927,705700,927
2011-04-04,939,947,929,930,611500,930
2011-04-05,919,932,911,930,907300,930
2011-04-06,944,955,937,942,1472000,942
2011-04-07,957,970,950,963,1483200,963
2011-04-08,964,995,948,985,2524400,985
2011-04-11,986,997,969,986,1370300,986
2011-04-12,965,971,955,963,1151100,963
2011-04-13,962,974,956,970,675900,970
2011-04-14,962,974,949,968,864800,968
2011-04-15,974,986,970,975,639300,975
2011-04-18,978,991,978,980,804700,980
2011-04-19,966,971,957,962,648400,962
2011-04-20,972,981,963,975,947000,975
2011-04-21,982,988,971,984,567400,984
2011-04-22,972,992,972,985,446400,985
2011-04-25,993,1006,982,986,645400,986
2011-04-26,973,977,957,962,847200,962
2011-04-27,971,987,970,981,720800,981
2011-04-28,984,1014,980,1013,1234800,1013
2011-05-02,1034,1034,1005,1007,1020900,1007
2011-05-06,980,996,980,994,756600,994
2011-05-09,1005,1023,932,936,2626400,936
2011-05-10,944,953,933,945,2279100,945
2011-05-11,949,960,941,956,1636400,956
2011-05-12,942,945,931,932,1145500,932
2011-05-13,932,933,902,917,1728600,917
2011-05-16,902,910,894,894,1390200,894
2011-05-17,886,906,881,903,801000,903
2011-05-18,900,910,890,906,781600,906
2011-05-19,909,915,899,906,627200,906
2011-05-20,902,913,902,904,708700,904
2011-05-23,890,895,882,891,626100,891
2011-05-24,886,897,883,895,690800,895
2011-05-25,893,894,884,887,472300,887
2011-05-26,897,905,890,902,751000,902
2011-05-27,895,906,887,898,620600,898
2011-05-30,897,904,891,898,804000,898
2011-05-31,899,915,893,913,652300,913
2011-06-01,917,917,904,913,1036600,913
2011-06-02,895,905,889,904,1397800,904
2011-06-03,899,906,890,891,897200,891
2011-06-06,889,890,872,874,672800,874
2011-06-07,871,886,866,885,754400,885
2011-06-08,881,886,872,880,624000,880
2011-06-09,881,887,870,887,704900,887
2011-06-10,893,904,888,893,2998200,893
2011-06-13,879,886,874,885,636100,885
2011-06-14,884,905,881,902,852100,902
2011-06-15,900,901,888,897,543900,897
2011-06-16,882,891,879,882,491500,882
2011-06-17,883,896,875,879,989000,879
2011-06-20,886,898,885,893,535200,893
2011-06-21,899,900,882,891,695000,891
2011-06-22,897,921,897,915,920600,915
2011-06-23,902,911,893,894,1013800,894
2011-06-24,892,897,888,894,1003400,894
2011-06-27,883,890,881,881,618700,881
2011-06-28,896,900,885,893,781000,893
2011-06-29,908,909,898,903,708300,903
2011-06-30,905,917,904,913,753200,913
2011-07-01,921,925,909,913,495300,913
2011-07-04,922,928,909,911,724000,911
2011-07-05,910,912,901,909,942400,909
2011-07-06,914,929,910,928,899800,928
2011-07-07,926,949,925,943,1177700,943
2011-07-08,959,959,940,949,1040300,949
2011-07-11,944,953,938,948,692800,948
2011-07-12,933,940,929,938,808200,938
2011-07-13,927,938,921,936,799200,936
2011-07-14,931,933,920,925,868200,925
2011-07-15,921,930,920,926,611800,926
2011-07-19,925,925,914,914,506000,914
2011-07-20,924,929,920,925,424200,925
2011-07-21,925,928,918,924,896700,924
2011-07-22,939,950,937,950,718200,950
2011-07-25,952,952,940,942,556600,942
2011-07-26,950,953,942,949,597100,949
2011-07-27,950,950,938,941,722600,941
2011-07-28,928,928,910,916,1035600,916
2011-07-29,914,921,909,915,707100,915
2011-08-01,915,954,915,947,1476200,947
2011-08-02,930,930,897,905,2166600,905
2011-08-03,892,899,890,896,1356400,896
2011-08-04,897,904,885,888,1272800,888
2011-08-05,850,861,850,854,907600,854
2011-08-08,846,851,830,831,1217600,831
2011-08-09,803,820,789,820,1616900,820
2011-08-10,845,848,829,831,1196200,831
2011-08-11,802,820,802,814,899200,814
2011-08-12,835,850,829,830,2391300,830
2011-08-15,845,852,843,850,931500,850
2011-08-16,859,860,847,855,992100,855
2011-08-17,854,865,851,863,1086300,863
2011-08-18,860,860,843,845,1126100,845
2011-08-19,819,828,814,821,888600,821
2011-08-22,819,831,815,820,807300,820
2011-08-23,831,839,821,837,1130100,837
2011-08-24,852,855,840,845,1439500,845
2011-08-25,865,879,865,873,1899400,873
2011-08-26,876,883,869,875,1724000,875
2011-08-29,865,871,848,854,2066100,854
2011-08-30,869,872,862,868,1118700,868
2011-08-31,859,865,854,859,900100,859
2011-09-01,874,882,871,876,1114300,876
2011-09-02,863,870,856,862,741500,862
2011-09-05,847,853,835,851,930000,851
2011-09-06,838,838,822,823,1064700,823
2011-09-07,828,838,821,838,1352100,838
2011-09-08,844,852,842,846,430000,846
2011-09-09,836,841,824,827,3339300,827
2011-09-12,794,798,789,792,993700,792
2011-09-13,795,800,790,799,923000,799
2011-09-14,790,794,766,767,1880800,767
2011-09-15,785,797,782,788,1118000,788
2011-09-16,806,812,798,810,653000,810
2011-09-20,788,799,787,795,563100,795
2011-09-21,800,804,794,797,438800,797
2011-09-22,791,798,786,793,943800,793
2011-09-26,800,804,784,789,1594000,789
2011-09-27,803,809,797,809,1064900,809
2011-09-28,819,824,809,823,974200,823
2011-09-29,815,832,813,831,1169800,831
2011-09-30,840,849,837,847,917500,847
2011-10-03,820,820,784,793,1767400,793
2011-10-04,780,783,773,775,1199200,775
2011-10-05,789,790,750,757,1690800,757
2011-10-06,786,794,773,777,930700,777
2011-10-07,799,806,776,779,1092000,779
2011-10-11,748,776,744,768,2317100,768
2011-10-12,773,780,766,773,1039000,773
2011-10-13,788,799,783,790,1028500,790
2011-10-14,788,790,770,780,1767800,780
2011-10-17,790,794,782,792,553800,792
2011-10-18,777,788,777,779,421600,779
2011-10-19,796,799,789,794,725400,794
2011-10-20,793,793,773,774,796900,774
2011-10-21,775,783,774,782,716200,782
2011-10-24,795,802,793,801,855300,801
2011-10-25,809,810,778,781,872200,781
2011-10-26,772,788,769,782,715700,782
2011-10-27,780,804,778,804,767400,804
2011-10-28,819,821,800,803,1309600,803
2011-10-31,801,831,801,809,753700,809
2011-11-01,787,800,781,783,964800,783
2011-11-02,764,770,745,754,1452400,754
2011-11-04,766,766,752,759,744700,759
2011-11-07,753,759,745,746,483800,746
2011-11-08,744,749,732,733,641000,733
2011-11-09,745,748,736,745,659300,745
2011-11-10,727,731,721,722,739100,722
2011-11-11,728,744,726,728,1054200,728
2011-11-14,741,747,739,744,491300,744
2011-11-15,745,749,738,745,490300,745
2011-11-16,749,749,728,728,641800,728
2011-11-17,731,744,727,742,717900,742
2011-11-18,728,729,715,718,839000,718
2011-11-21,727,729,719,722,468300,722
2011-11-22,715,722,711,720,517900,720
2011-11-24,708,708,699,705,499700,705
2011-11-25,706,716,696,703,699100,703
2011-11-28,707,715,702,708,483300,708
2011-11-29,721,735,718,734,416800,734
2011-11-30,734,735,723,729,542700,729
2011-12-01,754,759,749,753,1236500,753
2011-12-02,754,758,744,746,1133700,746
2011-12-05,744,759,742,755,694200,755
2011-12-06,736,744,716,716,1453000,716
2011-12-07,724,733,721,728,1165300,728
2011-12-08,721,722,712,720,1132200,720
2011-12-09,701,719,701,715,3754400,715
2011-12-12,724,728,717,719,1060100,719
2011-12-13,705,711,704,706,837500,706
2011-12-14,702,708,701,702,1220900,702
2011-12-15,702,708,701,703,884900,703
2011-12-16,713,717,707,709,1297800,709
2011-12-19,707,708,695,697,707800,697
2011-12-20,702,711,698,706,535800,706
2011-12-21,715,725,712,724,898600,724
2011-12-22,726,732,718,719,1090400,719
2011-12-26,734,734,726,727,372200,727
2011-12-27,718,726,712,719,463800,719
2011-12-28,712,717,702,704,916600,704
2011-12-29,700,706,696,700,532100,700
2011-12-30,701,706,700,706,391200,706
2012-01-04,717,717,708,709,559400,709
2012-01-05,706,709,694,695,692100,695
2012-01-06,693,697,681,684,863900,684
2012-01-10,680,684,678,680,565100,680
2012-01-11,682,687,678,684,587800,684
2012-01-12,679,681,676,680,455500,680
2012-01-13,689,695,687,694,1474400,694
2012-01-16,685,686,675,675,577900,675
2012-01-17,679,683,676,680,562900,680
2012-01-18,676,681,667,673,1192400,673
2012-01-19,671,682,667,677,1340500,677
2012-01-20,684,695,680,691,1343600,691
2012-01-23,698,701,689,699,1242500,699
2012-01-24,701,710,700,708,836200,708
2012-01-25,723,723,711,716,847800,716
2012-01-26,717,717,707,709,823900,709
2012-01-27,712,713,695,702,1133400,702
2012-01-30,701,703,694,700,621900,700
2012-01-31,702,705,696,702,960900,702
2012-02-01,715,721,711,716,1174300,716
2012-02-02,726,746,711,734,1766000,734
2012-02-03,704,707,679,683,3088700,683
2012-02-06,687,687,668,670,2050100,670
2012-02-07,664,671,663,668,1507100,668
2012-02-08,673,691,672,687,1851100,687
2012-02-09,695,695,680,685,1399200,685
2012-02-10,685,698,685,696,1511700,696
2012-02-13,697,700,684,687,1092600,687
2012-02-14,686,700,685,697,1286600,697
2012-02-15,701,724,700,718,1543400,718
2012-02-16,714,723,711,716,873300,716
2012-02-17,738,744,731,734,1137300,734
2012-02-20,750,765,749,761,1521400,761
2012-02-21,759,761,751,755,1095200,755
2012-02-22,750,765,748,760,1033300,760
2012-02-23,762,768,755,767,1336400,767
2012-02-24,762,782,761,781,1311200,781
2012-02-27,796,797,782,786,1006900,786
2012-02-28,771,783,757,783,1112100,783
2012-02-29,788,797,774,777,941900,777
2012-03-01,775,795,772,780,910300,780
2012-03-02,795,795,776,781,1171400,781
2012-03-05,787,794,770,776,833200,776
2012-03-06,777,779,763,770,727400,770
2012-03-07,755,774,755,769,732700,769
2012-03-08,784,786,772,786,724100,786
2012-03-09,803,815,790,807,3569900,807
2012-03-12,815,815,793,794,774000,794
2012-03-13,795,808,793,797,962100,797
2012-03-14,816,825,814,815,951600,815
2012-03-15,829,829,815,815,916100,815
2012-03-16,816,827,815,827,1124000,827
2012-03-19,834,834,822,829,753200,829
2012-03-21,818,828,814,822,961900,822
2012-03-22,821,828,818,825,705700,825
2012-03-23,826,827,813,815,623300,815
2012-03-26,823,823,812,812,489800,812
2012-03-27,833,846,825,842,1882600,842
2012-03-28,838,845,828,841,880900,841
2012-03-29,867,869,849,859,1503800,859
2012-03-30,864,866,853,858,1421800,858
2012-04-02,862,867,855,855,1221700,855
2012-04-03,862,862,846,854,817100,854
2012-04-04,853,862,840,842,1012300,842
2012-04-05,844,849,833,844,1298900,844
2012-04-06,838,846,819,825,952600,825
2012-04-09,810,815,802,804,1119800,804
2012-04-10,805,823,800,806,801300,806
2012-04-11,788,803,788,802,1061700,802
2012-04-12,801,803,790,801,644900,801
2012-04-13,802,802,783,793,2739200,793
2012-04-16,778,795,778,789,730800,789
2012-04-17,785,802,784,796,888800,796
2012-04-18,802,816,800,815,905700,815
2012-04-19,801,807,792,798,1335600,798
2012-04-20,788,791,777,786,1136300,786
2012-04-23,789,794,778,778,725300,778
2012-04-24,775,784,771,774,801700,774
2012-04-25,784,784,773,779,999200,779
2012-04-26,788,791,778,784,770300,784
2012-04-27,777,793,772,779,1353100,779
2012-05-01,780,780,759,766,1022800,766
2012-05-02,760,776,748,766,1286900,766
2012-05-07,742,760,742,752,1004000,752
2012-05-08,758,763,753,759,987200,759
2012-05-09,759,766,754,757,1073700,757
2012-05-10,752,756,750,752,859700,752
2012-05-11,755,765,746,749,1216600,749
2012-05-14,750,753,742,745,655800,745
2012-05-15,740,742,709,719,1011400,719
2012-05-16,713,728,707,711,1010300,711
2012-05-17,701,719,701,716,863200,716
2012-05-18,699,701,681,684,1460700,684
2012-05-21,685,694,680,681,821000,681
2012-05-22,689,697,686,692,872500,692
2012-05-23,692,692,664,667,1169900,667
2012-05-24,667,680,666,674,1069200,674
2012-05-25,681,681,667,673,735800,673
2012-05-28,676,679,663,672,686900,672
2012-05-29,670,679,662,679,926600,679
2012-05-30,681,685,669,675,898400,675
2012-05-31,661,673,655,671,1179300,671
2012-06-01,672,678,668,675,1106300,675
2012-06-04,656,677,654,676,1297000,676
2012-06-05,677,695,673,692,1396800,692
2012-06-06,698,703,688,701,877200,701
2012-06-07,709,717,704,715,772600,715
2012-06-08,717,720,707,714,3436800,714
2012-06-11,734,750,732,746,1280900,746
2012-06-12,733,738,720,732,1033500,732
2012-06-13,737,747,730,744,1179700,744
2012-06-14,743,751,738,745,1029700,745
2012-06-15,739,742,724,732,1331200,732
2012-06-18,747,749,742,748,756500,748
2012-06-19,747,755,743,748,685800,748
2012-06-20,752,757,749,754,996900,754
2012-06-21,757,763,752,756,1010100,756
2012-06-22,744,755,740,753,781800,753
2012-06-25,762,762,749,752,499500,752
2012-06-26,753,758,736,743,870800,743
2012-06-27,743,750,736,748,753000,748
2012-06-28,752,791,745,787,2053500,787
2012-06-29,796,821,791,815,1847900,815
2012-07-02,816,819,803,809,1123900,809
2012-07-03,807,811,798,803,1204500,803
2012-07-04,804,812,797,800,810300,800
2012-07-05,795,801,787,797,915400,797
2012-07-06,794,799,778,786,968500,786
2012-07-09,780,782,769,777,775400,777
2012-07-10,770,786,767,769,968200,769
2012-07-11,764,772,761,768,882100,768
2012-07-12,773,773,752,753,871900,753
2012-07-13,748,764,748,758,813000,758
2012-07-17,760,763,750,758,520100,758
2012-07-18,765,767,751,753,553300,753
2012-07-19,765,776,763,766,842700,766
2012-07-20,767,770,753,754,615500,754
2012-07-23,741,745,731,733,628900,733
2012-07-24,729,731,714,728,1083700,728
2012-07-25,724,726,708,712,808700,712
2012-07-26,704,712,696,707,1219100,707
2012-07-27,717,728,713,727,878100,727
2012-07-30,742,749,731,739,553500,739
2012-07-31,739,762,738,759,811600,759
2012-08-01,744,746,719,743,1129000,743
2012-08-02,736,741,728,732,908500,732
2012-08-03,721,737,721,729,918600,729
2012-08-06,743,757,738,752,622500,752
2012-08-07,748,757,744,755,458200,755
2012-08-08,762,781,761,774,893900,774
2012-08-09,774,786,770,781,1000200,781
2012-08-10,775,776,762,767,740200,767
2012-08-13,766,773,763,768,176800,768
2012-08-14,773,782,773,780,483600,780
2012-08-15,782,783,771,779,346600,779
2012-08-16,785,794,781,793,555600,793
2012-08-17,794,805,790,800,594500,800
2012-08-20,811,817,807,813,670100,813
2012-08-21,811,815,803,804,495700,804
2012-08-22,805,805,792,800,503500,800
2012-08-23,796,815,795,813,642400,813
2012-08-24,803,810,801,805,440800,805
2012-08-27,806,809,800,802,549500,802
2012-08-28,799,804,788,792,624700,792
2012-08-29,799,804,795,803,583400,803
2012-08-30,804,804,792,800,428600,800
2012-08-31,793,794,786,786,460500,786
2012-09-03,785,787,768,773,792300,773
2012-09-04,773,781,768,774,492800,774
2012-09-05,779,779,765,768,541800,768
2012-09-06,766,770,759,767,600300,767
2012-09-07,790,794,776,781,687400,781
2012-09-10,776,781,766,771,516800,771
2012-09-11,763,769,753,768,695300,768
2012-09-12,769,778,762,777,599900,777
2012-09-13,780,786,777,783,387300,783
2012-09-14,780,803,775,799,2300600,799
2012-09-18,804,811,797,798,801500,798
2012-09-19,799,806,792,800,974100,800
2012-09-20,789,796,776,782,1188600,782
2012-09-21,789,802,787,796,795600,796
2012-09-24,787,789,766,773,1205300,773
2012-09-25,769,783,759,769,1078800,769
2012-09-26,750,750,741,746,1031200,746
2012-09-27,740,746,733,736,869900,736
2012-09-28,739,740,719,724,939300,724
2012-10-01,718,721,709,715,579900,715
2012-10-02,725,731,718,721,672800,721
2012-10-03,722,723,705,707,571000,707
2012-10-04,710,715,700,712,475800,712
2012-10-05,715,716,700,707,674100,707
2012-10-09,714,727,711,721,1230500,721
2012-10-10,712,717,705,709,866000,709
2012-10-11,703,719,703,712,995700,712
2012-10-12,719,726,715,723,1410500,723
2012-10-15,723,728,714,725,727900,725
2012-10-16,730,749,729,747,824000,747
2012-10-17,756,757,743,744,600300,744
2012-10-18,756,774,754,770,760000,770
2012-10-19,761,764,747,757,887700,757
2012-10-22,749,774,746,770,671500,770
2012-10-23,779,780,755,764,696100,764
2012-10-24,756,775,755,767,683800,767
2012-10-25,772,780,764,779,749400,779
2012-10-26,743,745,714,717,2575100,717
2012-10-29,712,717,706,712,693200,712
2012-10-30,710,721,706,707,777600,707
2012-10-31,722,723,714,717,672600,717
2012-11-01,722,729,713,727,633800,727
2012-11-02,735,737,721,723,838600,723
2012-11-05,715,718,697,708,882000,708
2012-11-06,707,714,704,711,408800,711
2012-11-07,721,723,710,714,649800,714
2012-11-08,705,709,694,697,791000,697
2012-11-09,690,701,688,699,786500,699
2012-11-12,695,698,691,691,410400,691
2012-11-13,694,696,678,682,699400,682
2012-11-14,681,685,679,682,310500,682
2012-11-15,688,703,682,702,701200,702
2012-11-16,704,723,704,723,715900,723
2012-11-19,737,739,728,730,547400,730
2012-11-20,738,738,727,731,578400,731
2012-11-21,735,737,727,734,549400,734
2012-11-22,744,753,740,753,605300,753
2012-11-26,759,759,744,744,742800,744
2012-11-27,743,749,736,742,547100,742
2012-11-28,732,739,727,728,483800,728
2012-11-29,731,744,728,741,678000,741
2012-11-30,750,754,741,749,711800,749
2012-12-03,748,753,740,742,511300,742
2012-12-04,743,745,736,738,504900,738
2012-12-05,727,737,715,732,1033500,732
2012-12-06,737,751,732,748,746600,748
2012-12-07,745,749,740,740,531400,740
2012-12-10,752,752,739,743,496700,743
2012-12-11,747,748,741,744,430900,744
2012-12-12,752,771,751,768,945100,768
2012-12-13,783,801,783,795,1343100,795
2012-12-14,794,806,783,803,3087600,803
2012-12-17,811,812,792,802,1094100,802
2012-12-18,802,811,798,807,878600,807
2012-12-19,820,829,812,829,942100,829
2012-12-20,819,830,810,817,970900,817
2012-12-21,826,828,791,797,1368500,797
2012-12-25,806,827,802,827,1188000,827
2012-12-26,842,861,834,861,1322100,861
2012-12-27,870,901,868,893,1650200,893
2012-12-28,910,930,902,908,1303300,908
2013-01-04,933,936,919,923,1084400,923
2013-01-07,933,934,913,914,782300,914
2013-01-08,907,923,898,899,802900,899
2013-01-09,888,906,887,902,813500,902
2013-01-10,903,919,901,910,692200,910
2013-01-11,917,943,916,939,1679000,939
2013-01-15,945,949,935,938,684400,938
2013-01-16,930,934,900,911,998500,911
2013-01-17,915,920,879,898,1196200,898
2013-01-18,923,950,923,950,1038400,950
2013-01-21,966,971,938,938,1066500,938
2013-01-22,948,950,913,927,1098100,927
2013-01-23,920,932,904,907,976600,907
2013-01-24,898,924,894,923,559100,923
2013-01-25,938,946,930,944,584600,944
2013-01-28,959,960,940,942,632900,942
2013-01-29,930,958,927,950,653500,950
2013-01-30,956,974,947,974,819600,974
2013-01-31,963,973,951,968,917200,968
2013-02-01,969,979,954,963,712000,963
2013-02-04,966,977,958,968,542400,968
2013-02-05,959,959,943,946,949100,946
2013-02-06,976,1035,973,1026,1195100,1026
2013-02-07,906,920,854,866,4748500,866
2013-02-08,855,882,843,857,3067800,857
2013-02-12,880,881,858,867,1275100,867
2013-02-13,869,900,862,876,1611700,876
2013-02-14,885,902,879,900,1906200,900
2013-02-15,882,894,855,868,1544100,868
2013-02-18,900,906,893,897,964700,897
2013-02-19,882,904,882,893,805800,893
2013-02-20,901,903,884,891,817000,891
2013-02-21,889,905,888,899,963800,899
2013-02-22,900,941,897,936,1390300,936
2013-02-25,956,959,928,936,1177300,936
2013-02-26,903,922,893,897,1094000,897
2013-02-27,898,899,875,878,1060500,878
2013-02-28,897,925,897,921,1470800,921
2013-03-01,921,928,913,925,598700,925
2013-03-04,939,954,933,945,935300,945
2013-03-05,949,949,917,921,668400,921
2013-03-06,936,941,924,933,503300,933
2013-03-07,923,939,915,921,1322900,921
2013-03-08,930,947,930,936,3921400,936
2013-03-11,936,938,925,933,1015600,933
2013-03-12,940,946,926,927,1275900,927
2013-03-13,928,947,926,944,1136600,944
2013-03-14,944,948,929,948,678900,948
2013-03-15,949,954,944,947,905900,947
2013-03-18,923,925,902,904,1435200,904
2013-03-19,918,933,917,930,913000,930
2013-03-21,941,948,936,944,820100,944
2013-03-22,938,948,918,919,1073100,919
2013-03-25,945,945,927,932,946700,932
2013-03-26,920,922,904,906,1085400,906
2013-03-27,911,931,910,926,1531500,926
2013-03-28,915,924,906,912,1471600,912
2013-03-29,917,934,910,934,1070100,934
2013-04-01,939,939,916,916,1385300,916
2013-04-02,912,916,873,888,1551100,888
2013-04-03,897,934,892,934,1694800,934
2013-04-04,904,936,897,936,1572000,936
2013-04-05,958,968,939,954,2157800,954
2013-04-08,980,992,956,960,1644100,960
2013-04-09,985,992,946,954,2163800,954
2013-04-10,967,998,964,995,1956900,995
2013-04-11,990,995,978,991,1597100,991
2013-04-12,989,989,958,964,2718800,964
2013-04-15,958,975,950,967,1317300,967
2013-04-16,952,974,947,965,1265800,965
2013-04-17,967,994,963,983,951400,983
2013-04-18,975,980,954,955,1330700,955
2013-04-19,962,972,950,964,742800,964
2013-04-22,979,994,973,982,874100,982
2013-04-23,972,984,968,979,770600,979
2013-04-24,989,1010,981,1001,1266700,1001
2013-04-25,1007,1010,994,1002,695400,1002
2013-04-26,1032,1088,1030,1074,2672800,1074
2013-04-30,1037,1081,1033,1045,1437100,1045
2013-05-01,1061,1078,1051,1067,1841400,1067
2013-05-02,1088,1095,1062,1088,1220500,1088
2013-05-07,1118,1139,1108,1130,1187500,1130
2013-05-08,1138,1138,1113,1119,1171600,1119
2013-05-09,1133,1159,1129,1145,1439300,1145
2013-05-10,1181,1203,1170,1193,1683700,1193
2013-05-13,1194,1212,1148,1158,1848800,1158
2013-05-14,1159,1187,1158,1167,701400,1167
2013-05-15,1195,1202,1171,1188,2107200,1188
2013-05-16,1194,1199,1148,1173,1127800,1173
2013-05-17,1174,1208,1160,1203,1215900,1203
2013-05-20,1215,1231,1209,1213,843700,1213
2013-05-21,1193,1221,1193,1216,583600,1216
2013-05-22,1230,1247,1218,1236,1171900,1236
2013-05-23,1257,1287,1124,1126,2873500,1126
2013-05-24,1137,1164,1078,1138,2481000,1138
2013-05-27,1085,1118,1072,1110,1149300,1110
2013-05-28,1097,1141,1091,1111,1346300,1111
2013-05-29,1141,1162,1127,1141,1331000,1141
2013-05-30,1101,1114,1064,1071,1881000,1071
2013-05-31,1103,1127,1089,1101,1788500,1101
2013-06-03,1102,1106,1040,1046,1381600,1046
2013-06-04,1041,1090,1038,1078,2000100,1078
2013-06-05,1079,1083,995,1004,1865200,1004
2013-06-06,999,1060,998,1017,2186900,1017
2013-06-07,1003,1054,998,1028,1954900,1028
2013-06-10,1078,1088,1061,1087,1077600,1087
2013-06-11,1090,1113,1077,1087,1552300,1087
2013-06-12,1086,1086,1043,1069,1100600,1069
2013-06-13,1041,1051,968,1001,1801200,1001
2013-06-14,1029,1084,1029,1044,2935800,1044
2013-06-17,1028,1067,1020,1066,882300,1066
2013-06-18,1055,1071,1027,1059,1025000,1059
2013-06-19,1077,1090,1062,1076,750300,1076
2013-06-20,1054,1084,1051,1065,1145600,1065
2013-06-21,1053,1110,1031,1102,1537700,1102
2013-06-24,1122,1130,1081,1087,642900,1087
2013-06-25,1091,1116,1067,1090,806100,1090
2013-06-26,1092,1104,1046,1052,999300,1052
2013-06-27,1058,1095,1049,1090,922200,1090
2013-06-28,1094,1146,1091,1137,1051600,1137
2013-07-01,1136,1160,1114,1158,797400,1158
2013-07-02,1175,1202,1109,1197,1594200,1197
2013-07-03,1200,1209,1173,1182,834600,1182
2013-07-04,1180,1185,1144,1164,965200,1164
2013-07-05,1185,1205,1184,1197,747800,1197
2013-07-08,1201,1207,1171,1171,792100,1171
2013-07-09,1174,1206,1174,1203,875300,1203
2013-07-10,1205,1233,1199,1209,1150900,1209
2013-07-11,1199,1237,1192,1229,1093200,1229
2013-07-12,1240,1262,1235,1256,1693200,1256
2013-07-16,1275,1298,1263,1287,1301500,1287
2013-07-17,1271,1289,1266,1286,827700,1286
2013-07-18,1297,1316,1281,1306,1443100,1306
2013-07-19,1315,1337,1272,1295,1448800,1295
2013-07-22,1325,1362,1304,1322,1463500,1322
2013-07-23,1309,1337,1304,1325,1116500,1325
2013-07-24,1310,1335,1307,1321,768500,1321
2013-07-25,1324,1324,1293,1304,1139600,1304
2013-07-26,1292,1305,1273,1285,1015900,1285
2013-07-29,1265,1284,1247,1249,820400,1249
2013-07-30,1239,1287,1228,1282,948100,1282
2013-07-31,1274,1285,1251,1258,1010100,1258
2013-08-01,1277,1349,1276,1348,1559500,1348
2013-08-02,1385,1393,1349,1392,1370000,1392
2013-08-05,1369,1391,1364,1371,744800,1371
2013-08-06,1365,1403,1357,1401,848500,1401
2013-08-07,1361,1365,1310,1315,2011600,1315
2013-08-08,1302,1328,1273,1281,1167500,1281
2013-08-09,1273,1320,1252,1262,1959700,1262
2013-08-12,1236,1253,1223,1231,1689800,1231
2013-08-13,1251,1253,1225,1246,1373200,1246
2013-08-14,1240,1270,1231,1257,1397000,1257
2013-08-15,1240,1240,1202,1207,1187300,1207
2013-08-16,1202,1222,1197,1216,1011600,1216
2013-08-19,1216,1237,1216,1236,627500,1236
2013-08-20,1236,1236,1195,1200,856200,1200
2013-08-21,1205,1223,1187,1211,1101900,1211
2013-08-22,1199,1212,1188,1203,698500,1203
2013-08-23,1233,1244,1211,1226,1417600,1226
2013-08-26,1225,1231,1206,1212,767900,1212
2013-08-27,1206,1232,1204,1214,628400,1214
2013-08-28,1185,1222,1184,1216,949300,1216
2013-08-29,1214,1235,1203,1234,1127700,1234
2013-08-30,1250,1267,1231,1242,1065500,1242
2013-09-02,1240,1255,1227,1254,714800,1254
2013-09-03,1259,1299,1259,1297,1104400,1297
2013-09-04,1277,1308,1266,1305,795100,1305
2013-09-05,1311,1312,1285,1296,722600,1296
2013-09-06,1290,1298,1258,1269,764300,1269
2013-09-09,1324,1324,1276,1296,600900,1296
2013-09-10,1316,1324,1294,1314,862700,1314
2013-09-11,1320,1333,1304,1307,959700,1307
2013-09-12,1305,1317,1297,1309,686300,1309
2013-09-13,1295,1315,1289,1315,2084800,1315
2013-09-17,1320,1335,1312,1315,451300,1315
2013-09-18,1333,1344,1317,1323,651500,1323
2013-09-19,1343,1352,1333,1349,799600,1349
2013-09-20,1350,1382,1346,1362,845300,1362
2013-09-24,1348,1365,1341,1361,367000,1361
2013-09-25,1364,1369,1339,1343,643100,1343
2013-09-26,1352,1397,1334,1397,896800,1397
2013-09-27,1397,1438,1390,1423,1400200,1423
2013-09-30,1420,1423,1391,1400,1176300,1400
2013-10-01,1406,1420,1389,1390,791000,1390
2013-10-02,1386,1424,1334,1341,1542200,1341
2013-10-03,1334,1350,1315,1332,1105200,1332
2013-10-04,1315,1328,1297,1314,911400,1314
2013-10-07,1348,1363,1337,1342,1292700,1342
2013-10-08,1325,1344,1316,1339,1097500,1339
2013-10-09,1330,1355,1325,1353,924900,1353
2013-10-10,1364,1386,1351,1376,1370600,1376
2013-10-11,1402,1414,1374,1405,2149200,1405
2013-10-15,1424,1441,1424,1438,1052300,1438
2013-10-16,1438,1447,1422,1442,769600,1442
2013-10-17,1468,1479,1429,1447,951300,1447
2013-10-18,1456,1470,1456,1467,589200,1467
2013-10-21,1470,1493,1470,1487,493800,1487
2013-10-22,1483,1498,1477,1489,503000,1489
2013-10-23,1500,1500,1446,1448,718500,1448
2013-10-24,1452,1474,1446,1468,796900,1468
2013-10-25,1453,1455,1411,1415,848900,1415
2013-10-28,1439,1453,1428,1452,429000,1452
2013-10-29,1430,1451,1427,1443,420400,1443
2013-10-30,1465,1477,1448,1476,861500,1476
2013-10-31,1482,1492,1458,1460,886500,1460
2013-11-01,1485,1485,1427,1433,1007200,1433
2013-11-05,1435,1453,1410,1421,967600,1421
2013-11-06,1427,1460,1415,1454,790800,1454
2013-11-07,1458,1458,1422,1425,1066100,1425
2013-11-08,1398,1424,1398,1403,859600,1403
2013-11-11,1429,1444,1420,1427,655400,1427
2013-11-12,1434,1491,1423,1486,1450600,1486
2013-11-13,1473,1494,1470,1481,1062200,1481
2013-11-14,1490,1549,1486,1526,1817700,1526
2013-11-15,1550,1558,1531,1546,1676500,1546
2013-11-18,1563,1564,1526,1535,1386500,1535
2013-11-19,1529,1547,1510,1532,852000,1532
2013-11-20,1534,1545,1513,1517,792400,1517
2013-11-21,1547,1575,1535,1574,1421900,1574
2013-11-22,1590,1593,1535,1541,2036800,1541
2013-11-25,1555,1580,1536,1573,1486500,1573
2013-11-26,1568,1588,1565,1571,1860000,1571
2013-11-27,1569,1592,1566,1572,821900,1572
2013-11-28,1584,1625,1579,1622,1297500,1622
2013-11-29,1622,1637,1594,1613,1149800,1613
2013-12-02,1627,1630,1595,1606,716600,1606
2013-12-03,1620,1636,1610,1624,1120600,1624
2013-12-04,1592,1598,1556,1561,1217700,1561
2013-12-05,1548,1563,1521,1524,1110800,1524
2013-12-06,1513,1544,1512,1539,950200,1539
2013-12-09,1580,1590,1571,1588,939400,1588
2013-12-10,1590,1590,1565,1570,767900,1570
2013-12-11,1558,1569,1536,1555,784400,1555
2013-12-12,1527,1550,1522,1537,993300,1537
2013-12-13,1535,1575,1532,1555,2809800,1555
2013-12-16,1557,1563,1515,1522,584500,1522
2013-12-17,1550,1582,1543,1565,1223400,1565
2013-12-18,1555,1598,1551,1591,1161700,1591
2013-12-19,1600,1648,1599,1627,1414800,1627
2013-12-20,1620,1641,1617,1641,1490700,1641
2013-12-24,1648,1680,1619,1626,1289200,1626
2013-12-25,1629,1649,1622,1649,787400,1649
2013-12-26,1675,1675,1649,1657,747700,1657
2013-12-27,1665,1673,1630,1648,809700,1648
2013-12-30,1657,1673,1641,1669,887400,1669
2014-01-06,1631,1666,1624,1650,1216400,1650
2014-01-07,1636,1667,1630,1657,942200,1657
2014-01-08,1669,1705,1666,1701,924000,1701
2014-01-09,1676,1689,1662,1680,938200,1680
2014-01-10,1659,1690,1641,1690,1637200,1690
2014-01-14,1630,1640,1603,1607,1410900,1607
2014-01-15,1640,1646,1619,1644,1336400,1644
2014-01-16,1644,1658,1624,1631,962800,1631
2014-01-17,1610,1631,1603,1615,1545200,1615
2014-01-20,1618,1621,1598,1612,560200,1612
2014-01-21,1615,1639,1609,1619,927500,1619
2014-01-22,1612,1643,1590,1614,1499800,1614
2014-01-23,1640,1657,1609,1617,1793700,1617
2014-01-24,1594,1599,1539,1551,1840300,1551
2014-01-27,1500,1515,1491,1495,1005600,1495
2014-01-28,1510,1537,1497,1528,1093900,1528
2014-01-29,1546,1576,1538,1576,1004200,1576
2014-01-30,1537,1543,1501,1519,1140300,1519
2014-01-31,1540,1549,1503,1529,967600,1529
2014-02-03,1500,1510,1471,1479,743600,1479
2014-02-04,1435,1440,1372,1376,1671300,1376
2014-02-05,1388,1417,1375,1410,1674000,1410
2014-02-06,1290,1326,1280,1296,2891500,1296
2014-02-07,1325,1328,1304,1319,1952300,1319
2014-02-10,1349,1369,1344,1365,1620800,1365
2014-02-12,1395,1398,1372,1380,1257500,1380
2014-02-13,1376,1387,1348,1352,1510300,1352
2014-02-14,1345,1376,1318,1329,2051800,1329
2014-02-17,1330,1350,1314,1345,973900,1345
2014-02-18,1358,1401,1352,1390,962500,1390
2014-02-19,1356,1388,1356,1380,740600,1380
2014-02-20,1370,1373,1327,1330,1184500,1330
2014-02-21,1346,1395,1345,1386,1011600,1386
2014-02-24,1371,1407,1364,1385,835900,1385
2014-02-25,1406,1435,1401,1426,1098700,1426
2014-02-26,1396,1437,1391,1416,696800,1416
2014-02-27,1414,1420,1390,1411,713900,1411
2014-02-28,1417,1424,1382,1391,833600,1391
2014-03-03,1380,1381,1343,1368,629300,1368
2014-03-04,1360,1377,1348,1373,618400,1373
2014-03-05,1392,1410,1384,1388,737400,1388
2014-03-06,1412,1433,1397,1427,886600,1427
2014-03-07,1434,1447,1410,1423,765900,1423
2014-03-10,1410,1428,1393,1411,627900,1411
2014-03-11,1409,1433,1409,1427,545300,1427
2014-03-12,1412,1413,1379,1379,718900,1379
2014-03-13,1387,1392,1373,1376,694700,1376
2014-03-14,1327,1365,1325,1354,3015700,1354
2014-03-17,1341,1368,1340,1354,901600,1354
2014-03-18,1365,1370,1348,1354,601800,1354
2014-03-19,1358,1374,1335,1356,715800,1356
2014-03-20,1352,1359,1304,1306,1045200,1306
2014-03-24,1302,1329,1296,1304,1252400,1304
2014-03-25,1265,1307,1260,1297,1226500,1297
2014-03-26,1303,1304,1264,1278,1770400,1278
2014-03-27,1263,1305,1247,1298,1085300,1298
2014-03-28,1291,1325,1288,1322,814500,1322
2014-03-31,1327,1335,1313,1329,552900,1329
2014-04-01,1349,1359,1322,1323,986500,1323
2014-04-02,1341,1369,1333,1351,1056100,1351
2014-04-03,1365,1394,1355,1374,1224800,1374
2014-04-04,1370,1392,1355,1390,1197500,1390
2014-04-07,1377,1387,1361,1383,843500,1383
2014-04-08,1371,1383,1362,1365,737000,1365
2014-04-09,1365,1368,1332,1334,933600,1334
2014-04-10,1352,1353,1312,1318,792700,1318
2014-04-11,1278,1288,1267,1278,1954200,1278
2014-04-14,1269,1302,1269,1292,720700,1292
2014-04-15,1320,1364,1313,1333,1332600,1333
2014-04-16,1350,1385,1349,1378,1098500,1378
2014-04-17,1362,1383,1353,1370,849700,1370
2014-04-18,1370,1393,1370,1391,434100,1391
2014-04-21,1390,1407,1385,1398,464700,1398
2014-04-22,1410,1411,1376,1377,445200,1377
2014-04-23,1396,1400,1383,1400,477400,1400
2014-04-24,1395,1413,1385,1394,583000,1394
2014-04-25,1397,1418,1383,1390,687500,1390
2014-04-28,1375,1386,1365,1386,434000,1386
2014-04-30,1397,1398,1361,1368,788300,1368
2014-05-01,1500,1528,1487,1520,2410500,1520
2014-05-02,1522,1552,1511,1535,1543500,1535
2014-05-07,1504,1524,1484,1492,1609700,1492
2014-05-08,1516,1544,1502,1514,1149900,1514
2014-05-09,1495,1532,1491,1513,1287300,1513
2014-05-12,1518,1535,1506,1524,770100,1524
2014-05-13,1540,1569,1539,1557,886900,1557
2014-05-14,1558,1566,1543,1560,637400,1560
2014-05-15,1566,1582,1553,1580,1074400,1580
2014-05-16,1568,1574,1554,1561,851400,1561
2014-05-19,1563,1565,1522,1529,928900,1529
2014-05-20,1536,1537,1515,1523,643500,1523
2014-05-21,1517,1535,1496,1530,836600,1530
2014-05-22,1564,1574,1543,1573,1220400,1573
2014-05-23,1573,1586,1567,1570,982400,1570
2014-05-26,1593,1596,1567,1587,508700,1587
2014-05-27,1599,1612,1586,1589,712000,1589
2014-05-28,1590,1617,1586,1608,646600,1608
2014-05-29,1614,1625,1593,1613,557000,1613
2014-05-30,1600,1614,1575,1585,1338700,1585
2014-06-02,1596,1639,1596,1630,727300,1630
2014-06-03,1655,1675,1613,1633,1112300,1633
2014-06-04,1633,1648,1622,1640,757200,1640
2014-06-05,1641,1653,1631,1648,806500,1648
2014-06-06,1647,1651,1633,1643,757700,1643
2014-06-09,1658,1660,1641,1644,537500,1644
2014-06-10,1660,1663,1629,1635,620500,1635
2014-06-11,1648,1690,1648,1677,1025100,1677
2014-06-12,1673,1674,1642,1666,986700,1666
2014-06-13,1666,1690,1646,1687,1659700,1687
2014-06-16,1667,1676,1638,1651,806000,1651
2014-06-17,1669,1680,1661,1679,640000,1679
2014-06-18,1690,1699,1674,1689,584800,1689
2014-06-19,1676,1703,1668,1699,855700,1699
2014-06-20,1685,1703,1670,1684,1005200,1684
2014-06-23,1644,1649,1604,1626,2020900,1626
2014-06-24,1634,1642,1614,1623,810800,1623
2014-06-25,1617,1617,1594,1601,1101400,1601
2014-06-26,1622,1622,1602,1611,787100,1611
2014-06-27,1622,1622,1582,1588,819200,1588
2014-06-30,1607,1611,1578,1601,1057100,1601
2014-07-01,1609,1635,1609,1621,1034600,1621
2014-07-02,1621,1635,1614,1617,694000,1617
2014-07-03,1613,1628,1602,1610,707500,1610
2014-07-04,1630,1630,1596,1602,797500,1602
2014-07-07,1595,1600,1589,1591,587700,1591
2014-07-08,1586,1610,1577,1606,645700,1606
2014-07-09,1588,1607,1585,1604,591300,1604
2014-07-10,1609,1614,1596,1598,683500,1598
2014-07-11,1589,1609,1584,1601,893000,1601
2014-07-14,1602,1619,1587,1597,727800,1597
2014-07-15,1614,1619,1607,1614,421100,1614
2014-07-16,1614,1617,1596,1597,427400,1597
2014-07-17,1607,1614,1595,1602,478500,1602
2014-07-18,1558,1563,1532,1541,1359000,1541
2014-07-22,1548,1562,1533,1555,838700,1555
2014-07-23,1555,1568,1555,1564,423300,1564
2014-07-24,1578,1579,1551,1558,612000,1558
2014-07-25,1573,1592,1558,1589,788500,1589
2014-07-28,1592,1608,1584,1589,887100,1589
2014-07-29,1589,1589,1574,1583,738800,1583
2014-07-30,1579,1599,1574,1583,601800,1583
2014-07-31,1603,1613,1589,1593,831400,1593
2014-08-01,1553,1580,1536,1549,1380300,1549
2014-08-04,1551,1576,1540,1557,1046300,1557
2014-08-05,1559,1561,1524,1528,846200,1528
2014-08-06,1527,1538,1518,1523,716500,1523
2014-08-07,1523,1530,1512,1527,621500,1527
2014-08-08,1504,1520,1473,1473,1192500,1473
2014-08-11,1509,1532,1499,1524,757700,1524
2014-08-12,1520,1524,1502,1511,774300,1511
2014-08-13,1495,1518,1484,1516,823400,1516
2014-08-14,1512,1531,1506,1522,804900,1522
2014-08-15,1521,1553,1516,1551,816600,1551
2014-08-18,1535,1546,1516,1524,740900,1524
2014-08-19,1537,1540,1523,1535,562400,1535
2014-08-20,1535,1535,1519,1526,421700,1526
2014-08-21,1535,1549,1531,1537,548400,1537
2014-08-22,1533,1544,1521,1528,537600,1528
2014-08-25,1541,1548,1530,1544,435500,1544
2014-08-26,1541,1543,1515,1518,542400,1518
2014-08-27,1518,1530,1508,1521,533600,1521
2014-08-28,1505,1521,1478,1483,1085400,1483
2014-08-29,1489,1497,1481,1492,973800,1492
2014-09-01,1508,1512,1482,1485,388900,1485
2014-09-02,1499,1526,1493,1514,561300,1514
2014-09-03,1516,1520,1506,1508,569200,1508
2014-09-04,1494,1504,1490,1491,392900,1491
2014-09-05,1511,1513,1487,1489,392900,1489
2014-09-08,1485,1490,1476,1478,354100,1478
2014-09-09,1488,1494,1471,1472,558300,1472
2014-09-10,1469,1483,1465,1481,497100,1481
2014-09-11,1484,1506,1484,1503,872900,1503
2014-09-12,1488,1504,1484,1490,2252900,1490
2014-09-16,1480,1488,1467,1470,556300,1470
2014-09-17,1485,1490,1471,1472,617800,1472
2014-09-18,1492,1493,1474,1488,664400,1488
2014-09-19,1499,1506,1490,1502,681200,1502
2014-09-22,1492,1497,1470,1472,684100,1472
2014-09-24,1484,1485,1468,1477,792000,1477
2014-09-25,1486,1493,1475,1481,838400,1481
2014-09-26,1459,1466,1440,1445,953200,1445
2014-09-29,1446,1461,1446,1452,654100,1452
2014-09-30,1444,1448,1426,1433,857600,1433
2014-10-01,1434,1445,1429,1429,611300,1429
2014-10-02,1421,1428,1392,1393,1161200,1393
2014-10-03,1380,1408,1380,1407,1047900,1407
2014-10-06,1431,1444,1417,1434,1066200,1434
2014-10-07,1422,1434,1407,1414,852500,1414
2014-10-08,1394,1394,1382,1389,613700,1389
2014-10-09,1391,1398,1378,1380,657000,1380
2014-10-10,1361,1365,1346,1352,1107500,1352
2014-10-14,1324,1344,1319,1329,821600,1329
2014-10-15,1326,1334,1316,1332,721800,1332
2014-10-16,1286,1302,1269,1273,1463800,1273
2014-10-17,1287,1297,1276,1277,1239200,1277
2014-10-20,1307,1326,1305,1325,897300,1325
2014-10-21,1319,1322,1287,1293,758800,1293
2014-10-22,1311,1339,1311,1337,742800,1337
2014-10-23,1332,1334,1318,1324,478800,1324
2014-10-24,1340,1353,1334,1346,793200,1346
2014-10-27,1361,1371,1347,1370,698800,1370
2014-10-28,1372,1391,1372,1385,832500,1385
2014-10-29,1387,1426,1378,1421,1059300,1421
2014-10-30,1432,1437,1420,1431,775200,1431
2014-10-31,1445,1513,1430,1501,1583400,1501
2014-11-04,1534,1543,1458,1526,2471000,1526
2014-11-05,1520,1536,1513,1528,1423900,1528
2014-11-06,1535,1541,1506,1513,887700,1513
2014-11-07,1532,1542,1524,1541,929400,1541
2014-11-10,1532,1538,1523,1532,549500,1532
2014-11-11,1541,1572,1536,1567,885900,1567
2014-11-12,1577,1603,1572,1575,1098000,1575
2014-11-13,1582,1613,1574,1607,936300,1607
2014-11-14,1624,1629,1607,1623,1844000,1623
2014-11-17,1622,1624,1561,1570,1166700,1570
2014-11-18,1597,1613,1595,1612,804300,1612
2014-11-19,1621,1644,1621,1629,837800,1629
2014-11-20,1659,1691,1658,1683,1608400,1683
2014-11-21,1684,1708,1678,1704,1366200,1704
2014-11-25,1730,1734,1712,1719,935600,1719
2014-11-26,1718,1739,1716,1732,996000,1732
2014-11-27,1737,1768,1736,1746,1172800,1746
2014-11-28,1749,1770,1749,1769,1022900,1769
2014-12-01,1767,1812,1767,1807,775000,1807
2014-12-02,1793,1818,1784,1809,960900,1809
2014-12-03,1822,1870,1822,1851,1188000,1851
2014-12-04,1861,1871,1843,1859,973200,1859
2014-12-05,1859,1878,1852,1862,699500,1862
2014-12-08,1859,1866,1836,1853,760600,1853
2014-12-09,1827,1859,1824,1843,693400,1843
2014-12-10,1810,1820,1779,1795,922200,1795
2014-12-11,1759,1790,1752,1786,729600,1786
2014-12-12,1801,1845,1800,1822,2362500,1822
2014-12-15,1782,1804,1769,1774,1237800,1774
2014-12-16,1737,1765,1729,1733,1220000,1733
2014-12-17,1722,1748,1712,1743,1098300,1743
2014-12-18,1782,1800,1779,1792,772200,1792
2014-12-19,1838,1841,1797,1812,887800,1812
2014-12-22,1819,1826,1793,1811,514200,1811
2014-12-24,1846,1867,1838,1852,903600,1852
2014-12-25,1859,1863,1832,1840,317600,1840
2014-12-26,1830,1857,1827,1854,275100,1854
2014-12-29,1870,1885,1824,1850,561100,1850
2014-12-30,1841,1846,1795,1795,593300,1795
2015-01-05,1779,1806,1757,1792,560000,1792
2015-01-06,1741,1752,1709,1710,993300,1710
2015-01-07,1690,1720,1689,1703,966600,1703
2015-01-08,1711,1746,1705,1740,729600,1740
2015-01-09,1772,1780,1725,1732,1223100,1732
2015-01-13,1702,1725,1694,1724,715300,1724
2015-01-14,1701,1734,1686,1690,874300,1690
2015-01-15,1700,1744,1699,1737,753300,1737
2015-01-16,1688,1692,1607,1649,1901500,1649
2015-01-19,1666,1691,1659,1683,780300,1683
2015-01-20,1679,1710,1673,1707,870300,1707
2015-01-21,1709,1724,1696,1721,748600,1721
2015-01-22,1713,1726,1697,1719,642200,1719
2015-01-23,1728,1733,1683,1690,829700,1690
2015-01-26,1656,1668,1636,1645,1105000,1645
2015-01-27,1665,1694,1660,1693,890900,1693
2015-01-28,1682,1718,1675,1713,615300,1713
2015-01-29,1682,1754,1682,1743,1015600,1743
2015-01-30,1776,1783,1727,1731,725000,1731
2015-02-02,1733,1740,1704,1718,453900,1718
2015-02-03,1711,1711,1678,1684,736000,1684
2015-02-04,1726,1758,1713,1758,909800,1758
2015-02-05,1718,1773,1718,1745,782600,1745
2015-02-06,1785,1787,1754,1769,1003400,1769
2015-02-09,1800,1802,1753,1767,682000,1767
2015-02-10,1772,1802,1760,1779,879600,1779
2015-02-12,1825,1839,1808,1814,727600,1814
2015-02-13,1809,1842,1790,1796,1046600,1796
2015-02-16,1811,1834,1805,1810,623300,1810
2015-02-17,1802,1828,1790,1795,615800,1795
2015-02-18,1807,1877,1806,1874,1019700,1874
2015-02-19,1898,1993,1894,1981,1776200,1981
2015-02-20,1983,2024,1980,1981,1458900,1981
2015-02-23,1999,2062,1995,2055,1302800,2055
2015-02-24,2061,2072,2025,2042,913400,2042
2015-02-25,2050,2062,2030,2035,858200,2035
2015-02-26,1995,2025,1983,2023,1529800,2023
2015-02-27,2006,2037,1986,2026,1248300,2026
2015-03-02,2055,2085,2034,2080,939300,2080
2015-03-03,2097,2106,2060,2081,898800,2081
2015-03-04,2066,2083,2042,2080,692700,2080
2015-03-05,2051,2088,2050,2073,980600,2073
2015-03-06,2076,2169,2055,2160,1556100,2160
2015-03-09,2135,2159,2117,2128,1246000,2128
2015-03-10,2148,2166,2080,2093,1510900,2093
2015-03-11,2086,2129,2074,2109,1026900,2109
2015-03-12,2125,2235,2124,2220,1630500,2220
2015-03-13,2245,2274,2224,2228,2506100,2228
2015-03-16,2211,2247,2206,2213,894800,2213
2015-03-17,2225,2235,2187,2219,1003400,2219
2015-03-18,2234,2346,2234,2329,1493200,2329
2015-03-19,2328,2355,2275,2277,1442600,2277
2015-03-20,2263,2287,2219,2242,2160100,2242
2015-03-23,2239,2273,2235,2242,1145300,2242
2015-03-24,2239,2251,2205,2219,1075200,2219
2015-03-25,2227,2239,2175,2215,910600,2215
2015-03-26,2194,2200,2156,2164,982900,2164
2015-03-27,2154,2189,2119,2141,1004800,2141
2015-03-30,2160,2185,2140,2164,614200,2164
2015-03-31,2174,2186,2104,2104,1343800,2104
2015-04-01,2109,2153,2083,2130,1143400,2130
2015-04-02,2135,2205,2135,2183,1120000,2183
2015-04-03,2218,2300,2217,2294,1540600,2294
2015-04-06,2305,2417,2303,2374,1756100,2374
2015-04-07,2409,2468,2371,2396,2027900,2396
2015-04-08,2400,2450,2384,2410,1974100,2410
2015-04-09,2416,2434,2383,2391,1517100,2391
2015-04-10,2385,2406,2343,2386,2263700,2386
2015-04-13,2364,2378,2334,2360,1043500,2360
2015-04-14,2326,2358,2323,2358,718800,2358
2015-04-15,2367,2415,2362,2390,873200,2390
2015-04-16,2356,2365,2311,2343,1039600,2343
2015-04-17,2243,2282,2188,2211,1703900,2211
2015-04-20,2211,2229,2182,2221,708900,2221
2015-04-21,2246,2269,2216,2266,893400,2266
2015-04-22,2260,2281,2248,2274,1001000,2274
2015-04-23,2261,2279,2245,2260,956800,2260
2015-04-24,2256,2270,2219,2223,823400,2223
2015-04-27,2215,2239,2185,2193,1134500,2193
2015-04-28,2225,2279,2219,2265,1046400,2265
2015-04-30,2185,2245,2171,2179,1315600,2179
2015-05-01,2100,2197,2093,2194,1579900,2194
2015-05-07,2195,2249,2146,2175,1407000,2175
2015-05-08,2177,2220,2170,2215,1023600,2215
2015-05-11,2265,2313,2240,2309,1204200,2309
2015-05-12,2355,2387,2318,2358,1387300,2358
2015-05-13,2319,2355,2267,2289,1367000,2289
2015-05-14,2250,2301,2250,2273,926400,2273
2015-05-15,2261,2264,2201,2249,959700,2249
2015-05-18,2291,2367,2291,2363,1276700,2363
2015-05-19,2384,2411,2366,2403,1069900,2403
2015-05-20,2419,2473,2412,2461,1230600,2461
2015-05-21,2480,2514,2469,2472,1075100,2472
2015-05-22,2469,2469,2412,2446,643300,2446
2015-05-25,2427,2465,2427,2457,449700,2457
2015-05-26,2492,2525,2472,2516,1097000,2516
2015-05-27,2530,2606,2521,2575,1490100,2575
2015-05-28,2600,2610,2523,2550,1244100,2550
2015-05-29,2505,2555,2505,2530,1859600,2530
2015-06-01,2525,2547,2495,2535,643100,2535
2015-06-02,2550,2562,2491,2527,1177200,2527
2015-06-03,2490,2558,2481,2539,1132100,2539
2015-06-04,2534,2559,2515,2520,737600,2520
2015-06-05,2503,2510,2473,2507,591100,2507
2015-06-08,2510,2524,2477,2493,519000,2493
2015-06-09,2465,2468,2418,2418,682600,2418
2015-06-10,2468,2489,2411,2427,1105800,2427
2015-06-11,2438,2446,2405,2423,961900,2423
2015-06-12,2446,2474,2430,2462,1723200,2462
2015-06-15,2430,2463,2427,2438,583300,2438
2015-06-16,2431,2447,2405,2422,575200,2422
2015-06-17,2422,2430,2354,2369,949700,2369
2015-06-18,2485,2559,2470,2474,2111700,2474
2015-06-19,2488,2510,2465,2486,1278700,2486
2015-06-22,2469,2513,2468,2512,507500,2512
2015-06-23,2511,2618,2511,2593,1049100,2593
2015-06-24,2593,2598,2556,2586,670800,2586
2015-06-25,2578,2597,2563,2569,537100,2569
2015-06-26,2593,2606,2561,2579,687600,2579
2015-06-29,2511,2546,2496,2499,779300,2499
2015-06-30,2461,2477,2415,2470,1469400,2470
2015-07-01,2481,2553,2459,2551,606500,2551
2015-07-02,2593,2593,2559,2580,491700,2580
2015-07-03,2600,2657,2600,2646,759200,2646
2015-07-06,2595,2600,2519,2560,1045500,2560
2015-07-07,2600,2625,2571,2585,537600,2585
2015-07-08,2559,2598,2495,2495,803600,2495
2015-07-09,2416,2503,2383,2501,1055000,2501
2015-07-10,2516,2580,2498,2517,1433400,2517
2015-07-13,2542,2639,2528,2629,694000,2629
2015-07-14,2643,2691,2643,2669,627600,2669
2015-07-15,2655,2673,2629,2646,528100,2646
2015-07-16,2680,2744,2677,2734,754600,2734
2015-07-17,2730,2766,2705,2751,593500,2751
2015-07-21,2761,2765,2727,2758,457200,2758
2015-07-22,2749,2754,2671,2713,812200,2713
2015-07-23,2763,2811,2749,2783,638200,2783
2015-07-24,2800,2853,2780,2798,734300,2798
2015-07-27,2794,2811,2761,2782,695300,2782
2015-07-28,2775,2818,2741,2800,655000,2800
2015-07-29,2850,2869,2803,2857,706900,2857
2015-07-30,2870,2870,2796,2810,1048500,2810
2015-07-31,3010,3010,2893,2921,1141900,2921
2015-08-03,2871,2929,2845,2928,629400,2928
2015-08-04,2894,2941,2888,2899,663100,2899
2015-08-05,2884,2920,2870,2908,815800,2908
2015-08-06,2958,2989,2931,2940,659700,2940
2015-08-07,2936,2974,2901,2967,585600,2967
2015-08-10,2953,3015,2932,3005,625100,3005
2015-08-11,3005,3010,2916,2965,908200,2965
2015-08-12,2952,2983,2881,2899,700700,2899
2015-08-13,2930,2995,2906,2986,781700,2986
2015-08-14,2991,3055,2989,3005,840000,3005
2015-08-17,3045,3090,3045,3080,588400,3080
2015-08-18,3110,3115,3020,3040,647300,3040
2015-08-19,3050,3100,3040,3040,883700,3040
2015-08-20,3035,3130,3015,3080,956700,3080
2015-08-21,2995,2999,2870,2877,1186100,2877
2015-08-24,2795,2847,2680,2691,1283200,2691
2015-08-25,2590,2750,2553,2575,1428400,2575
2015-08-26,2536,2657,2529,2651,1171200,2651
2015-08-27,2727,2756,2683,2711,1030600,2711
2015-08-28,2779,2804,2741,2772,1545900,2772
2015-08-31,2769,2808,2742,2778,746000,2778
2015-09-01,2745,2746,2632,2632,728700,2632
2015-09-02,2615,2732,2606,2631,1077700,2631
2015-09-03,2654,2679,2616,2621,713000,2621
2015-09-04,2645,2650,2530,2547,832900,2547
2015-09-07,2547,2598,2493,2569,672900,2569
2015-09-08,2587,2594,2460,2463,702500,2463
2015-09-09,2579,2711,2558,2711,1187100,2711
2015-09-10,2632,2675,2580,2662,662500,2662
2015-09-11,2660,2711,2636,2702,1988100,2702
2015-09-14,2706,2730,2660,2675,640100,2675
2015-09-15,2700,2736,2671,2697,550200,2697
2015-09-16,2741,2741,2682,2706,576700,2706
2015-09-17,2723,2744,2678,2739,589700,2739
2015-09-18,2688,2693,2639,2642,799800,2642
2015-09-24,2604,2682,2601,2612,702300,2612
2015-09-25,2631,2687,2602,2677,746700,2677
2015-09-28,2695,2725,2635,2654,461500,2654
2015-09-29,2629,2633,2531,2542,1150100,2542
2015-09-30,2619,2654,2557,2638,769700,2638
2015-10-01,2638,2748,2621,2730,823300,2730
2015-10-02,2708,2772,2689,2767,435300,2767
2015-10-05,2822,2867,2822,2847,583000,2847
2015-10-06,2900,2901,2854,2875,710300,2875
2015-10-07,2861,2875,2798,2857,666300,2857
2015-10-08,2832,2842,2748,2768,736500,2768
2015-10-09,2800,2848,2768,2847,1029100,2847
2015-10-13,2828,2884,2810,2859,739100,2859
2015-10-14,2866,2883,2770,2790,637800,2790
2015-10-15,2775,2825,2752,2810,543300,2810
2015-10-16,2859,2890,2841,2851,622700,2851
2015-10-19,2828,2891,2817,2845,606300,2845
2015-10-20,2865,2868,2829,2839,645900,2839
2015-10-21,2860,2889,2830,2884,846200,2884
2015-10-22,2844,2877,2824,2835,443000,2835
2015-10-23,2920,2947,2892,2925,789900,2925
2015-10-26,2961,3015,2945,2952,511900,2952
2015-10-27,2953,3020,2951,2969,669600,2969
2015-10-28,2985,2991,2928,2949,487900,2949
2015-10-29,2984,2994,2931,2945,435200,2945
2015-10-30,2983,3040,2925,3025,704200,3025
2015-11-02,3000,3050,2939,2946,810100,2946
2015-11-04,3000,3040,2973,2987,644100,2987
2015-11-05,3010,3080,3000,3055,510900,3055
2015-11-06,3075,3100,3065,3085,561100,3085
2015-11-09,3100,3190,3100,3175,887300,3175
2015-11-10,3140,3185,3095,3115,870300,3115
2015-11-11,3115,3165,3110,3135,494000,3135
2015-11-12,3145,3180,3115,3120,679500,3120
2015-11-13,3100,3140,3050,3130,760500,3130
2015-11-16,3065,3120,3060,3115,437000,3115
2015-11-17,3150,3190,3140,3170,712900,3170
2015-11-18,3200,3235,3185,3190,667300,3190
2015-11-19,3245,3280,3220,3275,681700,3275
2015-11-20,3245,3275,3225,3260,724700,3260
2015-11-24,3240,3280,3240,3255,551500,3255
2015-11-25,3240,3260,3210,3220,782800,3220
2015-11-26,3195,3220,3180,3200,891000,3200
2015-11-27,3220,3245,3180,3205,668700,3205
2015-11-30,3180,3180,3085,3100,1040600,3100
2015-12-01,3145,3165,3085,3115,859500,3115
2015-12-02,3115,3150,3090,3135,797800,3135
2015-12-03,3115,3120,3080,3095,627500,3095
2015-12-04,2995,3025,2978,2996,1026600,2996
2015-12-07,3040,3095,3030,3030,659700,3030
2015-12-08,3010,3060,2999,3010,652400,3010
2015-12-09,2999,3015,2965,2983,1090200,2983
2015-12-10,2966,2972,2919,2928,858200,2928
2015-12-11,2900,2984,2898,2954,1793100,2954
2015-12-14,2875,2890,2817,2879,996400,2879
2015-12-15,2903,2928,2853,2857,814300,2857
2015-12-16,2890,2931,2881,2928,812900,2928
2015-12-17,2973,3010,2954,2960,1354700,2960
2015-12-18,2932,3055,2888,2904,1713400,2904
2015-12-21,2896,2906,2817,2881,695500,2881
2015-12-22,2847,2893,2831,2880,707900,2880
2015-12-24,2900,2934,2826,2829,660300,2829
2015-12-25,2857,2910,2831,2893,620400,2893
2015-12-28,2924,2939,2854,2902,615600,2902
2015-12-29,2898,2958,2887,2943,496500,2943
2015-12-30,2936,2971,2927,2949,498100,2949
2016-01-04,2907,2939,2794,2810,832100,2810
2016-01-05,2813,2856,2804,2822,736800,2822
2016-01-06,2812,2825,2730,2769,679800,2769
2016-01-07,2764,2778,2706,2734,798800,2734
2016-01-08,2684,2767,2684,2697,1622800,2697
2016-01-12,2661,2705,2608,2619,932300,2619
2016-01-13,2658,2737,2657,2723,880100,2723
2016-01-14,2646,2669,2587,2636,977200,2636
2016-01-15,2682,2699,2605,2622,721400,2622
2016-01-18,2551,2599,2524,2584,647600,2584
2016-01-19,2595,2620,2561,2599,656800,2599
2016-01-20,2606,2618,2491,2496,810000,2496
2016-01-21,2524,2568,2442,2446,794800,2446
2016-01-22,2539,2581,2485,2575,1238000,2575
2016-01-25,2586,2658,2565,2632,747900,2632
2016-01-26,2582,2623,2565,2602,833000,2602
2016-01-27,2639,2708,2639,2688,843400,2688
2016-01-28,2694,2744,2668,2701,952000,2701
2016-01-29,2740,2842,2692,2831,1572400,2831
2016-02-01,2874,2913,2863,2903,850700,2903
2016-02-02,2839,2898,2839,2867,596400,2867
2016-02-03,2808,2830,2762,2783,776700,2783
2016-02-04,2744,2750,2660,2673,969900,2673
2016-02-05,3025,3175,3005,3080,3553200,3080
2016-02-08,3040,3105,2980,3070,1757900,3070
2016-02-09,2980,2993,2921,2946,1455600,2946
2016-02-10,3020,3045,2870,2929,2113700,2929
2016-02-12,2844,2844,2714,2767,2706700,2767
2016-02-15,2867,3080,2845,3050,1862200,3050
2016-02-16,2974,3095,2949,3040,1301100,3040
2016-02-17,3025,3045,2917,2960,1592200,2960
2016-02-18,3060,3135,3045,3085,1279800,3085
2016-02-19,3055,3095,3020,3090,878100,3090
2016-02-22,3075,3220,3070,3180,1085300,3180
2016-02-23,3180,3200,3095,3110,1397400,3110
2016-02-24,3100,3135,3080,3125,1146600,3125
2016-02-25,3180,3210,3135,3195,1182300,3195
2016-02-26,3220,3245,3190,3195,900100,3195
2016-02-29,3195,3215,3130,3150,1301000,3150
2016-03-01,3140,3175,3105,3150,960200,3150
2016-03-02,3250,3315,3240,3265,1258900,3265
2016-03-03,3225,3255,3160,3190,1268500,3190
2016-03-04,3150,3220,3090,3215,1294800,3215
2016-03-07,3285,3300,3250,3280,1343500,3280
2016-03-08,3280,3300,3210,3250,1091700,3250
2016-03-09,3215,3230,3160,3200,1019700,3200
2016-03-10,3270,3385,3255,3370,1391200,3370
2016-03-11,3335,3440,3330,3405,2558300,3405
2016-03-14,3460,3500,3445,3465,861900,3465
2016-03-15,3465,3565,3460,3500,1170100,3500
2016-03-16,3465,3525,3445,3500,813000,3500
2016-03-17,3540,3575,3470,3500,1058100,3500
2016-03-18,3490,3505,3455,3470,1199700,3470
2016-03-22,3500,3565,3485,3525,985700,3525
2016-03-23,3495,3515,3465,3475,863900,3475
2016-03-24,3500,3525,3455,3480,1200400,3480
2016-03-25,3495,3530,3490,3505,747800,3505
2016-03-28,3530,3555,3470,3510,759000,3510
2016-03-29,3480,3510,3470,3495,716100,3495
2016-03-30,3475,3550,3455,3490,1037000,3490
2016-03-31,3510,3535,3390,3390,1065500,3390
2016-04-01,3380,3400,3320,3335,1621500,3335
2016-04-04,3295,3315,3270,3295,1478700,3295
2016-04-05,3310,3340,3260,3275,1531800,3275
2016-04-06,3245,3270,3205,3225,1160400,3225
2016-04-07,3220,3290,3210,3280,1199700,3280
2016-04-08,3250,3310,3210,3265,1418700,3265
2016-04-11,3205,3230,3155,3220,1248400,3220
2016-04-12,3200,3240,3185,3215,1190100,3215
2016-04-13,3275,3320,3270,3315,1180400,3315
2016-04-14,3370,3380,3260,3305,1657000,3305
2016-04-15,3290,3340,3275,3305,1038800,3305
2016-04-18,3205,3235,3175,3180,1026100,3180
2016-04-19,3300,3320,3275,3295,1004900,3295
2016-04-20,3355,3370,3285,3295,991100,3295
2016-04-21,3405,3425,3370,3395,1038400,3395
2016-04-22,3385,3405,3290,3330,1660300,3330
2016-04-25,3320,3325,3270,3300,899000,3300
2016-04-26,3310,3335,3260,3300,647600,3300
2016-04-27,3335,3340,3295,3300,939700,3300
2016-04-28,3290,3410,3195,3200,1279500,3200
2016-05-02,2881,3010,2854,3000,2073200,3000
2016-05-06,3005,3020,2973,3005,1121500,3005
2016-05-09,3000,3025,2967,3005,849800,3005
2016-05-10,3070,3095,3040,3095,1127200,3095
2016-05-11,3125,3125,3060,3080,810800,3080
2016-05-12,3040,3100,3030,3095,633900,3095
2016-05-13,3145,3145,3065,3080,1051200,3080
2016-05-16,3120,3160,3095,3120,770900,3120
2016-05-17,3140,3140,3095,3135,728400,3135
2016-05-18,3095,3175,3095,3155,1078100,3155
2016-05-19,3200,3220,3165,3180,917700,3180
2016-05-20,3210,3335,3205,3300,1312500,3300
2016-05-23,3270,3275,3215,3230,725500,3230
2016-05-24,3230,3265,3220,3230,917400,3230
2016-05-25,3295,3310,3270,3285,667000,3285
2016-05-26,3350,3365,3270,3300,734000,3300
2016-05-27,3300,3340,3280,3315,335500,3315
2016-05-30,3370,3380,3320,3340,417100,3340
2016-05-31,3325,3370,3300,3360,649300,3360
2016-06-01,3330,3330,3265,3275,981400,3275
2016-06-02,3240,3255,3165,3180,1049700,3180
2016-06-03,3160,3190,3140,3190,659500,3190
2016-06-06,3120,3145,3105,3140,756100,3140
2016-06-07,3150,3165,3125,3140,607800,3140
2016-06-08,3150,3180,3110,3180,832800,3180
2016-06-09,3160,3200,3155,3165,762100,3165
2016-06-10,3155,3160,3100,3115,1511300,3115
2016-06-13,3080,3080,3010,3015,700700,3015
2016-06-14,3020,3025,2950,2992,922500,2992
2016-06-15,3005,3040,2981,3025,946300,3025
2016-06-16,3020,3040,2944,2949,1103000,2949
2016-06-17,2987,3020,2957,2977,1147500,2977
2016-06-20,3035,3135,3025,3105,1468600,3105
2016-06-21,3075,3205,3055,3200,978100,3200
2016-06-22,3175,3205,3145,3185,551900,3185
2016-06-23,3215,3225,3155,3195,521800,3195
2016-06-24,3205,3230,2885,2952,1576500,2952
2016-06-27,2953,3015,2942,2975,1319000,2975
2016-06-28,2894,2933,2860,2882,1702800,2882
2016-06-29,2874,2880,2795,2854,1890600,2854
2016-06-30,2826,2830,2737,2737,1932500,2737
2016-07-01,2750,2755,2684,2698,1648300,2698
2016-07-04,2672,2715,2636,2701,1467200,2701
2016-07-05,2695,2715,2646,2691,798000,2691
2016-07-06,2631,2645,2588,2615,1095700,2615
2016-07-07,2636,2651,2607,2630,981900,2630
2016-07-08,2651,2676,2588,2589,1231800,2589
2016-07-11,2673,2720,2656,2706,1014800,2706
2016-07-12,2778,2803,2744,2772,1233500,2772
2016-07-13,2868,2868,2797,2830,1949800,2830
2016-07-14,2861,2929,2849,2905,1691200,2905
2016-07-15,2885,2945,2863,2918,1696500,2918
2016-07-19,2968,3015,2955,3015,1379100,3015
2016-07-20,2960,2978,2913,2937,1085200,2937
2016-07-21,2957,2970,2924,2951,1041000,2951
2016-07-22,2935,2937,2873,2877,941200,2877
2016-07-25,2850,2861,2833,2846,956900,2846
2016-07-26,2846,2864,2821,2847,865800,2847
2016-07-27,2863,2919,2859,2874,892500,2874
2016-07-28,2824,2848,2805,2822,831400,2822
2016-07-29,2812,2881,2760,2864,1086100,2864
2016-08-01,2830,2840,2786,2814,1148100,2814
2016-08-02,2765,2835,2765,2784,1074000,2784
2016-08-03,3105,3180,2999,3110,3116100,3110
2016-08-04,3100,3115,3025,3115,1577100,3115
2016-08-05,3110,3200,3105,3185,1623700,3185
2016-08-08,3245,3340,3240,3275,1324100,3275
2016-08-09,3250,3325,3225,3315,890400,3315
2016-08-10,3255,3335,3235,3305,881300,3305
2016-08-12,3310,3320,3245,3300,909400,3300
2016-08-15,3265,3315,3260,3300,349000,3300
2016-08-16,3285,3290,3205,3205,949500,3205
2016-08-17,3210,3260,3205,3235,886900,3235
2016-08-18,3235,3240,3170,3195,782200,3195
2016-08-19,3190,3210,3170,3190,444000,3190
2016-08-22,3200,3225,3195,3220,436200,3220
2016-08-23,3200,3225,3170,3175,626900,3175
2016-08-24,3110,3235,3110,3230,683400,3230
2016-08-25,3230,3235,3195,3220,990600,3220
2016-08-26,3230,3280,3200,3240,1078100,3240
2016-08-29,3310,3350,3290,3335,869400,3335
2016-08-30,3330,3380,3320,3360,731300,3360
2016-08-31,3410,3410,3350,3355,735100,3355
2016-09-01,3390,3415,3365,3405,949600,3405
2016-09-02,3380,3395,3335,3345,984300,3345
2016-09-05,3365,3375,3275,3315,799800,3315
2016-09-06,3330,3415,3330,3405,920400,3405
2016-09-07,3335,3405,3330,3365,908300,3365
2016-09-08,3355,3385,3255,3305,765400,3305
2016-09-09,3305,3305,3245,3275,1185900,3275
2016-09-12,3215,3255,3200,3225,526200,3225
2016-09-13,3225,3230,3190,3225,587600,3225
2016-09-14,3200,3200,3160,3195,628800,3195
2016-09-15,3155,3180,3120,3130,744400,3130
2016-09-16,3145,3265,3105,3175,936200,3175
2016-09-20,3105,3190,3085,3185,672100,3185
2016-09-21,3160,3245,3135,3240,968100,3240
2016-09-23,3270,3270,3195,3210,777000,3210
2016-09-26,3205,3230,3170,3185,788300,3185
2016-09-27,3170,3245,3135,3245,872700,3245
2016-09-28,3235,3240,3190,3225,612600,3225
2016-09-29,3255,3315,3240,3300,654600,3300
2016-09-30,3290,3290,3235,3250,970300,3250
2016-10-03,3285,3305,3260,3300,525000,3300
2016-10-04,3325,3340,3305,3330,683700,3330
2016-10-05,3380,3425,3360,3400,823700,3400
2016-10-06,3430,3465,3425,3445,745600,3445
2016-10-07,3465,3470,3435,3460,623200,3460
2016-10-11,3485,3485,3440,3460,774000,3460
2016-10-12,3440,3460,3405,3415,699400,3415
2016-10-13,3435,3445,3390,3410,480100,3410
2016-10-14,3405,3455,3395,3450,1023300,3450
2016-10-17,3465,3490,3440,3475,478500,3475
2016-10-18,3480,3520,3465,3520,682000,3520
2016-10-19,3500,3515,3480,3500,554500,3500
2016-10-20,3515,3550,3500,3550,638300,3550
2016-10-21,3565,3600,3545,3570,714200,3570
2016-10-24,3600,3630,3575,3615,867800,3615
2016-10-25,3655,3680,3630,3675,610200,3675
2016-10-26,3670,3690,3650,3680,756100,3680
2016-10-27,3650,3695,3640,3690,654100,3690
2016-10-28,3710,3745,3700,3730,1352600,3730
2016-10-31,3710,3770,3695,3755,763800,3755
2016-11-01,3745,3820,3735,3805,838400,3805
2016-11-02,3750,3775,3715,3765,931500,3765
2016-11-04,3745,3750,3685,3735,863600,3735
2016-11-07,3785,3820,3705,3735,926000,3735
2016-11-08,3595,3625,3520,3555,1187000,3555
2016-11-09,3580,3585,3260,3280,1810200,3280
2016-11-10,3480,3495,3370,3415,1295800,3415
2016-11-11,3480,3480,3265,3310,1905100,3310
2016-11-14,3305,3335,3260,3335,1101000,3335
2016-11-15,3325,3365,3300,3335,746800,3335
2016-11-16,3390,3425,3370,3405,1233000,3405
2016-11-17,3370,3395,3345,3375,873200,3375
2016-11-18,3405,3420,3365,3375,1238000,3375
2016-11-21,3350,3360,3315,3325,1313900,3325
2016-11-22,3335,3390,3335,3390,918500,3390
2016-11-24,3405,3425,3385,3405,744600,3405
2016-11-25,3420,3450,3400,3420,1010800,3420
2016-11-28,3425,3425,3370,3410,701900,3410
2016-11-29,3345,3435,3345,3425,884400,3425
2016-11-30,3430,3490,3425,3485,1386000,3485
2016-12-01,3510,3555,3470,3485,1204500,3485
2016-12-02,3470,3480,3400,3420,755400,3420
2016-12-05,3415,3415,3380,3395,655600,3395
2016-12-06,3440,3450,3380,3390,903100,3390
2016-12-07,3370,3390,3345,3360,800000,3360
2016-12-08,3460,3575,3440,3555,1920500,3555
2016-12-09,3595,3620,3555,3595,1728800,3595
2016-12-12,3610,3610,3535,3555,833800,3555
2016-12-13,3535,3590,3515,3585,522900,3585
2016-12-14,3570,3595,3560,3575,702400,3575
2016-12-15,3575,3585,3525,3545,672500,3545
2016-12-16,3555,3600,3550,3580,872500,3580
2016-12-19,3600,3640,3585,3615,755900,3615
2016-12-20,3600,3620,3555,3605,643500,3605
2016-12-21,3610,3615,3555,3565,616100,3565
2016-12-22,3570,3585,3525,3585,583900,3585
2016-12-26,3580,3595,3565,3570,411400,3570
2016-12-27,3575,3605,3575,3590,558200,3590
2016-12-28,3600,3620,3565,3620,379700,3620
2016-12-29,3590,3600,3530,3555,586600,3555
2016-12-30,3530,3585,3530,3570,527900,3570
2017-01-04,3555,3635,3550,3630,720800,3630
