Date,Open,High,Low,Close,Volume,Adj Close
2008-10-20,391.0,409.0,380.0,406.0,27712000,406.0
2008-10-21,426.0,435.0,417.0,426.0,23839000,426.0
2008-10-22,402.0,406.0,385.0,385.0,19126000,385.0
2008-10-23,360.0,371.0,350.0,366.0,24891000,366.0
2008-10-24,356.0,357.0,332.0,336.0,22051000,336.0
2008-10-27,331.0,346.0,293.0,295.0,29930000,295.0
2008-10-28,290.0,340.0,285.0,332.0,29680000,332.0
2008-10-29,362.0,365.0,320.0,337.0,29251000,337.0
2008-10-30,357.0,399.0,352.0,398.0,38476000,398.0
2008-10-31,388.0,406.0,372.0,372.0,35892000,372.0
2008-11-04,395.0,397.0,381.0,388.0,15929000,388.0
2008-11-05,410.0,427.0,407.0,427.0,27256000,427.0
2008-11-06,394.0,406.0,391.0,392.0,18545000,392.0
2008-11-07,362.0,385.0,357.0,378.0,20536000,378.0
2008-11-10,395.0,400.0,388.0,394.0,12414000,394.0
2008-11-11,384.0,391.0,376.0,377.0,16480000,377.0
2008-11-12,362.0,372.0,360.0,367.0,13639000,367.0
2008-11-13,347.0,352.0,333.0,340.0,17037000,340.0
2008-11-14,359.0,360.0,341.0,345.0,14974000,345.0
2008-11-17,340.0,355.0,331.0,341.0,14163000,341.0
2008-11-18,335.0,352.0,334.0,343.0,17007000,343.0
2008-11-19,336.0,336.0,310.0,313.0,23971000,313.0
2008-11-20,293.0,303.0,285.0,286.0,22305000,286.0
2008-11-21,261.0,305.0,260.0,302.0,32753000,302.0
2008-11-25,322.0,323.0,298.0,306.0,18645000,306.0
2008-11-26,296.0,302.0,290.0,291.0,16971000,291.0
2008-11-27,304.0,317.0,302.0,310.0,22785000,310.0
2008-11-28,320.0,338.0,317.0,334.0,29656000,334.0
2008-12-01,332.0,342.0,325.0,331.0,21905000,331.0
2008-12-02,306.0,306.0,298.0,298.0,21113000,298.0
2008-12-03,302.0,305.0,295.0,299.0,14895000,299.0
2008-12-04,294.0,298.0,281.0,284.0,15770000,284.0
2008-12-05,285.0,292.0,280.0,283.0,16588000,283.0
2008-12-08,290.0,299.0,284.0,297.0,15272000,297.0
2008-12-09,305.0,311.0,294.0,298.0,16306000,298.0
2008-12-10,299.0,314.0,296.0,312.0,18696000,312.0
2008-12-11,314.0,337.0,309.0,330.0,34768000,330.0
2008-12-12,325.0,338.0,305.0,311.0,33357000,311.0
2008-12-15,321.0,330.0,320.0,328.0,16413000,328.0
2008-12-16,323.0,334.0,321.0,324.0,21599000,324.0
2008-12-17,331.0,333.0,309.0,323.0,13762000,323.0
2008-12-18,313.0,327.0,310.0,324.0,14886000,324.0
2008-12-19,321.0,325.0,314.0,314.0,10167000,314.0
2008-12-22,314.0,319.0,313.0,319.0,6039000,319.0
2008-12-24,315.0,317.0,305.0,306.0,8242000,306.0
2008-12-25,312.0,317.0,309.0,316.0,7668000,316.0
2008-12-26,321.0,328.0,319.0,326.0,9863000,326.0
2008-12-29,330.0,333.0,323.0,329.0,11688000,329.0
2008-12-30,329.0,336.0,328.0,336.0,10132000,336.0
2009-01-05,350.0,356.0,348.0,352.0,19357000,352.0
2009-01-06,357.0,358.0,346.0,349.0,15584000,349.0
2009-01-07,358.0,379.0,355.0,375.0,29418000,375.0
2009-01-08,360.0,364.0,353.0,354.0,11623000,354.0
2009-01-09,359.0,365.0,351.0,357.0,13632000,357.0
2009-01-13,338.0,338.0,327.0,329.0,12559000,329.0
2009-01-14,334.0,338.0,326.0,331.0,9643000,331.0
2009-01-15,319.0,325.0,318.0,323.0,13429000,323.0
2009-01-16,330.0,334.0,325.0,333.0,9796000,333.0
2009-01-19,338.0,345.0,335.0,337.0,10390000,337.0
2009-01-20,330.0,332.0,320.0,330.0,9638000,330.0
2009-01-21,320.0,324.0,318.0,321.0,10529000,321.0
2009-01-22,326.0,328.0,304.0,312.0,18618000,312.0
2009-01-23,310.0,318.0,306.0,306.0,11338000,306.0
2009-01-26,311.0,313.0,306.0,307.0,7491000,307.0
2009-01-27,312.0,333.0,311.0,327.0,16806000,327.0
2009-01-28,322.0,340.0,320.0,335.0,19113000,335.0
2009-01-29,344.0,348.0,333.0,339.0,13864000,339.0
2009-01-30,328.0,332.0,318.0,327.0,16947000,327.0
2009-02-02,320.0,336.0,319.0,323.0,19081000,323.0
2009-02-03,320.0,333.0,316.0,320.0,14688000,320.0
2009-02-04,332.0,344.0,328.0,341.0,19078000,341.0
2009-02-05,349.0,351.0,341.0,341.0,19174000,341.0
2009-02-06,350.0,351.0,332.0,340.0,14920000,340.0
2009-02-09,349.0,354.0,339.0,340.0,14688000,340.0
2009-02-10,344.0,345.0,333.0,337.0,8116000,337.0
2009-02-12,330.0,334.0,322.0,327.0,10161000,327.0
2009-02-13,332.0,335.0,324.0,329.0,13251000,329.0
2009-02-16,324.0,328.0,321.0,324.0,10159000,324.0
2009-02-17,322.0,324.0,316.0,319.0,8003000,319.0
2009-02-18,315.0,322.0,313.0,318.0,10488000,318.0
2009-02-19,321.0,325.0,317.0,322.0,10489000,322.0
2009-02-20,323.0,327.0,315.0,317.0,9685000,317.0
2009-02-23,310.0,311.0,301.0,309.0,12965000,309.0
2009-02-24,299.0,302.0,295.0,299.0,15575000,299.0
2009-02-25,308.0,309.0,302.0,307.0,10101000,307.0
2009-02-26,305.0,313.0,303.0,305.0,10651000,305.0
2009-02-27,306.0,310.0,301.0,310.0,13709000,310.0
2009-03-02,301.0,308.0,296.0,298.0,9166000,298.0
2009-03-03,284.0,289.0,281.0,285.0,18482000,285.0
2009-03-04,283.0,293.0,278.0,291.0,15424000,291.0
2009-03-05,295.0,298.0,291.0,291.0,25282000,291.0
2009-03-06,282.0,286.0,281.0,282.0,12508000,282.0
2009-03-09,282.0,286.0,275.0,276.0,14933000,276.0
2009-03-10,277.0,280.0,268.0,271.0,17001000,271.0
2009-03-11,279.0,281.0,272.0,274.0,15597000,274.0
2009-03-12,274.0,276.0,265.0,267.0,10567000,267.0
2009-03-13,272.0,275.0,268.0,272.0,16395000,272.0
2009-03-16,273.0,285.0,273.0,282.0,16064000,282.0
2009-03-17,287.0,294.0,281.0,293.0,19520000,293.0
2009-03-18,298.0,305.0,292.0,298.0,19049000,298.0
2009-03-19,303.0,304.0,297.0,299.0,11196000,299.0
2009-03-23,307.0,329.0,304.0,324.0,31725000,324.0
2009-03-24,339.0,340.0,327.0,333.0,25973000,333.0
2009-03-25,336.0,344.0,331.0,340.0,22073000,340.0
2009-03-26,332.0,340.0,329.0,336.0,18942000,336.0
2009-03-27,343.0,343.0,332.0,336.0,14774000,336.0
2009-03-30,335.0,336.0,317.0,319.0,14505000,319.0
2009-03-31,311.0,318.0,305.0,305.0,15251000,305.0
2009-04-01,311.0,323.0,311.0,318.0,13992000,318.0
2009-04-02,330.0,335.0,329.0,333.0,14576000,333.0
2009-04-03,343.0,348.0,338.0,346.0,27163000,346.0
2009-04-06,359.0,363.0,350.0,350.0,23413000,350.0
2009-04-07,352.0,355.0,344.0,352.0,18205000,352.0
2009-04-08,342.0,347.0,337.0,341.0,16729000,341.0
2009-04-09,346.0,360.0,345.0,358.0,15103000,358.0
2009-04-10,369.0,371.0,358.0,368.0,16848000,368.0
2009-04-13,385.0,405.0,382.0,401.0,38476000,401.0
2009-04-14,407.0,409.0,390.0,401.0,29195000,401.0
2009-04-15,391.0,405.0,391.0,403.0,29468000,403.0
2009-04-16,410.0,418.0,393.0,395.0,31265000,395.0
2009-04-17,409.0,415.0,403.0,415.0,18953000,415.0
2009-04-20,410.0,417.0,403.0,412.0,20169000,412.0
2009-04-21,397.0,398.0,382.0,390.0,21363000,390.0
2009-04-22,396.0,399.0,380.0,385.0,13857000,385.0
2009-04-23,378.0,382.0,366.0,378.0,20034000,378.0
2009-04-24,379.0,388.0,374.0,376.0,14733000,376.0
2009-04-27,381.0,386.0,374.0,377.0,10137000,377.0
2009-04-28,367.0,367.0,347.0,347.0,21938000,347.0
2009-04-30,352.0,360.0,352.0,356.0,17054000,356.0
2009-05-01,370.0,395.0,368.0,389.0,34263000,389.0
2009-05-07,410.0,414.0,404.0,407.0,25994000,407.0
2009-05-08,402.0,407.0,398.0,402.0,18881000,402.0
2009-05-11,412.0,429.0,412.0,425.0,31007000,425.0
2009-05-12,415.0,421.0,410.0,411.0,14757000,411.0
2009-05-13,416.0,426.0,410.0,422.0,20021000,422.0
2009-05-14,407.0,410.0,399.0,403.0,20726000,403.0
2009-05-15,404.0,411.0,403.0,408.0,14011000,408.0
2009-05-18,399.0,400.0,390.0,391.0,13927000,391.0
2009-05-19,403.0,410.0,403.0,409.0,16140000,409.0
2009-05-20,418.0,428.0,414.0,417.0,31920000,417.0
2009-05-21,415.0,422.0,411.0,415.0,23850000,415.0
2009-05-22,405.0,418.0,404.0,414.0,18509000,414.0
2009-05-25,418.0,422.0,411.0,413.0,12425000,413.0
2009-05-26,418.0,418.0,407.0,412.0,15030000,412.0
2009-05-27,421.0,421.0,415.0,417.0,11734000,417.0
2009-05-28,415.0,427.0,413.0,425.0,18236000,425.0
2009-05-29,432.0,439.0,428.0,431.0,24298000,431.0
2009-06-01,435.0,464.0,435.0,462.0,40104000,462.0
2009-06-02,476.0,479.0,453.0,454.0,29790000,454.0
2009-06-03,455.0,463.0,449.0,459.0,16606000,459.0
2009-06-04,450.0,457.0,449.0,455.0,18027000,455.0
2009-06-05,461.0,467.0,458.0,460.0,14697000,460.0
2009-06-08,465.0,471.0,462.0,465.0,16116000,465.0
2009-06-09,462.0,472.0,454.0,454.0,18883000,454.0
2009-06-10,463.0,480.0,461.0,478.0,22613000,478.0
2009-06-11,480.0,487.0,474.0,483.0,20872000,483.0
2009-06-12,488.0,489.0,481.0,486.0,19844000,486.0
2009-06-15,489.0,490.0,475.0,475.0,10279000,475.0
2009-06-16,463.0,466.0,450.0,455.0,17616000,455.0
2009-06-17,450.0,464.0,448.0,451.0,14962000,451.0
2009-06-18,447.0,447.0,428.0,433.0,20148000,433.0
2009-06-19,443.0,454.0,434.0,441.0,17603000,441.0
2009-06-22,442.0,442.0,428.0,437.0,14094000,437.0
2009-06-23,420.0,424.0,414.0,416.0,17535000,416.0
2009-06-24,419.0,428.0,415.0,419.0,20600000,419.0
2009-06-25,427.0,439.0,423.0,435.0,17681000,435.0
2009-06-26,444.0,446.0,435.0,435.0,13989000,435.0
2009-06-29,435.0,440.0,419.0,425.0,12649000,425.0
2009-06-30,433.0,437.0,428.0,428.0,14928000,428.0
2009-07-01,421.0,427.0,420.0,421.0,16155000,421.0
2009-07-02,428.0,432.0,420.0,420.0,15283000,420.0
2009-07-03,409.0,416.0,408.0,415.0,17775000,415.0
2009-07-06,411.0,412.0,398.0,402.0,15501000,402.0
2009-07-07,400.0,403.0,390.0,395.0,19580000,395.0
2009-07-08,390.0,401.0,389.0,397.0,27786000,397.0
2009-07-09,392.0,404.0,387.0,389.0,18802000,389.0
2009-07-10,388.0,395.0,383.0,385.0,16258000,385.0
2009-07-13,378.0,392.0,373.0,373.0,16098000,373.0
2009-07-14,383.0,396.0,379.0,391.0,17068000,391.0
2009-07-15,400.0,402.0,391.0,392.0,13733000,392.0
2009-07-16,405.0,414.0,403.0,403.0,21137000,403.0
2009-07-17,408.0,412.0,400.0,404.0,9319000,404.0
2009-07-21,419.0,427.0,418.0,427.0,13458000,427.0
2009-07-22,425.0,427.0,420.0,425.0,9708000,425.0
2009-07-23,424.0,427.0,417.0,424.0,9036000,424.0
2009-07-24,434.0,434.0,420.0,424.0,12995000,424.0
2009-07-27,432.0,432.0,423.0,424.0,8947000,424.0
2009-07-28,426.0,429.0,419.0,426.0,7390000,426.0
2009-07-29,421.0,424.0,418.0,421.0,9094000,421.0
2009-07-30,418.0,424.0,406.0,420.0,18857000,420.0
2009-07-31,427.0,437.0,425.0,437.0,17740000,437.0
2009-08-03,438.0,439.0,432.0,435.0,9382000,435.0
2009-08-04,445.0,448.0,442.0,445.0,18356000,445.0
2009-08-05,449.0,451.0,439.0,440.0,10660000,440.0
2009-08-06,441.0,448.0,441.0,446.0,7458000,446.0
2009-08-07,447.0,447.0,439.0,444.0,8530000,444.0
2009-08-10,453.0,454.0,447.0,449.0,7829000,449.0
2009-08-11,445.0,449.0,442.0,445.0,8004000,445.0
2009-08-12,442.0,442.0,433.0,435.0,7924000,435.0
2009-08-13,442.0,445.0,436.0,445.0,9152000,445.0
2009-08-14,455.0,472.0,453.0,471.0,31493000,471.0
2009-08-17,464.0,464.0,452.0,455.0,13514000,455.0
2009-08-18,445.0,460.0,444.0,458.0,16677000,458.0
2009-08-19,468.0,473.0,459.0,461.0,14246000,461.0
2009-08-20,470.0,474.0,465.0,474.0,14663000,474.0
2009-08-21,477.0,483.0,470.0,478.0,27191000,478.0
2009-08-24,488.0,491.0,478.0,481.0,16734000,481.0
2009-08-25,476.0,482.0,476.0,478.0,12078000,478.0
2009-08-26,481.0,483.0,474.0,477.0,11337000,477.0
2009-08-27,472.0,475.0,457.0,463.0,16130000,463.0
2009-08-28,467.0,469.0,461.0,468.0,9080000,468.0
2009-08-31,471.0,478.0,460.0,463.0,9798000,463.0
2009-09-01,463.0,465.0,456.0,462.0,6417000,462.0
2009-09-02,452.0,454.0,450.0,452.0,7838000,452.0
2009-09-03,452.0,465.0,450.0,464.0,14633000,464.0
2009-09-04,470.0,471.0,462.0,464.0,11101000,464.0
2009-09-07,470.0,476.0,468.0,475.0,9630000,475.0
2009-09-08,475.0,475.0,468.0,469.0,7934000,469.0
2009-09-09,475.0,478.0,466.0,473.0,11305000,473.0
2009-09-10,475.0,482.0,473.0,473.0,12088000,473.0
2009-09-11,475.0,478.0,465.0,469.0,14144000,469.0
2009-09-14,470.0,476.0,465.0,467.0,13295000,467.0
2009-09-15,470.0,472.0,461.0,468.0,6336000,468.0
2009-09-16,471.0,478.0,469.0,469.0,9537000,469.0
2009-09-17,478.0,481.0,476.0,479.0,13275000,479.0
2009-09-18,478.0,484.0,476.0,484.0,11686000,484.0
2009-09-24,484.0,488.0,479.0,486.0,8321000,486.0
2009-09-25,476.0,479.0,466.0,466.0,8425000,466.0
2009-09-28,451.0,452.0,439.0,441.0,13627000,441.0
2009-09-29,451.0,454.0,446.0,451.0,9600000,451.0
2009-09-30,446.0,454.0,444.0,453.0,10005000,453.0
2009-10-01,457.0,464.0,453.0,457.0,13504000,457.0
2009-10-02,451.0,452.0,442.0,447.0,13538000,447.0
2009-10-05,444.0,446.0,431.0,431.0,10019000,431.0
2009-10-06,436.0,442.0,436.0,441.0,9036000,441.0
2009-10-07,453.0,457.0,448.0,452.0,11478000,452.0
2009-10-08,452.0,467.0,445.0,457.0,11999000,457.0
2009-10-09,465.0,471.0,462.0,466.0,10790000,466.0
2009-10-13,471.0,473.0,466.0,467.0,5707000,467.0
2009-10-14,472.0,472.0,459.0,464.0,10424000,464.0
2009-10-15,469.0,475.0,467.0,473.0,12642000,473.0
2009-10-16,479.0,481.0,468.0,470.0,11956000,470.0
2009-10-19,465.0,469.0,455.0,467.0,11235000,467.0
2009-10-20,475.0,480.0,472.0,475.0,13694000,475.0
2009-10-21,475.0,484.0,473.0,482.0,15505000,482.0
2009-10-22,483.0,489.0,480.0,488.0,20193000,488.0
2009-10-23,489.0,490.0,478.0,478.0,10431000,478.0
2009-10-26,476.0,484.0,474.0,484.0,6218000,484.0
2009-10-27,478.0,479.0,465.0,465.0,12011000,465.0
2009-10-28,465.0,471.0,456.0,457.0,9965000,457.0
2009-10-29,442.0,448.0,441.0,443.0,17861000,443.0
2009-10-30,453.0,460.0,448.0,460.0,12421000,460.0
2009-11-02,443.0,444.0,439.0,440.0,11788000,440.0
2009-11-04,443.0,456.0,441.0,454.0,15804000,454.0
2009-11-05,455.0,455.0,447.0,450.0,9054000,450.0
2009-11-06,458.0,461.0,454.0,457.0,12942000,457.0
2009-11-09,456.0,462.0,452.0,456.0,6514000,456.0
2009-11-10,461.0,474.0,461.0,468.0,11764000,468.0
2009-11-11,465.0,474.0,464.0,468.0,11567000,468.0
2009-11-12,474.0,481.0,472.0,478.0,12263000,478.0
2009-11-13,478.0,480.0,467.0,468.0,9872000,468.0
2009-11-16,473.0,476.0,466.0,470.0,8237000,470.0
2009-11-17,475.0,477.0,466.0,466.0,9502000,466.0
2009-11-18,460.0,461.0,447.0,456.0,14585000,456.0
2009-11-19,455.0,457.0,446.0,449.0,9815000,449.0
2009-11-20,444.0,455.0,444.0,451.0,8987000,451.0
2009-11-24,456.0,460.0,449.0,450.0,10265000,450.0
2009-11-25,449.0,456.0,445.0,455.0,8843000,455.0
2009-11-26,455.0,467.0,453.0,462.0,11579000,462.0
2009-11-27,449.0,451.0,434.0,434.0,16266000,434.0
2009-11-30,444.0,458.0,444.0,456.0,12206000,456.0
2009-12-01,451.0,461.0,440.0,461.0,15180000,461.0
2009-12-02,451.0,467.0,450.0,464.0,11577000,464.0
2009-12-03,470.0,483.0,470.0,483.0,15351000,483.0
2009-12-04,485.0,493.0,482.0,492.0,17210000,492.0
2009-12-07,495.0,498.0,488.0,490.0,13028000,490.0
2009-12-08,480.0,489.0,477.0,485.0,10731000,485.0
2009-12-09,480.0,480.0,470.0,471.0,11124000,471.0
2009-12-10,467.0,477.0,465.0,469.0,12472000,469.0
2009-12-11,470.0,481.0,468.0,480.0,16265000,480.0
2009-12-14,485.0,488.0,479.0,487.0,11456000,487.0
2009-12-15,484.0,488.0,482.0,484.0,7123000,484.0
2009-12-16,489.0,494.0,484.0,494.0,12509000,494.0
2009-12-17,497.0,509.0,496.0,505.0,24695000,505.0
2009-12-18,501.0,506.0,495.0,497.0,15306000,497.0
2009-12-21,498.0,501.0,490.0,490.0,8906000,490.0
2009-12-22,492.0,497.0,489.0,495.0,10752000,495.0
2009-12-24,504.0,507.0,501.0,505.0,14370000,505.0
2009-12-25,507.0,508.0,501.0,501.0,5797000,501.0
2009-12-28,504.0,519.0,501.0,519.0,16490000,519.0
2009-12-29,516.0,520.0,514.0,517.0,11096000,517.0
2009-12-30,518.0,527.0,511.0,511.0,11534000,511.0
2010-01-04,520.0,527.0,518.0,526.0,8884000,526.0
2010-01-05,537.0,546.0,537.0,540.0,20869000,540.0
2010-01-06,545.0,548.0,539.0,539.0,15585000,539.0
2010-01-07,542.0,547.0,533.0,537.0,14311000,537.0
2010-01-08,540.0,544.0,534.0,539.0,11731000,539.0
2010-01-12,542.0,549.0,539.0,547.0,13057000,547.0
2010-01-13,541.0,549.0,537.0,537.0,8835000,537.0
2010-01-14,542.0,565.0,540.0,561.0,19742000,561.0
2010-01-15,565.0,567.0,555.0,564.0,14090000,564.0
2010-01-18,560.0,562.0,553.0,555.0,10791000,555.0
2010-01-19,556.0,562.0,551.0,554.0,12061000,554.0
2010-01-20,564.0,570.0,545.0,547.0,15094000,547.0
2010-01-21,542.0,550.0,533.0,545.0,11268000,545.0
2010-01-22,525.0,529.0,520.0,525.0,20787000,525.0
2010-01-25,518.0,529.0,515.0,526.0,9031000,526.0
2010-01-26,522.0,533.0,513.0,513.0,13179000,513.0
2010-01-27,520.0,524.0,507.0,507.0,12966000,507.0
2010-01-28,514.0,524.0,512.0,517.0,11589000,517.0
2010-01-29,512.0,529.0,508.0,527.0,20479000,527.0
2010-02-01,521.0,524.0,510.0,511.0,17404000,511.0
2010-02-02,521.0,534.0,518.0,532.0,13431000,532.0
2010-02-03,545.0,546.0,530.0,536.0,13625000,536.0
2010-02-04,532.0,536.0,519.0,524.0,10523000,524.0
2010-02-05,499.0,510.0,498.0,505.0,13484000,505.0
2010-02-08,508.0,511.0,503.0,503.0,7664000,503.0
2010-02-09,503.0,513.0,497.0,510.0,11869000,510.0
2010-02-10,515.0,519.0,505.0,505.0,9688000,505.0
2010-02-12,517.0,528.0,513.0,525.0,16755000,525.0
2010-02-15,523.0,527.0,512.0,512.0,7073000,512.0
2010-02-16,516.0,523.0,512.0,520.0,9384000,520.0
2010-02-17,529.0,538.0,529.0,536.0,14642000,536.0
2010-02-18,539.0,539.0,529.0,531.0,9056000,531.0
2010-02-19,533.0,535.0,515.0,516.0,9549000,516.0
2010-02-22,530.0,539.0,529.0,536.0,8895000,536.0
2010-02-23,530.0,533.0,527.0,530.0,8406000,530.0
2010-02-24,522.0,526.0,518.0,522.0,10113000,522.0
2010-02-25,525.0,528.0,515.0,519.0,9882000,519.0
2010-02-26,519.0,532.0,518.0,531.0,11230000,531.0
2010-03-01,531.0,537.0,528.0,533.0,7882000,533.0
2010-03-02,530.0,536.0,527.0,533.0,8342000,533.0
2010-03-03,529.0,539.0,528.0,538.0,11284000,538.0
2010-03-04,539.0,543.0,532.0,532.0,10001000,532.0
2010-03-05,539.0,545.0,538.0,545.0,8505000,545.0
2010-03-08,565.0,565.0,556.0,560.0,9960000,560.0
2010-03-09,559.0,560.0,552.0,556.0,7681000,556.0
2010-03-10,560.0,562.0,554.0,554.0,8382000,554.0
2010-03-11,561.0,567.0,555.0,560.0,9993000,560.0
2010-03-12,568.0,568.0,560.0,565.0,10515000,565.0
2010-03-15,570.0,573.0,564.0,566.0,6086000,566.0
2010-03-16,562.0,564.0,559.0,560.0,4780000,560.0
2010-03-17,566.0,568.0,560.0,566.0,7712000,566.0
2010-03-18,565.0,570.0,563.0,567.0,8022000,567.0
2010-03-19,569.0,570.0,565.0,568.0,5847000,568.0
2010-03-23,569.0,571.0,562.0,562.0,5966000,562.0
2010-03-24,566.0,574.0,565.0,573.0,8265000,573.0
2010-03-25,576.0,577.0,565.0,566.0,8837000,566.0
2010-03-26,568.0,568.0,561.0,567.0,6551000,567.0
2010-03-29,561.0,571.0,561.0,571.0,4353000,571.0
2010-03-30,574.0,582.0,571.0,581.0,9707000,581.0
2010-03-31,584.0,587.0,578.0,581.0,8451000,581.0
2010-04-01,586.0,594.0,585.0,590.0,9551000,590.0
2010-04-02,597.0,599.0,593.0,594.0,6570000,594.0
2010-04-05,600.0,602.0,596.0,598.0,6032000,598.0
2010-04-06,601.0,601.0,589.0,592.0,9388000,592.0
2010-04-07,593.0,595.0,590.0,591.0,10628000,591.0
2010-04-08,585.0,592.0,585.0,588.0,8365000,588.0
2010-04-09,587.0,590.0,585.0,587.0,6278000,587.0
2010-04-12,592.0,602.0,589.0,596.0,10430000,596.0
2010-04-13,594.0,595.0,588.0,592.0,6706000,592.0
2010-04-14,595.0,595.0,586.0,591.0,5337000,591.0
2010-04-15,597.0,604.0,595.0,602.0,12700000,602.0
2010-04-16,599.0,599.0,590.0,593.0,7431000,593.0
2010-04-19,580.0,584.0,575.0,577.0,7617000,577.0
2010-04-20,581.0,582.0,568.0,569.0,6173000,569.0
2010-04-21,577.0,579.0,572.0,575.0,5794000,575.0
2010-04-22,568.0,568.0,559.0,565.0,10060000,565.0
2010-04-23,561.0,573.0,561.0,569.0,8268000,569.0
2010-04-26,570.0,578.0,570.0,574.0,8149000,574.0
2010-04-27,570.0,573.0,566.0,568.0,6893000,568.0
2010-04-28,558.0,562.0,552.0,559.0,8295000,559.0
2010-04-30,562.0,563.0,556.0,560.0,10132000,560.0
2010-05-06,540.0,542.0,535.0,537.0,12658000,537.0
2010-05-07,507.0,539.0,507.0,535.0,19413000,535.0
2010-05-10,532.0,545.0,530.0,542.0,10524000,542.0
2010-05-11,550.0,551.0,526.0,528.0,11963000,528.0
2010-05-12,532.0,547.0,531.0,546.0,16162000,546.0
2010-05-13,554.0,560.0,550.0,558.0,10701000,558.0
2010-05-14,548.0,565.0,546.0,562.0,15717000,562.0
2010-05-17,552.0,562.0,538.0,541.0,16270000,541.0
2010-05-18,542.0,543.0,524.0,530.0,12048000,530.0
2010-05-19,520.0,528.0,513.0,524.0,14208000,524.0
2010-05-20,519.0,534.0,519.0,526.0,11946000,526.0
2010-05-21,513.0,515.0,506.0,509.0,22502000,509.0
2010-05-24,504.0,507.0,492.0,500.0,15515000,500.0
2010-05-25,499.0,500.0,484.0,486.0,10857000,486.0
2010-05-26,491.0,502.0,480.0,498.0,16464000,498.0
2010-05-27,490.0,508.0,485.0,508.0,20999000,508.0
2010-05-28,518.0,519.0,506.0,514.0,10706000,514.0
2010-05-31,509.0,513.0,503.0,507.0,10193000,507.0
2010-06-01,513.0,515.0,496.0,498.0,12763000,498.0
2010-06-02,490.0,498.0,486.0,494.0,23040000,494.0
2010-06-03,502.0,506.0,499.0,504.0,9786000,504.0
2010-06-04,505.0,514.0,503.0,505.0,9142000,505.0
2010-06-07,490.0,493.0,487.0,489.0,9658000,489.0
2010-06-08,485.0,494.0,485.0,488.0,6506000,488.0
2010-06-09,486.0,491.0,479.0,482.0,11185000,482.0
2010-06-10,480.0,484.0,475.0,483.0,10690000,483.0
2010-06-11,491.0,497.0,488.0,490.0,12279000,490.0
2010-06-14,495.0,497.0,491.0,494.0,5514000,494.0
2010-06-15,493.0,495.0,489.0,492.0,5139000,492.0
2010-06-16,500.0,505.0,496.0,503.0,15866000,503.0
2010-06-17,501.0,508.0,499.0,501.0,7669000,501.0
2010-06-18,502.0,503.0,494.0,495.0,6745000,495.0
2010-06-21,501.0,517.0,500.0,517.0,13501000,517.0
2010-06-22,507.0,516.0,507.0,510.0,8175000,510.0
2010-06-23,501.0,509.0,499.0,502.0,9181000,502.0
2010-06-24,506.0,507.0,496.0,498.0,12614000,498.0
2010-06-25,493.0,493.0,485.0,487.0,7195000,487.0
2010-06-28,488.0,489.0,472.0,474.0,9488000,474.0
2010-06-29,477.0,481.0,465.0,466.0,6457000,466.0
2010-06-30,454.0,463.0,452.0,461.0,9246000,461.0
2010-07-01,455.0,459.0,448.0,456.0,9697000,456.0
2010-07-02,455.0,455.0,446.0,450.0,6267000,450.0
2010-07-05,449.0,452.0,445.0,448.0,6403000,448.0
2010-07-06,446.0,461.0,440.0,461.0,9370000,461.0
2010-07-07,456.0,466.0,455.0,460.0,11167000,460.0
2010-07-08,472.0,475.0,466.0,468.0,6400000,468.0
2010-07-09,469.0,471.0,460.0,470.0,8045000,470.0
2010-07-12,466.0,472.0,462.0,464.0,10316000,464.0
2010-07-13,466.0,469.0,459.0,462.0,6201000,462.0
2010-07-14,470.0,474.0,469.0,473.0,5132000,473.0
2010-07-15,466.0,473.0,465.0,468.0,8752000,468.0
2010-07-16,465.0,469.0,452.0,454.0,9123000,454.0
2010-07-20,446.0,460.0,445.0,458.0,13290000,458.0
2010-07-21,459.0,461.0,453.0,456.0,5722000,456.0
2010-07-22,447.0,449.0,440.0,445.0,14608000,445.0
2010-07-23,458.0,466.0,453.0,460.0,8103000,460.0
2010-07-26,466.0,470.0,462.0,462.0,4098000,462.0
2010-07-27,458.0,459.0,452.0,456.0,5063000,456.0
2010-07-28,462.0,479.0,460.0,478.0,10765000,478.0
2010-07-29,474.0,476.0,469.0,470.0,5772000,470.0
2010-07-30,470.0,474.0,462.0,464.0,9843000,464.0
2010-08-02,465.0,482.0,464.0,475.0,10498000,475.0
2010-08-03,486.0,489.0,477.0,483.0,12884000,483.0
2010-08-04,477.0,478.0,470.0,472.0,9720000,472.0
2010-08-05,478.0,487.0,478.0,486.0,9507000,486.0
2010-08-06,487.0,494.0,482.0,493.0,9164000,493.0
2010-08-09,485.0,486.0,479.0,481.0,6573000,481.0
2010-08-10,484.0,486.0,475.0,478.0,6984000,478.0
2010-08-11,473.0,475.0,463.0,465.0,5803000,465.0
2010-08-12,455.0,460.0,449.0,460.0,8748000,460.0
2010-08-13,461.0,466.0,454.0,465.0,8155000,465.0
2010-08-16,454.0,456.0,448.0,454.0,9343000,454.0
2010-08-17,449.0,453.0,445.0,450.0,7924000,450.0
2010-08-18,457.0,461.0,451.0,458.0,6803000,458.0
2010-08-19,458.0,466.0,458.0,465.0,5315000,465.0
2010-08-20,457.0,462.0,453.0,457.0,7713000,457.0
2010-08-23,456.0,461.0,455.0,458.0,6820000,458.0
2010-08-24,450.0,452.0,445.0,447.0,8792000,447.0
2010-08-25,444.0,445.0,435.0,438.0,9561000,438.0
2010-08-26,444.0,444.0,434.0,439.0,6750000,439.0
2010-08-27,431.0,445.0,428.0,442.0,10023000,442.0
2010-08-30,449.0,458.0,449.0,453.0,7447000,453.0
2010-08-31,443.0,445.0,432.0,433.0,9997000,433.0
2010-09-01,432.0,439.0,430.0,439.0,6416000,439.0
2010-09-02,446.0,447.0,433.0,440.0,6471000,440.0
2010-09-03,439.0,445.0,437.0,441.0,8647000,441.0
2010-09-06,444.0,454.0,443.0,453.0,9643000,453.0
2010-09-07,449.0,454.0,445.0,446.0,9540000,446.0
2010-09-08,439.0,442.0,435.0,439.0,6938000,439.0
2010-09-09,444.0,447.0,442.0,444.0,5170000,444.0
2010-09-10,450.0,457.0,448.0,451.0,11979000,451.0
2010-09-13,457.0,462.0,453.0,454.0,7448000,454.0
2010-09-14,454.0,461.0,450.0,457.0,10625000,457.0
2010-09-15,450.0,465.0,447.0,461.0,11525000,461.0
2010-09-16,467.0,471.0,464.0,465.0,13314000,465.0
2010-09-17,468.0,472.0,466.0,470.0,8716000,470.0
2010-09-21,476.0,477.0,465.0,465.0,6637000,465.0
2010-09-22,465.0,476.0,462.0,470.0,12654000,470.0
2010-09-24,459.0,466.0,458.0,459.0,14764000,459.0
2010-09-27,467.0,472.0,464.0,471.0,9358000,471.0
2010-09-28,467.0,477.0,466.0,474.0,7658000,474.0
2010-09-29,478.0,487.0,476.0,484.0,10775000,484.0
2010-09-30,486.0,489.0,469.0,472.0,13473000,472.0
2010-10-01,477.0,478.0,464.0,467.0,12465000,467.0
2010-10-04,469.0,478.0,466.0,475.0,13205000,475.0
2010-10-05,471.0,481.0,471.0,480.0,12738000,480.0
2010-10-06,490.0,509.0,490.0,509.0,26216000,509.0
2010-10-07,507.0,519.0,507.0,518.0,21393000,518.0
2010-10-08,519.0,530.0,517.0,528.0,21183000,528.0
2010-10-12,534.0,537.0,517.0,526.0,20611000,526.0
2010-10-13,527.0,531.0,519.0,521.0,15018000,521.0
2010-10-14,529.0,540.0,525.0,537.0,20501000,537.0
2010-10-15,537.0,542.0,532.0,536.0,17003000,536.0
2010-10-18,535.0,545.0,533.0,540.0,11739000,540.0
2010-10-19,540.0,543.0,534.0,539.0,11062000,539.0
2010-10-20,527.0,527.0,517.0,523.0,23527000,523.0
2010-10-21,525.0,530.0,519.0,520.0,15802000,520.0
2010-10-22,519.0,526.0,518.0,522.0,8425000,522.0
2010-10-25,523.0,529.0,519.0,525.0,15959000,525.0
2010-10-26,526.0,527.0,519.0,520.0,13025000,520.0
2010-10-27,523.0,528.0,518.0,522.0,14350000,522.0
2010-10-28,519.0,520.0,510.0,514.0,18291000,514.0
2010-10-29,510.0,517.0,503.0,506.0,19616000,506.0
2010-11-01,498.0,510.0,497.0,505.0,15321000,505.0
2010-11-02,503.0,506.0,495.0,497.0,18376000,497.0
2010-11-04,505.0,512.0,504.0,509.0,19445000,509.0
2010-11-05,525.0,542.0,525.0,541.0,23112000,541.0
2010-11-08,547.0,549.0,537.0,541.0,13153000,541.0
2010-11-09,537.0,543.0,534.0,536.0,8104000,536.0
2010-11-10,540.0,549.0,538.0,543.0,11864000,543.0
2010-11-11,547.0,547.0,541.0,544.0,8659000,544.0
2010-11-12,541.0,545.0,532.0,533.0,13970000,533.0
2010-11-15,532.0,534.0,526.0,534.0,8617000,534.0
2010-11-16,539.0,542.0,527.0,531.0,9592000,531.0
2010-11-17,521.0,525.0,517.0,525.0,16679000,525.0
2010-11-18,521.0,539.0,519.0,538.0,13540000,538.0
2010-11-19,545.0,548.0,537.0,539.0,10995000,539.0
2010-11-22,540.0,547.0,539.0,543.0,7042000,543.0
2010-11-24,535.0,544.0,532.0,539.0,10880000,539.0
2010-11-25,542.0,544.0,536.0,538.0,8079000,538.0
2010-11-26,540.0,542.0,535.0,535.0,5615000,535.0
2010-11-29,545.0,557.0,544.0,554.0,25087000,554.0
2010-11-30,550.0,551.0,538.0,543.0,20553000,543.0
2010-12-01,547.0,549.0,540.0,549.0,11212000,549.0
2010-12-02,558.0,562.0,555.0,557.0,12625000,557.0
2010-12-03,562.0,570.0,560.0,569.0,20266000,569.0
2010-12-06,573.0,577.0,569.0,573.0,14439000,573.0
2010-12-07,575.0,578.0,567.0,570.0,14805000,570.0
2010-12-08,573.0,574.0,568.0,573.0,9953000,573.0
2010-12-09,570.0,574.0,567.0,572.0,8847000,572.0
2010-12-10,579.0,579.0,563.0,564.0,15829000,564.0
2010-12-13,561.0,568.0,560.0,568.0,7961000,568.0
2010-12-14,571.0,575.0,569.0,575.0,9598000,575.0
2010-12-15,574.0,584.0,573.0,582.0,21181000,582.0
2010-12-16,580.0,586.0,578.0,584.0,14062000,584.0
2010-12-17,580.0,583.0,569.0,570.0,14467000,570.0
2010-12-20,567.0,572.0,560.0,564.0,8432000,564.0
2010-12-21,567.0,576.0,567.0,572.0,8982000,572.0
2010-12-22,574.0,583.0,573.0,577.0,10985000,577.0
2010-12-24,575.0,581.0,575.0,577.0,8141000,577.0
2010-12-27,578.0,581.0,573.0,580.0,7049000,580.0
2010-12-28,577.0,580.0,575.0,577.0,3383000,577.0
2010-12-29,575.0,579.0,575.0,578.0,4851000,578.0
2010-12-30,577.0,578.0,570.0,571.0,4862000,571.0
2011-01-04,581.0,595.0,578.0,592.0,14225000,592.0
2011-01-05,589.0,600.0,587.0,600.0,13630000,600.0
2011-01-06,605.0,609.0,603.0,606.0,12158000,606.0
2011-01-07,601.0,605.0,599.0,604.0,7268000,604.0
2011-01-11,605.0,613.0,604.0,611.0,10179000,611.0
2011-01-12,620.0,625.0,612.0,613.0,12048000,613.0
2011-01-13,623.0,629.0,622.0,628.0,15063000,628.0
2011-01-14,624.0,634.0,624.0,628.0,20123000,628.0
2011-01-17,631.0,636.0,618.0,619.0,12907000,619.0
2011-01-18,620.0,637.0,616.0,634.0,13839000,634.0
2011-01-19,638.0,639.0,630.0,635.0,9632000,635.0
2011-01-20,633.0,640.0,629.0,632.0,15840000,632.0
2011-01-21,629.0,629.0,607.0,608.0,19349000,608.0
2011-01-24,609.0,616.0,602.0,610.0,15721000,610.0
2011-01-25,615.0,622.0,613.0,619.0,12174000,619.0
2011-01-26,616.0,617.0,607.0,611.0,12373000,611.0
2011-01-27,620.0,637.0,620.0,637.0,25045000,637.0
2011-01-28,633.0,639.0,625.0,627.0,12876000,627.0
2011-01-31,617.0,630.0,614.0,617.0,18900000,617.0
2011-02-01,625.0,636.0,623.0,633.0,11267000,633.0
2011-02-02,642.0,658.0,641.0,650.0,24859000,650.0
2011-02-03,660.0,673.0,657.0,660.0,28272000,660.0
2011-02-04,673.0,674.0,660.0,661.0,13723000,661.0
2011-02-07,667.0,671.0,663.0,667.0,10291000,667.0
2011-02-08,668.0,668.0,656.0,657.0,12833000,657.0
2011-02-09,661.0,666.0,651.0,652.0,16242000,652.0
2011-02-10,649.0,653.0,645.0,649.0,11508000,649.0
2011-02-14,657.0,658.0,649.0,654.0,7918000,654.0
2011-02-15,654.0,675.0,653.0,673.0,18966000,673.0
2011-02-16,665.0,672.0,658.0,663.0,15012000,663.0
2011-02-17,672.0,672.0,658.0,659.0,13277000,659.0
2011-02-18,662.0,662.0,654.0,655.0,9296000,655.0
2011-02-21,654.0,655.0,648.0,654.0,9171000,654.0
2011-02-22,647.0,651.0,633.0,637.0,13193000,637.0
2011-02-23,627.0,635.0,624.0,624.0,11007000,624.0
2011-02-24,618.0,619.0,608.0,613.0,19820000,613.0
2011-02-25,611.0,618.0,606.0,618.0,15794000,618.0
2011-02-28,616.0,627.0,603.0,625.0,12367000,625.0
2011-03-01,630.0,637.0,629.0,636.0,10762000,636.0
2011-03-02,625.0,631.0,619.0,620.0,12958000,620.0
2011-03-03,623.0,632.0,621.0,631.0,8652000,631.0
2011-03-04,641.0,642.0,632.0,635.0,8241000,635.0
2011-03-07,628.0,628.0,622.0,625.0,8202000,625.0
2011-03-08,620.0,624.0,619.0,620.0,7344000,620.0
2011-03-09,627.0,633.0,621.0,623.0,9719000,623.0
2011-03-10,620.0,620.0,601.0,603.0,13255000,603.0
2011-03-11,585.0,592.0,578.0,580.0,31190000,580.0
2011-03-14,520.0,564.0,515.0,534.0,26077000,534.0
2011-03-15,516.0,519.0,446.0,481.0,30048000,481.0
2011-03-16,525.0,536.0,511.0,532.0,28452000,532.0
2011-03-17,507.0,548.0,503.0,540.0,24268000,540.0
2011-03-18,559.0,570.0,554.0,562.0,19641000,562.0
2011-03-22,582.0,584.0,575.0,580.0,17368000,580.0
2011-03-23,580.0,599.0,572.0,591.0,21620000,591.0
2011-03-24,588.0,599.0,585.0,596.0,17254000,596.0
2011-03-25,600.0,602.0,580.0,588.0,14179000,588.0
2011-03-28,584.0,595.0,580.0,591.0,7873000,591.0
2011-03-29,578.0,588.0,572.0,583.0,10588000,583.0
2011-03-30,581.0,600.0,579.0,599.0,10329000,599.0
2011-03-31,605.0,609.0,595.0,599.0,7805000,599.0
2011-04-01,600.0,618.0,598.0,613.0,16936000,613.0
2011-04-04,617.0,622.0,610.0,610.0,9053000,610.0
2011-04-05,609.0,610.0,583.0,590.0,12224000,590.0
2011-04-06,596.0,596.0,572.0,585.0,9858000,585.0
2011-04-07,588.0,595.0,583.0,585.0,5351000,585.0
2011-04-08,580.0,593.0,575.0,591.0,9078000,591.0
2011-04-11,592.0,600.0,587.0,590.0,5466000,590.0
2011-04-12,580.0,581.0,573.0,577.0,8391000,577.0
2011-04-13,568.0,572.0,558.0,564.0,15612000,564.0
2011-04-14,560.0,565.0,555.0,563.0,10253000,563.0
2011-04-15,558.0,566.0,557.0,560.0,10059000,560.0
2011-04-18,564.0,567.0,560.0,560.0,5891000,560.0
2011-04-19,551.0,557.0,551.0,553.0,9253000,553.0
2011-04-20,560.0,566.0,557.0,564.0,8458000,564.0
2011-04-21,570.0,580.0,569.0,577.0,9910000,577.0
2011-04-22,575.0,580.0,573.0,577.0,6869000,577.0
2011-04-25,581.0,582.0,574.0,575.0,3568000,575.0
2011-04-26,574.0,579.0,568.0,573.0,7313000,573.0
2011-04-27,577.0,584.0,577.0,583.0,8369000,583.0
2011-04-28,586.0,589.0,582.0,586.0,7073000,586.0
2011-05-02,598.0,599.0,593.0,595.0,6952000,595.0
2011-05-06,581.0,594.0,577.0,583.0,16749000,583.0
2011-05-09,591.0,592.0,583.0,585.0,7830000,585.0
2011-05-10,590.0,591.0,583.0,583.0,7315000,583.0
2011-05-11,587.0,588.0,584.0,584.0,5619000,584.0
2011-05-12,578.0,584.0,572.0,572.0,7415000,572.0
2011-05-13,572.0,574.0,556.0,562.0,12250000,562.0
2011-05-16,558.0,558.0,548.0,553.0,6620000,553.0
2011-05-17,555.0,561.0,551.0,557.0,12546000,557.0
2011-05-18,557.0,571.0,554.0,567.0,9774000,567.0
2011-05-19,571.0,571.0,562.0,563.0,6437000,563.0
2011-05-20,562.0,565.0,555.0,556.0,7135000,556.0
2011-05-23,552.0,552.0,541.0,543.0,8534000,543.0
2011-05-24,535.0,542.0,535.0,540.0,6135000,540.0
2011-05-25,542.0,545.0,538.0,541.0,5792000,541.0
2011-05-26,546.0,554.0,544.0,552.0,10844000,552.0
2011-05-27,548.0,559.0,546.0,553.0,7173000,553.0
2011-05-30,548.0,553.0,546.0,546.0,4685000,546.0
2011-05-31,545.0,567.0,543.0,567.0,8552000,567.0
2011-06-01,565.0,565.0,556.0,560.0,9282000,560.0
2011-06-02,547.0,550.0,546.0,547.0,6078000,547.0
2011-06-03,547.0,549.0,537.0,537.0,5288000,537.0
2011-06-06,536.0,543.0,529.0,532.0,7525000,532.0
2011-06-07,529.0,538.0,529.0,537.0,7937000,537.0
2011-06-08,536.0,540.0,531.0,535.0,6502000,535.0
2011-06-09,535.0,536.0,530.0,532.0,4078000,532.0
2011-06-10,537.0,540.0,531.0,535.0,8300000,535.0
2011-06-13,532.0,534.0,525.0,527.0,7839000,527.0
2011-06-14,524.0,541.0,524.0,539.0,9075000,539.0
2011-06-15,543.0,544.0,538.0,541.0,4843000,541.0
2011-06-16,531.0,533.0,523.0,524.0,5865000,524.0
2011-06-17,527.0,527.0,516.0,521.0,6830000,521.0
2011-06-20,519.0,520.0,513.0,515.0,7477000,515.0
2011-06-21,518.0,520.0,512.0,519.0,10873000,519.0
2011-06-22,521.0,530.0,519.0,530.0,12610000,530.0
2011-06-23,526.0,537.0,524.0,532.0,8082000,532.0
2011-06-24,529.0,531.0,526.0,529.0,10866000,529.0
2011-06-27,530.0,530.0,523.0,523.0,7582000,523.0
2011-06-28,526.0,529.0,525.0,527.0,8663000,527.0
2011-06-29,535.0,536.0,527.0,531.0,8328000,531.0
2011-06-30,536.0,536.0,530.0,532.0,12902000,532.0
2011-07-01,538.0,547.0,536.0,541.0,14657000,541.0
2011-07-04,552.0,563.0,551.0,553.0,16936000,553.0
2011-07-05,555.0,556.0,551.0,552.0,6797000,552.0
2011-07-06,554.0,574.0,553.0,573.0,17706000,573.0
2011-07-07,572.0,578.0,571.0,572.0,15274000,572.0
2011-07-08,578.0,579.0,569.0,571.0,9337000,571.0
2011-07-11,569.0,576.0,562.0,563.0,10543000,563.0
2011-07-12,556.0,560.0,555.0,556.0,7356000,556.0
2011-07-13,560.0,570.0,559.0,567.0,9807000,567.0
2011-07-14,568.0,577.0,565.0,570.0,15652000,570.0
2011-07-15,567.0,570.0,565.0,567.0,5534000,567.0
2011-07-19,564.0,576.0,563.0,569.0,10840000,569.0
2011-07-20,575.0,578.0,571.0,574.0,11929000,574.0
2011-07-21,578.0,585.0,576.0,582.0,9735000,582.0
2011-07-22,586.0,587.0,581.0,584.0,9865000,584.0
2011-07-25,581.0,581.0,572.0,573.0,7291000,573.0
2011-07-26,576.0,592.0,572.0,590.0,10703000,590.0
2011-07-27,584.0,588.0,580.0,582.0,8124000,582.0
2011-07-28,573.0,577.0,571.0,574.0,7137000,574.0
2011-07-29,574.0,586.0,572.0,578.0,10788000,578.0
2011-08-01,588.0,601.0,586.0,588.0,13491000,588.0
2011-08-02,587.0,590.0,582.0,583.0,8606000,583.0
2011-08-03,570.0,572.0,563.0,565.0,12531000,565.0
2011-08-04,565.0,571.0,559.0,559.0,11584000,559.0
2011-08-05,524.0,535.0,521.0,529.0,21009000,529.0
2011-08-08,522.0,524.0,505.0,507.0,16329000,507.0
2011-08-09,482.0,486.0,459.0,482.0,47914000,482.0
2011-08-10,498.0,499.0,486.0,488.0,18786000,488.0
2011-08-11,480.0,486.0,477.0,482.0,16111000,482.0
2011-08-12,488.0,493.0,476.0,480.0,16429000,480.0
2011-08-15,487.0,490.0,481.0,481.0,9441000,481.0
2011-08-16,486.0,493.0,485.0,488.0,13108000,488.0
2011-08-17,485.0,488.0,480.0,482.0,11207000,482.0
2011-08-18,481.0,484.0,473.0,474.0,10352000,474.0
2011-08-19,458.0,464.0,450.0,453.0,16292000,453.0
2011-08-22,453.0,460.0,450.0,452.0,13738000,452.0
2011-08-23,455.0,458.0,440.0,450.0,14848000,450.0
2011-08-24,456.0,459.0,436.0,437.0,15825000,437.0
2011-08-25,440.0,455.0,440.0,451.0,14226000,451.0
2011-08-26,451.0,461.0,447.0,459.0,14546000,459.0
2011-08-29,467.0,472.0,456.0,464.0,16112000,464.0
2011-08-30,473.0,475.0,469.0,470.0,13167000,470.0
2011-08-31,473.0,481.0,468.0,481.0,13513000,481.0
2011-09-01,485.0,494.0,482.0,493.0,15930000,493.0
2011-09-02,490.0,491.0,484.0,487.0,11527000,487.0
2011-09-05,476.0,478.0,465.0,468.0,12533000,468.0
2011-09-06,460.0,462.0,450.0,451.0,11048000,451.0
2011-09-07,467.0,467.0,460.0,465.0,11133000,465.0
2011-09-08,471.0,474.0,458.0,463.0,8086000,463.0
2011-09-09,467.0,483.0,465.0,478.0,20302000,478.0
2011-09-12,466.0,480.0,465.0,474.0,12619000,474.0
2011-09-13,477.0,486.0,471.0,484.0,10405000,484.0
2011-09-14,483.0,489.0,470.0,473.0,11104000,473.0
2011-09-15,480.0,482.0,473.0,475.0,8144000,475.0
2011-09-16,484.0,491.0,480.0,489.0,10670000,489.0
2011-09-20,484.0,488.0,476.0,485.0,9711000,485.0
2011-09-21,484.0,487.0,482.0,485.0,8600000,485.0
2011-09-22,478.0,479.0,466.0,467.0,12700000,467.0
2011-09-26,463.0,464.0,436.0,438.0,18403000,438.0
2011-09-27,452.0,453.0,445.0,453.0,15636000,453.0
2011-09-28,449.0,452.0,444.0,446.0,13056000,446.0
2011-09-29,440.0,440.0,423.0,440.0,19121000,440.0
2011-09-30,443.0,444.0,434.0,439.0,15662000,439.0
2011-10-03,420.0,424.0,402.0,406.0,23822000,406.0
2011-10-04,387.0,399.0,386.0,394.0,30574000,394.0
2011-10-05,394.0,396.0,373.0,374.0,37566000,374.0
2011-10-06,384.0,389.0,376.0,379.0,26427000,379.0
2011-10-07,392.0,403.0,391.0,400.0,22308000,400.0
2011-10-11,416.0,417.0,408.0,413.0,12921000,413.0
2011-10-12,411.0,422.0,405.0,419.0,10947000,419.0
2011-10-13,430.0,436.0,426.0,430.0,16343000,430.0
2011-10-14,427.0,437.0,423.0,429.0,10268000,429.0
2011-10-17,443.0,447.0,439.0,445.0,11223000,445.0
2011-10-18,434.0,434.0,428.0,429.0,8917000,429.0
2011-10-19,434.0,435.0,420.0,424.0,9189000,424.0
2011-10-20,420.0,421.0,415.0,416.0,8038000,416.0
2011-10-21,411.0,416.0,411.0,413.0,7122000,413.0
2011-10-24,418.0,432.0,418.0,429.0,9593000,429.0
2011-10-25,440.0,441.0,431.0,432.0,9042000,432.0
2011-10-26,421.0,435.0,417.0,433.0,8955000,433.0
2011-10-27,435.0,464.0,435.0,464.0,16051000,464.0
2011-10-28,476.0,477.0,462.0,468.0,14656000,468.0
2011-10-31,472.0,479.0,464.0,464.0,19315000,464.0
2011-11-01,464.0,475.0,458.0,459.0,16150000,459.0
2011-11-02,445.0,454.0,443.0,449.0,15021000,449.0
2011-11-04,461.0,470.0,460.0,469.0,13427000,469.0
2011-11-07,468.0,478.0,468.0,477.0,14919000,477.0
2011-11-08,475.0,478.0,456.0,459.0,14678000,459.0
2011-11-09,465.0,471.0,461.0,470.0,12893000,470.0
2011-11-10,451.0,452.0,439.0,441.0,23123000,441.0
2011-11-11,446.0,451.0,437.0,442.0,19314000,442.0
2011-11-14,453.0,458.0,447.0,452.0,14801000,452.0
2011-11-15,447.0,458.0,446.0,452.0,20372000,452.0
2011-11-16,451.0,453.0,438.0,440.0,17899000,440.0
2011-11-17,437.0,451.0,435.0,450.0,23078000,450.0
2011-11-18,442.0,450.0,440.0,449.0,21192000,449.0
2011-11-21,446.0,448.0,438.0,443.0,7774000,443.0
2011-11-22,439.0,451.0,436.0,448.0,12895000,448.0
2011-11-24,440.0,441.0,433.0,435.0,17191000,435.0
2011-11-25,435.0,440.0,427.0,433.0,13431000,433.0
2011-11-28,438.0,448.0,436.0,446.0,12980000,446.0
2011-11-29,453.0,465.0,453.0,465.0,15606000,465.0
2011-11-30,465.0,468.0,456.0,461.0,16998000,461.0
2011-12-01,480.0,487.0,477.0,482.0,24686000,482.0
2011-12-02,483.0,488.0,479.0,485.0,12452000,485.0
2011-12-05,488.0,488.0,480.0,483.0,6332000,483.0
2011-12-06,481.0,483.0,472.0,473.0,11920000,473.0
2011-12-07,475.0,486.0,473.0,484.0,15278000,484.0
2011-12-08,478.0,484.0,473.0,479.0,19198000,479.0
2011-12-09,468.0,482.0,468.0,477.0,23956000,477.0
2011-12-12,483.0,486.0,478.0,483.0,9550000,483.0
2011-12-13,476.0,485.0,475.0,481.0,7829000,481.0
2011-12-14,481.0,489.0,474.0,488.0,15500000,488.0
2011-12-15,481.0,484.0,471.0,473.0,19909000,473.0
2011-12-16,473.0,478.0,463.0,466.0,14385000,466.0
2011-12-19,461.0,466.0,455.0,462.0,8230000,462.0
2011-12-20,463.0,468.0,460.0,461.0,7740000,461.0
2011-12-21,467.0,469.0,457.0,458.0,12308000,458.0
2011-12-22,455.0,463.0,454.0,455.0,10233000,455.0
2011-12-26,465.0,468.0,460.0,462.0,11233000,462.0
2011-12-27,460.0,462.0,458.0,460.0,4755000,460.0
2011-12-28,461.0,461.0,456.0,456.0,9221000,456.0
2011-12-29,455.0,462.0,453.0,460.0,9238000,460.0
2011-12-30,463.0,471.0,463.0,469.0,7755000,469.0
2012-01-04,477.0,480.0,473.0,478.0,10104000,478.0
2012-01-05,477.0,481.0,477.0,479.0,9090000,479.0
2012-01-06,479.0,480.0,469.0,474.0,10661000,474.0
2012-01-10,475.0,477.0,471.0,473.0,8519000,473.0
2012-01-11,474.0,478.0,474.0,478.0,6850000,478.0
2012-01-12,477.0,479.0,472.0,477.0,6990000,477.0
2012-01-13,480.0,486.0,477.0,486.0,10050000,486.0
2012-01-16,480.0,480.0,472.0,473.0,9950000,473.0
2012-01-17,476.0,482.0,473.0,482.0,9117000,482.0
2012-01-18,479.0,492.0,478.0,487.0,11196000,487.0
2012-01-19,490.0,499.0,490.0,498.0,11571000,498.0
2012-01-20,504.0,506.0,499.0,505.0,13301000,505.0
2012-01-23,507.0,508.0,502.0,505.0,6721000,505.0
2012-01-24,510.0,515.0,509.0,512.0,12421000,512.0
2012-01-25,517.0,522.0,514.0,520.0,9773000,520.0
2012-01-26,524.0,530.0,514.0,517.0,13845000,517.0
2012-01-27,520.0,531.0,519.0,530.0,17191000,530.0
2012-01-30,528.0,530.0,525.0,526.0,7725000,526.0
2012-01-31,524.0,534.0,522.0,526.0,12475000,526.0
2012-02-01,527.0,533.0,523.0,530.0,9288000,530.0
2012-02-02,536.0,543.0,531.0,531.0,15651000,531.0
2012-02-03,533.0,539.0,525.0,526.0,12360000,526.0
2012-02-06,537.0,540.0,536.0,539.0,9274000,539.0
2012-02-07,537.0,541.0,536.0,539.0,8122000,539.0
2012-02-08,543.0,545.0,537.0,540.0,8433000,540.0
2012-02-09,540.0,541.0,534.0,540.0,7271000,540.0
2012-02-10,540.0,540.0,528.0,528.0,8875000,528.0
2012-02-13,524.0,535.0,523.0,528.0,10759000,528.0
2012-02-14,528.0,533.0,524.0,532.0,11025000,532.0
2012-02-15,536.0,543.0,532.0,541.0,15270000,541.0
2012-02-16,540.0,544.0,530.0,532.0,12632000,532.0
2012-02-17,542.0,542.0,538.0,540.0,12419000,540.0
2012-02-20,553.0,561.0,552.0,557.0,16649000,557.0
2012-02-21,558.0,564.0,554.0,558.0,14078000,558.0
2012-02-22,560.0,568.0,557.0,566.0,14332000,566.0
2012-02-23,565.0,568.0,562.0,565.0,13184000,565.0
2012-02-24,566.0,576.0,565.0,575.0,12799000,575.0
2012-02-27,584.0,586.0,578.0,579.0,13214000,579.0
2012-02-28,570.0,579.0,568.0,578.0,12138000,578.0
2012-02-29,583.0,587.0,579.0,581.0,12778000,581.0
2012-03-01,585.0,593.0,575.0,577.0,15244000,577.0
2012-03-02,585.0,588.0,582.0,588.0,10925000,588.0
2012-03-05,587.0,594.0,585.0,591.0,12118000,591.0
2012-03-06,590.0,592.0,570.0,571.0,19804000,571.0
2012-03-07,557.0,568.0,556.0,566.0,14017000,566.0
2012-03-08,574.0,585.0,573.0,582.0,12847000,582.0
2012-03-09,597.0,598.0,588.0,595.0,22037000,595.0
2012-03-12,601.0,603.0,597.0,599.0,11271000,599.0
2012-03-13,601.0,607.0,599.0,600.0,15250000,600.0
2012-03-14,615.0,620.0,614.0,616.0,14275000,616.0
2012-03-15,620.0,624.0,614.0,620.0,10437000,620.0
2012-03-16,621.0,626.0,619.0,626.0,10680000,626.0
2012-03-19,643.0,647.0,640.0,641.0,16806000,641.0
2012-03-21,633.0,634.0,620.0,620.0,19959000,620.0
2012-03-22,616.0,625.0,609.0,616.0,14403000,616.0
2012-03-23,607.0,608.0,602.0,603.0,15023000,603.0
2012-03-26,608.0,612.0,605.0,610.0,15020000,610.0
2012-03-27,623.0,624.0,619.0,623.0,12271000,623.0
2012-03-28,616.0,621.0,612.0,618.0,8950000,618.0
2012-03-29,610.0,612.0,600.0,602.0,12263000,602.0
2012-03-30,602.0,605.0,595.0,597.0,13358000,597.0
2012-04-02,607.0,611.0,605.0,607.0,9247000,607.0
2012-04-03,604.0,608.0,600.0,601.0,7843000,601.0
2012-04-04,601.0,607.0,587.0,589.0,11423000,589.0
2012-04-05,577.0,600.0,574.0,599.0,14194000,599.0
2012-04-06,592.0,595.0,583.0,585.0,9154000,585.0
2012-04-09,574.0,584.0,573.0,575.0,8044000,575.0
2012-04-10,580.0,582.0,568.0,570.0,8761000,570.0
2012-04-11,564.0,572.0,561.0,569.0,11641000,569.0
2012-04-12,573.0,579.0,569.0,578.0,14912000,578.0
2012-04-13,581.0,585.0,557.0,566.0,32138000,566.0
2012-04-16,557.0,560.0,537.0,539.0,28814000,539.0
2012-04-17,543.0,549.0,536.0,538.0,22466000,538.0
2012-04-18,555.0,562.0,553.0,560.0,15707000,560.0
2012-04-19,558.0,562.0,555.0,558.0,9706000,558.0
2012-04-20,567.0,578.0,564.0,574.0,16623000,574.0
2012-04-23,575.0,582.0,568.0,571.0,7778000,571.0
2012-04-24,561.0,564.0,556.0,559.0,8470000,559.0
2012-04-25,568.0,568.0,562.0,565.0,8201000,565.0
2012-04-26,570.0,572.0,561.0,564.0,5885000,564.0
2012-04-27,565.0,569.0,551.0,558.0,9590000,558.0
2012-05-01,553.0,554.0,538.0,540.0,10240000,540.0
2012-05-02,545.0,548.0,541.0,544.0,7518000,544.0
2012-05-07,530.0,535.0,526.0,530.0,15865000,530.0
2012-05-08,551.0,557.0,545.0,550.0,19208000,550.0
2012-05-09,546.0,551.0,538.0,542.0,17175000,542.0
2012-05-10,546.0,548.0,532.0,537.0,14724000,537.0
2012-05-11,538.0,543.0,532.0,532.0,14342000,532.0
2012-05-14,536.0,549.0,534.0,535.0,10340000,535.0
2012-05-15,528.0,533.0,522.0,530.0,13684000,530.0
2012-05-16,531.0,536.0,521.0,527.0,16513000,527.0
2012-05-17,528.0,540.0,524.0,539.0,13584000,539.0
2012-05-18,520.0,521.0,504.0,506.0,21487000,506.0
2012-05-21,504.0,514.0,503.0,507.0,11869000,507.0
2012-05-22,512.0,521.0,512.0,520.0,11890000,520.0
2012-05-23,520.0,521.0,509.0,512.0,14872000,512.0
2012-05-24,507.0,512.0,502.0,508.0,11283000,508.0
2012-05-25,510.0,513.0,503.0,505.0,10326000,505.0
2012-05-28,506.0,510.0,501.0,504.0,9383000,504.0
2012-05-29,506.0,518.0,497.0,517.0,15329000,517.0
2012-05-30,517.0,517.0,492.0,498.0,26205000,498.0
2012-05-31,490.0,504.0,488.0,502.0,18886000,502.0
2012-06-01,495.0,499.0,483.0,485.0,16199000,485.0
2012-06-04,469.0,476.0,463.0,467.0,18629000,467.0
2012-06-05,475.0,486.0,474.0,485.0,13292000,485.0
2012-06-06,489.0,491.0,476.0,489.0,15854000,489.0
2012-06-07,502.0,505.0,492.0,496.0,16718000,496.0
2012-06-08,500.0,500.0,482.0,484.0,19977000,484.0
2012-06-11,495.0,502.0,491.0,500.0,9880000,500.0
2012-06-12,489.0,501.0,486.0,499.0,12357000,499.0
2012-06-13,497.0,499.0,492.0,496.0,8552000,496.0
2012-06-14,492.0,496.0,490.0,494.0,10694000,494.0
2012-06-15,491.0,495.0,488.0,492.0,12647000,492.0
2012-06-18,501.0,507.0,501.0,505.0,10889000,505.0
2012-06-19,503.0,509.0,501.0,504.0,9260000,504.0
2012-06-20,509.0,515.0,505.0,514.0,11387000,514.0
2012-06-21,518.0,529.0,516.0,518.0,16477000,518.0
2012-06-22,509.0,522.0,507.0,519.0,16070000,519.0
2012-06-25,529.0,529.0,516.0,517.0,7704000,517.0
2012-06-26,515.0,516.0,505.0,513.0,12954000,513.0
2012-06-27,511.0,513.0,506.0,512.0,8533000,512.0
2012-06-28,516.0,522.0,515.0,518.0,9137000,518.0
2012-06-29,516.0,527.0,514.0,526.0,11486000,526.0
2012-07-02,538.0,540.0,530.0,531.0,10719000,531.0
2012-07-03,532.0,543.0,532.0,538.0,9403000,538.0
2012-07-04,543.0,550.0,540.0,547.0,13750000,547.0
2012-07-05,548.0,552.0,543.0,547.0,10938000,547.0
2012-07-06,547.0,551.0,544.0,548.0,10305000,548.0
2012-07-09,538.0,544.0,535.0,536.0,9221000,536.0
2012-07-10,537.0,541.0,528.0,531.0,9527000,531.0
2012-07-11,527.0,528.0,521.0,526.0,9940000,526.0
2012-07-12,528.0,529.0,514.0,515.0,13053000,515.0
2012-07-13,515.0,527.0,514.0,524.0,11245000,524.0
2012-07-17,524.0,526.0,517.0,520.0,9611000,520.0
2012-07-18,523.0,523.0,511.0,512.0,10365000,512.0
2012-07-19,519.0,525.0,517.0,524.0,10947000,524.0
2012-07-20,525.0,527.0,516.0,519.0,9921000,519.0
2012-07-23,512.0,514.0,505.0,506.0,9398000,506.0
2012-07-24,500.0,506.0,497.0,504.0,11562000,504.0
2012-07-25,499.0,500.0,493.0,497.0,9467000,497.0
2012-07-26,499.0,503.0,492.0,502.0,11000000,502.0
2012-07-27,512.0,518.0,508.0,518.0,9100000,518.0
2012-07-30,525.0,527.0,518.0,527.0,10194000,527.0
2012-07-31,524.0,532.0,521.0,528.0,10618000,528.0
2012-08-01,526.0,526.0,514.0,520.0,9619000,520.0
2012-08-02,520.0,527.0,518.0,525.0,9389000,525.0
2012-08-03,516.0,518.0,510.0,512.0,8090000,512.0
2012-08-06,520.0,526.0,519.0,523.0,6930000,523.0
2012-08-07,525.0,531.0,524.0,529.0,10355000,529.0
2012-08-08,536.0,537.0,524.0,525.0,13601000,525.0
2012-08-09,526.0,537.0,526.0,534.0,11133000,534.0
2012-08-10,533.0,535.0,525.0,528.0,8387000,528.0
2012-08-13,528.0,531.0,523.0,531.0,4601000,531.0
2012-08-14,535.0,540.0,532.0,532.0,10684000,532.0
2012-08-15,534.0,534.0,524.0,529.0,6094000,529.0
2012-08-16,530.0,538.0,529.0,538.0,7321000,538.0
2012-08-17,539.0,543.0,537.0,543.0,8219000,543.0
2012-08-20,544.0,546.0,537.0,540.0,7874000,540.0
2012-08-21,538.0,542.0,537.0,540.0,4953000,540.0
2012-08-22,541.0,541.0,535.0,538.0,5977000,538.0
2012-08-23,535.0,540.0,533.0,539.0,7453000,539.0
2012-08-24,532.0,533.0,527.0,530.0,6470000,530.0
2012-08-27,533.0,534.0,525.0,527.0,6379000,527.0
2012-08-28,526.0,530.0,516.0,522.0,10083000,522.0
2012-08-29,520.0,524.0,519.0,521.0,5783000,521.0
2012-08-30,519.0,520.0,509.0,512.0,8753000,512.0
2012-08-31,506.0,509.0,501.0,502.0,9406000,502.0
2012-09-03,501.0,504.0,494.0,498.0,11057000,498.0
2012-09-04,502.0,506.0,499.0,503.0,11336000,503.0
2012-09-05,500.0,500.0,487.0,487.0,10025000,487.0
2012-09-06,489.0,492.0,478.0,482.0,15536000,482.0
2012-09-07,496.0,501.0,493.0,501.0,14198000,501.0
2012-09-10,503.0,508.0,500.0,504.0,14208000,504.0
2012-09-11,499.0,501.0,496.0,499.0,8588000,499.0
2012-09-12,503.0,505.0,500.0,505.0,9085000,505.0
2012-09-13,506.0,510.0,504.0,508.0,10139000,508.0
2012-09-14,520.0,532.0,517.0,531.0,22055000,531.0
2012-09-18,538.0,538.0,529.0,532.0,13523000,532.0
2012-09-19,532.0,543.0,529.0,539.0,14418000,539.0
2012-09-20,534.0,538.0,528.0,530.0,9935000,530.0
2012-09-21,528.0,533.0,525.0,530.0,9352000,530.0
2012-09-24,526.0,531.0,526.0,529.0,9577000,529.0
2012-09-25,526.0,528.0,522.0,526.0,12582000,526.0
2012-09-26,510.0,513.0,503.0,505.0,11973000,505.0
2012-09-27,498.0,508.0,498.0,507.0,12420000,507.0
2012-09-28,505.0,508.0,495.0,498.0,14252000,498.0
2012-10-01,493.0,499.0,492.0,497.0,9432000,497.0
2012-10-02,498.0,502.0,496.0,497.0,7219000,497.0
2012-10-03,494.0,496.0,489.0,491.0,7666000,491.0
2012-10-04,493.0,505.0,492.0,505.0,12739000,505.0
2012-10-05,505.0,513.0,505.0,510.0,12629000,510.0
2012-10-09,506.0,515.0,505.0,507.0,11308000,507.0
2012-10-10,496.0,499.0,493.0,494.0,13035000,494.0
2012-10-11,488.0,496.0,487.0,488.0,10077000,488.0
2012-10-12,491.0,493.0,486.0,487.0,9775000,487.0
2012-10-15,487.0,499.0,485.0,497.0,11538000,497.0
2012-10-16,500.0,506.0,498.0,505.0,9834000,505.0
2012-10-17,510.0,514.0,509.0,513.0,10252000,513.0
2012-10-18,518.0,528.0,517.0,525.0,14822000,525.0
2012-10-19,524.0,528.0,521.0,526.0,10051000,526.0
2012-10-22,515.0,525.0,512.0,524.0,10012000,524.0
2012-10-23,528.0,529.0,519.0,524.0,8411000,524.0
2012-10-24,514.0,523.0,514.0,516.0,11913000,516.0
2012-10-25,514.0,522.0,513.0,520.0,9798000,520.0
2012-10-26,522.0,523.0,512.0,513.0,12016000,513.0
2012-10-29,514.0,517.0,510.0,511.0,8215000,511.0
2012-10-30,512.0,515.0,506.0,510.0,16552000,510.0
2012-10-31,515.0,521.0,510.0,517.0,10311000,517.0
2012-11-01,520.0,520.0,513.0,517.0,10131000,517.0
2012-11-02,524.0,533.0,523.0,526.0,16904000,526.0
2012-11-05,525.0,530.0,524.0,528.0,10029000,528.0
2012-11-06,531.0,533.0,525.0,527.0,10226000,527.0
2012-11-07,533.0,533.0,526.0,529.0,12967000,529.0
2012-11-08,521.0,527.0,520.0,526.0,11432000,526.0
2012-11-09,521.0,525.0,518.0,523.0,8177000,523.0
2012-11-12,521.0,523.0,515.0,516.0,7288000,516.0
2012-11-13,517.0,519.0,508.0,512.0,9471000,512.0
2012-11-14,511.0,512.0,508.0,509.0,6132000,509.0
2012-11-15,509.0,529.0,509.0,527.0,12914000,527.0
2012-11-16,529.0,535.0,529.0,532.0,12305000,532.0
2012-11-19,537.0,543.0,537.0,540.0,11818000,540.0
2012-11-20,543.0,544.0,533.0,537.0,11169000,537.0
2012-11-21,539.0,540.0,533.0,537.0,8395000,537.0
2012-11-22,541.0,543.0,539.0,542.0,7519000,542.0
2012-11-26,545.0,552.0,545.0,545.0,13127000,545.0
2012-11-27,544.0,549.0,543.0,546.0,11304000,546.0
2012-11-28,543.0,545.0,536.0,537.0,8112000,537.0
2012-11-29,541.0,547.0,538.0,545.0,8432000,545.0
2012-11-30,550.0,550.0,541.0,543.0,12275000,543.0
2012-12-03,548.0,552.0,545.0,549.0,10140000,549.0
2012-12-04,546.0,552.0,545.0,551.0,8420000,551.0
2012-12-05,547.0,551.0,544.0,550.0,7833000,550.0
2012-12-06,555.0,557.0,552.0,552.0,8127000,552.0
2012-12-07,555.0,555.0,551.0,552.0,6678000,552.0
2012-12-10,553.0,555.0,549.0,552.0,5479000,552.0
2012-12-11,550.0,551.0,543.0,545.0,5793000,545.0
2012-12-12,552.0,558.0,551.0,554.0,11235000,554.0
2012-12-13,564.0,566.0,561.0,565.0,13232000,565.0
2012-12-14,559.0,566.0,558.0,565.0,12092000,565.0
2012-12-17,572.0,573.0,566.0,567.0,10394000,567.0
2012-12-18,570.0,583.0,569.0,578.0,13655000,578.0
2012-12-19,593.0,610.0,592.0,609.0,18884000,609.0
2012-12-20,610.0,618.0,608.0,612.0,19636000,612.0
2012-12-21,620.0,621.0,598.0,602.0,14136000,602.0
2012-12-25,612.0,612.0,600.0,602.0,9964000,602.0
2012-12-26,610.0,617.0,603.0,606.0,15559000,606.0
2012-12-27,612.0,617.0,604.0,608.0,12556000,608.0
2012-12-28,611.0,615.0,607.0,614.0,8433000,614.0
2013-01-04,643.0,644.0,634.0,639.0,12398000,639.0
2013-01-07,640.0,642.0,627.0,629.0,12029000,629.0
2013-01-08,625.0,633.0,619.0,623.0,10541000,623.0
2013-01-09,615.0,635.0,615.0,631.0,10975000,631.0
2013-01-10,637.0,641.0,634.0,639.0,10123000,639.0
2013-01-11,644.0,648.0,639.0,642.0,11495000,642.0
2013-01-15,648.0,648.0,641.0,644.0,8905000,644.0
2013-01-16,640.0,641.0,625.0,627.0,11324000,627.0
2013-01-17,631.0,633.0,616.0,628.0,9858000,628.0
2013-01-18,640.0,643.0,634.0,642.0,9791000,642.0
2013-01-21,645.0,645.0,636.0,640.0,9372000,640.0
2013-01-22,640.0,648.0,635.0,644.0,12849000,644.0
2013-01-23,634.0,640.0,630.0,632.0,8608000,632.0
2013-01-24,629.0,641.0,628.0,640.0,9380000,640.0
2013-01-25,650.0,658.0,648.0,658.0,15592000,658.0
2013-01-28,663.0,669.0,660.0,667.0,14602000,667.0
2013-01-29,663.0,671.0,662.0,664.0,10745000,664.0
2013-01-30,665.0,670.0,662.0,667.0,8758000,667.0
2013-01-31,666.0,672.0,665.0,671.0,12565000,671.0
2013-02-01,672.0,674.0,663.0,665.0,13393000,665.0
2013-02-04,673.0,690.0,669.0,687.0,16965000,687.0
2013-02-05,674.0,681.0,671.0,671.0,15402000,671.0
2013-02-06,680.0,688.0,678.0,683.0,15724000,683.0
2013-02-07,684.0,695.0,684.0,693.0,14176000,693.0
2013-02-08,690.0,693.0,687.0,692.0,9504000,692.0
2013-02-12,705.0,717.0,702.0,704.0,14992000,704.0
2013-02-13,703.0,708.0,686.0,690.0,13264000,690.0
2013-02-14,689.0,690.0,675.0,686.0,10534000,686.0
2013-02-15,682.0,685.0,664.0,678.0,11056000,678.0
2013-02-18,687.0,688.0,682.0,685.0,8569000,685.0
2013-02-19,681.0,690.0,680.0,686.0,6227000,686.0
2013-02-20,689.0,694.0,687.0,690.0,8899000,690.0
2013-02-21,683.0,685.0,672.0,674.0,11896000,674.0
2013-02-22,664.0,674.0,660.0,670.0,12195000,670.0
2013-02-25,687.0,691.0,682.0,690.0,11179000,690.0
2013-02-26,671.0,686.0,671.0,678.0,9238000,678.0
2013-02-27,681.0,682.0,670.0,670.0,9063000,670.0
2013-02-28,678.0,680.0,674.0,677.0,9590000,677.0
2013-03-01,678.0,682.0,676.0,682.0,8001000,682.0
2013-03-04,687.0,689.0,677.0,678.0,9799000,678.0
2013-03-05,683.0,685.0,679.0,681.0,7566000,681.0
2013-03-06,689.0,691.0,685.0,691.0,9317000,691.0
2013-03-07,698.0,705.0,692.0,694.0,12332000,694.0
2013-03-08,698.0,704.0,691.0,701.0,22149000,701.0
2013-03-11,712.0,744.0,711.0,738.0,25155000,738.0
2013-03-12,760.0,763.0,741.0,745.0,20938000,745.0
2013-03-13,746.0,749.0,725.0,727.0,16544000,727.0
2013-03-14,735.0,742.0,729.0,741.0,10833000,741.0
2013-03-15,746.0,750.0,741.0,750.0,16922000,750.0
2013-03-18,741.0,748.0,737.0,738.0,11022000,738.0
2013-03-19,744.0,752.0,743.0,749.0,7939000,749.0
2013-03-21,758.0,759.0,750.0,751.0,12977000,751.0
2013-03-22,751.0,753.0,745.0,745.0,12489000,745.0
2013-03-25,750.0,768.0,749.0,765.0,15759000,765.0
2013-03-26,761.0,764.0,753.0,754.0,14447000,754.0
2013-03-27,752.0,755.0,738.0,743.0,10323000,743.0
2013-03-28,740.0,740.0,711.0,716.0,15849000,716.0
2013-03-29,717.0,717.0,700.0,703.0,15240000,703.0
2013-04-01,697.0,697.0,675.0,676.0,13092000,676.0
2013-04-02,644.0,673.0,640.0,662.0,22573000,662.0
2013-04-03,662.0,665.0,641.0,654.0,20528000,654.0
2013-04-04,637.0,646.0,616.0,646.0,38625000,646.0
2013-04-05,664.0,684.0,630.0,635.0,44707000,635.0
2013-04-08,660.0,667.0,652.0,666.0,21853000,666.0
2013-04-09,680.0,690.0,676.0,683.0,25571000,683.0
2013-04-10,693.0,723.0,691.0,712.0,30872000,712.0
2013-04-11,731.0,733.0,713.0,722.0,21367000,722.0
2013-04-12,720.0,721.0,705.0,713.0,16403000,713.0
2013-04-15,701.0,704.0,688.0,696.0,15522000,696.0
2013-04-16,669.0,681.0,667.0,669.0,26123000,669.0
2013-04-17,674.0,687.0,673.0,682.0,12436000,682.0
2013-04-18,675.0,684.0,673.0,676.0,12592000,676.0
2013-04-19,676.0,679.0,667.0,672.0,14664000,672.0
2013-04-22,692.0,695.0,690.0,694.0,11396000,694.0
2013-04-23,695.0,695.0,681.0,684.0,11920000,684.0
2013-04-24,691.0,698.0,687.0,697.0,14076000,697.0
2013-04-25,703.0,709.0,696.0,708.0,17218000,708.0
2013-04-26,710.0,711.0,695.0,697.0,12293000,697.0
2013-04-30,698.0,705.0,694.0,697.0,11278000,697.0
2013-05-01,698.0,700.0,690.0,691.0,10047000,691.0
2013-05-02,690.0,695.0,684.0,695.0,11273000,695.0
2013-05-07,712.0,718.0,708.0,715.0,17462000,715.0
2013-05-08,720.0,747.0,717.0,723.0,35645000,723.0
2013-05-09,740.0,740.0,724.0,727.0,18488000,727.0
2013-05-10,740.0,742.0,733.0,739.0,18099000,739.0
2013-05-13,748.0,749.0,735.0,742.0,18390000,742.0
2013-05-14,745.0,745.0,736.0,744.0,12186000,744.0
2013-05-15,749.0,758.0,748.0,750.0,18768000,750.0
2013-05-16,756.0,757.0,736.0,746.0,16680000,746.0
2013-05-17,740.0,749.0,738.0,747.0,9446000,747.0
2013-05-20,760.0,780.0,757.0,775.0,25681000,775.0
2013-05-21,775.0,828.0,771.0,823.0,35373000,823.0
2013-05-22,836.0,872.0,820.0,829.0,38203000,829.0
2013-05-23,825.0,848.0,771.0,775.0,38308000,775.0
2013-05-24,790.0,798.0,740.0,761.0,33942000,761.0
2013-05-27,746.0,750.0,725.0,730.0,21954000,730.0
2013-05-28,726.0,746.0,716.0,734.0,16554000,734.0
2013-05-29,749.0,755.0,729.0,736.0,18040000,736.0
2013-05-30,722.0,733.0,706.0,712.0,21134000,712.0
2013-05-31,722.0,727.0,707.0,714.0,16895000,714.0
2013-06-03,707.0,726.0,703.0,706.0,21095000,706.0
2013-06-04,703.0,713.0,680.0,706.0,19022000,706.0
2013-06-05,716.0,723.0,691.0,691.0,15909000,691.0
2013-06-06,680.0,694.0,675.0,677.0,17389000,677.0
2013-06-07,667.0,675.0,648.0,663.0,18946000,663.0
2013-06-10,688.0,691.0,677.0,688.0,17884000,688.0
2013-06-11,688.0,699.0,680.0,680.0,15140000,680.0
2013-06-12,667.0,676.0,660.0,672.0,12554000,672.0
2013-06-13,660.0,667.0,648.0,649.0,16804000,649.0
2013-06-14,669.0,679.0,662.0,669.0,21849000,669.0
2013-06-17,668.0,673.0,652.0,668.0,17322000,668.0
2013-06-18,673.0,682.0,667.0,679.0,11159000,679.0
2013-06-19,689.0,703.0,686.0,698.0,15052000,698.0
2013-06-20,693.0,698.0,684.0,694.0,12874000,694.0
2013-06-21,670.0,695.0,668.0,695.0,18450000,695.0
2013-06-24,702.0,705.0,676.0,678.0,11145000,678.0
2013-06-25,673.0,677.0,660.0,668.0,16345000,668.0
2013-06-26,678.0,680.0,655.0,657.0,11363000,657.0
2013-06-27,660.0,670.0,649.0,669.0,12747000,669.0
2013-06-28,670.0,672.0,661.0,663.0,26814000,663.0
2013-07-01,673.0,674.0,663.0,670.0,15967000,670.0
2013-07-02,677.0,695.0,672.0,693.0,17288000,693.0
2013-07-03,698.0,698.0,685.0,690.0,10368000,690.0
2013-07-04,685.0,689.0,683.0,685.0,5312000,685.0
2013-07-05,691.0,705.0,690.0,705.0,12716000,705.0
2013-07-08,718.0,728.0,701.0,702.0,14327000,702.0
2013-07-09,719.0,720.0,709.0,714.0,9265000,714.0
2013-07-10,716.0,717.0,702.0,707.0,9443000,707.0
2013-07-11,703.0,713.0,701.0,708.0,9231000,708.0
2013-07-12,709.0,720.0,708.0,717.0,11016000,717.0
2013-07-16,724.0,725.0,715.0,719.0,7160000,719.0
2013-07-17,717.0,720.0,714.0,720.0,7283000,720.0
2013-07-18,723.0,738.0,722.0,734.0,13583000,734.0
2013-07-19,737.0,738.0,709.0,719.0,15553000,719.0
2013-07-22,725.0,727.0,713.0,713.0,11580000,713.0
2013-07-23,713.0,728.0,712.0,726.0,7903000,726.0
2013-07-24,728.0,735.0,725.0,734.0,11049000,734.0
2013-07-25,735.0,736.0,723.0,724.0,7181000,724.0
2013-07-26,714.0,718.0,695.0,698.0,14171000,698.0
2013-07-29,681.0,685.0,670.0,670.0,10774000,670.0
2013-07-30,670.0,687.0,670.0,681.0,7967000,681.0
2013-07-31,681.0,693.0,676.0,682.0,7357000,682.0
2013-08-01,689.0,698.0,683.0,698.0,7559000,698.0
2013-08-02,711.0,719.0,710.0,719.0,9576000,719.0
2013-08-05,716.0,719.0,711.0,714.0,7210000,714.0
2013-08-06,713.0,728.0,708.0,728.0,9547000,728.0
2013-08-07,715.0,734.0,706.0,714.0,14435000,714.0
2013-08-08,725.0,732.0,708.0,714.0,16363000,714.0
2013-08-09,724.0,740.0,721.0,736.0,24410000,736.0
2013-08-12,733.0,755.0,729.0,752.0,18131000,752.0
2013-08-13,755.0,760.0,743.0,753.0,8872000,753.0
2013-08-14,756.0,756.0,743.0,755.0,9490000,755.0
2013-08-15,746.0,760.0,746.0,751.0,8797000,751.0
2013-08-16,745.0,757.0,744.0,749.0,9815000,749.0
2013-08-19,748.0,750.0,730.0,742.0,9403000,742.0
2013-08-20,737.0,743.0,724.0,726.0,7897000,726.0
2013-08-21,726.0,733.0,718.0,725.0,7633000,725.0
2013-08-22,723.0,731.0,721.0,724.0,7615000,724.0
2013-08-23,737.0,742.0,733.0,739.0,8578000,739.0
2013-08-26,743.0,745.0,738.0,741.0,5034000,741.0
2013-08-27,738.0,749.0,737.0,741.0,6654000,741.0
2013-08-28,723.0,727.0,717.0,720.0,10458000,720.0
2013-08-29,724.0,728.0,719.0,722.0,5372000,722.0
2013-08-30,725.0,730.0,715.0,716.0,9718000,716.0
2013-09-02,715.0,716.0,708.0,709.0,8279000,709.0
2013-09-03,719.0,736.0,719.0,734.0,7787000,734.0
2013-09-04,730.0,742.0,725.0,741.0,8284000,741.0
2013-09-05,743.0,746.0,738.0,745.0,9188000,745.0
2013-09-06,746.0,748.0,733.0,739.0,6283000,739.0
2013-09-09,754.0,754.0,747.0,751.0,7951000,751.0
2013-09-10,754.0,760.0,753.0,760.0,9474000,760.0
2013-09-11,763.0,764.0,748.0,750.0,8844000,750.0
2013-09-12,755.0,757.0,746.0,753.0,5950000,753.0
2013-09-13,748.0,755.0,744.0,749.0,10412000,749.0
2013-09-17,755.0,765.0,751.0,760.0,8178000,760.0
2013-09-18,765.0,772.0,764.0,768.0,8374000,768.0
2013-09-19,777.0,785.0,774.0,785.0,11580000,785.0
2013-09-20,790.0,791.0,782.0,791.0,10431000,791.0
2013-09-24,787.0,799.0,787.0,797.0,9639000,797.0
2013-09-25,795.0,801.0,793.0,794.0,10340000,794.0
2013-09-26,780.0,790.0,771.0,790.0,7924000,790.0
2013-09-27,792.0,797.0,786.0,796.0,9731000,796.0
2013-09-30,777.0,779.0,768.0,772.0,8391000,772.0
2013-10-01,773.0,778.0,766.0,766.0,8407000,766.0
2013-10-02,766.0,775.0,751.0,754.0,11153000,754.0
2013-10-03,751.0,759.0,749.0,750.0,7319000,750.0
2013-10-04,743.0,751.0,738.0,747.0,8188000,747.0
2013-10-07,743.0,745.0,720.0,723.0,12233000,723.0
2013-10-08,715.0,720.0,711.0,718.0,19408000,718.0
2013-10-09,712.0,741.0,711.0,736.0,9736000,736.0
2013-10-10,741.0,748.0,737.0,746.0,6682000,746.0
2013-10-11,757.0,762.0,753.0,759.0,10343000,759.0
2013-10-15,765.0,769.0,758.0,761.0,10475000,761.0
2013-10-16,765.0,766.0,748.0,750.0,9775000,750.0
2013-10-17,762.0,766.0,749.0,756.0,13354000,756.0
2013-10-18,759.0,764.0,755.0,761.0,9246000,761.0
2013-10-21,764.0,773.0,764.0,766.0,10518000,766.0
2013-10-22,771.0,781.0,770.0,779.0,11294000,779.0
2013-10-23,779.0,781.0,768.0,769.0,8274000,769.0
2013-10-24,763.0,770.0,751.0,769.0,10338000,769.0
2013-10-25,770.0,770.0,758.0,759.0,9214000,759.0
2013-10-28,765.0,771.0,763.0,768.0,7056000,768.0
2013-10-29,764.0,774.0,763.0,769.0,6981000,769.0
2013-10-30,776.0,778.0,774.0,777.0,9229000,777.0
2013-10-31,777.0,777.0,766.0,767.0,8624000,767.0
2013-11-01,766.0,767.0,754.0,760.0,7164000,760.0
2013-11-05,765.0,768.0,753.0,758.0,7522000,758.0
2013-11-06,751.0,767.0,751.0,763.0,6229000,763.0
2013-11-07,764.0,765.0,757.0,763.0,6057000,763.0
2013-11-08,760.0,763.0,741.0,747.0,14300000,747.0
2013-11-11,720.0,729.0,715.0,716.0,24400000,716.0
2013-11-12,716.0,726.0,716.0,724.0,17235000,724.0
2013-11-13,729.0,734.0,725.0,726.0,10790000,726.0
2013-11-14,732.0,740.0,728.0,736.0,12642000,736.0
2013-11-15,744.0,747.0,740.0,744.0,12105000,744.0
2013-11-18,749.0,755.0,746.0,751.0,11236000,751.0
2013-11-19,750.0,751.0,742.0,747.0,9295000,747.0
2013-11-20,749.0,749.0,738.0,740.0,10084000,740.0
2013-11-21,740.0,748.0,740.0,743.0,9958000,743.0
2013-11-22,748.0,752.0,745.0,747.0,10992000,747.0
2013-11-25,752.0,754.0,748.0,749.0,8821000,749.0
2013-11-26,748.0,749.0,743.0,744.0,6503000,744.0
2013-11-27,743.0,748.0,738.0,738.0,7459000,738.0
2013-11-28,744.0,748.0,741.0,745.0,6044000,745.0
2013-11-29,748.0,749.0,738.0,743.0,13766000,743.0
2013-12-02,747.0,750.0,740.0,740.0,8862000,740.0
2013-12-03,743.0,744.0,739.0,739.0,6443000,739.0
2013-12-04,736.0,736.0,727.0,729.0,8828000,729.0
2013-12-05,735.0,736.0,719.0,719.0,12107000,719.0
2013-12-06,717.0,719.0,715.0,717.0,13739000,717.0
2013-12-09,727.0,729.0,720.0,722.0,11553000,722.0
2013-12-10,725.0,729.0,722.0,724.0,10403000,724.0
2013-12-11,722.0,727.0,718.0,724.0,9427000,724.0
2013-12-12,720.0,722.0,714.0,715.0,14005000,715.0
2013-12-13,715.0,719.0,711.0,715.0,17608000,715.0
2013-12-16,719.0,721.0,705.0,706.0,10891000,706.0
2013-12-17,711.0,714.0,709.0,714.0,7242000,714.0
2013-12-18,714.0,719.0,713.0,717.0,11921000,717.0
2013-12-19,723.0,725.0,717.0,719.0,13366000,719.0
2013-12-20,720.0,720.0,715.0,716.0,12492000,716.0
2013-12-24,720.0,722.0,715.0,717.0,11224000,717.0
2013-12-25,718.0,720.0,715.0,719.0,10907000,719.0
2013-12-26,722.0,740.0,720.0,734.0,12078000,734.0
2013-12-27,740.0,745.0,737.0,738.0,12769000,738.0
2013-12-30,744.0,756.0,743.0,756.0,13764000,756.0
2014-01-06,756.0,759.0,748.0,754.0,12877000,754.0
2014-01-07,749.0,749.0,743.0,746.0,10837000,746.0
2014-01-08,748.0,756.0,747.0,756.0,10715000,756.0
2014-01-09,753.0,754.0,748.0,752.0,8300000,752.0
2014-01-10,751.0,753.0,749.0,752.0,11204000,752.0
2014-01-14,741.0,747.0,735.0,745.0,11914000,745.0
2014-01-15,749.0,757.0,745.0,757.0,13104000,757.0
2014-01-16,760.0,769.0,756.0,759.0,12081000,759.0
2014-01-17,756.0,769.0,754.0,768.0,11493000,768.0
2014-01-20,767.0,771.0,763.0,770.0,8963000,770.0
2014-01-21,771.0,774.0,765.0,765.0,9026000,765.0
2014-01-22,765.0,773.0,764.0,771.0,10262000,771.0
2014-01-23,772.0,773.0,762.0,766.0,9218000,766.0
2014-01-24,753.0,757.0,748.0,752.0,10974000,752.0
2014-01-27,723.0,732.0,722.0,729.0,15301000,729.0
2014-01-28,734.0,735.0,725.0,725.0,8309000,725.0
2014-01-29,733.0,738.0,731.0,737.0,8163000,737.0
2014-01-30,725.0,728.0,723.0,726.0,10393000,726.0
2014-01-31,732.0,735.0,723.0,723.0,9897000,723.0
2014-02-03,719.0,723.0,709.0,709.0,11717000,709.0
2014-02-04,686.0,687.0,673.0,673.0,23003000,673.0
2014-02-05,683.0,693.0,672.0,690.0,17127000,690.0
2014-02-06,691.0,705.0,691.0,699.0,12191000,699.0
2014-02-07,715.0,728.0,704.0,711.0,18886000,711.0
2014-02-10,728.0,729.0,713.0,720.0,10293000,720.0
2014-02-12,725.0,727.0,720.0,722.0,10376000,722.0
2014-02-13,723.0,727.0,708.0,713.0,12993000,713.0
2014-02-14,709.0,716.0,694.0,705.0,12723000,705.0
2014-02-17,706.0,712.0,696.0,711.0,9447000,711.0
2014-02-18,714.0,725.0,711.0,725.0,12363000,725.0
2014-02-19,720.0,724.0,716.0,724.0,6720000,724.0
2014-02-20,720.0,724.0,709.0,712.0,13174000,712.0
2014-02-21,718.0,720.0,713.0,719.0,8095000,719.0
2014-02-24,719.0,727.0,713.0,721.0,10305000,721.0
2014-02-25,726.0,729.0,723.0,728.0,6808000,728.0
2014-02-26,721.0,726.0,719.0,723.0,6514000,723.0
2014-02-27,723.0,724.0,714.0,718.0,12766000,718.0
2014-02-28,716.0,717.0,708.0,713.0,10605000,713.0
2014-03-03,707.0,712.0,698.0,711.0,11260000,711.0
2014-03-04,708.0,725.0,707.0,723.0,12015000,723.0
2014-03-05,733.0,741.0,733.0,735.0,12412000,735.0
2014-03-06,734.0,740.0,731.0,736.0,10093000,736.0
2014-03-07,739.0,742.0,736.0,739.0,9057000,739.0
2014-03-10,740.0,741.0,733.0,740.0,9339000,740.0
2014-03-11,738.0,746.0,737.0,741.0,7436000,741.0
2014-03-12,729.0,729.0,721.0,722.0,12313000,722.0
2014-03-13,720.0,727.0,718.0,721.0,7041000,721.0
2014-03-14,706.0,709.0,701.0,703.0,15195000,703.0
2014-03-17,701.0,703.0,685.0,690.0,11698000,690.0
2014-03-18,707.0,708.0,696.0,696.0,8572000,696.0
2014-03-19,703.0,705.0,692.0,696.0,8428000,696.0
2014-03-20,698.0,701.0,688.0,689.0,9637000,689.0
2014-03-24,694.0,697.0,680.0,682.0,13405000,682.0
2014-03-25,681.0,687.0,675.0,687.0,12393000,687.0
2014-03-26,689.0,692.0,683.0,688.0,12930000,688.0
2014-03-27,670.0,686.0,662.0,683.0,12495000,683.0
2014-03-28,687.0,690.0,680.0,690.0,6403000,690.0
2014-03-31,693.0,697.0,689.0,693.0,8061000,693.0
2014-04-01,693.0,693.0,681.0,688.0,9179000,688.0
2014-04-02,690.0,699.0,690.0,694.0,9779000,694.0
2014-04-03,698.0,700.0,695.0,695.0,6768000,695.0
2014-04-04,694.0,698.0,693.0,697.0,4212000,697.0
2014-04-07,693.0,696.0,688.0,689.0,7188000,689.0
2014-04-08,685.0,687.0,678.0,678.0,7744000,678.0
2014-04-09,674.0,674.0,661.0,664.0,10739000,664.0
2014-04-10,674.0,693.0,674.0,683.0,14416000,683.0
2014-04-11,667.0,678.0,665.0,674.0,8731000,674.0
2014-04-14,668.0,674.0,665.0,669.0,6765000,669.0
2014-04-15,675.0,676.0,668.0,670.0,5411000,670.0
2014-04-16,674.0,684.0,673.0,683.0,8246000,683.0
2014-04-17,686.0,694.0,685.0,687.0,6935000,687.0
2014-04-18,691.0,693.0,686.0,691.0,4217000,691.0
2014-04-21,690.0,693.0,685.0,686.0,5182000,686.0
2014-04-22,688.0,690.0,683.0,683.0,4303000,683.0
2014-04-23,688.0,691.0,685.0,690.0,6238000,690.0
2014-04-24,688.0,689.0,679.0,683.0,7309000,683.0
2014-04-25,682.0,690.0,680.0,686.0,6318000,686.0
2014-04-28,679.0,688.0,678.0,686.0,5420000,686.0
2014-04-30,690.0,691.0,681.0,682.0,5948000,682.0
2014-05-01,683.0,694.0,682.0,691.0,6800000,691.0
2014-05-02,690.0,693.0,687.0,689.0,4404000,689.0
2014-05-07,684.0,684.0,670.0,670.0,9821000,670.0
2014-05-08,673.0,685.0,672.0,681.0,8664000,681.0
2014-05-09,676.0,688.0,676.0,678.0,10609000,678.0
2014-05-12,679.0,683.0,671.0,678.0,10177000,678.0
2014-05-13,685.0,692.0,680.0,689.0,9316000,689.0
2014-05-14,686.0,697.0,683.0,697.0,8572000,697.0
2014-05-15,692.0,695.0,689.0,693.0,7445000,693.0
2014-05-16,685.0,687.0,680.0,686.0,6662000,686.0
2014-05-19,682.0,684.0,678.0,678.0,5896000,678.0
2014-05-20,681.0,683.0,677.0,678.0,5787000,678.0
2014-05-21,673.0,677.0,670.0,677.0,6469000,677.0
2014-05-22,682.0,692.0,681.0,688.0,8834000,688.0
2014-05-23,690.0,696.0,690.0,692.0,8856000,692.0
2014-05-26,698.0,699.0,694.0,698.0,5845000,698.0
2014-05-27,700.0,709.0,699.0,703.0,10252000,703.0
2014-05-28,703.0,707.0,698.0,699.0,6467000,699.0
2014-05-29,698.0,701.0,694.0,699.0,4891000,699.0
2014-05-30,700.0,702.0,694.0,694.0,7555000,694.0
2014-06-02,698.0,707.0,697.0,705.0,7344000,705.0
2014-06-03,710.0,710.0,705.0,706.0,6513000,706.0
2014-06-04,706.0,708.0,703.0,705.0,7432000,705.0
2014-06-05,707.0,709.0,703.0,705.0,6611000,705.0
2014-06-06,707.0,713.0,706.0,711.0,10462000,711.0
2014-06-09,716.0,720.0,714.0,718.0,9103000,718.0
2014-06-10,720.0,720.0,713.0,714.0,7285000,714.0
2014-06-11,713.0,718.0,712.0,717.0,6032000,717.0
2014-06-12,712.0,716.0,708.0,716.0,7306000,716.0
2014-06-13,713.0,728.0,713.0,728.0,15976000,728.0
2014-06-16,726.0,729.0,722.0,724.0,8912000,724.0
2014-06-17,724.0,725.0,720.0,723.0,6777000,723.0
2014-06-18,723.0,725.0,719.0,725.0,8988000,725.0
2014-06-19,725.0,734.0,723.0,732.0,10593000,732.0
2014-06-20,733.0,737.0,730.0,734.0,12294000,734.0
2014-06-23,737.0,739.0,735.0,738.0,6702000,738.0
2014-06-24,734.0,742.0,731.0,740.0,7625000,740.0
2014-06-25,741.0,743.0,735.0,738.0,8105000,738.0
2014-06-26,742.0,744.0,740.0,742.0,7116000,742.0
2014-06-27,742.0,743.0,731.0,739.0,9496000,739.0
2014-06-30,738.0,741.0,733.0,741.0,5883000,741.0
2014-07-01,735.0,744.0,734.0,739.0,12062000,739.0
2014-07-02,743.0,744.0,738.0,741.0,7719000,741.0
2014-07-03,745.0,745.0,740.0,742.0,5280000,742.0
2014-07-04,745.0,746.0,741.0,743.0,6407000,743.0
2014-07-07,743.0,745.0,741.0,745.0,8710000,745.0
2014-07-08,740.0,743.0,736.0,743.0,9529000,743.0
2014-07-09,736.0,742.0,736.0,742.0,7225000,742.0
2014-07-10,743.0,744.0,733.0,736.0,7405000,736.0
2014-07-11,731.0,733.0,727.0,729.0,7187000,729.0
2014-07-14,729.0,737.0,729.0,735.0,4149000,735.0
2014-07-15,738.0,742.0,736.0,736.0,4324000,736.0
2014-07-16,736.0,738.0,734.0,737.0,4119000,737.0
2014-07-17,738.0,740.0,735.0,736.0,4904000,736.0
2014-07-18,729.0,730.0,725.0,729.0,5547000,729.0
2014-07-22,729.0,732.4,724.5,726.8,10688000,726.8
2014-07-23,730.0,731.8,726.2,731.3,6097000,731.3
2014-07-24,730.0,730.8,723.2,724.7,8013000,724.7
2014-07-25,723.0,732.0,722.9,730.9,7365000,730.9
2014-07-28,730.0,737.5,728.0,733.7,5136000,733.7
2014-07-29,738.1,740.3,735.2,736.7,5239000,736.7
2014-07-30,736.0,737.2,731.4,733.2,4426000,733.2
2014-07-31,736.5,738.8,730.6,731.3,5289000,731.3
2014-08-01,723.3,732.8,722.1,727.6,6793300,727.6
2014-08-04,727.6,733.6,725.2,730.8,5856000,730.8
2014-08-05,731.2,733.7,718.0,725.5,7721600,725.5
2014-08-06,730.0,741.0,725.3,729.1,10605800,729.1
2014-08-07,732.8,733.5,723.8,732.3,8333700,732.3
2014-08-08,728.0,731.9,721.0,721.4,11616200,721.4
2014-08-11,731.0,734.0,725.2,732.8,7496000,732.8
2014-08-12,735.0,741.9,734.5,736.9,5259800,736.9
2014-08-13,741.5,744.4,738.2,741.5,6654200,741.5
2014-08-14,744.9,746.8,742.4,743.8,5264300,743.8
2014-08-15,744.9,747.8,744.1,747.1,6386200,747.1
2014-08-18,750.0,752.9,748.7,750.0,5980900,750.0
2014-08-19,754.8,758.3,753.3,755.3,7154500,755.3
2014-08-20,756.0,757.6,750.8,753.8,7419000,753.8
2014-08-21,757.0,766.8,755.6,758.7,12774600,758.7
2014-08-22,761.4,763.0,754.0,755.5,5412600,755.5
2014-08-25,756.0,758.8,752.4,754.1,4904600,754.1
2014-08-26,756.1,761.7,755.0,755.3,6313300,755.3
2014-08-27,756.5,759.9,751.2,759.7,6992100,759.7
2014-08-28,758.1,758.1,750.4,754.5,5662300,754.5
2014-08-29,752.0,755.4,747.5,751.0,8443400,751.0
2014-09-01,756.2,760.9,753.3,759.6,4840800,759.6
2014-09-02,761.2,764.4,757.3,761.2,6417300,761.2
2014-09-03,764.9,765.0,760.3,760.9,5952600,760.9
2014-09-04,761.3,761.5,757.5,757.8,6092400,757.8
2014-09-05,760.5,761.7,755.6,760.2,5975500,760.2
2014-09-08,763.0,765.7,760.5,765.4,7462900,765.4
2014-09-09,768.0,772.8,765.8,770.6,9176200,770.6
2014-09-10,768.0,774.2,767.6,772.5,7038800,772.5
2014-09-11,776.5,786.9,775.4,786.0,11163500,786.0
2014-09-12,788.4,792.8,782.5,785.4,11828500,785.4
2014-09-16,785.0,786.2,780.3,785.6,7882700,785.6
2014-09-17,788.0,790.4,784.1,785.2,7072800,785.2
2014-09-18,789.1,794.8,788.3,789.8,11077700,789.8
2014-09-19,794.7,799.1,793.4,795.8,11592400,795.8
2014-09-22,800.0,806.1,796.3,803.2,10074700,803.2
2014-09-24,800.3,802.3,796.4,798.3,10511500,798.3
2014-09-25,805.0,805.8,803.2,805.3,11998300,805.3
2014-09-26,780.0,790.5,780.0,785.1,9842800,785.1
2014-09-29,785.5,789.2,778.8,779.1,10521700,779.1
2014-09-30,758.0,760.0,738.1,750.8,33968600,750.8
2014-10-01,754.9,759.4,746.0,748.9,12504400,748.9
2014-10-02,740.2,742.0,720.9,723.8,19556700,723.8
2014-10-03,724.0,728.4,720.5,727.6,12105900,727.6
2014-10-06,738.0,738.0,730.6,731.4,13274200,731.4
2014-10-07,728.0,729.0,716.0,719.5,12739300,719.5
2014-10-08,707.0,715.6,705.5,710.7,14716500,710.7
2014-10-09,713.0,713.6,697.0,698.3,15475400,698.3
2014-10-10,688.5,691.0,681.5,690.4,14398400,690.4
2014-10-14,679.0,683.6,673.1,679.6,19051000,679.6
2014-10-15,684.5,685.0,672.0,678.6,10565000,678.6
2014-10-16,666.0,666.5,658.0,662.3,15664700,662.3
2014-10-17,662.0,662.6,643.7,645.0,21346600,645.0
2014-10-20,664.8,673.3,657.3,672.7,17076800,672.7
2014-10-21,675.0,675.8,651.9,652.2,12814600,652.2
2014-10-22,664.0,665.8,658.1,665.6,9150400,665.6
2014-10-23,665.5,669.7,661.0,665.1,8973100,665.1
2014-10-24,675.0,678.0,666.2,668.3,9149800,668.3
2014-10-27,677.0,679.8,673.1,678.7,8488900,678.7
2014-10-28,679.9,679.9,667.4,671.8,8006800,671.8
2014-10-29,676.0,686.8,675.8,686.0,14430600,686.0
2014-10-30,689.5,690.8,684.0,686.2,7910300,686.2
2014-10-31,697.1,710.4,691.9,708.0,15076700,708.0
2014-11-04,745.0,747.0,710.0,722.2,17883900,722.2
2014-11-05,722.1,728.0,717.0,725.0,10317900,725.0
2014-11-06,726.0,730.0,715.5,726.0,13784500,726.0
2014-11-07,730.0,732.3,726.0,728.0,12283300,728.0
2014-11-10,726.4,735.0,716.2,734.2,8712000,734.2
2014-11-11,736.1,739.4,732.5,733.5,8772700,733.5
2014-11-12,739.9,739.9,725.1,726.8,11583200,726.8
2014-11-13,722.7,731.8,720.2,730.8,10912000,730.8
2014-11-14,738.0,738.0,725.8,731.2,10359800,731.2
2014-11-17,727.0,728.6,712.8,715.5,10492900,715.5
2014-11-18,718.9,723.3,718.5,719.7,9632700,719.7
2014-11-19,722.1,734.0,722.0,729.6,9265900,729.6
2014-11-20,734.0,734.8,726.1,726.3,10357100,726.3
2014-11-21,727.0,728.0,719.3,726.6,12003700,726.6
2014-11-25,735.0,745.0,733.0,744.6,12833800,744.6
2014-11-26,747.0,751.6,745.1,750.0,11550700,750.0
2014-11-27,751.7,751.9,742.2,742.5,8315200,742.5
2014-11-28,743.5,748.3,737.0,748.3,8832000,748.3
2014-12-01,752.0,752.0,744.0,745.7,9358600,745.7
2014-12-02,738.0,742.0,731.0,740.6,9994100,740.6
2014-12-03,748.7,748.7,738.5,739.1,7080200,739.1
2014-12-04,741.0,745.7,740.4,744.0,6290900,744.0
2014-12-05,747.2,747.2,740.0,744.2,6390400,744.2
2014-12-08,747.0,747.0,740.1,741.7,8660400,741.7
2014-12-09,738.0,738.0,728.1,730.6,9655800,730.6
2014-12-10,725.0,729.0,710.7,714.6,12905600,714.6
2014-12-11,702.0,706.8,695.0,706.6,13215800,706.6
2014-12-12,705.1,708.7,703.8,703.8,16836700,703.8
2014-12-15,696.0,696.8,680.5,685.0,14588000,685.0
2014-12-16,684.0,685.6,672.4,673.4,15893700,673.4
2014-12-17,674.1,687.2,674.1,676.2,11978600,676.2
2014-12-18,696.2,696.9,679.5,680.9,14777100,680.9
2014-12-19,692.9,693.4,684.1,691.9,14960600,691.9
2014-12-22,699.9,715.9,695.1,715.7,14588100,715.7
2014-12-24,720.0,722.5,715.0,716.8,9161300,716.8
2014-12-25,717.5,718.4,711.3,717.7,5883700,717.7
2014-12-26,720.0,725.2,718.3,724.6,5533700,724.6
2014-12-29,727.0,729.9,718.3,729.7,8002700,729.7
2014-12-30,727.2,729.9,724.5,724.7,6267900,724.7
2015-01-05,720.2,724.4,713.3,720.9,7137100,720.9
2015-01-06,705.0,705.3,695.0,695.3,12466200,695.3
2015-01-07,695.0,697.3,689.1,691.3,9923800,691.3
2015-01-08,703.0,704.7,692.2,694.3,9477900,694.3
2015-01-09,693.5,700.5,689.1,693.7,10600100,693.7
2015-01-13,688.1,691.0,678.0,685.6,12301000,685.6
2015-01-14,683.0,683.5,668.5,669.1,16377300,669.1
2015-01-15,670.6,672.5,661.2,666.8,13089300,666.8
2015-01-16,660.8,662.6,655.0,661.5,16645300,661.5
2015-01-19,671.0,680.9,669.0,679.5,8368100,679.5
2015-01-20,680.0,682.8,673.4,681.5,7911500,681.5
2015-01-21,682.0,684.7,673.1,678.0,11038000,678.0
2015-01-22,677.0,692.3,673.4,691.9,10180500,691.9
2015-01-23,694.6,706.9,694.2,704.6,9920300,704.6
2015-01-26,698.0,705.2,660.2,671.2,23132900,671.2
2015-01-27,656.0,670.0,653.2,668.9,35737100,668.9
2015-01-28,668.0,668.6,661.6,663.0,17679700,663.0
2015-01-29,661.4,662.6,656.1,657.3,14691000,657.3
2015-01-30,660.8,661.7,652.3,653.5,18164800,653.5
2015-02-02,651.2,662.0,650.0,657.2,9277800,657.2
2015-02-03,661.3,668.9,657.0,662.5,12823600,662.5
2015-02-04,673.0,685.9,670.6,684.3,19603300,684.3
2015-02-05,683.4,685.9,672.1,681.4,13088000,681.4
2015-02-06,690.0,692.0,673.2,688.0,13001400,688.0
2015-02-09,694.5,699.7,692.6,698.0,11815300,698.0
2015-02-10,693.0,704.8,688.4,703.8,10272700,703.8
2015-02-12,707.4,709.2,688.0,690.9,16108300,690.9
2015-02-13,688.0,698.2,685.8,696.9,10519000,696.9
2015-02-16,699.0,715.7,697.1,714.9,14012500,714.9
2015-02-17,714.9,720.7,713.5,715.0,10989800,715.0
2015-02-18,719.0,722.7,714.3,720.7,8409800,720.7
2015-02-19,720.0,723.2,717.1,722.0,8501000,722.0
2015-02-20,719.1,724.2,715.6,722.8,7271000,722.8
2015-02-23,725.0,729.4,720.6,724.0,9034900,724.0
2015-02-24,724.4,728.7,719.9,728.6,9425100,728.6
2015-02-25,728.1,729.0,723.1,728.4,7163000,728.4
2015-02-26,728.4,733.2,725.8,733.1,8484600,733.1
2015-02-27,735.0,736.9,730.0,735.0,10910700,735.0
2015-03-02,735.0,740.0,732.5,738.0,8830900,738.0
2015-03-03,740.0,740.0,733.6,739.9,7968200,739.9
2015-03-04,739.0,740.9,732.0,734.0,7866700,734.0
2015-03-05,733.0,737.3,729.0,731.4,8484100,731.4
2015-03-06,734.8,739.5,731.6,738.1,8497200,738.1
2015-03-09,735.1,740.8,732.8,740.1,7704000,740.1
2015-03-10,741.0,744.1,735.8,739.1,8300100,739.1
2015-03-11,735.0,738.9,729.3,735.3,8603400,735.3
2015-03-12,736.8,737.5,733.0,733.3,9785900,733.3
2015-03-13,731.0,735.9,727.7,731.4,15066300,731.4
2015-03-16,729.8,729.8,721.1,722.5,12623600,722.5
2015-03-17,725.4,727.7,723.0,723.8,8551700,723.8
2015-03-18,723.0,723.1,715.3,717.5,11414700,717.5
2015-03-19,718.1,719.7,712.7,715.9,10787800,715.9
2015-03-20,715.0,715.4,708.3,711.5,15078200,711.5
2015-03-23,715.0,732.0,714.9,728.9,10137500,728.9
2015-03-24,732.1,734.1,725.6,733.4,9629500,733.4
2015-03-25,730.1,737.5,729.0,735.3,9484500,735.3
2015-03-26,733.0,739.0,730.6,736.2,11989100,736.2
2015-03-27,714.0,716.0,697.5,699.6,24329900,699.6
2015-03-30,699.6,702.6,688.8,699.7,8597400,699.7
2015-03-31,704.1,711.2,696.0,696.0,9162200,696.0
2015-04-01,692.7,700.1,681.5,683.0,14448600,683.0
2015-04-02,688.9,700.5,688.0,696.1,7862600,696.1
2015-04-03,695.7,697.5,688.1,694.9,4621800,694.9
2015-04-06,689.9,691.6,684.1,689.9,4686600,689.9
2015-04-07,695.0,708.7,693.1,703.1,10203800,703.1
2015-04-08,704.2,709.5,701.2,703.0,9824800,703.0
2015-04-09,707.7,709.0,703.1,706.7,5852100,706.7
2015-04-10,703.9,706.7,699.6,700.7,6414000,700.7
2015-04-13,702.8,704.9,692.2,699.1,8965700,699.1
2015-04-14,698.4,703.6,696.2,702.8,4853400,702.8
2015-04-15,698.2,702.4,696.0,701.6,7601300,701.6
2015-04-16,703.0,714.8,700.1,714.8,11150700,714.8
2015-04-17,715.0,727.6,714.9,721.2,13015300,721.2
2015-04-20,715.0,718.5,706.8,711.3,7434200,711.3
2015-04-21,715.5,715.8,708.2,711.9,9218500,711.9
2015-04-22,712.7,717.5,711.2,715.1,6139800,715.1
2015-04-23,718.5,734.9,718.0,732.0,14752100,732.0
2015-04-24,737.6,740.4,727.4,730.0,10268900,730.0
2015-04-27,738.0,740.0,730.3,733.5,9971600,733.5
2015-04-28,737.5,748.5,736.6,746.9,17519700,746.9
2015-04-30,746.9,749.9,738.0,743.8,15730200,743.8
2015-05-01,742.0,746.5,735.2,745.0,10594200,745.0
2015-05-07,741.0,742.4,727.2,737.8,14440700,737.8
2015-05-08,738.9,748.0,703.9,715.0,21540400,715.0
2015-05-11,715.0,715.2,705.1,707.7,21964000,707.7
2015-05-12,710.0,711.9,703.0,710.9,11161700,710.9
2015-05-13,709.9,710.7,703.8,708.9,7959400,708.9
2015-05-14,707.0,709.5,704.5,707.3,7468500,707.3
2015-05-15,709.5,709.6,696.8,699.6,14548700,699.6
2015-05-18,700.0,716.8,699.0,716.8,14359700,716.8
2015-05-19,718.0,722.7,714.1,719.1,10566400,719.1
2015-05-20,722.1,724.9,716.0,717.5,9588600,717.5
2015-05-21,718.0,719.0,712.8,715.6,8650200,715.6
2015-05-22,718.3,727.7,718.3,726.2,9326600,726.2
2015-05-25,735.0,739.7,730.0,737.0,9653400,737.0
2015-05-26,737.7,739.9,731.9,735.4,5894000,735.4
2015-05-27,730.0,734.7,725.8,732.3,7960700,732.3
2015-05-28,735.0,738.3,728.2,731.0,6979200,731.0
2015-05-29,729.0,733.8,726.5,728.0,10393300,728.0
2015-06-01,718.0,724.0,713.1,723.4,10057300,723.4
2015-06-02,725.0,725.5,713.0,713.2,10874600,713.2
2015-06-03,713.5,723.9,713.0,719.2,9311600,719.2
2015-06-04,723.0,723.9,716.6,719.4,5880100,719.4
2015-06-05,717.0,717.5,710.0,712.6,9183600,712.6
2015-06-08,712.4,714.5,709.4,711.0,6854700,711.0
2015-06-09,709.9,713.0,705.1,705.5,8633000,705.5
2015-06-10,706.0,714.7,702.4,703.3,12491600,703.3
2015-06-11,718.0,725.0,714.1,719.3,14247200,719.3
2015-06-12,721.0,721.6,709.9,712.7,12119200,712.7
2015-06-15,710.0,715.0,706.9,714.4,5675600,714.4
2015-06-16,712.0,715.9,710.2,711.3,6924900,711.3
2015-06-17,712.0,712.6,703.5,706.3,7201000,706.3
2015-06-18,708.0,708.1,698.6,699.2,11924600,699.2
2015-06-19,703.2,710.3,699.7,710.1,14015600,710.1
2015-06-22,710.0,714.9,707.0,714.9,9739300,714.9
2015-06-23,717.2,719.4,712.3,718.1,10598500,718.1
2015-06-24,719.9,732.4,719.5,724.8,14408200,724.8
2015-06-25,722.1,723.8,716.1,719.9,6370300,719.9
2015-06-26,719.8,719.8,709.3,711.9,7285200,711.9
2015-06-29,698.0,707.0,694.0,703.7,11060800,703.7
2015-06-30,702.8,704.8,700.0,702.3,7826200,702.3
2015-07-01,705.0,708.0,700.3,706.0,6814100,706.0
2015-07-02,708.0,715.1,705.1,712.6,10704900,712.6
2015-07-03,712.7,715.7,708.6,710.0,4635500,710.0
2015-07-06,702.4,703.8,698.0,698.9,10878100,698.9
2015-07-07,703.4,706.1,697.1,698.1,12095000,698.1
2015-07-08,696.0,696.4,674.6,677.2,20890100,677.2
2015-07-09,668.0,677.2,653.0,677.0,20721300,677.0
2015-07-10,677.0,683.8,667.0,674.5,16632800,674.5
2015-07-13,679.0,687.9,678.2,683.1,8852400,683.1
2015-07-14,693.0,702.8,689.2,697.1,9570900,697.1
2015-07-15,699.7,699.9,690.2,692.4,6353000,692.4
2015-07-16,697.0,697.0,686.1,694.5,6761500,694.5
2015-07-17,696.3,697.7,691.0,692.4,6926400,692.4
2015-07-21,695.0,695.0,683.3,688.4,6802000,688.4
2015-07-22,687.4,692.9,687.3,690.9,5485000,690.9
2015-07-23,690.5,690.5,680.5,684.6,7662000,684.6
2015-07-24,679.0,679.1,670.0,671.0,12857800,671.0
2015-07-27,669.0,674.7,667.3,669.5,6787200,669.5
2015-07-28,666.0,666.1,656.3,661.2,10560500,661.2
2015-07-29,673.8,679.0,667.0,668.7,8353000,668.7
2015-07-30,673.3,688.4,671.4,688.2,10304800,688.2
2015-07-31,687.9,694.3,683.3,690.0,9417600,690.0
2015-08-03,690.0,690.1,677.8,684.1,7557500,684.1
2015-08-04,684.0,692.0,673.3,681.8,13044400,681.8
2015-08-05,682.4,709.8,682.0,703.1,19593400,703.1
2015-08-06,710.0,718.7,707.3,715.7,14966200,715.7
2015-08-07,712.0,717.8,707.4,716.7,10388100,716.7
2015-08-10,715.0,719.0,708.7,719.0,8386700,719.0
2015-08-11,723.5,733.0,723.0,729.4,16208500,729.4
2015-08-12,728.0,733.7,718.8,724.5,14131200,724.5
2015-08-13,730.0,737.0,725.1,736.4,17736300,736.4
2015-08-14,736.5,739.8,723.4,729.1,9475500,729.1
2015-08-17,729.1,733.0,725.3,730.0,5222800,730.0
2015-08-18,726.4,733.9,726.2,732.1,5192200,732.1
2015-08-19,727.0,732.0,720.0,724.1,7319300,724.1
2015-08-20,718.0,719.2,702.5,702.7,10712600,702.7
2015-08-21,690.0,704.2,683.6,694.1,10724200,694.1
2015-08-24,680.0,682.4,659.3,659.3,17058400,659.3
2015-08-25,630.0,657.8,622.3,626.8,20037500,626.8
2015-08-26,632.5,647.4,628.0,644.8,13020900,644.8
2015-08-27,662.9,666.3,648.8,648.8,11422700,648.8
2015-08-28,668.8,686.6,665.3,674.9,15309100,674.9
2015-08-31,669.7,673.3,661.2,665.2,11133700,665.2
2015-09-01,665.1,670.0,654.5,654.5,9197300,654.5
2015-09-02,646.1,650.8,637.3,640.6,10517100,640.6
2015-09-03,649.1,649.8,638.1,638.8,9051300,638.8
2015-09-04,642.8,644.0,628.5,630.9,9286400,630.9
2015-09-07,628.6,637.7,623.2,633.4,7003700,633.4
2015-09-08,630.8,652.6,630.0,636.5,8913100,636.5
2015-09-09,654.8,671.6,653.0,671.6,9853400,671.6
2015-09-10,653.0,664.5,650.1,662.0,5647300,662.0
2015-09-11,659.5,667.4,655.3,664.3,10056700,664.3
2015-09-14,663.0,663.0,649.3,652.8,6636500,652.8
2015-09-15,653.4,667.5,653.2,655.0,6351800,655.0
2015-09-16,659.4,666.3,654.0,659.9,6124200,659.9
2015-09-17,664.7,673.0,664.4,667.5,6521200,667.5
2015-09-18,667.3,667.3,649.2,652.5,9892300,652.5
2015-09-24,645.0,646.0,632.8,634.6,9593100,634.6
2015-09-25,639.1,646.2,632.2,644.3,8379100,644.3
2015-09-28,640.8,640.8,620.1,624.3,9193300,624.3
2015-09-29,613.0,613.5,573.3,575.3,20808100,575.3
2015-09-30,583.8,590.9,575.1,583.8,10748600,583.8
2015-10-01,588.7,593.6,575.5,589.4,12201200,589.4
2015-10-02,586.5,591.8,578.2,589.1,6721900,589.1
2015-10-05,598.8,609.7,595.4,604.7,8865700,604.7
2015-10-06,619.8,624.0,612.0,613.1,8852600,613.1
2015-10-07,621.2,646.3,620.2,643.5,13956000,643.5
2015-10-08,648.3,671.0,647.0,661.2,19403900,661.2
2015-10-09,670.0,683.9,669.4,682.7,12630700,682.7
2015-10-13,671.0,682.4,667.4,676.5,8141100,676.5
2015-10-14,666.0,678.6,658.3,661.3,10245100,661.3
2015-10-15,658.9,675.0,657.0,672.0,7670500,672.0
2015-10-16,676.2,686.8,670.3,680.3,8613200,680.3
2015-10-19,677.1,680.1,662.6,670.9,7883800,670.9
2015-10-20,670.4,679.4,666.0,678.3,6105900,678.3
2015-10-21,674.4,684.5,666.3,681.8,12058400,681.8
2015-10-22,679.0,693.8,679.0,686.0,6870800,686.0
2015-10-23,696.0,699.7,687.4,693.2,8714800,693.2
2015-10-26,700.0,700.8,693.5,699.9,7320900,699.9
2015-10-27,696.8,697.0,681.2,684.3,6975700,684.3
2015-10-28,687.9,695.5,685.6,690.2,7786100,690.2
2015-10-29,698.0,709.2,694.5,704.3,30348000,704.3
2015-10-30,704.2,708.5,695.5,702.4,10042900,702.4
2015-11-02,695.0,695.4,685.3,688.8,9675600,688.8
2015-11-04,698.8,705.8,690.0,699.2,10512900,699.2
2015-11-05,695.5,708.2,677.0,686.2,16213600,686.2
2015-11-06,700.0,713.7,695.8,700.9,12315600,700.9
2015-11-09,703.4,706.7,696.2,701.9,10779000,701.9
2015-11-10,696.1,702.7,692.7,700.6,6578800,700.6
2015-11-11,698.7,703.4,697.3,700.0,5686800,700.0
2015-11-12,697.1,701.8,688.7,700.3,8790100,700.3
2015-11-13,694.5,697.1,685.7,696.3,10399200,696.3
2015-11-16,683.0,693.9,682.8,691.3,6887500,691.3
2015-11-17,694.9,701.8,686.2,696.3,12995900,696.3
2015-11-18,700.0,702.5,697.2,699.5,7517400,699.5
2015-11-19,704.9,715.0,703.2,713.2,15247600,713.2
2015-11-20,708.8,709.6,701.0,707.5,7689800,707.5
2015-11-24,706.1,712.7,703.9,711.1,8175000,711.1
2015-11-25,706.1,707.9,697.0,698.7,10595800,698.7
2015-11-26,703.0,703.2,694.6,701.0,7206500,701.0
2015-11-27,701.6,709.8,701.6,704.5,6887500,704.5
2015-11-30,697.0,698.6,676.1,682.0,20376100,682.0
2015-12-01,683.3,699.8,682.0,697.1,12883400,697.1
2015-12-02,692.3,697.9,690.9,692.5,6900000,692.5
2015-12-03,692.5,697.0,686.9,695.8,7000400,695.8
2015-12-04,684.5,688.6,678.3,685.1,8711800,685.1
2015-12-07,690.2,690.6,683.7,684.9,7413000,684.9
2015-12-08,681.1,684.4,665.0,670.0,18952500,670.0
2015-12-09,663.5,669.5,661.2,666.9,11709400,666.9
2015-12-10,660.0,668.9,657.3,663.0,9969500,663.0
2015-12-11,655.5,664.2,655.0,662.1,12901700,662.1
2015-12-14,650.0,654.9,645.5,651.5,9933000,651.5
2015-12-15,653.7,656.0,640.1,640.1,10288900,640.1
2015-12-16,649.0,655.8,643.0,651.0,13340700,651.0
2015-12-17,656.4,660.6,650.2,651.4,15082500,651.4
2015-12-18,645.3,655.9,625.0,625.8,30238800,625.8
2015-12-21,621.3,631.1,617.7,625.9,21451000,625.9
2015-12-22,625.0,626.8,616.0,616.0,15043400,616.0
2015-12-24,625.6,636.0,619.9,621.7,14833200,621.7
2015-12-25,621.7,627.3,613.1,613.4,11474100,613.4
2015-12-28,620.0,630.3,616.1,627.2,8505300,627.2
2015-12-29,626.4,631.7,618.0,628.7,11402400,628.7
2015-12-30,629.1,633.9,625.1,625.1,9623900,625.1
2016-01-04,620.0,629.4,614.4,616.9,12085100,616.9
2016-01-05,614.4,625.5,610.5,618.5,9358100,618.5
2016-01-06,618.5,627.4,609.7,612.3,12011600,612.3
2016-01-07,609.1,609.5,586.8,587.1,24034400,587.1
2016-01-08,580.1,594.5,580.1,586.7,19491100,586.7
2016-01-12,580.0,584.5,565.2,565.2,16294100,565.2
2016-01-13,574.2,584.2,572.8,580.5,10227800,580.5
2016-01-14,564.8,565.0,553.7,562.2,18365100,562.2
2016-01-15,567.6,576.4,556.7,558.7,16178000,558.7
2016-01-18,547.1,555.2,541.2,551.8,10809600,551.8
2016-01-19,551.7,559.3,546.4,552.9,8675400,552.9
2016-01-20,551.0,552.9,528.2,529.2,15818100,529.2
2016-01-21,529.3,538.5,514.6,514.6,15587300,514.6
2016-01-22,530.0,541.5,526.6,540.4,12122500,540.4
2016-01-25,549.0,549.4,535.9,547.3,11933700,547.3
2016-01-26,540.0,540.0,525.1,526.1,10780400,526.1
2016-01-27,539.7,551.9,534.7,551.0,9498200,551.0
2016-01-28,550.3,556.4,544.4,548.5,8466300,548.5
2016-01-29,557.7,574.3,542.1,570.6,18331100,570.6
2016-02-01,579.0,585.3,570.6,577.5,13215300,577.5
2016-02-02,572.2,572.5,550.0,557.8,14829700,557.8
2016-02-03,540.0,540.9,519.6,522.4,20507200,522.4
2016-02-04,520.0,535.8,515.9,528.8,15083200,528.8
2016-02-05,523.0,590.0,523.0,585.0,32440100,585.0
2016-02-08,575.0,580.0,558.0,571.8,19947900,571.8
2016-02-09,553.0,558.6,538.4,549.3,17765400,549.3
2016-02-10,550.8,553.1,518.3,528.0,17028400,528.0
2016-02-12,509.5,513.5,493.3,496.7,21381700,496.7
2016-02-15,521.0,554.2,517.5,547.2,15777000,547.2
2016-02-16,547.2,579.7,547.2,567.1,15438400,567.1
2016-02-17,563.5,576.8,551.0,560.5,12883100,560.5
2016-02-18,588.4,596.3,580.5,589.0,17726200,589.0
2016-02-19,579.6,589.0,570.5,587.0,13076100,587.0
2016-02-22,581.5,588.5,570.2,584.4,7733800,584.4
2016-02-23,598.9,605.2,579.2,583.0,12702300,583.0
2016-02-24,574.5,577.8,558.2,573.8,8982800,573.8
2016-02-25,577.6,587.6,570.2,581.0,9672900,581.0
2016-02-26,586.2,590.7,569.4,574.3,8222800,574.3
2016-02-29,585.0,585.2,565.4,565.4,10253800,565.4
2016-03-01,564.6,567.0,552.0,560.5,9889000,560.5
2016-03-02,578.5,589.5,572.9,585.0,11780900,585.0
2016-03-03,585.8,603.9,584.9,598.6,11548100,598.6
2016-03-04,600.0,612.5,599.0,611.1,10144000,611.1
2016-03-07,612.4,620.4,603.4,615.7,10318100,615.7
2016-03-08,620.4,630.0,603.1,604.2,20881700,604.2
2016-03-09,590.0,602.3,580.9,599.7,15916300,599.7
2016-03-10,603.8,605.0,595.5,602.1,9564900,602.1
2016-03-11,596.0,613.2,595.4,609.6,10774800,609.6
2016-03-14,616.6,620.0,613.6,616.5,6216100,616.5
2016-03-15,613.5,619.9,608.9,611.6,8089800,611.6
2016-03-16,606.6,613.3,598.6,603.1,7173400,603.1
2016-03-17,608.2,617.6,602.6,607.8,10714800,607.8
2016-03-18,607.8,617.5,606.7,614.8,9674500,614.8
2016-03-22,620.3,626.9,610.1,617.3,8512200,617.3
2016-03-23,616.2,620.6,607.8,609.5,5563700,609.5
2016-03-24,590.0,590.8,578.0,580.9,17095600,580.9
2016-03-25,586.9,599.8,585.0,595.4,7520500,595.4
2016-03-28,600.0,603.1,593.3,599.5,6604200,599.5
2016-03-29,594.8,602.6,592.2,598.4,5973600,598.4
2016-03-30,589.0,590.0,572.0,573.0,11319000,573.0
2016-03-31,575.0,579.7,569.1,570.0,8363100,570.0
2016-04-01,562.6,564.5,551.1,551.5,9268100,551.5
2016-04-04,550.0,560.6,546.4,554.8,6561000,554.8
2016-04-05,547.0,551.2,535.6,537.1,8154300,537.1
2016-04-06,532.0,544.5,528.1,530.5,9634500,530.5
2016-04-07,538.8,544.8,531.4,533.9,8636100,533.9
2016-04-08,521.2,548.0,518.4,541.6,9602600,541.6
2016-04-11,542.0,544.8,531.6,541.9,6699100,541.9
2016-04-12,542.1,556.0,539.1,553.3,6043400,553.3
2016-04-13,561.7,571.1,553.6,569.4,9061500,569.4
2016-04-14,579.4,593.3,578.7,593.3,9140000,593.3
2016-04-15,589.0,593.8,585.2,589.1,5487200,589.1
2016-04-18,566.1,571.5,563.9,565.8,6870900,565.8
2016-04-19,575.8,585.3,569.3,580.8,16950600,580.8
2016-04-20,585.0,594.6,581.3,582.9,7545200,582.9
2016-04-21,597.0,607.4,594.3,603.7,12195400,603.7
2016-04-22,595.3,611.9,593.0,609.7,8020800,609.7
2016-04-25,612.8,613.0,601.7,610.0,6608100,610.0
2016-04-26,607.2,611.9,600.1,604.1,7689800,604.1
2016-04-27,606.3,610.8,603.0,606.9,6714800,606.9
2016-04-28,612.0,618.0,585.3,586.1,11646400,586.1
2016-05-02,561.0,571.1,558.2,570.4,11103600,570.4
2016-05-06,565.8,568.9,556.7,562.0,8646800,562.0
2016-05-09,564.2,571.4,562.5,566.9,6498900,566.9
2016-05-10,565.0,579.7,517.0,530.6,26865900,530.6
2016-05-11,536.0,537.4,517.8,523.9,29473600,523.9
2016-05-12,518.0,522.9,511.5,522.2,11835500,522.2
2016-05-13,522.7,524.0,510.0,510.0,13064900,510.0
2016-05-16,511.0,516.7,509.1,511.8,7561600,511.8
2016-05-17,514.2,516.7,510.0,513.1,9101300,513.1
2016-05-18,512.7,522.6,512.0,518.8,10154200,518.8
2016-05-19,521.0,524.7,512.5,514.8,8561000,514.8
2016-05-20,509.6,510.7,503.1,507.3,12445300,507.3
2016-05-23,505.0,508.8,498.8,508.2,7733900,508.2
2016-05-24,506.3,507.5,501.6,503.7,7568100,503.7
2016-05-25,510.1,516.0,509.5,514.6,9863300,514.6
2016-05-26,519.8,520.7,510.1,511.1,6689700,511.1
2016-05-27,513.2,518.6,512.2,516.6,6490500,516.6
2016-05-30,520.0,525.0,518.1,524.2,8567700,524.2
2016-05-31,525.0,533.2,522.5,532.9,10752800,532.9
2016-06-01,526.1,531.5,523.5,526.1,8668300,526.1
2016-06-02,523.1,523.4,507.3,508.8,10925800,508.8
2016-06-03,507.3,509.1,502.8,508.2,7581700,508.2
2016-06-06,499.9,501.8,495.0,501.7,10771000,501.7
2016-06-07,503.9,509.3,502.3,504.8,8918200,504.8
2016-06-08,502.8,504.5,496.7,502.2,14304600,502.2
2016-06-09,497.9,498.3,491.3,492.1,15337700,492.1
2016-06-10,492.1,496.6,490.4,492.8,12412100,492.8
2016-06-13,484.5,484.5,472.1,475.0,13219500,475.0
2016-06-14,475.4,482.7,469.4,475.5,11057800,475.5
2016-06-15,474.8,478.0,467.7,472.5,11553700,472.5
2016-06-16,473.3,473.3,453.8,458.4,17887800,458.4
2016-06-17,464.8,469.8,456.0,459.9,18401500,459.9
2016-06-20,468.0,478.6,467.6,475.8,11592200,475.8
2016-06-21,470.0,473.9,465.3,473.1,14341900,473.1
2016-06-22,470.0,470.9,464.1,466.9,9946500,466.9
2016-06-23,467.5,478.0,465.5,476.1,10245200,476.1
2016-06-24,480.1,482.9,436.4,438.7,23638900,438.7
2016-06-27,443.4,448.7,440.8,445.6,10819600,445.6
2016-06-28,441.0,447.8,432.5,441.5,12021100,441.5
2016-06-29,449.5,459.6,445.1,455.8,11277700,455.8
2016-06-30,462.0,465.9,458.3,459.5,9795400,459.5
2016-07-01,465.0,466.7,459.7,463.9,8459900,463.9
2016-07-04,460.9,471.7,459.0,469.7,6946300,469.7
2016-07-05,468.1,473.8,466.7,473.3,7162700,473.3
2016-07-06,466.3,467.3,454.4,464.4,8618800,464.4
2016-07-07,463.2,470.3,460.0,461.7,7271500,461.7
2016-07-08,463.9,469.8,458.9,459.0,6498700,459.0
2016-07-11,470.8,483.3,469.6,478.3,10216300,478.3
2016-07-12,489.3,494.7,483.5,484.4,11989900,484.4
2016-07-13,495.9,500.5,493.0,493.7,11470900,493.7
2016-07-14,494.0,496.5,489.8,495.3,6321200,495.3
2016-07-15,499.6,507.0,498.6,503.7,11958700,503.7
2016-07-19,509.0,509.8,502.1,508.5,7939200,508.5
2016-07-20,506.6,508.4,499.2,502.6,6586200,502.6
2016-07-21,509.0,511.5,501.1,504.7,9492600,504.7
2016-07-22,497.4,503.2,495.5,500.8,7741500,500.8
2016-07-25,502.0,504.4,495.2,496.6,5541900,496.6
2016-07-26,493.2,493.2,481.5,485.9,7563400,485.9
2016-07-27,490.0,492.3,479.9,488.0,10101300,488.0
2016-07-28,485.8,487.4,480.1,484.2,5168700,484.2
2016-07-29,484.1,488.1,473.9,481.2,10711600,481.2
2016-08-01,475.0,483.8,470.2,477.6,7473200,477.6
2016-08-02,470.8,473.1,466.7,468.5,6833400,468.5
2016-08-03,460.5,464.2,457.4,461.7,8860600,461.7
2016-08-04,463.7,477.3,463.7,475.0,10245700,475.0
2016-08-05,475.3,502.6,473.2,480.7,17631800,480.7
2016-08-08,473.4,487.9,467.1,487.9,12252900,487.9
2016-08-09,489.2,501.0,489.0,500.1,9830400,500.1
2016-08-10,495.0,497.8,490.5,492.9,5981700,492.9
2016-08-12,498.2,499.9,490.2,494.3,5823900,494.3
2016-08-15,492.9,494.4,485.4,486.7,4418900,486.7
2016-08-16,491.1,494.9,483.4,483.4,5731700,483.4
2016-08-17,482.7,497.9,482.7,496.7,5459800,496.7
2016-08-18,492.4,494.7,485.6,488.5,5172200,488.5
2016-08-19,491.0,508.0,490.4,504.2,11288100,504.2
2016-08-22,505.4,507.4,498.5,506.3,5630600,506.3
2016-08-23,499.5,504.3,495.1,497.8,7414300,497.8
2016-08-24,502.9,509.4,501.5,503.9,5339500,503.9
2016-08-25,501.0,504.4,500.2,501.7,4650400,501.7
2016-08-26,501.4,503.8,497.7,497.7,5446800,497.7
2016-08-29,509.0,511.3,506.0,507.1,5872000,507.1
2016-08-30,505.0,510.9,504.0,507.4,4590400,507.4
2016-08-31,512.0,517.5,511.6,515.7,6800400,515.7
2016-09-01,515.0,520.7,514.6,517.9,6973500,517.9
2016-09-02,517.8,520.0,508.8,511.9,7117100,511.9
2016-09-05,517.7,523.9,517.0,519.5,9320400,519.5
2016-09-06,520.0,521.8,517.1,521.0,5740400,521.0
2016-09-07,516.8,521.3,516.0,520.5,6029800,520.5
2016-09-08,517.0,523.6,511.2,523.0,9861800,523.0
2016-09-09,524.7,532.5,521.9,528.7,9669400,528.7
2016-09-12,518.9,521.7,516.2,520.8,6842500,520.8
2016-09-13,518.9,522.9,516.6,518.1,6358700,518.1
2016-09-14,514.4,515.4,511.0,511.5,6446100,511.5
2016-09-15,508.0,508.7,501.6,505.3,7678400,505.3
2016-09-16,507.0,508.6,502.9,506.2,8596400,506.2
2016-09-20,505.0,509.6,501.9,509.0,5905100,509.0
2016-09-21,506.1,521.3,505.0,519.6,7904400,519.6
2016-09-23,519.2,521.0,512.0,519.0,8700600,519.0
2016-09-26,520.0,520.5,515.5,516.7,6747900,516.7
2016-09-27,512.3,517.1,506.2,516.9,8879600,516.9
2016-09-28,507.5,512.1,504.5,507.7,6867400,507.7
2016-09-29,518.0,528.0,517.6,521.8,11348200,521.8
2016-09-30,516.0,518.9,511.3,515.5,6412000,515.5
2016-10-03,517.1,522.4,514.0,517.0,4469700,517.0
2016-10-04,520.2,521.4,518.1,521.1,6089100,521.1
2016-10-05,524.8,530.0,521.8,526.9,7455300,526.9
2016-10-06,530.0,535.0,529.0,530.3,6686000,530.3
2016-10-07,531.5,532.0,529.6,531.7,4182600,531.7
2016-10-11,537.9,546.0,537.9,542.1,9157100,542.1
2016-10-12,534.4,540.1,531.5,536.3,6647100,536.3
2016-10-13,536.4,539.5,530.3,532.4,5543100,532.4
2016-10-14,530.5,534.7,526.3,534.7,4864500,534.7
2016-10-17,536.4,543.5,535.2,540.1,6807400,540.1
2016-10-18,538.5,540.6,533.8,540.0,4315700,540.0
2016-10-19,547.2,548.0,541.0,544.5,8276800,544.5
2016-10-20,544.0,551.9,541.0,548.8,6659000,548.8
2016-10-21,550.8,552.9,547.3,548.1,3992000,548.1
2016-10-24,549.0,553.5,547.9,552.3,5333600,552.3
2016-10-25,554.5,557.4,548.0,549.8,6231100,549.8
2016-10-26,549.8,550.0,545.7,549.8,5027200,549.8
2016-10-27,548.0,552.5,547.3,549.5,4779100,549.5
2016-10-28,553.1,554.9,551.7,554.5,7856500,554.5
2016-10-31,554.7,558.3,551.2,552.7,7446000,552.7
2016-11-01,553.2,556.8,550.2,556.0,4996800,556.0
2016-11-02,549.1,554.3,547.1,553.6,7853300,553.6
2016-11-04,545.3,547.9,528.8,536.5,11677500,536.5
2016-11-07,540.4,544.2,528.4,533.2,9843700,533.2
2016-11-08,536.0,542.5,535.4,540.8,7136000,540.8
2016-11-09,546.0,555.4,515.0,527.9,18051700,527.9
2016-11-10,556.6,560.0,542.1,557.6,17702600,557.6
2016-11-11,565.0,580.8,562.4,577.8,19679200,577.8
2016-11-14,578.0,597.9,578.0,595.0,13539200,595.0
2016-11-15,595.1,599.7,591.6,596.4,9044700,596.4
2016-11-16,600.8,601.3,597.1,600.7,10495400,600.7
2016-11-17,595.0,602.1,593.7,601.6,8124200,601.6
2016-11-18,605.0,611.5,605.0,606.0,8918900,606.0
2016-11-21,605.0,605.4,598.5,604.0,6453400,604.0
2016-11-22,602.4,610.2,602.0,608.9,8536600,608.9
2016-11-24,620.0,630.8,619.3,629.1,17584000,629.1
2016-11-25,630.0,632.8,622.9,627.2,8871400,627.2
2016-11-28,630.2,637.7,628.5,636.1,13251400,636.1
2016-11-29,633.0,634.9,629.0,633.4,9148500,633.4
2016-11-30,634.5,635.6,625.2,626.3,21741800,626.3
2016-12-01,640.0,646.7,638.0,643.7,18392200,643.7
2016-12-02,643.0,646.9,642.1,645.1,9965600,645.1
2016-12-05,644.0,645.9,640.4,643.0,6392400,643.0
2016-12-06,649.8,660.8,649.8,660.7,14292200,660.7
2016-12-07,665.0,669.5,663.5,668.6,11630100,668.6
2016-12-08,677.9,683.8,671.4,675.8,12659700,675.8
2016-12-09,681.0,683.9,675.4,680.7,13802700,680.7
2016-12-12,689.9,692.7,675.6,681.4,11337400,681.4
2016-12-13,675.1,685.0,675.1,683.9,9906100,683.9
2016-12-14,680.0,680.0,670.1,676.8,8626700,676.8
2016-12-15,677.0,680.7,667.6,672.1,7155600,672.1
2016-12-16,679.1,679.7,673.2,676.1,7874800,676.1
2016-12-19,673.3,675.8,669.1,674.5,5229500,674.5
2016-12-20,670.1,673.9,666.1,670.5,9159700,670.5
2016-12-21,674.0,683.2,674.0,676.0,13396800,676.0
2016-12-22,678.0,684.0,677.3,681.8,10152500,681.8
2016-12-26,682.0,683.0,669.9,674.7,7286500,674.7
2016-12-27,674.5,681.0,672.4,674.8,7628700,674.8
2016-12-28,672.8,679.9,672.7,676.0,5661400,676.0
2016-12-29,670.0,671.8,662.5,666.5,8842500,666.5
2016-12-30,662.0,664.0,659.0,662.8,7404800,662.8
2017-01-04,669.8,684.9,668.0,679.2,12140400,679.2
