Date,Open,High,Low,Close,Volume,Adj Close
2008-10-20,3970,4200,3920,4180,1133200,4180
2008-10-21,4280,4280,4000,4100,817100,4100
2008-10-22,3950,3990,3840,3840,968900,3840
2008-10-23,3750,4020,3650,4010,1092000,4010
2008-10-24,3850,3880,3710,3720,1090200,3720
2008-10-27,3670,3910,3560,3580,1090300,3580
2008-10-28,3630,4060,3610,4040,1159500,4040
2008-10-29,4040,4080,3910,4040,1629000,4040
2008-10-30,3990,4100,3960,4040,1035300,4040
2008-10-31,3890,4050,3850,3870,701100,3870
2008-11-04,3880,4100,3880,4040,1121500,4040
2008-11-05,4090,4120,4050,4110,805200,4110
2008-11-06,4070,4250,4000,4120,926200,4120
2008-11-07,4070,4230,3990,4150,861600,4150
2008-11-10,4250,4360,4170,4180,852100,4180
2008-11-11,4130,4160,4040,4090,567100,4090
2008-11-12,4040,4190,4020,4130,468300,4130
2008-11-13,4100,4310,4060,4250,767200,4250
2008-11-14,4350,4350,4110,4160,363200,4160
2008-11-17,4140,4230,4130,4170,462200,4170
2008-11-18,4220,4330,4180,4210,768800,4210
2008-11-19,4310,4350,4230,4350,744400,4350
2008-11-20,4260,4280,4110,4140,716200,4140
2008-11-21,4040,4170,3950,4150,469300,4150
2008-11-25,4050,4050,3840,3950,1043500,3950
2008-11-26,3880,4050,3880,4000,581900,4000
2008-11-27,3960,4060,3910,4020,467300,4020
2008-11-28,3960,3970,3800,3890,567500,3890
2008-12-01,3820,3920,3780,3900,435600,3900
2008-12-02,3850,3990,3830,3890,675100,3890
2008-12-03,3940,4110,3890,4080,625200,4080
2008-12-04,4090,4210,4070,4160,883500,4160
2008-12-05,4110,4200,4080,4150,1124900,4150
2008-12-08,4100,4190,4080,4130,542200,4130
2008-12-09,4150,4220,4010,4050,663700,4050
2008-12-10,4080,4160,4060,4140,317700,4140
2008-12-11,4000,4030,3910,3960,798800,3960
2008-12-12,3830,3890,3720,3860,947700,3860
2008-12-15,3870,3940,3860,3890,352600,3890
2008-12-16,3840,3850,3740,3750,601400,3750
2008-12-17,3840,3840,3720,3790,582800,3790
2008-12-18,3820,4090,3780,4040,1167500,4040
2008-12-19,4000,4050,3950,3950,448800,3950
2008-12-22,4030,4070,3950,4010,329000,4010
2008-12-24,4000,4010,3870,3880,389800,3880
2008-12-25,3930,3940,3890,3940,101000,3940
2008-12-26,3840,3900,3800,3890,386400,3890
2008-12-29,3910,3910,3840,3870,186100,3870
2008-12-30,3860,3910,3860,3910,132000,3910
2009-01-05,3960,3970,3840,3840,156400,3840
2009-01-06,3870,3890,3750,3760,429400,3760
2009-01-07,3750,3760,3450,3510,1757600,3510
2009-01-08,3550,3740,3530,3630,1273400,3630
2009-01-09,3730,3730,3640,3690,465900,3690
2009-01-13,3640,3700,3550,3560,572500,3560
2009-01-14,3530,3580,3520,3530,341200,3530
2009-01-15,3450,3510,3400,3400,392400,3400
2009-01-16,3450,3530,3420,3510,364900,3510
2009-01-19,3540,3570,3390,3400,309600,3400
2009-01-20,3450,3450,3340,3360,362000,3360
2009-01-21,3260,3410,3230,3400,495200,3400
2009-01-22,3350,3490,3310,3470,569600,3470
2009-01-23,3460,3460,3360,3380,332700,3380
2009-01-26,3380,3440,3360,3420,296800,3420
2009-01-27,3440,3450,3360,3430,478400,3430
2009-01-28,3420,3440,3320,3330,435200,3330
2009-01-29,3300,3340,3240,3270,616400,3270
2009-01-30,3220,3300,3170,3300,590400,3300
2009-02-02,3290,3310,3220,3270,292000,3270
2009-02-03,3280,3310,3240,3270,415800,3270
2009-02-04,3290,3290,3170,3230,613100,3230
2009-02-05,3150,3180,3090,3120,567800,3120
2009-02-06,3120,3220,3100,3140,613500,3140
2009-02-09,3170,3170,3050,3060,400500,3060
2009-02-10,3050,3130,3030,3070,530000,3070
2009-02-12,3060,3200,3040,3160,550800,3160
2009-02-13,3280,3340,3230,3250,994800,3250
2009-02-16,3260,3440,3250,3390,897100,3390
2009-02-17,3360,3410,3340,3390,639700,3390
2009-02-18,3390,3430,3360,3390,513100,3390
2009-02-19,3360,3400,3300,3350,676900,3350
2009-02-20,3390,3390,3270,3290,644600,3290
2009-02-23,3300,3360,3280,3300,515000,3300
2009-02-24,3220,3240,3110,3160,621800,3160
2009-02-25,3200,3250,3090,3140,850100,3140
2009-02-26,3150,3180,3110,3160,263100,3160
2009-02-27,3180,3310,3130,3310,607200,3310
2009-03-02,3270,3270,3180,3250,505600,3250
2009-03-03,3150,3200,3100,3170,590300,3170
2009-03-04,3120,3240,3090,3200,498700,3200
2009-03-05,3140,3250,3110,3140,446100,3140
2009-03-06,3040,3050,2930,2975,1173700,2975
2009-03-09,2965,3010,2930,2970,570600,2970
2009-03-10,2980,3040,2895,2900,569200,2900
2009-03-11,2965,2985,2875,2900,793000,2900
2009-03-12,2800,2825,2735,2780,1072700,2780
2009-03-13,2815,2840,2720,2785,874300,2785
2009-03-16,2875,2940,2840,2860,421500,2860
2009-03-17,2860,2915,2810,2865,483400,2865
2009-03-18,2845,2865,2760,2835,758800,2835
2009-03-19,2835,2835,2745,2760,439700,2760
2009-03-23,2765,2810,2755,2805,572400,2805
2009-03-24,2925,3070,2865,3050,850100,3050
2009-03-25,2915,3040,2910,3030,797600,3030
2009-03-26,3080,3140,3030,3140,632200,3140
2009-03-27,3140,3210,3100,3140,541800,3140
2009-03-30,3220,3230,3090,3100,384500,3100
2009-03-31,3150,3180,3000,3000,468300,3000
2009-04-01,3100,3120,3020,3040,361800,3040
2009-04-02,3110,3140,3050,3130,506000,3130
2009-04-03,3060,3090,2960,2965,660000,2965
2009-04-06,3010,3010,2835,2850,774000,2850
2009-04-07,2845,2915,2820,2895,608400,2895
2009-04-08,2900,2905,2825,2875,642800,2875
2009-04-09,2880,2930,2830,2885,869600,2885
2009-04-10,2890,2910,2775,2795,944100,2795
2009-04-13,2795,2800,2730,2750,737400,2750
2009-04-14,2720,2735,2620,2655,1450600,2655
2009-04-15,2615,2680,2570,2635,1927600,2635
2009-04-16,2675,2700,2645,2680,966200,2680
2009-04-17,2720,2720,2600,2615,1570700,2615
2009-04-20,2640,2640,2600,2620,692700,2620
2009-04-21,2600,2700,2595,2695,1130200,2695
2009-04-22,2700,2750,2685,2705,1024600,2705
2009-04-23,2700,2785,2665,2775,1308900,2775
2009-04-24,2830,2840,2760,2765,1328200,2765
2009-04-27,2685,2740,2675,2685,690500,2685
2009-04-28,2685,2735,2680,2695,455700,2695
2009-04-30,2710,2735,2670,2710,964000,2710
2009-05-01,2705,2715,2645,2665,666700,2665
2009-05-07,2665,2680,2590,2615,1432600,2615
2009-05-08,2615,2685,2605,2675,1422200,2675
2009-05-11,2675,2715,2645,2715,829400,2715
2009-05-12,2750,2790,2715,2775,1230100,2775
2009-05-13,2780,2910,2780,2895,1563300,2895
2009-05-14,2835,2905,2820,2870,768000,2870
2009-05-15,2900,2955,2875,2950,835300,2950
2009-05-18,2925,2950,2860,2870,524400,2870
2009-05-19,2935,2935,2855,2885,461700,2885
2009-05-20,2920,2980,2900,2910,507900,2910
2009-05-21,2910,2925,2845,2865,695600,2865
2009-05-22,2825,2910,2825,2900,516000,2900
2009-05-25,2900,2920,2865,2890,325400,2890
2009-05-26,2895,2940,2865,2925,422100,2925
2009-05-27,2865,2890,2835,2860,591800,2860
2009-05-28,2855,2880,2820,2830,707500,2830
2009-05-29,2870,2870,2780,2785,804400,2785
2009-06-01,2795,2795,2755,2775,595100,2775
2009-06-02,2810,2850,2795,2820,564400,2820
2009-06-03,2805,2840,2790,2815,633800,2815
2009-06-04,2825,2845,2780,2820,480100,2820
2009-06-05,2825,2840,2785,2805,500000,2805
2009-06-08,2825,2825,2775,2790,437100,2790
2009-06-09,2775,2845,2770,2830,555100,2830
2009-06-10,2845,2920,2845,2890,859100,2890
2009-06-11,2930,2935,2870,2870,436800,2870
2009-06-12,2830,2940,2830,2915,827000,2915
2009-06-15,2920,2960,2905,2915,442200,2915
2009-06-16,2955,2955,2895,2900,380400,2900
2009-06-17,2895,2980,2880,2975,622800,2975
2009-06-18,2990,3200,2985,3150,1983900,3150
2009-06-19,3160,3170,3070,3100,692700,3100
2009-06-22,3150,3180,3110,3130,576200,3130
2009-06-23,3100,3110,3030,3050,440900,3050
2009-06-24,3010,3030,2980,3000,595800,3000
2009-06-25,3050,3050,2985,3000,747800,3000
2009-06-26,3040,3070,2995,3050,513700,3050
2009-06-29,3030,3070,2990,2995,495400,2995
2009-06-30,2990,3030,2985,3030,584300,3030
2009-07-01,3020,3060,2995,3000,313300,3000
2009-07-02,3050,3050,3000,3010,467100,3010
2009-07-03,3060,3090,2940,2950,713300,2950
2009-07-06,2940,2965,2910,2920,423300,2920
2009-07-07,3020,3110,3000,3060,859700,3060
2009-07-08,3070,3090,3020,3050,453300,3050
2009-07-09,3070,3070,2975,2995,894400,2995
2009-07-10,3020,3080,2990,3060,428000,3060
2009-07-13,3060,3100,2990,2995,471800,2995
2009-07-14,3000,3000,2885,2935,601600,2935
2009-07-15,2895,2910,2825,2895,605200,2895
2009-07-16,2935,2935,2865,2880,386700,2880
2009-07-17,2875,2935,2875,2915,285200,2915
2009-07-21,2910,2915,2860,2900,415900,2900
2009-07-22,2935,2950,2895,2910,912700,2910
2009-07-23,2930,2985,2915,2940,782500,2940
2009-07-24,2960,2960,2900,2940,397200,2940
2009-07-27,2945,3010,2945,2995,343800,2995
2009-07-28,3040,3110,3020,3110,826700,3110
2009-07-29,3100,3110,3020,3030,450800,3030
2009-07-30,3050,3080,3020,3060,221300,3060
2009-07-31,3060,3080,3030,3080,213600,3080
2009-08-03,3130,3200,3080,3160,432200,3160
2009-08-04,3130,3190,3110,3160,438000,3160
2009-08-05,3160,3210,3070,3100,649800,3100
2009-08-06,3060,3100,3040,3040,264100,3040
2009-08-07,2995,3020,2950,2990,966600,2990
2009-08-10,3060,3060,2995,3020,244800,3020
2009-08-11,2980,3100,2980,3090,365500,3090
2009-08-12,3110,3160,3050,3080,560300,3080
2009-08-13,3090,3090,3030,3040,323500,3040
2009-08-14,3090,3100,2980,3010,1092400,3010
2009-08-17,3020,3020,2990,3000,361600,3000
2009-08-18,2950,2975,2940,2950,407600,2950
2009-08-19,2930,2945,2890,2895,575400,2895
2009-08-20,2900,2935,2890,2900,656700,2900
2009-08-21,2900,2930,2880,2915,417300,2915
2009-08-24,2910,2940,2905,2930,567600,2930
2009-08-25,2930,2930,2850,2890,930800,2890
2009-08-26,2800,2845,2785,2845,982100,2845
2009-08-27,2865,2865,2835,2845,772900,2845
2009-08-28,2845,2855,2825,2855,380000,2855
2009-08-31,2875,2895,2870,2880,573400,2880
2009-09-01,2900,2905,2845,2865,747100,2865
2009-09-02,2840,2840,2800,2825,396300,2825
2009-09-03,2835,2860,2805,2845,340200,2845
2009-09-04,2845,2845,2735,2750,733100,2750
2009-09-07,2740,2750,2680,2740,544600,2740
2009-09-08,2750,2770,2710,2755,450900,2755
2009-09-09,2770,2820,2760,2820,886100,2820
2009-09-10,2840,2865,2810,2815,560900,2815
2009-09-11,2795,2805,2735,2770,939400,2770
2009-09-14,2830,2840,2805,2820,468200,2820
2009-09-15,2835,2840,2785,2830,422300,2830
2009-09-16,2840,2845,2800,2805,465000,2805
2009-09-17,2810,2815,2770,2810,298100,2810
2009-09-18,2825,2840,2810,2815,344100,2815
2009-09-24,2840,2865,2820,2865,521300,2865
2009-09-25,2825,2835,2765,2780,317400,2780
2009-09-28,2785,2850,2775,2830,396500,2830
2009-09-29,2880,2890,2865,2880,467100,2880
2009-09-30,2880,2890,2850,2890,346900,2890
2009-10-01,2880,2885,2855,2870,298100,2870
2009-10-02,2800,2870,2790,2870,748000,2870
2009-10-05,2840,2865,2790,2790,358400,2790
2009-10-06,2750,2775,2695,2715,661300,2715
2009-10-07,2680,2685,2600,2615,1209300,2615
2009-10-08,2615,2715,2595,2680,1302800,2680
2009-10-09,2745,2800,2725,2755,951200,2755
2009-10-13,2720,2765,2720,2740,498800,2740
2009-10-14,2785,2820,2750,2765,977100,2765
2009-10-15,2745,2775,2700,2715,530000,2715
2009-10-16,2695,2725,2690,2720,342500,2720
2009-10-19,2730,2735,2650,2675,597000,2675
2009-10-20,2660,2680,2635,2650,530600,2650
2009-10-21,2625,2640,2605,2640,765400,2640
2009-10-22,2645,2655,2625,2640,530900,2640
2009-10-23,2655,2660,2630,2640,384800,2640
2009-10-26,2660,2670,2635,2650,318300,2650
2009-10-27,2670,2700,2645,2655,488400,2655
2009-10-28,2685,2695,2645,2675,481700,2675
2009-10-29,2680,2695,2660,2670,620500,2670
2009-10-30,2710,2730,2665,2700,630600,2700
2009-11-02,2705,2730,2700,2710,472300,2710
2009-11-04,2680,2685,2620,2625,554200,2625
2009-11-05,2635,2645,2620,2630,306900,2630
2009-11-06,2670,2670,2570,2575,435400,2575
2009-11-09,2585,2585,2530,2540,233600,2540
2009-11-10,2530,2535,2465,2505,488300,2505
2009-11-11,2475,2495,2460,2485,771400,2485
2009-11-12,2545,2605,2495,2525,963700,2525
2009-11-13,2530,2720,2525,2700,1650200,2700
2009-11-16,2660,2740,2650,2710,1012200,2710
2009-11-17,2730,2740,2710,2730,533000,2730
2009-11-18,2725,2745,2705,2725,632700,2725
2009-11-19,2740,2745,2705,2720,447300,2720
2009-11-20,2710,2725,2695,2725,459400,2725
2009-11-24,2705,2730,2695,2700,418100,2700
2009-11-25,2725,2760,2710,2730,528400,2730
2009-11-26,2715,2780,2715,2755,449700,2755
2009-11-27,2745,2830,2730,2805,587500,2805
2009-11-30,2840,2860,2795,2845,676400,2845
2009-12-01,2795,2845,2795,2825,658400,2825
2009-12-02,2845,2845,2805,2820,340000,2820
2009-12-03,2820,2905,2820,2895,564300,2895
2009-12-04,2900,2905,2840,2860,773300,2860
2009-12-07,2870,2880,2790,2800,545800,2800
2009-12-08,2805,2845,2765,2805,562600,2805
2009-12-09,2765,2805,2760,2780,182700,2780
2009-12-10,2760,2785,2715,2725,471600,2725
2009-12-11,2710,2720,2685,2715,594100,2715
2009-12-14,2725,2725,2685,2715,305400,2715
2009-12-15,2725,2725,2690,2690,234000,2690
2009-12-16,2730,2795,2705,2730,297100,2730
2009-12-17,2715,2740,2700,2705,167100,2705
2009-12-18,2710,2715,2680,2685,367100,2685
2009-12-21,2705,2720,2680,2715,182100,2715
2009-12-22,2705,2725,2695,2700,108200,2700
2009-12-24,2700,2705,2660,2690,386600,2690
2009-12-25,2705,2705,2675,2695,142200,2695
2009-12-28,2670,2750,2670,2740,190500,2740
2009-12-29,2740,2815,2725,2775,211900,2775
2009-12-30,2775,2780,2745,2745,167000,2745
2010-01-04,2745,2790,2744,2781,127100,2781
2010-01-05,2800,2805,2772,2795,289100,2795
2010-01-06,2800,2867,2795,2857,315600,2857
2010-01-07,2858,2864,2815,2825,265800,2825
2010-01-08,2825,2853,2750,2775,689500,2775
2010-01-12,2810,2838,2786,2828,445100,2828
2010-01-13,2845,2897,2820,2880,579500,2880
2010-01-14,2885,2885,2852,2866,263600,2866
2010-01-15,2900,2900,2827,2875,430100,2875
2010-01-18,2904,2970,2900,2957,627100,2957
2010-01-19,2957,2975,2937,2974,306500,2974
2010-01-20,2980,2982,2951,2953,272200,2953
2010-01-21,2990,2995,2920,2954,341500,2954
2010-01-22,2925,2990,2890,2927,444600,2927
2010-01-25,2927,2960,2900,2930,378200,2930
2010-01-26,2927,2930,2871,2871,420900,2871
2010-01-27,2838,2871,2825,2840,443200,2840
2010-01-28,2840,2881,2815,2862,454300,2862
2010-01-29,2835,2879,2835,2855,239600,2855
2010-02-01,2805,2912,2805,2880,471100,2880
2010-02-02,2892,2897,2851,2895,158600,2895
2010-02-03,2900,2922,2877,2895,267300,2895
2010-02-04,2945,2990,2942,2983,433300,2983
2010-02-05,2933,2939,2901,2930,403000,2930
2010-02-08,2926,2926,2888,2900,419700,2900
2010-02-09,2900,2908,2873,2877,353700,2877
2010-02-10,2867,2874,2842,2850,274200,2850
2010-02-12,2870,2885,2841,2880,248300,2880
2010-02-15,2898,2913,2856,2868,234000,2868
2010-02-16,2881,2886,2855,2862,302000,2862
2010-02-17,2890,2890,2858,2860,207800,2860
2010-02-18,2850,2881,2833,2860,326000,2860
2010-02-19,2862,2884,2825,2831,291100,2831
2010-02-22,2881,2905,2843,2878,495700,2878
2010-02-23,2893,2894,2842,2863,212800,2863
2010-02-24,2820,2833,2782,2800,280200,2800
2010-02-25,2849,2849,2809,2817,309900,2817
2010-02-26,2780,2851,2779,2847,581800,2847
2010-03-01,2857,2881,2842,2863,454200,2863
2010-03-02,2876,2889,2847,2859,286500,2859
2010-03-03,2838,2850,2786,2808,566600,2808
2010-03-04,2803,2805,2773,2776,447000,2776
2010-03-05,2800,2819,2755,2758,556400,2758
2010-03-08,2742,2777,2734,2765,664700,2765
2010-03-09,2738,2759,2705,2712,572500,2712
2010-03-10,2750,2777,2739,2750,807000,2750
2010-03-11,2752,2820,2752,2810,466000,2810
2010-03-12,2870,2870,2822,2855,562000,2855
2010-03-15,2865,2880,2842,2867,534900,2867
2010-03-16,2878,2889,2865,2876,244800,2876
2010-03-17,2874,2884,2867,2877,253000,2877
2010-03-18,2865,2884,2862,2868,187000,2868
2010-03-19,2868,2893,2866,2882,233600,2882
2010-03-23,2906,2920,2892,2899,387600,2899
2010-03-24,2862,2880,2831,2859,650400,2859
2010-03-25,2880,2889,2822,2825,333900,2825
2010-03-26,2824,2882,2814,2882,365200,2882
2010-03-29,2920,2937,2866,2907,351600,2907
2010-03-30,2947,2959,2926,2950,507200,2950
2010-03-31,2934,2993,2934,2975,405100,2975
2010-04-01,2991,3020,2982,3015,460800,3015
2010-04-02,2954,2979,2920,2973,549300,2973
2010-04-05,2974,3025,2973,2996,307500,2996
2010-04-06,2997,3015,2981,2999,277200,2999
2010-04-07,3000,3035,2994,3035,342400,3035
2010-04-08,3040,3070,2993,3015,530200,3015
2010-04-09,2967,3025,2954,3025,410000,3025
2010-04-12,3045,3105,3040,3085,450800,3085
2010-04-13,3110,3110,3075,3100,639500,3100
2010-04-14,3125,3125,3100,3115,364800,3115
2010-04-15,3140,3150,3100,3130,412000,3130
2010-04-16,3115,3160,3090,3130,494800,3130
2010-04-19,3125,3130,3085,3110,493500,3110
2010-04-20,3130,3205,3085,3170,654900,3170
2010-04-21,3210,3250,3170,3235,609400,3235
2010-04-22,3295,3325,3240,3280,1172500,3280
2010-04-23,3280,3315,3275,3310,716300,3310
2010-04-26,3310,3310,3260,3275,875500,3275
2010-04-27,3275,3280,3205,3265,628100,3265
2010-04-28,3205,3265,3180,3250,664800,3250
2010-04-30,3250,3260,3220,3240,471400,3240
2010-05-06,3190,3210,3150,3155,878600,3155
2010-05-07,3085,3145,3035,3115,685500,3115
2010-05-10,3045,3105,3005,3075,1077600,3075
2010-05-11,3075,3100,3020,3055,792500,3055
2010-05-12,3075,3125,3065,3090,669200,3090
2010-05-13,3135,3135,3055,3090,495400,3090
2010-05-14,3090,3090,3055,3070,272300,3070
2010-05-17,3020,3060,3020,3055,424800,3055
2010-05-18,3070,3100,3045,3065,523600,3065
2010-05-19,3050,3075,3010,3065,471900,3065
2010-05-20,3040,3045,2959,2969,592600,2969
2010-05-21,2885,2944,2873,2900,432900,2900
2010-05-24,2850,2920,2806,2882,562500,2882
2010-05-25,2897,2900,2853,2872,425100,2872
2010-05-26,2857,3010,2853,2985,1874300,2985
2010-05-27,2986,2986,2911,2939,790000,2939
2010-05-28,2950,2987,2907,2933,639700,2933
2010-05-31,2941,3005,2903,2969,608000,2969
2010-06-01,2939,2976,2891,2957,279100,2957
2010-06-02,2959,3020,2947,2974,646100,2974
2010-06-03,2993,3000,2945,2978,620500,2978
2010-06-04,2970,2970,2916,2924,484100,2924
2010-06-07,2880,2888,2834,2839,468100,2839
2010-06-08,2831,2870,2811,2845,413700,2845
2010-06-09,2830,2848,2808,2838,322100,2838
2010-06-10,2837,2860,2820,2834,196600,2834
2010-06-11,2848,2884,2848,2867,588700,2867
2010-06-14,2882,2886,2854,2880,199000,2880
2010-06-15,2863,2916,2853,2913,344800,2913
2010-06-16,2929,2938,2896,2921,249900,2921
2010-06-17,2917,2945,2905,2928,240200,2928
2010-06-18,2931,2947,2900,2939,231600,2939
2010-06-21,2968,2991,2951,2968,292400,2968
2010-06-22,2939,2957,2915,2936,284300,2936
2010-06-23,2937,2955,2911,2938,326500,2938
2010-06-24,2945,2972,2923,2962,251800,2962
2010-06-25,2963,2975,2953,2970,476800,2970
2010-06-28,2970,2995,2959,2970,529600,2970
2010-06-29,2970,2977,2934,2959,325600,2959
2010-06-30,2866,2963,2861,2936,476600,2936
2010-07-01,2936,2954,2892,2931,362800,2931
2010-07-02,2953,2969,2907,2969,405300,2969
2010-07-05,2970,3105,2958,3105,960400,3105
2010-07-06,3100,3145,3085,3145,854800,3145
2010-07-07,3150,3185,3110,3185,628200,3185
2010-07-08,3200,3215,3145,3165,700500,3165
2010-07-09,3145,3165,3100,3110,698600,3110
2010-07-12,3120,3125,3055,3065,774600,3065
2010-07-13,3060,3110,3055,3080,328500,3080
2010-07-14,3100,3120,3070,3090,547400,3090
2010-07-15,3080,3160,3060,3150,611000,3150
2010-07-16,3120,3130,3060,3075,604100,3075
2010-07-20,3065,3155,3045,3135,883500,3135
2010-07-21,3150,3195,3135,3175,1083600,3175
2010-07-22,3185,3200,3165,3185,565200,3185
2010-07-23,3225,3230,3185,3205,541700,3205
2010-07-26,3210,3210,3185,3205,318700,3205
2010-07-27,3220,3225,3190,3195,511700,3195
2010-07-28,3175,3200,3120,3170,907300,3170
2010-07-29,3155,3180,3130,3175,220400,3175
2010-07-30,3170,3170,3070,3090,482300,3090
2010-08-02,3090,3130,3060,3095,298300,3095
2010-08-03,3130,3140,3095,3125,323900,3125
2010-08-04,3130,3135,3090,3105,201000,3105
2010-08-05,3140,3160,3120,3160,302500,3160
2010-08-06,3155,3155,3095,3120,496900,3120
2010-08-09,3115,3130,3090,3110,256900,3110
2010-08-10,3130,3150,3100,3120,236100,3120
2010-08-11,3100,3115,3040,3055,537400,3055
2010-08-12,3025,3090,3015,3090,419600,3090
2010-08-13,3065,3135,3060,3125,296800,3125
2010-08-16,3095,3140,3080,3140,269000,3140
2010-08-17,3120,3175,3105,3175,266500,3175
2010-08-18,3160,3215,3120,3205,434100,3205
2010-08-19,3205,3210,3185,3210,384900,3210
2010-08-20,3170,3175,3120,3135,348300,3135
2010-08-23,3125,3165,3125,3160,301000,3160
2010-08-24,3130,3165,3130,3150,258300,3150
2010-08-25,3105,3145,3085,3140,251100,3140
2010-08-26,3125,3155,3110,3150,401900,3150
2010-08-27,3120,3145,3100,3130,461200,3130
2010-08-30,3150,3165,3130,3150,293800,3150
2010-08-31,3110,3115,3030,3040,423200,3040
2010-09-01,3050,3140,3045,3140,493400,3140
2010-09-02,3150,3155,3090,3105,484800,3105
2010-09-03,3115,3130,3055,3065,490300,3065
2010-09-06,3060,3075,3030,3055,526900,3055
2010-09-07,2994,3050,2993,3045,448500,3045
2010-09-08,3010,3020,2995,3005,330800,3005
2010-09-09,3040,3045,3020,3030,260700,3030
2010-09-10,3010,3075,3010,3055,576000,3055
2010-09-13,3045,3090,3030,3055,774800,3055
2010-09-14,3050,3055,2999,3005,707800,3005
2010-09-15,3000,3025,2981,2999,726900,2999
2010-09-16,3010,3015,2906,2915,1003100,2915
2010-09-17,2965,2978,2931,2951,636500,2951
2010-09-21,2985,2985,2952,2976,345600,2976
2010-09-22,2964,3015,2963,3005,387600,3005
2010-09-24,2989,2990,2954,2981,475000,2981
2010-09-27,2962,2964,2887,2916,866800,2916
2010-09-28,2916,2942,2898,2923,423800,2923
2010-09-29,2967,3005,2966,2972,854100,2972
2010-09-30,2996,3015,2975,2993,670000,2993
2010-10-01,2994,3005,2950,2968,503200,2968
2010-10-04,2967,2985,2938,2948,484900,2948
2010-10-05,2941,2956,2915,2947,437100,2947
2010-10-06,2984,2984,2937,2950,301800,2950
2010-10-07,2950,2999,2950,2992,687800,2992
2010-10-08,3000,3035,2985,3010,660700,3010
2010-10-12,3015,3015,2904,2918,627200,2918
2010-10-13,2944,2946,2905,2912,488600,2912
2010-10-14,2948,2984,2937,2975,767800,2975
2010-10-15,2950,2952,2915,2925,317400,2925
2010-10-18,2941,2948,2924,2930,265200,2930
2010-10-19,2915,2963,2911,2927,237500,2927
2010-10-20,2909,2915,2882,2911,384600,2911
2010-10-21,2893,2895,2852,2879,688000,2879
2010-10-22,2852,2864,2824,2842,723600,2842
2010-10-25,2837,2851,2825,2842,361000,2842
2010-10-26,2854,2877,2846,2864,350000,2864
2010-10-27,2866,2875,2838,2866,272700,2866
2010-10-28,2841,2854,2830,2839,325200,2839
2010-10-29,2850,2866,2836,2856,409900,2856
2010-11-01,2865,2865,2836,2838,294700,2838
2010-11-02,2855,2864,2843,2855,204600,2855
2010-11-04,2881,2913,2876,2899,525400,2899
2010-11-05,2930,2947,2908,2912,459900,2912
2010-11-08,2933,2933,2888,2906,301600,2906
2010-11-09,2910,2910,2862,2874,395200,2874
2010-11-10,2861,2912,2854,2912,518600,2912
2010-11-11,2901,2916,2889,2905,257300,2905
2010-11-12,2855,2899,2852,2884,537600,2884
2010-11-15,2883,2883,2842,2848,697600,2848
2010-11-16,2833,2842,2775,2799,834900,2799
2010-11-17,2784,2817,2759,2807,568100,2807
2010-11-18,2810,2845,2791,2845,431800,2845
2010-11-19,2841,2855,2833,2840,669300,2840
2010-11-22,2844,2858,2827,2850,449600,2850
2010-11-24,2816,2842,2802,2827,399200,2827
2010-11-25,2850,2859,2828,2844,512400,2844
2010-11-26,2857,2879,2846,2860,431500,2860
2010-11-29,2850,2887,2849,2876,382500,2876
2010-11-30,2869,2877,2837,2848,362800,2848
2010-12-01,2838,2878,2838,2873,657600,2873
2010-12-02,2883,2893,2860,2860,461700,2860
2010-12-03,2865,2876,2827,2834,339600,2834
2010-12-06,2826,2838,2819,2829,290900,2829
2010-12-07,2823,2834,2810,2819,598100,2819
2010-12-08,2820,2835,2818,2835,686400,2835
2010-12-09,2830,2854,2829,2854,440500,2854
2010-12-10,2835,2877,2826,2868,1037200,2868
2010-12-13,2886,2894,2866,2886,781800,2886
2010-12-14,2891,2912,2880,2907,716200,2907
2010-12-15,2900,2901,2880,2886,345200,2886
2010-12-16,2894,2902,2878,2878,378000,2878
2010-12-17,2880,2897,2867,2882,585900,2882
2010-12-20,2892,2932,2883,2923,950400,2923
2010-12-21,2932,3050,2932,3025,1548400,3025
2010-12-22,3045,3060,3020,3030,569200,3030
2010-12-24,3025,3065,3005,3045,475000,3045
2010-12-27,3075,3100,3065,3080,546100,3080
2010-12-28,3080,3105,3050,3055,341500,3055
2010-12-29,3070,3070,3045,3055,191900,3055
2010-12-30,3065,3075,3040,3060,229600,3060
2011-01-04,3065,3075,3030,3030,479900,3030
2011-01-05,3040,3040,2989,2999,457400,2999
2011-01-06,3055,3090,3040,3085,627600,3085
2011-01-07,3085,3095,3050,3065,360700,3065
2011-01-11,3070,3075,3040,3065,318200,3065
2011-01-12,3085,3100,3050,3060,456800,3060
2011-01-13,3095,3095,3040,3085,517300,3085
2011-01-14,3100,3100,3050,3050,282400,3050
2011-01-17,3050,3065,3045,3055,130000,3055
2011-01-18,3055,3060,3040,3045,114600,3045
2011-01-19,3055,3060,3040,3060,132300,3060
2011-01-20,3065,3070,3040,3060,222100,3060
2011-01-21,3085,3110,3050,3055,579100,3055
2011-01-24,3070,3075,3020,3055,341900,3055
2011-01-25,3065,3075,3045,3050,170700,3050
2011-01-26,3050,3065,3045,3060,242700,3060
2011-01-27,3050,3070,3040,3060,154600,3060
2011-01-28,3050,3060,3025,3040,206700,3040
2011-01-31,3045,3065,3010,3050,270000,3050
2011-02-01,3030,3040,3010,3020,155400,3020
2011-02-02,3045,3065,3030,3055,199000,3055
2011-02-03,3040,3065,3015,3055,171600,3055
2011-02-04,3060,3085,3060,3070,113000,3070
2011-02-07,3085,3100,3075,3090,158600,3090
2011-02-08,3090,3095,3060,3070,165500,3070
2011-02-09,3080,3095,3075,3085,139000,3085
2011-02-10,3075,3105,3075,3095,202400,3095
2011-02-14,3090,3140,3090,3120,209500,3120
2011-02-15,3140,3150,3125,3150,228600,3150
2011-02-16,3130,3170,3130,3140,313300,3140
2011-02-17,3125,3145,3100,3135,263100,3135
2011-02-18,3145,3170,3120,3130,258500,3130
2011-02-21,3130,3140,3115,3125,188100,3125
2011-02-22,3130,3150,3120,3135,204100,3135
2011-02-23,3130,3150,3105,3105,409700,3105
2011-02-24,3100,3135,3055,3065,504600,3065
2011-02-25,3085,3135,3080,3120,456800,3120
2011-02-28,3090,3100,3055,3090,281700,3090
2011-03-01,3150,3190,3135,3180,552100,3180
2011-03-02,3175,3205,3130,3135,706300,3135
2011-03-03,3150,3160,3115,3155,350200,3155
2011-03-04,3175,3215,3125,3135,266000,3135
2011-03-07,3140,3140,3095,3100,212900,3100
2011-03-08,3100,3125,3080,3080,125800,3080
2011-03-09,3110,3145,3110,3135,246500,3135
2011-03-10,3120,3155,3100,3105,265300,3105
2011-03-11,3110,3160,3095,3100,673100,3100
2011-03-14,3030,3110,2905,2939,704500,2939
2011-03-15,2870,2872,2550,2644,779600,2644
2011-03-16,2802,2970,2802,2964,882000,2964
2011-03-17,2814,3075,2805,2962,962000,2962
2011-03-18,2952,3010,2885,2910,816200,2910
2011-03-22,2960,2989,2905,2974,413400,2974
2011-03-23,2994,3055,2987,3020,633000,3020
2011-03-24,2950,3035,2940,3020,377800,3020
2011-03-25,3060,3060,3030,3040,299500,3040
2011-03-28,3060,3100,3045,3100,283000,3100
2011-03-29,3105,3125,3065,3100,421800,3100
2011-03-30,3105,3170,3080,3165,306500,3165
2011-03-31,3150,3150,3100,3125,415500,3125
2011-04-01,3130,3135,3000,3010,665800,3010
2011-04-04,3045,3065,3010,3055,374600,3055
2011-04-05,3085,3085,3025,3040,183000,3040
2011-04-06,3075,3085,3005,3015,384700,3015
2011-04-07,3015,3070,3010,3045,452500,3045
2011-04-08,2999,3015,2940,2970,841800,2970
2011-04-11,2956,2979,2922,2972,418700,2972
2011-04-12,2986,2998,2929,2943,378700,2943
2011-04-13,2972,2998,2924,2940,404800,2940
2011-04-14,2970,2970,2928,2968,348900,2968
2011-04-15,2964,3010,2953,2980,397100,2980
2011-04-18,2980,3065,2970,3005,391500,3005
2011-04-19,2975,3035,2962,3020,454200,3020
2011-04-20,3045,3045,2971,2971,408000,2971
2011-04-21,2958,2958,2880,2898,1173800,2898
2011-04-22,2910,2920,2890,2892,296400,2892
2011-04-25,2923,2926,2875,2882,240100,2882
2011-04-26,2910,2927,2888,2903,410600,2903
2011-04-27,2918,2933,2908,2909,378600,2909
2011-04-28,2935,2940,2908,2924,480900,2924
2011-05-02,2951,2955,2919,2930,306400,2930
2011-05-06,2957,3035,2955,2975,1063400,2975
2011-05-09,2950,2961,2932,2948,990500,2948
2011-05-10,2980,2990,2925,2948,744900,2948
2011-05-11,2951,2962,2920,2947,938400,2947
2011-05-12,2915,2953,2907,2932,526100,2932
2011-05-13,2927,2927,2876,2903,700400,2903
2011-05-16,2904,2919,2895,2905,426200,2905
2011-05-17,2908,2908,2852,2864,548300,2864
2011-05-18,2845,2901,2814,2880,864500,2880
2011-05-19,2897,2897,2798,2820,1701500,2820
2011-05-20,2821,2870,2815,2853,762800,2853
2011-05-23,2845,2878,2816,2857,666300,2857
2011-05-24,2856,2891,2856,2873,736800,2873
2011-05-25,2900,2900,2832,2853,353000,2853
2011-05-26,2881,2883,2842,2844,332300,2844
2011-05-27,2853,2882,2845,2861,254800,2861
2011-05-30,2862,2879,2842,2858,290100,2858
2011-05-31,2862,2907,2853,2907,543900,2907
2011-06-01,2896,2908,2861,2908,533000,2908
2011-06-02,2888,2900,2866,2885,281700,2885
2011-06-03,2886,2898,2859,2866,271700,2866
2011-06-06,2854,2872,2845,2865,309800,2865
2011-06-07,2845,2862,2829,2851,431300,2851
2011-06-08,2850,2865,2829,2851,408700,2851
2011-06-09,2836,2854,2831,2854,750500,2854
2011-06-10,2840,2858,2815,2821,751100,2821
2011-06-13,2800,2846,2789,2842,752100,2842
2011-06-14,2870,2908,2857,2905,706100,2905
2011-06-15,2907,2908,2863,2874,421200,2874
2011-06-16,2878,2889,2855,2870,297200,2870
2011-06-17,2864,2887,2851,2862,359100,2862
2011-06-20,2894,2908,2868,2898,413900,2898
2011-06-21,2948,2953,2920,2925,653400,2925
2011-06-22,2922,2947,2921,2933,587300,2933
2011-06-23,2928,2933,2908,2911,326800,2911
2011-06-24,2921,2926,2894,2903,372400,2903
2011-06-27,2876,2924,2864,2892,507000,2892
2011-06-28,2881,2933,2880,2914,439400,2914
2011-06-29,2918,2940,2915,2940,317600,2940
2011-06-30,2941,2950,2911,2950,288700,2950
2011-07-01,2950,2970,2946,2963,478800,2963
2011-07-04,2984,2986,2936,2944,510400,2944
2011-07-05,2930,2955,2926,2945,300000,2945
2011-07-06,2955,2955,2908,2950,703500,2950
2011-07-07,2950,2969,2936,2947,443700,2947
2011-07-08,2933,2967,2933,2956,382400,2956
2011-07-11,2956,2966,2949,2955,288000,2955
2011-07-12,2943,2972,2934,2972,365400,2972
2011-07-13,2961,2998,2961,2987,331100,2987
2011-07-14,2956,2978,2951,2966,398800,2966
2011-07-15,2945,2976,2945,2976,535500,2976
2011-07-19,2964,2997,2958,2987,308900,2987
2011-07-20,2987,2997,2960,2976,354400,2976
2011-07-21,2972,2983,2936,2946,344000,2946
2011-07-22,2954,2981,2954,2978,373300,2978
2011-07-25,2984,2984,2954,2962,294800,2962
2011-07-26,2962,2962,2938,2938,512900,2938
2011-07-27,2937,2941,2908,2937,276700,2937
2011-07-28,2902,2919,2896,2914,428000,2914
2011-07-29,2915,2927,2894,2907,339800,2907
2011-08-01,2908,2931,2899,2908,492500,2908
2011-08-02,2911,2911,2865,2875,428200,2875
2011-08-03,2850,2875,2842,2853,486500,2853
2011-08-04,2862,2874,2835,2859,258800,2859
2011-08-05,2801,2839,2800,2833,454900,2833
2011-08-08,2804,2821,2784,2801,379800,2801
2011-08-09,2751,2781,2719,2770,614200,2770
2011-08-10,2820,2827,2791,2822,470900,2822
2011-08-11,2766,2865,2759,2856,401800,2856
2011-08-12,2880,2885,2831,2884,451000,2884
2011-08-15,2897,2931,2891,2916,484000,2916
2011-08-16,2916,2922,2868,2879,368300,2879
2011-08-17,2883,2887,2843,2879,253600,2879
2011-08-18,2869,2914,2865,2911,384500,2911
2011-08-19,2866,2908,2862,2879,413600,2879
2011-08-22,2873,2922,2873,2911,509300,2911
2011-08-23,2912,2948,2909,2940,697100,2940
2011-08-24,2940,2952,2871,2885,571400,2885
2011-08-25,2885,2886,2836,2851,539500,2851
2011-08-26,2855,2869,2847,2851,190000,2851
2011-08-29,2834,2862,2806,2819,341700,2819
2011-08-30,2846,2856,2802,2805,315200,2805
2011-08-31,2815,2835,2804,2816,477600,2816
2011-09-01,2833,2849,2815,2819,331600,2819
2011-09-02,2803,2824,2781,2805,294200,2805
2011-09-05,2797,2820,2788,2814,190200,2814
2011-09-06,2823,2877,2823,2859,470300,2859
2011-09-07,2890,2919,2866,2913,571000,2913
2011-09-08,2922,2939,2911,2937,271500,2937
2011-09-09,2929,2954,2912,2951,308900,2951
2011-09-12,2914,2929,2884,2901,235800,2901
2011-09-13,2902,2916,2866,2892,362900,2892
2011-09-14,2900,2933,2888,2922,328800,2922
2011-09-15,2950,2951,2905,2914,227100,2914
2011-09-16,2915,2915,2851,2871,466800,2871
2011-09-20,2851,2882,2845,2857,229500,2857
2011-09-21,2833,2865,2811,2864,375400,2864
2011-09-22,2865,2885,2854,2873,348900,2873
2011-09-26,2899,2942,2872,2933,1049700,2933
2011-09-27,2920,2955,2894,2955,531100,2955
2011-09-28,2943,2960,2934,2948,786800,2948
2011-09-29,2950,2964,2904,2964,973000,2964
2011-09-30,2984,2990,2958,2968,603400,2968
2011-10-03,2959,3115,2954,3090,743000,3090
2011-10-04,3090,3155,3080,3140,973000,3140
2011-10-05,3150,3215,3145,3195,1019300,3195
2011-10-06,3130,3135,3040,3050,854400,3050
2011-10-07,3105,3145,3055,3115,852300,3115
2011-10-11,3105,3105,3060,3080,324000,3080
2011-10-12,3105,3105,3070,3080,301600,3080
2011-10-13,3080,3080,3000,3015,428500,3015
2011-10-14,3005,3050,2973,3050,429000,3050
2011-10-17,3120,3125,3050,3055,400000,3055
2011-10-18,3060,3090,3040,3065,388200,3065
2011-10-19,3070,3075,3035,3055,325700,3055
2011-10-20,3085,3120,3060,3100,465700,3100
2011-10-21,3090,3125,3070,3115,419700,3115
2011-10-24,3145,3170,3100,3110,495700,3110
2011-10-25,3155,3155,3115,3145,647200,3145
2011-10-26,3105,3120,3070,3075,478400,3075
2011-10-27,3060,3090,3055,3075,286400,3075
2011-10-28,3095,3105,3045,3080,719000,3080
2011-10-31,3065,3110,3045,3090,401200,3090
2011-11-01,3045,3115,3030,3095,444700,3095
2011-11-02,3130,3135,3070,3090,437700,3090
2011-11-04,3095,3100,3035,3095,650800,3095
2011-11-07,3080,3080,3020,3045,436700,3045
2011-11-08,3035,3090,3035,3060,484600,3060
2011-11-09,3065,3140,3035,3135,370200,3135
2011-11-10,3115,3155,3075,3080,467700,3080
2011-11-11,3095,3130,3070,3090,388000,3090
2011-11-14,3070,3090,3040,3050,504500,3050
2011-11-15,3055,3080,3035,3040,262500,3040
2011-11-16,3040,3045,3000,3020,315900,3020
2011-11-17,3050,3055,2981,3015,331300,3015
2011-11-18,2987,3030,2965,2999,374500,2999
2011-11-21,2999,3060,2993,3045,241900,3045
2011-11-22,3035,3060,3005,3030,311300,3030
2011-11-24,3035,3050,3005,3025,277000,3025
2011-11-25,3050,3050,2991,2997,300300,2997
2011-11-28,3010,3030,2981,3020,281500,3020
2011-11-29,3025,3050,3005,3050,246200,3050
2011-11-30,3015,3070,3005,3070,303600,3070
2011-12-01,3100,3100,2953,2957,797100,2957
2011-12-02,2968,3020,2955,3020,680700,3020
2011-12-05,3025,3040,2999,3035,228900,3035
2011-12-06,3020,3045,2981,3000,323400,3000
2011-12-07,3040,3045,3010,3035,517600,3035
2011-12-08,3030,3035,2996,3005,358300,3005
2011-12-09,2986,3020,2971,3000,469000,3000
2011-12-12,3030,3030,3000,3005,228400,3005
2011-12-13,2986,3040,2985,3040,300700,3040
2011-12-14,3050,3060,3040,3060,290700,3060
2011-12-15,3050,3065,3040,3055,233700,3055
2011-12-16,3050,3070,3025,3050,312000,3050
2011-12-19,3030,3060,3025,3035,283200,3035
2011-12-20,3060,3085,3040,3080,207800,3080
2011-12-21,3085,3110,3060,3095,401900,3095
2011-12-22,3100,3100,3065,3070,179500,3070
2011-12-26,3075,3090,3055,3080,101300,3080
2011-12-27,3070,3070,3045,3060,119500,3060
2011-12-28,3060,3090,3060,3070,96500,3070
2011-12-29,3060,3085,3055,3085,126000,3085
2011-12-30,3090,3120,3085,3110,183400,3110
2012-01-04,3165,3180,3105,3135,392900,3135
2012-01-05,3125,3140,3095,3100,177900,3100
2012-01-06,3110,3120,3060,3065,352600,3065
2012-01-10,3090,3150,3085,3135,392200,3135
2012-01-11,3150,3160,3120,3160,564400,3160
2012-01-12,3135,3165,3130,3140,210900,3140
2012-01-13,3130,3175,3120,3135,311000,3135
2012-01-16,3110,3165,3105,3150,261200,3150
2012-01-17,3145,3170,3145,3155,185700,3155
2012-01-18,3150,3150,3105,3110,252200,3110
2012-01-19,3125,3135,3055,3060,319900,3060
2012-01-20,3045,3060,3015,3020,439700,3020
2012-01-23,3005,3010,2971,2983,582400,2983
2012-01-24,2997,3045,2990,3030,411400,3030
2012-01-25,3025,3040,2989,2992,717900,2992
2012-01-26,3010,3010,2983,2992,414100,2992
2012-01-27,3000,3045,2993,3035,413700,3035
2012-01-30,3040,3080,3040,3060,263700,3060
2012-01-31,3090,3090,3065,3085,351200,3085
2012-02-01,3080,3105,3070,3095,351800,3095
2012-02-02,3105,3120,3055,3075,516500,3075
2012-02-03,3060,3080,3050,3070,144200,3070
2012-02-06,3090,3100,3050,3050,361600,3050
2012-02-07,3040,3070,3030,3070,255000,3070
2012-02-08,3070,3080,3045,3060,377300,3060
2012-02-09,3060,3080,3060,3075,167100,3075
2012-02-10,3065,3095,3050,3080,229700,3080
2012-02-13,3095,3095,3080,3085,157000,3085
2012-02-14,3070,3095,3065,3095,222500,3095
2012-02-15,3090,3090,3060,3065,305000,3065
2012-02-16,3065,3095,3065,3075,220900,3075
2012-02-17,3105,3160,3100,3150,508000,3150
2012-02-20,3170,3170,3115,3115,301900,3115
2012-02-21,3135,3160,3130,3150,300800,3150
2012-02-22,3180,3260,3180,3200,533600,3200
2012-02-23,3210,3220,3185,3195,383700,3195
2012-02-24,3180,3215,3165,3165,378100,3165
2012-02-27,3165,3165,3115,3140,407600,3140
2012-02-28,3145,3190,3145,3185,322200,3185
2012-02-29,3235,3245,3170,3170,398600,3170
2012-03-01,3190,3205,3160,3195,390200,3195
2012-03-02,3235,3265,3230,3245,282000,3245
2012-03-05,3255,3290,3245,3270,272700,3270
2012-03-06,3295,3300,3255,3260,359100,3260
2012-03-07,3265,3315,3255,3305,638700,3305
2012-03-08,3315,3360,3315,3350,362100,3350
2012-03-09,3390,3390,3325,3325,395500,3325
2012-03-12,3345,3365,3325,3345,332900,3345
2012-03-13,3340,3345,3295,3300,401800,3300
2012-03-14,3325,3325,3275,3275,369600,3275
2012-03-15,3300,3315,3280,3300,391200,3300
2012-03-16,3295,3340,3295,3325,201800,3325
2012-03-19,3350,3360,3325,3345,219200,3345
2012-03-21,3325,3345,3315,3335,306700,3335
2012-03-22,3330,3355,3330,3340,266200,3340
2012-03-23,3360,3390,3340,3370,223300,3370
2012-03-26,3340,3380,3335,3360,187300,3360
2012-03-27,3365,3410,3365,3395,348500,3395
2012-03-28,3405,3430,3380,3430,185900,3430
2012-03-29,3440,3470,3435,3470,309300,3470
2012-03-30,3460,3500,3425,3500,358800,3500
2012-04-02,3520,3535,3465,3495,364100,3495
2012-04-03,3500,3510,3470,3485,161400,3485
2012-04-04,3475,3485,3435,3455,245800,3455
2012-04-05,3420,3455,3395,3400,304600,3400
2012-04-06,3355,3435,3355,3400,443200,3400
2012-04-09,3390,3450,3390,3420,225600,3420
2012-04-10,3435,3450,3390,3420,347100,3420
2012-04-11,3405,3460,3405,3450,345900,3450
2012-04-12,3450,3465,3350,3370,576700,3370
2012-04-13,3345,3415,3330,3400,629400,3400
2012-04-16,3380,3465,3345,3445,472200,3445
2012-04-17,3455,3495,3440,3495,513300,3495
2012-04-18,3470,3505,3455,3505,282600,3505
2012-04-19,3490,3490,3430,3465,353900,3465
2012-04-20,3450,3485,3425,3465,280100,3465
2012-04-23,3470,3475,3445,3460,313700,3460
2012-04-24,3465,3470,3445,3460,253000,3460
2012-04-25,3490,3565,3485,3560,446100,3560
2012-04-26,3600,3660,3600,3650,820200,3650
2012-04-27,3620,3620,3555,3560,496000,3560
2012-05-01,3550,3610,3505,3595,699100,3595
2012-05-02,3600,3615,3575,3610,418200,3610
2012-05-07,3545,3625,3535,3615,605700,3615
2012-05-08,3600,3605,3535,3585,336600,3585
2012-05-09,3560,3570,3540,3545,220000,3545
2012-05-10,3560,3580,3535,3540,230500,3540
2012-05-11,3540,3565,3510,3510,176200,3510
2012-05-14,3505,3550,3500,3525,244900,3525
2012-05-15,3530,3560,3505,3515,307100,3515
2012-05-16,3520,3520,3450,3485,318200,3485
2012-05-17,3470,3500,3415,3430,331300,3430
2012-05-18,3410,3495,3410,3470,488600,3470
2012-05-21,3465,3510,3460,3485,247600,3485
2012-05-22,3500,3510,3465,3465,223400,3465
2012-05-23,3480,3490,3460,3475,401200,3475
2012-05-24,3450,3485,3435,3445,290200,3445
2012-05-25,3470,3530,3440,3500,317000,3500
2012-05-28,3500,3530,3465,3470,234700,3470
2012-05-29,3455,3515,3455,3470,325400,3470
2012-05-30,3480,3515,3470,3505,363900,3505
2012-05-31,3465,3560,3465,3560,558500,3560
2012-06-01,3560,3590,3550,3585,471300,3585
2012-06-04,3545,3610,3535,3600,440200,3600
2012-06-05,3610,3640,3565,3570,589700,3570
2012-06-06,3575,3585,3540,3545,503100,3545
2012-06-07,3505,3530,3465,3530,649600,3530
2012-06-08,3495,3540,3455,3490,513400,3490
2012-06-11,3490,3505,3445,3455,316700,3455
2012-06-12,3460,3470,3415,3455,562200,3455
2012-06-13,3455,3460,3370,3410,857300,3410
2012-06-14,3410,3450,3380,3400,654500,3400
2012-06-15,3430,3440,3370,3390,397900,3390
2012-06-18,3400,3420,3380,3395,184400,3395
2012-06-19,3415,3440,3390,3405,259400,3405
2012-06-20,3475,3540,3455,3535,536000,3535
2012-06-21,3540,3550,3495,3525,468200,3525
2012-06-22,3520,3520,3425,3435,683200,3435
2012-06-25,3440,3475,3410,3415,381500,3415
2012-06-26,3485,3525,3465,3490,585400,3490
2012-06-27,3475,3540,3450,3535,275900,3535
2012-06-28,3550,3585,3530,3570,288400,3570
2012-06-29,3585,3655,3580,3650,440600,3650
2012-07-02,3650,3650,3585,3605,275000,3605
2012-07-03,3620,3640,3535,3615,799800,3615
2012-07-04,3620,3635,3580,3590,317000,3590
2012-07-05,3595,3595,3560,3590,385500,3590
2012-07-06,3555,3605,3525,3550,437900,3550
2012-07-09,3560,3625,3560,3610,406400,3610
2012-07-10,3650,3705,3630,3655,524800,3655
2012-07-11,3655,3690,3645,3675,629400,3675
2012-07-12,3685,3700,3660,3700,356000,3700
2012-07-13,3710,3745,3675,3685,572500,3685
2012-07-17,3650,3820,3640,3815,523000,3815
2012-07-18,3790,3810,3725,3745,429500,3745
2012-07-19,3745,3745,3675,3680,446500,3680
2012-07-20,3685,3765,3680,3745,481200,3745
2012-07-23,3720,3725,3680,3695,275800,3695
2012-07-24,3690,3720,3665,3670,295000,3670
2012-07-25,3670,3735,3665,3700,327200,3700
2012-07-26,3685,3705,3650,3685,282600,3685
2012-07-27,3700,3700,3640,3655,399800,3655
2012-07-30,3660,3680,3605,3655,294200,3655
2012-07-31,3700,3740,3670,3710,542500,3710
2012-08-01,3680,3705,3635,3700,414500,3700
2012-08-02,3700,3710,3630,3645,515100,3645
2012-08-03,3635,3650,3605,3635,354400,3635
2012-08-06,3640,3695,3625,3670,426500,3670
2012-08-07,3655,3675,3640,3670,180000,3670
2012-08-08,3690,3700,3635,3685,367500,3685
2012-08-09,3695,3695,3630,3675,314700,3675
2012-08-10,3660,3675,3640,3665,331000,3665
2012-08-13,3665,3770,3665,3765,460300,3765
2012-08-14,3765,3825,3765,3805,397900,3805
2012-08-15,3800,3860,3790,3835,467300,3835
2012-08-16,3855,3870,3745,3750,533800,3750
2012-08-17,3740,3770,3720,3735,426300,3735
2012-08-20,3745,3765,3720,3755,313000,3755
2012-08-21,3790,3830,3775,3810,447700,3810
2012-08-22,3815,3840,3810,3835,231300,3835
2012-08-23,3825,3845,3815,3830,229300,3830
2012-08-24,3845,3860,3825,3830,170300,3830
2012-08-27,3825,3860,3805,3830,416600,3830
2012-08-28,3830,3905,3820,3845,629300,3845
2012-08-29,3805,3810,3755,3780,346000,3780
2012-08-30,3770,3775,3745,3760,214400,3760
2012-08-31,3760,3840,3755,3775,598700,3775
2012-09-03,3835,3890,3825,3845,548400,3845
2012-09-04,3850,3850,3755,3775,448600,3775
2012-09-05,3750,3760,3715,3740,386500,3740
2012-09-06,3725,3755,3650,3670,591900,3670
2012-09-07,3680,3695,3640,3655,429900,3655
2012-09-10,3680,3710,3660,3680,655900,3680
2012-09-11,3700,3715,3680,3695,280400,3695
2012-09-12,3730,3780,3725,3780,468400,3780
2012-09-13,3790,3810,3765,3805,369500,3805
2012-09-14,3845,3845,3710,3715,452000,3715
2012-09-18,3700,3720,3640,3665,620800,3665
2012-09-19,3625,3680,3610,3645,593800,3645
2012-09-20,3690,3750,3675,3715,535000,3715
2012-09-21,3715,3780,3715,3760,396000,3760
2012-09-24,3775,3820,3760,3820,223600,3820
2012-09-25,3810,3845,3800,3840,230600,3840
2012-09-26,3835,3875,3830,3855,260300,3855
2012-09-27,3840,3875,3805,3860,299900,3860
2012-09-28,3860,3865,3810,3840,474800,3840
2012-10-01,3800,3850,3770,3845,422700,3845
2012-10-02,3825,3835,3755,3795,380100,3795
2012-10-03,3800,3800,3735,3765,324700,3765
2012-10-04,3765,3850,3750,3835,305000,3835
2012-10-05,3840,3840,3800,3820,289500,3820
2012-10-09,3820,3860,3805,3840,318200,3840
2012-10-10,3820,3830,3785,3795,282500,3795
2012-10-11,3780,3785,3665,3690,703000,3690
2012-10-12,3740,3810,3725,3745,439700,3745
2012-10-15,3720,3740,3645,3670,650400,3670
2012-10-16,3655,3730,3645,3725,538500,3725
2012-10-17,3740,3780,3715,3780,387500,3780
2012-10-18,3790,3790,3705,3760,291400,3760
2012-10-19,3755,3765,3730,3750,230700,3750
2012-10-22,3680,3730,3675,3690,551900,3690
2012-10-23,3695,3755,3695,3740,333800,3740
2012-10-24,3730,3815,3725,3810,458900,3810
2012-10-25,3850,3890,3820,3875,642400,3875
2012-10-26,3875,3900,3840,3855,328400,3855
2012-10-29,3840,3885,3835,3870,228200,3870
2012-10-30,3865,3890,3800,3800,266300,3800
2012-10-31,3810,3895,3810,3870,547900,3870
2012-11-01,3870,3870,3825,3845,170800,3845
2012-11-02,3850,3885,3810,3810,366500,3810
2012-11-05,3805,3815,3770,3815,271800,3815
2012-11-06,3790,3790,3735,3760,233800,3760
2012-11-07,3760,3765,3660,3680,695200,3680
2012-11-08,3690,3700,3645,3660,274000,3660
2012-11-09,3680,3695,3650,3670,382400,3670
2012-11-12,3635,3655,3595,3600,258800,3600
2012-11-13,3595,3675,3585,3595,349500,3595
2012-11-14,3590,3640,3590,3620,194000,3620
2012-11-15,3630,3630,3535,3555,297800,3555
2012-11-16,3530,3540,3420,3455,772100,3455
2012-11-19,3490,3520,3465,3485,708600,3485
2012-11-20,3470,3520,3455,3475,759800,3475
2012-11-21,3525,3585,3505,3550,624800,3550
2012-11-22,3620,3620,3525,3545,380500,3545
2012-11-26,3570,3575,3515,3535,544400,3535
2012-11-27,3530,3610,3520,3595,439100,3595
2012-11-28,3595,3615,3560,3585,402100,3585
2012-11-29,3625,3660,3600,3605,543000,3605
2012-11-30,3650,3680,3640,3655,457900,3655
2012-12-03,3725,3725,3635,3645,551800,3645
2012-12-04,3650,3710,3625,3700,293600,3700
2012-12-05,3670,3755,3670,3730,464600,3730
2012-12-06,3770,3775,3705,3715,511800,3715
2012-12-07,3720,3735,3665,3695,422300,3695
2012-12-10,3705,3755,3690,3755,305000,3755
2012-12-11,3760,3760,3715,3740,348100,3740
2012-12-12,3755,3755,3680,3705,358500,3705
2012-12-13,3700,3700,3580,3605,716400,3605
2012-12-14,3545,3575,3525,3550,851700,3550
2012-12-17,3555,3575,3480,3490,1182500,3490
2012-12-18,3495,3510,3425,3430,776100,3430
2012-12-19,3475,3565,3440,3560,1157300,3560
2012-12-20,3595,3605,3540,3570,520800,3570
2012-12-21,3600,3600,3525,3535,431200,3535
2012-12-25,3575,3595,3550,3565,345000,3565
2012-12-26,3560,3590,3535,3555,288000,3555
2012-12-27,3610,3610,3540,3565,338100,3565
2012-12-28,3550,3580,3530,3555,347600,3555
2013-01-04,3600,3600,3540,3570,665700,3570
2013-01-07,3600,3650,3585,3640,540000,3640
2013-01-08,3725,3810,3685,3770,931700,3770
2013-01-09,3775,3795,3605,3610,1214900,3610
2013-01-10,3610,3615,3535,3590,1499800,3590
2013-01-11,3600,3630,3570,3610,816700,3610
2013-01-15,3620,3630,3560,3575,798200,3575
2013-01-16,3595,3650,3585,3640,974000,3640
2013-01-17,3670,3670,3605,3620,664500,3620
2013-01-18,3615,3640,3590,3605,839900,3605
2013-01-21,3595,3620,3575,3580,539300,3580
2013-01-22,3585,3605,3550,3580,645400,3580
2013-01-23,3580,3650,3570,3620,871100,3620
2013-01-24,3620,3645,3570,3610,698300,3610
2013-01-25,3630,3660,3615,3660,345200,3660
2013-01-28,3700,3740,3670,3700,569600,3700
2013-01-29,3725,3730,3645,3670,699000,3670
2013-01-30,3670,3685,3655,3660,456600,3660
2013-01-31,3665,3685,3640,3680,1056200,3680
2013-02-01,3675,3715,3655,3705,832600,3705
2013-02-04,3705,3725,3665,3685,599300,3685
2013-02-05,3685,3735,3685,3695,574500,3695
2013-02-06,3730,3750,3715,3745,617400,3745
2013-02-07,3745,3790,3730,3780,543100,3780
2013-02-08,3790,3805,3740,3745,552600,3745
2013-02-12,3805,3820,3765,3765,457000,3765
2013-02-13,3715,3785,3700,3765,587300,3765
2013-02-14,3780,3870,3770,3820,780500,3820
2013-02-15,3835,3870,3800,3840,649900,3840
2013-02-18,3850,3870,3810,3840,421800,3840
2013-02-19,3840,3940,3840,3890,457500,3890
2013-02-20,3950,3985,3890,3965,941200,3965
2013-02-21,3950,4035,3945,4000,997300,4000
2013-02-22,3930,4020,3925,4015,590000,4015
2013-02-25,4015,4030,3985,4000,425400,4000
2013-02-26,3890,3910,3865,3895,433400,3895
2013-02-27,3850,3895,3795,3800,549300,3800
2013-02-28,3860,3905,3815,3905,493300,3905
2013-03-01,3895,3920,3845,3905,329400,3905
2013-03-04,3935,3975,3900,3975,356000,3975
2013-03-05,3970,3970,3905,3915,282800,3915
2013-03-06,3930,3965,3925,3950,294500,3950
2013-03-07,3970,4050,3965,4030,732500,4030
2013-03-08,4000,4005,3925,3960,569200,3960
2013-03-11,3960,3970,3920,3955,537000,3955
2013-03-12,3935,3980,3925,3970,474600,3970
2013-03-13,3980,3985,3930,3960,406100,3960
2013-03-14,3975,3995,3955,3970,308800,3970
2013-03-15,3955,4060,3920,4040,657600,4040
2013-03-18,4065,4135,4055,4075,428700,4075
2013-03-19,4130,4245,4120,4240,547600,4240
2013-03-21,4285,4305,4210,4280,557500,4280
2013-03-22,4310,4320,4200,4205,530800,4205
2013-03-25,4245,4320,4240,4305,241100,4305
2013-03-26,4275,4345,4250,4315,570700,4315
2013-03-27,4330,4350,4255,4325,367800,4325
2013-03-28,4300,4375,4270,4295,693300,4295
2013-03-29,4335,4350,4270,4350,278100,4350
2013-04-01,4375,4390,4170,4175,421300,4175
2013-04-02,4160,4270,4040,4220,668600,4220
2013-04-03,4185,4270,4130,4235,490800,4235
2013-04-04,4195,4360,4120,4360,444100,4360
2013-04-05,4500,4615,4470,4510,933600,4510
2013-04-08,4630,4690,4465,4625,537500,4625
2013-04-09,4695,4795,4645,4795,613300,4795
2013-04-10,4375,4560,4355,4405,2326500,4405
2013-04-11,4400,4410,4135,4180,2870600,4180
2013-04-12,4205,4250,4090,4105,1891100,4105
2013-04-15,4115,4140,4015,4035,1495600,4035
2013-04-16,3995,4120,3965,4115,1706600,4115
2013-04-17,4180,4215,4165,4180,998100,4180
2013-04-18,4200,4235,4150,4210,904700,4210
2013-04-19,4245,4245,4160,4235,930800,4235
2013-04-22,4255,4300,4250,4280,888600,4280
2013-04-23,4320,4375,4310,4370,826200,4370
2013-04-24,4385,4395,4295,4320,790000,4320
2013-04-25,4345,4370,4325,4325,683400,4325
2013-04-26,4365,4400,4340,4380,773000,4380
2013-04-30,4410,4475,4400,4455,835100,4455
2013-05-01,4445,4455,4375,4405,429900,4405
2013-05-02,4425,4430,4370,4395,426300,4395
2013-05-07,4460,4470,4395,4470,456700,4470
2013-05-08,4540,4620,4475,4590,1587200,4590
2013-05-09,4600,4640,4590,4610,675800,4610
2013-05-10,4635,4645,4545,4575,359100,4575
2013-05-13,4605,4630,4500,4530,738000,4530
2013-05-14,4555,4570,4515,4545,429700,4545
2013-05-15,4580,4680,4570,4640,587200,4640
2013-05-16,4680,4680,4490,4555,473400,4555
2013-05-17,4555,4595,4530,4575,394900,4575
2013-05-20,4610,4615,4540,4555,578900,4555
2013-05-21,4560,4705,4545,4705,564300,4705
2013-05-22,4635,4680,4620,4630,425800,4630
2013-05-23,4600,4605,4315,4325,695600,4325
2013-05-24,4300,4390,4200,4315,731200,4315
2013-05-27,4255,4360,4175,4290,513600,4290
2013-05-28,4225,4255,4135,4185,522200,4185
2013-05-29,4260,4370,4235,4325,441200,4325
2013-05-30,4315,4315,4150,4185,596200,4185
2013-05-31,4205,4260,4100,4105,694300,4105
2013-06-03,4015,4120,4015,4060,501100,4060
2013-06-04,4015,4130,3970,4120,560000,4120
2013-06-05,4115,4240,4060,4080,413000,4080
2013-06-06,4025,4095,3990,4015,412200,4015
2013-06-07,3920,3995,3810,3935,757000,3935
2013-06-10,3990,4075,3970,4065,298000,4065
2013-06-11,4070,4135,4000,4000,388000,4000
2013-06-12,3950,4040,3905,4005,361600,4005
2013-06-13,3935,3990,3815,3845,631100,3845
2013-06-14,3875,3960,3840,3860,608200,3860
2013-06-17,3835,3995,3835,3990,738900,3990
2013-06-18,3990,3990,3820,3855,1026400,3855
2013-06-19,3890,3970,3855,3965,711900,3965
2013-06-20,3985,3985,3880,3885,274500,3885
2013-06-21,3850,4015,3825,3995,573100,3995
2013-06-24,4090,4120,4030,4065,598700,4065
2013-06-25,4055,4070,3950,4015,370400,4015
2013-06-26,4040,4055,3925,3950,412500,3950
2013-06-27,4005,4105,4000,4105,419100,4105
2013-06-28,4170,4245,4165,4230,505300,4230
2013-07-01,4295,4310,4240,4310,481800,4310
2013-07-02,4345,4355,4295,4355,471100,4355
2013-07-03,4410,4415,4335,4410,577500,4410
2013-07-04,4370,4395,4315,4340,905800,4340
2013-07-05,4315,4340,4250,4315,740300,4315
2013-07-08,4365,4395,4330,4385,842100,4385
2013-07-09,4405,4520,4400,4510,894600,4510
2013-07-10,4530,4530,4465,4505,329900,4505
2013-07-11,4510,4510,4350,4385,705500,4385
2013-07-12,4390,4450,4360,4395,638600,4395
2013-07-16,4440,4585,4425,4555,645400,4555
2013-07-17,4600,4700,4585,4675,807500,4675
2013-07-18,4610,4660,4560,4655,329800,4655
2013-07-19,4670,4680,4565,4595,559300,4595
2013-07-22,4610,4625,4520,4565,489800,4565
2013-07-23,4530,4600,4485,4580,454800,4580
2013-07-24,4560,4570,4525,4540,195000,4540
2013-07-25,4505,4530,4425,4435,418900,4435
2013-07-26,4435,4480,4400,4405,400400,4405
2013-07-29,4325,4360,4290,4290,195400,4290
2013-07-30,4295,4360,4270,4340,247200,4340
2013-07-31,4320,4365,4305,4325,419600,4325
2013-08-01,4345,4460,4345,4440,385200,4440
2013-08-02,4475,4570,4455,4570,368200,4570
2013-08-05,4510,4555,4470,4485,349900,4485
2013-08-06,4440,4530,4400,4525,354500,4525
2013-08-07,4480,4485,4380,4380,334600,4380
2013-08-08,4360,4445,4345,4355,257800,4355
2013-08-09,4375,4380,4300,4335,267200,4335
2013-08-12,4335,4385,4315,4350,260800,4350
2013-08-13,4390,4470,4375,4465,240200,4465
2013-08-14,4460,4520,4415,4515,390900,4515
2013-08-15,4445,4475,4335,4375,638100,4375
2013-08-16,4330,4365,4310,4360,296900,4360
2013-08-19,4330,4350,4280,4320,568800,4320
2013-08-20,4300,4415,4285,4350,702400,4350
2013-08-21,4315,4390,4305,4370,407800,4370
2013-08-22,4330,4420,4315,4335,426600,4335
2013-08-23,4410,4410,4310,4345,426400,4345
2013-08-26,4340,4390,4320,4350,328900,4350
2013-08-27,4360,4430,4345,4350,654400,4350
2013-08-28,4230,4230,4150,4215,437600,4215
2013-08-29,4190,4205,4150,4190,258200,4190
2013-08-30,4195,4220,4110,4135,353100,4135
2013-09-02,4130,4135,4040,4100,494400,4100
2013-09-03,4155,4170,4075,4115,811300,4115
2013-09-04,4120,4170,4100,4135,600000,4135
2013-09-05,4125,4140,4030,4050,545500,4050
2013-09-06,4085,4090,4020,4045,496300,4045
2013-09-09,4115,4175,4080,4150,374000,4150
2013-09-10,4185,4185,4115,4140,490400,4140
2013-09-11,4140,4170,4075,4085,335200,4085
2013-09-12,4075,4090,4040,4055,500300,4055
2013-09-13,4095,4125,4070,4110,918700,4110
2013-09-17,4200,4220,4090,4105,436600,4105
2013-09-18,4130,4140,4090,4125,519600,4125
2013-09-19,4155,4205,4140,4200,564200,4200
2013-09-20,4205,4250,4200,4230,375700,4230
2013-09-24,4165,4235,4165,4235,324000,4235
2013-09-25,4240,4240,4170,4235,272000,4235
2013-09-26,4250,4300,4185,4255,362200,4255
2013-09-27,4260,4270,4225,4235,369800,4235
2013-09-30,4235,4270,4200,4245,304800,4245
2013-10-01,4240,4245,4180,4200,302600,4200
2013-10-02,4220,4220,4125,4140,310200,4140
2013-10-03,4140,4150,4075,4085,507800,4085
2013-10-04,4085,4110,4035,4035,313400,4035
2013-10-07,4015,4075,4005,4010,199000,4010
2013-10-08,4080,4115,4045,4085,406800,4085
2013-10-09,4120,4130,4090,4125,385600,4125
2013-10-10,4150,4260,4140,4185,575400,4185
2013-10-11,4230,4260,4195,4235,296400,4235
2013-10-15,4300,4300,4180,4200,510600,4200
2013-10-16,4220,4225,4165,4180,222200,4180
2013-10-17,4200,4220,4175,4205,201200,4205
2013-10-18,4215,4260,4205,4220,172400,4220
2013-10-21,4290,4295,4215,4240,324800,4240
2013-10-22,4265,4270,4210,4235,222700,4235
2013-10-23,4255,4260,4215,4215,373900,4215
2013-10-24,4220,4295,4210,4290,245000,4290
2013-10-25,4295,4320,4255,4280,521800,4280
2013-10-28,4290,4325,4245,4315,230500,4315
2013-10-29,4310,4390,4280,4360,310700,4360
2013-10-30,4370,4480,4365,4430,730800,4430
2013-10-31,4415,4420,4350,4395,470300,4395
2013-11-01,4400,4400,4305,4330,263900,4330
2013-11-05,4370,4380,4310,4340,260900,4340
2013-11-06,4295,4330,4255,4305,326600,4305
2013-11-07,4335,4335,4280,4280,243500,4280
2013-11-08,4245,4250,4180,4215,417100,4215
2013-11-11,4255,4265,4210,4230,209500,4230
2013-11-12,4255,4410,4255,4365,548300,4365
2013-11-13,4390,4400,4330,4360,296700,4360
2013-11-14,4400,4435,4360,4365,487400,4365
2013-11-15,4405,4495,4400,4475,396600,4475
2013-11-18,4485,4490,4450,4465,302100,4465
2013-11-19,4480,4490,4440,4465,266900,4465
2013-11-20,4490,4575,4465,4570,667300,4570
2013-11-21,4600,4650,4595,4625,639700,4625
2013-11-22,4640,4645,4580,4620,406200,4620
2013-11-25,4645,4665,4615,4630,265700,4630
2013-11-26,4600,4645,4590,4630,249300,4630
2013-11-27,4555,4610,4555,4590,278000,4590
2013-11-28,4635,4645,4600,4630,295300,4630
2013-11-29,4645,4690,4620,4680,355000,4680
2013-12-02,4685,4695,4625,4675,215700,4675
2013-12-03,4650,4650,4540,4565,694500,4565
2013-12-04,4590,4670,4580,4590,636900,4590
2013-12-05,4655,4680,4600,4630,515700,4630
2013-12-06,4580,4600,4475,4505,492000,4505
2013-12-09,4535,4560,4510,4555,586100,4555
2013-12-10,4550,4590,4535,4570,369900,4570
2013-12-11,4590,4675,4580,4645,501600,4645
2013-12-12,4580,4600,4545,4590,378500,4590
2013-12-13,4550,4645,4540,4545,627500,4545
2013-12-16,4565,4630,4565,4600,436700,4600
2013-12-17,4600,4615,4530,4560,261000,4560
2013-12-18,4600,4675,4590,4670,391700,4670
2013-12-19,4695,4900,4690,4735,666400,4735
2013-12-20,4740,4760,4670,4735,508500,4735
2013-12-24,4730,4730,4645,4665,336800,4665
2013-12-25,4665,4685,4645,4675,166600,4675
2013-12-26,4695,4760,4675,4755,155600,4755
2013-12-27,4775,4865,4770,4850,247400,4850
2013-12-30,4880,4890,4785,4805,261800,4805
2014-01-06,4830,4910,4790,4815,579600,4815
2014-01-07,4840,4855,4770,4820,586800,4820
2014-01-08,4865,5070,4865,4955,1237200,4955
2014-01-09,5030,5030,4855,4870,550900,4870
2014-01-10,4810,4845,4765,4845,653300,4845
2014-01-14,4865,4900,4785,4890,779700,4890
2014-01-15,4820,4835,4665,4725,929600,4725
2014-01-16,4755,4815,4730,4800,671500,4800
2014-01-17,4760,4775,4725,4745,430100,4745
2014-01-20,4760,4790,4725,4785,345100,4785
2014-01-21,4770,4785,4740,4745,196200,4745
2014-01-22,4760,4785,4725,4765,360100,4765
2014-01-23,4780,4785,4700,4705,216200,4705
2014-01-24,4695,4695,4610,4625,255800,4625
2014-01-27,4565,4640,4530,4560,309800,4560
2014-01-28,4560,4640,4535,4565,276500,4565
2014-01-29,4585,4705,4585,4705,279600,4705
2014-01-30,4650,4655,4580,4635,272200,4635
2014-01-31,4670,4675,4590,4640,336100,4640
2014-02-03,4620,4655,4575,4580,312900,4580
2014-02-04,4405,4500,4355,4445,547200,4445
2014-02-05,4415,4485,4335,4455,445700,4455
2014-02-06,4460,4490,4415,4430,243300,4430
2014-02-07,4490,4505,4420,4470,274700,4470
2014-02-10,4550,4565,4485,4545,198000,4545
2014-02-12,4575,4645,4560,4615,212700,4615
2014-02-13,4630,4650,4580,4600,259300,4600
2014-02-14,4585,4605,4485,4530,234600,4530
2014-02-17,4525,4625,4505,4625,224100,4625
2014-02-18,4615,4680,4585,4675,216900,4675
2014-02-19,4670,4720,4645,4700,225900,4700
2014-02-20,4650,4690,4480,4600,685600,4600
2014-02-21,4670,4680,4595,4655,255700,4655
2014-02-24,4650,4665,4580,4630,391900,4630
2014-02-25,4655,4705,4610,4685,383700,4685
2014-02-26,4565,4615,4535,4550,390000,4550
2014-02-27,4530,4555,4470,4485,323200,4485
2014-02-28,4495,4540,4460,4530,341500,4530
2014-03-03,4525,4575,4465,4560,424400,4560
2014-03-04,4595,4685,4550,4675,536800,4675
2014-03-05,4690,4730,4665,4675,254900,4675
2014-03-06,4710,4710,4635,4645,281500,4645
2014-03-07,4650,4720,4605,4710,406900,4710
2014-03-10,4710,4720,4670,4690,144800,4690
2014-03-11,4710,4710,4625,4670,251300,4670
2014-03-12,4600,4620,4550,4550,314300,4550
2014-03-13,4515,4560,4410,4455,634400,4455
2014-03-14,4370,4455,4365,4380,708800,4380
2014-03-17,4350,4385,4330,4370,307400,4370
2014-03-18,4440,4440,4350,4360,220600,4360
2014-03-19,4315,4390,4310,4350,365600,4350
2014-03-20,4420,4430,4345,4375,371700,4375
2014-03-24,4380,4490,4330,4385,738800,4385
2014-03-25,4315,4325,4250,4280,715800,4280
2014-03-26,4310,4380,4290,4380,568500,4380
2014-03-27,4400,4425,4350,4420,537600,4420
2014-03-28,4400,4505,4375,4505,290400,4505
2014-03-31,4515,4535,4480,4535,328800,4535
2014-04-01,4520,4520,4430,4435,348000,4435
2014-04-02,4445,4475,4400,4425,397700,4425
2014-04-03,4455,4465,4415,4420,301700,4420
2014-04-04,4415,4445,4410,4440,338900,4440
2014-04-07,4405,4485,4395,4455,342600,4455
2014-04-08,4445,4445,4370,4370,277400,4370
2014-04-09,4200,4235,3990,4065,1544000,4065
2014-04-10,4200,4240,4145,4190,1346200,4190
2014-04-11,4220,4220,4140,4155,748400,4155
2014-04-14,4150,4205,4130,4135,533800,4135
2014-04-15,4160,4175,4085,4110,457200,4110
2014-04-16,4150,4175,4120,4165,283300,4165
2014-04-17,4185,4190,4110,4115,396300,4115
2014-04-18,4145,4145,4105,4125,207700,4125
2014-04-21,4125,4170,4115,4155,252800,4155
2014-04-22,4140,4155,4105,4110,269000,4110
2014-04-23,4120,4160,4090,4160,381000,4160
2014-04-24,4155,4175,4130,4140,321700,4140
2014-04-25,4175,4220,4160,4215,337900,4215
2014-04-28,4185,4255,4165,4210,328700,4210
2014-04-30,4255,4275,4220,4245,420100,4245
2014-05-01,4235,4345,4215,4330,363400,4330
2014-05-02,4310,4320,4245,4255,344300,4255
2014-05-07,4210,4225,4180,4210,380100,4210
2014-05-08,4180,4235,4170,4190,280500,4190
2014-05-09,4190,4260,4190,4250,205600,4250
2014-05-12,4265,4320,4230,4245,245400,4245
2014-05-13,4310,4320,4240,4265,147300,4265
2014-05-14,4230,4270,4200,4260,149200,4260
2014-05-15,4190,4235,4180,4235,263600,4235
2014-05-16,4170,4210,4140,4175,416600,4175
2014-05-19,4205,4230,4170,4185,309300,4185
2014-05-20,4230,4250,4185,4225,264500,4225
2014-05-21,4215,4250,4185,4220,322000,4220
2014-05-22,4250,4315,4235,4310,391700,4310
2014-05-23,4335,4345,4310,4340,398300,4340
2014-05-26,4365,4425,4340,4425,278700,4425
2014-05-27,4415,4420,4375,4395,246400,4395
2014-05-28,4385,4400,4360,4390,216500,4390
2014-05-29,4355,4375,4345,4365,274600,4365
2014-05-30,4360,4400,4350,4360,272400,4360
2014-06-02,4410,4435,4390,4405,369200,4405
2014-06-03,4450,4455,4405,4430,290100,4430
2014-06-04,4470,4485,4425,4485,356700,4485
2014-06-05,4495,4500,4445,4460,253400,4460
2014-06-06,4455,4470,4350,4365,466500,4365
2014-06-09,4395,4395,4325,4350,274800,4350
2014-06-10,4370,4380,4335,4345,200100,4345
2014-06-11,4365,4390,4330,4350,294900,4350
2014-06-12,4335,4370,4320,4370,282000,4370
2014-06-13,4310,4360,4300,4345,470200,4345
2014-06-16,4320,4330,4255,4270,193100,4270
2014-06-17,4265,4275,4200,4235,494100,4235
2014-06-18,4250,4255,4220,4240,250400,4240
2014-06-19,4240,4300,4230,4290,533400,4290
2014-06-20,4290,4325,4265,4270,482800,4270
2014-06-23,4295,4310,4265,4310,344300,4310
2014-06-24,4320,4335,4290,4315,270700,4315
2014-06-25,4315,4375,4310,4335,287400,4335
2014-06-26,4340,4350,4330,4340,154400,4340
2014-06-27,4335,4350,4290,4305,303000,4305
2014-06-30,4320,4385,4310,4365,349600,4365
2014-07-01,4380,4405,4365,4380,375400,4380
2014-07-02,4405,4435,4400,4435,250900,4435
2014-07-03,4460,4460,4320,4350,749200,4350
2014-07-04,4280,4370,4280,4350,527600,4350
2014-07-07,4560,4590,4505,4550,1156300,4550
2014-07-08,4545,4590,4500,4550,588900,4550
2014-07-09,4545,4580,4510,4555,476600,4555
2014-07-10,4530,4540,4460,4470,573000,4470
2014-07-11,4470,4530,4465,4520,532000,4520
2014-07-14,4565,4595,4555,4585,334100,4585
2014-07-15,4590,4680,4580,4665,555700,4665
2014-07-16,4655,4660,4585,4590,478900,4590
2014-07-17,4620,4670,4610,4655,427100,4655
2014-07-18,4650,4695,4615,4625,561000,4625
2014-07-22,4660,4685,4610,4670,256800,4670
2014-07-23,4605,4650,4600,4640,303700,4640
2014-07-24,4600,4690,4595,4680,478800,4680
2014-07-25,4685,4685,4620,4670,361100,4670
2014-07-28,4640,4700,4640,4680,200800,4680
2014-07-29,4640,4690,4610,4675,489200,4675
2014-07-30,4605,4645,4560,4625,521400,4625
2014-07-31,4660,4675,4640,4645,278400,4645
2014-08-01,4605,4675,4605,4675,285800,4675
2014-08-04,4675,4735,4670,4715,311100,4715
2014-08-05,4675,4700,4655,4655,208400,4655
2014-08-06,4615,4715,4615,4700,395000,4700
2014-08-07,4670,4730,4655,4705,375600,4705
2014-08-08,4685,4750,4670,4695,406700,4695
2014-08-11,4720,4740,4695,4725,218600,4725
2014-08-12,4740,4765,4720,4745,149600,4745
2014-08-13,4700,4735,4660,4725,332400,4725
2014-08-14,4755,4770,4735,4765,357800,4765
2014-08-15,4770,4805,4750,4775,558100,4775
2014-08-18,4750,4760,4715,4740,248800,4740
2014-08-19,4685,4695,4550,4570,900100,4570
2014-08-20,4570,4610,4560,4570,424100,4570
2014-08-21,4500,4570,4445,4550,989600,4550
2014-08-22,4530,4550,4495,4505,661100,4505
2014-08-25,4545,4550,4500,4510,278400,4510
2014-08-26,4450,4460,4340,4350,791100,4350
2014-08-27,4290,4320,4240,4310,818500,4310
2014-08-28,4335,4345,4305,4345,648700,4345
2014-08-29,4340,4380,4320,4360,682400,4360
2014-09-01,4315,4330,4270,4305,381900,4305
2014-09-02,4295,4315,4275,4300,273500,4300
2014-09-03,4295,4295,4240,4265,357700,4265
2014-09-04,4275,4285,4250,4275,455700,4275
2014-09-05,4275,4275,4220,4220,420200,4220
2014-09-08,4250,4250,4220,4250,233500,4250
2014-09-09,4260,4270,4225,4230,226800,4230
2014-09-10,4240,4330,4240,4320,507100,4320
2014-09-11,4355,4355,4265,4265,256400,4265
2014-09-12,4265,4280,4235,4245,312200,4245
2014-09-16,4265,4315,4250,4300,417400,4300
2014-09-17,4320,4335,4295,4300,202300,4300
2014-09-18,4325,4325,4255,4270,331100,4270
2014-09-19,4290,4310,4270,4285,205400,4285
2014-09-22,4310,4310,4255,4280,233500,4280
2014-09-24,4210,4245,4200,4220,413500,4220
2014-09-25,4220,4270,4215,4250,718000,4250
2014-09-26,4200,4220,4180,4180,527200,4180
2014-09-29,4215,4220,4180,4200,299100,4200
2014-09-30,4180,4220,4160,4185,378700,4185
2014-10-01,4240,4270,4220,4245,481700,4245
2014-10-02,4255,4260,4210,4225,501600,4225
2014-10-03,4250,4250,4190,4215,332200,4215
2014-10-06,4225,4240,4175,4185,341600,4185
2014-10-07,4170,4215,4165,4200,341900,4200
2014-10-08,4145,4160,4120,4120,267100,4120
2014-10-09,4105,4155,3985,4050,1892600,4050
2014-10-10,4000,4125,4000,4095,1104500,4095
2014-10-14,4040,4165,4035,4125,1021200,4125
2014-10-15,4165,4210,4150,4175,973900,4175
2014-10-16,4115,4200,4115,4140,1087400,4140
2014-10-17,4150,4160,4005,4015,655300,4015
2014-10-20,4110,4125,4020,4060,936800,4060
2014-10-21,4090,4115,4000,4015,782000,4015
2014-10-22,4115,4125,4065,4120,581800,4120
2014-10-23,4140,4170,4110,4170,884700,4170
2014-10-24,4205,4215,4175,4190,606800,4190
2014-10-27,4215,4235,4175,4195,444500,4195
2014-10-28,4210,4250,4210,4240,455800,4240
2014-10-29,4265,4310,4250,4300,400000,4300
2014-10-30,4260,4325,4255,4300,677700,4300
2014-10-31,4330,4445,4320,4430,686700,4430
2014-11-04,4495,4500,4300,4335,1263300,4335
2014-11-05,4370,4445,4355,4420,619400,4420
2014-11-06,4440,4440,4350,4380,500100,4380
2014-11-07,4380,4440,4365,4425,418800,4425
2014-11-10,4380,4455,4380,4455,392200,4455
2014-11-11,4480,4500,4455,4470,355500,4470
2014-11-12,4520,4560,4480,4540,637300,4540
2014-11-13,4520,4545,4465,4545,504700,4545
2014-11-14,4580,4605,4555,4605,512600,4605
2014-11-17,4585,4590,4485,4510,370600,4510
2014-11-18,4575,4595,4540,4560,352700,4560
2014-11-19,4525,4545,4385,4410,928500,4410
2014-11-20,4400,4445,4380,4415,604900,4415
2014-11-21,4410,4440,4325,4430,679700,4430
2014-11-25,4455,4455,4340,4390,728300,4390
2014-11-26,4365,4440,4365,4415,464300,4415
2014-11-27,4395,4435,4385,4400,374000,4400
2014-11-28,4360,4410,4350,4380,560300,4380
2014-12-01,4405,4465,4395,4460,323500,4460
2014-12-02,4450,4500,4430,4485,380400,4485
2014-12-03,4505,4515,4450,4490,339400,4490
2014-12-04,4515,4535,4490,4500,323700,4500
2014-12-05,4475,4475,4415,4430,353400,4430
2014-12-08,4460,4545,4435,4530,586000,4530
2014-12-09,4500,4525,4460,4500,408600,4500
2014-12-10,4475,4510,4460,4470,288100,4470
2014-12-11,4400,4460,4400,4460,422300,4460
2014-12-12,4450,4495,4420,4455,381800,4455
2014-12-15,4410,4545,4405,4535,477400,4535
2014-12-16,4445,4465,4390,4410,678500,4410
2014-12-17,4365,4490,4365,4450,581000,4450
2014-12-18,4535,4550,4505,4530,356100,4530
2014-12-19,4600,4665,4570,4580,842200,4580
2014-12-22,4600,4630,4565,4630,382700,4630
2014-12-24,4660,4680,4580,4595,417400,4595
2014-12-25,4600,4610,4545,4560,214900,4560
2014-12-26,4560,4565,4515,4525,180000,4525
2014-12-29,4540,4595,4530,4585,280400,4585
2014-12-30,4585,4595,4530,4550,172900,4550
2015-01-05,4520,4545,4450,4465,465000,4465
2015-01-06,4440,4485,4400,4430,381200,4430
2015-01-07,4435,4575,4430,4540,587700,4540
2015-01-08,4575,4660,4495,4635,719000,4635
2015-01-09,4630,4685,4620,4650,404100,4650
2015-01-13,4580,4605,4545,4585,288600,4585
2015-01-14,4570,4645,4550,4620,345500,4620
2015-01-15,4625,4670,4590,4600,351700,4600
2015-01-16,4530,4590,4525,4585,444700,4585
2015-01-19,4585,4745,4585,4720,636100,4720
2015-01-20,4725,4915,4705,4885,994900,4885
2015-01-21,4890,5120,4870,5050,1241600,5050
2015-01-22,5020,5030,4910,4955,515000,4955
2015-01-23,5000,5020,4925,4960,457800,4960
2015-01-26,4910,4960,4885,4950,171800,4950
2015-01-27,5000,5080,4990,5080,268100,5080
2015-01-28,5040,5160,5020,5160,408400,5160
2015-01-29,5120,5170,5040,5090,395500,5090
2015-01-30,5130,5210,5110,5120,552500,5120
2015-02-02,5050,5110,5010,5030,525800,5030
2015-02-03,5090,5220,5090,5170,465700,5170
2015-02-04,5120,5280,5110,5280,480200,5280
2015-02-05,5290,5400,5230,5320,747000,5320
2015-02-06,5370,5420,5260,5300,500100,5300
2015-02-09,5280,5370,5240,5310,567900,5310
2015-02-10,5320,5360,5180,5220,498500,5220
2015-02-12,5320,5530,5250,5530,659700,5530
2015-02-13,5530,5580,5500,5550,379100,5550
2015-02-16,5550,5600,5490,5550,392300,5550
2015-02-17,5550,5790,5530,5750,692100,5750
2015-02-18,5790,5800,5670,5800,553900,5800
2015-02-19,5760,5800,5660,5690,444900,5690
2015-02-20,5630,5650,5360,5450,1084800,5450
2015-02-23,5460,5510,5420,5480,540100,5480
2015-02-24,5490,5510,5450,5460,328600,5460
2015-02-25,5470,5470,5360,5440,305600,5440
2015-02-26,5420,5450,5390,5420,359600,5420
2015-02-27,5450,5460,5380,5400,591400,5400
2015-03-02,5430,5490,5400,5440,257200,5440
2015-03-03,5480,5530,5440,5490,218700,5490
2015-03-04,5390,5440,5250,5360,480300,5360
2015-03-05,5330,5490,5330,5490,315700,5490
2015-03-06,5390,5400,5280,5370,1470900,5370
2015-03-09,5310,5370,5280,5370,453200,5370
2015-03-10,5320,5410,5300,5300,384700,5300
2015-03-11,5100,5150,4885,4935,2009200,4935
2015-03-12,4905,5010,4900,4995,891000,4995
2015-03-13,4925,4995,4910,4925,960000,4925
2015-03-16,4910,4985,4855,4980,504100,4980
2015-03-17,5000,5030,4995,5010,301200,5010
2015-03-18,5030,5030,4965,4995,361100,4995
2015-03-19,5000,5010,4880,4895,614700,4895
2015-03-20,4900,4935,4850,4870,469200,4870
2015-03-23,4920,4945,4880,4925,405800,4925
2015-03-24,4855,5130,4855,5110,1186600,5110
2015-03-25,5110,5220,5050,5090,928100,5090
2015-03-26,5010,5050,4970,5010,338300,5010
2015-03-27,4980,5110,4960,5050,377600,5050
2015-03-30,5040,5100,4995,5050,323000,5050
2015-03-31,5130,5130,5040,5040,468200,5040
2015-04-01,5090,5090,4915,4940,517700,4940
2015-04-02,5010,5060,4960,5000,276000,5000
2015-04-03,5030,5160,5030,5150,384700,5150
2015-04-06,5100,5170,5040,5160,342100,5160
2015-04-07,5180,5190,5110,5120,279200,5120
2015-04-08,5190,5230,5120,5220,442600,5220
2015-04-09,5370,5520,5330,5490,934000,5490
2015-04-10,5520,5590,5490,5530,642700,5530
2015-04-13,5540,5590,5480,5570,448100,5570
2015-04-14,5560,5600,5520,5580,274300,5580
2015-04-15,5500,5570,5470,5500,361000,5500
2015-04-16,5520,5560,5420,5490,385900,5490
2015-04-17,5430,5430,5300,5300,429100,5300
2015-04-20,5260,5380,5230,5240,335100,5240
2015-04-21,5240,5290,5190,5290,444700,5290
2015-04-22,5300,5330,5250,5300,233400,5300
2015-04-23,5290,5300,5230,5270,326100,5270
2015-04-24,5280,5280,5210,5230,277500,5230
2015-04-27,5270,5330,5230,5300,380900,5300
2015-04-28,5340,5350,5240,5260,288000,5260
2015-04-30,5220,5220,5130,5160,412400,5160
2015-05-01,5110,5140,5050,5110,386300,5110
2015-05-07,5040,5110,4980,5110,555700,5110
2015-05-08,5130,5150,5040,5050,278000,5050
2015-05-11,5120,5130,5050,5070,388000,5070
2015-05-12,5120,5130,5050,5080,319700,5080
2015-05-13,5100,5200,5070,5150,451800,5150
2015-05-14,5150,5190,5080,5100,298800,5100
2015-05-15,5180,5340,5170,5330,537900,5330
2015-05-18,5310,5330,5260,5330,262900,5330
2015-05-19,5350,5360,5300,5330,337800,5330
2015-05-20,5320,5340,5230,5250,579700,5250
2015-05-21,5300,5370,5250,5340,295000,5340
2015-05-22,5340,5360,5280,5350,205800,5350
2015-05-25,5370,5370,5290,5310,223600,5310
2015-05-26,5260,5320,5260,5300,251800,5300
2015-05-27,5320,5320,5200,5250,376100,5250
2015-05-28,5280,5290,5190,5260,344300,5260
2015-05-29,5230,5410,5190,5220,1176600,5220
2015-06-01,5200,5340,5180,5310,391900,5310
2015-06-02,5330,5430,5310,5390,412400,5390
2015-06-03,5400,5500,5350,5410,385800,5410
2015-06-04,5470,5520,5370,5410,441800,5410
2015-06-05,5500,5590,5470,5560,616500,5560
2015-06-08,5610,5640,5470,5470,557300,5470
2015-06-09,5430,5500,5430,5460,584400,5460
2015-06-10,5430,5570,5350,5450,716000,5450
2015-06-11,5450,5520,5440,5490,546900,5490
2015-06-12,5500,5500,5380,5400,519200,5400
2015-06-15,5380,5490,5360,5490,335100,5490
2015-06-16,5490,5520,5440,5470,363200,5470
2015-06-17,5490,5590,5480,5570,553100,5570
2015-06-18,5550,5550,5450,5500,287300,5500
2015-06-19,5520,5540,5480,5510,440400,5510
2015-06-22,5460,5580,5460,5540,386500,5540
2015-06-23,5540,5590,5500,5550,418600,5550
2015-06-24,5550,5670,5530,5630,822000,5630
2015-06-25,5610,5660,5590,5600,436600,5600
2015-06-26,5580,5640,5570,5610,202900,5610
2015-06-29,5470,5580,5450,5500,545400,5500
2015-06-30,5530,5690,5530,5630,726100,5630
2015-07-01,5630,5720,5590,5680,431800,5680
2015-07-02,5680,5750,5680,5690,356200,5690
2015-07-03,5750,5850,5690,5760,773600,5760
2015-07-06,5690,5850,5690,5760,557800,5760
2015-07-07,5840,5990,5800,5980,536500,5980
2015-07-08,5930,5950,5780,5780,530500,5780
2015-07-09,5700,5800,5630,5780,448400,5780
2015-07-10,5790,5800,5630,5690,573300,5690
2015-07-13,5780,5840,5680,5760,345300,5760
2015-07-14,5890,5890,5750,5820,302600,5820
2015-07-15,5860,5940,5850,5900,280400,5900
2015-07-16,5970,5980,5910,5960,324500,5960
2015-07-17,5970,5980,5920,5970,238300,5970
2015-07-21,6000,6080,5970,6030,354300,6030
2015-07-22,6000,6070,5970,6010,311900,6010
2015-07-23,5980,6170,5890,6110,281600,6110
2015-07-24,6050,6050,5900,5950,685000,5950
2015-07-27,5960,6030,5920,5970,443000,5970
2015-07-28,5870,5910,5720,5880,486500,5880
2015-07-29,5900,5970,5840,5960,391500,5960
2015-07-30,5960,6000,5940,5970,412200,5970
2015-07-31,5980,6010,5950,6000,657200,6000
2015-08-03,5950,6040,5950,6010,590300,6010
2015-08-04,6010,6230,5990,6200,686100,6200
2015-08-05,6190,6220,6010,6050,578900,6050
2015-08-06,6110,6140,6040,6060,521800,6060
2015-08-07,6030,6070,5940,6010,710400,6010
2015-08-10,5970,6140,5960,6130,378500,6130
2015-08-11,6090,6100,5990,6000,387600,6000
2015-08-12,5960,6050,5950,6010,520000,6010
2015-08-13,5940,6040,5900,5980,382500,5980
2015-08-14,5980,6050,5930,5970,265600,5970
2015-08-17,6000,6050,5960,6010,228200,6010
2015-08-18,6010,6040,5910,5920,306200,5920
2015-08-19,5880,5890,5800,5840,303400,5840
2015-08-20,5850,5930,5770,5790,280200,5790
2015-08-21,5720,5770,5700,5720,275900,5720
2015-08-24,5680,5770,5510,5510,573000,5510
2015-08-25,5310,5490,5190,5260,722100,5260
2015-08-26,5270,5330,5230,5310,428900,5310
2015-08-27,5310,5460,5280,5430,507700,5430
2015-08-28,5590,5630,5500,5610,714000,5610
2015-08-31,5550,5690,5500,5620,523800,5620
2015-09-01,5640,5680,5430,5440,395400,5440
2015-09-02,5360,5520,5350,5390,464300,5390
2015-09-03,5390,5490,5300,5320,393300,5320
2015-09-04,5300,5310,5140,5170,494700,5170
2015-09-07,5170,5200,5110,5170,202700,5170
2015-09-08,5270,5280,5080,5110,484400,5110
2015-09-09,5290,5410,5180,5400,340600,5400
2015-09-10,5310,5360,5220,5280,464000,5280
2015-09-11,5310,5440,5270,5400,412600,5400
2015-09-14,5520,5630,5470,5570,558500,5570
2015-09-15,5600,5660,5540,5580,347100,5580
2015-09-16,5600,5610,5360,5420,697900,5420
2015-09-17,5480,5480,5380,5450,262100,5450
2015-09-18,5350,5400,5280,5300,485200,5300
2015-09-24,5290,5450,5270,5340,305600,5340
2015-09-25,5320,5420,5270,5400,301100,5400
2015-09-28,5390,5470,5330,5450,296100,5450
2015-09-29,5450,5450,5260,5300,495800,5300
2015-09-30,5470,5530,5410,5450,523000,5450
2015-10-01,5460,5550,5410,5500,374100,5500
2015-10-02,5410,5560,5390,5400,427100,5400
2015-10-05,5450,5470,5300,5320,474100,5320
2015-10-06,5370,5380,5170,5190,960200,5190
2015-10-07,5290,5450,5220,5430,645600,5430
2015-10-08,5530,5540,5180,5220,739400,5220
2015-10-09,5220,5410,5200,5370,502000,5370
2015-10-13,5350,5440,5280,5300,353200,5300
2015-10-14,5220,5280,5200,5250,436800,5250
2015-10-15,5210,5340,5210,5300,382300,5300
2015-10-16,5140,5170,4985,5030,1568400,5030
2015-10-19,5030,5060,4985,5020,1018600,5020
2015-10-20,5030,5050,4980,5020,624900,5020
2015-10-21,4995,5080,4930,5060,693100,5060
2015-10-22,4995,5030,4985,5010,563100,5010
2015-10-23,5080,5100,5000,5010,516100,5010
2015-10-26,5020,5020,4905,4945,847100,4945
2015-10-27,4980,5030,4950,4990,366200,4990
2015-10-28,4990,5010,4930,4950,453600,4950
2015-10-29,4975,4975,4930,4965,935000,4965
2015-10-30,4955,4995,4935,4965,494100,4965
2015-11-02,4940,4950,4870,4885,384700,4885
2015-11-04,4995,5060,4950,4990,552300,4990
2015-11-05,4980,5090,4975,5050,396000,5050
2015-11-06,5080,5130,5040,5110,376200,5110
2015-11-09,5120,5180,5120,5140,342000,5140
2015-11-10,5110,5210,5110,5180,302500,5180
2015-11-11,5210,5360,5200,5340,529200,5340
2015-11-12,5330,5400,5330,5360,351000,5360
2015-11-13,5320,5350,5250,5310,422300,5310
2015-11-16,5210,5290,5200,5240,270200,5240
2015-11-17,5290,5310,5190,5250,431300,5250
2015-11-18,5330,5400,5310,5320,311700,5320
2015-11-19,5390,5440,5360,5380,258500,5380
2015-11-20,5370,5430,5360,5430,233700,5430
2015-11-24,5470,5490,5440,5480,492200,5480
2015-11-25,5500,5500,5430,5450,330200,5450
2015-11-26,5470,5520,5430,5480,168500,5480
2015-11-27,5520,5530,5430,5470,323300,5470
2015-11-30,5520,5530,5450,5490,717200,5490
2015-12-01,5510,5610,5470,5580,534400,5580
2015-12-02,5570,5710,5540,5630,650400,5630
2015-12-03,5680,5690,5580,5620,440500,5620
2015-12-04,5550,5570,5470,5510,524900,5510
2015-12-07,5600,5680,5590,5610,297100,5610
2015-12-08,5680,5700,5590,5610,454100,5610
2015-12-09,5640,5690,5580,5600,585300,5600
2015-12-10,5540,5640,5510,5600,399000,5600
2015-12-11,5670,5670,5630,5650,520300,5650
2015-12-14,5570,5750,5550,5690,711400,5690
2015-12-15,5700,5780,5600,5610,578300,5610
2015-12-16,5710,5760,5610,5740,428200,5740
2015-12-17,5840,5890,5780,5870,470800,5870
2015-12-18,5860,5940,5750,5750,504900,5750
2015-12-21,5730,5860,5690,5790,404900,5790
2015-12-22,5730,5750,5690,5730,363500,5730
2015-12-24,5770,5790,5580,5610,310900,5610
2015-12-25,5640,5700,5610,5630,203000,5630
2015-12-28,5660,5660,5500,5590,311900,5590
2015-12-29,5550,5690,5530,5630,476500,5630
2015-12-30,5610,5690,5590,5640,498600,5640
2016-01-04,5630,5690,5470,5510,544100,5510
2016-01-05,5540,5730,5510,5700,882800,5700
2016-01-06,5700,5800,5670,5710,575800,5710
2016-01-07,5770,5790,5630,5690,822400,5690
2016-01-08,5640,5690,5460,5500,673000,5500
2016-01-12,5430,5560,5410,5460,736500,5460
2016-01-13,5480,5550,5330,5530,782300,5530
2016-01-14,5430,5500,5360,5430,498200,5430
2016-01-15,5480,5570,5440,5470,580500,5470
2016-01-18,5380,5410,5340,5360,357700,5360
2016-01-19,5330,5420,5310,5370,397300,5370
2016-01-20,5390,5410,5170,5180,553900,5180
2016-01-21,5140,5230,5020,5020,378900,5020
2016-01-22,5180,5330,5130,5310,410000,5310
2016-01-25,5360,5470,5310,5420,324400,5420
2016-01-26,5410,5450,5330,5380,444700,5380
2016-01-27,5490,5500,5350,5410,384600,5410
2016-01-28,5440,5530,5400,5480,346800,5480
2016-01-29,5540,5640,5450,5600,493500,5600
2016-02-01,5600,5750,5580,5720,365900,5720
2016-02-02,5670,5850,5670,5840,371500,5840
2016-02-03,5720,5890,5690,5820,702400,5820
2016-02-04,5720,5750,5470,5550,891100,5550
2016-02-05,5850,5980,5780,5910,1558100,5910
2016-02-08,5880,6160,5820,6120,1022600,6120
2016-02-09,6020,6140,6010,6070,1255500,6070
2016-02-10,6070,6100,5620,5740,1169900,5740
2016-02-12,5750,5750,5490,5620,1336600,5620
2016-02-15,5820,5920,5710,5880,661600,5880
2016-02-16,5830,5850,5710,5720,774900,5720
2016-02-17,5630,5730,5530,5730,975700,5730
2016-02-18,5830,5830,5670,5710,550700,5710
2016-02-19,5640,5660,5490,5610,701600,5610
2016-02-22,5600,5640,5520,5560,685100,5560
2016-02-23,5660,5670,5440,5520,623200,5520
2016-02-24,5540,5660,5520,5600,697500,5600
2016-02-25,5550,5600,5430,5530,725100,5530
2016-02-26,5550,5650,5520,5550,707100,5550
2016-02-29,5640,5650,5350,5420,856900,5420
2016-03-01,5430,5510,5390,5460,821600,5460
2016-03-02,5530,5540,5410,5520,815200,5520
2016-03-03,5550,5580,5480,5570,677500,5570
2016-03-04,5610,5650,5540,5600,573000,5600
2016-03-07,5550,5560,5430,5460,699400,5460
2016-03-08,5500,5560,5480,5540,876300,5540
2016-03-09,5590,5670,5570,5610,901900,5610
2016-03-10,5660,5720,5620,5700,662300,5700
2016-03-11,5660,5740,5640,5720,564500,5720
2016-03-14,5720,5790,5680,5770,444300,5770
2016-03-15,5740,5860,5740,5790,535600,5790
2016-03-16,5760,5800,5700,5740,414500,5740
2016-03-17,5750,5800,5720,5770,465500,5770
2016-03-18,5730,5770,5650,5730,496700,5730
2016-03-22,5730,5770,5670,5760,655800,5760
2016-03-23,5800,5880,5760,5770,462700,5770
2016-03-24,5800,5880,5790,5850,700700,5850
2016-03-25,5880,5930,5800,5830,375700,5830
2016-03-28,5870,5910,5850,5900,480400,5900
2016-03-29,5920,5970,5870,5970,580000,5970
2016-03-30,5950,6020,5910,5970,606200,5970
2016-03-31,5980,5990,5830,5850,630700,5850
2016-04-01,5850,5870,5680,5700,575200,5700
2016-04-04,5660,5770,5640,5710,442500,5710
2016-04-05,5680,5770,5600,5610,693300,5610
2016-04-06,5600,5700,5520,5680,799400,5680
2016-04-07,5650,5700,5440,5640,1266100,5640
2016-04-08,5540,5750,5540,5710,841300,5710
2016-04-11,5700,5980,5670,5940,903000,5940
2016-04-12,5880,5960,5830,5930,630500,5930
2016-04-13,5950,6150,5950,6020,743400,6020
2016-04-14,6060,6160,6030,6160,749200,6160
2016-04-15,6030,6100,5940,5950,578800,5950
2016-04-18,5870,6010,5850,5940,568500,5940
2016-04-19,6020,6080,5990,6020,508200,6020
2016-04-20,6010,6050,5980,6010,479700,6010
2016-04-21,6070,6090,5930,5960,688800,5960
2016-04-22,5960,5980,5840,5880,722700,5880
2016-04-25,5910,5930,5860,5910,584000,5910
2016-04-26,5920,6030,5910,5970,536100,5970
2016-04-27,5970,5990,5890,5960,574700,5960
2016-04-28,5960,5980,5770,5790,645500,5790
2016-05-02,5690,5780,5680,5760,517300,5760
2016-05-06,5720,5820,5720,5780,615200,5780
2016-05-09,5830,5930,5830,5890,488400,5890
2016-05-10,5890,6020,5890,5950,619700,5950
2016-05-11,5990,6020,5900,5940,386100,5940
2016-05-12,5930,5990,5880,5960,787100,5960
2016-05-13,6000,6080,5980,6030,705400,6030
2016-05-16,6010,6070,5950,5970,407500,5970
2016-05-17,5950,6030,5910,5950,1003200,5950
2016-05-18,5960,5970,5860,5950,584300,5950
2016-05-19,5950,5950,5830,5900,502200,5900
2016-05-20,5920,5970,5890,5930,413500,5930
2016-05-23,5950,5950,5860,5890,593700,5890
2016-05-24,5900,5910,5770,5790,745800,5790
2016-05-25,5800,5820,5610,5720,759800,5720
2016-05-26,5800,5800,5690,5760,355300,5760
2016-05-27,5800,5810,5640,5710,972900,5710
2016-05-30,5810,5890,5730,5790,480900,5790
2016-05-31,5780,5860,5750,5820,1196600,5820
2016-06-01,5810,5880,5800,5860,501200,5860
2016-06-02,5840,5890,5790,5810,410000,5810
2016-06-03,5860,6030,5850,6030,530800,6030
2016-06-06,5960,5990,5940,5980,363600,5980
2016-06-07,5980,6040,5970,6000,339200,6000
2016-06-08,6050,6130,6030,6130,412700,6130
2016-06-09,6060,6120,6050,6070,561000,6070
2016-06-10,6090,6090,5960,6010,404300,6010
2016-06-13,5960,5990,5860,5880,319200,5880
2016-06-14,5880,5920,5780,5840,344200,5840
2016-06-15,5850,5890,5730,5800,439800,5800
2016-06-16,5780,5780,5610,5630,692800,5630
2016-06-17,5680,5730,5610,5690,1188900,5690
2016-06-20,5750,5790,5690,5770,503700,5770
2016-06-21,5750,5820,5640,5800,500600,5800
2016-06-22,5830,6220,5820,6150,1815600,6150
2016-06-23,6130,6260,6070,6240,979800,6240
2016-06-24,6250,6360,5940,6050,952700,6050
2016-06-27,6110,6260,6030,6250,668300,6250
2016-06-28,6290,6570,6280,6440,961500,6440
2016-06-29,6360,6380,6120,6240,816000,6240
2016-06-30,6220,6290,6200,6250,643900,6250
2016-07-01,6340,6410,6290,6360,572600,6360
2016-07-04,6350,6510,6310,6470,583400,6470
2016-07-05,6430,6560,6410,6530,642600,6530
2016-07-06,6480,6530,6370,6470,615900,6470
2016-07-07,6370,6410,6200,6360,808100,6360
2016-07-08,6340,6340,6170,6200,776600,6200
2016-07-11,6100,6330,6100,6270,721100,6270
2016-07-12,6250,6260,6060,6090,996300,6090
2016-07-13,6120,6210,6040,6130,1008000,6130
2016-07-14,6120,6250,6090,6250,742500,6250
2016-07-15,6180,6190,6070,6090,858600,6090
2016-07-19,6120,6170,6030,6160,583700,6160
2016-07-20,6060,6110,6040,6090,608700,6090
2016-07-21,6190,6190,6050,6080,593000,6080
2016-07-22,6030,6070,5940,5980,426100,5980
2016-07-25,5980,6000,5870,5940,686700,5940
2016-07-26,5970,6060,5930,6030,678600,6030
2016-07-27,6050,6090,6010,6030,777800,6030
2016-07-28,6030,6040,5920,5990,580900,5990
2016-07-29,6000,6070,5930,6060,720000,6060
2016-08-01,6060,6370,6030,6330,1003600,6330
2016-08-02,6340,6640,6330,6380,1396900,6380
2016-08-03,7230,7380,7030,7080,6712100,7080
2016-08-04,7010,7170,6920,7090,2937500,7090
2016-08-05,6980,7050,6910,6960,2201000,6960
2016-08-08,6910,7160,6870,7080,1517400,7080
2016-08-09,7080,7490,7080,7450,2023300,7450
2016-08-10,7390,7680,7320,7430,2384200,7430
2016-08-12,7470,7930,7470,7890,2509000,7890
2016-08-15,7740,7830,7630,7660,2147000,7660
2016-08-16,7580,7740,7540,7630,1711100,7630
2016-08-17,7610,7810,7580,7740,1553400,7740
2016-08-18,7600,7690,7470,7550,2016200,7550
2016-08-19,7490,7510,7300,7370,2603200,7370
2016-08-22,7450,7720,7450,7660,2613700,7660
2016-08-23,7740,8000,7740,7990,3117200,7990
2016-08-24,7880,8240,7880,7950,4323300,7950
2016-08-25,8100,8110,7730,7910,3187200,7910
2016-08-26,7910,8240,7660,7800,20098000,7800
2016-08-29,7760,7920,7390,7420,4323100,7420
2016-08-30,7440,7550,7210,7490,2006200,7490
2016-08-31,7470,7610,7300,7410,1376500,7410
2016-09-01,7320,7420,7300,7410,1146000,7410
2016-09-02,7400,7420,7190,7220,1908600,7220
2016-09-05,7130,7200,7100,7180,1299100,7180
2016-09-06,7030,7130,6970,7090,2116400,7090
2016-09-07,7060,7120,6970,7000,1763600,7000
2016-09-08,7040,7050,6940,6990,1108700,6990
2016-09-09,6930,6960,6780,6800,2600200,6800
2016-09-12,6730,6930,6720,6760,1600400,6760
2016-09-13,6780,6860,6760,6800,884700,6800
2016-09-14,6730,6820,6700,6720,1317900,6720
2016-09-15,6680,6790,6640,6710,1872700,6710
2016-09-16,6660,6740,6650,6680,1197700,6680
2016-09-20,6630,6840,6610,6780,1297200,6780
2016-09-21,6790,6860,6710,6840,1430000,6840
2016-09-23,6840,6890,6740,6750,1049000,6750
2016-09-26,6790,6880,6770,6830,1211000,6830
2016-09-27,6710,6790,6710,6720,1132800,6720
2016-09-28,6630,6720,6470,6680,1103000,6680
2016-09-29,6650,6760,6580,6730,872500,6730
2016-09-30,6740,6750,6650,6740,1101500,6740
2016-10-03,6740,6920,6720,6880,974900,6880
2016-10-04,6910,6920,6640,6670,1317300,6670
2016-10-05,6670,6750,6620,6710,769500,6710
2016-10-06,6720,6730,6600,6650,732400,6650
2016-10-07,6620,6660,6480,6490,873800,6490
2016-10-11,6550,6660,6510,6560,951000,6560
2016-10-12,6400,6510,6330,6430,1256900,6430
2016-10-13,6460,6520,6430,6460,610900,6460
2016-10-14,6380,6430,6280,6380,1350800,6380
2016-10-17,6360,6450,6330,6340,703500,6340
2016-10-18,6210,6330,6180,6320,1005100,6320
2016-10-19,6360,6430,6350,6400,589200,6400
2016-10-20,6350,6480,6350,6450,872600,6450
2016-10-21,6520,6520,6380,6430,634500,6430
2016-10-24,6500,6540,6460,6500,587700,6500
2016-10-25,6520,6620,6510,6590,762000,6590
2016-10-26,6590,6620,6520,6550,545400,6550
2016-10-27,6560,6650,6540,6580,642600,6580
2016-10-28,6630,6700,6590,6610,666900,6610
2016-10-31,6570,6640,6520,6580,547100,6580
2016-11-01,6580,6650,6580,6620,451000,6620
2016-11-02,6610,6650,6510,6540,583600,6540
2016-11-04,6580,6730,6580,6700,898400,6700
2016-11-07,6720,6740,6620,6700,835100,6700
2016-11-08,6710,6740,6580,6600,653800,6600
2016-11-09,6630,6720,6360,6370,1217600,6370
2016-11-10,6570,6690,6450,6670,834500,6670
2016-11-11,6810,6820,6560,6590,1263900,6590
2016-11-14,6630,6880,6620,6850,987500,6850
2016-11-15,6900,6900,6740,6770,637200,6770
2016-11-16,6750,6820,6660,6770,772900,6770
2016-11-17,6740,6840,6720,6770,649100,6770
2016-11-18,6690,6770,6640,6730,1029200,6730
2016-11-21,6890,7130,6870,7050,1490200,7050
2016-11-22,7000,7080,6960,7050,838800,7050
2016-11-24,7060,7280,7050,7260,979300,7260
2016-11-25,7320,7350,7210,7270,989000,7270
2016-11-28,7240,7360,7230,7310,656300,7310
2016-11-29,7300,7350,7250,7280,727700,7280
2016-11-30,7240,7270,7130,7150,1999500,7150
2016-12-01,7150,7240,7090,7150,1081400,7150
2016-12-02,7110,7180,7100,7160,610400,7160
2016-12-05,7190,7210,7120,7180,558400,7180
2016-12-06,7120,7170,7090,7150,719600,7150
2016-12-07,7140,7170,7050,7070,704500,7070
2016-12-08,7110,7230,7090,7230,969100,7230
2016-12-09,7330,7340,7140,7160,1625600,7160
2016-12-12,7260,7350,7190,7320,783500,7320
2016-12-13,7270,7430,7250,7420,860300,7420
2016-12-14,7420,7520,7420,7450,795400,7450
2016-12-15,7440,7590,7440,7540,734200,7540
2016-12-16,7530,7620,7510,7600,855300,7600
2016-12-19,7640,7660,7580,7620,492500,7620
2016-12-20,7600,7750,7560,7720,621200,7720
2016-12-21,7780,7880,7740,7780,677600,7780
2016-12-22,7810,7860,7770,7820,493100,7820
2016-12-26,7900,7940,7820,7910,381700,7910
2016-12-27,7890,7900,7810,7830,507500,7830
2016-12-28,7860,7880,7810,7840,378800,7840
2016-12-29,7780,7850,7720,7730,613000,7730
2016-12-30,7680,7850,7680,7780,554200,7780
2017-01-04,7810,7930,7760,7900,826500,7900
