Date,Open,High,Low,Close,Volume,Adj Close
2008-10-20,708,726,681,720,3771000,720
2008-10-21,750,778,735,742,2678000,742
2008-10-22,743,749,729,729,3502000,729
2008-10-23,720,760,678,742,5807000,742
2008-10-24,722,760,678,688,3894000,688
2008-10-27,687,707,642,645,4972000,645
2008-10-28,635,694,630,694,4340000,694
2008-10-29,731,773,712,755,3697000,755
2008-10-30,785,821,765,818,3252000,818
2008-10-31,778,796,743,743,3325000,743
2008-11-04,783,792,761,773,2784000,773
2008-11-05,790,799,758,787,2926000,787
2008-11-06,767,778,746,747,2556000,747
2008-11-07,731,758,701,731,2703000,731
2008-11-10,761,778,758,778,1353000,778
2008-11-11,768,781,734,763,1430000,763
2008-11-12,758,769,748,756,1655000,756
2008-11-13,721,756,706,734,3085000,734
2008-11-14,744,761,734,750,2795000,750
2008-11-17,730,765,719,732,2062000,732
2008-11-18,716,738,710,714,3288000,714
2008-11-19,715,725,691,721,2926000,721
2008-11-20,695,707,680,683,2037000,683
2008-11-21,660,685,643,675,2439000,675
2008-11-25,715,715,676,699,1607000,699
2008-11-26,691,694,667,676,1730000,676
2008-11-27,687,690,658,681,2264000,681
2008-11-28,683,694,669,686,1812000,686
2008-12-01,685,692,673,689,1184000,689
2008-12-02,639,661,638,639,1846000,639
2008-12-03,642,681,642,676,2077000,676
2008-12-04,681,697,677,680,2757000,680
2008-12-05,691,720,686,695,2347000,695
2008-12-08,699,730,697,724,2593000,724
2008-12-09,724,735,691,711,2114000,711
2008-12-10,711,724,702,718,1278000,718
2008-12-11,707,716,698,716,1407000,716
2008-12-12,686,706,657,681,4050000,681
2008-12-15,701,725,698,723,1697000,723
2008-12-16,705,709,691,702,1785000,702
2008-12-17,712,716,695,702,1929000,702
2008-12-18,703,717,697,703,2427000,703
2008-12-19,699,709,691,701,1442000,701
2008-12-22,691,694,681,687,1467000,687
2008-12-24,681,681,662,670,1446000,670
2008-12-25,661,662,632,652,1924000,652
2008-12-26,662,664,648,660,754000,660
2008-12-29,663,694,661,683,1683000,683
2008-12-30,674,680,665,674,1365000,674
2009-01-05,684,684,658,666,1296000,666
2009-01-06,672,672,643,646,1955000,646
2009-01-07,645,651,643,648,1475000,648
2009-01-08,644,663,642,649,2890000,649
2009-01-09,650,661,649,657,1605000,657
2009-01-13,637,651,630,651,2265000,651
2009-01-14,641,646,631,643,2172000,643
2009-01-15,623,632,616,632,3278000,632
2009-01-16,632,657,624,651,2318000,651
2009-01-19,652,659,643,657,2911000,657
2009-01-20,630,653,619,627,2892000,627
2009-01-21,614,621,605,618,3688000,618
2009-01-22,622,640,611,640,2168000,640
2009-01-23,628,629,615,620,1321000,620
2009-01-26,610,620,607,610,1842000,610
2009-01-27,609,626,605,618,2272000,618
2009-01-28,608,610,598,599,2759000,599
2009-01-29,604,611,597,600,3809000,600
2009-01-30,597,614,591,614,2535000,614
2009-02-02,602,624,600,624,2341000,624
2009-02-03,625,628,609,612,1864000,612
2009-02-04,616,622,612,614,1630000,614
2009-02-05,615,615,590,596,2579000,596
2009-02-06,601,608,585,588,2879000,588
2009-02-09,608,608,587,588,2154000,588
2009-02-10,601,609,595,600,2188000,600
2009-02-12,595,598,582,585,2723000,585
2009-02-13,590,594,576,576,2595000,576
2009-02-16,577,581,562,579,2473000,579
2009-02-17,577,579,566,571,2160000,571
2009-02-18,565,570,559,564,1599000,564
2009-02-19,571,577,563,564,2370000,564
2009-02-20,567,570,551,555,2302000,555
2009-02-23,545,547,528,539,2006000,539
2009-02-24,528,528,508,520,1836000,520
2009-02-25,530,530,497,504,4038000,504
2009-02-26,507,513,502,508,3071000,508
2009-02-27,495,512,490,510,3025000,510
2009-03-02,495,507,493,503,1952000,503
2009-03-03,483,507,473,495,3130000,495
2009-03-04,487,509,484,504,2593000,504
2009-03-05,514,539,508,532,3176000,532
2009-03-06,513,522,496,511,2116000,511
2009-03-09,516,525,502,508,1557000,508
2009-03-10,509,516,507,508,1801000,508
2009-03-11,527,539,514,529,3150000,529
2009-03-12,510,515,492,495,3958000,495
2009-03-13,508,523,499,517,7235000,517
2009-03-16,526,557,526,553,2591000,553
2009-03-17,557,578,542,571,2720000,571
2009-03-18,581,583,559,572,2309000,572
2009-03-19,582,582,564,577,1544000,577
2009-03-23,577,606,571,600,2589000,600
2009-03-24,625,630,613,628,3481000,628
2009-03-25,630,632,616,627,1711000,627
2009-03-26,637,640,617,638,1656000,638
2009-03-27,642,650,616,620,2923000,620
2009-03-30,610,623,579,583,3143000,583
2009-03-31,584,610,561,565,3007000,565
2009-04-01,577,600,564,600,2087000,600
2009-04-02,611,627,598,623,1536000,623
2009-04-03,623,625,602,613,1258000,613
2009-04-06,631,634,612,619,1566000,619
2009-04-07,620,630,613,625,1288000,625
2009-04-08,615,627,607,615,1171000,615
2009-04-09,625,663,623,658,2493000,658
2009-04-10,668,668,620,644,1939000,644
2009-04-13,664,682,655,665,4031000,665
2009-04-14,679,688,665,673,4074000,673
2009-04-15,655,677,652,667,1502000,667
2009-04-16,690,715,686,700,3911000,700
2009-04-17,705,710,673,680,3279000,680
2009-04-20,676,689,669,676,1460000,676
2009-04-21,650,689,646,683,2419000,683
2009-04-22,683,688,672,682,1546000,682
2009-04-23,683,683,659,676,1900000,676
2009-04-24,646,660,634,641,3332000,641
2009-04-27,646,650,622,634,1202000,634
2009-04-28,632,646,628,629,1684000,629
2009-04-30,639,647,607,613,3927000,613
2009-05-01,621,630,614,626,1619000,626
2009-05-07,656,657,640,648,1216000,648
2009-05-08,650,656,634,645,2764000,645
2009-05-11,639,647,633,642,2899000,642
2009-05-12,632,649,632,637,2515000,637
2009-05-13,632,635,620,629,2440000,629
2009-05-14,620,622,607,612,1289000,612
2009-05-15,615,627,615,624,1874000,624
2009-05-18,614,614,600,606,1745000,606
2009-05-19,624,624,603,604,1554000,604
2009-05-20,600,612,593,595,2991000,595
2009-05-21,580,583,566,572,3728000,572
2009-05-22,572,586,570,586,2351000,586
2009-05-25,583,601,583,596,1689000,596
2009-05-26,606,606,588,606,1280000,606
2009-05-27,616,616,601,607,1931000,607
2009-05-28,605,609,600,600,1290000,600
2009-05-29,601,605,593,600,1556000,600
2009-06-01,601,617,596,610,1770000,610
2009-06-02,614,618,605,612,1832000,612
2009-06-03,612,616,605,610,1275000,610
2009-06-04,611,614,605,614,1074000,614
2009-06-05,616,616,605,609,1794000,609
2009-06-08,619,622,612,621,1389000,621
2009-06-09,620,620,608,620,1983000,620
2009-06-10,630,643,625,641,1982000,641
2009-06-11,651,657,640,640,2619000,640
2009-06-12,660,694,656,690,6980000,690
2009-06-15,680,704,680,700,2469000,700
2009-06-16,690,698,671,673,1273000,673
2009-06-17,682,687,673,676,1602000,676
2009-06-18,680,688,675,682,2235000,682
2009-06-19,702,721,699,708,3296000,708
2009-06-22,714,727,701,727,2511000,727
2009-06-23,714,727,704,720,4474000,720
2009-06-24,721,721,705,710,3181000,710
2009-06-25,711,725,706,718,3111000,718
2009-06-26,724,724,709,719,3433000,719
2009-06-29,715,775,710,751,6558000,751
2009-06-30,758,770,753,761,1935000,761
2009-07-01,760,782,757,771,2885000,771
2009-07-02,770,775,760,760,2103000,760
2009-07-03,741,750,730,741,2006000,741
2009-07-06,736,743,727,733,1273000,733
2009-07-07,743,744,734,738,1595000,738
2009-07-08,736,739,715,719,1844000,719
2009-07-09,710,724,693,698,1661000,698
2009-07-10,708,726,698,717,2508000,717
2009-07-13,717,722,689,691,1753000,691
2009-07-14,711,711,688,694,1779000,694
2009-07-15,699,702,690,696,1306000,696
2009-07-16,706,706,677,681,1302000,681
2009-07-17,690,698,686,690,902000,690
2009-07-21,701,712,699,710,1230000,710
2009-07-22,706,724,702,716,980000,716
2009-07-23,713,722,706,710,1056000,710
2009-07-24,723,724,714,719,1020000,719
2009-07-27,729,751,727,738,1086000,738
2009-07-28,748,755,739,753,1235000,753
2009-07-29,757,766,752,758,1266000,758
2009-07-30,757,765,747,763,977000,763
2009-07-31,775,782,770,780,1305000,780
2009-08-03,786,789,774,776,555000,776
2009-08-04,777,790,774,789,1007000,789
2009-08-05,793,794,773,773,868000,773
2009-08-06,763,776,761,767,837000,767
2009-08-07,764,773,758,768,845000,768
2009-08-10,777,793,773,788,1031000,788
2009-08-11,785,794,776,793,981000,793
2009-08-12,787,792,777,780,962000,780
2009-08-13,781,781,758,760,1302000,760
2009-08-14,765,781,758,770,2084000,770
2009-08-17,759,760,738,742,1503000,742
2009-08-18,735,748,730,739,1191000,739
2009-08-19,740,746,730,733,1255000,733
2009-08-20,727,754,720,749,1982000,749
2009-08-21,741,748,731,747,2028000,747
2009-08-24,763,779,761,767,1478000,767
2009-08-25,772,783,768,776,2101000,776
2009-08-26,778,791,768,786,1460000,786
2009-08-27,776,780,765,774,1002000,774
2009-08-28,778,779,764,773,651000,773
2009-08-31,788,805,768,780,2547000,780
2009-09-01,790,811,779,808,2167000,808
2009-09-02,785,791,775,782,1188000,782
2009-09-03,777,789,769,782,1159000,782
2009-09-04,783,783,752,758,1262000,758
2009-09-07,762,768,747,751,1107000,751
2009-09-08,748,749,735,744,1425000,744
2009-09-09,741,751,740,747,1804000,747
2009-09-10,757,771,750,764,1055000,764
2009-09-11,766,768,750,767,3543000,767
2009-09-14,761,761,738,748,860000,748
2009-09-15,758,760,744,750,746000,750
2009-09-16,757,757,737,739,948000,739
2009-09-17,749,759,738,747,1081000,747
2009-09-18,740,744,728,734,1625000,734
2009-09-24,735,750,731,743,1490000,743
2009-09-25,733,735,717,728,1095000,728
2009-09-28,729,734,720,729,1462000,729
2009-09-29,730,732,717,722,948000,722
2009-09-30,728,737,711,718,1807000,718
2009-10-01,710,721,702,711,1629000,711
2009-10-02,671,693,671,683,2242000,683
2009-10-05,679,697,679,687,1425000,687
2009-10-06,697,697,661,669,1788000,669
2009-10-07,679,695,672,677,2382000,677
2009-10-08,667,670,656,666,1354000,666
2009-10-09,667,673,650,668,2459000,668
2009-10-13,674,678,666,671,942000,671
2009-10-14,680,685,667,672,1871000,672
2009-10-15,686,689,675,682,1082000,682
2009-10-16,672,684,672,678,1432000,678
2009-10-19,678,686,669,673,1191000,673
2009-10-20,678,682,673,679,1192000,679
2009-10-21,674,677,667,671,996000,671
2009-10-22,662,666,653,666,1137000,666
2009-10-23,656,660,650,651,1834000,651
2009-10-26,650,657,639,654,1414000,654
2009-10-27,650,651,637,645,1462000,645
2009-10-28,640,645,636,639,2102000,639
2009-10-29,626,632,620,623,1730000,623
2009-10-30,605,627,605,620,3497000,620
2009-11-02,602,616,602,611,3619000,611
2009-11-04,613,613,601,609,1897000,609
2009-11-05,603,606,595,598,1479000,598
2009-11-06,605,606,588,590,1939000,590
2009-11-09,599,600,588,591,1500000,591
2009-11-10,592,603,591,595,1630000,595
2009-11-11,597,599,573,578,2145000,578
2009-11-12,581,585,573,575,1421000,575
2009-11-13,572,582,572,582,1395000,582
2009-11-16,577,586,568,581,1639000,581
2009-11-17,582,584,563,564,1787000,564
2009-11-18,590,593,563,568,3521000,568
2009-11-19,563,563,541,549,3085000,549
2009-11-20,541,557,541,557,1693000,557
2009-11-24,563,573,552,556,1563000,556
2009-11-25,555,557,543,546,1066000,546
2009-11-26,546,555,542,552,854000,552
2009-11-27,544,550,537,540,1585000,540
2009-11-30,543,556,537,555,1457000,555
2009-12-01,552,579,546,578,2170000,578
2009-12-02,578,578,564,570,1883000,570
2009-12-03,578,599,573,599,2445000,599
2009-12-04,597,601,586,597,1841000,597
2009-12-07,600,607,592,595,1695000,595
2009-12-08,596,602,588,594,1837000,594
2009-12-09,595,595,579,579,1132000,579
2009-12-10,581,598,581,587,1927000,587
2009-12-11,594,596,581,587,3548000,587
2009-12-14,589,595,567,575,1157000,575
2009-12-15,572,574,566,570,791000,570
2009-12-16,560,579,557,568,1893000,568
2009-12-17,568,574,564,572,1181000,572
2009-12-18,563,566,553,560,2305000,560
2009-12-21,577,581,568,572,1819000,572
2009-12-22,572,581,565,581,1163000,581
2009-12-24,582,588,575,585,1620000,585
2009-12-25,590,591,584,589,872000,589
2009-12-28,590,603,590,602,1184000,602
2009-12-29,603,613,595,601,1699000,601
2009-12-30,601,605,587,592,1284000,592
2010-01-04,594,609,592,606,1136000,606
2010-01-05,616,631,613,620,1910000,620
2010-01-06,626,635,623,631,1095000,631
2010-01-07,624,638,624,627,1142000,627
2010-01-08,638,646,630,644,2579000,644
2010-01-12,646,648,636,637,1379000,637
2010-01-13,642,652,638,640,1344000,640
2010-01-14,649,652,641,646,1148000,646
2010-01-15,676,685,672,684,3516000,684
2010-01-18,710,718,690,718,5761000,718
2010-01-19,708,710,691,693,2356000,693
2010-01-20,693,699,683,687,1269000,687
2010-01-21,686,697,683,695,1955000,695
2010-01-22,675,680,666,672,2135000,672
2010-01-25,658,687,658,685,1493000,685
2010-01-26,675,682,668,669,1090000,669
2010-01-27,670,674,661,662,1708000,662
2010-01-28,669,673,657,670,986000,670
2010-01-29,663,671,655,660,1293000,660
2010-02-01,661,664,653,663,1418000,663
2010-02-02,660,678,655,676,1641000,676
2010-02-03,680,708,678,701,2102000,701
2010-02-04,707,718,698,706,1599000,706
2010-02-05,698,700,686,693,2199000,693
2010-02-08,693,693,681,685,948000,685
2010-02-09,677,680,666,667,1302000,667
2010-02-10,669,677,667,672,993000,672
2010-02-12,682,685,667,676,1368000,676
2010-02-15,672,677,662,662,883000,662
2010-02-16,663,667,657,663,779000,663
2010-02-17,675,684,673,683,931000,683
2010-02-18,686,698,685,691,1255000,691
2010-02-19,691,694,677,679,1314000,679
2010-02-22,695,702,689,693,1080000,693
2010-02-23,683,690,677,689,1334000,689
2010-02-24,672,678,668,673,1733000,673
2010-02-25,674,686,671,682,1340000,682
2010-02-26,683,687,675,686,1151000,686
2010-03-01,689,693,685,686,762000,686
2010-03-02,691,693,682,689,978000,689
2010-03-03,679,687,678,685,683000,685
2010-03-04,691,692,683,690,1399000,690
2010-03-05,695,711,694,709,2560000,709
2010-03-08,730,743,727,740,2437000,740
2010-03-09,734,742,732,734,1355000,734
2010-03-10,736,742,735,740,1169000,740
2010-03-11,740,753,737,752,1463000,752
2010-03-12,767,773,755,758,5370000,758
2010-03-15,776,776,756,761,1526000,761
2010-03-16,746,747,736,743,2336000,743
2010-03-17,744,751,734,748,2159000,748
2010-03-18,748,748,738,740,1925000,740
2010-03-19,741,743,732,742,1890000,742
2010-03-23,735,745,734,737,1297000,737
2010-03-24,737,741,723,725,1329000,725
2010-03-25,727,727,717,719,1626000,719
2010-03-26,720,739,713,739,2610000,739
2010-03-29,737,750,735,749,1218000,749
2010-03-30,750,759,748,755,1565000,755
2010-03-31,764,771,758,768,1559000,768
2010-04-01,786,793,783,791,2998000,791
2010-04-02,792,798,791,794,1393000,794
2010-04-05,802,814,798,812,1270000,812
2010-04-06,827,828,807,818,2733000,818
2010-04-07,825,825,816,823,1573000,823
2010-04-08,816,819,808,813,1846000,813
2010-04-09,813,825,805,820,3548000,820
2010-04-12,837,861,831,852,4031000,852
2010-04-13,840,849,833,847,2486000,847
2010-04-14,847,848,830,839,2161000,839
2010-04-15,834,847,831,846,1636000,846
2010-04-16,847,847,824,834,2129000,834
2010-04-19,826,834,820,831,1791000,831
2010-04-20,832,840,827,833,2296000,833
2010-04-21,844,862,838,857,1843000,857
2010-04-22,856,874,851,857,3155000,857
2010-04-23,866,890,865,888,4281000,888
2010-04-26,893,916,891,905,3515000,905
2010-04-27,900,902,889,891,1383000,891
2010-04-28,876,883,865,871,3230000,871
2010-04-30,883,903,883,897,2418000,897
2010-05-06,882,885,867,871,2992000,871
2010-05-07,836,849,833,841,2536000,841
2010-05-10,846,859,844,856,2790000,856
2010-05-11,873,899,870,876,4752000,876
2010-05-12,877,885,863,869,2766000,869
2010-05-13,877,881,867,874,1670000,874
2010-05-14,859,862,836,842,3923000,842
2010-05-17,827,834,804,816,3175000,816
2010-05-18,816,823,808,812,2128000,812
2010-05-19,797,799,780,794,3053000,794
2010-05-20,793,800,777,782,1692000,782
2010-05-21,767,778,760,769,2455000,769
2010-05-24,772,787,766,781,2781000,781
2010-05-25,772,780,742,748,3477000,748
2010-05-26,761,771,748,748,5394000,748
2010-05-27,745,768,743,764,2370000,764
2010-05-28,779,805,777,798,4898000,798
2010-05-31,797,799,782,794,2100000,794
2010-06-01,794,794,780,787,1413000,787
2010-06-02,772,785,764,770,2062000,770
2010-06-03,785,799,777,792,2204000,792
2010-06-04,782,789,767,776,2585000,776
2010-06-07,761,765,745,749,1863000,749
2010-06-08,736,752,728,748,2214000,748
2010-06-09,741,742,725,731,2108000,731
2010-06-10,739,754,735,751,2858000,751
2010-06-11,766,767,747,749,5590000,749
2010-06-14,753,770,751,769,1239000,769
2010-06-15,766,767,758,764,1470000,764
2010-06-16,760,774,760,769,1808000,769
2010-06-17,768,770,760,764,782000,764
2010-06-18,770,779,768,777,1672000,777
2010-06-21,790,804,790,802,1631000,802
2010-06-22,800,800,781,783,1912000,783
2010-06-23,772,783,768,769,1555000,769
2010-06-24,766,778,764,768,953000,768
2010-06-25,753,760,751,756,1363000,756
2010-06-28,763,763,742,745,1064000,745
2010-06-29,754,765,732,737,2903000,737
2010-06-30,722,730,712,714,2449000,714
2010-07-01,711,714,692,695,2031000,695
2010-07-02,696,701,688,693,1581000,693
2010-07-05,707,716,701,708,1474000,708
2010-07-06,701,714,696,713,1261000,713
2010-07-07,709,710,700,702,915000,702
2010-07-08,717,720,711,718,980000,718
2010-07-09,729,729,718,723,2113000,723
2010-07-12,717,726,717,721,1153000,721
2010-07-13,721,725,708,710,1725000,710
2010-07-14,725,732,719,725,1036000,725
2010-07-15,716,724,714,715,1039000,715
2010-07-16,717,718,697,698,1245000,698
2010-07-20,688,695,680,687,1846000,687
2010-07-21,697,698,690,690,1189000,690
2010-07-22,683,688,680,683,1758000,683
2010-07-23,700,704,694,699,1482000,699
2010-07-26,707,707,697,700,824000,700
2010-07-27,701,704,696,703,692000,703
2010-07-28,710,717,706,712,1174000,712
2010-07-29,701,703,694,696,1304000,696
2010-07-30,692,692,668,670,2323000,670
2010-08-02,676,681,666,668,761000,668
2010-08-03,673,677,667,674,1133000,674
2010-08-04,674,675,664,673,1121000,673
2010-08-05,693,694,682,686,1334000,686
2010-08-06,676,683,673,677,935000,677
2010-08-09,673,677,671,674,914000,674
2010-08-10,676,684,668,670,985000,670
2010-08-11,660,662,645,645,1313000,645
2010-08-12,635,639,629,639,1267000,639
2010-08-13,637,659,633,656,1862000,656
2010-08-16,656,663,648,661,1713000,661
2010-08-17,650,665,650,663,1421000,663
2010-08-18,666,671,653,666,2508000,666
2010-08-19,665,672,663,672,1183000,672
2010-08-20,664,664,648,649,1279000,649
2010-08-23,647,647,640,645,1015000,645
2010-08-24,640,641,634,636,713000,636
2010-08-25,630,639,623,638,2154000,638
2010-08-26,638,639,632,639,1669000,639
2010-08-27,626,654,625,650,1824000,650
2010-08-30,660,668,655,663,1044000,663
2010-08-31,653,653,635,636,991000,636
2010-09-01,635,644,625,642,1432000,642
2010-09-02,652,655,639,653,1018000,653
2010-09-03,656,657,643,651,857000,651
2010-09-06,655,663,648,662,758000,662
2010-09-07,654,664,654,657,658000,657
2010-09-08,644,648,635,637,849000,637
2010-09-09,645,645,634,643,785000,643
2010-09-10,642,663,638,658,3010000,658
2010-09-13,666,677,664,665,966000,665
2010-09-14,663,663,651,654,1164000,654
2010-09-15,653,670,642,658,2076000,658
2010-09-16,667,670,656,658,1154000,658
2010-09-17,668,668,659,666,978000,666
2010-09-21,667,667,654,655,1394000,655
2010-09-22,657,667,651,663,984000,663
2010-09-24,656,667,653,659,1693000,659
2010-09-27,667,667,656,657,841000,657
2010-09-28,657,668,651,664,737000,664
2010-09-29,661,667,660,663,1032000,663
2010-09-30,658,662,644,644,1412000,644
2010-10-01,646,648,637,643,1113000,643
2010-10-04,643,649,639,640,965000,640
2010-10-05,640,655,635,652,1200000,652
2010-10-06,655,675,654,674,1435000,674
2010-10-07,672,692,672,690,1569000,690
2010-10-08,695,714,691,703,2398000,703
2010-10-12,713,717,693,694,1646000,694
2010-10-13,695,695,672,674,2542000,674
2010-10-14,684,695,678,692,1769000,692
2010-10-15,696,696,682,684,883000,684
2010-10-18,685,694,682,693,967000,693
2010-10-19,690,698,680,682,1306000,682
2010-10-20,672,673,661,669,1571000,669
2010-10-21,659,669,654,661,2017000,661
2010-10-22,657,657,642,643,2130000,643
2010-10-25,637,637,626,630,3271000,630
2010-10-26,622,637,609,627,3142000,627
2010-10-27,634,636,621,630,1517000,630
2010-10-28,625,625,616,619,1545000,619
2010-10-29,610,614,603,606,2697000,606
2010-11-01,605,613,603,606,1577000,606
2010-11-02,603,611,601,603,1213000,603
2010-11-04,610,628,609,628,2541000,628
2010-11-05,641,654,641,648,2455000,648
2010-11-08,649,655,644,645,1937000,645
2010-11-09,642,655,637,648,2360000,648
2010-11-10,651,669,651,668,1983000,668
2010-11-11,668,675,666,671,1186000,671
2010-11-12,663,679,660,675,1810000,675
2010-11-15,677,678,671,677,1439000,677
2010-11-16,680,681,666,671,1202000,671
2010-11-17,663,675,663,672,951000,672
2010-11-18,668,690,665,689,1548000,689
2010-11-19,707,710,700,705,2475000,705
2010-11-22,714,719,709,715,2019000,715
2010-11-24,700,718,694,715,2252000,715
2010-11-25,720,727,712,714,1487000,714
2010-11-26,710,719,707,708,1110000,708
2010-11-29,713,724,708,714,1460000,714
2010-11-30,714,717,695,699,2052000,699
2010-12-01,695,704,693,698,1666000,698
2010-12-02,709,713,703,708,1497000,708
2010-12-03,719,720,704,705,920000,705
2010-12-06,708,712,705,707,723000,707
2010-12-07,708,709,701,704,1164000,704
2010-12-08,710,717,707,710,1763000,710
2010-12-09,717,718,707,714,1620000,714
2010-12-10,727,727,706,708,5289000,708
2010-12-13,713,713,706,710,1187000,710
2010-12-14,709,716,709,715,1235000,715
2010-12-15,712,715,708,714,1191000,714
2010-12-16,710,723,708,719,1394000,719
2010-12-17,723,730,718,721,1435000,721
2010-12-20,718,727,712,713,1054000,713
2010-12-21,715,725,714,723,1322000,723
2010-12-22,716,722,714,714,1575000,714
2010-12-24,710,714,697,702,1897000,702
2010-12-27,709,716,705,711,1026000,711
2010-12-28,712,713,701,703,1079000,703
2010-12-29,700,708,700,707,518000,707
2010-12-30,705,705,694,696,839000,696
2011-01-04,702,706,698,704,927000,704
2011-01-05,706,707,697,702,765000,702
2011-01-06,712,712,702,708,1368000,708
2011-01-07,708,709,705,706,764000,706
2011-01-11,701,706,699,702,1594000,702
2011-01-12,703,708,700,701,969000,701
2011-01-13,707,707,696,703,1449000,703
2011-01-14,695,706,695,699,2005000,699
2011-01-17,702,705,693,698,1723000,698
2011-01-18,695,705,695,703,1356000,703
2011-01-19,700,706,697,698,1527000,698
2011-01-20,696,700,691,695,1104000,695
2011-01-21,699,699,685,687,1075000,687
2011-01-24,689,689,678,682,1011000,682
2011-01-25,686,696,683,695,1304000,695
2011-01-26,696,711,694,704,1818000,704
2011-01-27,708,708,696,697,2044000,697
2011-01-28,695,698,685,687,1217000,687
2011-01-31,684,687,675,676,1127000,676
2011-02-01,680,680,674,676,687000,676
2011-02-02,681,690,681,688,690000,688
2011-02-03,683,690,680,690,1010000,690
2011-02-04,695,701,694,697,1267000,697
2011-02-07,702,708,701,705,1162000,705
2011-02-08,706,708,703,705,759000,705
2011-02-09,710,710,706,708,739000,708
2011-02-10,707,710,703,706,1223000,706
2011-02-14,710,719,708,713,1468000,713
2011-02-15,712,713,701,706,1272000,706
2011-02-16,704,708,701,707,1447000,707
2011-02-17,706,706,699,702,1479000,702
2011-02-18,703,705,700,701,1090000,701
2011-02-21,702,705,698,700,1687000,700
2011-02-22,698,700,688,693,1518000,693
2011-02-23,691,697,685,689,1901000,689
2011-02-24,685,689,671,673,2165000,673
2011-02-25,673,674,662,668,2030000,668
2011-02-28,666,671,659,670,1083000,670
2011-03-01,674,683,670,683,1738000,683
2011-03-02,673,678,661,662,1327000,662
2011-03-03,666,671,664,669,966000,669
2011-03-04,675,678,664,666,1826000,666
2011-03-07,663,663,644,645,2083000,645
2011-03-08,650,659,648,657,1729000,657
2011-03-09,662,672,661,666,1681000,666
2011-03-10,666,668,656,658,1435000,658
2011-03-11,649,653,643,643,4205000,643
2011-03-14,593,597,567,573,2936000,573
2011-03-15,553,555,473,494,4592000,494
2011-03-16,493,515,451,474,7556000,474
2011-03-17,458,473,457,464,6225000,464
2011-03-18,488,519,486,508,8498000,508
2011-03-22,528,557,528,551,6450000,551
2011-03-23,550,551,526,539,5421000,539
2011-03-24,540,551,529,533,5417000,533
2011-03-25,536,536,515,520,3334000,520
2011-03-28,521,531,507,513,4177000,513
2011-03-29,505,511,501,505,5094000,505
2011-03-30,508,529,505,529,4716000,529
2011-03-31,519,534,508,531,4873000,531
2011-04-01,548,553,538,540,5359000,540
2011-04-04,537,542,526,535,4027000,535
2011-04-05,541,542,523,525,4081000,525
2011-04-06,528,532,523,525,3264000,525
2011-04-07,532,536,529,530,2696000,530
2011-04-08,531,547,525,541,3576000,541
2011-04-11,540,565,535,553,3640000,553
2011-04-12,545,551,540,546,3881000,546
2011-04-13,546,550,530,532,5206000,532
2011-04-14,533,545,532,543,2741000,543
2011-04-15,538,545,537,544,1648000,544
2011-04-18,544,545,537,540,1375000,540
2011-04-19,542,549,538,540,2950000,540
2011-04-20,548,557,545,545,2193000,545
2011-04-21,554,554,544,547,1930000,547
2011-04-22,547,548,539,539,1730000,539
2011-04-25,541,548,540,543,1141000,543
2011-04-26,546,546,532,537,1784000,537
2011-04-27,540,546,537,541,1941000,541
2011-04-28,542,555,538,553,1701000,553
2011-05-02,555,565,554,565,1386000,565
2011-05-06,555,556,541,548,2191000,548
2011-05-09,545,546,538,540,2545000,540
2011-05-10,541,547,537,543,2038000,543
2011-05-11,548,550,541,547,1496000,547
2011-05-12,542,545,538,538,1703000,538
2011-05-13,544,545,526,529,3525000,529
2011-05-16,517,523,515,515,2295000,515
2011-05-17,515,518,514,515,2050000,515
2011-05-18,517,527,514,525,1527000,525
2011-05-19,525,531,523,527,1680000,527
2011-05-20,525,533,525,527,1442000,527
2011-05-23,521,522,512,516,2138000,516
2011-05-24,515,520,512,516,1598000,516
2011-05-25,515,519,511,515,1487000,515
2011-05-26,518,528,517,523,1593000,523
2011-05-27,522,523,515,515,1626000,515
2011-05-30,514,519,513,516,930000,516
2011-05-31,517,531,516,530,1930000,530
2011-06-01,531,531,524,527,1468000,527
2011-06-02,517,520,516,516,2247000,516
2011-06-03,512,516,504,504,2097000,504
2011-06-06,505,507,498,498,1843000,498
2011-06-07,497,498,494,496,2012000,496
2011-06-08,496,497,488,490,1997000,490
2011-06-09,488,488,480,484,4051000,484
2011-06-10,485,494,484,487,4676000,487
2011-06-13,481,486,481,485,1574000,485
2011-06-14,483,491,482,487,2777000,487
2011-06-15,490,491,483,485,2062000,485
2011-06-16,486,492,486,488,3420000,488
2011-06-17,492,495,485,489,2955000,489
2011-06-20,489,496,488,493,1394000,493
2011-06-21,498,504,496,503,1774000,503
2011-06-22,510,527,509,524,4425000,524
2011-06-23,518,526,515,522,2145000,522
2011-06-24,528,535,524,530,1582000,530
2011-06-27,540,544,534,536,3865000,536
2011-06-28,546,558,545,547,5356000,547
2011-06-29,551,557,548,555,5956000,555
2011-06-30,554,555,547,553,2756000,553
2011-07-01,559,564,558,562,2769000,562
2011-07-04,569,579,565,572,2753000,572
2011-07-05,573,581,571,577,2416000,577
2011-07-06,577,578,568,578,2789000,578
2011-07-07,576,580,573,576,1784000,576
2011-07-08,585,585,575,578,2378000,578
2011-07-11,577,583,577,580,1288000,580
2011-07-12,570,573,566,570,2781000,570
2011-07-13,570,577,569,577,1510000,577
2011-07-14,578,582,574,580,1816000,580
2011-07-15,582,589,581,589,1907000,589
2011-07-19,589,594,584,585,1129000,585
2011-07-20,593,599,592,597,1628000,597
2011-07-21,599,599,589,593,2070000,593
2011-07-22,599,602,597,600,1926000,600
2011-07-25,601,602,598,599,1253000,599
2011-07-26,601,602,596,597,1412000,597
2011-07-27,593,593,584,585,2750000,585
2011-07-28,581,581,568,572,2341000,572
2011-07-29,573,583,572,575,1737000,575
2011-08-01,580,593,580,587,1519000,587
2011-08-02,581,581,568,569,2550000,569
2011-08-03,555,561,551,553,2667000,553
2011-08-04,561,569,556,559,2694000,559
2011-08-05,549,553,539,539,2536000,539
2011-08-08,530,534,521,521,2952000,521
2011-08-09,508,520,498,520,3733000,520
2011-08-10,530,531,524,528,2748000,528
2011-08-11,518,529,509,528,3376000,528
2011-08-12,534,542,532,538,3000000,538
2011-08-15,541,550,537,549,2490000,549
2011-08-16,557,562,552,559,3440000,559
2011-08-17,552,555,548,551,2426000,551
2011-08-18,554,557,549,554,1835000,554
2011-08-19,542,552,541,545,1442000,545
2011-08-22,540,545,535,537,1704000,537
2011-08-23,543,550,541,548,1998000,548
2011-08-24,558,561,546,549,2130000,549
2011-08-25,554,562,553,554,1275000,554
2011-08-26,554,555,545,547,2128000,547
2011-08-29,542,555,526,528,5089000,528
2011-08-30,532,538,528,532,3020000,532
2011-08-31,532,540,528,540,2637000,540
2011-09-01,539,543,532,534,2753000,534
2011-09-02,527,527,520,522,2544000,522
2011-09-05,513,516,509,512,1860000,512
2011-09-06,511,515,505,506,1619000,506
2011-09-07,516,519,512,516,1927000,516
2011-09-08,527,532,525,531,1616000,531
2011-09-09,528,533,525,530,4492000,530
2011-09-12,517,519,509,515,1639000,515
2011-09-13,527,540,526,536,3006000,536
2011-09-14,535,536,524,526,1525000,526
2011-09-15,536,536,530,535,1407000,535
2011-09-16,532,538,526,537,2191000,537
2011-09-20,527,532,522,523,1442000,523
2011-09-21,527,530,519,522,1272000,522
2011-09-22,517,527,513,523,2388000,523
2011-09-26,528,531,513,520,1805000,520
2011-09-27,531,543,528,543,1729000,543
2011-09-28,544,560,542,558,1966000,558
2011-09-29,557,567,552,565,1453000,565
2011-09-30,570,573,564,568,1969000,568
2011-10-03,563,570,559,569,1540000,569
2011-10-04,559,563,556,559,1501000,559
2011-10-05,567,567,554,562,1459000,562
2011-10-06,568,574,564,567,1129000,567
2011-10-07,570,574,566,570,1318000,570
2011-10-11,590,594,582,586,2861000,586
2011-10-12,583,592,579,581,1402000,581
2011-10-13,584,585,572,575,1232000,575
2011-10-14,574,574,560,564,2335000,564
2011-10-17,577,578,570,572,989000,572
2011-10-18,567,572,563,564,798000,564
2011-10-19,577,583,573,576,1277000,576
2011-10-20,576,582,571,581,990000,581
2011-10-21,577,580,572,574,872000,574
2011-10-24,575,584,575,579,870000,579
2011-10-25,576,578,563,565,1281000,565
2011-10-26,566,569,558,560,1248000,560
2011-10-27,564,570,556,567,811000,567
2011-10-28,573,575,564,568,1028000,568
2011-10-31,562,579,562,565,1042000,565
2011-11-01,556,563,555,559,1117000,559
2011-11-02,554,558,550,554,1082000,554
2011-11-04,557,561,554,561,1250000,561
2011-11-07,563,571,562,568,1086000,568
2011-11-08,568,571,559,559,775000,559
2011-11-09,562,574,562,574,956000,574
2011-11-10,567,573,559,559,1520000,559
2011-11-11,562,564,550,551,1424000,551
2011-11-14,554,555,547,548,1200000,548
2011-11-15,542,548,538,540,1651000,540
2011-11-16,539,542,535,535,653000,535
2011-11-17,533,543,528,543,1018000,543
2011-11-18,536,553,535,551,1991000,551
2011-11-21,557,565,555,558,1654000,558
2011-11-22,558,561,541,545,2182000,545
2011-11-24,542,544,536,541,1018000,541
2011-11-25,541,543,534,534,1034000,534
2011-11-28,544,545,534,538,925000,538
2011-11-29,545,546,536,544,1167000,544
2011-11-30,542,546,539,542,1187000,542
2011-12-01,552,557,547,549,1103000,549
2011-12-02,551,555,549,554,922000,554
2011-12-05,554,570,554,569,1051000,569
2011-12-06,564,569,562,564,567000,564
2011-12-07,568,577,562,576,1192000,576
2011-12-08,571,573,566,570,1050000,570
2011-12-09,560,571,555,559,4709000,559
2011-12-12,562,583,559,580,2243000,580
2011-12-13,571,580,571,574,1563000,574
2011-12-14,571,585,571,582,1452000,582
2011-12-15,577,584,575,580,1229000,580
2011-12-16,580,581,571,575,1566000,575
2011-12-19,570,580,570,574,1088000,574
2011-12-20,578,582,577,580,1093000,580
2011-12-21,583,585,581,584,1186000,584
2011-12-22,580,588,575,580,1596000,580
2011-12-26,590,590,579,581,655000,581
2011-12-27,570,570,555,560,3412000,560
2011-12-28,560,561,553,560,1761000,560
2011-12-29,550,553,548,551,1723000,551
2011-12-30,552,557,550,557,1021000,557
2012-01-04,566,566,557,558,1479000,558
2012-01-05,557,560,552,555,940000,555
2012-01-06,551,555,545,550,1291000,550
2012-01-10,551,557,550,553,1351000,553
2012-01-11,550,553,549,553,940000,553
2012-01-12,554,560,554,560,1391000,560
2012-01-13,568,570,562,566,2169000,566
2012-01-16,557,558,550,553,1212000,553
2012-01-17,555,563,554,561,948000,561
2012-01-18,565,567,557,564,1260000,564
2012-01-19,562,571,562,567,877000,567
2012-01-20,572,576,570,575,1224000,575
2012-01-23,575,585,572,583,1069000,583
2012-01-24,585,586,582,584,1040000,584
2012-01-25,586,593,580,591,1100000,591
2012-01-26,591,593,580,583,1001000,583
2012-01-27,590,592,584,592,1866000,592
2012-01-30,590,593,588,590,571000,590
2012-01-31,592,596,591,593,1241000,593
2012-02-01,591,593,587,592,867000,592
2012-02-02,589,592,583,587,1283000,587
2012-02-03,584,589,582,584,900000,584
2012-02-06,587,591,583,590,1355000,590
2012-02-07,589,590,584,587,819000,587
2012-02-08,588,589,583,589,840000,589
2012-02-09,589,591,585,589,1011000,589
2012-02-10,589,590,584,587,1491000,587
2012-02-13,588,589,581,586,849000,586
2012-02-14,581,594,581,592,1283000,592
2012-02-15,595,600,589,596,2137000,596
2012-02-16,599,603,591,596,1851000,596
2012-02-17,601,605,598,600,1596000,600
2012-02-20,605,606,598,599,1300000,599
2012-02-21,597,600,591,596,2066000,596
2012-02-22,595,607,593,604,1969000,604
2012-02-23,608,609,604,607,1574000,607
2012-02-24,610,610,603,607,2296000,607
2012-02-27,598,600,594,597,1167000,597
2012-02-28,596,607,592,607,1601000,607
2012-02-29,610,632,610,623,2420000,623
2012-03-01,621,631,616,618,1679000,618
2012-03-02,623,633,620,628,2245000,628
2012-03-05,629,635,628,630,1647000,630
2012-03-06,632,642,632,638,2124000,638
2012-03-07,629,636,629,633,959000,633
2012-03-08,638,643,632,643,1193000,643
2012-03-09,656,663,648,656,5104000,656
2012-03-12,666,668,656,656,1895000,656
2012-03-13,657,669,655,660,1406000,660
2012-03-14,670,670,659,659,965000,659
2012-03-15,662,663,653,656,1732000,656
2012-03-16,656,657,649,653,1236000,653
2012-03-19,660,671,659,669,1810000,669
2012-03-21,665,666,657,661,1970000,661
2012-03-22,659,664,657,664,1184000,664
2012-03-23,657,665,657,664,936000,664
2012-03-26,666,678,664,665,1171000,665
2012-03-27,675,679,670,678,1055000,678
2012-03-28,673,685,670,685,1183000,685
2012-03-29,684,686,678,686,1113000,686
2012-03-30,684,687,681,687,1023000,687
2012-04-02,678,683,675,680,1984000,680
2012-04-03,676,677,671,673,1060000,673
2012-04-04,671,674,655,656,2204000,656
2012-04-05,653,660,651,652,1844000,652
2012-04-06,649,661,647,653,1474000,653
2012-04-09,643,644,631,636,1703000,636
2012-04-10,640,647,638,641,1592000,641
2012-04-11,632,641,631,633,1408000,633
2012-04-12,638,642,630,633,1328000,633
2012-04-13,635,636,629,633,2741000,633
2012-04-16,626,632,625,626,853000,626
2012-04-17,626,637,622,633,1018000,633
2012-04-18,636,640,635,640,638000,640
2012-04-19,635,638,631,635,907000,635
2012-04-20,628,629,617,621,1978000,621
2012-04-23,623,625,614,616,871000,616
2012-04-24,613,614,604,606,1139000,606
2012-04-25,614,615,607,610,1114000,610
2012-04-26,618,624,611,612,1269000,612
2012-04-27,611,620,604,608,1318000,608
2012-05-01,604,608,598,600,1227000,600
2012-05-02,604,611,601,605,1230000,605
2012-05-07,595,602,587,589,1872000,589
2012-05-08,596,597,589,592,1444000,592
2012-05-09,589,590,580,580,1998000,580
2012-05-10,581,584,578,581,1235000,581
2012-05-11,584,587,572,573,1840000,573
2012-05-14,575,584,575,577,930000,577
2012-05-15,575,575,562,568,1489000,568
2012-05-16,564,566,553,555,1448000,555
2012-05-17,553,563,553,558,1310000,558
2012-05-18,550,557,548,550,1656000,550
2012-05-21,551,555,548,553,892000,553
2012-05-22,554,560,551,554,1069000,554
2012-05-23,550,554,539,542,1227000,542
2012-05-24,546,553,540,545,1751000,545
2012-05-25,546,557,543,551,1458000,551
2012-05-28,556,558,544,545,926000,545
2012-05-29,545,549,541,549,927000,549
2012-05-30,546,552,546,552,1047000,552
2012-05-31,550,553,546,553,1596000,553
2012-06-01,551,553,543,546,1104000,546
2012-06-04,536,542,532,540,1639000,540
2012-06-05,540,549,536,548,1401000,548
2012-06-06,546,565,546,563,2051000,563
2012-06-07,564,569,561,567,1471000,567
2012-06-08,567,567,546,551,3931000,551
2012-06-11,558,559,550,554,947000,554
2012-06-12,547,554,544,552,1164000,552
2012-06-13,554,560,553,557,855000,557
2012-06-14,552,556,547,551,1036000,551
2012-06-15,559,564,553,554,1318000,554
2012-06-18,560,563,558,561,871000,561
2012-06-19,562,565,558,561,629000,561
2012-06-20,567,582,566,581,1489000,581
2012-06-21,582,587,579,584,1385000,584
2012-06-22,579,586,574,583,1253000,583
2012-06-25,583,584,572,575,1197000,575
2012-06-26,575,598,575,590,3741000,590
2012-06-27,589,600,584,600,1532000,600
2012-06-28,603,607,598,603,1071000,603
2012-06-29,598,614,595,610,1441000,610
2012-07-02,612,615,605,607,763000,607
2012-07-03,606,611,606,610,603000,610
2012-07-04,614,617,607,609,705000,609
2012-07-05,607,614,606,613,921000,613
2012-07-06,613,617,607,610,909000,610
2012-07-09,606,612,604,610,623000,610
2012-07-10,611,615,604,605,1314000,605
2012-07-11,603,607,600,607,841000,607
2012-07-12,607,609,601,602,955000,602
2012-07-13,598,604,597,601,1394000,601
2012-07-17,602,604,593,601,1383000,601
2012-07-18,605,608,594,596,1092000,596
2012-07-19,596,602,592,592,1246000,592
2012-07-20,592,595,572,572,2116000,572
2012-07-23,570,573,562,563,1180000,563
2012-07-24,564,571,560,566,885000,566
2012-07-25,560,566,556,559,1142000,559
2012-07-26,562,563,554,561,954000,561
2012-07-27,569,574,565,569,765000,569
2012-07-30,572,574,567,573,750000,573
2012-07-31,571,577,569,573,858000,573
2012-08-01,569,570,562,565,890000,565
2012-08-02,562,568,561,563,1107000,563
2012-08-03,560,560,552,552,889000,552
2012-08-06,560,564,557,562,699000,562
2012-08-07,560,567,558,565,915000,565
2012-08-08,574,579,573,576,1116000,576
2012-08-09,575,579,569,578,1282000,578
2012-08-10,578,582,575,580,1056000,580
2012-08-13,581,582,572,574,620000,574
2012-08-14,575,579,574,577,710000,577
2012-08-15,577,577,567,572,735000,572
2012-08-16,572,577,568,577,930000,577
2012-08-17,579,589,578,586,1062000,586
2012-08-20,589,593,585,590,819000,590
2012-08-21,590,595,589,593,479000,593
2012-08-22,595,595,583,586,890000,586
2012-08-23,585,589,583,588,848000,588
2012-08-24,583,585,577,577,930000,577
2012-08-27,583,585,579,583,881000,583
2012-08-28,582,584,574,576,2143000,576
2012-08-29,564,575,563,575,1098000,575
2012-08-30,574,574,564,564,808000,564
2012-08-31,559,567,558,559,981000,559
2012-09-03,559,563,554,557,963000,557
2012-09-04,553,554,544,546,1899000,546
2012-09-05,547,548,534,534,1404000,534
2012-09-06,532,536,527,530,1551000,530
2012-09-07,540,542,535,538,1291000,538
2012-09-10,538,539,535,537,769000,537
2012-09-11,536,537,530,534,1138000,534
2012-09-12,534,544,534,544,1191000,544
2012-09-13,545,550,544,545,1077000,545
2012-09-14,547,553,546,547,2598000,547
2012-09-18,542,545,536,537,1448000,537
2012-09-19,541,549,538,547,1068000,547
2012-09-20,540,547,538,542,1598000,542
2012-09-21,539,544,538,541,1214000,541
2012-09-24,544,550,542,544,1415000,544
2012-09-25,541,549,539,542,1227000,542
2012-09-26,543,544,539,541,1033000,541
2012-09-27,540,541,533,538,1212000,538
2012-09-28,539,542,534,536,1464000,536
2012-10-01,533,533,525,526,1353000,526
2012-10-02,530,531,522,525,1261000,525
2012-10-03,525,525,512,514,1434000,514
2012-10-04,519,525,517,521,982000,521
2012-10-05,522,524,516,523,1025000,523
2012-10-09,523,528,518,520,890000,520
2012-10-10,520,521,493,509,3561000,509
2012-10-11,503,504,496,498,1885000,498
2012-10-12,506,511,504,510,2083000,510
2012-10-15,510,512,506,508,900000,508
2012-10-16,511,517,510,516,902000,516
2012-10-17,521,525,517,520,1229000,520
2012-10-18,525,528,522,526,1106000,526
2012-10-19,522,531,517,529,1357000,529
2012-10-22,524,531,523,531,853000,531
2012-10-23,532,533,521,522,1425000,522
2012-10-24,515,525,512,520,1155000,520
2012-10-25,521,535,521,535,1216000,535
2012-10-26,537,538,524,524,893000,524
2012-10-29,525,530,524,528,1034000,528
2012-10-30,530,537,528,532,1377000,532
2012-10-31,535,536,525,525,1132000,525
2012-11-01,527,529,524,526,487000,526
2012-11-02,530,531,517,519,1212000,519
2012-11-05,515,521,510,512,803000,512
2012-11-06,508,511,507,508,548000,508
2012-11-07,511,511,500,504,1301000,504
2012-11-08,502,504,499,500,695000,500
2012-11-09,500,502,497,497,1204000,497
2012-11-12,494,494,482,482,1382000,482
2012-11-13,483,487,482,485,1101000,485
2012-11-14,487,493,485,490,644000,490
2012-11-15,493,496,487,496,1122000,496
2012-11-16,496,500,491,495,1000000,495
2012-11-19,502,509,502,506,1162000,506
2012-11-20,511,513,508,509,1292000,509
2012-11-21,515,523,513,520,1182000,520
2012-11-22,527,527,513,515,1102000,515
2012-11-26,520,525,520,522,948000,522
2012-11-27,522,527,521,527,1030000,527
2012-11-28,524,526,520,520,897000,520
2012-11-29,525,526,511,517,1568000,517
2012-11-30,522,525,517,522,1332000,522
2012-12-03,531,533,528,530,1210000,530
2012-12-04,527,533,526,529,1070000,529
2012-12-05,527,535,527,533,907000,533
2012-12-06,534,539,532,539,1022000,539
2012-12-07,537,543,537,540,859000,540
2012-12-10,546,548,541,547,1053000,547
2012-12-11,544,547,544,545,628000,545
2012-12-12,547,549,544,547,659000,547
2012-12-13,550,557,548,556,1182000,556
2012-12-14,555,558,551,555,3191000,555
2012-12-17,564,567,559,562,1481000,562
2012-12-18,564,566,556,557,1976000,557
2012-12-19,558,560,546,556,3391000,556
2012-12-20,553,555,545,545,1906000,545
2012-12-21,550,553,537,541,2066000,541
2012-12-25,548,548,540,542,1347000,542
2012-12-26,553,559,545,559,1361000,559
2012-12-27,569,613,568,605,5526000,605
2012-12-28,618,619,604,613,2327000,613
2013-01-04,624,626,611,614,2040000,614
2013-01-07,620,622,608,609,1501000,609
2013-01-08,609,619,607,613,1666000,613
2013-01-09,609,619,609,618,1067000,618
2013-01-10,618,624,615,620,1206000,620
2013-01-11,622,628,621,626,1975000,626
2013-01-15,629,656,629,651,3768000,651
2013-01-16,650,653,639,641,2568000,641
2013-01-17,647,652,635,643,3003000,643
2013-01-18,655,672,655,671,2512000,671
2013-01-21,680,682,670,675,1957000,675
2013-01-22,676,679,663,669,1820000,669
2013-01-23,659,662,642,642,2329000,642
2013-01-24,639,656,638,654,1440000,654
2013-01-25,667,668,657,664,1542000,664
2013-01-28,674,675,667,671,1114000,671
2013-01-29,665,667,656,660,1219000,660
2013-01-30,663,676,661,676,1496000,676
2013-01-31,666,675,663,673,1612000,673
2013-02-01,672,678,668,669,1312000,669
2013-02-04,669,675,667,673,725000,673
2013-02-05,664,667,659,659,1336000,659
2013-02-06,669,684,668,682,1730000,682
2013-02-07,678,681,672,677,1315000,677
2013-02-08,667,675,658,659,2405000,659
2013-02-12,674,693,674,687,2044000,687
2013-02-13,692,709,692,707,2804000,707
2013-02-14,708,708,695,704,1561000,704
2013-02-15,697,705,690,694,2022000,694
2013-02-18,696,724,690,723,1391000,723
2013-02-19,717,726,715,719,1099000,719
2013-02-20,729,733,723,730,953000,730
2013-02-21,724,732,712,714,1853000,714
2013-02-22,714,726,711,721,1674000,721
2013-02-25,736,747,735,742,2121000,742
2013-02-26,714,723,711,715,2347000,715
2013-02-27,717,717,703,708,1140000,708
2013-02-28,720,732,714,726,1666000,726
2013-03-01,722,745,712,745,1629000,745
2013-03-04,751,765,751,759,2407000,759
2013-03-05,775,792,762,765,3467000,765
2013-03-06,780,789,775,786,1930000,786
2013-03-07,800,803,779,781,2424000,781
2013-03-08,790,805,788,800,5362000,800
2013-03-11,815,827,807,827,2742000,827
2013-03-12,840,844,826,827,2836000,827
2013-03-13,829,847,827,845,3979000,845
2013-03-14,843,846,827,846,2693000,846
2013-03-15,850,874,850,872,2844000,872
2013-03-18,870,871,847,847,2499000,847
2013-03-19,865,876,862,865,2035000,865
2013-03-21,887,894,882,889,3267000,889
2013-03-22,890,916,880,902,3755000,902
2013-03-25,938,985,938,970,6016000,970
2013-03-26,967,985,955,965,3290000,965
2013-03-27,970,975,948,952,2784000,952
2013-03-28,948,955,923,930,3762000,930
2013-03-29,930,936,910,936,2797000,936
2013-04-01,925,930,903,903,2485000,903
2013-04-02,890,944,862,924,4266000,924
2013-04-03,935,957,915,925,3378000,925
2013-04-04,910,951,889,950,3139000,950
2013-04-05,980,1019,975,1002,6253000,1002
2013-04-08,1092,1110,1050,1099,5934000,1099
2013-04-09,1118,1130,1050,1062,5169000,1062
2013-04-10,1065,1109,1049,1084,5803000,1084
2013-04-11,1086,1116,1081,1113,5388000,1113
2013-04-12,1112,1112,1081,1084,4189000,1084
2013-04-15,1079,1108,1067,1084,3286000,1084
2013-04-16,1062,1094,1042,1080,4275000,1080
2013-04-17,1090,1126,1086,1120,3222000,1120
2013-04-18,1116,1136,1094,1106,3846000,1106
2013-04-19,1117,1126,1100,1117,2136000,1117
2013-04-22,1140,1177,1132,1158,4376000,1158
2013-04-23,1171,1178,1153,1158,2331000,1158
2013-04-24,1178,1178,1142,1153,2328000,1153
2013-04-25,1144,1170,1130,1160,2461000,1160
2013-04-26,1160,1160,1139,1140,1828000,1140
2013-04-30,1155,1159,1145,1150,1741000,1150
2013-05-01,1155,1155,1136,1141,1585000,1141
2013-05-02,1131,1135,1111,1118,1614000,1118
2013-05-07,1148,1167,1137,1163,2942000,1163
2013-05-08,1171,1183,1158,1162,2574000,1162
2013-05-09,1162,1176,1142,1144,2021000,1144
2013-05-10,1173,1174,1142,1145,3438000,1145
2013-05-13,1146,1154,1090,1097,4068000,1097
2013-05-14,1089,1090,1020,1027,6713000,1027
2013-05-15,1069,1094,1059,1092,4041000,1092
2013-05-16,1092,1092,1038,1055,3643000,1055
2013-05-17,1029,1083,1029,1076,2889000,1076
2013-05-20,1087,1087,1061,1066,2118000,1066
2013-05-21,1060,1063,1045,1057,1776000,1057
2013-05-22,1057,1082,1052,1077,1798000,1077
2013-05-23,1080,1092,977,977,4352000,977
2013-05-24,1000,1050,978,1012,5246000,1012
2013-05-27,995,1023,980,990,4059000,990
2013-05-28,988,997,958,992,4674000,992
2013-05-29,1007,1039,987,1003,3806000,1003
2013-05-30,980,1002,944,948,4364000,948
2013-05-31,970,986,953,958,2686000,958
2013-06-03,947,949,910,911,3006000,911
2013-06-04,911,948,906,943,3651000,943
2013-06-05,944,993,918,918,4198000,918
2013-06-06,910,959,910,920,4171000,920
2013-06-07,915,946,898,930,4087000,930
2013-06-10,960,970,946,964,2547000,964
2013-06-11,965,969,919,931,2871000,931
2013-06-12,916,947,903,934,2321000,934
2013-06-13,910,917,878,881,3577000,881
2013-06-14,897,931,897,912,5043000,912
2013-06-17,899,948,898,946,2623000,946
2013-06-18,948,958,938,948,2219000,948
2013-06-19,963,972,948,969,1926000,969
2013-06-20,946,954,922,946,2073000,946
2013-06-21,935,955,915,949,3693000,949
2013-06-24,969,969,945,950,1388000,950
2013-06-25,942,952,915,933,2089000,933
2013-06-26,954,964,925,933,2086000,933
2013-06-27,935,963,927,960,1561000,960
2013-06-28,965,1008,961,1005,2436000,1005
2013-07-01,990,1014,976,1014,1964000,1014
2013-07-02,1028,1040,1017,1040,1935000,1040
2013-07-03,1044,1044,1025,1040,1361000,1040
2013-07-04,1033,1045,1027,1040,711000,1040
2013-07-05,1041,1055,1041,1051,1089000,1051
2013-07-08,1060,1068,1046,1046,1447000,1046
2013-07-09,1058,1083,1052,1081,2347000,1081
2013-07-10,1083,1100,1082,1096,2625000,1096
2013-07-11,1078,1103,1074,1101,2166000,1101
2013-07-12,1098,1114,1096,1103,2773000,1103
2013-07-16,1107,1113,1097,1102,1531000,1102
2013-07-17,1088,1092,1072,1084,1526000,1084
2013-07-18,1084,1093,1073,1091,1592000,1091
2013-07-19,1095,1114,1071,1082,2847000,1082
2013-07-22,1090,1090,1058,1074,1827000,1074
2013-07-23,1068,1077,1058,1064,1588000,1064
2013-07-24,1063,1066,1051,1058,1201000,1058
2013-07-25,1058,1061,1035,1038,1843000,1038
2013-07-26,1015,1018,987,990,2753000,990
2013-07-29,982,986,968,968,2002000,968
2013-07-30,961,994,959,979,2183000,979
2013-07-31,976,976,958,965,1834000,965
2013-08-01,966,990,965,988,1691000,988
2013-08-02,1006,1029,996,1029,2008000,1029
2013-08-05,1021,1022,1002,1005,1391000,1005
2013-08-06,1000,1013,983,1012,1568000,1012
2013-08-07,990,999,962,963,2115000,963
2013-08-08,957,973,940,947,2698000,947
2013-08-09,955,959,930,935,2042000,935
2013-08-12,932,941,922,926,1162000,926
2013-08-13,938,949,934,949,857000,949
2013-08-14,953,965,942,964,1123000,964
2013-08-15,949,953,941,943,1616000,943
2013-08-16,930,938,919,920,2065000,920
2013-08-19,925,934,921,929,1320000,929
2013-08-20,923,933,904,905,1733000,905
2013-08-21,903,905,890,899,2692000,899
2013-08-22,890,900,881,891,1862000,891
2013-08-23,910,929,908,920,2326000,920
2013-08-26,926,930,917,923,1493000,923
2013-08-27,924,926,894,896,4482000,896
2013-08-28,880,894,871,879,3183000,879
2013-08-29,875,889,873,887,1554000,887
2013-08-30,892,897,865,865,2113000,865
2013-09-02,869,887,866,884,1111000,884
2013-09-03,891,910,891,905,1805000,905
2013-09-04,890,912,890,911,1752000,911
2013-09-05,907,907,882,899,3377000,899
2013-09-06,904,906,880,884,1872000,884
2013-09-09,918,919,894,909,3401000,909
2013-09-10,920,943,917,941,3430000,941
2013-09-11,948,955,938,939,2194000,939
2013-09-12,935,937,922,925,1044000,925
2013-09-13,919,938,916,932,3342000,932
2013-09-17,933,941,910,911,1708000,911
2013-09-18,926,932,910,920,1712000,920
2013-09-19,931,942,922,942,1419000,942
2013-09-20,950,950,939,945,1396000,945
2013-09-24,935,945,932,942,1384000,942
2013-09-25,940,942,931,935,1332000,935
2013-09-26,934,947,914,947,1583000,947
2013-09-27,948,948,938,943,1190000,943
2013-09-30,928,929,913,919,1605000,919
2013-10-01,919,921,906,910,2085000,910
2013-10-02,909,923,882,884,2545000,884
2013-10-03,884,889,863,865,2271000,865
2013-10-04,860,868,855,860,2217000,860
2013-10-07,860,871,837,839,2586000,839
2013-10-08,833,856,832,850,1850000,850
2013-10-09,844,858,840,856,1273000,856
2013-10-10,861,906,861,880,6251000,880
2013-10-11,906,917,889,916,3785000,916
2013-10-15,920,931,918,924,2086000,924
2013-10-16,927,939,924,936,2149000,936
2013-10-17,942,944,930,938,1729000,938
2013-10-18,938,939,922,934,1851000,934
2013-10-21,935,948,935,947,1406000,947
2013-10-22,947,953,941,948,1158000,948
2013-10-23,950,950,918,918,2006000,918
2013-10-24,915,926,908,924,1617000,924
2013-10-25,924,925,906,906,1332000,906
2013-10-28,916,923,908,921,945000,921
2013-10-29,913,935,912,927,1646000,927
2013-10-30,933,939,927,938,1571000,938
2013-10-31,935,949,931,934,1370000,934
2013-11-01,938,946,923,931,1673000,931
2013-11-05,936,937,889,917,6097000,917
2013-11-06,910,942,908,936,2434000,936
2013-11-07,930,942,927,927,1355000,927
2013-11-08,917,926,901,906,2384000,906
2013-11-11,917,928,913,917,1452000,917
2013-11-12,920,946,919,940,2373000,940
2013-11-13,934,947,934,941,1397000,941
2013-11-14,949,982,946,970,3827000,970
2013-11-15,983,999,983,997,2831000,997
2013-11-18,1000,1000,982,987,2247000,987
2013-11-19,981,995,978,992,2477000,992
2013-11-20,995,995,978,980,1257000,980
2013-11-21,990,1006,988,999,2106000,999
2013-11-22,965,997,960,977,3766000,977
2013-11-25,982,998,980,997,1667000,997
2013-11-26,957,965,946,961,4643000,961
2013-11-27,960,970,960,962,1876000,962
2013-11-28,973,976,964,972,1753000,972
2013-11-29,973,978,962,970,1381000,970
2013-12-02,970,980,967,973,1448000,973
2013-12-03,970,984,968,972,1803000,972
2013-12-04,964,965,942,952,1883000,952
2013-12-05,958,972,952,956,2724000,956
2013-12-06,955,960,946,958,1694000,958
2013-12-09,972,981,967,980,1809000,980
2013-12-10,980,990,975,987,1549000,987
2013-12-11,980,991,977,988,1599000,988
2013-12-12,978,991,977,987,1645000,987
2013-12-13,984,990,973,982,3735000,982
2013-12-16,988,988,970,972,1415000,972
2013-12-17,982,982,972,974,955000,974
2013-12-18,977,992,971,992,2005000,992
2013-12-19,997,1006,996,1003,2037000,1003
2013-12-20,1003,1004,993,1002,1908000,1002
2013-12-24,1004,1017,1003,1013,2133000,1013
2013-12-25,1009,1013,1002,1012,1133000,1012
2013-12-26,1017,1026,1011,1021,1346000,1021
2013-12-27,1018,1045,1018,1043,1818000,1043
2013-12-30,1045,1049,1040,1047,1331000,1047
2014-01-06,1026,1037,1020,1022,2117000,1022
2014-01-07,1020,1038,1020,1027,1695000,1027
2014-01-08,1033,1035,1022,1032,1383000,1032
2014-01-09,1024,1029,1011,1021,1853000,1021
2014-01-10,1013,1030,1010,1023,2922000,1023
2014-01-14,1001,1011,983,984,3646000,984
2014-01-15,995,1007,992,1003,2216000,1003
2014-01-16,1008,1020,1003,1013,1783000,1013
2014-01-17,1013,1035,1000,1030,3093000,1030
2014-01-20,1040,1064,1026,1059,3623000,1059
2014-01-21,1057,1062,1042,1047,1798000,1047
2014-01-22,1041,1041,1014,1031,2661000,1031
2014-01-23,1037,1041,1016,1016,1411000,1016
2014-01-24,1006,1014,988,995,3708000,995
2014-01-27,970,977,961,962,2181000,962
2014-01-28,965,975,958,969,1579000,969
2014-01-29,986,1000,984,999,2332000,999
2014-01-30,971,981,963,972,2152000,972
2014-01-31,987,987,951,963,1744000,963
2014-02-03,952,958,935,935,1367000,935
2014-02-04,912,924,902,906,2625000,906
2014-02-05,919,932,907,927,2148000,927
2014-02-06,927,931,918,919,1524000,919
2014-02-07,933,938,926,933,1879000,933
2014-02-10,943,943,926,941,1698000,941
2014-02-12,942,947,933,936,1603000,936
2014-02-13,939,945,916,918,2097000,918
2014-02-14,911,922,880,887,3596000,887
2014-02-17,891,896,881,894,1475000,894
2014-02-18,894,921,890,916,2164000,916
2014-02-19,919,934,916,927,1686000,927
2014-02-20,923,926,897,900,1779000,900
2014-02-21,908,923,900,913,1629000,913
2014-02-24,914,934,905,922,3652000,922
2014-02-25,926,934,921,929,2922000,929
2014-02-26,912,928,908,923,1748000,923
2014-02-27,913,923,900,902,1682000,902
2014-02-28,900,906,876,883,2210000,883
2014-03-03,879,882,863,879,1806000,879
2014-03-04,867,894,867,883,1428000,883
2014-03-05,898,912,894,902,2668000,902
2014-03-06,896,911,888,904,1786000,904
2014-03-07,912,917,902,915,1745000,915
2014-03-10,913,918,899,904,2418000,904
2014-03-11,905,922,903,920,1839000,920
2014-03-12,908,920,905,907,2862000,907
2014-03-13,908,909,895,901,3023000,901
2014-03-14,872,889,872,879,3905000,879
2014-03-17,878,886,875,882,2096000,882
2014-03-18,906,910,889,889,2849000,889
2014-03-19,897,917,892,902,3267000,902
2014-03-20,915,919,894,894,2131000,894
2014-03-24,906,934,904,931,3003000,931
2014-03-25,916,935,915,923,1346000,923
2014-03-26,930,934,912,916,2312000,916
2014-03-27,913,949,908,946,2615000,946
2014-03-28,946,969,946,966,2557000,966
2014-03-31,977,979,962,968,2714000,968
2014-04-01,963,964,942,948,2157000,948
2014-04-02,950,963,948,952,1743000,952
2014-04-03,955,956,944,953,1133000,953
2014-04-04,947,966,945,964,996000,964
2014-04-07,950,959,945,949,965000,949
2014-04-08,953,958,938,941,1828000,941
2014-04-09,926,937,911,934,3555000,934
2014-04-10,955,967,939,943,3423000,943
2014-04-11,931,948,927,942,2949000,942
2014-04-14,933,948,933,940,1228000,940
2014-04-15,950,954,935,938,1574000,938
2014-04-16,941,957,938,955,1489000,955
2014-04-17,955,962,951,955,1510000,955
2014-04-18,961,964,952,955,650000,955
2014-04-21,959,969,956,957,1350000,957
2014-04-22,958,964,956,957,1134000,957
2014-04-23,962,977,959,977,1989000,977
2014-04-24,970,981,963,968,1750000,968
2014-04-25,964,972,957,963,1304000,963
2014-04-28,955,958,945,956,1162000,956
2014-04-30,965,968,953,968,1452000,968
2014-05-01,969,988,964,987,1445000,987
2014-05-02,979,982,968,976,1769000,976
2014-05-07,967,973,958,958,2042000,958
2014-05-08,968,983,958,982,1248000,982
2014-05-09,982,992,976,990,2222000,990
2014-05-12,991,995,977,984,1457000,984
2014-05-13,995,999,988,989,1688000,989
2014-05-14,994,1007,991,1004,1647000,1004
2014-05-15,992,999,980,996,1770000,996
2014-05-16,987,989,975,988,1181000,988
2014-05-19,992,992,982,982,898000,982
2014-05-20,988,999,980,991,1049000,991
2014-05-21,981,991,971,977,1127000,977
2014-05-22,983,1002,979,1001,1609000,1001
2014-05-23,998,1001,988,988,1155000,988
2014-05-26,997,998,988,994,850000,994
2014-05-27,992,1001,991,993,995000,993
2014-05-28,990,997,989,993,1164000,993
2014-05-29,988,1008,987,1006,1282000,1006
2014-05-30,1007,1015,995,999,1988000,999
2014-06-02,1002,1008,1002,1008,1216000,1008
2014-06-03,1015,1018,1008,1009,1399000,1009
2014-06-04,1005,1005,984,989,1524000,989
2014-06-05,989,1006,989,1004,2267000,1004
2014-06-06,1012,1015,994,997,1773000,997
2014-06-09,1005,1006,997,1005,893000,1005
2014-06-10,1005,1009,990,992,1320000,992
2014-06-11,988,993,979,983,1328000,983
2014-06-12,970,974,965,971,1713000,971
2014-06-13,955,978,947,977,3390000,977
2014-06-16,969,972,956,959,1380000,959
2014-06-17,967,967,956,959,1020000,959
2014-06-18,964,967,960,965,1029000,965
2014-06-19,973,997,969,993,2115000,993
2014-06-20,986,996,986,993,1889000,993
2014-06-23,1000,1005,996,999,1224000,999
2014-06-24,999,1004,989,1003,1168000,1003
2014-06-25,1001,1004,1000,1002,800000,1002
2014-06-26,1004,1007,995,999,847000,999
2014-06-27,1005,1006,980,986,1424000,986
2014-06-30,999,1000,978,983,1679000,983
2014-07-01,980,987,977,982,1816000,982
2014-07-02,982,988,975,978,2083000,978
2014-07-03,973,975,962,968,1921000,968
2014-07-04,979,979,967,972,932000,972
2014-07-07,973,976,965,965,806000,965
2014-07-08,968,973,962,964,1589000,964
2014-07-09,962,965,955,960,1449000,960
2014-07-10,961,963,945,947,1543000,947
2014-07-11,938,946,938,940,1718000,940
2014-07-14,945,947,940,944,1463000,944
2014-07-15,945,950,941,944,1281000,944
2014-07-16,948,955,945,948,1375000,948
2014-07-17,950,951,936,938,1218000,938
2014-07-18,925,933,920,932,1284000,932
2014-07-22,937,939,925,932,1093000,932
2014-07-23,926,933,926,929,1182000,929
2014-07-24,932,947,932,940,2190000,940
2014-07-25,939,948,937,948,1267000,948
2014-07-28,945,957,942,952,1026000,952
2014-07-29,955,955,950,951,1274000,951
2014-07-30,951,960,951,957,1287000,957
2014-07-31,958,965,955,955,1288000,955
2014-08-01,950,951,943,945,1401000,945
2014-08-04,939,945,936,938,1166000,938
2014-08-05,940,944,932,932,1190000,932
2014-08-06,930,930,917,923,1647000,923
2014-08-07,923,938,921,935,1348000,935
2014-08-08,930,937,917,918,2439000,918
2014-08-11,931,937,923,935,1209000,935
2014-08-12,938,950,938,949,1218000,949
2014-08-13,949,953,946,950,1232000,950
2014-08-14,952,952,942,945,840000,945
2014-08-15,945,945,935,941,1367000,941
2014-08-18,941,945,931,934,1152000,934
2014-08-19,938,938,921,925,1936000,925
2014-08-20,929,936,927,931,1485000,931
2014-08-21,934,935,930,930,976000,930
2014-08-22,928,930,910,912,2995000,912
2014-08-25,917,919,909,918,1684000,918
2014-08-26,916,919,908,908,2356000,908
2014-08-27,907,911,902,906,1537000,906
2014-08-28,903,906,888,891,1672000,891
2014-08-29,892,893,885,889,1638000,889
2014-09-01,898,899,888,890,988000,890
2014-09-02,892,916,888,915,2547000,915
2014-09-03,912,914,900,905,2505000,905
2014-09-04,902,905,898,904,1138000,904
2014-09-05,908,908,899,900,999000,900
2014-09-08,898,902,890,894,870000,894
2014-09-09,893,893,882,887,1767000,887
2014-09-10,887,888,879,888,1853000,888
2014-09-11,888,892,880,889,2391000,889
2014-09-12,892,896,890,893,3726000,893
2014-09-16,887,889,882,884,1755000,884
2014-09-17,883,887,875,876,1643000,876
2014-09-18,880,894,879,891,1708000,891
2014-09-19,897,900,894,899,1405000,899
2014-09-22,896,901,892,901,1143000,901
2014-09-24,895,905,894,903,1754000,903
2014-09-25,910,921,909,920,1731000,920
2014-09-26,905,919,904,917,1427000,917
2014-09-29,922,924,917,920,1412000,920
2014-09-30,921,921,914,917,1802000,917
2014-10-01,920,936,919,924,2358000,924
2014-10-02,919,923,909,910,2446000,910
2014-10-03,910,918,905,912,1716000,912
2014-10-06,918,923,913,914,1224000,914
2014-10-07,910,923,910,914,1431000,914
2014-10-08,907,909,895,896,2808000,896
2014-10-09,906,912,891,894,2194000,894
2014-10-10,890,896,884,885,1891000,885
2014-10-14,893,918,883,887,5369000,887
2014-10-15,896,896,881,884,2707000,884
2014-10-16,872,872,850,853,3292000,853
2014-10-17,860,860,830,834,2933000,834
2014-10-20,861,872,859,868,2945000,868
2014-10-21,867,870,842,846,3134000,846
2014-10-22,866,869,858,864,1999000,864
2014-10-23,862,871,856,869,1587000,869
2014-10-24,874,876,857,860,2408000,860
2014-10-27,870,880,864,875,1559000,875
2014-10-28,875,882,868,877,1747000,877
2014-10-29,881,894,880,893,1648000,893
2014-10-30,900,905,891,898,1428000,898
2014-10-31,905,940,899,935,3539000,935
2014-11-04,968,968,946,954,3905000,954
2014-11-05,951,955,940,950,2492000,950
2014-11-06,950,955,929,932,2283000,932
2014-11-07,940,947,936,943,1437000,943
2014-11-10,942,947,936,946,1471000,946
2014-11-11,949,984,945,982,3807000,982
2014-11-12,985,1029,983,1010,6202000,1010
2014-11-13,1009,1054,1008,1052,4688000,1052
2014-11-14,1058,1071,1038,1069,4661000,1069
2014-11-17,1059,1061,1002,1009,4574000,1009
2014-11-18,1021,1039,1021,1039,2132000,1039
2014-11-19,1047,1053,1013,1016,2339000,1016
2014-11-20,1025,1025,1000,1006,2236000,1006
2014-11-21,1000,1013,989,1011,2801000,1011
2014-11-25,1017,1023,996,998,1586000,998
2014-11-26,998,1003,991,994,1742000,994
2014-11-27,991,996,976,981,2196000,981
2014-11-28,991,997,988,994,1459000,994
2014-12-01,996,1009,992,1006,1191000,1006
2014-12-02,1000,1003,993,1000,1231000,1000
2014-12-03,1004,1008,986,990,1816000,990
2014-12-04,995,999,982,987,1678000,987
2014-12-05,982,984,962,964,2607000,964
2014-12-08,970,972,955,962,1838000,962
2014-12-09,961,970,958,968,2102000,968
2014-12-10,971,975,958,964,1952000,964
2014-12-11,958,987,952,983,2821000,983
2014-12-12,999,1007,991,995,5003000,995
2014-12-15,982,1006,980,992,3549000,992
2014-12-16,985,987,955,960,3302000,960
2014-12-17,959,971,956,960,2374000,960
2014-12-18,978,998,977,997,1963000,997
2014-12-19,1011,1016,994,1001,2723000,1001
2014-12-22,1007,1009,999,1006,1439000,1006
2014-12-24,1015,1017,1004,1011,1251000,1011
2014-12-25,1005,1006,1000,1004,754000,1004
2014-12-26,998,999,985,996,1142000,996
2014-12-29,1000,1000,966,977,2207000,977
2014-12-30,977,978,964,967,1791000,967
2015-01-05,971,979,962,967,1748000,967
2015-01-06,957,958,938,938,2716000,938
2015-01-07,936,945,933,935,2098000,935
2015-01-08,950,958,943,954,2010000,954
2015-01-09,960,961,937,943,2100000,943
2015-01-13,933,940,928,940,1689000,940
2015-01-14,934,943,930,932,1532000,932
2015-01-15,936,957,936,954,1338000,954
2015-01-16,939,948,926,948,2266000,948
2015-01-19,955,962,951,961,1720000,961
2015-01-20,967,980,965,980,1564000,980
2015-01-21,968,977,967,973,1570000,973
2015-01-22,975,975,962,968,1091000,968
2015-01-23,974,980,972,980,1199000,980
2015-01-26,973,977,968,977,1082000,977
2015-01-27,982,993,982,991,1190000,991
2015-01-28,987,1025,985,1022,2758000,1022
2015-01-29,1018,1049,1016,1040,3977000,1040
2015-01-30,1050,1055,1033,1037,2645000,1037
2015-02-02,1018,1053,1015,1049,2168000,1049
2015-02-03,1051,1052,1034,1042,1804000,1042
2015-02-04,1044,1068,1044,1065,2088000,1065
2015-02-05,1070,1073,1055,1059,1891000,1059
2015-02-06,1073,1073,1058,1061,1140000,1061
2015-02-09,1068,1068,1053,1057,1144000,1057
2015-02-10,1058,1069,1044,1054,1666000,1054
2015-02-12,1074,1118,1069,1114,3744000,1114
2015-02-13,1113,1123,1109,1115,3065000,1115
2015-02-16,1125,1130,1120,1124,1333000,1124
2015-02-17,1118,1143,1117,1127,2065000,1127
2015-02-18,1140,1140,1108,1112,2960000,1112
2015-02-19,1117,1125,1109,1112,2125000,1112
2015-02-20,1120,1120,1079,1084,2734000,1084
2015-02-23,1097,1098,1078,1085,2053000,1085
2015-02-24,1084,1087,1060,1078,4217000,1078
2015-02-25,1077,1083,1062,1083,2213000,1083
2015-02-26,1078,1102,1078,1099,2810000,1099
2015-02-27,1109,1125,1100,1118,3436000,1118
2015-03-02,1117,1125,1101,1109,1696000,1109
2015-03-03,1115,1119,1108,1119,1250000,1119
2015-03-04,1110,1117,1102,1114,1073000,1114
2015-03-05,1123,1158,1120,1158,3851000,1158
2015-03-06,1157,1167,1145,1166,1805000,1166
2015-03-09,1153,1174,1153,1166,1559000,1166
2015-03-10,1167,1185,1151,1160,2340000,1160
2015-03-11,1160,1160,1145,1148,1391000,1148
2015-03-12,1149,1155,1130,1137,1792000,1137
2015-03-13,1139,1155,1130,1146,3386000,1146
2015-03-16,1146,1160,1144,1157,1375000,1157
2015-03-17,1171,1171,1152,1166,1675000,1166
2015-03-18,1167,1185,1165,1184,1946000,1184
2015-03-19,1188,1189,1167,1180,1982000,1180
2015-03-20,1180,1202,1177,1200,2129000,1200
2015-03-23,1199,1241,1185,1233,2737000,1233
2015-03-24,1242,1251,1208,1214,2693000,1214
2015-03-25,1211,1224,1207,1218,1453000,1218
2015-03-26,1215,1215,1195,1203,1472000,1203
2015-03-27,1203,1224,1186,1198,1791000,1198
2015-03-30,1192,1230,1192,1207,1532000,1207
2015-03-31,1215,1225,1181,1181,2037000,1181
2015-04-01,1174,1189,1166,1177,2225000,1177
2015-04-02,1184,1212,1183,1206,1777000,1206
2015-04-03,1199,1225,1199,1223,1602000,1223
2015-04-06,1204,1228,1201,1225,1862000,1225
2015-04-07,1233,1240,1206,1216,1760000,1216
2015-04-08,1190,1265,1176,1265,6003000,1265
2015-04-09,1220,1252,1220,1245,4904000,1245
2015-04-10,1241,1253,1218,1227,3968000,1227
2015-04-13,1234,1248,1227,1243,2225000,1243
2015-04-14,1243,1246,1213,1242,2693000,1242
2015-04-15,1240,1251,1230,1238,1580000,1238
2015-04-16,1236,1246,1224,1231,2329000,1231
2015-04-17,1225,1228,1184,1191,3108000,1191
2015-04-20,1158,1186,1153,1159,4176000,1159
2015-04-21,1167,1170,1146,1155,2805000,1155
2015-04-22,1160,1169,1156,1160,2840000,1160
2015-04-23,1182,1204,1168,1170,4464000,1170
2015-04-24,1170,1178,1162,1175,1496000,1175
2015-04-27,1177,1192,1170,1187,1701000,1187
2015-04-28,1189,1192,1179,1183,1556000,1183
2015-04-30,1159,1166,1108,1120,4757000,1120
2015-05-01,1120,1133,1113,1133,1738000,1133
2015-05-07,1134,1144,1123,1143,2480000,1143
2015-05-08,1143,1156,1129,1133,1874000,1133
2015-05-11,1147,1151,1137,1139,1627000,1139
2015-05-12,1147,1149,1131,1134,1759000,1134
2015-05-13,1133,1150,1122,1145,1594000,1145
2015-05-14,1142,1148,1129,1138,1373000,1138
2015-05-15,1144,1156,1132,1156,1029000,1156
2015-05-18,1159,1170,1154,1170,1052000,1170
2015-05-19,1180,1192,1178,1185,2011000,1185
2015-05-20,1197,1205,1169,1199,2209000,1199
2015-05-21,1207,1210,1188,1190,1978000,1190
2015-05-22,1188,1205,1180,1205,1561000,1205
2015-05-25,1204,1215,1201,1213,989000,1213
2015-05-26,1213,1218,1206,1208,932000,1208
2015-05-27,1205,1205,1192,1199,1223000,1199
2015-05-28,1199,1202,1184,1188,1536000,1188
2015-05-29,1186,1211,1186,1196,1646000,1196
2015-06-01,1188,1197,1181,1188,1334000,1188
2015-06-02,1183,1186,1171,1182,2176000,1182
2015-06-03,1172,1175,1158,1171,2218000,1171
2015-06-04,1180,1182,1166,1173,2336000,1173
2015-06-05,1165,1182,1159,1179,1784000,1179
2015-06-08,1181,1185,1168,1174,1466000,1174
2015-06-09,1161,1169,1147,1148,1429000,1148
2015-06-10,1148,1152,1131,1131,1574000,1131
2015-06-11,1133,1149,1131,1141,2241000,1141
2015-06-12,1154,1154,1138,1141,2755000,1141
2015-06-15,1136,1149,1133,1144,1115000,1144
2015-06-16,1140,1149,1130,1131,1249000,1131
2015-06-17,1139,1144,1132,1140,1362000,1140
2015-06-18,1136,1152,1134,1140,1547000,1140
2015-06-19,1150,1162,1140,1143,1290000,1143
2015-06-22,1143,1171,1143,1170,1185000,1170
2015-06-23,1185,1206,1185,1205,2385000,1205
2015-06-24,1210,1214,1194,1205,1746000,1205
2015-06-25,1200,1203,1190,1192,1515000,1192
2015-06-26,1180,1198,1177,1180,1886000,1180
2015-06-29,1130,1139,1113,1114,4674000,1114
2015-06-30,1115,1124,1105,1110,3817000,1110
2015-07-01,1115,1137,1114,1137,2253000,1137
2015-07-02,1149,1160,1132,1136,2485000,1136
2015-07-03,1129,1141,1122,1128,1973000,1128
2015-07-06,1111,1123,1103,1108,2881000,1108
2015-07-07,1124,1150,1119,1150,2670000,1150
2015-07-08,1145,1145,1095,1095,3650000,1095
2015-07-09,1071,1104,1058,1103,3362000,1103
2015-07-10,1103,1105,1079,1080,2754000,1080
2015-07-13,1095,1115,1085,1114,1490000,1114
2015-07-14,1130,1136,1120,1124,1683000,1124
2015-07-15,1180,1194,1160,1171,6050000,1171
2015-07-16,1171,1184,1163,1180,2509000,1180
2015-07-17,1183,1205,1181,1202,2530000,1202
2015-07-21,1202,1209,1185,1203,1928000,1203
2015-07-22,1195,1207,1193,1202,1543000,1202
2015-07-23,1208,1245,1205,1244,2373000,1244
2015-07-24,1244,1255,1224,1232,2545000,1232
2015-07-27,1220,1231,1203,1207,1749000,1207
2015-07-28,1195,1205,1189,1193,2064000,1193
2015-07-29,1200,1206,1191,1194,1867000,1194
2015-07-30,1200,1211,1189,1199,1964000,1199
2015-07-31,1200,1201,1182,1187,1891000,1187
2015-08-03,1193,1194,1178,1189,1135000,1189
2015-08-04,1181,1203,1179,1193,2398000,1193
2015-08-05,1188,1189,1157,1161,2425000,1161
2015-08-06,1172,1174,1151,1154,1883000,1154
2015-08-07,1151,1153,1132,1144,1871000,1144
2015-08-10,1144,1162,1138,1159,1471000,1159
2015-08-11,1162,1163,1137,1151,1892000,1151
2015-08-12,1141,1145,1121,1124,1604000,1124
2015-08-13,1128,1138,1115,1138,2696000,1138
2015-08-14,1131,1149,1128,1143,1438000,1143
2015-08-17,1147,1159,1139,1152,1151000,1152
2015-08-18,1162,1172,1153,1156,1630000,1156
2015-08-19,1152,1161,1134,1135,1476000,1135
2015-08-20,1135,1149,1120,1124,1911000,1124
2015-08-21,1104,1114,1096,1103,2480000,1103
2015-08-24,1089,1098,1050,1050,3768000,1050
2015-08-25,1015,1071,995,1019,4161000,1019
2015-08-26,1026,1047,1016,1045,4439000,1045
2015-08-27,1060,1068,1043,1049,2227000,1049
2015-08-28,1072,1073,1052,1059,1817000,1059
2015-08-31,1055,1055,1037,1050,2318000,1050
2015-09-01,1033,1036,986,987,3303000,987
2015-09-02,980,1004,972,978,2517000,978
2015-09-03,988,997,973,976,1680000,976
2015-09-04,979,980,939,941,2779000,941
2015-09-07,937,944,917,935,3525000,935
2015-09-08,941,945,908,911,2474000,911
2015-09-09,949,978,941,977,3023000,977
2015-09-10,954,962,941,949,2382000,949
2015-09-11,930,958,930,950,4434000,950
2015-09-14,944,967,940,947,1982000,947
2015-09-15,950,973,947,953,2019000,953
2015-09-16,961,965,937,945,1598000,945
2015-09-17,957,958,943,956,1502000,956
2015-09-18,943,950,931,932,1931000,932
2015-09-24,926,949,925,927,1696000,927
2015-09-25,921,936,913,935,3270000,935
2015-09-28,935,950,934,947,2554000,947
2015-09-29,940,954,930,938,5374000,938
2015-09-30,953,970,951,965,2210000,965
2015-10-01,966,984,957,976,2149000,976
2015-10-02,972,996,971,991,2388000,991
2015-10-05,1006,1014,991,1007,1676000,1007
2015-10-06,1018,1035,1018,1023,3344000,1023
2015-10-07,1040,1060,1036,1057,4375000,1057
2015-10-08,1047,1049,1020,1029,3559000,1029
2015-10-09,1050,1060,1029,1051,2929000,1051
2015-10-13,1060,1065,1017,1021,3767000,1021
2015-10-14,1027,1029,1007,1016,2374000,1016
2015-10-15,1017,1033,1005,1026,2197000,1026
2015-10-16,1031,1031,1006,1012,2628000,1012
2015-10-19,1015,1037,1010,1030,1604000,1030
2015-10-20,1038,1044,1027,1033,1415000,1033
2015-10-21,1028,1048,1028,1043,1537000,1043
2015-10-22,1046,1062,1046,1053,2047000,1053
2015-10-23,1067,1078,1062,1067,2087000,1067
2015-10-26,1091,1091,1071,1077,2964000,1077
2015-10-27,1079,1092,1073,1085,1529000,1085
2015-10-28,1078,1079,1064,1069,1362000,1069
2015-10-29,1078,1081,1059,1064,1222000,1064
2015-10-30,1069,1089,1058,1087,1652000,1087
2015-11-02,1068,1075,1052,1055,1264000,1055
2015-11-04,1072,1089,1060,1076,1563000,1076
2015-11-05,1076,1098,1076,1093,1507000,1093
2015-11-06,1098,1120,1093,1111,2039000,1111
2015-11-09,1118,1132,1118,1124,2160000,1124
2015-11-10,1118,1118,1101,1115,1896000,1115
2015-11-11,1115,1119,1108,1117,1306000,1117
2015-11-12,1115,1128,1111,1126,1335000,1126
2015-11-13,1115,1130,1113,1124,1408000,1124
2015-11-16,1104,1117,1100,1101,1263000,1101
2015-11-17,1113,1115,1098,1110,1812000,1110
2015-11-18,1115,1137,1115,1116,1696000,1116
2015-11-19,1130,1156,1128,1148,3001000,1148
2015-11-20,1138,1144,1130,1144,1631000,1144
2015-11-24,1144,1153,1139,1149,1485000,1149
2015-11-25,1150,1151,1138,1141,931000,1141
2015-11-26,1151,1162,1147,1153,1510000,1153
2015-11-27,1162,1163,1142,1145,1157000,1145
2015-11-30,1140,1141,1117,1122,2395000,1122
2015-12-01,1118,1133,1117,1131,1505000,1131
2015-12-02,1121,1129,1094,1100,2948000,1100
2015-12-03,1099,1109,1092,1106,1585000,1106
2015-12-04,1084,1091,1066,1073,1811000,1073
2015-12-07,1082,1103,1082,1096,1286000,1096
2015-12-08,1096,1100,1076,1078,1254000,1078
2015-12-09,1081,1089,1066,1067,1670000,1067
2015-12-10,1067,1071,1046,1047,1997000,1047
2015-12-11,1055,1067,1050,1053,2607000,1053
2015-12-14,1031,1040,1026,1032,1653000,1032
2015-12-15,1032,1045,1018,1018,1488000,1018
2015-12-16,1038,1046,1025,1032,1949000,1032
2015-12-17,1045,1069,1042,1063,2395000,1063
2015-12-18,1060,1107,1060,1062,3546000,1062
2015-12-21,1062,1073,1043,1060,1985000,1060
2015-12-22,1064,1071,1053,1060,1398000,1060
2015-12-24,1059,1065,1042,1042,1343000,1042
2015-12-25,1043,1055,1043,1049,853000,1049
2015-12-28,1073,1090,1062,1084,2827000,1084
2015-12-29,1088,1095,1068,1076,1983000,1076
2015-12-30,1080,1098,1078,1094,1613000,1094
2016-01-04,1085,1090,1036,1042,2559000,1042
2016-01-05,1039,1044,1019,1028,2433000,1028
2016-01-06,1031,1048,1021,1030,1599000,1030
2016-01-07,1023,1044,1020,1023,1754000,1023
2016-01-08,1013,1031,1013,1015,2440000,1015
2016-01-12,1006,1012,984,988,3456000,988
2016-01-13,1003,1019,997,1016,1997000,1016
2016-01-14,991,998,961,977,3011000,977
2016-01-15,992,998,971,979,1770000,979
2016-01-18,970,984,965,977,2622000,977
2016-01-19,970,986,970,982,1547000,982
2016-01-20,985,993,970,972,3384000,972
2016-01-21,971,993,969,969,5382000,969
2016-01-22,990,1011,972,1008,2890000,1008
2016-01-25,1015,1015,987,1007,2655000,1007
2016-01-26,985,985,969,971,2539000,971
2016-01-27,986,989,972,983,2711000,983
2016-01-28,977,995,970,987,1871000,987
2016-01-29,992,1025,973,1022,3987000,1022
2016-02-01,1035,1041,1025,1040,2354000,1040
2016-02-02,1025,1046,1021,1024,2087000,1024
2016-02-03,1001,1019,990,992,2394000,992
2016-02-04,982,986,971,975,2063000,975
2016-02-05,965,975,951,962,3478000,962
2016-02-08,960,994,957,988,1437000,988
2016-02-09,956,964,933,940,2648000,940
2016-02-10,947,953,910,936,3971000,936
2016-02-12,906,910,884,887,4958000,887
2016-02-15,905,921,902,914,4477000,914
2016-02-16,905,925,894,908,3982000,908
2016-02-17,905,917,882,891,4816000,891
2016-02-18,909,910,901,903,4452000,903
2016-02-19,897,913,896,911,3192000,911
2016-02-22,906,929,904,920,2149000,920
2016-02-23,920,921,894,895,2928000,895
2016-02-24,887,909,887,891,5069000,891
2016-02-25,887,901,884,890,3456000,890
2016-02-26,899,914,898,906,2140000,906
2016-02-29,909,915,903,903,2701000,903
2016-03-01,905,920,902,917,1893000,917
2016-03-02,929,948,927,945,2562000,945
2016-03-03,941,962,937,960,1687000,960
2016-03-04,955,971,953,965,1512000,965
2016-03-07,971,971,955,959,1318000,959
2016-03-08,957,959,938,947,1652000,947
2016-03-09,941,949,933,943,1668000,943
2016-03-10,947,967,946,962,1604000,962
2016-03-11,932,934,903,912,8318000,912
2016-03-14,918,942,913,940,3570000,940
2016-03-15,938,944,926,933,1880000,933
2016-03-16,924,929,915,917,1484000,917
2016-03-17,921,937,916,919,2509000,919
2016-03-18,916,916,896,904,2672000,904
2016-03-22,921,927,907,918,1995000,918
2016-03-23,914,922,910,919,1147000,919
2016-03-24,917,923,908,908,1427000,908
2016-03-25,914,921,909,920,1849000,920
2016-03-28,932,968,932,968,4592000,968
2016-03-29,964,968,958,966,2070000,966
2016-03-30,963,966,950,952,1774000,952
2016-03-31,950,957,940,941,1952000,941
2016-04-01,940,944,908,909,2324000,909
2016-04-04,903,908,874,880,3849000,880
2016-04-05,879,880,854,856,2499000,856
2016-04-06,854,862,848,858,2289000,858
2016-04-07,858,860,836,842,3124000,842
2016-04-08,838,868,835,859,2629000,859
2016-04-11,851,854,836,849,1539000,849
2016-04-12,854,867,846,865,1820000,865
2016-04-13,805,821,803,815,8766000,815
2016-04-14,829,839,826,836,5845000,836
2016-04-15,830,838,827,831,2909000,831
2016-04-18,808,815,806,809,2363000,809
2016-04-19,825,843,825,840,3084000,840
2016-04-20,840,845,828,833,2773000,833
2016-04-21,842,852,838,842,3360000,842
2016-04-22,836,849,834,847,3530000,847
2016-04-25,858,860,845,851,2241000,851
2016-04-26,853,862,841,851,1795000,851
2016-04-27,845,851,834,835,2429000,835
2016-04-28,843,852,805,807,3915000,807
2016-05-02,783,789,770,771,3449000,771
2016-05-06,770,770,761,769,2515000,769
2016-05-09,772,778,769,775,1602000,775
2016-05-10,775,788,771,788,2222000,788
2016-05-11,794,807,781,784,2308000,784
2016-05-12,775,778,766,774,2300000,774
2016-05-13,781,782,761,761,2822000,761
2016-05-16,763,769,755,758,1587000,758
2016-05-17,762,770,758,769,1398000,769
2016-05-18,762,772,758,768,2180000,768
2016-05-19,765,771,759,761,1834000,761
2016-05-20,761,767,758,766,1564000,766
2016-05-23,765,765,749,754,2550000,754
2016-05-24,752,754,742,743,2259000,743
2016-05-25,751,757,747,757,2042000,757
2016-05-26,763,772,757,761,2216000,761
2016-05-27,763,766,750,752,1780000,752
2016-05-30,758,770,753,769,2565000,769
2016-05-31,770,788,768,784,3777000,784
2016-06-01,781,788,775,777,2168000,777
2016-06-02,768,768,751,754,2584000,754
2016-06-03,754,761,752,755,1334000,755
2016-06-06,750,755,743,753,1256000,753
2016-06-07,751,765,751,764,1665000,764
2016-06-08,766,769,752,763,1270000,763
2016-06-09,755,762,745,745,2161000,745
2016-06-10,745,745,733,739,2989000,739
2016-06-13,729,729,712,712,2029000,712
2016-06-14,709,713,701,709,2096000,709
2016-06-15,709,724,707,720,1486000,720
2016-06-16,719,723,701,702,1882000,702
2016-06-17,710,718,706,706,2319000,706
2016-06-20,724,745,723,741,2647000,741
2016-06-21,732,736,726,735,1693000,735
2016-06-22,730,735,724,729,1061000,729
2016-06-23,730,749,726,748,1644000,748
2016-06-24,749,752,683,687,2971000,687
2016-06-27,680,696,677,688,3457000,688
2016-06-28,680,703,670,696,2862000,696
2016-06-29,700,719,691,713,3201000,713
2016-06-30,730,749,725,731,3733000,731
2016-07-01,738,742,725,727,2036000,727
2016-07-04,719,744,715,742,2080000,742
2016-07-05,742,753,742,746,2042000,746
2016-07-06,733,736,718,724,2371000,724
2016-07-07,719,728,705,706,1974000,706
2016-07-08,710,714,695,697,2050000,697
2016-07-11,711,740,711,735,1740000,735
2016-07-12,750,771,746,754,2470000,754
2016-07-13,768,768,755,759,2397000,759
2016-07-14,761,768,758,767,1517000,767
2016-07-15,766,792,761,784,3708000,784
2016-07-19,784,793,773,793,2537000,793
2016-07-20,789,789,763,764,2646000,764
2016-07-21,774,786,769,784,1818000,784
2016-07-22,771,781,770,778,1287000,778
2016-07-25,779,795,779,792,1633000,792
2016-07-26,788,790,774,777,1256000,777
2016-07-27,783,797,781,790,2088000,790
2016-07-28,782,784,770,774,2040000,774
2016-07-29,769,789,763,783,1866000,783
2016-08-01,772,779,761,776,1208000,776
2016-08-02,770,784,768,771,1324000,771
2016-08-03,760,763,739,744,2167000,744
2016-08-04,745,758,739,755,1893000,755
2016-08-05,755,757,739,740,1447000,740
2016-08-08,751,765,750,765,1363000,765
2016-08-09,765,780,765,779,1841000,779
2016-08-10,779,784,762,765,1517000,765
2016-08-12,767,779,763,776,1648000,776
2016-08-15,779,779,768,772,1316000,772
2016-08-16,776,781,769,770,1543000,770
2016-08-17,775,801,771,799,2483000,799
2016-08-18,784,796,778,780,2048000,780
2016-08-19,781,784,761,766,1412000,766
2016-08-22,773,774,766,768,1254000,768
2016-08-23,764,767,755,755,1730000,755
2016-08-24,757,774,757,771,1939000,771
2016-08-25,776,777,766,771,1996000,771
2016-08-26,765,767,753,757,3991000,757
2016-08-29,758,760,749,758,1823000,758
2016-08-30,756,758,750,757,1082000,757
2016-08-31,757,759,751,757,1214000,757
2016-09-01,753,769,753,769,1603000,769
2016-09-02,775,797,775,795,2589000,795
2016-09-05,804,824,802,816,2748000,816
2016-09-06,820,820,811,818,1589000,818
2016-09-07,810,811,797,804,1537000,804
2016-09-08,810,819,805,817,1207000,817
2016-09-09,823,837,819,833,2830000,833
2016-09-12,820,825,814,818,1265000,818
2016-09-13,832,838,819,819,1303000,819
2016-09-14,815,825,807,821,1054000,821
2016-09-15,819,819,806,812,982000,812
2016-09-16,813,833,811,831,1650000,831
2016-09-20,825,827,814,819,1343000,819
2016-09-21,820,844,815,843,1703000,843
2016-09-23,841,845,834,839,1586000,839
2016-09-26,834,840,828,830,1423000,830
2016-09-27,821,834,811,834,1593000,834
2016-09-28,828,830,819,828,1514000,828
2016-09-29,838,842,834,839,1116000,839
2016-09-30,829,832,816,826,1529000,826
2016-10-03,841,849,837,845,1740000,845
2016-10-04,845,852,842,847,1572000,847
2016-10-05,857,876,848,871,2245000,871
2016-10-06,876,887,869,871,1730000,871
2016-10-07,871,871,854,856,1317000,856
2016-10-11,842,848,819,820,3805000,820
2016-10-12,815,831,813,819,2902000,819
2016-10-13,828,831,813,813,1861000,813
2016-10-14,815,825,814,818,2008000,818
2016-10-17,819,832,819,827,1594000,827
2016-10-18,817,824,815,822,1588000,822
2016-10-19,822,825,817,819,1751000,819
2016-10-20,821,845,819,844,1645000,844
2016-10-21,845,854,838,851,2260000,851
2016-10-24,856,856,845,851,1037000,851
2016-10-25,860,867,858,862,1332000,862
2016-10-26,862,867,856,866,1524000,866
2016-10-27,859,871,859,864,1488000,864
2016-10-28,871,876,862,864,4328000,864
2016-10-31,861,867,851,857,2083000,857
2016-11-01,851,854,846,853,1576000,853
2016-11-02,845,848,838,844,1463000,844
2016-11-04,839,849,834,847,1179000,847
2016-11-07,861,871,853,869,1642000,869
2016-11-08,874,874,854,862,1616000,862
2016-11-09,863,880,806,813,3426000,813
2016-11-10,845,872,844,871,2101000,871
2016-11-11,881,889,874,883,2178000,883
2016-11-14,892,912,890,910,2132000,910
2016-11-15,903,914,901,910,1365000,910
2016-11-16,915,921,909,915,1658000,915
2016-11-17,915,915,900,907,1364000,907
2016-11-18,917,937,910,935,2079000,935
2016-11-21,947,952,941,949,1874000,949
2016-11-22,945,947,934,945,1726000,945
2016-11-24,959,970,959,964,1596000,964
2016-11-25,964,972,954,959,1686000,959
2016-11-28,959,959,942,952,1598000,952
2016-11-29,950,950,941,943,1276000,943
2016-11-30,942,951,941,949,3378000,949
2016-12-01,960,967,952,955,1685000,955
2016-12-02,951,960,950,955,1426000,955
2016-12-05,951,954,943,946,1322000,946
2016-12-06,955,959,940,949,1824000,949
2016-12-07,957,961,951,958,1238000,958
2016-12-08,971,977,965,976,1913000,976
2016-12-09,976,994,973,991,3046000,991
2016-12-12,1000,1012,983,992,2048000,992
2016-12-13,996,999,989,995,1684000,995
2016-12-14,999,1020,991,1020,2502000,1020
2016-12-15,1025,1047,1024,1043,2294000,1043
2016-12-16,1056,1068,1055,1062,2554000,1062
2016-12-19,1062,1065,1051,1060,1722000,1060
2016-12-20,1061,1065,1055,1061,1811000,1061
2016-12-21,1060,1063,1041,1044,1636000,1044
2016-12-22,1045,1046,1026,1041,1837000,1041
2016-12-26,1039,1039,1034,1036,964000,1036
2016-12-27,1030,1039,1026,1028,1997000,1028
2016-12-28,1008,1019,970,972,3265000,972
2016-12-29,976,978,964,968,2009000,968
2016-12-30,964,971,961,964,1459000,964
2017-01-04,970,999,970,996,2071000,996
