Date,Open,High,Low,Close,Volume,Adj Close
2008-10-20,633,633,581,600,3140300,600
2008-10-21,650,669,634,651,3426100,651
2008-10-22,644,666,621,626,2939800,626
2008-10-23,616,624,566,619,4305500,619
2008-10-24,549,572,536,543,3144400,543
2008-10-27,533,557,501,512,3618600,512
2008-10-28,482,526,469,524,4177500,524
2008-10-29,518,587,517,577,3885800,577
2008-10-30,567,595,540,594,3387700,594
2008-10-31,604,631,581,585,3177800,585
2008-11-04,615,632,595,627,2195900,627
2008-11-05,640,647,596,631,2691500,631
2008-11-06,611,613,580,586,2014900,586
2008-11-07,592,617,560,595,2519800,595
2008-11-10,635,639,595,619,1455400,619
2008-11-11,609,632,581,617,1765200,617
2008-11-12,590,609,587,602,1182000,602
2008-11-13,552,583,552,567,1447300,567
2008-11-14,597,609,581,597,2376700,597
2008-11-17,587,608,566,586,1458300,586
2008-11-18,576,576,540,559,2416900,559
2008-11-19,563,564,527,551,2337800,551
2008-11-20,495,514,487,493,2550000,493
2008-11-21,480,485,463,478,3750100,478
2008-11-25,505,510,490,501,3026600,501
2008-11-26,509,511,490,495,1084300,495
2008-11-27,510,518,498,507,1214700,507
2008-11-28,525,525,504,516,1132800,516
2008-12-01,510,523,502,517,1129100,517
2008-12-02,467,473,452,452,2674300,452
2008-12-03,457,483,450,481,2466700,481
2008-12-04,479,484,459,468,1971400,468
2008-12-05,471,480,460,467,2023200,467
2008-12-08,469,499,467,493,1596600,493
2008-12-09,507,514,491,501,2155100,501
2008-12-10,511,517,494,508,1414500,508
2008-12-11,498,506,491,498,1704700,498
2008-12-12,503,515,482,493,3631600,493
2008-12-15,503,527,493,526,1307100,526
2008-12-16,521,528,513,515,999200,515
2008-12-17,520,533,504,512,1529000,512
2008-12-18,513,536,509,517,1265300,517
2008-12-19,526,535,518,522,896300,522
2008-12-22,532,556,520,525,1650000,525
2008-12-24,505,518,503,516,665300,516
2008-12-25,506,523,506,519,242000,519
2008-12-26,534,534,516,523,400900,523
2008-12-29,543,545,512,522,797700,522
2008-12-30,512,515,498,515,643000,515
2009-01-05,520,525,510,516,647100,516
2009-01-06,523,525,509,511,1036700,511
2009-01-07,501,507,497,501,1654300,501
2009-01-08,486,512,486,504,1514100,504
2009-01-09,517,518,504,509,1306600,509
2009-01-13,490,506,480,492,1590900,492
2009-01-14,483,484,471,477,1713400,477
2009-01-15,457,464,445,446,2303400,446
2009-01-16,442,471,440,468,1818000,468
2009-01-19,478,479,466,471,772800,471
2009-01-20,457,463,444,451,1448600,451
2009-01-21,436,459,434,451,2266400,451
2009-01-22,454,464,442,463,1411200,463
2009-01-23,450,466,447,453,1387900,453
2009-01-26,449,450,430,439,1706200,439
2009-01-27,444,471,444,466,1627000,466
2009-01-28,471,475,457,464,1078200,464
2009-01-29,475,488,473,483,1881400,483
2009-01-30,472,475,465,475,1320800,475
2009-02-02,470,475,458,466,1402900,466
2009-02-03,474,480,463,464,701700,464
2009-02-04,469,486,466,481,1118700,481
2009-02-05,476,476,457,468,1579400,468
2009-02-06,488,490,469,472,980800,472
2009-02-09,477,487,469,469,1551600,469
2009-02-10,481,488,477,482,1222800,482
2009-02-12,480,487,471,484,1649300,484
2009-02-13,485,485,469,472,1561100,472
2009-02-16,477,486,475,480,1233700,480
2009-02-17,470,484,468,477,755600,477
2009-02-18,462,474,457,466,995200,466
2009-02-19,474,480,464,471,1172700,471
2009-02-20,451,459,448,450,1426700,450
2009-02-23,436,452,434,449,1256600,449
2009-02-24,434,437,400,410,2414000,410
2009-02-25,417,426,402,415,2478800,415
2009-02-26,415,430,411,425,1614700,425
2009-02-27,400,422,399,418,2062100,418
2009-03-02,407,413,395,405,1289900,405
2009-03-03,398,416,392,406,1321500,406
2009-03-04,396,423,396,415,1637100,415
2009-03-05,420,452,420,444,2213400,444
2009-03-06,421,436,414,429,2360100,429
2009-03-09,429,445,422,425,1427900,425
2009-03-10,420,423,412,413,1448800,413
2009-03-11,428,449,425,435,1641000,435
2009-03-12,435,446,426,434,1431600,434
2009-03-13,454,460,447,459,4044400,459
2009-03-16,456,481,456,476,1466100,476
2009-03-17,469,496,459,489,1661500,489
2009-03-18,514,526,508,521,2178200,521
2009-03-19,531,534,502,514,1366000,514
2009-03-23,492,532,491,530,1504000,530
2009-03-24,540,569,536,566,1853600,566
2009-03-25,559,560,545,554,1936800,554
2009-03-26,526,560,523,555,2012600,555
2009-03-27,560,601,557,573,2962200,573
2009-03-30,574,576,541,543,2640500,543
2009-03-31,533,553,518,523,2490000,523
2009-04-01,524,549,514,545,2308800,545
2009-04-02,555,590,545,583,1702500,583
2009-04-03,584,584,545,554,2371300,554
2009-04-06,584,584,561,577,1677600,577
2009-04-07,586,593,577,592,1495500,592
2009-04-08,582,587,555,560,2260900,560
2009-04-09,560,595,553,587,1780400,587
2009-04-10,600,600,579,589,1851200,589
2009-04-13,590,611,576,608,1437500,608
2009-04-14,615,626,596,609,1752400,609
2009-04-15,605,614,600,609,1209400,609
2009-04-16,616,638,605,608,1835700,608
2009-04-17,611,624,605,613,1387000,613
2009-04-20,599,616,598,613,1022000,613
2009-04-21,585,603,568,598,2293000,598
2009-04-22,599,601,583,587,1620200,587
2009-04-23,588,600,574,598,1542300,598
2009-04-24,588,597,572,575,2143700,575
2009-04-27,576,585,559,573,2168900,573
2009-04-28,574,586,560,561,2084000,561
2009-04-30,556,561,524,544,4221300,544
2009-05-01,538,541,527,536,2389900,536
2009-05-07,586,586,559,566,1600100,566
2009-05-08,570,570,551,563,1593200,563
2009-05-11,559,568,556,566,1459200,566
2009-05-12,567,569,550,559,1249700,559
2009-05-13,556,561,548,552,1978700,552
2009-05-14,553,557,547,555,1412400,555
2009-05-15,545,558,544,557,1392700,557
2009-05-18,550,555,525,534,1437400,534
2009-05-19,554,555,534,535,1773000,535
2009-05-20,536,544,529,530,1657400,530
2009-05-21,520,530,519,530,1440900,530
2009-05-22,514,538,514,531,1069800,531
2009-05-25,540,558,535,556,1891800,556
2009-05-26,562,568,552,565,1764900,565
2009-05-27,570,574,560,563,1435500,563
2009-05-28,545,555,544,552,1809700,552
2009-05-29,548,560,545,560,1947800,560
2009-06-01,560,562,551,556,1694400,556
2009-06-02,566,591,562,585,3161300,585
2009-06-03,590,602,573,597,2459500,597
2009-06-04,600,616,588,610,2287000,610
2009-06-05,620,655,609,647,4381200,647
2009-06-08,634,651,610,645,4386700,645
2009-06-09,642,649,628,637,2035800,637
2009-06-10,647,671,630,662,2640000,662
2009-06-11,657,661,643,651,2282600,651
2009-06-12,671,704,661,699,6130600,699
2009-06-15,719,730,707,707,2102100,707
2009-06-16,706,706,675,676,2160600,676
2009-06-17,684,697,676,686,1852600,686
2009-06-18,684,716,673,686,2237000,686
2009-06-19,690,699,677,682,2123500,682
2009-06-22,677,707,677,701,1712700,701
2009-06-23,691,691,667,670,2510700,670
2009-06-24,671,675,659,659,1606400,659
2009-06-25,660,684,659,672,1449600,672
2009-06-26,677,685,671,684,1595700,684
2009-06-29,704,723,689,693,2430500,693
2009-06-30,683,698,672,680,2496400,680
2009-07-01,676,698,671,685,1383400,685
2009-07-02,684,687,674,676,1078800,676
2009-07-03,666,671,654,663,936300,663
2009-07-06,662,663,643,647,1226100,647
2009-07-07,647,658,643,646,1316200,646
2009-07-08,636,639,621,621,1201600,621
2009-07-09,620,629,612,614,971100,614
2009-07-10,609,617,596,615,2320600,615
2009-07-13,615,622,589,589,1157200,589
2009-07-14,600,604,593,604,1260200,604
2009-07-15,597,612,590,609,1148700,609
2009-07-16,624,624,602,604,756200,604
2009-07-17,614,626,604,618,900000,618
2009-07-21,637,638,625,634,844300,634
2009-07-22,632,638,623,632,1342800,632
2009-07-23,633,633,618,623,988900,623
2009-07-24,633,636,621,629,1242500,629
2009-07-27,639,652,637,638,1549000,638
2009-07-28,647,655,638,648,1296500,648
2009-07-29,646,665,646,661,1184000,661
2009-07-30,659,661,642,659,1007800,659
2009-07-31,672,679,661,679,1307000,679
2009-08-03,685,690,671,681,873000,681
2009-08-04,698,702,677,685,1496400,685
2009-08-05,693,747,691,711,3340800,711
2009-08-06,692,702,681,684,2022000,684
2009-08-07,694,701,682,692,1490300,692
2009-08-10,699,704,686,692,1316900,692
2009-08-11,696,703,691,701,1113100,701
2009-08-12,693,702,677,681,1292700,681
2009-08-13,670,685,669,670,1265900,670
2009-08-14,680,703,680,688,2107400,688
2009-08-17,676,679,659,663,915600,663
2009-08-18,661,669,657,664,715900,664
2009-08-19,654,663,646,648,853400,648
2009-08-20,653,663,641,662,1145000,662
2009-08-21,648,650,630,643,1607900,643
2009-08-24,659,660,651,654,1058800,654
2009-08-25,644,652,639,642,1354400,642
2009-08-26,650,665,644,664,1712300,664
2009-08-27,654,659,645,654,1191700,654
2009-08-28,655,655,646,650,982300,650
2009-08-31,647,666,641,646,2022600,646
2009-09-01,645,654,641,648,1195500,648
2009-09-02,621,630,613,630,2220200,630
2009-09-03,621,656,619,652,2962500,652
2009-09-04,651,654,639,642,1551300,642
2009-09-07,645,650,622,627,1815000,627
2009-09-08,623,630,621,625,905300,625
2009-09-09,624,636,620,633,1397300,633
2009-09-10,644,654,643,654,1261400,654
2009-09-11,668,668,657,666,5549500,666
2009-09-14,656,664,646,654,1394000,654
2009-09-15,658,674,657,664,2118400,664
2009-09-16,676,682,658,658,2159800,658
2009-09-17,674,676,660,665,1855400,665
2009-09-18,666,667,647,655,1035700,655
2009-09-24,646,670,646,668,1397800,668
2009-09-25,661,661,643,649,1297500,649
2009-09-28,644,651,635,643,1193800,643
2009-09-29,653,653,642,646,748000,646
2009-09-30,647,649,640,643,641600,643
2009-10-01,636,636,614,623,1239800,623
2009-10-02,573,599,573,588,2488400,588
2009-10-05,578,592,576,577,1357900,577
2009-10-06,577,577,565,566,1435200,566
2009-10-07,565,586,554,578,1791500,578
2009-10-08,573,573,555,559,1481600,559
2009-10-09,569,571,561,569,2123400,569
2009-10-13,575,587,569,575,1344300,575
2009-10-14,575,581,559,565,1247500,565
2009-10-15,575,582,569,573,946600,573
2009-10-16,583,588,575,578,1149700,578
2009-10-19,579,581,568,577,738400,577
2009-10-20,582,589,576,581,800500,581
2009-10-21,574,574,563,566,983600,566
2009-10-22,557,564,543,557,1564400,557
2009-10-23,557,566,550,553,1178700,553
2009-10-26,550,556,544,550,1236800,550
2009-10-27,540,551,540,546,1315400,546
2009-10-28,539,548,538,545,1003600,545
2009-10-29,535,540,521,524,2274700,524
2009-10-30,530,538,519,531,1259300,531
2009-11-02,532,631,530,586,8963800,586
2009-11-04,556,561,535,544,3885500,544
2009-11-05,545,570,538,543,2014200,543
2009-11-06,553,553,531,537,1383600,537
2009-11-09,547,547,532,536,1005200,536
2009-11-10,546,548,534,535,994300,535
2009-11-11,545,547,523,525,806100,525
2009-11-12,526,531,511,514,997200,514
2009-11-13,500,508,497,504,1757700,504
2009-11-16,534,543,524,539,2697200,539
2009-11-17,521,529,517,519,1589500,519
2009-11-18,524,534,511,515,1364100,515
2009-11-19,517,520,488,495,2130100,495
2009-11-20,492,510,491,509,1608400,509
2009-11-24,519,533,512,515,2718400,515
2009-11-25,503,503,489,490,1509600,490
2009-11-26,480,499,478,488,1167000,488
2009-11-27,473,484,470,478,1382700,478
2009-11-30,479,486,469,486,1691100,486
2009-12-01,490,513,485,506,2143600,506
2009-12-02,506,516,498,508,1939000,508
2009-12-03,513,537,509,534,1662200,534
2009-12-04,547,548,524,529,1690000,529
2009-12-07,549,549,529,536,1399300,536
2009-12-08,535,535,513,531,2371100,531
2009-12-09,532,535,523,524,775000,524
2009-12-10,544,544,521,524,1437200,524
2009-12-11,540,540,528,536,4222900,536
2009-12-14,528,532,517,529,1169200,529
2009-12-15,521,525,518,524,653400,524
2009-12-16,542,543,524,528,1085500,528
2009-12-17,518,532,515,527,888500,527
2009-12-18,526,526,516,524,892200,524
2009-12-21,526,534,520,532,1007300,532
2009-12-22,525,544,525,544,1170100,544
2009-12-24,543,550,531,544,1322000,544
2009-12-25,554,572,546,561,2572500,561
2009-12-28,557,575,556,574,1017000,574
2009-12-29,574,585,568,583,1707600,583
2009-12-30,582,585,571,571,832400,571
2010-01-04,565,583,561,573,865400,573
2010-01-05,574,602,573,594,1849500,594
2010-01-06,595,600,588,595,1400200,595
2010-01-07,591,610,591,598,1301000,598
2010-01-08,605,614,593,600,2220100,600
2010-01-12,592,601,588,598,1097400,598
2010-01-13,604,627,600,613,2008900,613
2010-01-14,621,622,606,613,820300,613
2010-01-15,617,623,608,622,1694800,622
2010-01-18,612,627,607,621,1517900,621
2010-01-19,615,620,607,613,797600,613
2010-01-20,614,620,605,607,574700,607
2010-01-21,600,613,594,612,1501000,612
2010-01-22,602,604,582,591,1645900,591
2010-01-25,576,604,576,599,1043100,599
2010-01-26,589,601,584,587,1762200,587
2010-01-27,582,591,571,578,1915600,578
2010-01-28,579,587,566,578,1649000,578
2010-01-29,567,574,560,560,1440700,560
2010-02-01,561,562,550,561,1653000,561
2010-02-02,562,568,556,567,1217000,567
2010-02-03,569,586,569,583,878900,583
2010-02-04,584,593,579,589,994500,589
2010-02-05,575,588,570,586,1554400,586
2010-02-08,577,581,565,574,1130500,574
2010-02-09,560,562,541,545,1977800,545
2010-02-10,541,560,539,549,1518500,549
2010-02-12,558,564,544,548,1883700,548
2010-02-15,553,556,542,543,861600,543
2010-02-16,540,554,535,551,1421400,551
2010-02-17,556,570,553,565,1025500,565
2010-02-18,560,573,557,567,1203400,567
2010-02-19,572,581,564,571,1465500,571
2010-02-22,580,593,575,588,1418200,588
2010-02-23,578,585,572,583,1274100,583
2010-02-24,613,616,597,609,5253500,609
2010-02-25,606,619,594,604,2389300,604
2010-02-26,609,614,595,604,2378600,604
2010-03-01,610,614,602,603,1261500,603
2010-03-02,605,610,599,608,787800,608
2010-03-03,607,616,601,610,1367400,610
2010-03-04,610,614,601,611,2143600,611
2010-03-05,612,650,611,647,3191800,647
2010-03-08,647,660,637,659,2255400,659
2010-03-09,660,661,647,652,1686100,652
2010-03-10,645,658,642,654,1299200,654
2010-03-11,660,678,650,674,2236100,674
2010-03-12,684,684,663,672,4976400,672
2010-03-15,673,673,662,670,843200,670
2010-03-16,667,674,664,668,767500,668
2010-03-17,677,688,669,684,1697800,684
2010-03-18,689,693,674,675,1631300,675
2010-03-19,680,681,672,678,910000,678
2010-03-23,669,678,669,670,807700,670
2010-03-24,675,680,662,665,1158200,665
2010-03-25,663,665,646,647,2269700,647
2010-03-26,648,662,643,660,1897400,660
2010-03-29,658,663,650,660,1212700,660
2010-03-30,665,676,663,672,1209200,672
2010-03-31,675,692,660,678,1703900,678
2010-04-01,692,702,683,699,2431300,699
2010-04-02,704,707,687,703,1826200,703
2010-04-05,711,744,710,740,3059000,740
2010-04-06,741,749,729,745,2641200,745
2010-04-07,726,731,715,725,2529000,725
2010-04-08,726,742,714,736,2444800,736
2010-04-09,733,741,728,738,2517700,738
2010-04-12,750,766,744,755,1590100,755
2010-04-13,755,764,744,760,1856900,760
2010-04-14,761,764,743,746,2147900,746
2010-04-15,748,760,745,752,1687400,752
2010-04-16,757,758,741,749,1868900,749
2010-04-19,741,743,727,733,1381300,733
2010-04-20,720,744,704,730,2522500,730
2010-04-21,740,760,740,755,1247400,755
2010-04-22,755,769,748,760,1916900,760
2010-04-23,761,767,752,762,1146300,762
2010-04-26,770,790,770,781,1666000,781
2010-04-27,774,775,763,766,1366100,766
2010-04-28,753,759,741,747,1703300,747
2010-04-30,761,763,745,750,1814700,750
2010-05-06,735,747,725,733,2196200,733
2010-05-07,705,712,695,702,2240400,702
2010-05-10,715,737,704,736,1580800,736
2010-05-11,747,761,738,739,1499000,739
2010-05-12,741,750,717,723,2033500,723
2010-05-13,738,752,732,739,1521800,739
2010-05-14,725,737,722,722,1790400,722
2010-05-17,713,716,678,697,2927200,697
2010-05-18,692,692,671,674,2996500,674
2010-05-19,679,687,662,682,2313200,682
2010-05-20,675,678,660,662,1330400,662
2010-05-21,652,672,648,658,3296500,658
2010-05-24,651,671,643,662,2174200,662
2010-05-25,652,654,623,629,3193500,629
2010-05-26,639,652,628,629,2591800,629
2010-05-27,620,637,617,634,1520700,634
2010-05-28,639,652,628,642,2492600,642
2010-05-31,632,652,632,648,1615900,648
2010-06-01,639,645,629,643,1593300,643
2010-06-02,644,648,630,634,1394700,634
2010-06-03,644,659,640,657,981300,657
2010-06-04,661,661,649,660,1141500,660
2010-06-07,650,655,630,633,1629400,633
2010-06-08,623,637,620,633,919600,633
2010-06-09,624,631,621,625,1265400,625
2010-06-10,623,628,621,626,1196800,626
2010-06-11,642,649,636,640,4609400,640
2010-06-14,650,658,646,653,886300,653
2010-06-15,646,654,645,653,679500,653
2010-06-16,654,664,653,660,948300,660
2010-06-17,653,658,651,656,504700,656
2010-06-18,657,663,651,659,837700,659
2010-06-21,666,671,662,669,1677400,669
2010-06-22,665,673,659,659,1075400,659
2010-06-23,658,660,648,648,1364900,648
2010-06-24,644,658,640,649,622900,649
2010-06-25,640,648,637,640,1241000,640
2010-06-28,647,647,629,630,854300,630
2010-06-29,630,637,620,625,1400700,625
2010-06-30,615,615,603,603,1497600,603
2010-07-01,604,610,592,595,1313900,595
2010-07-02,594,597,586,592,1066800,592
2010-07-05,598,639,598,626,2831300,626
2010-07-06,615,619,598,615,1642700,615
2010-07-07,615,616,603,609,1013700,609
2010-07-08,629,647,627,647,2718800,647
2010-07-09,652,653,637,643,1775500,643
2010-07-12,636,645,634,639,1055100,639
2010-07-13,640,643,629,632,655500,632
2010-07-14,644,649,640,641,1036600,641
2010-07-15,632,652,632,646,1198700,646
2010-07-16,641,643,623,624,915000,624
2010-07-20,613,624,607,616,979400,616
2010-07-21,626,629,615,616,991500,616
2010-07-22,610,615,603,604,1275300,604
2010-07-23,618,620,612,615,763600,615
2010-07-26,625,626,616,617,511500,617
2010-07-27,614,619,608,615,789900,615
2010-07-28,625,637,624,635,908300,635
2010-07-29,625,632,622,627,548700,627
2010-07-30,620,625,604,606,1560500,606
2010-08-02,612,619,607,607,739900,607
2010-08-03,617,628,612,620,1267300,620
2010-08-04,619,622,613,619,1393200,619
2010-08-05,632,638,623,632,1046300,632
2010-08-06,622,636,621,632,636600,632
2010-08-09,633,644,629,640,1147200,640
2010-08-10,641,647,627,633,836200,633
2010-08-11,623,630,613,616,1241600,616
2010-08-12,606,617,605,611,1290700,611
2010-08-13,608,632,605,628,1604100,628
2010-08-16,614,618,607,616,1518700,616
2010-08-17,606,610,600,601,1551900,601
2010-08-18,610,623,600,620,1432100,620
2010-08-19,618,621,615,621,1316700,621
2010-08-20,611,613,596,597,1116900,597
2010-08-23,595,601,592,595,749400,595
2010-08-24,589,590,578,578,1024800,578
2010-08-25,570,576,565,571,1667300,571
2010-08-26,577,577,566,574,1043600,574
2010-08-27,564,586,560,582,1447600,582
2010-08-30,595,600,590,591,708500,591
2010-08-31,575,580,564,564,1020300,564
2010-09-01,564,571,558,569,1745800,569
2010-09-02,585,585,569,579,1201200,579
2010-09-03,584,584,574,577,534300,577
2010-09-06,585,596,580,596,819500,596
2010-09-07,586,592,583,587,661800,587
2010-09-08,575,578,564,566,865200,566
2010-09-09,576,576,564,574,681700,574
2010-09-10,579,600,572,594,2837900,594
2010-09-13,600,609,600,602,1020500,602
2010-09-14,604,604,587,592,932100,592
2010-09-15,591,616,587,610,1743700,610
2010-09-16,630,636,628,634,2627100,634
2010-09-17,632,652,631,648,2249200,648
2010-09-21,659,671,647,651,3746500,651
2010-09-22,645,655,642,645,2576700,645
2010-09-24,635,664,632,654,2604500,654
2010-09-27,651,652,631,640,2229600,640
2010-09-28,640,643,633,640,821400,640
2010-09-29,640,642,632,639,1231900,639
2010-09-30,642,647,623,625,1555200,625
2010-10-01,630,636,627,629,1383200,629
2010-10-04,624,633,619,623,1793700,623
2010-10-05,622,642,616,639,2071600,639
2010-10-06,649,674,644,673,3628300,673
2010-10-07,675,691,675,691,2380700,691
2010-10-08,692,709,685,699,3176300,699
2010-10-12,698,698,669,673,3058400,673
2010-10-13,679,683,657,660,2222600,660
2010-10-14,670,686,663,682,2113500,682
2010-10-15,689,692,673,674,2497500,674
2010-10-18,671,678,668,672,1187500,672
2010-10-19,673,686,668,673,1217800,673
2010-10-20,654,656,644,651,2069400,651
2010-10-21,655,660,642,649,1864500,649
2010-10-22,657,659,645,648,1463100,648
2010-10-25,648,658,643,645,2077500,645
2010-10-26,646,657,642,643,1177000,643
2010-10-27,651,662,650,654,1803300,654
2010-10-28,653,653,639,644,2451900,644
2010-10-29,638,639,629,633,1778500,633
2010-11-01,634,639,628,630,1234700,630
2010-11-02,628,635,624,630,826800,630
2010-11-04,640,655,638,644,1090100,644
2010-11-05,660,683,660,679,1924600,679
2010-11-08,689,696,684,687,1482200,687
2010-11-09,678,691,671,682,1834400,682
2010-11-10,691,699,687,696,1352900,696
2010-11-11,696,701,689,689,1255200,689
2010-11-12,688,706,684,695,1771100,695
2010-11-15,705,706,662,680,2831600,680
2010-11-16,683,684,669,681,1896500,681
2010-11-17,671,686,666,680,1093300,680
2010-11-18,668,690,663,684,2645400,684
2010-11-19,686,690,681,688,1956200,688
2010-11-22,698,699,681,685,1999700,685
2010-11-24,675,686,667,680,1252200,680
2010-11-25,690,695,676,685,1274900,685
2010-11-26,689,692,683,684,849100,684
2010-11-29,689,693,679,687,1363700,687
2010-11-30,687,695,676,678,2209100,678
2010-12-01,678,682,671,676,1197500,676
2010-12-02,696,698,687,692,1703500,692
2010-12-03,693,697,681,687,1956800,687
2010-12-06,692,698,689,692,1267900,692
2010-12-07,689,693,682,687,1454700,687
2010-12-08,695,702,691,695,1700600,695
2010-12-09,700,703,692,702,1519400,702
2010-12-10,713,713,686,693,5138900,693
2010-12-13,696,696,683,685,1654300,685
2010-12-14,687,691,681,688,1998300,688
2010-12-15,680,690,680,685,1774200,685
2010-12-16,690,694,680,689,2275800,689
2010-12-17,683,696,683,690,1755100,690
2010-12-20,683,689,670,674,1959700,674
2010-12-21,678,684,672,681,1307000,681
2010-12-22,672,686,672,678,1864900,678
2010-12-24,668,673,665,667,954200,667
2010-12-27,667,673,666,670,1469800,670
2010-12-28,666,670,662,663,1399000,663
2010-12-29,663,674,662,671,588000,671
2010-12-30,665,668,658,662,1163000,662
2011-01-04,672,678,668,676,1140400,676
2011-01-05,670,677,667,671,1332000,671
2011-01-06,681,705,680,703,2931100,703
2011-01-07,699,703,691,697,1639000,697
2011-01-11,692,700,687,696,1535700,696
2011-01-12,694,700,689,691,1386300,691
2011-01-13,694,706,693,700,1794000,700
2011-01-14,690,713,690,704,3006100,704
2011-01-17,707,740,707,723,2809800,723
2011-01-18,715,727,715,725,1325000,725
2011-01-19,729,736,722,729,1436900,729
2011-01-20,722,730,719,726,1230100,726
2011-01-21,730,736,716,718,2293900,718
2011-01-24,725,725,711,720,1360000,720
2011-01-25,724,732,715,725,1381600,725
2011-01-26,726,731,721,724,904900,724
2011-01-27,727,729,715,718,1238100,718
2011-01-28,714,719,700,705,1364900,705
2011-01-31,706,706,694,694,1098100,694
2011-02-01,695,702,690,698,1131600,698
2011-02-02,707,720,706,715,933300,715
2011-02-03,703,715,702,711,1102500,711
2011-02-04,726,730,719,720,736500,720
2011-02-07,735,745,730,739,1379400,739
2011-02-08,746,774,744,764,2977800,764
2011-02-09,764,781,758,776,2667300,776
2011-02-10,767,772,758,758,2214600,758
2011-02-14,769,790,768,784,2020100,784
2011-02-15,778,779,763,770,1946300,770
2011-02-16,774,785,768,778,1408100,778
2011-02-17,778,786,765,767,1977400,767
2011-02-18,762,774,761,769,1355400,769
2011-02-21,768,781,762,774,1204200,774
2011-02-22,764,766,749,756,1932800,756
2011-02-23,744,758,740,749,1726000,749
2011-02-24,750,751,731,734,1781900,734
2011-02-25,732,734,721,725,2768400,725
2011-02-28,720,734,720,732,2469400,732
2011-03-01,736,743,729,736,1478900,736
2011-03-02,726,730,710,712,1662000,712
2011-03-03,714,719,708,713,1040100,713
2011-03-04,724,729,716,720,2114300,720
2011-03-07,712,717,683,689,3168900,689
2011-03-08,699,699,688,693,1881300,693
2011-03-09,696,705,695,700,1475400,700
2011-03-10,694,697,684,685,1281300,685
2011-03-11,677,691,672,672,4248000,672
2011-03-14,652,657,613,618,2318300,618
2011-03-15,591,592,518,518,3141900,518
2011-03-16,528,547,504,523,4584200,523
2011-03-17,503,530,500,514,4219600,514
2011-03-18,515,532,515,522,4285300,522
2011-03-22,543,576,529,572,7196700,572
2011-03-23,559,568,540,557,5498900,557
2011-03-24,551,552,534,536,4123800,536
2011-03-25,541,545,528,531,3675900,531
2011-03-28,522,530,503,506,6006800,506
2011-03-29,507,529,501,517,5537700,517
2011-03-30,520,545,514,545,4027100,545
2011-03-31,534,539,521,537,5333700,537
2011-04-01,543,550,529,542,4374400,542
2011-04-04,538,550,532,539,2548200,539
2011-04-05,532,535,514,517,4292400,517
2011-04-06,527,529,514,520,3871300,520
2011-04-07,530,535,520,529,3190000,529
2011-04-08,530,547,522,541,3799300,541
2011-04-11,543,556,540,548,3913500,548
2011-04-12,538,538,528,533,3043500,533
2011-04-13,532,535,520,526,2750100,526
2011-04-14,524,533,522,531,1990300,531
2011-04-15,531,535,525,528,2866200,528
2011-04-18,528,538,527,530,2169600,530
2011-04-19,524,528,515,521,2603900,521
2011-04-20,531,545,528,540,2492700,540
2011-04-21,548,550,539,541,2311000,541
2011-04-22,541,544,537,540,1741500,540
2011-04-25,540,547,540,542,1360600,542
2011-04-26,540,541,531,533,1554700,533
2011-04-27,535,548,535,540,1870400,540
2011-04-28,547,559,542,558,2647700,558
2011-05-02,568,573,564,568,2489700,568
2011-05-06,550,554,541,547,3015100,547
2011-05-09,542,548,534,539,3064200,539
2011-05-10,545,553,534,551,2931500,551
2011-05-11,556,567,556,563,2765600,563
2011-05-12,549,564,547,551,2063900,551
2011-05-13,557,566,543,548,3691200,548
2011-05-16,542,546,530,532,2965200,532
2011-05-17,536,551,534,549,2901100,549
2011-05-18,553,562,552,559,1999000,559
2011-05-19,560,566,558,560,1333700,560
2011-05-20,564,567,558,559,1515000,559
2011-05-23,554,554,544,544,2077100,544
2011-05-24,543,552,539,546,1814400,546
2011-05-25,545,549,540,543,651100,543
2011-05-26,550,561,549,556,1481100,556
2011-05-27,551,566,547,561,1843100,561
2011-05-30,562,562,552,557,1157300,557
2011-05-31,558,578,557,577,2677600,577
2011-06-01,576,578,565,578,2389800,578
2011-06-02,565,568,559,565,2812400,565
2011-06-03,565,569,553,554,1639500,554
2011-06-06,552,553,544,547,1369800,547
2011-06-07,545,549,541,548,1172000,548
2011-06-08,547,552,540,547,1614300,547
2011-06-09,543,546,537,543,1947600,543
2011-06-10,551,561,548,551,3709000,551
2011-06-13,541,545,539,542,756500,542
2011-06-14,546,559,543,558,1513900,558
2011-06-15,559,559,554,557,1061300,557
2011-06-16,558,565,555,561,1703100,561
2011-06-17,562,562,540,545,2243200,545
2011-06-20,545,552,540,552,1909200,552
2011-06-21,554,559,548,558,1592700,558
2011-06-22,567,582,566,580,2976700,580
2011-06-23,581,586,574,585,2267300,585
2011-06-24,590,600,589,595,2426900,595
2011-06-27,597,598,586,587,1705300,587
2011-06-28,597,603,593,596,1996100,596
2011-06-29,607,607,599,605,1617800,605
2011-06-30,608,612,603,608,1442300,608
2011-07-01,618,622,612,616,2473500,616
2011-07-04,626,626,618,620,1856300,620
2011-07-05,617,625,616,619,1938000,619
2011-07-06,615,621,614,616,2164000,616
2011-07-07,616,630,616,624,1856400,624
2011-07-08,634,634,627,630,1651800,630
2011-07-11,623,635,621,629,1174400,629
2011-07-12,619,626,615,620,1452300,620
2011-07-13,630,635,625,633,2115700,633
2011-07-14,634,643,631,640,2650200,640
2011-07-15,644,654,643,652,2446800,652
2011-07-19,651,652,643,645,1687200,645
2011-07-20,651,656,647,650,1159400,650
2011-07-21,647,653,645,646,2165400,646
2011-07-22,651,658,647,654,1190100,654
2011-07-25,649,655,647,651,1657500,651
2011-07-26,655,660,650,653,1223200,653
2011-07-27,649,651,644,649,1159300,649
2011-07-28,640,641,628,630,2025700,630
2011-07-29,630,642,627,633,1515000,633
2011-08-01,643,652,643,650,1917900,650
2011-08-02,642,643,634,635,1322600,635
2011-08-03,621,627,613,618,1478400,618
2011-08-04,620,634,618,622,1802100,622
2011-08-05,597,604,585,591,2015000,591
2011-08-08,586,596,585,589,2457300,589
2011-08-09,562,583,559,582,2772000,582
2011-08-10,600,603,592,596,1857100,596
2011-08-11,578,600,576,598,2089200,598
2011-08-12,608,609,600,607,2872200,607
2011-08-15,613,626,611,623,2048900,623
2011-08-16,621,627,613,614,2113500,614
2011-08-17,612,620,607,616,1160300,616
2011-08-18,617,621,609,614,1249600,614
2011-08-19,598,608,597,598,1659400,598
2011-08-22,592,601,591,593,1408000,593
2011-08-23,602,606,595,604,1735400,604
2011-08-24,613,616,597,600,1225900,600
2011-08-25,613,615,599,600,1574600,600
2011-08-26,592,596,583,591,3082200,591
2011-08-29,592,603,585,589,2539100,589
2011-08-30,596,598,588,592,1691200,592
2011-08-31,590,598,587,596,1572400,596
2011-09-01,605,606,594,597,1577600,597
2011-09-02,585,586,570,571,3161100,571
2011-09-05,561,565,556,559,3109600,559
2011-09-06,550,561,550,555,2369100,555
2011-09-07,565,569,557,563,1659300,563
2011-09-08,570,573,564,567,1071200,567
2011-09-09,561,570,561,566,3342100,566
2011-09-12,552,556,544,547,1642200,547
2011-09-13,553,557,547,555,1304200,555
2011-09-14,560,563,550,552,1719200,552
2011-09-15,563,565,559,564,1129300,564
2011-09-16,566,572,559,572,1587800,572
2011-09-20,575,575,561,565,1023900,565
2011-09-21,566,569,559,561,1233600,561
2011-09-22,553,560,551,558,1537300,558
2011-09-26,561,564,548,550,1856000,550
2011-09-27,560,564,555,564,1407300,564
2011-09-28,567,585,566,583,1655500,583
2011-09-29,576,587,570,587,1955900,587
2011-09-30,595,598,588,589,1295400,589
2011-10-03,577,591,575,588,1538000,588
2011-10-04,582,586,573,575,1623400,575
2011-10-05,585,585,572,583,1488700,583
2011-10-06,598,605,597,600,1370200,600
2011-10-07,605,606,595,598,899100,598
2011-10-11,609,617,602,615,1296600,615
2011-10-12,618,619,601,603,1042000,603
2011-10-13,603,608,599,604,793700,604
2011-10-14,601,601,589,596,1372400,596
2011-10-17,597,603,596,597,708200,597
2011-10-18,588,603,588,590,626500,590
2011-10-19,605,610,599,605,1088600,605
2011-10-20,606,612,602,610,969300,610
2011-10-21,611,618,605,609,1256400,609
2011-10-24,616,628,615,619,1229200,619
2011-10-25,618,621,605,609,1036100,609
2011-10-26,599,606,595,603,1111800,603
2011-10-27,597,614,597,612,1025800,612
2011-10-28,622,625,607,612,1060800,612
2011-10-31,606,627,606,619,900200,619
2011-11-01,606,622,603,614,893200,614
2011-11-02,606,608,596,598,945100,598
2011-11-04,608,610,599,605,977100,605
2011-11-07,597,599,588,593,1107800,593
2011-11-08,593,599,587,587,508600,587
2011-11-09,594,607,593,601,749500,601
2011-11-10,587,592,575,576,1404100,576
2011-11-11,581,591,573,577,1277500,577
2011-11-14,582,583,567,571,1251200,571
2011-11-15,568,571,564,567,733900,567
2011-11-16,567,567,554,560,1251900,560
2011-11-17,560,560,551,559,972600,559
2011-11-18,552,562,551,558,910100,558
2011-11-21,559,564,556,559,603000,559
2011-11-22,554,560,547,548,1088000,548
2011-11-24,539,547,533,542,981500,542
2011-11-25,538,544,532,537,1024600,537
2011-11-28,541,545,530,543,984600,543
2011-11-29,551,558,547,558,1111200,558
2011-11-30,554,561,547,551,1303600,551
2011-12-01,566,568,556,557,1439200,557
2011-12-02,558,568,555,568,1287500,568
2011-12-05,568,580,566,578,672900,578
2011-12-06,568,580,562,562,1683600,562
2011-12-07,570,586,564,584,1860400,584
2011-12-08,577,580,573,577,1291200,577
2011-12-09,557,567,556,566,4908500,566
2011-12-12,575,585,570,583,1442100,583
2011-12-13,578,583,573,579,1165900,579
2011-12-14,570,582,568,581,1024300,581
2011-12-15,575,582,572,576,1068900,576
2011-12-16,583,584,576,578,1252700,578
2011-12-19,577,578,568,570,1269200,570
2011-12-20,575,592,572,591,1495200,591
2011-12-21,594,599,591,597,991300,597
2011-12-22,593,598,590,594,1083200,594
2011-12-26,608,609,598,599,620500,599
2011-12-27,593,594,586,593,569200,593
2011-12-28,594,596,591,593,694100,593
2011-12-29,588,592,584,592,439000,592
2011-12-30,596,600,592,600,817300,600
2012-01-04,607,608,597,598,674700,598
2012-01-05,593,600,591,592,662100,592
2012-01-06,588,595,583,587,783200,587
2012-01-10,593,597,585,590,1070800,590
2012-01-11,587,592,586,589,849600,589
2012-01-12,585,589,582,584,648200,584
2012-01-13,580,585,576,579,2359800,579
2012-01-16,569,572,564,568,1261000,568
2012-01-17,572,588,572,588,1123000,588
2012-01-18,591,593,581,586,1369100,586
2012-01-19,587,598,586,594,976600,594
2012-01-20,604,613,600,609,1301100,609
2012-01-23,606,617,605,615,1049500,615
2012-01-24,615,620,611,619,1120800,619
2012-01-25,621,621,611,612,1158800,612
2012-01-26,610,615,604,608,1345100,608
2012-01-27,609,613,605,611,1508000,611
2012-01-30,610,614,608,611,1069700,611
2012-01-31,615,619,611,613,1056500,613
2012-02-01,610,615,602,605,1392000,605
2012-02-02,615,621,600,603,1437700,603
2012-02-03,594,605,594,598,1580600,598
2012-02-06,607,612,606,609,954200,609
2012-02-07,604,609,600,608,1249000,608
2012-02-08,613,615,604,608,1064400,608
2012-02-09,611,614,605,605,1123200,605
2012-02-10,603,605,596,597,1649200,597
2012-02-13,598,602,593,598,915900,598
2012-02-14,596,609,596,606,1462800,606
2012-02-15,605,617,603,615,1330300,615
2012-02-16,613,620,611,614,924000,614
2012-02-17,621,621,613,613,1021700,613
2012-02-20,620,621,611,614,977600,614
2012-02-21,612,622,612,622,1162300,622
2012-02-22,620,631,618,628,1011500,628
2012-02-23,633,636,627,635,1156200,635
2012-02-24,642,643,631,634,1141900,634
2012-02-27,639,641,629,636,1197800,636
2012-02-28,636,642,627,641,1347600,641
2012-02-29,646,667,645,662,2010800,662
2012-03-01,662,667,655,661,1814000,661
2012-03-02,664,676,659,674,1522300,674
2012-03-05,670,677,668,671,1298500,671
2012-03-06,672,678,668,672,1214400,672
2012-03-07,663,674,663,668,831300,668
2012-03-08,676,690,674,690,1198300,690
2012-03-09,704,705,691,698,3793600,698
2012-03-12,708,708,694,695,1028400,695
2012-03-13,691,712,687,702,1403400,702
2012-03-14,713,714,693,693,1289200,693
2012-03-15,701,708,694,696,1441100,696
2012-03-16,695,700,688,692,984500,692
2012-03-19,697,702,693,693,1010400,693
2012-03-21,691,700,688,697,957600,697
2012-03-22,691,698,690,694,1455400,694
2012-03-23,688,695,687,688,673000,688
2012-03-26,690,694,687,687,884200,687
2012-03-27,699,702,691,701,1042300,701
2012-03-28,690,695,687,692,987900,692
2012-03-29,689,697,689,692,746200,692
2012-03-30,695,695,686,690,1178100,690
2012-04-02,687,690,675,683,1696500,683
2012-04-03,684,688,680,683,739500,683
2012-04-04,685,694,670,670,1325600,670
2012-04-05,664,669,659,661,1185400,661
2012-04-06,657,668,654,667,1136200,667
2012-04-09,659,666,655,659,919400,659
2012-04-10,664,669,658,658,1117200,658
2012-04-11,648,656,643,648,1293700,648
2012-04-12,648,659,646,651,939200,651
2012-04-13,651,652,641,647,2936800,647
2012-04-16,637,650,637,639,987900,639
2012-04-17,645,655,639,651,1102800,651
2012-04-18,650,654,648,652,1085600,652
2012-04-19,648,648,641,642,850000,642
2012-04-20,643,652,639,642,1044100,642
2012-04-23,647,651,634,639,949200,639
2012-04-24,635,635,624,629,824200,629
2012-04-25,636,641,630,634,1257200,634
2012-04-26,644,653,640,646,1264900,646
2012-04-27,644,650,635,636,1830500,636
2012-05-01,640,640,631,633,937900,633
2012-05-02,634,638,628,635,662200,635
2012-05-07,619,630,619,623,1065000,623
2012-05-08,628,633,621,624,1231700,624
2012-05-09,621,624,608,609,1336600,609
2012-05-10,602,612,602,605,1464500,605
2012-05-11,610,615,593,595,1482500,595
2012-05-14,594,602,588,591,1733900,591
2012-05-15,596,596,569,572,3087000,572
2012-05-16,569,572,560,563,1872500,563
2012-05-17,560,566,556,563,1887000,563
2012-05-18,556,567,556,557,1719800,557
2012-05-21,559,567,559,562,944600,562
2012-05-22,564,567,558,560,1068200,560
2012-05-23,562,563,549,552,1505200,552
2012-05-24,552,561,550,556,1491100,556
2012-05-25,557,561,549,557,1439900,557
2012-05-28,555,558,542,547,1670400,547
2012-05-29,543,551,541,551,1272600,551
2012-05-30,551,554,547,551,1063000,551
2012-05-31,545,555,542,553,1816500,553
2012-06-01,550,550,541,544,1363900,544
2012-06-04,534,541,533,540,1356200,540
2012-06-05,539,541,531,538,1351600,538
2012-06-06,543,550,542,549,1452500,549
2012-06-07,557,564,550,564,2414300,564
2012-06-08,565,566,545,549,3883000,549
2012-06-11,559,559,545,552,1795700,552
2012-06-12,542,544,535,541,1624200,541
2012-06-13,545,549,541,545,1334300,545
2012-06-14,539,541,525,528,2462000,528
2012-06-15,528,537,528,530,1563100,530
2012-06-18,533,541,532,539,1250400,539
2012-06-19,540,547,535,540,1311700,540
2012-06-20,545,562,544,558,1762400,558
2012-06-21,562,566,556,566,1616700,566
2012-06-22,560,574,553,571,2017200,571
2012-06-25,576,581,567,570,1475200,570
2012-06-26,569,574,560,564,1780300,564
2012-06-27,565,584,563,583,1664600,583
2012-06-28,587,593,582,592,1892700,592
2012-06-29,589,609,588,606,2071700,606
2012-07-02,609,610,596,597,884200,597
2012-07-03,596,606,596,603,720800,603
2012-07-04,603,606,595,597,954100,597
2012-07-05,597,605,597,604,949900,604
2012-07-06,606,607,595,598,1178300,598
2012-07-09,595,606,594,604,1012400,604
2012-07-10,608,616,604,606,1355500,606
2012-07-11,603,609,601,609,935000,609
2012-07-12,612,614,604,605,1572000,605
2012-07-13,605,615,602,603,1293900,603
2012-07-17,606,614,601,611,1393200,611
2012-07-18,615,617,597,600,1512300,600
2012-07-19,598,610,598,600,1051300,600
2012-07-20,599,602,585,586,1213100,586
2012-07-23,578,582,570,571,1024000,571
2012-07-24,571,576,567,570,1082600,570
2012-07-25,564,571,556,558,1210000,558
2012-07-26,559,561,550,561,1105900,561
2012-07-27,568,575,565,570,775100,570
2012-07-30,576,579,574,578,809900,578
2012-07-31,577,580,571,576,1240700,576
2012-08-01,570,580,568,570,1344800,570
2012-08-02,568,582,566,579,1478500,579
2012-08-03,560,570,558,560,1101500,560
2012-08-06,570,574,566,572,911000,572
2012-08-07,575,586,572,584,1029600,584
2012-08-08,593,595,583,591,1249100,591
2012-08-09,591,595,585,591,1084200,591
2012-08-10,591,594,585,592,851300,592
2012-08-13,591,597,591,592,463600,592
2012-08-14,596,603,592,602,783300,602
2012-08-15,603,606,592,596,719500,596
2012-08-16,600,602,594,602,551500,602
2012-08-17,602,608,597,604,808700,604
2012-08-20,605,609,603,606,614200,606
2012-08-21,607,612,605,609,527700,609
2012-08-22,608,608,592,600,903300,600
2012-08-23,595,602,593,599,1036500,599
2012-08-24,593,597,591,591,524400,591
2012-08-27,599,601,593,594,614500,594
2012-08-28,600,603,590,594,1154300,594
2012-08-29,597,604,594,597,841000,597
2012-08-30,601,606,587,590,885900,590
2012-08-31,580,583,573,573,1287900,573
2012-09-03,571,578,569,569,954100,569
2012-09-04,566,569,558,562,1366600,562
2012-09-05,564,566,553,553,810200,553
2012-09-06,553,556,546,548,1051900,548
2012-09-07,564,567,556,559,1242000,559
2012-09-10,557,562,555,556,703100,556
2012-09-11,554,557,549,553,732700,553
2012-09-12,556,565,554,563,644700,563
2012-09-13,564,568,560,566,437700,566
2012-09-14,572,578,568,573,2504800,573
2012-09-18,576,577,567,567,1139400,567
2012-09-19,567,580,565,577,1015100,577
2012-09-20,570,575,567,569,1579600,569
2012-09-21,571,576,569,575,820400,575
2012-09-24,578,581,568,572,1498500,572
2012-09-25,568,580,568,576,1366800,576
2012-09-26,564,571,561,567,748000,567
2012-09-27,566,566,560,565,705600,565
2012-09-28,566,566,552,553,1165900,553
2012-10-01,549,555,546,547,791600,547
2012-10-02,549,552,542,544,880500,544
2012-10-03,543,544,527,528,1373300,528
2012-10-04,534,539,525,536,1007300,536
2012-10-05,536,538,531,538,797200,538
2012-10-09,536,543,532,532,921700,532
2012-10-10,533,539,525,528,1423400,528
2012-10-11,522,523,516,520,1057500,520
2012-10-12,540,547,531,537,2521600,537
2012-10-15,536,538,531,536,1470700,536
2012-10-16,537,553,537,551,1387300,551
2012-10-17,557,560,549,559,1805700,559
2012-10-18,565,577,563,574,1726200,574
2012-10-19,575,580,568,576,1289600,576
2012-10-22,566,575,565,571,1329700,571
2012-10-23,570,573,554,558,1821000,558
2012-10-24,549,563,549,555,1596200,555
2012-10-25,553,578,552,576,1645700,576
2012-10-26,574,582,567,568,1121500,568
2012-10-29,571,573,565,570,732400,570
2012-10-30,575,593,565,574,1969500,574
2012-10-31,575,583,568,574,1572100,574
2012-11-01,569,574,565,567,1032500,567
2012-11-02,569,574,560,564,1378000,564
2012-11-05,558,567,554,557,1162800,557
2012-11-06,554,557,551,552,749000,552
2012-11-07,557,558,542,547,1418100,547
2012-11-08,543,546,536,541,972800,541
2012-11-09,533,536,526,528,1283900,528
2012-11-12,525,528,517,517,1138500,517
2012-11-13,520,526,518,523,1322300,523
2012-11-14,529,540,526,537,1742600,537
2012-11-15,545,546,528,537,1631700,537
2012-11-16,538,542,529,533,1632000,533
2012-11-19,536,539,533,536,1220300,536
2012-11-20,542,543,537,538,1501500,538
2012-11-21,548,562,545,557,2291600,557
2012-11-22,567,570,556,561,1564400,561
2012-11-26,560,567,556,560,2196800,560
2012-11-27,567,571,558,565,2509500,565
2012-11-28,565,569,564,565,1347600,565
2012-11-29,565,566,557,563,1328500,563
2012-11-30,566,568,557,557,1459800,557
2012-12-03,561,565,558,561,717800,561
2012-12-04,558,574,556,572,1444500,572
2012-12-05,573,580,570,578,2168500,578
2012-12-06,577,583,574,581,1060900,581
2012-12-07,579,580,571,571,1203600,571
2012-12-10,580,582,572,576,1052600,576
2012-12-11,574,580,574,575,749400,575
2012-12-12,578,579,567,576,984500,576
2012-12-13,580,584,577,579,1126200,579
2012-12-14,579,585,575,581,3260500,581
2012-12-17,591,596,584,591,1180000,591
2012-12-18,596,626,595,614,3032400,614
2012-12-19,624,649,614,649,3707100,649
2012-12-20,631,639,627,628,1858500,628
2012-12-21,636,639,613,614,2016100,614
2012-12-25,620,628,618,626,962800,626
2012-12-26,633,646,627,646,1408400,646
2012-12-27,654,698,651,682,3694300,682
2012-12-28,684,690,672,687,1553300,687
2013-01-04,706,713,691,694,1472900,694
2013-01-07,694,706,694,702,1102400,702
2013-01-08,693,703,685,686,990100,686
2013-01-09,678,696,678,687,972900,687
2013-01-10,688,694,681,681,1568100,681
2013-01-11,676,688,675,676,2924700,676
2013-01-15,681,689,677,683,1081500,683
2013-01-16,680,682,667,670,2117500,670
2013-01-17,674,679,658,673,2474800,673
2013-01-18,683,696,680,692,1635500,692
2013-01-21,713,742,708,733,3699300,733
2013-01-22,729,738,716,723,1744500,723
2013-01-23,708,717,700,701,1586100,701
2013-01-24,695,722,694,720,1640500,720
2013-01-25,735,746,729,740,1351400,740
2013-01-28,747,747,730,732,1083000,732
2013-01-29,715,736,711,726,1995700,726
2013-01-30,732,748,728,743,1314000,743
2013-01-31,734,747,728,743,1304600,743
2013-02-01,746,756,743,747,1032700,747
2013-02-04,750,761,743,753,1014100,753
2013-02-05,745,752,723,723,1138000,723
2013-02-06,738,755,733,751,1290700,751
2013-02-07,739,743,727,732,1750000,732
2013-02-08,717,736,702,703,2712100,703
2013-02-12,721,734,717,727,1567200,727
2013-02-13,723,731,710,714,1128400,714
2013-02-14,713,721,710,717,963200,717
2013-02-15,714,717,700,707,1211400,707
2013-02-18,725,764,724,753,1828300,753
2013-02-19,745,766,744,755,1610500,755
2013-02-20,769,774,759,766,1150700,766
2013-02-21,759,776,752,753,770300,753
2013-02-22,746,770,746,766,1128400,766
2013-02-25,793,804,789,802,1403400,802
2013-02-26,772,790,771,776,1723500,776
2013-02-27,771,775,756,761,1413700,761
2013-02-28,767,795,762,791,1428000,791
2013-03-01,792,822,782,820,1273700,820
2013-03-04,827,833,811,825,1113000,825
2013-03-05,831,835,817,826,1325500,826
2013-03-06,838,863,832,860,1466700,860
2013-03-07,869,870,840,843,1476700,843
2013-03-08,845,859,843,854,4952400,854
2013-03-11,864,882,861,868,1406800,868
2013-03-12,881,884,847,848,1803300,848
2013-03-13,848,866,843,860,1136400,860
2013-03-14,870,917,862,912,1806200,912
2013-03-15,913,937,913,934,1827900,934
2013-03-18,911,921,889,891,1855100,891
2013-03-19,911,945,910,938,1565800,938
2013-03-21,953,976,946,967,1805800,967
2013-03-22,955,992,946,976,3105000,976
2013-03-25,1000,1043,995,1033,2641100,1033
2013-03-26,1023,1043,1019,1036,2064500,1036
2013-03-27,1018,1027,999,1006,1849100,1006
2013-03-28,1000,1007,950,973,3422600,973
2013-03-29,963,976,939,975,1954100,975
2013-04-01,987,1007,952,953,2521500,953
2013-04-02,950,1014,923,991,2722100,991
2013-04-03,992,1018,960,975,2656600,975
2013-04-04,960,1006,936,1006,2137400,1006
2013-04-05,1036,1085,1007,1058,4450400,1058
2013-04-08,1103,1153,1062,1152,3296500,1152
2013-04-09,1200,1213,1134,1146,2786300,1146
2013-04-10,1141,1153,1116,1122,2828000,1122
2013-04-11,1121,1136,1081,1094,2707900,1094
2013-04-12,1095,1105,1075,1090,3010600,1090
2013-04-15,1091,1099,1062,1079,1803900,1079
2013-04-16,1049,1097,1036,1082,1920400,1082
2013-04-17,1108,1159,1100,1157,2407100,1157
2013-04-18,1130,1152,1108,1124,2174500,1124
2013-04-19,1125,1145,1104,1111,2591600,1111
2013-04-22,1122,1157,1119,1143,1847300,1143
2013-04-23,1150,1173,1133,1141,1474000,1141
2013-04-24,1159,1171,1135,1136,1290200,1136
2013-04-25,1134,1145,1122,1122,1711100,1122
2013-04-26,1129,1154,1118,1121,1835500,1121
2013-04-30,1151,1159,1121,1130,1793200,1130
2013-05-01,1129,1134,1100,1119,1498600,1119
2013-05-02,1132,1143,1104,1113,1299000,1113
2013-05-07,1150,1175,1140,1166,2431100,1166
2013-05-08,1176,1176,1137,1144,1893500,1144
2013-05-09,1156,1169,1147,1149,1763900,1149
2013-05-10,1186,1199,1170,1182,3458200,1182
2013-05-13,1178,1188,1147,1156,2038000,1156
2013-05-14,1158,1169,1112,1115,1965200,1115
2013-05-15,1145,1167,1134,1149,2199800,1149
2013-05-16,1138,1144,1079,1098,3063300,1098
2013-05-17,1081,1127,1077,1120,1730100,1120
2013-05-20,1121,1136,1116,1119,1717800,1119
2013-05-21,1110,1116,1096,1114,1733200,1114
2013-05-22,1123,1146,1111,1136,1703600,1136
2013-05-23,1149,1153,1022,1026,2710400,1026
2013-05-24,1055,1065,978,1015,2425900,1015
2013-05-27,995,1016,968,997,2040400,997
2013-05-28,982,990,958,972,2132800,972
2013-05-29,987,1021,974,1006,2382600,1006
2013-05-30,988,996,948,957,2890300,957
2013-05-31,962,985,946,956,1720900,956
2013-06-03,930,941,909,909,1965000,909
2013-06-04,902,936,887,932,2507100,932
2013-06-05,925,976,907,908,2723400,908
2013-06-06,909,929,886,890,2064000,890
2013-06-07,877,904,857,888,2134100,888
2013-06-10,900,921,894,921,1649200,921
2013-06-11,926,931,892,899,1631100,899
2013-06-12,871,904,860,896,1587400,896
2013-06-13,866,875,824,832,1932400,832
2013-06-14,847,896,847,873,3595500,873
2013-06-17,862,903,858,903,1150900,903
2013-06-18,898,908,881,903,1024800,903
2013-06-19,933,947,924,944,1904700,944
2013-06-20,931,939,898,917,1507600,917
2013-06-21,902,938,887,932,1311600,932
2013-06-24,950,968,916,923,686100,923
2013-06-25,916,928,885,904,1096000,904
2013-06-26,914,928,889,890,972300,890
2013-06-27,898,938,896,935,1100300,935
2013-06-28,949,996,936,989,1733300,989
2013-07-01,984,990,956,986,1254500,986
2013-07-02,1001,1014,995,1013,848100,1013
2013-07-03,1018,1020,990,1002,760900,1002
2013-07-04,1000,1011,997,1001,657200,1001
2013-07-05,1004,1022,1001,1017,706600,1017
2013-07-08,1019,1030,993,993,1365200,993
2013-07-09,1016,1045,1005,1042,1228000,1042
2013-07-10,1039,1077,1039,1061,1460900,1061
2013-07-11,1043,1095,1043,1090,1653200,1090
2013-07-12,1106,1122,1082,1085,2290300,1085
2013-07-16,1083,1091,1074,1078,1686800,1078
2013-07-17,1078,1085,1064,1074,807800,1074
2013-07-18,1078,1087,1070,1086,945000,1086
2013-07-19,1100,1106,1053,1068,1588000,1068
2013-07-22,1068,1073,1041,1063,846900,1063
2013-07-23,1064,1079,1057,1073,668800,1073
2013-07-24,1065,1072,1049,1058,498000,1058
2013-07-25,1053,1063,1025,1033,1184600,1033
2013-07-26,1009,1021,998,1002,1015800,1002
2013-07-29,1002,1013,959,962,1161900,962
2013-07-30,965,987,955,981,1034700,981
2013-07-31,957,966,944,955,942600,955
2013-08-01,1000,1022,983,1014,1650900,1014
2013-08-02,1021,1060,998,1059,1467900,1059
2013-08-05,1029,1043,1020,1027,888400,1027
2013-08-06,1025,1044,1007,1040,1037500,1040
2013-08-07,1010,1023,982,982,1127700,982
2013-08-08,977,994,950,953,1153500,953
2013-08-09,949,964,928,934,1650000,934
2013-08-12,919,940,912,925,915600,925
2013-08-13,937,959,930,957,833100,957
2013-08-14,960,982,957,979,937300,979
2013-08-15,973,973,947,950,709100,950
2013-08-16,930,940,918,935,786000,935
2013-08-19,937,944,924,941,492200,941
2013-08-20,940,945,908,909,733400,909
2013-08-21,914,914,894,910,718400,910
2013-08-22,905,913,892,906,656300,906
2013-08-23,930,953,924,942,1020000,942
2013-08-26,952,959,942,946,656400,946
2013-08-27,942,946,920,926,730700,926
2013-08-28,912,919,900,913,697900,913
2013-08-29,914,928,910,926,749700,926
2013-08-30,941,941,909,920,951300,920
2013-09-02,931,948,917,944,650200,944
2013-09-03,952,987,952,982,1112600,982
2013-09-04,978,998,968,994,1188300,994
2013-09-05,994,994,962,971,1056500,971
2013-09-06,970,973,937,940,1155200,940
2013-09-09,985,987,954,977,684400,977
2013-09-10,985,995,976,991,861900,991
2013-09-11,997,1016,989,990,753700,990
2013-09-12,995,1009,970,978,678500,978
2013-09-13,968,988,956,971,2481800,971
2013-09-17,980,981,941,943,920300,943
2013-09-18,958,963,934,940,1691800,940
2013-09-19,943,951,930,942,1956400,942
2013-09-20,941,954,934,938,1457800,938
2013-09-24,928,937,923,932,1187600,932
2013-09-25,928,935,922,923,1531200,923
2013-09-26,915,937,885,935,1769200,935
2013-09-27,936,950,921,945,1792000,945
2013-09-30,917,929,897,919,1492300,919
2013-10-01,923,926,895,901,1100600,901
2013-10-02,905,909,859,862,1519600,862
2013-10-03,866,875,854,856,1342000,856
2013-10-04,853,864,843,854,1135000,854
2013-10-07,861,864,839,844,1104000,844
2013-10-08,841,859,837,852,1057600,852
2013-10-09,841,866,836,864,1141100,864
2013-10-10,870,884,862,880,1318900,880
2013-10-11,901,916,889,911,2079200,911
2013-10-15,924,925,905,911,1065500,911
2013-10-16,911,918,905,911,744900,911
2013-10-17,924,928,909,918,922000,918
2013-10-18,922,931,916,923,1129700,923
2013-10-21,934,950,931,950,1254400,950
2013-10-22,950,950,938,944,726300,944
2013-10-23,952,956,921,922,1192900,922
2013-10-24,923,932,906,928,1219200,928
2013-10-25,924,924,906,909,1465500,909
2013-10-28,919,929,908,925,1043400,925
2013-10-29,910,927,908,924,840300,924
2013-10-30,933,942,926,937,868900,937
2013-10-31,931,947,926,937,1571500,937
2013-11-01,942,946,913,918,1489900,918
2013-11-05,925,926,902,914,1455400,914
2013-11-06,904,935,898,923,1187700,923
2013-11-07,925,931,902,905,1093300,905
2013-11-08,898,928,895,922,2261500,922
2013-11-11,949,965,939,943,2070700,943
2013-11-12,950,1008,950,1004,3216100,1004
2013-11-13,996,1001,978,986,1981300,986
2013-11-14,1002,1045,1001,1021,2405500,1021
2013-11-15,1042,1058,1039,1049,2170900,1049
2013-11-18,1065,1075,1045,1052,1646400,1052
2013-11-19,1046,1057,1036,1052,1514600,1052
2013-11-20,1053,1053,1026,1032,1550500,1032
2013-11-21,1039,1066,1038,1061,1459500,1061
2013-11-22,1069,1076,1036,1048,1717300,1048
2013-11-25,1060,1060,1039,1059,1543800,1059
2013-11-26,1054,1056,1037,1049,1168600,1049
2013-11-27,1049,1073,1044,1063,1531300,1063
2013-11-28,1077,1077,1057,1072,1103900,1072
2013-11-29,1062,1072,1044,1053,1495900,1053
2013-12-02,1044,1061,1039,1049,1139300,1049
2013-12-03,1060,1069,1057,1062,1481300,1062
2013-12-04,1039,1043,1016,1030,1341300,1030
2013-12-05,1024,1029,1000,1003,1271700,1003
2013-12-06,993,1006,987,1004,1142600,1004
2013-12-09,1025,1030,1015,1025,1008000,1025
2013-12-10,1026,1029,1015,1021,872900,1021
2013-12-11,1010,1016,998,1012,897200,1012
2013-12-12,1003,1013,997,1010,872400,1010
2013-12-13,1003,1030,994,1018,3330700,1018
2013-12-16,1024,1028,998,999,735400,999
2013-12-17,1015,1023,1009,1015,664100,1015
2013-12-18,1004,1038,1001,1035,1119200,1035
2013-12-19,1049,1059,1041,1050,1426600,1050
2013-12-20,1040,1044,1028,1039,797500,1039
2013-12-24,1041,1064,1035,1050,1074100,1050
2013-12-25,1042,1057,1034,1057,760600,1057
2013-12-26,1061,1066,1050,1065,722300,1065
2013-12-27,1064,1078,1054,1072,906300,1072
2013-12-30,1085,1086,1064,1068,995300,1068
2014-01-06,1050,1068,1024,1036,1575200,1036
2014-01-07,1027,1042,1023,1032,748100,1032
2014-01-08,1044,1051,1030,1051,921800,1051
2014-01-09,1041,1044,1023,1036,1042600,1036
2014-01-10,1023,1036,1006,1034,1973600,1034
2014-01-14,1021,1029,991,993,1590100,993
2014-01-15,1010,1025,1009,1025,1207800,1025
2014-01-16,1026,1047,1025,1037,967100,1037
2014-01-17,1033,1050,1030,1045,1210100,1045
2014-01-20,1042,1043,1016,1039,1073400,1039
2014-01-21,1044,1079,1035,1061,1384800,1061
2014-01-22,1056,1062,1040,1055,1105800,1055
2014-01-23,1066,1076,1035,1038,1460700,1038
2014-01-24,1017,1017,984,990,2228800,990
2014-01-27,975,980,960,961,1161600,961
2014-01-28,972,990,963,978,1230100,978
2014-01-29,993,1007,987,996,1313900,996
2014-01-30,974,985,959,970,1220500,970
2014-01-31,983,994,959,973,1515400,973
2014-02-03,959,968,940,940,1061600,940
2014-02-04,906,923,899,900,1554400,900
2014-02-05,900,913,879,903,1707500,903
2014-02-06,889,905,879,882,1656200,882
2014-02-07,870,895,870,893,1195200,893
2014-02-10,908,910,887,900,1200300,900
2014-02-12,902,918,897,913,1182600,913
2014-02-13,910,916,893,897,1071600,897
2014-02-14,891,903,861,870,1613100,870
2014-02-17,869,884,862,881,755500,881
2014-02-18,891,915,885,909,1046800,909
2014-02-19,895,908,891,902,604400,902
2014-02-20,907,909,877,879,700200,879
2014-02-21,887,901,886,896,944500,896
2014-02-24,890,905,876,887,1127600,887
2014-02-25,889,897,879,890,946800,890
2014-02-26,883,899,883,891,834900,891
2014-02-27,881,886,863,867,1208300,867
2014-02-28,858,863,825,837,2932600,837
2014-03-03,830,839,818,835,864200,835
2014-03-04,835,851,830,847,942600,847
2014-03-05,867,875,859,861,1173400,861
2014-03-06,863,880,854,869,1394700,869
2014-03-07,870,880,865,876,968600,876
2014-03-10,867,874,853,856,857800,856
2014-03-11,860,871,857,869,727500,869
2014-03-12,854,863,843,843,926600,843
2014-03-13,844,853,840,842,628500,842
2014-03-14,834,839,827,829,3707600,829
2014-03-17,833,840,829,838,1247400,838
2014-03-18,853,868,848,852,1338600,852
2014-03-19,860,888,856,874,1910500,874
2014-03-20,889,892,872,875,2127900,875
2014-03-24,870,903,868,899,1741200,899
2014-03-25,883,896,872,882,1147100,882
2014-03-26,877,886,849,855,2336300,855
2014-03-27,835,854,822,851,2353500,851
2014-03-28,856,874,849,872,1250000,872
2014-03-31,877,885,865,885,1047600,885
2014-04-01,889,893,874,878,1157300,878
2014-04-02,883,909,880,896,1326100,896
2014-04-03,894,896,882,886,1057800,886
2014-04-04,884,898,882,897,552000,897
2014-04-07,882,889,869,874,977600,874
2014-04-08,874,875,860,866,753900,866
2014-04-09,861,861,839,843,1134900,843
2014-04-10,859,868,836,839,1071100,839
2014-04-11,828,842,823,838,2123500,838
2014-04-14,829,835,822,828,863400,828
2014-04-15,841,842,829,832,642700,832
2014-04-16,842,858,839,856,828100,856
2014-04-17,848,865,846,847,1064400,847
2014-04-18,859,867,854,855,897300,855
2014-04-21,895,915,873,883,2856700,883
2014-04-22,890,892,875,875,1156500,875
2014-04-23,890,917,889,915,1400800,915
2014-04-24,917,923,903,907,1075100,907
2014-04-25,915,923,903,914,984400,914
2014-04-28,911,922,899,920,863100,920
2014-04-30,923,926,904,907,1385600,907
2014-05-01,912,925,908,923,778500,923
2014-05-02,928,943,926,931,1062100,931
2014-05-07,921,935,911,913,1807200,913
2014-05-08,919,942,917,939,951300,939
2014-05-09,939,952,935,943,1158000,943
2014-05-12,946,954,938,939,1013600,939
2014-05-13,965,965,921,935,1481400,935
2014-05-14,932,960,930,950,1201800,950
2014-05-15,942,958,928,953,1171000,953
2014-05-16,936,943,927,940,1313800,940
2014-05-19,940,960,939,946,1008100,946
2014-05-20,950,961,944,949,1284400,949
2014-05-21,945,946,924,927,1056300,927
2014-05-22,940,954,935,953,1034700,953
2014-05-23,955,964,952,957,939000,957
2014-05-26,964,974,963,973,1074500,973
2014-05-27,976,985,967,968,1135000,968
2014-05-28,972,983,969,979,2008400,979
2014-05-29,969,978,961,975,1608500,975
2014-05-30,980,988,956,961,2684400,961
2014-06-02,968,970,955,964,2178500,964
2014-06-03,975,975,961,972,2088900,972
2014-06-04,965,968,952,962,1092400,962
2014-06-05,973,973,961,967,897100,967
2014-06-06,967,969,952,954,1080000,954
2014-06-09,960,964,948,954,827400,954
2014-06-10,952,955,931,934,978700,934
2014-06-11,930,943,926,941,995500,941
2014-06-12,935,935,917,926,949500,926
2014-06-13,910,938,910,935,2091300,935
2014-06-16,922,929,911,917,791000,917
2014-06-17,912,912,901,909,1240600,909
2014-06-18,915,928,909,925,1019600,925
2014-06-19,932,948,929,948,1170600,948
2014-06-20,942,952,941,946,1284500,946
2014-06-23,959,968,958,965,1303600,965
2014-06-24,968,972,956,969,655700,969
2014-06-25,961,967,956,966,604800,966
2014-06-26,972,972,959,964,734200,964
2014-06-27,964,969,945,951,1043100,951
2014-06-30,966,973,952,973,1532500,973
2014-07-01,981,1013,976,1004,2531700,1004
2014-07-02,1001,1020,982,993,2323800,993
2014-07-03,999,1003,960,963,1667600,963
2014-07-04,970,977,964,975,982100,975
2014-07-07,979,992,975,979,1013300,979
2014-07-08,965,970,952,957,1134600,957
2014-07-09,947,953,943,949,762400,949
2014-07-10,947,950,936,940,938900,940
2014-07-11,935,943,933,942,892300,942
2014-07-14,948,956,946,952,949800,952
2014-07-15,950,962,950,958,1403700,958
2014-07-16,962,972,959,961,919600,961
2014-07-17,967,974,960,963,806900,963
2014-07-18,948,958,942,954,964600,954
2014-07-22,961,967,953,957,799700,957
2014-07-23,960,963,950,956,528900,956
2014-07-24,961,966,956,959,761300,959
2014-07-25,963,972,962,972,508900,972
2014-07-28,972,993,970,988,777600,988
2014-07-29,995,999,990,997,821800,997
2014-07-30,991,1000,991,997,861200,997
2014-07-31,1000,1014,1000,1006,973000,1006
2014-08-01,991,997,967,972,1929800,972
2014-08-04,961,962,952,955,1479000,955
2014-08-05,948,950,938,939,1736100,939
2014-08-06,937,939,929,933,1237700,933
2014-08-07,938,945,932,945,1089300,945
2014-08-08,930,937,918,919,2183100,919
2014-08-11,934,944,931,941,739900,941
2014-08-12,933,941,933,939,1211300,939
2014-08-13,938,956,938,954,1146100,954
2014-08-14,953,956,947,949,734300,949
2014-08-15,947,952,946,950,662300,950
2014-08-18,949,951,933,936,1295800,936
2014-08-19,939,940,927,929,1316200,929
2014-08-20,925,935,922,927,1036300,927
2014-08-21,926,928,920,925,1410400,925
2014-08-22,921,923,903,908,1691200,908
2014-08-25,912,915,905,912,1017200,912
2014-08-26,913,913,897,900,926800,900
2014-08-27,897,899,888,895,1700000,895
2014-08-28,891,896,881,888,1417200,888
2014-08-29,879,885,867,874,1793000,874
2014-09-01,886,888,872,874,960900,874
2014-09-02,877,898,872,896,1307500,896
2014-09-03,896,898,877,880,1793600,880
2014-09-04,880,889,880,888,1536200,888
2014-09-05,897,898,885,886,1199500,886
2014-09-08,883,888,879,880,1028900,880
2014-09-09,888,889,878,879,861100,879
2014-09-10,876,882,873,882,761800,882
2014-09-11,881,884,875,880,877900,880
2014-09-12,879,884,878,882,2459800,882
2014-09-16,878,883,873,875,712300,875
2014-09-17,880,880,873,873,643100,873
2014-09-18,879,892,876,888,1138100,888
2014-09-19,899,913,896,913,1544600,913
2014-09-22,905,922,903,921,1263600,921
2014-09-24,918,927,914,925,977600,925
2014-09-25,930,938,923,934,1647700,934
2014-09-26,910,917,904,914,1170500,914
2014-09-29,915,918,909,914,772500,914
2014-09-30,909,909,896,903,1196000,903
2014-10-01,903,916,901,905,1044700,905
2014-10-02,897,905,886,888,1310300,888
2014-10-03,880,889,874,882,1167500,882
2014-10-06,886,897,884,884,1034600,884
2014-10-07,881,904,881,894,1506100,894
2014-10-08,882,885,869,870,1723900,870
2014-10-09,878,885,872,873,1697500,873
2014-10-10,865,870,858,860,1848400,860
2014-10-14,846,864,843,846,1861700,846
2014-10-15,845,849,838,844,1083500,844
2014-10-16,817,822,807,810,1586000,810
2014-10-17,811,812,788,790,1834600,790
2014-10-20,808,828,804,828,1849600,828
2014-10-21,827,827,804,808,1381000,808
2014-10-22,819,835,817,834,1370500,834
2014-10-23,824,835,816,826,1362000,826
2014-10-24,836,839,826,830,1411300,830
2014-10-27,838,843,832,839,904700,839
2014-10-28,838,849,833,842,870700,842
2014-10-29,843,874,843,871,1299900,871
2014-10-30,872,879,865,869,2327200,869
2014-10-31,878,933,870,928,3599600,928
2014-11-04,980,982,946,953,2802800,953
2014-11-05,956,964,946,959,2176300,959
2014-11-06,962,965,932,936,1461400,936
2014-11-07,949,974,946,972,2305100,972
2014-11-10,968,975,961,971,1763300,971
2014-11-11,977,1024,975,1022,3052700,1022
2014-11-12,1027,1073,1027,1055,3594800,1055
2014-11-13,1050,1092,1049,1086,2510800,1086
2014-11-14,1087,1101,1075,1100,3322400,1100
2014-11-17,1090,1095,1034,1041,3416100,1041
2014-11-18,1050,1077,1050,1071,2023300,1071
2014-11-19,1085,1096,1049,1054,2697000,1054
2014-11-20,1060,1060,1037,1041,1750300,1041
2014-11-21,1036,1062,1030,1061,2054800,1061
2014-11-25,1067,1073,1045,1046,1644100,1046
2014-11-26,1038,1051,1021,1025,2110600,1025
2014-11-27,1016,1039,1015,1031,1428900,1031
2014-11-28,1040,1048,1037,1039,872000,1039
2014-12-01,1035,1052,1033,1041,1213400,1041
2014-12-02,1027,1043,1027,1039,987400,1039
2014-12-03,1038,1055,1037,1046,1087000,1046
2014-12-04,1062,1081,1058,1076,1404400,1076
2014-12-05,1079,1079,1059,1065,1693300,1065
2014-12-08,1063,1065,1049,1065,894400,1065
2014-12-09,1059,1069,1052,1055,633300,1055
2014-12-10,1047,1054,1013,1028,1367200,1028
2014-12-11,1013,1033,1000,1030,894900,1030
2014-12-12,1028,1046,1026,1035,2624800,1035
2014-12-15,1015,1040,1013,1028,897700,1028
2014-12-16,1014,1020,995,998,1544200,998
2014-12-17,998,1015,993,1005,1258100,1005
2014-12-18,1033,1080,1031,1074,2667100,1074
2014-12-19,1091,1095,1077,1083,1413100,1083
2014-12-22,1085,1086,1067,1074,1197000,1074
2014-12-24,1096,1100,1085,1089,1163900,1089
2014-12-25,1080,1091,1078,1083,511800,1083
2014-12-26,1080,1089,1076,1085,449700,1085
2014-12-29,1100,1127,1097,1112,2005500,1112
2014-12-30,1112,1118,1092,1094,1078300,1094
2015-01-05,1080,1096,1075,1082,1025200,1082
2015-01-06,1056,1061,1036,1043,1555500,1043
2015-01-07,1032,1047,1020,1025,1571900,1025
2015-01-08,1038,1072,1025,1068,2005400,1068
2015-01-09,1085,1086,1065,1073,1789000,1073
2015-01-13,1059,1064,1053,1063,1354100,1063
2015-01-14,1052,1073,1049,1053,1309400,1053
2015-01-15,1059,1089,1056,1086,1112500,1086
2015-01-16,1057,1070,1039,1060,1581600,1060
2015-01-19,1070,1092,1062,1091,1182500,1091
2015-01-20,1095,1134,1094,1132,1250100,1132
2015-01-21,1128,1140,1119,1128,1173500,1128
2015-01-22,1127,1131,1114,1128,926400,1128
2015-01-23,1144,1150,1128,1137,782100,1137
2015-01-26,1114,1127,1109,1126,983200,1126
2015-01-27,1138,1169,1137,1167,1323100,1167
2015-01-28,1159,1202,1156,1195,1477200,1195
2015-01-29,1175,1221,1175,1201,1882200,1201
2015-01-30,1222,1242,1209,1233,2193500,1233
2015-02-02,1193,1210,1179,1190,1706800,1190
2015-02-03,1189,1189,1158,1169,2133100,1169
2015-02-04,1176,1212,1170,1210,1505600,1210
2015-02-05,1200,1213,1184,1188,1515100,1188
2015-02-06,1212,1218,1187,1190,1956100,1190
2015-02-09,1206,1208,1174,1179,1554300,1179
2015-02-10,1170,1196,1136,1151,2144100,1151
2015-02-12,1391,1449,1298,1337,11627000,1337
2015-02-13,1307,1323,1300,1315,4460200,1315
2015-02-16,1307,1321,1296,1309,2351500,1309
2015-02-17,1309,1365,1308,1359,2766200,1359
2015-02-18,1370,1408,1368,1394,2994100,1394
2015-02-19,1394,1395,1342,1359,3194900,1359
2015-02-20,1361,1370,1328,1363,2390800,1363
2015-02-23,1369,1382,1351,1365,2194700,1365
2015-02-24,1370,1372,1353,1367,2903300,1367
2015-02-25,1367,1376,1351,1374,2138200,1374
2015-02-26,1375,1386,1373,1381,1697700,1381
2015-02-27,1389,1403,1376,1401,2447100,1401
2015-03-02,1409,1449,1401,1432,2833200,1432
2015-03-03,1432,1455,1427,1435,2141400,1435
2015-03-04,1440,1451,1426,1435,2199000,1435
2015-03-05,1435,1454,1425,1453,1962000,1453
2015-03-06,1455,1461,1445,1461,1640700,1461
2015-03-09,1457,1467,1441,1458,1756600,1458
2015-03-10,1460,1479,1447,1467,2386900,1467
2015-03-11,1454,1459,1430,1441,2692600,1441
2015-03-12,1441,1444,1411,1426,2994500,1426
2015-03-13,1423,1429,1384,1389,5005700,1389
2015-03-16,1397,1412,1385,1398,1731100,1398
2015-03-17,1398,1399,1357,1372,2241700,1372
2015-03-18,1377,1388,1369,1386,1565800,1386
2015-03-19,1372,1387,1367,1385,1552100,1385
2015-03-20,1390,1432,1389,1430,1994500,1430
2015-03-23,1426,1461,1426,1454,1183800,1454
2015-03-24,1445,1458,1436,1443,981700,1443
2015-03-25,1445,1453,1423,1443,999800,1443
2015-03-26,1425,1430,1397,1403,1364500,1403
2015-03-27,1399,1422,1371,1389,1100700,1389
2015-03-30,1399,1429,1395,1410,1093300,1410
2015-03-31,1418,1434,1365,1365,1760800,1365
2015-04-01,1382,1387,1350,1374,1712900,1374
2015-04-02,1367,1407,1366,1396,1022200,1396
2015-04-03,1382,1416,1382,1409,744200,1409
2015-04-06,1386,1406,1377,1406,654100,1406
2015-04-07,1410,1423,1392,1405,840300,1405
2015-04-08,1404,1418,1375,1414,1949900,1414
2015-04-09,1427,1476,1425,1466,1930700,1466
2015-04-10,1476,1508,1457,1500,2770300,1500
2015-04-13,1501,1522,1462,1486,1604700,1486
2015-04-14,1466,1469,1446,1468,1689300,1468
2015-04-15,1464,1480,1453,1472,1721400,1472
2015-04-16,1464,1464,1424,1450,1831700,1450
2015-04-17,1437,1454,1407,1413,1511800,1413
2015-04-20,1404,1425,1387,1408,1267100,1408
2015-04-21,1395,1408,1383,1397,1757600,1397
2015-04-22,1384,1411,1366,1401,1535200,1401
2015-04-23,1411,1415,1389,1398,938900,1398
2015-04-24,1385,1388,1360,1379,1106200,1379
2015-04-27,1383,1386,1365,1378,1024800,1378
2015-04-28,1398,1405,1367,1391,3313100,1391
2015-04-30,1365,1366,1298,1302,3144800,1302
2015-05-01,1306,1314,1300,1309,1293200,1309
2015-05-07,1305,1309,1273,1287,1647200,1287
2015-05-08,1289,1324,1275,1283,1942800,1283
2015-05-11,1313,1313,1294,1308,1754900,1308
2015-05-12,1323,1342,1305,1329,1736700,1329
2015-05-13,1320,1355,1313,1349,1419600,1349
2015-05-14,1330,1419,1330,1385,3348800,1385
2015-05-15,1500,1500,1432,1457,2863300,1457
2015-05-18,1457,1466,1442,1465,1474300,1465
2015-05-19,1500,1522,1491,1506,2122000,1506
2015-05-20,1493,1525,1481,1512,2116600,1512
2015-05-21,1522,1557,1509,1544,1638000,1544
2015-05-22,1544,1578,1539,1576,1387400,1576
2015-05-25,1580,1622,1571,1609,1645300,1609
2015-05-26,1597,1618,1594,1606,1189000,1606
2015-05-27,1602,1604,1573,1579,1464600,1579
2015-05-28,1588,1597,1548,1554,2030300,1554
2015-05-29,1552,1587,1543,1570,2103200,1570
2015-06-01,1553,1593,1547,1589,1099700,1589
2015-06-02,1590,1596,1575,1595,1083200,1595
2015-06-03,1576,1587,1566,1573,1354900,1573
2015-06-04,1576,1588,1564,1568,1341000,1568
2015-06-05,1560,1590,1550,1583,1353000,1583
2015-06-08,1590,1594,1558,1558,1283200,1558
2015-06-09,1558,1593,1547,1547,2067400,1547
2015-06-10,1547,1561,1539,1548,1906900,1548
2015-06-11,1552,1596,1552,1593,2429200,1593
2015-06-12,1596,1627,1594,1615,3135700,1615
2015-06-15,1607,1645,1603,1640,1699100,1640
2015-06-16,1640,1682,1639,1652,2855700,1652
2015-06-17,1650,1680,1643,1672,1781200,1672
2015-06-18,1670,1698,1646,1674,2115500,1674
2015-06-19,1686,1737,1686,1719,2125800,1719
2015-06-22,1717,1752,1707,1748,1409800,1748
2015-06-23,1755,1798,1755,1798,1589100,1798
2015-06-24,1797,1797,1720,1756,2500800,1756
2015-06-25,1740,1749,1722,1736,1426800,1736
2015-06-26,1727,1737,1694,1699,2226500,1699
2015-06-29,1667,1705,1644,1646,2590300,1646
2015-06-30,1667,1670,1642,1654,1723600,1654
2015-07-01,1666,1713,1656,1710,1483400,1710
2015-07-02,1710,1739,1706,1723,1600800,1723
2015-07-03,1715,1755,1702,1750,1524700,1750
2015-07-06,1724,1756,1682,1694,1946200,1694
2015-07-07,1710,1760,1697,1744,1838000,1744
2015-07-08,1742,1743,1673,1673,2117000,1673
2015-07-09,1633,1691,1608,1686,3099100,1686
2015-07-10,1686,1714,1673,1695,2350900,1695
2015-07-13,1696,1747,1686,1744,1446100,1744
2015-07-14,1763,1775,1717,1739,1997700,1739
2015-07-15,1747,1774,1741,1758,1634900,1758
2015-07-16,1760,1805,1760,1776,1564600,1776
2015-07-17,1776,1802,1771,1786,784200,1786
2015-07-21,1796,1817,1768,1810,1521200,1810
2015-07-22,1799,1799,1750,1750,1737700,1750
2015-07-23,1761,1793,1760,1777,1270800,1777
2015-07-24,1784,1789,1759,1759,1080900,1759
2015-07-27,1757,1765,1715,1721,1107200,1721
2015-07-28,1705,1720,1676,1704,1327600,1704
2015-07-29,1723,1761,1718,1729,1529200,1729
2015-07-30,1741,1772,1739,1764,1035300,1764
2015-07-31,1762,1763,1713,1737,1734100,1737
2015-08-03,1735,1759,1724,1734,1353500,1734
2015-08-04,1721,1810,1720,1776,1870600,1776
2015-08-05,1696,1697,1574,1581,4225300,1581
2015-08-06,1582,1588,1535,1555,2877800,1555
2015-08-07,1545,1565,1537,1557,1444100,1557
2015-08-10,1543,1605,1543,1589,2174000,1589
2015-08-11,1587,1593,1540,1555,1533800,1555
2015-08-12,1566,1580,1541,1551,2022900,1551
2015-08-13,1564,1594,1554,1587,1733500,1587
2015-08-14,1566,1615,1563,1582,1705600,1582
2015-08-17,1585,1625,1585,1620,1229600,1620
2015-08-18,1613,1627,1595,1602,918500,1602
2015-08-19,1600,1605,1562,1574,1421800,1574
2015-08-20,1584,1598,1544,1548,1128500,1548
2015-08-21,1516,1528,1505,1509,1129300,1509
2015-08-24,1456,1486,1411,1416,1580000,1416
2015-08-25,1356,1430,1350,1357,3063300,1357
2015-08-26,1342,1412,1335,1408,2074000,1408
2015-08-27,1408,1435,1393,1412,2198600,1412
2015-08-28,1449,1492,1420,1477,1852000,1477
2015-08-31,1467,1476,1442,1468,2174300,1468
2015-09-01,1457,1495,1436,1436,1845100,1436
2015-09-02,1409,1460,1405,1413,1273300,1413
2015-09-03,1426,1442,1394,1397,1322600,1397
2015-09-04,1407,1409,1338,1358,1319300,1358
2015-09-07,1346,1354,1316,1343,1185900,1343
2015-09-08,1347,1347,1299,1302,1578000,1302
2015-09-09,1350,1411,1335,1408,2224000,1408
2015-09-10,1363,1380,1343,1363,1040400,1363
2015-09-11,1348,1407,1348,1400,2618700,1400
2015-09-14,1411,1445,1398,1407,891500,1407
2015-09-15,1437,1497,1437,1458,2270900,1458
2015-09-16,1462,1479,1423,1442,1872300,1442
2015-09-17,1440,1488,1427,1475,1049000,1475
2015-09-18,1450,1455,1407,1412,1516800,1412
2015-09-24,1385,1434,1376,1392,1479200,1392
2015-09-25,1389,1441,1385,1432,2209100,1432
2015-09-28,1426,1450,1402,1444,1425800,1444
2015-09-29,1415,1438,1373,1380,1776200,1380
2015-09-30,1405,1445,1394,1439,1673800,1439
2015-10-01,1456,1504,1452,1478,1186100,1478
2015-10-02,1467,1515,1460,1481,793800,1481
2015-10-05,1500,1505,1471,1493,892400,1493
2015-10-06,1501,1506,1463,1471,1240900,1471
2015-10-07,1491,1513,1472,1512,1401700,1512
2015-10-08,1501,1506,1448,1459,1378700,1459
2015-10-09,1479,1490,1427,1461,2111500,1461
2015-10-13,1462,1511,1462,1476,1400600,1476
2015-10-14,1493,1502,1461,1469,1183800,1469
2015-10-15,1479,1501,1460,1494,776000,1494
2015-10-16,1505,1518,1481,1488,727400,1488
2015-10-19,1492,1524,1480,1503,781700,1503
2015-10-20,1515,1526,1483,1492,524100,1492
2015-10-21,1487,1500,1468,1495,1130100,1495
2015-10-22,1495,1505,1489,1495,776400,1495
2015-10-23,1520,1527,1505,1514,980800,1514
2015-10-26,1517,1540,1515,1530,818700,1530
2015-10-27,1545,1573,1545,1553,1629700,1553
2015-10-28,1558,1573,1545,1554,1185700,1554
2015-10-29,1569,1569,1548,1553,4074800,1553
2015-10-30,1561,1581,1546,1573,1874300,1573
2015-11-02,1577,1591,1520,1522,1173700,1522
2015-11-04,1547,1572,1528,1530,1298400,1530
2015-11-05,1529,1553,1528,1550,1319800,1550
2015-11-06,1560,1605,1550,1600,1226500,1600
2015-11-09,1720,1775,1691,1720,6110900,1720
2015-11-10,1734,1778,1733,1747,2583800,1747
2015-11-11,1728,1765,1713,1749,2399900,1749
2015-11-12,1749,1778,1737,1771,1517100,1771
2015-11-13,1739,1765,1733,1752,2147600,1752
2015-11-16,1730,1766,1729,1733,1823500,1733
2015-11-17,1741,1781,1736,1767,1834000,1767
2015-11-18,1799,1825,1791,1806,2386400,1806
2015-11-19,1802,1847,1794,1835,1867800,1835
2015-11-20,1836,1858,1811,1856,1961500,1856
2015-11-24,1842,1892,1841,1885,1734900,1885
2015-11-25,1882,1889,1857,1862,1388600,1862
2015-11-26,1881,1918,1866,1895,1388600,1895
2015-11-27,1880,1897,1853,1865,1305800,1865
2015-11-30,1846,1848,1816,1826,2367200,1826
2015-12-01,1841,1885,1839,1881,1645400,1881
2015-12-02,1864,1902,1856,1886,1385200,1886
2015-12-03,1863,1896,1860,1890,1130500,1890
2015-12-04,1860,1891,1846,1858,1582800,1858
2015-12-07,1887,1941,1881,1928,2019700,1928
2015-12-08,1930,1957,1883,1897,1934600,1897
2015-12-09,1900,1919,1870,1886,1167300,1886
2015-12-10,1863,1903,1850,1874,1838800,1874
2015-12-11,1857,1893,1857,1885,2592500,1885
2015-12-14,1846,1881,1832,1858,1482700,1858
2015-12-15,1833,1869,1803,1803,1889300,1803
2015-12-16,1818,1834,1785,1829,1669100,1829
2015-12-17,1875,1982,1871,1954,3667400,1954
2015-12-18,1961,2072,1943,1944,3530400,1944
2015-12-21,1925,1960,1866,1903,3191400,1903
2015-12-22,1921,1964,1902,1953,2208500,1953
2015-12-24,1953,1971,1924,1925,1302300,1925
2015-12-25,1912,1964,1898,1962,973100,1962
2015-12-28,1969,1974,1896,1939,1362900,1939
2015-12-29,1930,1969,1926,1942,1104300,1942
2015-12-30,1937,1989,1929,1978,1267100,1978
2016-01-04,1968,1980,1899,1905,2061000,1905
2016-01-05,1911,1970,1882,1944,2709000,1944
2016-01-06,1927,1977,1904,1933,2029100,1933
2016-01-07,1915,1972,1912,1928,2940300,1928
2016-01-08,1895,1934,1864,1894,2708400,1894
2016-01-12,1854,1892,1839,1848,2315800,1848
2016-01-13,1850,1861,1794,1856,3053000,1856
2016-01-14,1809,1813,1756,1804,2436300,1804
2016-01-15,1840,1873,1792,1808,2215000,1808
2016-01-18,1777,1787,1725,1748,2842500,1748
2016-01-19,1729,1736,1703,1733,2766700,1733
2016-01-20,1738,1745,1678,1680,1707200,1680
2016-01-21,1695,1735,1672,1672,3497500,1672
2016-01-22,1741,1775,1693,1769,1887900,1769
2016-01-25,1763,1829,1759,1820,1891700,1820
2016-01-26,1765,1771,1724,1732,2249600,1732
2016-01-27,1758,1769,1734,1758,1674500,1758
2016-01-28,1759,1849,1748,1822,3161900,1822
2016-01-29,1825,1898,1793,1892,3138400,1892
2016-02-01,1901,1939,1885,1934,2026500,1934
2016-02-02,1934,1972,1921,1938,1742800,1938
2016-02-03,1895,1914,1862,1873,1798900,1873
2016-02-04,1849,1849,1741,1760,2091200,1760
2016-02-05,1658,1662,1582,1614,4097100,1614
2016-02-08,1610,1666,1606,1656,2673500,1656
2016-02-09,1589,1599,1563,1581,2698900,1581
2016-02-10,1581,1591,1493,1534,2612000,1534
2016-02-12,1473,1496,1430,1457,3492500,1457
2016-02-15,1451,1510,1440,1500,4038100,1500
2016-02-16,1493,1547,1475,1513,2361800,1513
2016-02-17,1511,1516,1454,1482,1720400,1482
2016-02-18,1512,1526,1475,1486,1795700,1486
2016-02-19,1470,1493,1459,1482,1098900,1482
2016-02-22,1475,1518,1459,1500,2348800,1500
2016-02-23,1518,1562,1488,1499,2139100,1499
2016-02-24,1478,1517,1464,1490,1801100,1490
2016-02-25,1504,1534,1491,1525,2279100,1525
2016-02-26,1537,1609,1537,1567,2297500,1567
2016-02-29,1580,1601,1547,1547,2125300,1547
2016-03-01,1548,1584,1542,1576,1739200,1576
2016-03-02,1602,1629,1584,1609,1572600,1609
2016-03-03,1594,1634,1573,1609,1758400,1609
2016-03-04,1623,1657,1607,1644,1799700,1644
2016-03-07,1673,1677,1604,1612,1984800,1612
2016-03-08,1611,1619,1567,1588,2043700,1588
2016-03-09,1563,1572,1537,1559,1940700,1559
2016-03-10,1572,1605,1560,1598,1355900,1598
2016-03-11,1568,1612,1563,1604,2335000,1604
2016-03-14,1628,1667,1625,1663,1359400,1663
2016-03-15,1653,1680,1637,1648,1496200,1648
2016-03-16,1637,1658,1625,1630,1301900,1630
2016-03-17,1638,1662,1620,1630,1601000,1630
2016-03-18,1626,1626,1572,1583,1895500,1583
2016-03-22,1598,1612,1576,1592,1144800,1592
2016-03-23,1592,1600,1566,1575,1709000,1575
2016-03-24,1569,1590,1558,1563,1301200,1563
2016-03-25,1561,1584,1560,1572,1014000,1572
2016-03-28,1582,1621,1577,1618,1367600,1618
2016-03-29,1610,1642,1589,1629,1310400,1629
2016-03-30,1629,1667,1618,1636,1558900,1636
2016-03-31,1646,1663,1612,1613,2211800,1613
2016-04-01,1608,1616,1540,1541,1559800,1541
2016-04-04,1517,1564,1503,1538,2312400,1538
2016-04-05,1532,1558,1508,1512,1418000,1512
2016-04-06,1512,1525,1484,1500,1838700,1500
2016-04-07,1499,1500,1463,1475,2129600,1475
2016-04-08,1482,1526,1467,1507,2403700,1507
2016-04-11,1518,1527,1489,1504,1835200,1504
2016-04-12,1521,1533,1506,1528,1519700,1528
2016-04-13,1547,1574,1543,1570,1777800,1570
2016-04-14,1609,1638,1591,1638,1945000,1638
2016-04-15,1626,1647,1622,1645,1412900,1645
2016-04-18,1602,1617,1580,1587,1261900,1587
2016-04-19,1621,1661,1612,1652,1433100,1652
2016-04-20,1661,1665,1638,1655,1272900,1655
2016-04-21,1705,1726,1694,1722,2209000,1722
2016-04-22,1707,1722,1694,1718,1427400,1718
2016-04-25,1720,1735,1702,1718,1371200,1718
2016-04-26,1728,1753,1724,1742,1379100,1742
2016-04-27,1750,1765,1739,1740,1450400,1740
2016-04-28,1760,1799,1691,1693,1762500,1693
2016-05-02,1636,1651,1630,1640,1090200,1640
2016-05-06,1645,1651,1611,1637,1950800,1637
2016-05-09,1665,1679,1649,1675,1124900,1675
2016-05-10,1674,1715,1668,1714,1495900,1714
2016-05-11,1718,1737,1692,1695,1046000,1695
2016-05-12,1675,1703,1658,1676,1662200,1676
2016-05-13,1800,1802,1766,1779,4007800,1779
2016-05-16,1782,1785,1707,1715,3349200,1715
2016-05-17,1707,1722,1694,1717,1681100,1717
2016-05-18,1705,1713,1636,1655,3870300,1655
2016-05-19,1667,1667,1613,1620,2024700,1620
2016-05-20,1604,1613,1581,1593,2765900,1593
2016-05-23,1606,1606,1560,1576,2260100,1576
2016-05-24,1576,1582,1550,1554,1944800,1554
2016-05-25,1594,1600,1567,1573,1520700,1573
2016-05-26,1592,1596,1575,1581,1007900,1581
2016-05-27,1589,1603,1578,1599,1569000,1599
2016-05-30,1615,1629,1599,1625,1018100,1625
2016-05-31,1611,1633,1604,1627,1812800,1627
2016-06-01,1601,1622,1591,1599,1068000,1599
2016-06-02,1582,1586,1551,1561,1566200,1561
2016-06-03,1568,1602,1566,1593,1053700,1593
2016-06-06,1562,1600,1556,1597,1076000,1597
2016-06-07,1599,1636,1588,1620,1598000,1620
2016-06-08,1620,1666,1612,1660,1646500,1660
2016-06-09,1637,1651,1621,1629,1527600,1629
2016-06-10,1603,1615,1586,1591,2982800,1591
2016-06-13,1555,1559,1511,1526,2214000,1526
2016-06-14,1516,1526,1465,1470,2136100,1470
2016-06-15,1468,1485,1455,1473,1571400,1473
2016-06-16,1469,1474,1426,1432,1813000,1432
2016-06-17,1452,1454,1414,1416,1759500,1416
2016-06-20,1446,1456,1437,1446,1413200,1446
2016-06-21,1436,1443,1410,1442,1210500,1442
2016-06-22,1433,1438,1405,1426,1306400,1426
2016-06-23,1433,1441,1416,1440,1029700,1440
2016-06-24,1445,1463,1327,1341,2602100,1341
2016-06-27,1355,1362,1334,1354,1781400,1354
2016-06-28,1342,1390,1330,1377,1722100,1377
2016-06-29,1383,1395,1353,1369,1469200,1369
2016-06-30,1377,1389,1369,1372,1380400,1372
2016-07-01,1372,1391,1357,1380,1415600,1380
2016-07-04,1383,1444,1383,1432,2012000,1432
2016-07-05,1437,1455,1436,1450,2149000,1450
2016-07-06,1431,1432,1392,1410,1667400,1410
2016-07-07,1408,1413,1387,1397,1958500,1397
2016-07-08,1407,1443,1398,1399,2384000,1399
2016-07-11,1440,1517,1438,1507,2594000,1507
2016-07-12,1515,1539,1486,1500,1841200,1500
2016-07-13,1529,1539,1504,1513,1129200,1513
2016-07-14,1525,1542,1515,1534,883400,1534
2016-07-15,1532,1536,1492,1500,1264800,1500
2016-07-19,1506,1536,1488,1536,1361700,1536
2016-07-20,1526,1533,1495,1502,1306000,1502
2016-07-21,1533,1543,1518,1525,799800,1525
2016-07-22,1504,1518,1491,1503,855000,1503
2016-07-25,1503,1542,1499,1518,819400,1518
2016-07-26,1516,1516,1476,1484,875700,1484
2016-07-27,1490,1532,1488,1522,1341800,1522
2016-07-28,1508,1508,1459,1468,922900,1468
2016-07-29,1444,1495,1435,1490,1720800,1490
2016-08-01,1484,1519,1467,1500,1088300,1500
2016-08-02,1469,1491,1455,1458,1051200,1458
2016-08-03,1368,1388,1332,1334,2405500,1334
2016-08-04,1347,1364,1318,1336,1900900,1336
2016-08-05,1331,1332,1275,1278,2837400,1278
2016-08-08,1295,1297,1275,1282,1682900,1282
2016-08-09,1275,1287,1259,1286,1888700,1286
2016-08-10,1310,1351,1309,1334,2062900,1334
2016-08-12,1361,1391,1350,1381,1572500,1381
2016-08-15,1379,1392,1369,1370,847200,1370
2016-08-16,1370,1376,1334,1337,1309900,1337
2016-08-17,1329,1374,1320,1366,1245300,1366
2016-08-18,1356,1371,1346,1350,967400,1350
2016-08-19,1359,1363,1334,1345,1165000,1345
2016-08-22,1348,1363,1337,1356,939000,1356
2016-08-23,1353,1367,1336,1349,1065200,1349
2016-08-24,1347,1372,1342,1355,1219400,1355
2016-08-25,1349,1350,1317,1333,1825600,1333
2016-08-26,1322,1323,1272,1302,1744300,1302
2016-08-29,1312,1327,1303,1319,1298600,1319
2016-08-30,1313,1313,1279,1283,1743200,1283
2016-08-31,1281,1283,1249,1261,1813300,1261
2016-09-01,1264,1317,1263,1315,1879800,1315
2016-09-02,1315,1368,1309,1356,2089600,1356
2016-09-05,1359,1378,1351,1355,1425000,1355
2016-09-06,1362,1397,1362,1382,1147100,1382
2016-09-07,1375,1381,1363,1378,1398900,1378
2016-09-08,1384,1400,1377,1400,1144400,1400
2016-09-09,1414,1460,1411,1451,2367300,1451
2016-09-12,1423,1431,1390,1395,1207500,1395
2016-09-13,1418,1452,1397,1406,1371900,1406
2016-09-14,1407,1430,1400,1410,968700,1410
2016-09-15,1400,1421,1387,1393,1524900,1393
2016-09-16,1400,1468,1395,1448,2306200,1448
2016-09-20,1436,1436,1405,1411,1681100,1411
2016-09-21,1422,1475,1405,1473,1802400,1473
2016-09-23,1464,1465,1410,1414,1754200,1414
2016-09-26,1401,1418,1381,1384,1163600,1384
2016-09-27,1368,1380,1336,1380,1561500,1380
2016-09-28,1334,1346,1319,1327,1733400,1327
2016-09-29,1337,1359,1332,1351,1238900,1351
2016-09-30,1332,1339,1305,1328,1715600,1328
2016-10-03,1358,1397,1350,1368,1177400,1368
2016-10-04,1371,1378,1349,1355,930400,1355
2016-10-05,1411,1433,1387,1422,2183700,1422
2016-10-06,1435,1441,1417,1425,1315400,1425
2016-10-07,1425,1427,1377,1389,1004100,1389
2016-10-11,1392,1398,1377,1382,1085800,1382
2016-10-12,1368,1397,1357,1384,1173700,1384
2016-10-13,1389,1389,1364,1373,1012800,1373
2016-10-14,1372,1391,1370,1385,1415400,1385
2016-10-17,1371,1382,1357,1377,894500,1377
2016-10-18,1362,1379,1351,1379,952800,1379
2016-10-19,1375,1394,1373,1389,881400,1389
2016-10-20,1398,1438,1398,1437,1246700,1437
2016-10-21,1440,1456,1427,1438,1021200,1438
2016-10-24,1446,1455,1432,1440,754600,1440
2016-10-25,1447,1460,1443,1459,825800,1459
2016-10-26,1454,1464,1447,1456,916200,1456
2016-10-27,1449,1468,1439,1460,945700,1460
2016-10-28,1470,1506,1470,1500,3219500,1500
2016-10-31,1479,1499,1472,1475,1043700,1475
2016-11-01,1482,1493,1463,1486,893000,1486
2016-11-02,1467,1468,1448,1461,747100,1461
2016-11-04,1455,1456,1412,1426,1419300,1426
2016-11-07,1485,1485,1409,1415,2517700,1415
2016-11-08,1415,1417,1373,1390,2344300,1390
2016-11-09,1387,1400,1259,1284,3899500,1284
2016-11-10,1375,1405,1351,1398,2094700,1398
2016-11-11,1428,1431,1397,1406,1871600,1406
2016-11-14,1429,1452,1420,1445,1756000,1445
2016-11-15,1449,1470,1443,1465,1359500,1465
2016-11-16,1477,1498,1470,1489,1121800,1489
2016-11-17,1500,1502,1464,1489,1529300,1489
2016-11-18,1512,1526,1505,1520,1744700,1520
2016-11-21,1520,1560,1518,1547,1273200,1547
2016-11-22,1547,1556,1524,1554,870000,1554
2016-11-24,1572,1589,1570,1584,1193700,1584
2016-11-25,1580,1596,1557,1570,1076700,1570
2016-11-28,1554,1565,1528,1564,1108500,1564
2016-11-29,1545,1557,1530,1548,1384200,1548
2016-11-30,1551,1584,1545,1576,1622200,1576
2016-12-01,1576,1602,1548,1582,2067400,1582
2016-12-02,1569,1588,1560,1567,1288700,1567
2016-12-05,1563,1566,1548,1555,820600,1555
2016-12-06,1566,1586,1565,1573,1011200,1573
2016-12-07,1593,1624,1584,1623,1705400,1623
2016-12-08,1660,1687,1635,1685,2182800,1685
2016-12-09,1722,1745,1712,1723,3448300,1723
2016-12-12,1730,1753,1718,1736,2054700,1736
2016-12-13,1736,1754,1724,1754,2023700,1754
2016-12-14,1754,1784,1742,1780,2209500,1780
2016-12-15,1781,1807,1777,1793,1851700,1793
2016-12-16,1794,1837,1794,1829,1891300,1829
2016-12-19,1823,1833,1808,1831,1270700,1831
2016-12-20,1836,1852,1832,1837,2036700,1837
2016-12-21,1830,1839,1770,1782,2698000,1782
2016-12-22,1784,1787,1745,1766,1521700,1766
2016-12-26,1766,1766,1750,1757,824700,1757
2016-12-27,1759,1776,1749,1763,698100,1763
2016-12-28,1744,1754,1720,1726,950200,1726
2016-12-29,1729,1729,1701,1714,893600,1714
2016-12-30,1693,1719,1688,1707,643100,1707
2017-01-04,1714,1769,1708,1760,1208100,1760
