Date,Open,High,Low,Close,Volume,Adj Close
2008-10-20,481,489,465,487,5648000,487
2008-10-21,494,498,479,489,5712000,489
2008-10-22,470,470,441,441,4158000,441
2008-10-23,407,417,395,414,11837000,414
2008-10-24,405,409,394,394,6048000,394
2008-10-27,389,399,345,352,10342000,352
2008-10-28,345,405,336,394,10644000,394
2008-10-29,420,436,401,436,8718000,436
2008-10-30,440,490,429,487,6938000,487
2008-10-31,484,499,467,469,6343000,469
2008-11-04,492,521,492,513,5752000,513
2008-11-05,535,538,511,527,6958000,527
2008-11-06,500,515,493,501,4669000,501
2008-11-07,477,509,468,504,6591000,504
2008-11-10,524,530,515,530,3934000,530
2008-11-11,520,526,500,500,3157000,500
2008-11-12,480,503,479,494,3669000,494
2008-11-13,470,483,465,472,3839000,472
2008-11-14,490,497,465,473,3773000,473
2008-11-17,443,488,441,475,5063000,475
2008-11-18,471,471,454,457,5420000,457
2008-11-19,459,469,450,462,4468000,462
2008-11-20,449,449,423,424,4505000,424
2008-11-21,414,430,404,429,6612000,429
2008-11-25,454,459,419,429,7678000,429
2008-11-26,414,426,410,418,4506000,418
2008-11-27,431,447,430,447,2665000,447
2008-11-28,445,454,433,453,4149000,453
2008-12-01,443,462,432,458,4490000,458
2008-12-02,429,430,413,413,4815000,413
2008-12-03,418,428,416,424,4863000,424
2008-12-04,419,427,416,419,5912000,419
2008-12-05,410,412,400,404,5500000,404
2008-12-08,401,438,401,432,4056000,432
2008-12-09,437,445,430,438,4207000,438
2008-12-10,437,450,433,447,4352000,447
2008-12-11,437,466,435,466,3491000,466
2008-12-12,461,483,447,460,7843000,460
2008-12-15,490,493,481,485,3676000,485
2008-12-16,480,482,466,472,3989000,472
2008-12-17,487,500,484,500,5297000,500
2008-12-18,499,519,497,515,4914000,515
2008-12-19,515,533,512,521,5903000,521
2008-12-22,520,531,518,528,2177000,528
2008-12-24,510,516,497,505,3210000,505
2008-12-25,515,517,509,517,856000,517
2008-12-26,522,529,521,529,904000,529
2008-12-29,527,536,517,536,1347000,536
2008-12-30,535,550,533,550,1646000,550
2009-01-05,565,568,536,537,1655000,537
2009-01-06,542,549,524,530,3413000,530
2009-01-07,532,549,532,539,2985000,539
2009-01-08,523,534,522,528,2610000,528
2009-01-09,527,546,525,540,2930000,540
2009-01-13,511,517,500,500,3590000,500
2009-01-14,492,506,492,498,2813000,498
2009-01-15,487,498,482,492,4474000,492
2009-01-16,497,498,487,497,2410000,497
2009-01-19,499,502,485,489,2421000,489
2009-01-20,487,490,477,486,2603000,486
2009-01-21,473,475,462,464,3753000,464
2009-01-22,469,472,460,468,4056000,468
2009-01-23,471,473,460,461,2408000,461
2009-01-26,472,483,467,468,3270000,468
2009-01-27,483,504,481,498,3971000,498
2009-01-28,505,512,492,501,3510000,501
2009-01-29,520,525,513,525,4971000,525
2009-01-30,515,518,504,513,3107000,513
2009-02-02,503,518,501,518,3571000,518
2009-02-03,519,542,510,511,4588000,511
2009-02-04,516,519,503,515,3089000,515
2009-02-05,505,505,484,487,5603000,487
2009-02-06,492,497,486,493,3036000,493
2009-02-09,505,507,483,486,2495000,486
2009-02-10,496,505,485,492,3350000,492
2009-02-12,487,489,470,470,3674000,470
2009-02-13,480,486,474,474,3791000,474
2009-02-16,474,479,470,476,1765000,476
2009-02-17,470,474,466,468,2077000,468
2009-02-18,465,475,465,475,2616000,475
2009-02-19,476,489,473,478,4977000,478
2009-02-20,483,487,470,475,4900000,475
2009-02-23,465,473,450,470,3904000,470
2009-02-24,465,467,459,463,3006000,463
2009-02-25,468,474,453,462,4158000,462
2009-02-26,458,469,454,459,3057000,459
2009-02-27,462,479,457,466,4753000,466
2009-03-02,453,458,447,452,3552000,452
2009-03-03,447,452,439,448,2244000,448
2009-03-04,442,450,435,446,2579000,446
2009-03-05,451,463,450,456,2423000,456
2009-03-06,436,446,434,434,3576000,434
2009-03-09,431,436,420,425,3927000,425
2009-03-10,420,436,420,424,3038000,424
2009-03-11,443,445,437,440,3180000,440
2009-03-12,441,444,412,417,3333000,417
2009-03-13,428,445,427,443,5808000,443
2009-03-16,463,477,463,466,3687000,466
2009-03-17,477,496,474,491,4143000,491
2009-03-18,511,513,489,497,4882000,497
2009-03-19,508,509,492,496,2339000,496
2009-03-23,497,520,495,517,3934000,517
2009-03-24,537,538,520,528,4483000,528
2009-03-25,521,526,505,523,4950000,523
2009-03-26,527,537,519,534,2447000,534
2009-03-27,528,544,524,524,3567000,524
2009-03-30,519,529,498,498,3875000,498
2009-03-31,495,504,477,485,3575000,485
2009-04-01,490,500,479,488,4499000,488
2009-04-02,497,517,493,515,5656000,515
2009-04-03,516,517,485,490,6599000,490
2009-04-06,485,492,464,473,8127000,473
2009-04-07,475,481,466,478,4534000,478
2009-04-08,473,474,458,467,4477000,467
2009-04-09,466,475,459,475,5730000,475
2009-04-10,480,481,460,481,5088000,481
2009-04-13,483,493,479,489,3334000,489
2009-04-14,494,500,481,496,5017000,496
2009-04-15,491,493,481,486,2007000,486
2009-04-16,496,498,480,483,2634000,483
2009-04-17,486,488,477,482,2465000,482
2009-04-20,478,486,476,483,3466000,483
2009-04-21,464,472,455,468,4897000,468
2009-04-22,476,479,472,474,3333000,474
2009-04-23,475,480,467,475,3343000,475
2009-04-24,475,487,467,470,3925000,470
2009-04-27,479,485,471,477,3091000,477
2009-04-28,479,487,476,480,3280000,480
2009-04-30,494,496,485,486,3796000,486
2009-05-01,490,496,487,492,2939000,492
2009-05-07,517,526,512,523,5649000,523
2009-05-08,526,543,514,543,6326000,543
2009-05-11,538,560,536,548,4594000,548
2009-05-12,538,542,526,527,2665000,527
2009-05-13,523,528,516,517,3636000,517
2009-05-14,511,512,496,497,3300000,497
2009-05-15,508,537,505,535,3362000,535
2009-05-18,536,538,526,533,4661000,533
2009-05-19,543,548,539,544,3741000,544
2009-05-20,545,570,544,568,6725000,568
2009-05-21,566,568,556,565,3635000,565
2009-05-22,552,563,552,557,2708000,557
2009-05-25,575,585,573,576,3624000,576
2009-05-26,583,583,574,576,3065000,576
2009-05-27,583,593,580,587,3944000,587
2009-05-28,578,587,574,575,2727000,575
2009-05-29,586,587,575,578,2979000,578
2009-06-01,585,618,582,615,5281000,615
2009-06-02,625,627,616,616,4771000,616
2009-06-03,617,619,608,608,2192000,608
2009-06-04,608,618,598,598,3483000,598
2009-06-05,608,608,597,599,2154000,599
2009-06-08,600,612,600,606,2426000,606
2009-06-09,609,611,599,600,2040000,600
2009-06-10,607,627,606,622,3023000,622
2009-06-11,627,637,624,629,2692000,629
2009-06-12,639,650,625,643,8078000,643
2009-06-15,649,649,625,627,2254000,627
2009-06-16,618,622,600,603,2459000,603
2009-06-17,607,617,604,608,2577000,608
2009-06-18,603,604,596,601,2248000,601
2009-06-19,605,612,595,612,3038000,612
2009-06-22,607,618,603,610,2160000,610
2009-06-23,609,620,599,619,3677000,619
2009-06-24,611,618,601,603,3249000,603
2009-06-25,610,625,603,618,2512000,618
2009-06-26,611,624,611,619,2946000,619
2009-06-29,609,623,609,615,2785000,615
2009-06-30,625,634,623,631,2895000,631
2009-07-01,621,639,619,627,2674000,627
2009-07-02,623,625,611,611,3742000,611
2009-07-03,598,608,594,605,3818000,605
2009-07-06,606,617,602,614,2133000,614
2009-07-07,612,624,610,613,2974000,613
2009-07-08,600,606,597,598,1924000,598
2009-07-09,596,596,582,582,2373000,582
2009-07-10,592,598,583,586,2962000,586
2009-07-13,585,597,577,577,2258000,577
2009-07-14,587,589,568,572,4462000,572
2009-07-15,573,573,560,563,2670000,563
2009-07-16,570,573,554,555,2644000,555
2009-07-17,565,573,557,570,1567000,570
2009-07-21,587,595,583,589,1715000,589
2009-07-22,583,591,581,582,1394000,582
2009-07-23,584,592,581,584,2177000,584
2009-07-24,594,596,586,593,1896000,593
2009-07-27,603,610,599,599,2383000,599
2009-07-28,602,604,590,593,1702000,593
2009-07-29,592,597,589,596,2414000,596
2009-07-30,605,605,590,595,1429000,595
2009-07-31,603,615,600,614,2842000,614
2009-08-03,617,630,616,628,2478000,628
2009-08-04,640,647,632,643,4989000,643
2009-08-05,633,635,611,612,4787000,612
2009-08-06,616,617,598,598,4142000,598
2009-08-07,603,604,593,600,1891000,600
2009-08-10,612,612,597,600,2913000,600
2009-08-11,597,600,595,599,1892000,599
2009-08-12,597,597,588,591,2276000,591
2009-08-13,600,600,590,591,1927000,591
2009-08-14,597,600,590,597,3475000,597
2009-08-17,593,595,576,577,3190000,577
2009-08-18,574,586,572,578,2231000,578
2009-08-19,575,577,568,570,1935000,570
2009-08-20,573,581,570,578,2533000,578
2009-08-21,578,592,574,580,4540000,580
2009-08-24,595,598,583,585,2854000,585
2009-08-25,578,591,574,587,2921000,587
2009-08-26,587,588,578,581,3617000,581
2009-08-27,580,585,575,580,1730000,580
2009-08-28,582,584,575,582,2893000,582
2009-08-31,589,594,581,586,2492000,586
2009-09-01,582,591,582,586,1253000,586
2009-09-02,570,572,565,569,2783000,569
2009-09-03,563,568,560,564,2070000,564
2009-09-04,566,566,548,551,3427000,551
2009-09-07,560,565,558,562,2253000,562
2009-09-08,555,556,547,551,2378000,551
2009-09-09,546,553,543,551,3587000,551
2009-09-10,561,579,560,579,6011000,579
2009-09-11,585,585,570,575,6091000,575
2009-09-14,579,579,559,573,3268000,573
2009-09-15,580,590,580,589,4292000,589
2009-09-16,586,592,580,581,4231000,581
2009-09-17,582,589,547,552,5992000,552
2009-09-18,542,553,531,546,5522000,546
2009-09-24,536,558,531,551,4245000,551
2009-09-25,544,544,531,535,2862000,535
2009-09-28,525,552,524,550,4835000,550
2009-09-29,558,560,546,549,3764000,549
2009-09-30,549,556,548,556,2194000,556
2009-10-01,539,545,529,535,4640000,535
2009-10-02,525,539,522,531,4185000,531
2009-10-05,531,533,519,520,2678000,520
2009-10-06,539,542,526,534,3674000,534
2009-10-07,544,564,541,562,5091000,562
2009-10-08,562,562,550,554,2847000,554
2009-10-09,561,569,554,562,3948000,562
2009-10-13,567,571,554,555,2075000,555
2009-10-14,551,552,541,543,2780000,543
2009-10-15,545,549,538,541,3983000,541
2009-10-16,560,563,550,558,4665000,558
2009-10-19,554,562,551,560,3296000,560
2009-10-20,567,584,566,582,5483000,582
2009-10-21,582,598,581,592,6430000,592
2009-10-22,582,587,565,576,5056000,576
2009-10-23,575,576,565,566,2850000,566
2009-10-26,573,586,569,585,3224000,585
2009-10-27,575,584,570,580,5029000,580
2009-10-28,579,584,565,570,3882000,570
2009-10-29,561,573,560,569,3272000,569
2009-10-30,574,577,561,569,2756000,569
2009-11-02,550,561,550,561,2722000,561
2009-11-04,561,561,549,558,1859000,558
2009-11-05,553,559,548,559,1807000,559
2009-11-06,560,560,546,550,1881000,550
2009-11-09,546,551,533,539,4665000,539
2009-11-10,549,559,543,545,3312000,545
2009-11-11,544,552,541,543,1964000,543
2009-11-12,551,551,539,544,1659000,544
2009-11-13,539,547,530,536,2743000,536
2009-11-16,542,566,538,565,5782000,565
2009-11-17,566,575,566,571,5049000,571
2009-11-18,571,576,558,562,4957000,562
2009-11-19,552,560,541,558,5827000,558
2009-11-20,562,570,554,561,5999000,561
2009-11-24,559,561,538,539,3325000,539
2009-11-25,546,549,532,539,3552000,539
2009-11-26,533,550,533,546,4540000,546
2009-11-27,541,555,540,550,4660000,550
2009-11-30,555,569,552,569,4248000,569
2009-12-01,560,578,554,577,4998000,577
2009-12-02,576,577,564,569,2603000,569
2009-12-03,575,586,573,585,3437000,585
2009-12-04,577,582,574,576,2569000,576
2009-12-07,586,587,571,574,2541000,574
2009-12-08,575,584,572,574,1905000,574
2009-12-09,568,576,567,571,1603000,571
2009-12-10,570,570,554,560,2773000,560
2009-12-11,567,567,553,561,5588000,561
2009-12-14,559,561,547,555,3335000,555
2009-12-15,556,559,549,553,2280000,553
2009-12-16,578,587,555,570,7439000,570
2009-12-17,570,579,563,570,3235000,570
2009-12-18,560,565,557,564,2629000,564
2009-12-21,568,568,559,559,2191000,559
2009-12-22,560,562,556,560,1824000,560
2009-12-24,564,564,558,559,1674000,559
2009-12-25,562,562,557,558,1121000,558
2009-12-28,558,562,556,560,1580000,560
2009-12-29,558,560,553,557,2140000,557
2009-12-30,562,562,553,554,1563000,554
2010-01-04,554,567,554,565,2154000,565
2010-01-05,575,575,557,560,2472000,560
2010-01-06,563,565,558,559,4926000,559
2010-01-07,553,556,540,553,6921000,553
2010-01-08,563,573,560,572,6605000,572
2010-01-12,572,574,564,570,2626000,570
2010-01-13,569,579,568,574,3024000,574
2010-01-14,580,586,577,579,3046000,579
2010-01-15,582,584,577,583,3214000,583
2010-01-18,563,578,563,572,2834000,572
2010-01-19,571,576,567,568,2570000,568
2010-01-20,575,575,563,565,2099000,565
2010-01-21,559,568,557,567,3420000,567
2010-01-22,564,565,553,560,3064000,560
2010-01-25,566,566,555,555,2345000,555
2010-01-26,553,555,547,549,3125000,549
2010-01-27,549,551,546,549,2380000,549
2010-01-28,549,553,548,549,2033000,549
2010-01-29,549,551,544,546,2346000,546
2010-02-01,549,550,542,547,3061000,547
2010-02-02,549,560,547,558,2108000,558
2010-02-03,556,559,552,558,1790000,558
2010-02-04,560,560,549,552,1453000,552
2010-02-05,542,549,542,544,1765000,544
2010-02-08,547,549,539,540,1494000,540
2010-02-09,539,550,539,550,2419000,550
2010-02-10,548,555,546,548,2256000,548
2010-02-12,556,556,549,554,2210000,554
2010-02-15,552,556,550,553,1476000,553
2010-02-16,551,558,551,555,1178000,555
2010-02-17,560,564,557,560,1629000,560
2010-02-18,560,563,558,560,1247000,560
2010-02-19,563,563,548,548,2155000,548
2010-02-22,556,565,547,551,3966000,551
2010-02-23,549,558,548,557,2419000,557
2010-02-24,547,550,542,544,3459000,544
2010-02-25,542,545,538,540,2319000,540
2010-02-26,539,544,539,541,2011000,541
2010-03-01,540,545,538,539,2073000,539
2010-03-02,542,543,537,539,2515000,539
2010-03-03,537,537,527,531,4334000,531
2010-03-04,531,531,525,527,2373000,527
2010-03-05,528,539,527,535,2904000,535
2010-03-08,539,541,536,540,3108000,540
2010-03-09,539,539,527,529,4242000,529
2010-03-10,526,528,509,512,13249000,512
2010-03-11,520,531,517,529,7902000,529
2010-03-12,535,535,521,525,7936000,525
2010-03-15,533,537,530,535,4645000,535
2010-03-16,539,539,527,531,3672000,531
2010-03-17,534,534,528,532,3028000,532
2010-03-18,530,536,530,533,2473000,533
2010-03-19,536,541,534,538,4091000,538
2010-03-23,541,544,536,536,2790000,536
2010-03-24,541,544,538,539,3100000,539
2010-03-25,541,542,536,537,2634000,537
2010-03-26,536,540,532,540,4431000,540
2010-03-29,537,540,531,539,4106000,539
2010-03-30,540,553,539,551,4182000,551
2010-03-31,558,564,550,559,4920000,559
2010-04-01,566,567,558,561,3814000,561
2010-04-02,564,564,557,559,3066000,559
2010-04-05,563,563,552,557,2215000,557
2010-04-06,554,555,546,553,3804000,553
2010-04-07,557,579,555,575,7744000,575
2010-04-08,573,580,568,571,6236000,571
2010-04-09,571,576,566,574,5072000,574
2010-04-12,580,604,579,596,8764000,596
2010-04-13,592,596,586,591,4972000,591
2010-04-14,595,598,586,590,3106000,590
2010-04-15,598,609,594,608,5452000,608
2010-04-16,603,616,600,604,4665000,604
2010-04-19,594,596,589,592,2831000,592
2010-04-20,595,598,592,592,2950000,592
2010-04-21,600,609,597,605,3344000,605
2010-04-22,615,615,594,600,5181000,600
2010-04-23,595,604,593,601,4224000,601
2010-04-26,604,615,604,612,4069000,612
2010-04-27,612,613,605,607,2842000,607
2010-04-28,597,599,589,594,4511000,594
2010-04-30,603,604,596,598,1906000,598
2010-05-06,588,590,576,584,3880000,584
2010-05-07,564,568,561,566,4300000,566
2010-05-10,558,573,555,572,4649000,572
2010-05-11,574,576,558,559,5584000,559
2010-05-12,555,556,547,554,4722000,554
2010-05-13,560,560,553,556,5189000,556
2010-05-14,546,555,541,546,5908000,546
2010-05-17,542,547,539,541,4988000,541
2010-05-18,551,558,547,551,4812000,551
2010-05-19,542,549,542,549,4264000,549
2010-05-20,547,555,544,551,3656000,551
2010-05-21,541,546,529,534,5346000,534
2010-05-24,528,536,527,534,3578000,534
2010-05-25,534,535,526,530,3141000,530
2010-05-26,531,534,523,530,4009000,530
2010-05-27,520,536,520,534,6035000,534
2010-05-28,544,566,542,554,8114000,554
2010-05-31,554,562,553,555,5359000,555
2010-06-01,555,561,552,558,4055000,558
2010-06-02,554,558,550,551,2697000,551
2010-06-03,558,561,555,558,3125000,558
2010-06-04,558,565,553,564,2605000,564
2010-06-07,554,559,545,545,2121000,545
2010-06-08,545,550,543,545,1936000,545
2010-06-09,546,549,541,547,2698000,547
2010-06-10,548,548,543,546,2203000,546
2010-06-11,536,545,532,536,10079000,536
2010-06-14,540,541,533,535,3091000,535
2010-06-15,537,541,535,538,2847000,538
2010-06-16,545,546,539,541,2923000,541
2010-06-17,540,540,536,538,1935000,538
2010-06-18,540,542,540,541,2125000,541
2010-06-21,550,558,549,555,3792000,555
2010-06-22,550,563,549,560,4263000,560
2010-06-23,550,557,549,553,2799000,553
2010-06-24,556,561,554,555,2855000,555
2010-06-25,548,557,547,552,2333000,552
2010-06-28,558,558,551,554,2333000,554
2010-06-29,558,560,546,550,1936000,550
2010-06-30,540,543,531,539,3425000,539
2010-07-01,532,533,526,532,1988000,532
2010-07-02,532,534,527,532,2592000,532
2010-07-05,536,540,532,534,1905000,534
2010-07-06,533,549,531,548,3440000,548
2010-07-07,546,553,544,548,2333000,548
2010-07-08,558,566,557,562,2875000,562
2010-07-09,566,566,554,555,2305000,555
2010-07-12,553,558,544,545,2154000,545
2010-07-13,547,551,539,542,2118000,542
2010-07-14,552,554,541,542,2886000,542
2010-07-15,536,538,532,532,2293000,532
2010-07-16,530,533,523,525,2205000,525
2010-07-20,515,526,512,520,2570000,520
2010-07-21,526,527,516,519,2815000,519
2010-07-22,518,524,516,517,2207000,517
2010-07-23,527,531,522,531,2958000,531
2010-07-26,535,539,533,533,2277000,533
2010-07-27,531,533,524,525,4571000,525
2010-07-28,528,538,527,537,3225000,537
2010-07-29,537,543,535,538,2479000,538
2010-07-30,538,538,523,528,2781000,528
2010-08-02,532,535,525,526,2003000,526
2010-08-03,536,538,525,529,2581000,529
2010-08-04,526,528,518,523,2693000,523
2010-08-05,529,530,521,524,2178000,524
2010-08-06,522,526,519,522,2608000,522
2010-08-09,515,524,515,522,2216000,522
2010-08-10,522,524,515,517,2212000,517
2010-08-11,509,513,499,500,3757000,500
2010-08-12,492,495,486,493,3848000,493
2010-08-13,489,495,486,495,2776000,495
2010-08-16,489,492,485,491,3461000,491
2010-08-17,488,494,485,493,1865000,493
2010-08-18,498,504,492,500,2785000,500
2010-08-19,499,505,496,502,2224000,502
2010-08-20,494,498,484,485,4521000,485
2010-08-23,486,490,484,489,3995000,489
2010-08-24,481,484,476,478,4276000,478
2010-08-25,478,484,475,477,4095000,477
2010-08-26,481,482,475,480,2183000,480
2010-08-27,476,482,474,480,3148000,480
2010-08-30,488,495,485,490,3326000,490
2010-08-31,482,484,472,473,3850000,473
2010-09-01,476,485,472,485,2869000,485
2010-09-02,494,494,485,492,3646000,492
2010-09-03,494,496,488,491,2631000,491
2010-09-06,493,503,490,503,3790000,503
2010-09-07,499,505,498,501,3638000,501
2010-09-08,496,499,493,498,2686000,498
2010-09-09,503,507,500,507,2595000,507
2010-09-10,509,510,497,499,5142000,499
2010-09-13,502,507,501,503,2636000,503
2010-09-14,505,513,505,509,2581000,509
2010-09-15,510,521,505,516,3628000,516
2010-09-16,520,521,506,508,2796000,508
2010-09-17,512,514,507,510,2136000,510
2010-09-21,516,516,512,514,2229000,514
2010-09-22,511,515,510,511,1732000,511
2010-09-24,501,507,497,503,4140000,503
2010-09-27,520,520,507,512,4904000,512
2010-09-28,507,508,502,506,3529000,506
2010-09-29,500,505,492,497,6074000,497
2010-09-30,498,501,485,487,7438000,487
2010-10-01,495,495,484,488,6776000,488
2010-10-04,489,495,486,487,4176000,487
2010-10-05,486,502,483,500,4708000,500
2010-10-06,503,515,501,510,5782000,510
2010-10-07,508,518,507,511,4575000,511
2010-10-08,512,519,511,517,3413000,517
2010-10-12,520,526,509,512,4655000,512
2010-10-13,515,522,502,503,7357000,503
2010-10-14,511,521,508,517,4356000,517
2010-10-15,516,516,503,505,3398000,505
2010-10-18,508,519,507,512,5137000,512
2010-10-19,516,524,515,518,3751000,518
2010-10-20,514,516,507,511,2938000,511
2010-10-21,512,517,507,510,3224000,510
2010-10-22,512,518,511,512,2130000,512
2010-10-25,514,515,506,508,2394000,508
2010-10-26,508,510,500,503,3022000,503
2010-10-27,504,507,492,496,3878000,496
2010-10-28,495,499,491,493,3540000,493
2010-10-29,493,502,485,497,4522000,497
2010-11-01,493,499,490,492,1932000,492
2010-11-02,493,494,486,492,2105000,492
2010-11-04,495,507,494,496,3095000,496
2010-11-05,504,510,501,504,3585000,504
2010-11-08,501,501,485,488,7392000,488
2010-11-09,487,492,484,492,5482000,492
2010-11-10,495,510,495,507,5304000,507
2010-11-11,510,514,506,509,4459000,509
2010-11-12,508,514,506,507,3411000,507
2010-11-15,516,519,506,506,2700000,506
2010-11-16,505,508,494,496,3918000,496
2010-11-17,495,498,494,494,3570000,494
2010-11-18,495,511,495,510,7910000,510
2010-11-19,513,515,508,509,3196000,509
2010-11-22,510,510,501,501,4034000,501
2010-11-24,495,499,492,492,4675000,492
2010-11-25,496,496,490,493,4175000,493
2010-11-26,492,495,489,492,2954000,492
2010-11-29,492,497,490,496,3603000,496
2010-11-30,495,495,487,487,4217000,487
2010-12-01,489,495,488,495,3834000,495
2010-12-02,502,502,493,493,3160000,493
2010-12-03,498,500,492,493,2370000,493
2010-12-06,491,493,488,489,3366000,489
2010-12-07,489,491,486,486,4178000,486
2010-12-08,489,492,487,492,2726000,492
2010-12-09,494,499,491,497,3841000,497
2010-12-10,504,504,494,498,8174000,498
2010-12-13,502,519,500,518,7024000,518
2010-12-14,519,528,517,528,7514000,528
2010-12-15,533,533,524,529,4463000,529
2010-12-16,526,535,526,532,5287000,532
2010-12-17,532,538,531,536,3894000,536
2010-12-20,536,539,524,529,4587000,529
2010-12-21,529,537,528,534,3210000,534
2010-12-22,533,540,532,536,4612000,536
2010-12-24,532,536,531,533,1565000,533
2010-12-27,537,538,532,533,2609000,533
2010-12-28,533,537,533,534,1377000,534
2010-12-29,533,536,530,536,1530000,536
2010-12-30,532,535,523,528,2201000,528
2011-01-04,532,534,526,530,3183000,530
2011-01-05,532,532,524,525,1828000,525
2011-01-06,530,535,525,533,3501000,533
2011-01-07,531,537,527,529,2813000,529
2011-01-11,528,532,522,530,3131000,530
2011-01-12,531,539,531,533,4576000,533
2011-01-13,539,544,536,539,6807000,539
2011-01-14,534,547,534,544,5236000,544
2011-01-17,546,549,537,537,2833000,537
2011-01-18,535,546,534,536,2655000,536
2011-01-19,538,542,532,537,3711000,537
2011-01-20,535,538,532,534,2809000,534
2011-01-21,537,540,524,526,4971000,526
2011-01-24,530,530,518,524,3884000,524
2011-01-25,527,533,521,533,2591000,533
2011-01-26,529,531,524,524,2463000,524
2011-01-27,527,530,523,527,4962000,527
2011-01-28,525,527,515,517,4291000,517
2011-01-31,511,516,508,511,2266000,511
2011-02-01,511,517,509,512,3364000,512
2011-02-02,517,524,516,520,4219000,520
2011-02-03,517,522,516,517,2648000,517
2011-02-04,521,527,520,521,1469000,521
2011-02-07,524,527,519,522,2198000,522
2011-02-08,525,532,524,524,5952000,524
2011-02-09,526,530,525,528,3996000,528
2011-02-10,529,542,528,541,4930000,541
2011-02-14,546,551,545,550,4725000,550
2011-02-15,554,559,550,555,5788000,555
2011-02-16,555,568,554,561,5354000,561
2011-02-17,566,570,561,567,4098000,567
2011-02-18,570,577,568,572,5725000,572
2011-02-21,567,577,567,573,3972000,573
2011-02-22,568,571,561,564,3030000,564
2011-02-23,555,561,545,546,6263000,546
2011-02-24,545,552,539,540,3769000,540
2011-02-25,544,546,539,544,3321000,544
2011-02-28,546,560,543,559,4839000,559
2011-03-01,558,571,558,566,4604000,566
2011-03-02,560,561,550,552,3391000,552
2011-03-03,555,556,547,549,3011000,549
2011-03-04,555,559,552,553,2859000,553
2011-03-07,548,551,543,545,2608000,545
2011-03-08,548,553,543,543,2130000,543
2011-03-09,548,553,545,547,1878000,547
2011-03-10,543,545,536,538,2324000,538
2011-03-11,531,538,526,526,6342000,526
2011-03-14,464,499,464,477,6276000,477
2011-03-15,469,469,413,432,6191000,432
2011-03-16,451,459,435,452,7013000,452
2011-03-17,431,450,431,444,5296000,444
2011-03-18,446,454,443,450,5174000,450
2011-03-22,468,480,467,479,6108000,479
2011-03-23,480,488,463,466,6943000,466
2011-03-24,467,472,463,466,4224000,466
2011-03-25,476,476,462,467,4034000,467
2011-03-28,475,477,467,471,4410000,471
2011-03-29,466,475,464,469,4436000,469
2011-03-30,471,471,461,468,5859000,468
2011-03-31,468,471,463,466,5373000,466
2011-04-01,471,480,469,473,4931000,473
2011-04-04,474,474,465,467,2746000,467
2011-04-05,470,474,463,468,3726000,468
2011-04-06,469,474,465,468,5457000,468
2011-04-07,470,476,470,473,4379000,473
2011-04-08,472,480,465,478,4229000,478
2011-04-11,471,476,470,472,2908000,472
2011-04-12,465,471,462,470,5027000,470
2011-04-13,464,468,460,464,8460000,464
2011-04-14,465,474,464,471,4927000,471
2011-04-15,469,472,466,467,2566000,467
2011-04-18,467,470,464,464,2496000,464
2011-04-19,460,462,456,457,3049000,457
2011-04-20,460,463,460,462,2469000,462
2011-04-21,463,466,459,465,2034000,465
2011-04-22,466,471,464,466,4174000,466
2011-04-25,471,477,470,474,3479000,474
2011-04-26,472,473,466,467,4000000,467
2011-04-27,469,478,468,472,4949000,472
2011-04-28,475,480,472,477,4667000,477
2011-05-02,497,509,493,506,6289000,506
2011-05-06,500,506,500,502,4851000,502
2011-05-09,502,506,496,498,5621000,498
2011-05-10,498,498,486,489,7017000,489
2011-05-11,495,497,488,489,4061000,489
2011-05-12,488,497,488,491,3090000,491
2011-05-13,491,494,480,484,4585000,484
2011-05-16,483,491,481,486,3621000,486
2011-05-17,486,490,480,482,3304000,482
2011-05-18,483,492,483,490,3408000,490
2011-05-19,492,493,477,478,3373000,478
2011-05-20,479,487,479,483,3584000,483
2011-05-23,480,484,476,478,1960000,478
2011-05-24,478,482,478,480,2712000,480
2011-05-25,480,480,474,478,2834000,478
2011-05-26,478,482,474,478,4239000,478
2011-05-27,478,481,474,477,5248000,477
2011-05-30,477,478,468,470,3749000,470
2011-05-31,472,488,472,488,5348000,488
2011-06-01,488,490,482,488,6054000,488
2011-06-02,486,487,480,485,5627000,485
2011-06-03,488,492,484,484,4570000,484
2011-06-06,484,484,473,480,5794000,480
2011-06-07,481,484,477,484,3425000,484
2011-06-08,485,485,476,479,4924000,479
2011-06-09,480,480,470,473,6040000,473
2011-06-10,471,477,468,472,6621000,472
2011-06-13,471,471,465,469,3211000,469
2011-06-14,471,480,470,478,2502000,478
2011-06-15,482,482,475,476,2907000,476
2011-06-16,470,474,468,469,3561000,469
2011-06-17,471,471,459,462,4867000,462
2011-06-20,466,471,464,467,2508000,467
2011-06-21,472,476,469,475,3216000,475
2011-06-22,479,487,478,486,3529000,486
2011-06-23,481,487,479,480,3825000,480
2011-06-24,480,484,476,482,3263000,482
2011-06-27,481,481,473,478,3899000,478
2011-06-28,484,489,481,485,3170000,485
2011-06-29,489,497,488,496,3968000,496
2011-06-30,500,507,499,502,4226000,502
2011-07-01,503,505,501,505,2224000,505
2011-07-04,512,520,510,515,2670000,515
2011-07-05,520,524,515,520,5269000,520
2011-07-06,522,522,513,520,4011000,520
2011-07-07,509,514,504,511,5134000,511
2011-07-08,515,515,508,512,3320000,512
2011-07-11,509,513,507,510,2758000,510
2011-07-12,503,508,498,502,3593000,502
2011-07-13,499,508,498,501,3197000,501
2011-07-14,499,503,498,498,3314000,498
2011-07-15,497,501,493,495,3604000,495
2011-07-19,495,499,493,494,2935000,494
2011-07-20,501,503,494,499,2697000,499
2011-07-21,498,502,497,499,4341000,499
2011-07-22,505,508,504,505,3704000,505
2011-07-25,503,503,495,496,2737000,496
2011-07-26,496,500,492,494,4391000,494
2011-07-27,494,496,486,495,6377000,495
2011-07-28,493,495,488,491,2727000,491
2011-07-29,488,492,486,489,2983000,489
2011-08-01,494,507,493,503,6203000,503
2011-08-02,504,511,500,510,4644000,510
2011-08-03,501,503,495,497,3795000,497
2011-08-04,500,511,499,506,4381000,506
2011-08-05,490,494,486,491,4441000,491
2011-08-08,483,485,475,476,4304000,476
2011-08-09,467,470,457,470,6724000,470
2011-08-10,479,480,472,475,3938000,475
2011-08-11,467,479,467,475,4484000,475
2011-08-12,481,483,472,475,3663000,475
2011-08-15,483,486,472,476,3170000,476
2011-08-16,476,478,471,474,3113000,474
2011-08-17,471,477,470,475,3269000,475
2011-08-18,472,474,468,469,3030000,469
2011-08-19,461,469,460,464,3693000,464
2011-08-22,465,468,462,465,2911000,465
2011-08-23,469,478,469,476,5100000,476
2011-08-24,477,493,476,488,9134000,488
2011-08-25,495,508,495,500,7796000,500
2011-08-26,500,503,493,495,4878000,495
2011-08-29,493,498,490,495,3667000,495
2011-08-30,499,505,496,497,5170000,497
2011-08-31,496,502,495,497,3590000,497
2011-09-01,502,510,501,502,4150000,502
2011-09-02,501,502,496,500,2026000,500
2011-09-05,496,498,492,495,2271000,495
2011-09-06,495,500,494,499,4761000,499
2011-09-07,506,508,502,507,5507000,507
2011-09-08,510,514,507,512,3697000,512
2011-09-09,510,514,509,510,5621000,510
2011-09-12,500,507,500,505,1599000,505
2011-09-13,509,514,502,511,2679000,511
2011-09-14,512,518,509,518,6290000,518
2011-09-15,522,533,521,530,4463000,530
2011-09-16,530,531,513,515,6500000,515
2011-09-20,516,518,505,508,3183000,508
2011-09-21,509,514,508,514,2922000,514
2011-09-22,510,515,505,515,3353000,515
2011-09-26,516,524,508,517,4421000,517
2011-09-27,519,533,516,531,4647000,531
2011-09-28,530,543,530,538,3498000,538
2011-09-29,537,544,526,540,5712000,540
2011-09-30,546,547,530,539,5579000,539
2011-10-03,525,539,515,537,4745000,537
2011-10-04,532,533,525,531,3657000,531
2011-10-05,531,532,518,519,4755000,519
2011-10-06,524,535,523,530,2457000,530
2011-10-07,530,536,524,525,2418000,525
2011-10-11,526,531,522,524,2115000,524
2011-10-12,520,522,500,502,4951000,502
2011-10-13,509,510,499,500,4101000,500
2011-10-14,495,502,493,497,3211000,497
2011-10-17,505,508,501,505,2041000,505
2011-10-18,504,511,501,501,1901000,501
2011-10-19,507,514,506,510,2684000,510
2011-10-20,505,514,505,510,2395000,510
2011-10-21,511,512,503,509,2499000,509
2011-10-24,512,519,502,505,1930000,505
2011-10-25,504,504,491,495,2680000,495
2011-10-26,492,496,487,492,2086000,492
2011-10-27,488,501,486,495,4315000,495
2011-10-28,501,507,492,494,5618000,494
2011-10-31,488,500,485,485,4522000,485
2011-11-01,486,495,484,488,3051000,488
2011-11-02,488,494,483,489,3886000,489
2011-11-04,496,503,487,502,3391000,502
2011-11-07,497,501,496,500,1305000,500
2011-11-08,496,505,492,495,2128000,495
2011-11-09,497,505,488,504,2826000,504
2011-11-10,492,509,491,506,3265000,506
2011-11-11,507,513,499,507,3139000,507
2011-11-14,507,508,494,496,4720000,496
2011-11-15,496,502,495,498,2301000,498
2011-11-16,500,504,496,501,2450000,501
2011-11-17,503,507,496,506,3541000,506
2011-11-18,502,504,500,502,1964000,502
2011-11-21,503,512,502,508,1496000,508
2011-11-22,510,515,509,512,3138000,512
2011-11-24,510,511,498,500,2573000,500
2011-11-25,501,506,496,497,2310000,497
2011-11-28,496,500,493,495,2109000,495
2011-11-29,497,497,490,494,3147000,494
2011-11-30,492,500,492,498,3080000,498
2011-12-01,508,509,489,491,4067000,491
2011-12-02,492,495,486,489,3390000,489
2011-12-05,492,498,489,497,2485000,497
2011-12-06,493,498,492,492,2059000,492
2011-12-07,496,496,491,494,2154000,494
2011-12-08,493,500,493,496,2435000,496
2011-12-09,489,497,489,495,5445000,495
2011-12-12,497,503,497,498,2005000,498
2011-12-13,494,499,492,496,2521000,496
2011-12-14,495,497,491,496,1679000,496
2011-12-15,497,501,494,500,2724000,500
2011-12-16,501,508,500,505,2973000,505
2011-12-19,501,503,492,496,2169000,496
2011-12-20,499,499,492,494,1301000,494
2011-12-21,497,497,493,497,1516000,497
2011-12-22,494,496,493,494,1436000,494
2011-12-26,497,497,493,494,802000,494
2011-12-27,493,494,489,491,1335000,491
2011-12-28,490,493,485,487,1469000,487
2011-12-29,486,492,483,490,1306000,490
2011-12-30,493,496,492,496,1084000,496
2012-01-04,500,508,499,507,3162000,507
2012-01-05,504,504,495,498,2470000,498
2012-01-06,495,496,490,493,1971000,493
2012-01-10,498,500,493,494,1716000,494
2012-01-11,498,500,494,497,2098000,497
2012-01-12,493,495,489,494,3193000,494
2012-01-13,498,498,489,490,3494000,490
2012-01-16,486,486,481,486,3284000,486
2012-01-17,484,487,481,485,2721000,485
2012-01-18,486,490,482,482,2719000,482
2012-01-19,482,488,479,480,3718000,480
2012-01-20,486,491,483,488,5504000,488
2012-01-23,487,491,484,484,3608000,484
2012-01-24,485,485,479,483,2721000,483
2012-01-25,486,486,479,480,5562000,480
2012-01-26,480,481,477,478,3974000,478
2012-01-27,476,479,473,476,3869000,476
2012-01-30,474,475,471,472,2726000,472
2012-01-31,471,474,466,472,4229000,472
2012-02-01,474,476,470,473,3837000,473
2012-02-02,477,483,476,481,4269000,481
2012-02-03,482,482,474,475,3582000,475
2012-02-06,478,480,471,472,3606000,472
2012-02-07,472,480,472,480,3949000,480
2012-02-08,479,482,477,481,4344000,481
2012-02-09,480,488,479,488,4951000,488
2012-02-10,491,494,488,493,5166000,493
2012-02-13,490,500,489,498,4645000,498
2012-02-14,497,506,497,505,4607000,505
2012-02-15,504,509,499,504,4578000,504
2012-02-16,500,502,488,491,5883000,491
2012-02-17,494,495,488,491,4677000,491
2012-02-20,497,500,494,498,3093000,498
2012-02-21,496,500,492,494,3005000,494
2012-02-22,496,504,495,501,4055000,501
2012-02-23,501,509,496,508,3585000,508
2012-02-24,509,513,505,507,3961000,507
2012-02-27,508,510,504,507,3637000,507
2012-02-28,506,517,506,516,3892000,516
2012-02-29,520,522,512,514,4127000,514
2012-03-01,517,521,506,515,3553000,515
2012-03-02,519,527,518,521,2843000,521
2012-03-05,519,524,515,518,2827000,518
2012-03-06,519,526,516,524,3377000,524
2012-03-07,518,523,513,517,2700000,517
2012-03-08,519,531,519,526,3398000,526
2012-03-09,533,537,523,533,6571000,533
2012-03-12,538,538,522,522,3277000,522
2012-03-13,522,540,522,528,4098000,528
2012-03-14,538,538,529,530,2588000,530
2012-03-15,529,532,522,528,2319000,528
2012-03-16,527,530,525,527,1856000,527
2012-03-19,528,529,524,526,1369000,526
2012-03-21,525,527,518,520,3091000,520
2012-03-22,521,530,520,529,2073000,529
2012-03-23,526,536,526,528,3440000,528
2012-03-26,531,532,520,520,2865000,520
2012-03-27,528,543,528,542,3288000,542
2012-03-28,535,535,527,528,3594000,528
2012-03-29,529,531,528,530,2179000,530
2012-03-30,529,531,524,528,2974000,528
2012-04-02,535,535,525,529,3744000,529
2012-04-03,532,535,525,531,3875000,531
2012-04-04,532,536,523,523,4763000,523
2012-04-05,524,524,512,516,4217000,516
2012-04-06,511,516,509,513,2221000,513
2012-04-09,509,516,507,508,2115000,508
2012-04-10,507,512,506,511,2765000,511
2012-04-11,503,507,498,502,4830000,502
2012-04-12,505,505,495,497,3832000,497
2012-04-13,495,504,493,501,7162000,501
2012-04-16,495,502,493,498,2971000,498
2012-04-17,497,497,491,493,2864000,493
2012-04-18,497,500,496,498,2389000,498
2012-04-19,496,497,493,496,1647000,496
2012-04-20,491,495,491,491,1714000,491
2012-04-23,492,496,488,488,2066000,488
2012-04-24,484,484,481,482,1463000,482
2012-04-25,490,491,485,487,2119000,487
2012-04-26,491,499,488,490,2910000,490
2012-04-27,489,499,483,487,4127000,487
2012-05-01,485,487,483,484,1889000,484
2012-05-02,488,493,482,490,3473000,490
2012-05-07,477,482,475,478,2674000,478
2012-05-08,479,480,472,477,2855000,477
2012-05-09,473,475,470,470,2107000,470
2012-05-10,470,474,468,469,1947000,469
2012-05-11,470,473,465,466,2108000,466
2012-05-14,476,491,475,484,5847000,484
2012-05-15,483,485,480,483,4409000,483
2012-05-16,481,481,465,470,5436000,470
2012-05-17,468,472,461,470,4198000,470
2012-05-18,463,464,457,458,5085000,458
2012-05-21,459,462,455,458,2661000,458
2012-05-22,463,466,460,461,2987000,461
2012-05-23,460,461,453,454,4420000,454
2012-05-24,455,464,454,460,4596000,460
2012-05-25,464,464,454,459,3341000,459
2012-05-28,459,460,455,457,2547000,457
2012-05-29,458,463,454,458,3584000,458
2012-05-30,456,456,448,451,5330000,451
2012-05-31,445,446,440,442,6079000,442
2012-06-01,438,447,438,446,3406000,446
2012-06-04,439,447,438,445,3972000,445
2012-06-05,446,460,445,457,4770000,457
2012-06-06,457,457,443,444,7674000,444
2012-06-07,447,450,445,447,5183000,447
2012-06-08,448,449,440,442,5777000,442
2012-06-11,448,450,441,442,3887000,442
2012-06-12,441,444,436,441,4049000,441
2012-06-13,439,447,437,443,3458000,443
2012-06-14,441,447,439,440,3899000,440
2012-06-15,441,446,440,443,4102000,443
2012-06-18,450,455,444,445,2520000,445
2012-06-19,446,447,441,443,1732000,443
2012-06-20,447,451,445,449,2976000,449
2012-06-21,452,460,451,458,4392000,458
2012-06-22,453,458,451,454,2518000,454
2012-06-25,457,459,449,450,2206000,450
2012-06-26,449,454,445,449,3222000,449
2012-06-27,451,459,449,458,3191000,458
2012-06-28,460,470,460,468,3450000,468
2012-06-29,466,479,463,477,3392000,477
2012-07-02,482,484,472,474,1820000,474
2012-07-03,478,484,474,479,2418000,479
2012-07-04,480,483,478,479,1249000,479
2012-07-05,477,481,476,480,1711000,480
2012-07-06,480,484,474,476,2402000,476
2012-07-09,473,483,472,479,2232000,479
2012-07-10,477,483,475,475,2327000,475
2012-07-11,474,474,470,474,1746000,474
2012-07-12,474,477,469,472,2422000,472
2012-07-13,472,477,469,469,2885000,469
2012-07-17,470,477,467,474,2081000,474
2012-07-18,476,476,469,469,1621000,469
2012-07-19,470,478,468,469,2118000,469
2012-07-20,466,467,455,456,2124000,456
2012-07-23,452,458,451,451,1932000,451
2012-07-24,449,453,446,449,2226000,449
2012-07-25,449,452,443,446,1871000,446
2012-07-26,448,456,445,452,2537000,452
2012-07-27,457,460,455,459,1813000,459
2012-07-30,463,465,459,463,1164000,463
2012-07-31,462,462,454,458,1923000,458
2012-08-01,454,461,452,458,2217000,458
2012-08-02,461,467,457,459,2834000,459
2012-08-03,453,457,451,454,2946000,454
2012-08-06,458,460,444,446,5348000,446
2012-08-07,448,455,448,453,2257000,453
2012-08-08,457,461,451,455,2569000,455
2012-08-09,455,462,454,459,2950000,459
2012-08-10,460,463,453,458,2340000,458
2012-08-13,456,458,454,455,871000,455
2012-08-14,457,468,456,466,2572000,466
2012-08-15,467,472,464,471,3053000,471
2012-08-16,471,471,465,470,2123000,470
2012-08-17,469,477,469,475,1876000,475
2012-08-20,475,476,469,472,2104000,472
2012-08-21,471,474,470,472,907000,472
2012-08-22,472,473,465,469,1520000,469
2012-08-23,469,473,467,472,1560000,472
2012-08-24,470,470,465,468,1094000,468
2012-08-27,472,476,465,466,1138000,466
2012-08-28,468,469,460,461,1503000,461
2012-08-29,461,466,459,463,927000,463
2012-08-30,462,462,459,462,908000,462
2012-08-31,460,462,452,453,2485000,453
2012-09-03,453,459,452,453,1609000,453
2012-09-04,455,455,445,449,2130000,449
2012-09-05,447,450,446,447,1105000,447
2012-09-06,447,450,442,448,2329000,448
2012-09-07,452,453,448,452,2056000,452
2012-09-10,449,455,449,454,1636000,454
2012-09-11,450,454,448,452,1317000,452
2012-09-12,454,462,453,458,2340000,458
2012-09-13,456,457,452,454,1273000,454
2012-09-14,456,461,453,458,4655000,458
2012-09-18,456,460,454,458,2349000,458
2012-09-19,458,463,453,458,2951000,458
2012-09-20,456,463,454,455,3388000,455
2012-09-21,456,464,456,461,2914000,461
2012-09-24,461,464,459,464,2011000,464
2012-09-25,460,470,458,470,3158000,470
2012-09-26,460,466,460,462,2482000,462
2012-09-27,458,469,457,467,3280000,467
2012-09-28,465,465,450,454,4758000,454
2012-10-01,453,459,452,458,1486000,458
2012-10-02,459,460,453,454,2307000,454
2012-10-03,451,452,447,448,1787000,448
2012-10-04,448,457,448,452,2226000,452
2012-10-05,453,456,451,456,2393000,456
2012-10-09,456,460,450,452,2158000,452
2012-10-10,445,449,445,446,2326000,446
2012-10-11,446,455,446,453,4868000,453
2012-10-12,456,457,452,455,4223000,455
2012-10-15,452,455,448,453,1834000,453
2012-10-16,455,461,454,459,1686000,459
2012-10-17,460,462,454,456,2687000,456
2012-10-18,454,464,454,460,2233000,460
2012-10-19,460,466,459,463,2525000,463
2012-10-22,459,467,458,465,1927000,465
2012-10-23,468,470,462,469,2917000,469
2012-10-24,464,470,463,465,2875000,465
2012-10-25,468,470,466,470,3189000,470
2012-10-26,470,473,463,466,2950000,466
2012-10-29,467,469,463,465,2008000,465
2012-10-30,464,468,458,458,3149000,458
2012-10-31,458,467,458,466,3112000,466
2012-11-01,466,469,464,466,1618000,466
2012-11-02,469,469,462,467,2337000,467
2012-11-05,463,464,459,460,1249000,460
2012-11-06,458,460,458,460,1456000,460
2012-11-07,463,464,458,460,2366000,460
2012-11-08,456,456,451,453,1780000,453
2012-11-09,450,458,450,456,2099000,456
2012-11-12,463,470,461,464,3652000,464
2012-11-13,468,468,451,458,5318000,458
2012-11-14,459,460,457,459,2721000,459
2012-11-15,458,462,456,461,3350000,461
2012-11-16,461,479,461,473,4155000,473
2012-11-19,478,484,478,478,2561000,478
2012-11-20,480,486,480,481,2403000,481
2012-11-21,485,491,483,488,3589000,488
2012-11-22,493,494,486,489,4996000,489
2012-11-26,493,496,479,481,4200000,481
2012-11-27,482,494,482,487,4213000,487
2012-11-28,486,488,483,484,2533000,484
2012-11-29,484,489,483,485,2968000,485
2012-11-30,488,498,487,492,6016000,492
2012-12-03,496,501,494,495,2796000,495
2012-12-04,495,499,494,495,2689000,495
2012-12-05,493,497,490,495,1875000,495
2012-12-06,495,498,494,494,2445000,494
2012-12-07,494,495,491,492,2050000,492
2012-12-10,494,495,489,490,1939000,490
2012-12-11,486,491,486,490,2228000,490
2012-12-12,491,494,488,490,2364000,490
2012-12-13,493,497,491,491,2368000,491
2012-12-14,490,494,488,490,5690000,490
2012-12-17,496,498,489,491,2901000,491
2012-12-18,492,498,492,493,2297000,493
2012-12-19,498,508,497,505,3689000,505
2012-12-20,502,509,501,504,3543000,504
2012-12-21,507,514,493,501,4518000,501
2012-12-25,509,509,490,494,2753000,494
2012-12-26,494,498,492,497,2298000,497
2012-12-27,500,506,499,502,2398000,502
2012-12-28,502,508,499,504,2679000,504
2013-01-04,519,536,518,534,4939000,534
2013-01-07,539,543,517,518,5452000,518
2013-01-08,514,521,509,511,2667000,511
2013-01-09,507,522,507,518,3389000,518
2013-01-10,520,538,520,527,3093000,527
2013-01-11,536,541,530,533,3415000,533
2013-01-15,538,540,535,538,1781000,538
2013-01-16,539,547,534,537,3767000,537
2013-01-17,540,542,529,538,3032000,538
2013-01-18,545,546,536,545,3060000,545
2013-01-21,547,548,539,541,2039000,541
2013-01-22,542,560,537,545,4065000,545
2013-01-23,542,567,542,556,4346000,556
2013-01-24,551,557,547,550,5260000,550
2013-01-25,559,572,559,570,4158000,570
2013-01-28,574,580,568,573,3749000,573
2013-01-29,564,575,562,568,3549000,568
2013-01-30,570,575,568,573,2776000,573
2013-01-31,567,575,562,570,3461000,570
2013-02-01,572,573,560,563,3198000,563
2013-02-04,569,573,561,566,3540000,566
2013-02-05,566,576,565,567,3685000,567
2013-02-06,575,577,563,574,5914000,574
2013-02-07,574,589,573,583,4133000,583
2013-02-08,575,586,570,573,4004000,573
2013-02-12,583,602,581,592,4481000,592
2013-02-13,594,598,581,587,2656000,587
2013-02-14,589,592,579,581,4659000,581
2013-02-15,582,582,566,576,4530000,576
2013-02-18,585,605,583,602,3835000,602
2013-02-19,601,607,600,602,2461000,602
2013-02-20,607,612,605,609,2468000,609
2013-02-21,604,614,596,601,3763000,601
2013-02-22,592,594,584,588,5464000,588
2013-02-25,597,606,593,600,4531000,600
2013-02-26,590,598,586,590,4738000,590
2013-02-27,587,587,576,576,4827000,576
2013-02-28,585,594,582,591,3595000,591
2013-03-01,591,607,591,606,3522000,606
2013-03-04,610,614,607,610,3094000,610
2013-03-05,612,630,608,609,3912000,609
2013-03-06,620,626,607,609,3524000,609
2013-03-07,615,616,601,604,3955000,604
2013-03-08,605,625,603,624,8409000,624
2013-03-11,633,654,629,653,4558000,653
2013-03-12,663,665,643,643,3799000,643
2013-03-13,636,648,632,633,3664000,633
2013-03-14,637,650,635,649,3025000,649
2013-03-15,653,664,648,653,5089000,653
2013-03-18,646,658,639,651,2972000,651
2013-03-19,660,674,659,671,3254000,671
2013-03-21,679,703,678,688,4831000,688
2013-03-22,682,684,671,672,2316000,672
2013-03-25,687,690,673,674,2656000,674
2013-03-26,665,685,664,682,3131000,682
2013-03-27,675,683,668,672,3475000,672
2013-03-28,677,678,665,676,3776000,676
2013-03-29,674,678,665,675,4280000,675
2013-04-01,672,673,638,640,4448000,640
2013-04-02,638,652,622,646,4984000,646
2013-04-03,638,663,637,662,3724000,662
2013-04-04,662,677,646,677,5644000,677
2013-04-05,760,767,715,725,8494000,725
2013-04-08,750,757,729,756,5122000,756
2013-04-09,760,768,738,747,4303000,747
2013-04-10,748,772,745,771,4705000,771
2013-04-11,777,797,761,772,5445000,772
2013-04-12,779,784,770,774,4846000,774
2013-04-15,773,775,748,751,4154000,751
2013-04-16,737,743,720,720,6504000,720
2013-04-17,735,757,731,750,4193000,750
2013-04-18,755,756,738,739,3487000,739
2013-04-19,731,737,719,731,3452000,731
2013-04-22,746,757,746,752,3324000,752
2013-04-23,746,750,740,743,2460000,743
2013-04-24,752,753,740,750,2818000,750
2013-04-25,750,762,748,760,3194000,760
2013-04-26,762,765,750,750,2965000,750
2013-04-30,756,763,754,756,3822000,756
2013-05-01,757,766,750,757,3332000,757
2013-05-02,763,774,759,765,2978000,765
2013-05-07,780,788,770,778,2853000,778
2013-05-08,781,784,777,777,2553000,777
2013-05-09,784,786,755,755,3398000,755
2013-05-10,777,779,772,774,3064000,774
2013-05-13,761,770,755,769,3762000,769
2013-05-14,765,769,752,752,3014000,752
2013-05-15,759,782,757,776,4521000,776
2013-05-16,775,782,754,758,3673000,758
2013-05-17,751,760,739,747,3708000,747
2013-05-20,749,751,738,738,2744000,738
2013-05-21,739,746,733,736,3976000,736
2013-05-22,733,742,729,735,2813000,735
2013-05-23,735,742,659,661,6479000,661
2013-05-24,666,685,646,662,5639000,662
2013-05-27,653,667,644,651,2800000,651
2013-05-28,644,658,641,651,3769000,651
2013-05-29,660,667,649,651,3192000,651
2013-05-30,636,638,616,618,6124000,618
2013-05-31,631,647,627,639,5042000,639
2013-06-03,630,632,610,612,4439000,612
2013-06-04,611,641,601,636,9447000,636
2013-06-05,629,644,612,612,4128000,612
2013-06-06,606,624,598,605,4148000,605
2013-06-07,595,618,593,608,5181000,608
2013-06-10,618,624,606,616,3515000,616
2013-06-11,620,621,606,615,3775000,615
2013-06-12,607,612,593,609,2559000,609
2013-06-13,597,599,572,581,3269000,581
2013-06-14,592,598,581,585,7079000,585
2013-06-17,582,612,580,611,6413000,611
2013-06-18,615,616,594,601,3582000,601
2013-06-19,611,622,611,621,2908000,621
2013-06-20,616,618,603,607,3737000,607
2013-06-21,595,627,591,625,3900000,625
2013-06-24,635,636,611,615,3085000,615
2013-06-25,619,629,609,615,3562000,615
2013-06-26,621,624,608,612,2377000,612
2013-06-27,616,635,612,635,2060000,635
2013-06-28,645,680,643,676,3881000,676
2013-07-01,680,683,655,672,2501000,672
2013-07-02,680,689,673,687,2624000,687
2013-07-03,684,696,678,696,2137000,696
2013-07-04,692,698,686,696,970000,696
2013-07-05,699,709,696,707,1561000,707
2013-07-08,718,720,707,707,2102000,707
2013-07-09,719,725,711,725,2657000,725
2013-07-10,725,739,724,735,2389000,735
2013-07-11,731,731,717,728,2648000,728
2013-07-12,727,735,726,728,3251000,728
2013-07-16,733,744,727,732,3549000,732
2013-07-17,728,736,722,734,2638000,734
2013-07-18,737,747,735,747,2711000,747
2013-07-19,749,754,739,745,3291000,745
2013-07-22,751,752,742,750,1685000,750
2013-07-23,751,769,746,765,2629000,765
2013-07-24,762,769,753,754,2959000,754
2013-07-25,755,755,738,739,1833000,739
2013-07-26,718,725,705,705,3432000,705
2013-07-29,690,694,681,681,1911000,681
2013-07-30,681,698,676,694,2645000,694
2013-07-31,686,692,679,679,2837000,679
2013-08-01,684,707,684,707,1812000,707
2013-08-02,724,730,715,730,2419000,730
2013-08-05,715,727,709,722,1903000,722
2013-08-06,716,726,709,725,2377000,725
2013-08-07,711,715,699,701,2149000,701
2013-08-08,695,709,682,686,2224000,686
2013-08-09,690,695,683,691,1999000,691
2013-08-12,684,693,679,685,938000,685
2013-08-13,695,708,695,704,1144000,704
2013-08-14,707,717,699,715,1455000,715
2013-08-15,701,711,698,700,1039000,700
2013-08-16,690,705,687,699,1258000,699
2013-08-19,698,706,694,700,783000,700
2013-08-20,694,711,690,690,1689000,690
2013-08-21,691,695,679,688,1656000,688
2013-08-22,687,703,683,693,1542000,693
2013-08-23,703,712,698,707,1754000,707
2013-08-26,707,708,700,701,816000,701
2013-08-27,695,696,688,690,1033000,690
2013-08-28,680,684,670,679,1514000,679
2013-08-29,679,685,675,683,1413000,683
2013-08-30,686,695,670,673,2426000,673
2013-09-02,679,686,674,683,955000,683
2013-09-03,689,705,688,704,1363000,704
2013-09-04,691,704,689,701,1788000,701
2013-09-05,705,706,691,697,1660000,697
2013-09-06,698,699,681,683,1477000,683
2013-09-09,705,706,698,704,1110000,704
2013-09-10,707,717,707,716,1310000,716
2013-09-11,720,723,709,713,1243000,713
2013-09-12,713,713,702,706,904000,706
2013-09-13,698,708,691,701,3491000,701
2013-09-17,702,710,699,699,880000,699
2013-09-18,705,712,696,705,1857000,705
2013-09-19,720,725,713,725,1869000,725
2013-09-20,727,738,724,729,2013000,729
2013-09-24,725,725,711,721,1746000,721
2013-09-25,720,727,713,725,1776000,725
2013-09-26,716,728,710,728,1479000,728
2013-09-27,730,733,728,731,1302000,731
2013-09-30,712,724,710,716,1522000,716
2013-10-01,715,725,713,718,1042000,718
2013-10-02,720,722,692,697,3579000,697
2013-10-03,697,702,693,694,2317000,694
2013-10-04,688,690,683,683,2039000,683
2013-10-07,684,691,673,675,1516000,675
2013-10-08,671,678,666,675,2280000,675
2013-10-09,672,690,670,688,1703000,688
2013-10-10,689,693,682,688,1941000,688
2013-10-11,703,718,702,713,3357000,713
2013-10-15,723,724,710,713,1520000,713
2013-10-16,712,721,712,717,1027000,717
2013-10-17,726,730,720,727,2091000,727
2013-10-18,727,729,719,726,1620000,726
2013-10-21,728,734,726,734,1218000,734
2013-10-22,734,734,725,730,1339000,730
2013-10-23,733,739,710,713,2187000,713
2013-10-24,708,714,695,712,2941000,712
2013-10-25,713,713,690,690,1805000,690
2013-10-28,699,703,690,702,1306000,702
2013-10-29,698,702,688,695,1822000,695
2013-10-30,703,709,696,701,2215000,701
2013-10-31,701,707,696,698,1387000,698
2013-11-01,702,702,690,692,1401000,692
2013-11-05,698,699,686,690,2292000,690
2013-11-06,685,708,685,704,1499000,704
2013-11-07,702,702,693,696,1731000,696
2013-11-08,686,694,686,691,1179000,691
2013-11-11,701,705,693,697,1630000,697
2013-11-12,707,741,706,738,6703000,738
2013-11-13,732,749,727,733,5517000,733
2013-11-14,740,750,736,738,4021000,738
2013-11-15,743,750,741,743,5962000,743
2013-11-18,744,749,737,744,4186000,744
2013-11-19,742,746,729,729,4840000,729
2013-11-20,730,730,720,723,4926000,723
2013-11-21,725,731,715,723,5288000,723
2013-11-22,728,730,712,715,5034000,715
2013-11-25,720,721,716,721,3343000,721
2013-11-26,720,732,718,719,4403000,719
2013-11-27,716,722,712,713,2086000,713
2013-11-28,718,722,715,715,2277000,715
2013-11-29,715,718,710,712,3714000,712
2013-12-02,712,716,709,711,2533000,711
2013-12-03,713,722,712,715,3722000,715
2013-12-04,711,713,700,701,3775000,701
2013-12-05,703,705,690,690,3118000,690
2013-12-06,692,695,686,691,3198000,691
2013-12-09,703,708,697,701,2556000,701
2013-12-10,703,706,695,700,2961000,700
2013-12-11,695,697,685,691,3697000,691
2013-12-12,683,689,681,681,3390000,681
2013-12-13,680,691,677,682,6788000,682
2013-12-16,683,686,673,673,2862000,673
2013-12-17,678,681,675,678,1930000,678
2013-12-18,677,692,677,691,3621000,691
2013-12-19,698,704,694,701,3076000,701
2013-12-20,698,700,691,697,2908000,697
2013-12-24,698,699,687,689,2705000,689
2013-12-25,688,690,681,686,3239000,686
2013-12-26,687,695,684,691,3032000,691
2013-12-27,694,698,688,696,2693000,696
2013-12-30,700,712,700,709,2228000,709
2014-01-06,705,711,699,707,2598000,707
2014-01-07,707,711,702,704,2523000,704
2014-01-08,708,709,701,707,2124000,707
2014-01-09,704,706,697,699,2192000,699
2014-01-10,692,703,688,702,3764000,702
2014-01-14,688,690,681,684,3479000,684
2014-01-15,691,693,682,691,3196000,691
2014-01-16,693,697,690,693,3084000,693
2014-01-17,693,706,692,694,4338000,694
2014-01-20,696,697,687,689,1343000,689
2014-01-21,692,699,688,695,2038000,695
2014-01-22,695,704,695,701,3054000,701
2014-01-23,705,713,692,692,4689000,692
2014-01-24,687,692,682,684,3916000,684
2014-01-27,670,675,661,661,4214000,661
2014-01-28,663,669,658,661,3321000,661
2014-01-29,669,679,669,678,2463000,678
2014-01-30,670,670,654,658,2616000,658
2014-01-31,664,665,648,656,2624000,656
2014-02-03,651,657,644,645,2221000,645
2014-02-04,640,641,604,610,4017000,610
2014-02-05,622,623,601,609,4854000,609
2014-02-06,613,616,609,609,2044000,609
2014-02-07,620,625,614,621,2756000,621
2014-02-10,635,635,617,626,2563000,626
2014-02-12,633,635,625,626,1627000,626
2014-02-13,631,632,616,617,2780000,617
2014-02-14,616,623,600,605,3425000,605
2014-02-17,605,611,597,610,1748000,610
2014-02-18,613,635,613,632,2307000,632
2014-02-19,625,633,620,624,2083000,624
2014-02-20,619,623,605,607,2187000,607
2014-02-21,611,628,611,627,2550000,627
2014-02-24,624,636,610,617,4185000,617
2014-02-25,626,631,622,631,2732000,631
2014-02-26,623,635,621,629,2171000,629
2014-02-27,629,631,621,623,1372000,623
2014-02-28,623,625,611,616,2510000,616
2014-03-03,611,611,598,608,2313000,608
2014-03-04,606,618,604,615,1756000,615
2014-03-05,624,635,623,626,2222000,626
2014-03-06,628,635,625,632,2326000,632
2014-03-07,640,650,638,641,2571000,641
2014-03-10,636,646,636,642,2392000,642
2014-03-11,645,647,639,644,2379000,644
2014-03-12,634,637,625,633,2532000,633
2014-03-13,630,636,626,632,1994000,632
2014-03-14,615,624,615,617,4580000,617
2014-03-17,608,613,604,609,2231000,609
2014-03-18,620,628,616,617,2052000,617
2014-03-19,618,628,609,616,3000000,616
2014-03-20,620,621,599,605,4258000,605
2014-03-24,611,634,609,624,4197000,624
2014-03-25,618,636,612,625,3771000,625
2014-03-26,631,634,610,616,3603000,616
2014-03-27,615,631,609,629,3051000,629
2014-03-28,630,635,623,633,2149000,633
2014-03-31,638,639,628,636,2161000,636
2014-04-01,641,642,630,640,3008000,640
2014-04-02,643,654,639,645,3498000,645
2014-04-03,651,662,649,657,3179000,657
2014-04-04,653,658,652,655,1624000,655
2014-04-07,647,654,637,641,2596000,641
2014-04-08,636,643,629,640,2364000,640
2014-04-09,633,638,621,628,3410000,628
2014-04-10,634,637,622,623,2308000,623
2014-04-11,604,615,601,607,4150000,607
2014-04-14,603,612,603,604,3083000,604
2014-04-15,613,615,602,610,2822000,610
2014-04-16,616,627,614,626,2694000,626
2014-04-17,627,635,625,631,2103000,631
2014-04-18,634,636,627,635,1615000,635
2014-04-21,638,644,636,639,1723000,639
2014-04-22,642,642,631,632,1630000,632
2014-04-23,637,642,634,639,1734000,639
2014-04-24,642,647,634,638,1762000,638
2014-04-25,640,648,638,641,1840000,641
2014-04-28,632,639,631,638,1121000,638
2014-04-30,641,650,641,649,2219000,649
2014-05-01,653,658,647,656,1682000,656
2014-05-02,655,655,644,648,2049000,648
2014-05-07,639,649,626,628,3842000,628
2014-05-08,634,641,628,631,1641000,631
2014-05-09,629,641,628,635,1316000,635
2014-05-12,636,637,625,625,1665000,625
2014-05-13,638,647,635,645,2505000,645
2014-05-14,645,653,643,647,1792000,647
2014-05-15,643,645,630,645,1958000,645
2014-05-16,636,639,630,636,2038000,636
2014-05-19,636,641,634,636,1573000,636
2014-05-20,640,643,633,638,1464000,638
2014-05-21,631,639,625,630,1780000,630
2014-05-22,636,643,627,638,2688000,638
2014-05-23,639,651,639,642,2176000,642
2014-05-26,652,656,647,656,1691000,656
2014-05-27,653,667,653,658,2732000,658
2014-05-28,659,665,656,656,1934000,656
2014-05-29,653,656,646,654,2283000,654
2014-05-30,650,663,645,661,6640000,661
2014-06-02,665,671,663,668,2991000,668
2014-06-03,674,674,664,668,2042000,668
2014-06-04,667,667,661,667,1877000,667
2014-06-05,668,673,665,666,2014000,666
2014-06-06,670,674,668,671,3207000,671
2014-06-09,679,681,674,675,3707000,675
2014-06-10,675,689,675,683,4280000,683
2014-06-11,684,693,684,691,3127000,691
2014-06-12,684,695,680,694,3631000,694
2014-06-13,682,700,682,698,4679000,698
2014-06-16,693,699,690,696,2853000,696
2014-06-17,699,708,697,706,3433000,706
2014-06-18,707,727,707,723,5576000,723
2014-06-19,720,727,713,727,3280000,727
2014-06-20,724,728,721,725,2673000,725
2014-06-23,725,727,719,722,2252000,722
2014-06-24,723,732,719,728,2653000,728
2014-06-25,725,728,720,721,2381000,721
2014-06-26,724,727,715,717,2554000,717
2014-06-27,717,717,702,709,2000000,709
2014-06-30,712,716,703,715,2637000,715
2014-07-01,719,733,718,728,3194000,728
2014-07-02,734,738,731,733,1950000,733
2014-07-03,738,738,730,736,2194000,736
2014-07-04,739,744,736,742,2140000,742
2014-07-07,738,740,734,737,1908000,737
2014-07-08,735,737,728,730,2345000,730
2014-07-09,723,728,720,725,2955000,725
2014-07-10,729,736,724,731,2221000,731
2014-07-11,725,727,716,725,2029000,725
2014-07-14,730,732,722,729,1720000,729
2014-07-15,732,740,731,736,1846000,736
2014-07-16,738,743,733,736,2660000,736
2014-07-17,736,740,733,738,1248000,738
2014-07-18,731,733,723,732,1824000,732
2014-07-22,751,767,748,760,5240000,760
2014-07-23,760,763,753,755,2375000,755
2014-07-24,747,758,743,744,3052000,744
2014-07-25,746,755,745,754,1774000,754
2014-07-28,750,757,748,750,2271000,750
2014-07-29,750,751,746,748,2378000,748
2014-07-30,748,749,745,747,1826000,747
2014-07-31,752,762,752,758,3046000,758
2014-08-01,751,758,748,757,2717000,757
2014-08-04,755,759,750,754,1967000,754
2014-08-05,746,750,724,730,3861000,730
2014-08-06,724,724,707,712,4500000,712
2014-08-07,716,719,706,716,3582000,716
2014-08-08,709,714,696,698,3213000,698
2014-08-11,714,718,710,717,2435000,717
2014-08-12,722,728,721,721,2082000,721
2014-08-13,719,732,717,729,1926000,729
2014-08-14,732,739,731,737,2166000,737
2014-08-15,737,740,732,736,2016000,736
2014-08-18,737,737,730,733,1348000,733
2014-08-19,739,745,738,745,2231000,745
2014-08-20,747,748,740,740,1862000,740
2014-08-21,743,748,741,748,1932000,748
2014-08-22,752,756,750,751,2332000,751
2014-08-25,754,758,752,757,2334000,757
2014-08-26,756,757,749,750,1410000,750
2014-08-27,748,753,745,749,1487000,749
2014-08-28,749,751,743,745,2015000,745
2014-08-29,740,744,733,733,2988000,733
2014-09-01,735,742,735,739,1687000,739
2014-09-02,740,753,739,746,2431000,746
2014-09-03,748,757,745,748,3352000,748
2014-09-04,748,754,745,746,2148000,746
2014-09-05,752,756,739,740,2411000,740
2014-09-08,745,752,742,752,1815000,752
2014-09-09,755,756,746,746,2069000,746
2014-09-10,742,763,739,763,3121000,763
2014-09-11,765,776,765,773,3160000,773
2014-09-12,774,779,772,776,5129000,776
2014-09-16,776,778,771,773,2051000,773
2014-09-17,774,776,763,763,2538000,763
2014-09-18,771,779,763,766,3910000,766
2014-09-19,767,775,761,768,4201000,768
2014-09-22,759,767,752,764,4481000,764
2014-09-24,755,771,755,767,3174000,767
2014-09-25,771,781,770,781,3047000,781
2014-09-26,764,774,764,772,2280000,772
2014-09-29,780,782,771,778,1745000,778
2014-09-30,775,776,758,763,2857000,763
2014-10-01,767,772,759,767,2225000,767
2014-10-02,760,763,734,736,3202000,736
2014-10-03,735,741,731,737,2392000,737
2014-10-06,746,749,738,738,2425000,738
2014-10-07,738,745,732,737,2286000,737
2014-10-08,723,730,717,726,2446000,726
2014-10-09,732,734,721,722,2953000,722
2014-10-10,710,719,710,717,3614000,717
2014-10-14,702,720,702,703,4060000,703
2014-10-15,706,715,703,712,2946000,712
2014-10-16,696,696,687,690,4007000,690
2014-10-17,690,690,671,673,3466000,673
2014-10-20,695,700,687,695,3964000,695
2014-10-21,700,701,676,679,3717000,679
2014-10-22,694,700,685,697,2556000,697
2014-10-23,693,704,689,700,2224000,700
2014-10-24,707,708,694,696,3203000,696
2014-10-27,703,705,695,705,2150000,705
2014-10-28,707,715,706,711,2791000,711
2014-10-29,718,736,718,731,3005000,731
2014-10-30,732,745,732,742,3134000,742
2014-10-31,749,786,747,782,7621000,782
2014-11-04,825,827,806,808,5687000,808
2014-11-05,806,809,792,807,4881000,807
2014-11-06,810,811,790,791,4139000,791
2014-11-07,802,813,797,813,3347000,813
2014-11-10,808,814,806,811,2651000,811
2014-11-11,815,815,806,812,5501000,812
2014-11-12,819,827,812,815,4115000,815
2014-11-13,812,819,809,818,3172000,818
2014-11-14,827,827,809,816,3619000,816
2014-11-17,816,818,790,791,3214000,791
2014-11-18,800,812,799,806,2471000,806
2014-11-19,807,816,800,801,2375000,801
2014-11-20,810,814,802,806,2807000,806
2014-11-21,804,807,796,806,2637000,806
2014-11-25,802,811,789,789,6130000,789
2014-11-26,781,791,778,785,2740000,785
2014-11-27,782,787,771,771,2377000,771
2014-11-28,775,792,775,789,2631000,789
2014-12-01,796,804,784,788,2110000,788
2014-12-02,780,796,780,795,2333000,795
2014-12-03,800,802,789,793,1853000,793
2014-12-04,800,809,799,807,2478000,807
2014-12-05,802,808,801,808,1526000,808
2014-12-08,811,814,806,811,1839000,811
2014-12-09,804,812,804,812,1578000,812
2014-12-10,808,820,780,783,2853000,783
2014-12-11,777,785,774,779,1931000,779
2014-12-12,776,786,774,774,5421000,774
2014-12-15,765,773,761,762,2617000,762
2014-12-16,752,759,739,747,3171000,747
2014-12-17,747,761,742,753,3081000,753
2014-12-18,770,784,765,766,3214000,766
2014-12-19,781,795,779,793,3366000,793
2014-12-22,793,796,783,793,2485000,793
2014-12-24,800,809,797,808,2337000,808
2014-12-25,810,815,807,810,1382000,810
2014-12-26,813,818,803,805,1943000,805
2014-12-29,815,815,794,802,1924000,802
2014-12-30,808,808,794,794,1634000,794
2015-01-05,786,788,778,782,2419000,782
2015-01-06,770,772,761,762,2512000,762
2015-01-07,754,763,747,752,2511000,752
2015-01-08,760,770,756,757,2404000,757
2015-01-09,762,768,755,765,2575000,765
2015-01-13,750,755,741,754,2414000,754
2015-01-14,746,759,746,751,2742000,751
2015-01-15,751,766,751,763,2191000,763
2015-01-16,746,756,738,748,3501000,748
2015-01-19,754,756,744,751,1957000,751
2015-01-20,755,767,753,766,1333000,766
2015-01-21,760,760,750,754,1763000,754
2015-01-22,751,751,737,744,2774000,744
2015-01-23,754,759,752,758,2210000,758
2015-01-26,758,771,756,771,3210000,771
2015-01-27,780,794,778,794,2428000,794
2015-01-28,781,796,781,793,2214000,793
2015-01-29,779,791,779,781,2344000,781
2015-01-30,795,805,793,800,2809000,800
2015-02-02,788,793,779,782,3006000,782
2015-02-03,797,803,783,783,4126000,783
2015-02-04,794,810,793,801,2907000,801
2015-02-05,809,809,788,799,2206000,799
2015-02-06,810,823,809,818,3420000,818
2015-02-09,825,828,813,817,2161000,817
2015-02-10,819,824,809,812,1844000,812
2015-02-12,829,847,828,840,4183000,840
2015-02-13,840,843,831,837,2803000,837
2015-02-16,842,868,839,866,3259000,866
2015-02-17,870,886,869,872,5113000,872
2015-02-18,881,901,880,897,4208000,897
2015-02-19,900,915,898,915,3637000,915
2015-02-20,915,925,900,924,3377000,924
2015-02-23,930,937,906,919,3264000,919
2015-02-24,920,922,894,901,3544000,901
2015-02-25,909,910,897,901,2244000,901
2015-02-26,902,902,882,895,3256000,895
2015-02-27,906,912,897,901,2532000,901
2015-03-02,906,916,896,910,3678000,910
2015-03-03,903,909,893,902,4642000,902
2015-03-04,890,893,875,878,3285000,878
2015-03-05,878,896,878,895,2322000,895
2015-03-06,893,900,883,899,1973000,899
2015-03-09,899,899,887,889,2314000,889
2015-03-10,892,895,880,887,3036000,887
2015-03-11,882,896,882,891,2407000,891
2015-03-12,894,905,889,896,3458000,896
2015-03-13,904,912,894,898,6709000,898
2015-03-16,902,926,901,911,3375000,911
2015-03-17,920,921,903,908,2050000,908
2015-03-18,913,920,907,917,1987000,917
2015-03-19,920,920,896,902,2840000,902
2015-03-20,907,907,898,903,2572000,903
2015-03-23,906,909,894,902,2731000,902
2015-03-24,906,908,891,898,2757000,898
2015-03-25,903,912,897,911,2976000,911
2015-03-26,908,912,883,889,3697000,889
2015-03-27,882,903,878,886,3862000,886
2015-03-30,890,908,883,905,2619000,905
2015-03-31,914,916,881,882,2938000,882
2015-04-01,880,896,870,885,3055000,885
2015-04-02,886,914,886,903,3375000,903
2015-04-03,897,900,878,891,2792000,891
2015-04-06,888,892,877,890,1298000,890
2015-04-07,895,909,895,905,1890000,905
2015-04-08,912,920,907,920,3484000,920
2015-04-09,920,934,918,927,3306000,927
2015-04-10,932,932,918,922,3302000,922
2015-04-13,931,933,914,920,2191000,920
2015-04-14,922,938,920,935,2014000,935
2015-04-15,928,934,925,927,1885000,927
2015-04-16,931,1000,930,996,7530000,996
2015-04-17,995,1014,982,991,5523000,991
2015-04-20,984,1006,976,990,3115000,990
2015-04-21,994,1019,993,1009,3533000,1009
2015-04-22,1011,1046,1010,1037,4078000,1037
2015-04-23,1045,1055,1011,1024,4404000,1024
2015-04-24,1021,1030,1001,1009,3770000,1009
2015-04-27,1017,1026,985,996,3647000,996
2015-04-28,1001,1013,999,1009,2294000,1009
2015-04-30,1012,1012,974,988,4021000,988
2015-05-01,991,1003,971,986,3078000,986
2015-05-07,977,1000,971,978,2807000,978
2015-05-08,980,994,975,993,3201000,993
2015-05-11,1015,1021,982,988,3846000,988
2015-05-12,981,997,979,991,2513000,991
2015-05-13,978,986,962,975,3807000,975
2015-05-14,970,975,949,949,4033000,949
2015-05-15,957,975,939,963,4812000,963
2015-05-18,957,979,956,977,3827000,977
2015-05-19,982,990,972,988,2438000,988
2015-05-20,998,1000,978,979,3179000,979
2015-05-21,982,994,970,986,2883000,986
2015-05-22,987,987,973,975,2341000,975
2015-05-25,981,991,981,985,1471000,985
2015-05-26,985,986,976,982,1700000,982
2015-05-27,973,977,967,972,2752000,972
2015-05-28,982,994,974,991,4252000,991
2015-05-29,978,985,976,981,7899000,981
2015-06-01,970,988,970,985,2375000,985
2015-06-02,984,984,966,968,3838000,968
2015-06-03,960,967,955,958,2641000,958
2015-06-04,964,975,958,967,1893000,967
2015-06-05,957,961,950,957,2716000,957
2015-06-08,976,993,971,978,4748000,978
2015-06-09,969,978,959,963,2671000,963
2015-06-10,966,967,950,951,3851000,951
2015-06-11,950,966,949,960,2743000,960
2015-06-12,974,974,956,965,4951000,965
2015-06-15,961,969,959,966,2106000,966
2015-06-16,960,960,929,934,4444000,934
2015-06-17,935,938,920,922,3154000,922
2015-06-18,921,927,905,911,3101000,911
2015-06-19,924,934,919,927,2879000,927
2015-06-22,927,951,927,951,2847000,951
2015-06-23,959,967,956,965,2794000,965
2015-06-24,975,990,970,981,3687000,981
2015-06-25,980,980,961,961,2114000,961
2015-06-26,959,963,950,960,2676000,960
2015-06-29,932,943,928,930,2853000,930
2015-06-30,936,940,920,933,4154000,933
2015-07-01,942,944,927,937,1680000,937
2015-07-02,952,952,941,945,2009000,945
2015-07-03,943,962,943,950,3045000,950
2015-07-06,935,942,922,928,3939000,928
2015-07-07,947,975,946,971,3811000,971
2015-07-08,961,966,921,921,5597000,921
2015-07-09,906,914,887,908,5039000,908
2015-07-10,921,939,917,919,5355000,919
2015-07-13,930,938,922,935,2510000,935
2015-07-14,951,952,943,950,2308000,950
2015-07-15,955,966,949,964,3367000,964
2015-07-16,970,980,968,980,2627000,980
2015-07-17,976,979,967,977,1387000,977
2015-07-21,980,990,971,987,2002000,987
2015-07-22,977,985,972,972,1424000,972
2015-07-23,972,979,970,979,1525000,979
2015-07-24,978,979,956,961,1851000,961
2015-07-27,951,958,945,951,1586000,951
2015-07-28,948,950,928,940,2446000,940
2015-07-29,953,971,951,968,3155000,968
2015-07-30,974,990,972,990,3229000,990
2015-07-31,990,993,981,989,2455000,989
2015-08-03,995,997,977,988,1706000,988
2015-08-04,986,986,975,980,1757000,980
2015-08-05,973,998,973,993,2221000,993
2015-08-06,1002,1030,1002,1013,4657000,1013
2015-08-07,1014,1024,1009,1022,2831000,1022
2015-08-10,1016,1027,1002,1026,2359000,1026
2015-08-11,1028,1032,1003,1016,2432000,1016
2015-08-12,1015,1022,1000,1008,2509000,1008
2015-08-13,1009,1009,992,1002,2569000,1002
2015-08-14,1002,1005,991,995,2302000,995
2015-08-17,999,1014,994,1003,2181000,1003
2015-08-18,1007,1016,1003,1012,1768000,1012
2015-08-19,1009,1016,1001,1002,2521000,1002
2015-08-20,997,997,978,980,2799000,980
2015-08-21,955,957,934,935,4213000,935
2015-08-24,920,922,868,872,5266000,872
2015-08-25,828,866,822,825,7262000,825
2015-08-26,820,849,815,848,5085000,848
2015-08-27,863,881,859,870,4074000,870
2015-08-28,895,908,887,901,2706000,901
2015-08-31,899,901,882,885,2886000,885
2015-09-01,885,890,859,859,3734000,859
2015-09-02,850,867,836,840,5152000,840
2015-09-03,847,858,834,836,2800000,836
2015-09-04,849,864,824,835,4449000,835
2015-09-07,833,849,821,839,2893000,839
2015-09-08,844,852,830,830,2581000,830
2015-09-09,865,891,862,891,3190000,891
2015-09-10,865,873,851,868,2937000,868
2015-09-11,860,883,856,880,4820000,880
2015-09-14,885,888,877,881,2361000,881
2015-09-15,887,909,885,885,2632000,885
2015-09-16,891,895,879,890,1961000,890
2015-09-17,892,896,864,872,2948000,872
2015-09-18,864,864,840,842,3776000,842
2015-09-24,832,847,821,821,2893000,821
2015-09-25,829,856,829,848,2774000,848
2015-09-28,847,857,838,845,1887000,845
2015-09-29,830,832,810,817,2546000,817
2015-09-30,831,855,831,846,2476000,846
2015-10-01,853,870,836,856,2250000,856
2015-10-02,853,853,836,851,1693000,851
2015-10-05,856,858,838,842,2534000,842
2015-10-06,855,857,842,847,3099000,847
2015-10-07,848,862,845,859,2137000,859
2015-10-08,859,866,853,856,2020000,856
2015-10-09,867,876,852,874,3863000,874
2015-10-13,862,864,833,834,5068000,834
2015-10-14,835,835,819,824,3838000,824
2015-10-15,820,844,819,841,2190000,841
2015-10-16,846,867,846,858,2480000,858
2015-10-19,856,857,845,848,1979000,848
2015-10-20,857,859,849,855,1709000,855
2015-10-21,847,876,838,872,2396000,872
2015-10-22,865,881,865,871,2089000,871
2015-10-23,891,898,884,891,3107000,891
2015-10-26,902,914,899,901,2179000,901
2015-10-27,896,900,879,881,2956000,881
2015-10-28,882,886,873,875,1725000,875
2015-10-29,894,894,872,877,1644000,877
2015-10-30,876,892,871,888,2650000,888
2015-11-02,871,874,853,856,2200000,856
2015-11-04,866,870,843,844,3007000,844
2015-11-05,848,864,845,860,2388000,860
2015-11-06,866,874,862,867,1568000,867
2015-11-09,876,891,870,880,2575000,880
2015-11-10,870,892,867,872,2937000,872
2015-11-11,868,889,860,885,3180000,885
2015-11-12,885,894,880,886,1677000,886
2015-11-13,877,879,867,876,2480000,876
2015-11-16,861,879,861,875,1491000,875
2015-11-17,886,887,869,874,2460000,874
2015-11-18,886,896,883,888,2616000,888
2015-11-19,893,903,887,899,2187000,899
2015-11-20,898,900,888,897,1713000,897
2015-11-24,894,894,885,891,1907000,891
2015-11-25,892,892,877,882,1518000,882
2015-11-26,878,882,873,878,2892000,878
2015-11-27,880,881,871,875,1427000,875
2015-11-30,871,872,848,849,3876000,849
2015-12-01,848,857,841,854,2141000,854
2015-12-02,851,858,848,848,1785000,848
2015-12-03,848,849,841,842,1810000,842
2015-12-04,831,834,827,830,2466000,830
2015-12-07,839,849,832,832,2614000,832
2015-12-08,832,837,828,828,3084000,828
2015-12-09,825,839,825,832,3399000,832
2015-12-10,824,831,819,826,4143000,826
2015-12-11,826,833,824,825,4354000,825
2015-12-14,810,816,806,814,3279000,814
2015-12-15,810,811,797,797,3778000,797
2015-12-16,810,828,810,825,2676000,825
2015-12-17,839,849,835,840,2641000,840
2015-12-18,845,865,825,826,4675000,826
2015-12-21,823,829,812,826,1741000,826
2015-12-22,826,838,822,835,1563000,835
2015-12-24,843,847,838,840,1323000,840
2015-12-25,845,845,827,833,1294000,833
2015-12-28,833,853,833,847,1565000,847
2015-12-29,843,871,838,867,2218000,867
2015-12-30,866,874,862,864,1609000,864
2016-01-04,853,866,839,843,1769000,843
2016-01-05,841,852,835,844,1671000,844
2016-01-06,844,851,824,831,2024000,831
2016-01-07,826,840,816,818,2641000,818
2016-01-08,813,823,805,807,3338000,807
2016-01-12,795,798,783,786,3060000,786
2016-01-13,790,804,790,800,2288000,800
2016-01-14,785,786,766,785,4228000,785
2016-01-15,792,795,769,779,3501000,779
2016-01-18,769,775,757,772,2898000,772
2016-01-19,770,781,757,766,2678000,766
2016-01-20,762,764,735,738,3206000,738
2016-01-21,738,746,713,713,2978000,713
2016-01-22,738,747,722,745,3455000,745
2016-01-25,758,759,740,745,2452000,745
2016-01-26,732,733,716,725,3722000,725
2016-01-27,740,756,740,753,3993000,753
2016-01-28,748,759,743,748,2398000,748
2016-01-29,759,787,702,737,12297000,737
2016-02-01,724,731,669,676,8658000,676
2016-02-02,672,687,659,666,7938000,666
2016-02-03,650,654,618,623,10564000,623
2016-02-04,616,627,598,602,11168000,602
2016-02-05,597,607,569,581,8938000,581
2016-02-08,574,589,570,584,7916000,584
2016-02-09,557,557,539,543,8852000,543
2016-02-10,540,543,508,515,9341000,515
2016-02-12,492,510,488,491,12611000,491
2016-02-15,527,538,517,531,13837000,531
2016-02-16,523,545,522,534,11724000,534
2016-02-17,533,545,528,536,8583000,536
2016-02-18,550,563,540,553,8596000,553
2016-02-19,549,554,539,549,7378000,549
2016-02-22,544,545,531,538,4486000,538
2016-02-23,546,551,535,537,5125000,537
2016-02-24,527,555,524,538,5944000,538
2016-02-25,536,542,529,537,4854000,537
2016-02-26,540,544,524,526,4607000,526
2016-02-29,536,544,529,529,5086000,529
2016-03-01,528,536,523,532,3624000,532
2016-03-02,554,556,539,551,6704000,551
2016-03-03,550,570,550,564,5825000,564
2016-03-04,565,575,562,570,4565000,570
2016-03-07,578,597,574,594,8313000,594
2016-03-08,589,600,566,572,4876000,572
2016-03-09,564,566,544,549,4883000,549
2016-03-10,552,558,544,556,3802000,556
2016-03-11,549,574,547,572,7349000,572
2016-03-14,582,597,582,588,4686000,588
2016-03-15,585,590,577,587,4547000,587
2016-03-16,578,582,559,561,3789000,561
2016-03-17,567,579,560,566,3899000,566
2016-03-18,564,570,548,559,3532000,559
2016-03-22,566,567,548,559,3044000,559
2016-03-23,562,567,557,559,2672000,559
2016-03-24,555,558,533,535,4022000,535
2016-03-25,535,556,527,550,5482000,550
2016-03-28,558,564,551,560,3933000,560
2016-03-29,550,559,543,558,3011000,558
2016-03-30,556,559,546,547,4919000,547
2016-03-31,550,571,550,561,5860000,561
2016-04-01,561,565,540,541,6471000,541
2016-04-04,539,551,533,542,5206000,542
2016-04-05,539,539,518,519,4566000,519
2016-04-06,518,523,508,512,4138000,512
2016-04-07,511,520,504,513,3404000,513
2016-04-08,506,527,499,521,4477000,521
2016-04-11,515,516,504,511,4236000,511
2016-04-12,511,544,511,542,5106000,542
2016-04-13,551,565,545,558,4819000,558
2016-04-14,573,588,573,583,5936000,583
2016-04-15,577,584,567,574,3038000,574
2016-04-18,552,559,548,555,3892000,555
2016-04-19,575,585,575,582,3657000,582
2016-04-20,586,588,575,578,3459000,578
2016-04-21,593,596,584,592,4559000,592
2016-04-22,587,623,584,616,9592000,616
2016-04-25,626,628,615,625,5756000,625
2016-04-26,619,620,600,611,4018000,611
2016-04-27,614,620,604,613,2665000,613
2016-04-28,620,622,562,564,6512000,564
2016-05-02,541,548,533,537,4292000,537
2016-05-06,541,550,529,534,3152000,534
2016-05-09,541,544,534,538,2044000,538
2016-05-10,542,547,529,542,4974000,542
2016-05-11,548,553,536,538,2537000,538
2016-05-12,525,541,524,540,3731000,540
2016-05-13,546,546,526,526,4478000,526
2016-05-16,525,540,525,532,2971000,532
2016-05-17,536,540,531,539,1665000,539
2016-05-18,535,556,535,553,3321000,553
2016-05-19,563,570,549,551,2878000,551
2016-05-20,552,563,551,560,2205000,560
2016-05-23,559,562,546,560,2058000,560
2016-05-24,557,559,551,552,2208000,552
2016-05-25,562,564,554,557,1936000,557
2016-05-26,565,570,558,561,1838000,561
2016-05-27,562,565,557,564,1892000,564
2016-05-30,574,576,566,575,1742000,575
2016-05-31,574,582,568,582,3688000,582
2016-06-01,575,585,568,576,2549000,576
2016-06-02,567,572,554,555,2441000,555
2016-06-03,555,560,549,554,1611000,554
2016-06-06,544,544,532,538,3204000,538
2016-06-07,540,550,538,550,2269000,550
2016-06-08,552,558,547,555,1468000,555
2016-06-09,550,551,532,535,3454000,535
2016-06-10,532,534,521,525,3580000,525
2016-06-13,515,515,505,506,2241000,506
2016-06-14,506,506,494,500,2979000,500
2016-06-15,497,510,492,506,2732000,506
2016-06-16,501,507,490,494,3932000,494
2016-06-17,502,506,499,504,3687000,504
2016-06-20,514,521,511,514,2696000,514
2016-06-21,508,522,502,518,2344000,518
2016-06-22,517,517,511,514,2134000,514
2016-06-23,515,526,509,523,2087000,523
2016-06-24,526,532,475,477,5866000,477
2016-06-27,485,485,471,478,3219000,478
2016-06-28,470,480,460,473,2921000,473
2016-06-29,478,482,473,478,2702000,478
2016-06-30,485,490,481,481,3144000,481
2016-07-01,488,491,479,485,2291000,485
2016-07-04,483,486,477,483,2220000,483
2016-07-05,476,476,461,470,3898000,470
2016-07-06,462,465,451,456,4670000,456
2016-07-07,454,460,450,453,3422000,453
2016-07-08,451,455,443,445,4097000,445
2016-07-11,451,475,451,469,4284000,469
2016-07-12,480,499,479,489,5179000,489
2016-07-13,500,506,495,501,4889000,501
2016-07-14,498,501,489,495,4474000,495
2016-07-15,505,522,505,512,4921000,512
2016-07-19,522,525,509,512,4494000,512
2016-07-20,512,512,492,499,3982000,499
2016-07-21,507,516,494,500,5168000,500
2016-07-22,486,495,483,489,3905000,489
2016-07-25,490,498,482,486,4260000,486
2016-07-26,478,480,468,472,5023000,472
2016-07-27,478,480,467,475,5574000,475
2016-07-28,470,471,461,463,3540000,463
2016-07-29,463,502,456,497,9854000,497
2016-08-01,489,521,481,517,9364000,517
2016-08-02,507,511,497,498,5673000,498
2016-08-03,481,487,468,472,6010000,472
2016-08-04,475,494,474,492,4287000,492
2016-08-05,516,540,513,524,10706000,524
2016-08-08,537,568,537,560,9959000,560
2016-08-09,559,566,554,556,5515000,556
2016-08-10,556,567,553,562,6856000,562
2016-08-12,572,572,545,556,6306000,556
2016-08-15,557,567,554,556,3358000,556
2016-08-16,559,561,547,547,4515000,547
2016-08-17,546,575,543,572,5406000,572
2016-08-18,578,598,569,571,7578000,571
2016-08-19,579,585,572,572,4877000,572
2016-08-22,572,578,561,575,3646000,575
2016-08-23,571,571,551,556,5203000,556
2016-08-24,558,566,555,556,2991000,556
2016-08-25,551,561,548,558,3307000,558
2016-08-26,557,560,549,549,3210000,549
2016-08-29,569,584,565,576,4010000,576
2016-08-30,577,601,576,591,6163000,591
2016-08-31,605,613,597,613,7196000,613
2016-09-01,615,630,613,621,6218000,621
2016-09-02,621,625,609,623,4636000,623
2016-09-05,632,633,612,614,4476000,614
2016-09-06,616,625,611,615,6009000,615
2016-09-07,608,610,590,606,7686000,606
2016-09-08,606,608,591,601,5387000,601
2016-09-09,591,609,587,600,6716000,600
2016-09-12,597,599,576,587,5669000,587
2016-09-13,585,586,569,575,5055000,575
2016-09-14,558,577,546,572,8195000,572
2016-09-15,562,574,557,572,6543000,572
2016-09-16,573,587,567,586,5168000,586
2016-09-20,576,598,576,589,6731000,589
2016-09-21,586,633,568,629,9908000,629
2016-09-23,619,620,605,616,6866000,616
2016-09-26,622,628,610,611,6810000,611
2016-09-27,608,613,575,595,11316000,595
2016-09-28,588,588,568,579,5253000,579
2016-09-29,592,598,584,589,3827000,589
2016-09-30,576,579,562,570,4731000,570
2016-10-03,580,581,568,571,2877000,571
2016-10-04,573,585,572,578,4440000,578
2016-10-05,582,590,572,584,3716000,584
2016-10-06,593,602,589,590,2942000,590
2016-10-07,591,598,586,591,2220000,591
2016-10-11,598,609,595,597,3714000,597
2016-10-12,589,598,587,592,3568000,592
2016-10-13,596,603,587,588,3022000,588
2016-10-14,589,600,587,599,5042000,599
2016-10-17,594,606,592,593,3799000,593
2016-10-18,597,603,589,597,3381000,597
2016-10-19,598,606,597,604,3334000,604
2016-10-20,604,618,602,618,4379000,618
2016-10-21,622,637,619,636,7487000,636
2016-10-24,634,634,622,626,3590000,626
2016-10-25,631,637,628,630,4020000,630
2016-10-26,628,632,621,631,2997000,631
2016-10-27,627,637,626,636,3669000,636
2016-10-28,646,654,643,654,5625000,654
2016-10-31,649,653,643,650,4508000,650
2016-11-01,654,657,645,654,4736000,654
2016-11-02,644,645,632,634,3738000,634
2016-11-04,625,632,619,627,3665000,627
2016-11-07,637,646,636,640,3856000,640
2016-11-08,637,652,636,643,3297000,643
2016-11-09,640,656,595,602,4797000,602
2016-11-10,662,670,649,667,6670000,667
2016-11-11,692,706,674,677,7497000,677
2016-11-14,687,698,686,695,3743000,695
2016-11-15,695,705,682,687,4599000,687
2016-11-16,697,709,691,703,5331000,703
2016-11-17,688,690,676,690,5466000,690
2016-11-18,710,717,698,699,5013000,699
2016-11-21,702,706,693,705,3738000,705
2016-11-22,703,707,697,700,4700000,700
2016-11-24,710,710,689,695,4345000,695
2016-11-25,698,698,663,673,9209000,673
2016-11-28,673,690,665,688,5244000,688
2016-11-29,678,691,674,687,4282000,687
2016-11-30,687,689,676,678,6242000,678
2016-12-01,688,699,684,690,6258000,690
2016-12-02,687,717,687,711,6889000,711
2016-12-05,704,708,697,702,4643000,702
2016-12-06,716,722,710,713,5569000,713
2016-12-07,720,740,719,739,4726000,739
2016-12-08,750,753,735,750,5459000,750
2016-12-09,748,764,746,761,5812000,761
2016-12-12,772,774,734,744,6695000,744
2016-12-13,732,748,727,742,3904000,742
2016-12-14,743,749,733,747,5374000,747
2016-12-15,752,766,746,750,4992000,750
2016-12-16,758,764,751,760,3790000,760
2016-12-19,755,757,749,753,2640000,753
2016-12-20,751,754,741,744,3388000,744
2016-12-21,744,750,736,741,4360000,741
2016-12-22,731,731,719,727,4479000,727
2016-12-26,727,728,717,718,2577000,718
2016-12-27,718,731,715,723,4012000,723
2016-12-28,730,733,724,730,3270000,730
2016-12-29,725,730,716,719,3999000,719
2016-12-30,712,721,708,717,3034000,717
2017-01-04,727,749,724,746,4813000,746
