Date,Open,High,Low,Close,Volume,Adj Close
2008-10-20,335,335,320,329,3478000,329
2008-10-21,335,345,335,345,2838000,345
2008-10-22,330,331,306,306,3284000,306
2008-10-23,291,301,283,297,6000000,297
2008-10-24,290,292,272,274,5001000,274
2008-10-27,274,285,253,257,5801000,257
2008-10-28,253,287,248,287,4395000,287
2008-10-29,292,316,267,288,6351000,288
2008-10-30,298,320,291,318,5770000,318
2008-10-31,323,337,313,316,4900000,316
2008-11-04,336,343,327,337,3316000,337
2008-11-05,345,350,340,350,4085000,350
2008-11-06,340,343,331,339,2788000,339
2008-11-07,329,339,321,327,3787000,327
2008-11-10,340,347,334,345,2207000,345
2008-11-11,340,346,330,331,2824000,331
2008-11-12,323,335,321,329,2825000,329
2008-11-13,304,312,298,298,3229000,298
2008-11-14,303,313,295,301,4632000,301
2008-11-17,293,317,290,312,2809000,312
2008-11-18,309,311,302,305,2364000,305
2008-11-19,310,313,299,306,2425000,306
2008-11-20,297,297,281,281,3039000,281
2008-11-21,271,288,271,287,4218000,287
2008-11-25,307,309,291,299,3105000,299
2008-11-26,284,289,280,283,2953000,283
2008-11-27,286,294,285,294,2400000,294
2008-11-28,304,312,298,310,3112000,310
2008-12-01,311,317,304,315,2682000,315
2008-12-02,290,297,287,288,2584000,288
2008-12-03,293,295,289,291,3183000,291
2008-12-04,293,307,293,305,3661000,305
2008-12-05,295,296,288,288,2964000,288
2008-12-08,294,311,294,305,3437000,305
2008-12-09,315,317,307,311,3307000,311
2008-12-10,312,331,310,328,3878000,328
2008-12-11,338,349,337,349,4535000,349
2008-12-12,332,342,322,335,6297000,335
2008-12-15,348,355,347,353,3110000,353
2008-12-16,353,354,339,341,2757000,341
2008-12-17,356,356,339,353,3246000,353
2008-12-18,350,357,342,355,2747000,355
2008-12-19,357,358,345,348,4010000,348
2008-12-22,349,354,348,352,2554000,352
2008-12-24,345,347,329,332,2467000,332
2008-12-25,327,330,318,323,2955000,323
2008-12-26,325,344,325,344,3328000,344
2008-12-29,344,367,344,365,3127000,365
2008-12-30,365,387,362,385,2797000,385
2009-01-05,386,392,379,380,931000,380
2009-01-06,382,387,374,378,1658000,378
2009-01-07,378,392,377,384,1891000,384
2009-01-08,371,383,367,372,2620000,372
2009-01-09,379,385,362,363,4369000,363
2009-01-13,350,354,336,338,2883000,338
2009-01-14,333,335,323,323,4144000,323
2009-01-15,305,314,303,310,5196000,310
2009-01-16,319,328,317,326,3429000,326
2009-01-19,341,341,325,325,2446000,325
2009-01-20,327,327,312,319,2663000,319
2009-01-21,310,320,309,313,3276000,313
2009-01-22,323,323,308,314,2989000,314
2009-01-23,308,311,304,306,2233000,306
2009-01-26,303,305,300,300,2427000,300
2009-01-27,304,318,304,313,3184000,313
2009-01-28,310,320,307,314,2957000,314
2009-01-29,319,321,310,317,5687000,317
2009-01-30,312,313,304,308,3102000,308
2009-02-02,303,304,300,303,2700000,303
2009-02-03,304,311,297,298,4718000,298
2009-02-04,301,305,299,302,2977000,302
2009-02-05,304,306,298,301,3215000,301
2009-02-06,306,307,301,304,1938000,304
2009-02-09,319,326,313,321,6766000,321
2009-02-10,330,333,323,328,4387000,328
2009-02-12,318,321,310,310,3269000,310
2009-02-13,320,324,313,319,3528000,319
2009-02-16,324,327,319,325,1964000,325
2009-02-17,320,323,316,322,1412000,322
2009-02-18,327,327,320,322,1862000,322
2009-02-19,312,315,307,307,3547000,307
2009-02-20,305,309,298,300,4166000,300
2009-02-23,295,299,292,296,2785000,296
2009-02-24,291,297,287,296,2762000,296
2009-02-25,306,306,295,300,3350000,300
2009-02-26,291,297,288,291,3473000,291
2009-02-27,292,300,291,298,2722000,298
2009-03-02,292,296,291,293,2075000,293
2009-03-03,290,296,287,295,2856000,295
2009-03-04,286,290,285,287,2521000,287
2009-03-05,296,296,287,288,3163000,288
2009-03-06,284,285,276,277,2754000,277
2009-03-09,282,283,278,279,2076000,279
2009-03-10,274,283,274,278,2071000,278
2009-03-11,291,292,286,290,1967000,290
2009-03-12,290,292,272,272,2654000,272
2009-03-13,277,287,273,285,5870000,285
2009-03-16,289,303,289,299,3420000,299
2009-03-17,307,309,301,306,3538000,306
2009-03-18,310,315,306,313,4330000,313
2009-03-19,311,316,305,306,2799000,306
2009-03-23,310,319,307,315,3875000,315
2009-03-24,316,321,309,313,5088000,313
2009-03-25,310,320,306,315,5235000,315
2009-03-26,316,318,310,316,2194000,316
2009-03-27,321,330,316,316,2859000,316
2009-03-30,320,324,304,305,3146000,305
2009-03-31,300,304,293,299,4578000,299
2009-04-01,298,302,296,298,3741000,298
2009-04-02,308,310,303,309,2750000,309
2009-04-03,313,317,300,301,3207000,301
2009-04-06,302,305,284,287,6823000,287
2009-04-07,292,303,291,300,3642000,300
2009-04-08,301,301,290,290,3335000,290
2009-04-09,292,301,290,299,2530000,299
2009-04-10,305,307,296,305,3362000,305
2009-04-13,310,318,306,313,2993000,313
2009-04-14,317,325,311,322,4092000,322
2009-04-15,323,326,321,324,3519000,324
2009-04-16,324,327,307,310,4228000,310
2009-04-17,310,313,305,306,2733000,306
2009-04-20,311,311,305,308,1354000,308
2009-04-21,298,299,291,293,3430000,293
2009-04-22,293,294,284,289,4753000,289
2009-04-23,289,296,287,294,2605000,294
2009-04-24,299,301,290,297,3300000,297
2009-04-27,299,303,294,296,1975000,296
2009-04-28,298,304,297,300,2131000,300
2009-04-30,301,305,300,302,3224000,302
2009-05-01,302,305,300,303,1627000,303
2009-05-07,317,322,312,322,4236000,322
2009-05-08,327,332,319,331,4668000,331
2009-05-11,332,341,330,339,3287000,339
2009-05-12,334,336,325,326,2326000,326
2009-05-13,330,331,324,326,1842000,326
2009-05-14,317,323,309,310,1515000,310
2009-05-15,319,334,319,332,2509000,332
2009-05-18,335,342,334,339,5064000,339
2009-05-19,347,352,346,350,5428000,350
2009-05-20,360,366,356,361,4939000,361
2009-05-21,366,373,360,373,7231000,373
2009-05-22,370,379,368,368,4696000,368
2009-05-25,375,389,371,385,4359000,385
2009-05-26,395,395,379,386,2751000,386
2009-05-27,396,409,393,406,4838000,406
2009-05-28,400,409,400,401,3207000,401
2009-05-29,405,419,402,417,5414000,417
2009-06-01,430,441,426,437,6449000,437
2009-06-02,439,440,420,421,4945000,421
2009-06-03,407,424,406,417,5247000,417
2009-06-04,412,421,407,409,2940000,409
2009-06-05,413,415,403,406,2625000,406
2009-06-08,409,416,406,413,2928000,413
2009-06-09,408,411,403,408,3235000,408
2009-06-10,406,421,404,420,3024000,420
2009-06-11,421,431,416,416,3803000,416
2009-06-12,426,439,422,435,6874000,435
2009-06-15,439,439,427,429,2419000,429
2009-06-16,421,424,404,406,2657000,406
2009-06-17,408,419,406,413,3272000,413
2009-06-18,409,414,407,409,1358000,409
2009-06-19,410,422,407,417,3296000,417
2009-06-22,422,434,413,424,3674000,424
2009-06-23,415,424,411,422,4579000,422
2009-06-24,423,428,411,412,2460000,412
2009-06-25,407,420,406,416,3054000,416
2009-06-26,423,423,413,419,2111000,419
2009-06-29,420,430,417,424,3806000,424
2009-06-30,433,437,428,432,3683000,432
2009-07-01,422,428,415,418,4375000,418
2009-07-02,423,423,408,408,3218000,408
2009-07-03,403,411,400,409,2103000,409
2009-07-06,409,420,405,417,3390000,417
2009-07-07,416,424,414,417,3407000,417
2009-07-08,416,417,409,409,2542000,409
2009-07-09,404,406,387,387,3692000,387
2009-07-10,388,398,384,395,3198000,395
2009-07-13,381,393,375,376,4555000,376
2009-07-14,386,389,378,383,4147000,383
2009-07-15,384,391,381,383,2984000,383
2009-07-16,388,392,374,375,3597000,375
2009-07-17,380,385,378,382,2119000,382
2009-07-21,390,397,387,394,2280000,394
2009-07-22,390,397,388,394,2270000,394
2009-07-23,392,400,390,392,2533000,392
2009-07-24,392,394,383,388,3291000,388
2009-07-27,393,394,388,391,1842000,391
2009-07-28,389,394,389,394,1866000,394
2009-07-29,390,396,386,391,2460000,391
2009-07-30,392,392,379,386,1366000,386
2009-07-31,394,416,393,415,4850000,415
2009-08-03,405,421,405,420,3745000,420
2009-08-04,435,439,432,437,5913000,437
2009-08-05,434,438,429,430,2298000,430
2009-08-06,430,432,415,416,3028000,416
2009-08-07,419,419,411,419,2463000,419
2009-08-10,429,431,417,422,2546000,422
2009-08-11,418,422,416,421,1982000,421
2009-08-12,423,424,418,420,2636000,420
2009-08-13,425,431,424,425,3388000,425
2009-08-14,428,430,422,427,2298000,427
2009-08-17,425,425,408,411,3471000,411
2009-08-18,406,413,406,412,2103000,412
2009-08-19,410,412,403,405,1860000,405
2009-08-20,410,419,405,417,2808000,417
2009-08-21,411,413,403,409,3433000,409
2009-08-24,419,420,412,415,2240000,415
2009-08-25,407,415,407,415,2100000,415
2009-08-26,411,420,411,418,4028000,418
2009-08-27,411,414,408,412,2603000,412
2009-08-28,410,419,409,415,3211000,415
2009-08-31,416,428,413,418,1937000,418
2009-09-01,413,417,410,413,2062000,413
2009-09-02,400,406,400,406,2974000,406
2009-09-03,404,406,402,403,1893000,403
2009-09-04,402,408,400,406,2890000,406
2009-09-07,411,416,405,414,2484000,414
2009-09-08,411,413,401,405,2201000,405
2009-09-09,400,402,389,391,3121000,391
2009-09-10,391,402,391,400,4192000,400
2009-09-11,398,402,393,396,5189000,396
2009-09-14,393,395,384,390,2513000,390
2009-09-15,390,397,390,396,2252000,396
2009-09-16,393,395,380,383,3526000,383
2009-09-17,384,387,367,376,4412000,376
2009-09-18,377,377,362,368,5846000,368
2009-09-24,375,385,369,376,4264000,376
2009-09-25,368,368,357,361,2264000,361
2009-09-28,355,370,349,365,5131000,365
2009-09-29,369,369,352,357,5685000,357
2009-09-30,358,373,357,373,3417000,373
2009-10-01,363,364,352,353,5107000,353
2009-10-02,339,355,338,349,5253000,349
2009-10-05,345,349,335,338,3899000,338
2009-10-06,345,347,338,346,3542000,346
2009-10-07,351,360,344,357,5192000,357
2009-10-08,351,353,344,352,3576000,352
2009-10-09,360,365,347,357,4367000,357
2009-10-13,352,355,344,346,4759000,346
2009-10-14,342,344,335,339,4497000,339
2009-10-15,344,347,341,343,2941000,343
2009-10-16,339,344,339,342,2443000,342
2009-10-19,338,342,333,335,5793000,335
2009-10-20,336,343,331,342,5222000,342
2009-10-21,355,360,348,358,7139000,358
2009-10-22,353,356,347,353,4491000,353
2009-10-23,354,355,344,344,4823000,344
2009-10-26,340,353,337,353,5895000,353
2009-10-27,345,346,339,340,4670000,340
2009-10-28,338,341,336,337,2260000,337
2009-10-29,330,337,330,331,5902000,331
2009-10-30,335,338,329,337,3081000,337
2009-11-02,330,334,326,333,3228000,333
2009-11-04,330,339,327,339,2517000,339
2009-11-05,335,336,330,333,2314000,333
2009-11-06,338,338,327,335,2514000,335
2009-11-09,336,337,330,335,2004000,335
2009-11-10,336,338,329,330,1725000,330
2009-11-11,330,332,326,327,2466000,327
2009-11-12,329,330,325,327,1567000,327
2009-11-13,327,327,321,324,2217000,324
2009-11-16,328,334,324,334,2706000,334
2009-11-17,332,335,330,334,1823000,334
2009-11-18,335,345,334,337,3472000,337
2009-11-19,338,338,328,331,4160000,331
2009-11-20,324,330,322,327,3683000,327
2009-11-24,332,333,324,325,2238000,325
2009-11-25,315,320,307,310,4018000,310
2009-11-26,305,315,304,313,1980000,313
2009-11-27,305,311,303,305,3388000,305
2009-11-30,306,314,304,314,3728000,314
2009-12-01,315,326,308,325,4444000,325
2009-12-02,315,321,313,316,2752000,316
2009-12-03,319,329,318,327,2749000,327
2009-12-04,329,331,326,329,2502000,329
2009-12-07,333,336,329,331,2525000,331
2009-12-08,328,336,328,333,2678000,333
2009-12-09,334,337,330,332,2654000,332
2009-12-10,327,330,322,324,3502000,324
2009-12-11,329,329,320,324,5749000,324
2009-12-14,323,325,315,322,2561000,322
2009-12-15,320,323,318,321,1806000,321
2009-12-16,356,357,335,343,6321000,343
2009-12-17,344,344,336,336,2416000,336
2009-12-18,329,335,327,334,1780000,334
2009-12-21,333,333,328,328,1242000,328
2009-12-22,334,338,331,338,2678000,338
2009-12-24,339,339,331,332,1984000,332
2009-12-25,332,333,330,332,771000,332
2009-12-28,334,334,327,329,1980000,329
2009-12-29,327,327,322,327,2126000,327
2009-12-30,327,328,322,322,1021000,322
2010-01-04,321,328,320,327,1060000,327
2010-01-05,330,330,321,322,2945000,322
2010-01-06,323,329,321,328,3528000,328
2010-01-07,330,339,328,334,2722000,334
2010-01-08,341,345,336,344,4234000,344
2010-01-12,344,346,341,342,2266000,342
2010-01-13,348,353,344,344,3243000,344
2010-01-14,348,349,345,348,1971000,348
2010-01-15,350,353,346,351,2325000,351
2010-01-18,345,349,343,346,2413000,346
2010-01-19,350,351,346,351,1925000,351
2010-01-20,353,354,345,347,2162000,347
2010-01-21,344,352,343,352,2109000,352
2010-01-22,345,347,340,347,2928000,347
2010-01-25,340,344,339,342,1963000,342
2010-01-26,343,344,337,338,1886000,338
2010-01-27,338,341,336,336,1556000,336
2010-01-28,331,339,330,339,2390000,339
2010-01-29,335,337,331,331,1465000,331
2010-02-01,329,330,321,327,1606000,327
2010-02-02,330,331,327,331,1338000,331
2010-02-03,333,338,333,337,1188000,337
2010-02-04,341,341,333,338,1441000,338
2010-02-05,326,330,325,325,1997000,325
2010-02-08,328,331,324,326,1455000,326
2010-02-09,321,327,319,323,1907000,323
2010-02-10,328,328,323,324,1383000,324
2010-02-12,327,327,324,326,1466000,326
2010-02-15,327,327,322,323,746000,323
2010-02-16,324,326,323,324,753000,324
2010-02-17,326,330,325,329,1168000,329
2010-02-18,331,331,326,327,1200000,327
2010-02-19,329,330,323,323,1115000,323
2010-02-22,329,336,326,329,2207000,329
2010-02-23,323,329,323,326,1849000,326
2010-02-24,323,325,322,325,1652000,325
2010-02-25,325,325,321,322,1332000,322
2010-02-26,324,329,323,327,1798000,327
2010-03-01,325,334,325,327,1839000,327
2010-03-02,330,332,326,328,1009000,328
2010-03-03,325,328,324,328,1372000,328
2010-03-04,329,329,325,325,1415000,325
2010-03-05,328,333,327,332,2088000,332
2010-03-08,339,350,338,347,4306000,347
2010-03-09,344,346,340,341,1721000,341
2010-03-10,337,339,333,335,1524000,335
2010-03-11,336,340,335,338,1778000,338
2010-03-12,346,348,342,348,7388000,348
2010-03-15,350,355,349,354,3364000,354
2010-03-16,353,354,351,353,2369000,353
2010-03-17,353,355,349,354,2850000,354
2010-03-18,355,355,350,350,1158000,350
2010-03-19,355,362,353,361,4150000,361
2010-03-23,369,382,366,369,6304000,369
2010-03-24,372,376,370,373,2840000,373
2010-03-25,378,382,376,377,2913000,377
2010-03-26,384,394,383,394,4782000,394
2010-03-29,390,394,384,394,3261000,394
2010-03-30,394,399,392,399,3448000,399
2010-03-31,399,403,394,397,4422000,397
2010-04-01,399,403,394,401,3520000,401
2010-04-02,404,404,397,402,2378000,402
2010-04-05,402,403,395,402,1983000,402
2010-04-06,401,401,388,391,5025000,391
2010-04-07,394,401,386,398,4759000,398
2010-04-08,392,398,392,396,2690000,396
2010-04-09,400,400,395,398,3002000,398
2010-04-12,401,410,400,406,3523000,406
2010-04-13,406,406,396,399,2633000,399
2010-04-14,403,405,401,403,3139000,403
2010-04-15,411,426,408,423,9512000,423
2010-04-16,425,437,422,428,7284000,428
2010-04-19,420,423,414,416,3858000,416
2010-04-20,418,420,410,411,3153000,411
2010-04-21,417,418,413,418,2709000,418
2010-04-22,418,418,404,408,3705000,408
2010-04-23,411,416,407,414,2784000,414
2010-04-26,416,422,416,418,2999000,418
2010-04-27,418,421,413,417,2414000,417
2010-04-28,409,412,403,411,2933000,411
2010-04-30,417,419,407,410,2691000,410
2010-05-06,402,403,392,398,3482000,398
2010-05-07,390,392,380,389,3766000,389
2010-05-10,387,402,386,401,3831000,401
2010-05-11,408,408,394,396,2394000,396
2010-05-12,390,392,383,388,3420000,388
2010-05-13,389,393,387,390,2723000,390
2010-05-14,388,397,387,391,3571000,391
2010-05-17,383,385,372,380,3677000,380
2010-05-18,384,384,373,377,2497000,377
2010-05-19,374,383,372,383,4019000,383
2010-05-20,382,392,378,389,4441000,389
2010-05-21,381,387,367,381,5154000,381
2010-05-24,382,391,378,385,3809000,385
2010-05-25,378,384,378,382,4140000,382
2010-05-26,374,376,359,359,7987000,359
2010-05-27,362,382,362,380,8066000,380
2010-05-28,379,384,375,379,3871000,379
2010-05-31,380,389,378,383,3975000,383
2010-06-01,381,391,380,387,2690000,387
2010-06-02,384,389,380,381,2794000,381
2010-06-03,385,388,382,387,3235000,387
2010-06-04,386,387,379,382,3851000,382
2010-06-07,374,374,368,369,2370000,369
2010-06-08,363,372,363,366,2380000,366
2010-06-09,359,367,358,365,2646000,365
2010-06-10,364,366,362,363,2122000,363
2010-06-11,374,375,366,366,6845000,366
2010-06-14,367,368,364,367,1652000,367
2010-06-15,366,370,362,365,2000000,365
2010-06-16,370,370,365,368,1996000,368
2010-06-17,365,372,364,371,1485000,371
2010-06-18,374,374,365,366,1604000,366
2010-06-21,373,379,372,377,2200000,377
2010-06-22,377,395,377,391,5418000,391
2010-06-23,387,392,384,386,3915000,386
2010-06-24,383,395,383,389,2826000,389
2010-06-25,382,386,381,384,2940000,384
2010-06-28,392,393,386,388,2354000,388
2010-06-29,388,388,379,382,3070000,382
2010-06-30,378,379,368,372,3634000,372
2010-07-01,364,366,357,361,3743000,361
2010-07-02,355,363,355,361,2921000,361
2010-07-05,365,373,362,367,2333000,367
2010-07-06,359,373,357,371,2661000,371
2010-07-07,379,388,377,383,5249000,383
2010-07-08,388,391,384,387,3378000,387
2010-07-09,391,391,381,383,2879000,383
2010-07-12,378,380,372,373,2810000,373
2010-07-13,377,380,369,375,3157000,375
2010-07-14,380,384,374,375,2539000,375
2010-07-15,369,369,361,362,3020000,362
2010-07-16,358,362,354,357,2526000,357
2010-07-20,355,362,353,357,3340000,357
2010-07-21,361,365,359,359,3091000,359
2010-07-22,355,360,355,356,2750000,356
2010-07-23,364,367,360,364,2226000,364
2010-07-26,368,370,362,364,1622000,364
2010-07-27,362,370,361,366,2013000,366
2010-07-28,369,373,367,369,2959000,369
2010-07-29,366,371,366,370,1518000,370
2010-07-30,370,371,358,360,2194000,360
2010-08-02,363,366,356,357,3131000,357
2010-08-03,363,364,358,359,1758000,359
2010-08-04,357,359,352,356,1837000,356
2010-08-05,362,363,354,356,2748000,356
2010-08-06,353,359,353,356,1364000,356
2010-08-09,352,355,352,355,1359000,355
2010-08-10,356,357,352,353,1410000,353
2010-08-11,349,351,342,345,2659000,345
2010-08-12,340,342,335,341,2471000,341
2010-08-13,338,344,336,342,2588000,342
2010-08-16,336,342,333,342,1258000,342
2010-08-17,335,341,334,340,1244000,340
2010-08-18,345,346,339,345,2120000,345
2010-08-19,346,349,342,345,1630000,345
2010-08-20,343,349,338,339,2685000,339
2010-08-23,337,340,337,337,1467000,337
2010-08-24,334,340,333,336,1352000,336
2010-08-25,334,337,331,334,2345000,334
2010-08-26,339,339,335,339,2307000,339
2010-08-27,338,345,338,343,3433000,343
2010-08-30,350,355,347,349,2259000,349
2010-08-31,342,344,335,336,1875000,336
2010-09-01,338,342,336,342,3060000,342
2010-09-02,349,349,338,344,2458000,344
2010-09-03,344,349,342,348,1947000,348
2010-09-06,349,352,347,351,2409000,351
2010-09-07,348,352,346,348,1731000,348
2010-09-08,340,343,337,340,2961000,340
2010-09-09,342,343,337,341,2773000,341
2010-09-10,339,346,338,341,4507000,341
2010-09-13,342,346,341,345,2262000,345
2010-09-14,345,350,344,346,1911000,346
2010-09-15,345,359,343,355,3836000,355
2010-09-16,363,363,352,353,2347000,353
2010-09-17,359,362,355,358,2337000,358
2010-09-21,360,362,354,355,2926000,355
2010-09-22,357,359,355,357,1656000,357
2010-09-24,351,359,349,352,3292000,352
2010-09-27,354,355,345,349,3188000,349
2010-09-28,345,347,343,345,1636000,345
2010-09-29,342,348,342,344,3101000,344
2010-09-30,342,345,332,334,4518000,334
2010-10-01,341,341,332,333,4148000,333
2010-10-04,330,331,320,322,5770000,322
2010-10-05,321,335,321,333,4843000,333
2010-10-06,332,341,327,339,4630000,339
2010-10-07,336,344,336,339,3166000,339
2010-10-08,339,342,336,339,2264000,339
2010-10-12,342,345,330,332,3723000,332
2010-10-13,336,336,329,331,2728000,331
2010-10-14,336,338,332,334,2929000,334
2010-10-15,334,335,326,328,3057000,328
2010-10-18,328,334,327,330,1825000,330
2010-10-19,330,339,330,335,3544000,335
2010-10-20,331,334,325,330,2467000,330
2010-10-21,330,332,325,327,2227000,327
2010-10-22,329,334,328,328,1931000,328
2010-10-25,326,328,323,324,1419000,324
2010-10-26,322,323,315,316,5618000,316
2010-10-27,318,318,307,311,3849000,311
2010-10-28,311,315,309,311,2417000,311
2010-10-29,307,314,300,313,5026000,313
2010-11-01,310,313,306,308,2933000,308
2010-11-02,305,311,304,306,2488000,306
2010-11-04,310,319,310,314,3351000,314
2010-11-05,320,328,318,321,3197000,321
2010-11-08,321,323,318,321,2740000,321
2010-11-09,320,324,317,323,1631000,323
2010-11-10,324,335,323,331,4779000,331
2010-11-11,333,341,331,337,4392000,337
2010-11-12,335,336,329,330,2682000,330
2010-11-15,332,334,326,329,1518000,329
2010-11-16,332,333,319,321,4143000,321
2010-11-17,318,325,315,323,3908000,323
2010-11-18,328,341,327,339,7637000,339
2010-11-19,345,346,338,342,4614000,342
2010-11-22,346,346,334,334,4818000,334
2010-11-24,329,334,329,329,2794000,329
2010-11-25,330,332,325,328,2571000,328
2010-11-26,330,330,324,325,1773000,325
2010-11-29,325,332,325,330,2387000,330
2010-11-30,329,331,322,322,3204000,322
2010-12-01,325,327,320,327,2560000,327
2010-12-02,331,333,327,327,2667000,327
2010-12-03,333,333,329,329,2416000,329
2010-12-06,328,331,328,330,1522000,330
2010-12-07,329,331,326,328,2360000,328
2010-12-08,331,334,328,332,2925000,332
2010-12-09,335,337,332,335,4707000,335
2010-12-10,341,341,334,339,7811000,339
2010-12-13,345,356,343,354,8117000,354
2010-12-14,362,366,355,362,8016000,362
2010-12-15,364,365,360,363,3982000,363
2010-12-16,363,366,359,364,4506000,364
2010-12-17,364,369,361,365,4802000,365
2010-12-20,366,368,360,362,3491000,362
2010-12-21,360,366,359,363,3382000,363
2010-12-22,364,368,362,365,5533000,365
2010-12-24,361,362,355,357,4201000,357
2010-12-27,358,360,356,357,2749000,357
2010-12-28,357,358,355,356,2071000,356
2010-12-29,353,362,352,361,2157000,361
2010-12-30,357,360,352,353,2771000,353
2011-01-04,361,365,360,363,2024000,363
2011-01-05,362,362,356,357,1514000,357
2011-01-06,357,360,353,357,8167000,357
2011-01-07,357,361,355,357,4037000,357
2011-01-11,355,360,352,358,3006000,358
2011-01-12,361,368,360,364,6944000,364
2011-01-13,368,374,364,370,5214000,370
2011-01-14,366,369,364,365,5929000,365
2011-01-17,365,367,361,363,3274000,363
2011-01-18,362,369,360,363,2944000,363
2011-01-19,367,368,361,367,4025000,367
2011-01-20,362,366,360,364,3268000,364
2011-01-21,365,365,353,355,5341000,355
2011-01-24,357,357,349,355,4127000,355
2011-01-25,357,364,353,364,3448000,364
2011-01-26,361,362,356,358,2480000,358
2011-01-27,358,362,355,361,5458000,361
2011-01-28,361,361,353,355,4219000,355
2011-01-31,347,353,346,352,2630000,352
2011-02-01,348,351,341,344,4754000,344
2011-02-02,340,351,340,349,6466000,349
2011-02-03,350,350,343,347,2584000,347
2011-02-04,353,356,352,354,2291000,354
2011-02-07,359,359,352,355,3138000,355
2011-02-08,354,358,354,355,3727000,355
2011-02-09,358,358,354,356,3088000,356
2011-02-10,353,358,353,357,4649000,357
2011-02-14,362,363,359,362,2556000,362
2011-02-15,362,365,359,363,3520000,363
2011-02-16,363,370,362,368,5402000,368
2011-02-17,369,372,367,371,5239000,371
2011-02-18,372,382,370,381,9092000,381
2011-02-21,381,385,377,384,6199000,384
2011-02-22,380,382,373,375,4591000,375
2011-02-23,368,375,362,365,6633000,365
2011-02-24,363,371,361,362,4880000,362
2011-02-25,362,364,358,363,4042000,363
2011-02-28,363,371,361,370,4032000,370
2011-03-01,371,379,371,376,4663000,376
2011-03-02,373,375,366,368,5207000,368
2011-03-03,370,372,366,367,3305000,367
2011-03-04,375,378,373,373,3396000,373
2011-03-07,369,371,364,366,2666000,366
2011-03-08,363,370,363,363,2413000,363
2011-03-09,366,370,364,365,2652000,365
2011-03-10,363,365,358,361,2495000,361
2011-03-11,356,361,352,352,6571000,352
2011-03-14,336,345,325,327,5269000,327
2011-03-15,316,320,261,286,6495000,286
2011-03-16,302,307,290,303,8167000,303
2011-03-17,286,302,285,296,7890000,296
2011-03-18,303,313,299,304,9087000,304
2011-03-22,318,329,318,327,7874000,327
2011-03-23,328,333,318,321,7419000,321
2011-03-24,325,328,321,321,5484000,321
2011-03-25,330,330,316,321,4289000,321
2011-03-28,321,323,317,321,4000000,321
2011-03-29,321,329,319,322,4890000,322
2011-03-30,323,329,320,328,5230000,328
2011-03-31,333,346,332,346,9017000,346
2011-04-01,348,355,341,343,8522000,343
2011-04-04,341,344,336,337,3215000,337
2011-04-05,335,336,327,332,3930000,332
2011-04-06,336,337,327,331,5388000,331
2011-04-07,332,341,329,332,6309000,332
2011-04-08,333,343,329,340,4504000,340
2011-04-11,342,345,338,340,3056000,340
2011-04-12,333,339,332,337,3460000,337
2011-04-13,337,340,335,339,3028000,339
2011-04-14,336,339,332,337,3232000,337
2011-04-15,334,337,330,332,3250000,332
2011-04-18,333,334,329,330,1971000,330
2011-04-19,328,331,327,328,2159000,328
2011-04-20,332,333,328,332,2438000,332
2011-04-21,333,333,330,333,1658000,333
2011-04-22,332,333,325,328,3785000,328
2011-04-25,328,334,328,330,1673000,330
2011-04-26,328,330,325,327,2101000,327
2011-04-27,328,331,324,325,2420000,325
2011-04-28,327,334,326,334,3912000,334
2011-05-02,341,345,340,345,1823000,345
2011-05-06,343,343,338,340,1608000,340
2011-05-09,340,342,337,341,1899000,341
2011-05-10,339,342,335,339,2167000,339
2011-05-11,345,345,338,340,1666000,340
2011-05-12,336,341,336,337,985000,337
2011-05-13,339,340,327,332,3108000,332
2011-05-16,328,332,326,328,2566000,328
2011-05-17,325,331,325,327,2378000,327
2011-05-18,325,329,323,327,5221000,327
2011-05-19,327,328,315,317,4908000,317
2011-05-20,321,327,320,321,3906000,321
2011-05-23,319,320,315,318,1666000,318
2011-05-24,318,321,317,318,2159000,318
2011-05-25,315,317,312,316,2514000,316
2011-05-26,318,319,315,316,2022000,316
2011-05-27,316,319,315,315,1427000,315
2011-05-30,313,314,310,313,2229000,313
2011-05-31,314,323,314,322,2598000,322
2011-06-01,320,321,315,320,4302000,320
2011-06-02,313,315,311,311,3536000,311
2011-06-03,311,314,307,307,2393000,307
2011-06-06,307,307,301,304,3153000,304
2011-06-07,305,306,301,305,2137000,305
2011-06-08,306,311,305,308,2974000,308
2011-06-09,307,309,305,307,3203000,307
2011-06-10,312,314,310,311,5128000,311
2011-06-13,310,310,307,308,1565000,308
2011-06-14,309,315,308,314,2414000,314
2011-06-15,315,315,311,314,1455000,314
2011-06-16,310,314,308,310,1791000,310
2011-06-17,313,313,305,308,2148000,308
2011-06-20,310,313,308,310,1518000,310
2011-06-21,310,314,309,314,1874000,314
2011-06-22,315,322,315,321,2155000,321
2011-06-23,318,325,316,319,1975000,319
2011-06-24,319,322,318,320,1653000,320
2011-06-27,317,321,313,318,2234000,318
2011-06-28,321,323,319,322,2116000,322
2011-06-29,323,329,321,328,2627000,328
2011-06-30,330,337,330,335,4495000,335
2011-07-01,336,337,333,335,2380000,335
2011-07-04,340,345,340,343,2632000,343
2011-07-05,349,354,347,349,3853000,349
2011-07-06,350,352,346,351,3907000,351
2011-07-07,349,352,346,349,4440000,349
2011-07-08,355,355,349,352,2601000,352
2011-07-11,350,354,350,352,1897000,352
2011-07-12,346,348,343,346,2408000,346
2011-07-13,343,352,343,347,3017000,347
2011-07-14,344,348,344,345,1910000,345
2011-07-15,343,347,341,344,2607000,344
2011-07-19,345,346,342,344,2559000,344
2011-07-20,348,349,343,346,1119000,346
2011-07-21,345,348,345,345,2979000,345
2011-07-22,349,351,342,345,5236000,345
2011-07-25,344,345,338,340,4163000,340
2011-07-26,341,346,339,341,4481000,341
2011-07-27,338,339,331,336,4451000,336
2011-07-28,331,333,327,330,3995000,330
2011-07-29,330,331,327,328,3788000,328
2011-08-01,331,339,331,336,5487000,336
2011-08-02,334,338,332,334,2982000,334
2011-08-03,327,333,326,330,2911000,330
2011-08-04,328,332,325,328,4912000,328
2011-08-05,316,319,314,315,3771000,315
2011-08-08,310,311,306,307,5021000,307
2011-08-09,299,304,294,303,6523000,303
2011-08-10,311,311,306,307,2975000,307
2011-08-11,301,308,301,308,4683000,308
2011-08-12,312,314,307,309,3163000,309
2011-08-15,313,313,305,310,3056000,310
2011-08-16,310,312,307,310,2971000,310
2011-08-17,306,311,304,310,5169000,310
2011-08-18,310,310,305,306,2862000,306
2011-08-19,301,305,299,302,5001000,302
2011-08-22,301,304,299,301,3523000,301
2011-08-23,304,309,304,306,2850000,306
2011-08-24,307,309,304,306,4619000,306
2011-08-25,308,312,305,307,4882000,307
2011-08-26,303,306,303,303,3414000,303
2011-08-29,302,304,299,302,5249000,302
2011-08-30,304,309,303,305,3169000,305
2011-08-31,305,307,303,307,1846000,307
2011-09-01,310,313,308,311,2775000,311
2011-09-02,307,309,305,306,2339000,306
2011-09-05,300,303,299,300,1684000,300
2011-09-06,299,300,297,297,2852000,297
2011-09-07,300,301,299,299,1870000,299
2011-09-08,302,302,299,300,2463000,300
2011-09-09,299,304,299,301,4292000,301
2011-09-12,296,301,296,299,3540000,299
2011-09-13,303,310,300,309,2984000,309
2011-09-14,304,305,302,302,2945000,302
2011-09-15,306,310,306,309,1927000,309
2011-09-16,311,315,310,313,2295000,313
2011-09-20,309,310,305,307,2021000,307
2011-09-21,310,312,305,307,2207000,307
2011-09-22,300,302,297,301,2885000,301
2011-09-26,303,304,298,302,2545000,302
2011-09-27,305,312,303,312,1794000,312
2011-09-28,311,319,310,318,2584000,318
2011-09-29,320,327,319,327,4586000,327
2011-09-30,328,329,324,327,3194000,327
2011-10-03,320,323,312,321,2454000,321
2011-10-04,313,315,310,312,2334000,312
2011-10-05,313,314,307,313,3198000,313
2011-10-06,313,318,312,316,2146000,316
2011-10-07,314,316,308,309,2810000,309
2011-10-11,312,318,309,317,2503000,317
2011-10-12,316,316,312,313,1824000,313
2011-10-13,318,323,314,315,1716000,315
2011-10-14,310,312,304,305,2811000,305
2011-10-17,311,311,306,309,1551000,309
2011-10-18,310,310,306,306,840000,306
2011-10-19,309,310,307,309,979000,309
2011-10-20,307,310,305,309,2010000,309
2011-10-21,310,310,306,308,1238000,308
2011-10-24,309,313,305,307,1606000,307
2011-10-25,306,307,302,302,1809000,302
2011-10-26,300,304,295,302,1850000,302
2011-10-27,299,309,298,308,2458000,308
2011-10-28,310,313,307,307,2070000,307
2011-10-31,304,312,303,307,2357000,307
2011-11-01,305,312,304,307,2129000,307
2011-11-02,306,308,304,306,2399000,306
2011-11-04,310,313,305,313,2146000,313
2011-11-07,310,311,307,309,1003000,309
2011-11-08,307,310,300,300,2181000,300
2011-11-09,304,307,296,305,3756000,305
2011-11-10,298,305,297,303,2547000,303
2011-11-11,304,305,298,299,2047000,299
2011-11-14,304,304,300,302,1128000,302
2011-11-15,301,307,301,303,1820000,303
2011-11-16,304,306,302,305,1601000,305
2011-11-17,305,309,302,309,2249000,309
2011-11-18,308,309,303,306,2432000,306
2011-11-21,305,310,303,308,1562000,308
2011-11-22,307,314,307,312,3039000,312
2011-11-24,310,311,302,303,2161000,303
2011-11-25,303,308,302,306,2088000,306
2011-11-28,308,310,304,307,1714000,307
2011-11-29,309,310,304,310,2149000,310
2011-11-30,309,314,309,313,2606000,313
2011-12-01,315,317,307,308,3757000,308
2011-12-02,308,312,307,311,2005000,311
2011-12-05,313,320,312,318,2433000,318
2011-12-06,317,323,316,316,2734000,316
2011-12-07,318,322,316,322,2072000,322
2011-12-08,320,323,317,321,1965000,321
2011-12-09,315,320,315,320,5955000,320
2011-12-12,326,328,323,325,2551000,325
2011-12-13,322,325,318,321,2970000,321
2011-12-14,321,328,319,326,4065000,326
2011-12-15,327,334,327,332,3032000,332
2011-12-16,332,337,326,327,4231000,327
2011-12-19,327,332,324,330,2524000,330
2011-12-20,334,334,319,321,3740000,321
2011-12-21,324,325,322,324,1359000,324
2011-12-22,322,324,320,321,1968000,321
2011-12-26,328,328,320,323,810000,323
2011-12-27,320,323,317,321,1413000,321
2011-12-28,322,322,319,319,658000,319
2011-12-29,322,324,320,324,1059000,324
2011-12-30,325,326,321,323,1218000,323
2012-01-04,331,337,330,332,3129000,332
2012-01-05,332,332,323,323,2414000,323
2012-01-06,323,326,320,322,1451000,322
2012-01-10,326,330,325,325,1337000,325
2012-01-11,326,326,323,324,1023000,324
2012-01-12,322,322,318,319,777000,319
2012-01-13,322,323,316,320,2344000,320
2012-01-16,315,316,312,314,1863000,314
2012-01-17,313,318,313,318,1082000,318
2012-01-18,320,323,313,316,2737000,316
2012-01-19,316,320,316,316,1545000,316
2012-01-20,323,331,321,329,3023000,329
2012-01-23,330,334,329,330,2005000,330
2012-01-24,330,331,326,326,1615000,326
2012-01-25,328,329,326,327,1857000,327
2012-01-26,328,329,325,326,1221000,326
2012-01-27,330,330,324,327,1952000,327
2012-01-30,326,328,325,326,1605000,326
2012-01-31,325,327,322,325,2352000,325
2012-02-01,323,328,323,325,2239000,325
2012-02-02,326,330,325,328,1491000,328
2012-02-03,325,329,324,324,1292000,324
2012-02-06,328,329,325,325,1819000,325
2012-02-07,326,327,324,326,1742000,326
2012-02-08,326,329,324,327,1849000,327
2012-02-09,325,328,323,326,2732000,326
2012-02-10,328,328,325,325,1456000,325
2012-02-13,326,331,324,329,1491000,329
2012-02-14,328,334,328,332,1855000,332
2012-02-15,335,343,334,339,2664000,339
2012-02-16,338,341,333,335,1725000,335
2012-02-17,343,343,336,340,2348000,340
2012-02-20,342,344,338,341,1777000,341
2012-02-21,338,339,336,336,1209000,336
2012-02-22,336,345,336,343,2675000,343
2012-02-23,344,350,339,348,3525000,348
2012-02-24,350,353,347,349,2576000,349
2012-02-27,350,351,346,346,1936000,346
2012-02-28,346,355,345,354,2921000,354
2012-02-29,356,361,353,354,4251000,354
2012-03-01,354,360,346,353,4002000,353
2012-03-02,359,368,358,366,4731000,366
2012-03-05,365,371,365,370,3697000,370
2012-03-06,370,371,366,369,3683000,369
2012-03-07,367,371,362,363,3486000,363
2012-03-08,369,375,367,371,4478000,371
2012-03-09,378,382,371,378,7471000,378
2012-03-12,375,375,366,367,3615000,367
2012-03-13,367,382,366,371,4126000,371
2012-03-14,379,381,374,375,2521000,375
2012-03-15,373,377,367,374,2459000,374
2012-03-16,374,377,372,373,2266000,373
2012-03-19,373,374,367,370,2712000,370
2012-03-21,369,370,362,364,3711000,364
2012-03-22,364,370,362,369,3077000,369
2012-03-23,364,369,364,367,2638000,367
2012-03-26,365,366,361,361,2694000,361
2012-03-27,369,384,369,383,5755000,383
2012-03-28,381,382,368,370,3178000,370
2012-03-29,371,376,370,373,2559000,373
2012-03-30,376,376,365,367,4329000,367
2012-04-02,372,373,365,365,2935000,365
2012-04-03,362,365,356,362,3280000,362
2012-04-04,359,361,349,351,3784000,351
2012-04-05,351,351,345,348,3478000,348
2012-04-06,347,352,345,347,3037000,347
2012-04-09,343,348,342,342,2686000,342
2012-04-10,343,349,342,346,3057000,346
2012-04-11,341,345,336,342,2853000,342
2012-04-12,342,343,339,341,2511000,341
2012-04-13,347,351,344,350,4578000,350
2012-04-16,342,345,341,342,2632000,342
2012-04-17,341,342,338,340,2357000,340
2012-04-18,346,349,344,348,1760000,348
2012-04-19,343,345,341,342,2306000,342
2012-04-20,345,346,342,343,1270000,343
2012-04-23,345,345,340,340,1742000,340
2012-04-24,339,339,330,334,1965000,334
2012-04-25,338,342,336,336,1943000,336
2012-04-26,339,342,333,335,2029000,335
2012-04-27,334,344,332,334,4093000,334
2012-05-01,335,336,332,335,1796000,335
2012-05-02,336,339,333,336,1684000,336
2012-05-07,328,334,327,330,2028000,330
2012-05-08,329,330,325,328,2544000,328
2012-05-09,322,325,319,319,3136000,319
2012-05-10,319,321,314,318,2894000,318
2012-05-11,316,318,312,314,2248000,314
2012-05-14,312,318,312,314,2137000,314
2012-05-15,316,317,310,313,3236000,313
2012-05-16,314,315,303,307,4484000,307
2012-05-17,306,311,301,308,4190000,308
2012-05-18,304,309,300,303,4800000,303
2012-05-21,303,307,301,303,2403000,303
2012-05-22,304,307,303,304,1866000,304
2012-05-23,302,304,297,299,2778000,299
2012-05-24,298,306,298,300,4068000,300
2012-05-25,303,304,298,300,3361000,300
2012-05-28,299,300,296,297,2256000,297
2012-05-29,298,299,295,299,3963000,299
2012-05-30,297,298,292,294,2973000,294
2012-05-31,290,292,287,289,5656000,289
2012-06-01,287,290,285,287,4804000,287
2012-06-04,279,284,278,283,3212000,283
2012-06-05,283,290,282,287,4368000,287
2012-06-06,289,290,286,288,3809000,288
2012-06-07,291,293,287,290,3258000,290
2012-06-08,287,288,282,284,6716000,284
2012-06-11,287,288,285,286,3123000,286
2012-06-12,285,285,281,282,2949000,282
2012-06-13,285,286,281,285,2830000,285
2012-06-14,281,286,281,281,3062000,281
2012-06-15,283,288,282,285,3845000,285
2012-06-18,290,291,285,288,3580000,288
2012-06-19,288,290,285,286,2841000,286
2012-06-20,287,293,286,290,4058000,290
2012-06-21,294,299,293,298,5012000,298
2012-06-22,294,298,291,295,2011000,295
2012-06-25,295,298,292,292,1789000,292
2012-06-26,292,295,287,292,3612000,292
2012-06-27,292,293,289,293,3907000,293
2012-06-28,294,303,294,302,2196000,302
2012-06-29,299,311,299,310,4421000,310
2012-07-02,313,313,306,307,1517000,307
2012-07-03,308,314,308,311,2348000,311
2012-07-04,313,314,307,308,1684000,308
2012-07-05,308,312,308,310,1598000,310
2012-07-06,309,312,304,305,2348000,305
2012-07-09,302,306,300,302,2160000,302
2012-07-10,300,305,296,296,2494000,296
2012-07-11,296,297,292,295,2882000,295
2012-07-12,294,298,291,292,2810000,292
2012-07-13,292,294,289,290,2176000,290
2012-07-17,292,295,289,289,2367000,289
2012-07-18,295,297,291,293,3594000,293
2012-07-19,293,299,291,292,3433000,292
2012-07-20,292,292,282,283,3042000,283
2012-07-23,282,285,277,277,2888000,277
2012-07-24,276,279,274,276,2848000,276
2012-07-25,275,279,273,275,3079000,275
2012-07-26,278,288,278,283,3633000,283
2012-07-27,284,287,283,286,2751000,286
2012-07-30,289,294,288,293,2645000,293
2012-07-31,289,290,282,287,5693000,287
2012-08-01,284,288,282,286,3462000,286
2012-08-02,289,299,289,295,3631000,295
2012-08-03,292,295,288,294,2940000,294
2012-08-06,297,298,292,293,1852000,293
2012-08-07,294,297,292,297,1291000,297
2012-08-08,301,308,301,305,4673000,305
2012-08-09,304,308,302,306,2899000,306
2012-08-10,305,307,302,305,2366000,305
2012-08-13,305,307,303,305,1319000,305
2012-08-14,307,312,305,310,3413000,310
2012-08-15,315,315,308,311,2213000,311
2012-08-16,310,315,307,314,3017000,314
2012-08-17,316,322,313,320,2783000,320
2012-08-20,321,322,318,320,2728000,320
2012-08-21,320,323,319,321,1023000,321
2012-08-22,320,322,315,320,2766000,320
2012-08-23,319,322,317,322,2060000,322
2012-08-24,319,320,316,318,1912000,318
2012-08-27,321,323,316,317,2018000,317
2012-08-28,318,319,311,314,3334000,314
2012-08-29,314,318,314,318,1188000,318
2012-08-30,316,318,312,314,2070000,314
2012-08-31,310,312,306,308,3103000,308
2012-09-03,306,313,305,305,2166000,305
2012-09-04,305,307,300,302,2824000,302
2012-09-05,303,311,303,304,3974000,304
2012-09-06,304,306,302,306,3124000,306
2012-09-07,310,314,309,312,4177000,312
2012-09-10,315,321,313,321,3945000,321
2012-09-11,318,318,313,317,3256000,317
2012-09-12,317,327,317,323,3429000,323
2012-09-13,322,322,318,321,1905000,321
2012-09-14,321,324,317,319,5742000,319
2012-09-18,322,323,316,318,4191000,318
2012-09-19,316,326,316,320,3587000,320
2012-09-20,317,324,314,316,4643000,316
2012-09-21,316,321,315,318,3326000,318
2012-09-24,316,320,316,317,2924000,317
2012-09-25,316,323,314,321,3602000,321
2012-09-26,316,321,315,317,2960000,317
2012-09-27,315,321,314,320,2145000,320
2012-09-28,320,323,314,317,4745000,317
2012-10-01,315,315,310,315,2262000,315
2012-10-02,315,316,311,312,1701000,312
2012-10-03,310,310,304,309,2475000,309
2012-10-04,308,315,308,311,2567000,311
2012-10-05,310,314,307,313,2393000,313
2012-10-09,310,313,305,307,2270000,307
2012-10-10,302,306,300,303,2710000,303
2012-10-11,299,306,298,303,2084000,303
2012-10-12,304,308,304,307,2783000,307
2012-10-15,305,308,302,304,2875000,304
2012-10-16,306,313,306,311,3404000,311
2012-10-17,313,317,311,312,2422000,312
2012-10-18,317,320,315,316,2792000,316
2012-10-19,314,318,313,315,2661000,315
2012-10-22,312,320,310,318,2793000,318
2012-10-23,319,320,313,317,2416000,317
2012-10-24,313,317,312,312,2447000,312
2012-10-25,311,315,310,314,2638000,314
2012-10-26,316,316,309,310,2623000,310
2012-10-29,310,313,309,312,1076000,312
2012-10-30,312,315,307,307,1955000,307
2012-10-31,307,314,306,312,2740000,312
2012-11-01,312,313,309,312,1195000,312
2012-11-02,315,317,312,315,2008000,315
2012-11-05,313,314,310,312,872000,312
2012-11-06,311,312,307,312,1389000,312
2012-11-07,314,314,308,312,1706000,312
2012-11-08,308,308,302,305,1726000,305
2012-11-09,301,305,299,303,1976000,303
2012-11-12,299,306,299,304,2567000,304
2012-11-13,303,303,294,301,2752000,301
2012-11-14,300,301,298,299,1961000,299
2012-11-15,300,305,299,305,2099000,305
2012-11-16,308,315,307,315,4156000,315
2012-11-19,318,322,315,316,2087000,316
2012-11-20,316,318,313,313,2544000,313
2012-11-21,314,319,313,319,2705000,319
2012-11-22,319,322,318,321,1651000,321
2012-11-26,323,326,319,320,2481000,320
2012-11-27,323,338,322,332,4813000,332
2012-11-28,331,333,326,327,2060000,327
2012-11-29,327,330,324,325,2090000,325
2012-11-30,328,330,324,325,3156000,325
2012-12-03,331,334,329,330,1729000,330
2012-12-04,329,333,328,330,1446000,330
2012-12-05,328,332,324,326,1867000,326
2012-12-06,329,331,329,330,1217000,330
2012-12-07,330,332,328,331,1618000,331
2012-12-10,332,332,327,328,1733000,328
2012-12-11,332,333,326,327,1515000,327
2012-12-12,329,330,324,326,1346000,326
2012-12-13,330,330,324,326,1710000,326
2012-12-14,328,330,326,328,4685000,328
2012-12-17,332,332,326,328,1927000,328
2012-12-18,329,330,325,326,2950000,326
2012-12-19,331,337,329,334,5410000,334
2012-12-20,337,345,332,336,4408000,336
2012-12-21,338,346,330,335,4326000,335
2012-12-25,345,345,331,334,1537000,334
2012-12-26,335,338,331,338,2058000,338
2012-12-27,340,344,337,339,2093000,339
2012-12-28,341,346,337,344,2599000,344
2013-01-04,352,357,346,353,3772000,353
2013-01-07,354,355,344,345,2857000,345
2013-01-08,341,345,338,342,3538000,342
2013-01-09,345,351,340,349,3329000,349
2013-01-10,351,364,350,355,4034000,355
2013-01-11,359,364,358,360,3333000,360
2013-01-15,365,366,358,363,1956000,363
2013-01-16,361,362,354,357,3926000,357
2013-01-17,357,358,350,357,3732000,357
2013-01-18,365,365,358,364,3900000,364
2013-01-21,365,366,359,365,4209000,365
2013-01-22,368,374,360,364,8442000,364
2013-01-23,361,374,359,370,7199000,370
2013-01-24,370,373,364,372,6855000,372
2013-01-25,379,390,377,389,6831000,389
2013-01-28,389,390,383,389,5211000,389
2013-01-29,382,388,377,385,7301000,385
2013-01-30,386,388,379,386,5130000,386
2013-01-31,383,387,377,385,5541000,385
2013-02-01,388,390,382,383,3567000,383
2013-02-04,385,388,380,384,4096000,384
2013-02-05,380,384,376,378,4558000,378
2013-02-06,386,393,381,387,6241000,387
2013-02-07,395,405,390,396,7336000,396
2013-02-08,392,405,391,401,8216000,401
2013-02-12,408,421,407,411,6528000,411
2013-02-13,415,418,406,407,5388000,407
2013-02-14,410,410,401,402,6548000,402
2013-02-15,402,402,388,395,5592000,395
2013-02-18,410,417,407,412,6494000,412
2013-02-19,408,417,408,414,4398000,414
2013-02-20,415,419,410,415,6635000,415
2013-02-21,411,417,407,410,4031000,410
2013-02-22,406,411,401,410,5938000,410
2013-02-25,421,432,420,425,6915000,425
2013-02-26,414,423,412,416,5099000,416
2013-02-27,422,422,408,409,3635000,409
2013-02-28,413,423,410,421,4707000,421
2013-03-01,418,424,417,422,3587000,422
2013-03-04,422,430,421,424,5039000,424
2013-03-05,429,440,426,430,7888000,430
2013-03-06,440,447,436,441,7353000,441
2013-03-07,445,445,429,430,5682000,430
2013-03-08,432,437,430,435,8711000,435
2013-03-11,437,454,435,454,6725000,454
2013-03-12,461,465,444,445,6550000,445
2013-03-13,440,450,439,441,4477000,441
2013-03-14,444,448,437,447,4720000,447
2013-03-15,450,460,449,454,5954000,454
2013-03-18,459,468,451,455,5567000,455
2013-03-19,457,467,457,461,4656000,461
2013-03-21,466,474,463,471,4763000,471
2013-03-22,467,470,461,465,6468000,465
2013-03-25,473,476,465,471,5451000,471
2013-03-26,466,472,464,467,4617000,467
2013-03-27,463,467,458,463,2669000,463
2013-03-28,462,471,458,470,5868000,470
2013-03-29,474,483,462,483,7340000,483
2013-04-01,485,487,457,458,5975000,458
2013-04-02,453,465,441,461,6054000,461
2013-04-03,454,465,452,465,4725000,465
2013-04-04,457,483,450,483,6837000,483
2013-04-05,498,515,496,504,10739000,504
2013-04-08,515,524,505,523,5885000,523
2013-04-09,525,525,509,516,5320000,516
2013-04-10,509,520,500,519,8164000,519
2013-04-11,523,535,509,518,7102000,518
2013-04-12,518,518,501,504,8458000,504
2013-04-15,501,506,491,499,7501000,499
2013-04-16,491,496,478,481,8244000,481
2013-04-17,487,498,482,497,5712000,497
2013-04-18,497,501,490,492,4675000,492
2013-04-19,491,494,482,490,4576000,490
2013-04-22,498,508,495,498,5150000,498
2013-04-23,495,498,488,489,3681000,489
2013-04-24,494,497,490,492,4322000,492
2013-04-25,494,500,493,499,4718000,499
2013-04-26,500,503,490,490,4701000,490
2013-04-30,495,502,493,498,5304000,498
2013-05-01,497,498,490,493,3839000,493
2013-05-02,497,502,493,495,3179000,495
2013-05-07,503,513,502,509,4492000,509
2013-05-08,513,513,506,506,3286000,506
2013-05-09,508,511,494,496,5549000,496
2013-05-10,504,506,501,504,4459000,504
2013-05-13,508,509,501,508,3415000,508
2013-05-14,507,507,490,490,3952000,490
2013-05-15,493,500,490,491,5049000,491
2013-05-16,491,497,477,483,5936000,483
2013-05-17,478,485,471,478,6208000,478
2013-05-20,481,484,474,475,5014000,475
2013-05-21,483,491,480,490,5998000,490
2013-05-22,488,498,487,495,4116000,495
2013-05-23,492,492,432,434,8828000,434
2013-05-24,438,445,419,432,13623000,432
2013-05-27,428,435,419,422,4449000,422
2013-05-28,419,432,418,429,5212000,429
2013-05-29,442,443,427,432,4528000,432
2013-05-30,425,426,408,410,5641000,410
2013-05-31,418,426,416,416,6352000,416
2013-06-03,412,412,399,402,5583000,402
2013-06-04,398,417,392,415,6461000,415
2013-06-05,416,422,400,401,5717000,401
2013-06-06,395,408,389,392,5277000,392
2013-06-07,386,402,382,394,5439000,394
2013-06-10,402,406,394,397,4468000,397
2013-06-11,399,402,389,395,4440000,395
2013-06-12,388,396,380,394,2563000,394
2013-06-13,385,387,367,372,4001000,372
2013-06-14,380,386,368,369,7382000,369
2013-06-17,361,376,361,375,5254000,375
2013-06-18,378,379,367,370,2933000,370
2013-06-19,380,388,376,386,3993000,386
2013-06-20,394,394,378,381,4067000,381
2013-06-21,372,392,368,388,5054000,388
2013-06-24,393,394,382,385,2579000,385
2013-06-25,387,396,382,389,4333000,389
2013-06-26,394,394,380,380,2229000,380
2013-06-27,383,395,383,395,2817000,395
2013-06-28,400,426,396,422,4214000,422
2013-07-01,425,429,409,427,3631000,427
2013-07-02,432,434,423,430,2311000,430
2013-07-03,429,435,424,435,2380000,435
2013-07-04,435,438,429,436,1998000,436
2013-07-05,436,444,435,439,1805000,439
2013-07-08,444,447,433,434,1851000,434
2013-07-09,442,447,439,447,2412000,447
2013-07-10,448,452,442,447,2800000,447
2013-07-11,442,446,438,443,3370000,443
2013-07-12,446,453,446,449,3005000,449
2013-07-16,449,452,437,443,4028000,443
2013-07-17,440,443,432,443,3423000,443
2013-07-18,446,458,444,457,3465000,457
2013-07-19,461,467,452,459,4193000,459
2013-07-22,461,463,454,460,1877000,460
2013-07-23,458,469,456,467,2581000,467
2013-07-24,462,464,460,462,1811000,462
2013-07-25,461,461,451,451,1823000,451
2013-07-26,440,441,428,430,2909000,430
2013-07-29,416,423,414,414,2379000,414
2013-07-30,430,442,423,437,3944000,437
2013-07-31,439,452,437,442,4637000,442
2013-08-01,444,456,440,456,4904000,456
2013-08-02,464,478,457,477,5110000,477
2013-08-05,469,469,460,466,2406000,466
2013-08-06,467,474,459,474,3163000,474
2013-08-07,461,466,455,455,3527000,455
2013-08-08,454,464,449,451,2987000,451
2013-08-09,451,459,450,457,3500000,457
2013-08-12,456,460,452,455,1720000,455
2013-08-13,462,462,452,459,2484000,459
2013-08-14,461,461,450,460,2871000,460
2013-08-15,454,460,450,452,2251000,452
2013-08-16,449,452,441,448,2963000,448
2013-08-19,447,459,446,455,1983000,455
2013-08-20,450,460,441,442,2082000,442
2013-08-21,441,444,435,441,2514000,441
2013-08-22,437,445,435,444,2420000,444
2013-08-23,450,453,445,448,2904000,448
2013-08-26,447,448,442,445,1509000,445
2013-08-27,441,444,438,439,1686000,439
2013-08-28,431,432,422,428,3338000,428
2013-08-29,429,430,424,429,2283000,429
2013-08-30,429,434,418,420,3580000,420
2013-09-02,421,429,421,426,1959000,426
2013-09-03,431,440,431,438,2070000,438
2013-09-04,431,437,428,436,2272000,436
2013-09-05,438,440,427,433,1796000,433
2013-09-06,435,436,426,429,2186000,429
2013-09-09,441,441,432,437,2116000,437
2013-09-10,438,447,436,447,1942000,447
2013-09-11,450,452,441,444,1476000,444
2013-09-12,444,445,433,437,1799000,437
2013-09-13,432,439,426,432,5022000,432
2013-09-17,432,437,428,430,2165000,430
2013-09-18,430,439,427,437,2745000,437
2013-09-19,449,454,442,452,3527000,452
2013-09-20,455,455,448,451,2586000,451
2013-09-24,444,448,438,443,2058000,443
2013-09-25,443,449,438,447,2591000,447
2013-09-26,443,448,434,448,1971000,448
2013-09-27,449,450,445,449,1966000,449
2013-09-30,443,446,438,443,2114000,443
2013-10-01,443,449,440,446,1959000,446
2013-10-02,450,452,436,440,3125000,440
2013-10-03,440,441,435,436,1989000,436
2013-10-04,430,436,430,433,1855000,433
2013-10-07,432,438,423,424,2333000,424
2013-10-08,421,424,419,423,1751000,423
2013-10-09,421,431,418,430,2072000,430
2013-10-10,429,434,426,432,1859000,432
2013-10-11,439,451,439,446,3079000,446
2013-10-15,450,452,442,444,1649000,444
2013-10-16,443,450,443,446,1419000,446
2013-10-17,450,451,444,451,2621000,451
2013-10-18,454,458,452,457,2343000,457
2013-10-21,458,463,458,459,2382000,459
2013-10-22,461,463,458,461,1366000,461
2013-10-23,463,467,452,453,2773000,453
2013-10-24,449,457,443,456,2475000,456
2013-10-25,453,456,443,443,2399000,443
2013-10-28,448,451,443,451,1269000,451
2013-10-29,445,447,442,443,1392000,443
2013-10-30,447,448,442,445,2730000,445
2013-10-31,443,450,441,442,2002000,442
2013-11-01,446,448,435,436,1643000,436
2013-11-05,441,442,433,437,1656000,437
2013-11-06,434,447,434,446,1436000,446
2013-11-07,448,448,438,441,1808000,441
2013-11-08,434,437,431,436,1978000,436
2013-11-11,443,443,435,440,1625000,440
2013-11-12,432,452,432,451,4275000,451
2013-11-13,451,458,446,452,3090000,452
2013-11-14,455,466,453,461,3288000,461
2013-11-15,466,472,465,470,4384000,470
2013-11-18,473,479,470,473,3242000,473
2013-11-19,467,469,461,464,3521000,464
2013-11-20,464,465,454,456,4119000,456
2013-11-21,454,463,452,458,5343000,458
2013-11-22,462,464,451,453,4162000,453
2013-11-25,459,462,457,461,4140000,461
2013-11-26,456,464,456,461,2600000,461
2013-11-27,462,465,458,459,2113000,459
2013-11-28,462,464,460,462,1319000,462
2013-11-29,461,462,456,459,2014000,459
2013-12-02,460,463,457,458,1933000,458
2013-12-03,457,466,457,459,2806000,459
2013-12-04,456,458,451,452,3138000,452
2013-12-05,451,453,438,440,3393000,440
2013-12-06,438,443,435,438,2834000,438
2013-12-09,447,449,441,445,2137000,445
2013-12-10,446,447,442,444,1631000,444
2013-12-11,445,445,436,440,1603000,440
2013-12-12,435,438,431,434,2468000,434
2013-12-13,433,440,428,431,6424000,431
2013-12-16,433,436,429,432,5031000,432
2013-12-17,433,435,430,433,2554000,433
2013-12-18,433,443,433,443,2945000,443
2013-12-19,449,450,445,450,4027000,450
2013-12-20,449,454,446,448,4430000,448
2013-12-24,452,455,445,449,3656000,449
2013-12-25,449,450,444,447,2373000,447
2013-12-26,448,455,446,453,2897000,453
2013-12-27,455,457,449,457,2466000,457
2013-12-30,458,462,456,461,2628000,461
2014-01-06,455,459,450,457,3822000,457
2014-01-07,454,456,449,452,2802000,452
2014-01-08,455,461,452,460,3341000,460
2014-01-09,458,459,453,457,2551000,457
2014-01-10,452,463,451,460,3711000,460
2014-01-14,452,454,448,449,3175000,449
2014-01-15,455,456,445,449,4229000,449
2014-01-16,450,454,445,447,3169000,447
2014-01-17,446,454,446,452,2509000,452
2014-01-20,453,453,447,450,1796000,450
2014-01-21,453,457,452,453,2814000,453
2014-01-22,452,469,451,465,7909000,465
2014-01-23,467,468,454,454,2583000,454
2014-01-24,450,454,442,445,3409000,445
2014-01-27,430,435,429,430,3330000,430
2014-01-28,430,432,425,425,3785000,425
2014-01-29,433,440,431,440,2812000,440
2014-01-30,433,442,429,433,5616000,433
2014-01-31,436,436,425,431,3002000,431
2014-02-03,426,428,418,420,3338000,420
2014-02-04,412,413,393,393,4000000,393
2014-02-05,399,403,393,403,3165000,403
2014-02-06,402,405,398,401,2927000,401
2014-02-07,407,413,403,412,2375000,412
2014-02-10,420,423,407,413,2844000,413
2014-02-12,415,415,407,409,3492000,409
2014-02-13,412,413,403,404,2067000,404
2014-02-14,402,408,392,395,4954000,395
2014-02-17,395,400,390,398,4134000,398
2014-02-18,401,415,399,414,5393000,414
2014-02-19,411,414,407,411,3342000,411
2014-02-20,408,409,396,398,4226000,398
2014-02-21,403,413,403,413,3599000,413
2014-02-24,411,416,400,406,4584000,406
2014-02-25,412,414,409,414,3050000,414
2014-02-26,409,418,409,413,2901000,413
2014-02-27,412,419,408,414,3737000,414
2014-02-28,413,415,407,410,3503000,410
2014-03-03,407,407,399,405,2592000,405
2014-03-04,403,414,401,414,2930000,414
2014-03-05,418,423,417,419,3089000,419
2014-03-06,419,428,419,426,3260000,426
2014-03-07,434,443,431,443,6041000,443
2014-03-10,442,448,441,444,6017000,444
2014-03-11,443,444,435,442,4196000,442
2014-03-12,434,435,429,433,3607000,433
2014-03-13,432,434,429,433,3469000,433
2014-03-14,419,422,416,418,5474000,418
2014-03-17,414,419,408,412,3003000,412
2014-03-18,420,420,413,414,2239000,414
2014-03-19,415,422,408,415,3044000,415
2014-03-20,417,417,406,409,3747000,409
2014-03-24,413,426,412,424,4855000,424
2014-03-25,423,438,422,428,4910000,428
2014-03-26,430,433,417,421,4586000,421
2014-03-27,417,429,412,427,5040000,427
2014-03-28,427,430,423,429,4019000,429
2014-03-31,432,433,417,424,5303000,424
2014-04-01,426,431,421,430,4809000,430
2014-04-02,432,441,432,437,3874000,437
2014-04-03,439,443,435,439,3064000,439
2014-04-04,439,439,432,434,2649000,434
2014-04-07,429,433,424,427,2433000,427
2014-04-08,424,428,417,425,3208000,425
2014-04-09,421,423,413,415,3368000,415
2014-04-10,421,422,414,415,4317000,415
2014-04-11,408,417,407,414,6151000,414
2014-04-14,412,421,410,416,3586000,416
2014-04-15,416,418,407,409,4082000,409
2014-04-16,411,417,407,416,4212000,416
2014-04-17,416,417,410,414,3608000,414
2014-04-18,417,419,415,419,1552000,419
2014-04-21,421,424,418,420,1388000,420
2014-04-22,422,422,412,413,2606000,413
2014-04-23,417,419,414,418,2919000,418
2014-04-24,418,422,412,414,3693000,414
2014-04-25,415,419,412,415,3535000,415
2014-04-28,410,411,406,410,2562000,410
2014-04-30,411,418,410,417,4704000,417
2014-05-01,420,431,419,429,3443000,429
2014-05-02,426,429,421,429,2422000,429
2014-05-07,423,425,415,418,3001000,418
2014-05-08,421,427,420,422,2607000,422
2014-05-09,419,430,418,426,2554000,426
2014-05-12,425,430,423,425,2316000,425
2014-05-13,430,437,424,426,3336000,426
2014-05-14,425,433,423,432,2626000,432
2014-05-15,431,439,424,438,3316000,438
2014-05-16,434,435,428,434,3147000,434
2014-05-19,434,436,430,432,2235000,432
2014-05-20,434,434,426,426,2402000,426
2014-05-21,423,425,419,424,1769000,424
2014-05-22,427,435,423,430,3197000,430
2014-05-23,430,441,430,439,3169000,439
2014-05-26,445,448,439,444,2395000,444
2014-05-27,443,450,442,445,2753000,445
2014-05-28,445,446,440,441,2244000,441
2014-05-29,438,439,432,435,2721000,435
2014-05-30,439,445,439,441,3151000,441
2014-06-02,447,449,442,447,2958000,447
2014-06-03,453,453,447,449,2134000,449
2014-06-04,448,448,440,444,2255000,444
2014-06-05,444,447,441,442,2698000,442
2014-06-06,441,444,438,440,2709000,440
2014-06-09,442,444,438,441,2746000,441
2014-06-10,441,452,441,451,3191000,451
2014-06-11,448,457,448,456,2730000,456
2014-06-12,453,462,452,461,2991000,461
2014-06-13,455,467,455,466,4289000,466
2014-06-16,461,472,458,467,3675000,467
2014-06-17,470,471,464,470,2667000,470
2014-06-18,474,489,474,487,4979000,487
2014-06-19,486,492,482,488,4087000,488
2014-06-20,485,489,481,488,4080000,488
2014-06-23,488,491,483,487,1931000,487
2014-06-24,486,491,483,489,2018000,489
2014-06-25,484,490,482,483,2614000,483
2014-06-26,485,486,479,480,1880000,480
2014-06-27,478,483,476,480,2642000,480
2014-06-30,483,490,481,489,2897000,489
2014-07-01,490,499,490,496,3516000,496
2014-07-02,497,503,496,499,3641000,499
2014-07-03,498,499,490,497,5258000,497
2014-07-04,505,506,502,504,3142000,504
2014-07-07,501,505,500,501,2178000,501
2014-07-08,502,504,498,498,4004000,498
2014-07-09,499,504,496,498,4209000,498
2014-07-10,499,501,496,496,2828000,496
2014-07-11,491,497,489,496,3236000,496
2014-07-14,499,502,494,496,3509000,496
2014-07-15,495,498,494,497,3611000,497
2014-07-16,500,508,499,501,3276000,501
2014-07-17,502,507,501,507,3793000,507
2014-07-18,504,504,496,498,3077000,498
2014-07-22,505,518,505,515,4020000,515
2014-07-23,516,519,512,519,5512000,519
2014-07-24,515,519,510,510,2505000,510
2014-07-25,510,518,509,518,2470000,518
2014-07-28,517,524,516,520,1797000,520
2014-07-29,521,528,518,526,4161000,526
2014-07-30,526,538,526,537,5375000,537
2014-07-31,541,544,531,532,3486000,532
2014-08-01,529,539,527,538,7234000,538
2014-08-04,538,544,532,541,4242000,541
2014-08-05,543,546,530,533,6540000,533
2014-08-06,530,535,517,520,7049000,520
2014-08-07,525,526,502,516,5279000,516
2014-08-08,509,510,493,494,6061000,494
2014-08-11,506,509,501,508,2816000,508
2014-08-12,507,515,506,511,2641000,511
2014-08-13,509,519,508,518,2537000,518
2014-08-14,517,520,512,518,2577000,518
2014-08-15,520,520,516,517,2024000,517
2014-08-18,517,517,508,516,2497000,516
2014-08-19,520,522,516,518,3058000,518
2014-08-20,519,521,513,514,2712000,514
2014-08-21,514,519,510,518,2554000,518
2014-08-22,521,522,514,515,2981000,515
2014-08-25,518,519,513,516,2190000,516
2014-08-26,514,515,510,513,2298000,513
2014-08-27,514,518,509,513,2382000,513
2014-08-28,509,511,505,510,2254000,510
2014-08-29,509,511,503,504,2887000,504
2014-09-01,505,507,502,506,1758000,506
2014-09-02,506,515,504,512,2441000,512
2014-09-03,515,522,515,519,3441000,519
2014-09-04,518,522,517,518,2463000,518
2014-09-05,522,523,508,511,3031000,511
2014-09-08,513,518,510,518,1948000,518
2014-09-09,519,519,511,512,2129000,512
2014-09-10,509,525,509,525,3432000,525
2014-09-11,525,528,524,524,3128000,524
2014-09-12,529,533,524,526,5164000,526
2014-09-16,525,526,519,521,1717000,521
2014-09-17,522,522,509,509,3614000,509
2014-09-18,515,521,512,515,5126000,515
2014-09-19,516,526,515,521,3962000,521
2014-09-22,520,522,512,515,3129000,515
2014-09-24,512,530,512,530,5005000,530
2014-09-25,534,537,524,533,4478000,533
2014-09-26,522,530,521,526,2022000,526
2014-09-29,529,531,522,530,2312000,530
2014-09-30,527,530,520,523,2938000,523
2014-10-01,519,525,513,516,4384000,516
2014-10-02,511,513,496,498,4601000,498
2014-10-03,497,504,496,501,3212000,501
2014-10-06,509,511,506,506,2423000,506
2014-10-07,504,509,500,502,2642000,502
2014-10-08,492,497,487,495,2422000,495
2014-10-09,498,499,491,492,2897000,492
2014-10-10,481,487,480,485,3184000,485
2014-10-14,477,488,474,481,4491000,481
2014-10-15,480,489,479,487,3780000,487
2014-10-16,476,478,472,475,3793000,475
2014-10-17,478,478,460,462,4469000,462
2014-10-20,478,482,476,478,3544000,478
2014-10-21,479,479,466,468,3758000,468
2014-10-22,479,484,473,483,2712000,483
2014-10-23,481,489,476,486,2296000,486
2014-10-24,496,496,486,490,2937000,490
2014-10-27,491,498,488,498,2712000,498
2014-10-28,495,505,495,505,2434000,505
2014-10-29,510,523,510,518,5903000,518
2014-10-30,520,531,519,528,5690000,528
2014-10-31,534,564,532,562,6678000,562
2014-11-04,594,599,576,586,9267000,586
2014-11-05,583,595,581,593,5701000,593
2014-11-06,592,593,574,575,3613000,575
2014-11-07,581,586,577,586,2959000,586
2014-11-10,580,587,577,584,2140000,584
2014-11-11,586,596,579,594,2197000,594
2014-11-12,600,615,598,601,4642000,601
2014-11-13,603,614,602,612,3666000,612
2014-11-14,621,630,617,630,8897000,630
2014-11-17,630,633,611,612,6231000,612
2014-11-18,627,634,621,634,6268000,634
2014-11-19,635,642,626,628,3106000,628
2014-11-20,632,638,630,632,3598000,632
2014-11-21,630,645,623,645,4803000,645
2014-11-25,650,657,640,642,4986000,642
2014-11-26,640,650,639,639,3641000,639
2014-11-27,638,643,630,634,2499000,634
2014-11-28,638,649,638,647,3001000,647
2014-12-01,644,650,639,643,2583000,643
2014-12-02,637,648,635,647,2340000,647
2014-12-03,643,650,637,647,3139000,647
2014-12-04,650,668,649,654,3086000,654
2014-12-05,660,674,659,664,3459000,664
2014-12-08,677,678,664,668,3315000,668
2014-12-09,665,672,663,672,2213000,672
2014-12-10,671,676,645,647,3142000,647
2014-12-11,640,648,637,637,2468000,637
2014-12-12,631,653,630,644,7303000,644
2014-12-15,630,634,617,618,3812000,618
2014-12-16,607,614,596,604,4728000,604
2014-12-17,602,611,599,601,4867000,601
2014-12-18,614,625,602,605,6142000,605
2014-12-19,620,637,618,636,6594000,636
2014-12-22,633,633,617,621,2581000,621
2014-12-24,631,635,625,635,2482000,635
2014-12-25,636,639,634,636,1340000,636
2014-12-26,637,640,634,638,1439000,638
2014-12-29,644,644,628,634,2446000,634
2014-12-30,638,638,625,625,1968000,625
2015-01-05,621,625,607,621,2841000,621
2015-01-06,607,609,599,600,3351000,600
2015-01-07,595,607,585,594,4517000,594
2015-01-08,597,601,593,594,3366000,594
2015-01-09,596,607,594,601,4280000,601
2015-01-13,596,596,585,595,2299000,595
2015-01-14,585,588,578,584,4784000,584
2015-01-15,587,604,585,604,3950000,604
2015-01-16,594,598,586,594,3648000,594
2015-01-19,600,606,590,593,3533000,593
2015-01-20,596,608,593,608,2587000,608
2015-01-21,604,604,583,585,4012000,585
2015-01-22,588,588,555,566,7623000,566
2015-01-23,574,578,541,574,8964000,574
2015-01-26,567,577,563,577,5293000,577
2015-01-27,581,595,576,595,5444000,595
2015-01-28,588,597,585,593,4407000,593
2015-01-29,586,600,586,594,3040000,594
2015-01-30,597,605,590,592,3002000,592
2015-02-02,582,587,578,586,2083000,586
2015-02-03,596,598,576,579,3949000,579
2015-02-04,587,598,582,586,4106000,586
2015-02-05,596,596,575,576,3731000,576
2015-02-06,583,588,580,586,3006000,586
2015-02-09,591,593,578,581,3525000,581
2015-02-10,579,584,574,578,3568000,578
2015-02-12,591,613,591,611,7834000,611
2015-02-13,603,615,599,601,3675000,601
2015-02-16,615,648,610,636,6741000,636
2015-02-17,633,638,624,626,3183000,626
2015-02-18,636,656,636,654,4917000,654
2015-02-19,656,670,654,667,4828000,667
2015-02-20,671,675,655,674,2940000,674
2015-02-23,676,680,655,663,3496000,663
2015-02-24,653,666,640,644,6060000,644
2015-02-25,650,656,645,648,3137000,648
2015-02-26,642,650,638,647,3117000,647
2015-02-27,655,662,638,641,5393000,641
2015-03-02,639,647,635,635,4467000,635
2015-03-03,635,640,630,635,4808000,635
2015-03-04,634,637,616,619,4141000,619
2015-03-05,623,629,613,620,3674000,620
2015-03-06,622,634,617,633,3722000,633
2015-03-09,628,634,623,626,2553000,626
2015-03-10,630,632,617,622,3358000,622
2015-03-11,613,626,613,625,2615000,625
2015-03-12,626,636,624,635,3210000,635
2015-03-13,637,644,629,635,6644000,635
2015-03-16,640,666,638,664,7053000,664
2015-03-17,678,682,665,673,4829000,673
2015-03-18,674,687,666,684,3814000,684
2015-03-19,677,684,665,681,6757000,681
2015-03-20,681,685,668,681,3182000,681
2015-03-23,678,682,668,678,2810000,678
2015-03-24,672,675,656,661,4141000,661
2015-03-25,661,666,652,661,4302000,661
2015-03-26,651,659,641,647,3883000,647
2015-03-27,641,654,630,636,3507000,636
2015-03-30,632,646,628,643,3059000,643
2015-03-31,649,650,619,619,3926000,619
2015-04-01,618,629,614,620,4529000,620
2015-04-02,624,644,623,636,3809000,636
2015-04-03,635,638,620,631,2987000,631
2015-04-06,624,632,620,631,1480000,631
2015-04-07,633,644,630,637,3226000,637
2015-04-08,645,647,639,640,2798000,640
2015-04-09,649,649,639,641,1967000,641
2015-04-10,638,639,629,631,3940000,631
2015-04-13,630,630,620,625,2767000,625
2015-04-14,627,638,627,634,2194000,634
2015-04-15,627,633,625,626,3231000,626
2015-04-16,633,676,632,675,6537000,675
2015-04-17,678,707,676,691,11241000,691
2015-04-20,681,704,680,688,4169000,688
2015-04-21,687,720,687,704,6877000,704
2015-04-22,710,736,706,732,6981000,732
2015-04-23,731,739,717,728,5226000,728
2015-04-24,727,735,714,721,2904000,721
2015-04-27,720,727,705,712,3031000,712
2015-04-28,709,723,708,718,3065000,718
2015-04-30,704,714,686,690,5749000,690
2015-05-01,686,703,675,690,4162000,690
2015-05-07,681,691,672,676,5562000,676
2015-05-08,674,687,669,684,4773000,684
2015-05-11,704,705,680,682,3663000,682
2015-05-12,682,700,679,699,2837000,699
2015-05-13,690,694,678,684,2798000,684
2015-05-14,680,684,667,670,3642000,670
2015-05-15,684,694,666,685,5092000,685
2015-05-18,683,695,682,690,5063000,690
2015-05-19,688,692,678,685,5625000,685
2015-05-20,692,695,683,688,3600000,688
2015-05-21,692,695,681,688,3380000,688
2015-05-22,690,690,675,679,3314000,679
2015-05-25,682,688,682,687,2246000,687
2015-05-26,684,686,680,685,2131000,685
2015-05-27,685,685,668,671,4581000,671
2015-05-28,677,681,668,673,6267000,673
2015-05-29,674,679,669,669,5125000,669
2015-06-01,664,679,660,676,4782000,676
2015-06-02,675,676,661,662,5195000,662
2015-06-03,661,664,654,657,3456000,657
2015-06-04,663,669,657,667,3593000,667
2015-06-05,660,673,658,672,4955000,672
2015-06-08,682,684,666,671,6164000,671
2015-06-09,665,667,649,649,6364000,649
2015-06-10,654,658,646,650,3805000,650
2015-06-11,650,657,650,654,3044000,654
2015-06-12,650,660,647,656,6629000,656
2015-06-15,650,657,647,653,1975000,653
2015-06-16,648,650,632,633,6335000,633
2015-06-17,638,638,625,628,3828000,628
2015-06-18,628,632,621,624,3649000,624
2015-06-19,633,636,628,630,2789000,630
2015-06-22,632,660,632,658,4474000,658
2015-06-23,664,669,657,663,3897000,663
2015-06-24,670,677,665,669,4230000,669
2015-06-25,665,665,654,655,2773000,655
2015-06-26,654,654,644,651,2629000,651
2015-06-29,628,635,627,628,3428000,628
2015-06-30,634,639,623,635,5899000,635
2015-07-01,643,645,631,633,3140000,633
2015-07-02,643,643,632,641,2333000,641
2015-07-03,643,658,643,653,3772000,653
2015-07-06,643,643,629,632,3379000,632
2015-07-07,644,650,643,647,2958000,647
2015-07-08,642,643,612,613,4862000,613
2015-07-09,600,606,588,603,5216000,603
2015-07-10,614,629,612,616,6338000,616
2015-07-13,622,637,622,635,3437000,635
2015-07-14,648,649,642,648,2469000,648
2015-07-15,653,664,651,662,4060000,662
2015-07-16,665,667,661,667,3289000,667
2015-07-17,662,664,655,660,3018000,660
2015-07-21,660,660,649,658,3194000,658
2015-07-22,650,653,642,645,2445000,645
2015-07-23,649,651,644,650,2013000,650
2015-07-24,645,647,628,629,3501000,629
2015-07-27,621,631,618,629,2781000,629
2015-07-28,621,627,614,622,2620000,622
2015-07-29,625,634,624,628,1926000,628
2015-07-30,631,637,627,634,2447000,634
2015-07-31,628,638,623,638,3632000,638
2015-08-03,638,638,626,632,1470000,632
2015-08-04,632,632,621,626,2795000,626
2015-08-05,621,643,621,629,2679000,629
2015-08-06,646,666,642,658,5192000,658
2015-08-07,659,683,659,682,5055000,682
2015-08-10,676,682,663,682,2792000,682
2015-08-11,684,693,667,682,4949000,682
2015-08-12,682,688,675,684,2769000,684
2015-08-13,684,690,673,683,3666000,683
2015-08-14,686,686,672,677,2395000,677
2015-08-17,682,691,675,680,2468000,680
2015-08-18,687,700,684,699,3673000,699
2015-08-19,695,699,690,690,2761000,690
2015-08-20,684,685,670,670,3542000,670
2015-08-21,650,657,639,639,3561000,639
2015-08-24,620,627,590,591,5662000,591
2015-08-25,570,592,560,561,6625000,561
2015-08-26,561,578,558,576,4906000,576
2015-08-27,587,592,581,582,3283000,582
2015-08-28,599,607,591,602,2802000,602
2015-08-31,601,609,594,603,3422000,603
2015-09-01,597,597,574,574,3315000,574
2015-09-02,564,587,561,573,4235000,573
2015-09-03,576,584,571,574,2635000,574
2015-09-04,580,583,560,565,4197000,565
2015-09-07,560,573,550,569,2789000,569
2015-09-08,573,587,570,571,3606000,571
2015-09-09,590,597,576,596,6385000,596
2015-09-10,579,586,571,583,3265000,583
2015-09-11,573,587,572,584,5144000,584
2015-09-14,586,591,580,586,2682000,586
2015-09-15,591,599,585,586,2235000,586
2015-09-16,592,597,585,596,2148000,596
2015-09-17,591,592,573,577,3742000,577
2015-09-18,570,570,547,555,6575000,555
2015-09-24,545,548,536,536,3774000,536
2015-09-25,540,563,537,562,4269000,562
2015-09-28,560,574,555,563,3814000,563
2015-09-29,557,557,538,544,4411000,544
2015-09-30,557,571,550,567,4779000,567
2015-10-01,568,581,559,577,4093000,577
2015-10-02,572,572,556,558,3318000,558
2015-10-05,562,565,555,557,2159000,557
2015-10-06,577,587,575,579,5803000,579
2015-10-07,580,595,578,593,3280000,593
2015-10-08,598,608,595,597,5171000,597
2015-10-09,606,614,595,612,4433000,612
2015-10-13,609,610,594,597,4492000,597
2015-10-14,596,598,583,590,3762000,590
2015-10-15,584,602,581,599,3542000,599
2015-10-16,606,622,605,612,5603000,612
2015-10-19,615,626,612,617,7130000,617
2015-10-20,620,624,618,619,4152000,619
2015-10-21,614,632,608,628,3907000,628
2015-10-22,625,635,625,631,3134000,631
2015-10-23,641,647,636,640,4667000,640
2015-10-26,647,649,636,640,4307000,640
2015-10-27,638,638,620,621,5052000,621
2015-10-28,627,637,621,624,5558000,624
2015-10-29,634,640,625,631,8907000,631
2015-10-30,631,646,628,641,4446000,641
2015-11-02,626,629,617,619,4228000,619
2015-11-04,635,635,613,615,5079000,615
2015-11-05,617,633,617,630,3146000,630
2015-11-06,635,642,628,639,4002000,639
2015-11-09,639,647,637,643,5114000,643
2015-11-10,637,647,634,644,1960000,644
2015-11-11,630,642,630,637,3004000,637
2015-11-12,634,644,633,636,3084000,636
2015-11-13,627,629,617,628,4363000,628
2015-11-16,619,630,615,626,2175000,626
2015-11-17,633,634,624,625,3490000,625
2015-11-18,631,633,622,623,2124000,623
2015-11-19,629,643,627,641,3982000,641
2015-11-20,635,636,626,631,3590000,631
2015-11-24,631,632,625,627,2484000,627
2015-11-25,627,627,610,612,3968000,612
2015-11-26,610,612,606,609,2546000,609
2015-11-27,613,615,605,609,2931000,609
2015-11-30,605,607,594,597,4960000,597
2015-12-01,594,599,587,597,3986000,597
2015-12-02,597,605,594,596,2664000,596
2015-12-03,596,598,589,596,3321000,596
2015-12-04,586,590,581,586,3022000,586
2015-12-07,593,598,585,586,2179000,586
2015-12-08,586,592,579,581,2108000,581
2015-12-09,582,597,580,586,4197000,586
2015-12-10,576,581,570,573,2864000,573
2015-12-11,579,582,572,574,4558000,574
2015-12-14,560,566,559,566,2808000,566
2015-12-15,564,564,545,545,5073000,545
2015-12-16,557,580,557,578,5103000,578
2015-12-17,587,592,583,586,4493000,586
2015-12-18,587,598,570,570,4285000,570
2015-12-21,568,579,564,577,3324000,577
2015-12-22,574,580,570,578,1998000,578
2015-12-24,587,593,584,588,2842000,588
2015-12-25,589,589,577,580,1721000,580
2015-12-28,581,598,581,597,2783000,597
2015-12-29,594,608,588,606,3134000,606
2015-12-30,610,611,602,605,2616000,605
2016-01-04,598,602,582,584,2985000,584
2016-01-05,586,601,585,593,4540000,593
2016-01-06,594,599,578,585,2518000,585
2016-01-07,581,590,569,572,3591000,572
2016-01-08,563,576,562,564,4540000,564
2016-01-12,559,565,546,547,3377000,547
2016-01-13,554,567,551,562,3135000,562
2016-01-14,546,556,540,554,3461000,554
2016-01-15,563,564,546,551,2658000,551
2016-01-18,542,546,533,544,2390000,544
2016-01-19,544,550,534,542,3382000,542
2016-01-20,537,537,521,522,3456000,522
2016-01-21,521,529,503,504,3605000,504
2016-01-22,515,526,504,524,5870000,524
2016-01-25,527,528,515,523,4741000,523
2016-01-26,512,512,497,507,4087000,507
2016-01-27,518,532,518,530,4191000,530
2016-01-28,528,532,521,523,3012000,523
2016-01-29,532,541,481,504,11575000,504
2016-02-01,499,499,455,459,11249000,459
2016-02-02,458,471,452,453,9288000,453
2016-02-03,451,451,427,432,7221000,432
2016-02-04,448,454,424,426,8440000,426
2016-02-05,418,426,399,408,8435000,408
2016-02-08,400,410,391,403,15567000,403
2016-02-09,382,384,370,377,12375000,377
2016-02-10,381,382,360,365,16434000,365
2016-02-12,352,366,348,349,15112000,349
2016-02-15,373,386,371,377,12858000,377
2016-02-16,369,377,360,367,13955000,367
2016-02-17,369,377,360,368,9115000,368
2016-02-18,376,382,367,375,6935000,375
2016-02-19,371,375,362,365,4962000,365
2016-02-22,357,358,350,352,6753000,352
2016-02-23,356,361,348,349,8547000,349
2016-02-24,344,360,341,353,6706000,353
2016-02-25,356,363,355,359,5169000,359
2016-02-26,366,367,351,352,7211000,352
2016-02-29,360,371,358,358,9242000,358
2016-03-01,357,361,351,355,7711000,355
2016-03-02,363,365,355,360,7720000,360
2016-03-03,360,374,360,371,8326000,371
2016-03-04,380,398,378,397,11969000,397
2016-03-07,407,412,397,397,6212000,397
2016-03-08,402,409,386,389,8575000,389
2016-03-09,384,385,374,378,5907000,378
2016-03-10,379,384,375,378,4655000,378
2016-03-11,372,392,372,389,8370000,389
2016-03-14,394,407,390,403,6825000,403
2016-03-15,400,409,397,405,8121000,405
2016-03-16,404,407,393,397,5440000,397
2016-03-17,400,403,388,391,4470000,391
2016-03-18,391,394,378,385,6507000,385
2016-03-22,391,392,380,389,4235000,389
2016-03-23,389,390,376,378,5928000,378
2016-03-24,378,378,361,364,6449000,364
2016-03-25,367,374,361,371,4298000,371
2016-03-28,375,381,372,375,3691000,375
2016-03-29,368,375,363,375,4395000,375
2016-03-30,372,374,356,359,7945000,359
2016-03-31,361,375,361,367,6329000,367
2016-04-01,365,365,352,355,7094000,355
2016-04-04,352,361,346,356,5448000,356
2016-04-05,356,357,340,340,4665000,340
2016-04-06,340,344,335,338,5430000,338
2016-04-07,337,341,332,337,4755000,337
2016-04-08,330,341,325,337,7094000,337
2016-04-11,332,334,326,333,4110000,333
2016-04-12,333,358,332,355,7640000,355
2016-04-13,358,371,357,368,5244000,368
2016-04-14,379,387,377,387,7248000,387
2016-04-15,380,390,376,385,5958000,385
2016-04-18,363,368,360,362,5860000,362
2016-04-19,375,391,373,390,7629000,390
2016-04-20,390,393,382,384,4773000,384
2016-04-21,400,400,390,393,5092000,393
2016-04-22,391,426,390,418,10655000,418
2016-04-25,418,419,404,414,7988000,414
2016-04-26,409,411,402,406,5582000,406
2016-04-27,407,413,400,412,3976000,412
2016-04-28,416,418,375,378,7738000,378
2016-05-02,357,364,353,357,7697000,357
2016-05-06,359,365,350,353,4555000,353
2016-05-09,355,360,352,353,3342000,353
2016-05-10,358,361,348,358,4191000,358
2016-05-11,362,364,354,354,3791000,354
2016-05-12,350,358,349,351,3644000,351
2016-05-13,359,363,341,341,5609000,341
2016-05-16,340,349,340,342,4241000,342
2016-05-17,348,354,344,353,4373000,353
2016-05-18,354,371,354,367,7905000,367
2016-05-19,372,377,362,365,6828000,365
2016-05-20,365,380,364,379,6002000,379
2016-05-23,378,380,368,379,4653000,379
2016-05-24,377,381,373,377,4898000,377
2016-05-25,385,386,379,384,3244000,384
2016-05-26,387,390,377,378,3888000,378
2016-05-27,379,385,376,385,3184000,385
2016-05-30,391,392,386,391,2948000,391
2016-05-31,392,405,391,404,5633000,404
2016-06-01,398,400,392,394,4750000,394
2016-06-02,388,389,380,382,4086000,382
2016-06-03,382,386,379,384,2522000,384
2016-06-06,376,376,368,372,4065000,372
2016-06-07,372,381,370,379,4083000,379
2016-06-08,381,383,376,382,2203000,382
2016-06-09,376,378,369,369,2685000,369
2016-06-10,369,369,358,362,6028000,362
2016-06-13,355,356,350,351,4979000,351
2016-06-14,352,352,342,345,4459000,345
2016-06-15,342,356,340,349,3776000,349
2016-06-16,349,352,339,343,4026000,343
2016-06-17,349,350,344,349,4070000,349
2016-06-20,360,378,359,371,9694000,371
2016-06-21,363,373,358,372,3840000,372
2016-06-22,371,371,362,363,3214000,363
2016-06-23,365,373,362,370,2661000,370
2016-06-24,376,378,339,343,9407000,343
2016-06-27,351,351,333,340,5686000,340
2016-06-28,336,340,324,335,6080000,335
2016-06-29,343,343,335,338,5292000,338
2016-06-30,343,343,334,335,6595000,335
2016-07-01,338,342,333,338,4437000,338
2016-07-04,334,341,330,337,3580000,337
2016-07-05,335,336,330,333,2771000,333
2016-07-06,330,331,320,325,5907000,325
2016-07-07,328,328,321,323,4863000,323
2016-07-08,323,325,317,319,4999000,319
2016-07-11,323,336,323,335,7010000,335
2016-07-12,342,361,342,355,9122000,355
2016-07-13,363,369,357,362,8084000,362
2016-07-14,365,367,357,360,4942000,360
2016-07-15,363,377,362,372,6592000,372
2016-07-19,380,380,371,375,4855000,375
2016-07-20,378,379,366,375,6117000,375
2016-07-21,380,385,369,374,5046000,374
2016-07-22,367,372,364,366,3232000,366
2016-07-25,364,370,361,364,3381000,364
2016-07-26,376,378,362,369,6001000,369
2016-07-27,371,373,363,370,5782000,370
2016-07-28,366,366,356,359,4002000,359
2016-07-29,366,397,359,396,10962000,396
2016-08-01,387,405,380,398,10159000,398
2016-08-02,390,395,382,383,5672000,383
2016-08-03,371,372,357,361,5891000,361
2016-08-04,369,387,368,384,10117000,384
2016-08-05,383,399,380,388,8305000,388
2016-08-08,393,407,392,405,5426000,405
2016-08-09,401,408,401,403,4272000,403
2016-08-10,397,405,392,402,3894000,402
2016-08-12,409,412,393,397,6160000,397
2016-08-15,395,401,392,394,2173000,394
2016-08-16,395,401,393,393,5355000,393
2016-08-17,398,419,396,418,5923000,418
2016-08-18,417,427,409,412,6357000,412
2016-08-19,411,414,407,412,5031000,412
2016-08-22,414,416,405,412,3173000,412
2016-08-23,410,412,395,399,4547000,399
2016-08-24,403,408,399,399,2490000,399
2016-08-25,400,405,397,402,3257000,402
2016-08-26,401,405,400,401,3644000,401
2016-08-29,408,418,406,414,3018000,414
2016-08-30,412,424,412,422,3320000,422
2016-08-31,430,439,429,438,4121000,438
2016-09-01,440,453,440,448,5335000,448
2016-09-02,449,453,442,450,4536000,450
2016-09-05,460,462,444,445,3955000,445
2016-09-06,451,455,445,448,4350000,448
2016-09-07,439,440,427,436,5821000,436
2016-09-08,439,444,435,444,5342000,444
2016-09-09,441,450,441,447,4483000,447
2016-09-12,450,450,432,437,5297000,437
2016-09-13,433,434,423,428,4259000,428
2016-09-14,413,422,406,418,7137000,418
2016-09-15,412,412,399,407,6817000,407
2016-09-16,410,417,405,416,7606000,416
2016-09-20,416,426,414,417,8317000,417
2016-09-21,420,455,407,455,12471000,455
2016-09-23,453,460,442,459,12022000,459
2016-09-26,461,463,448,449,5500000,449
2016-09-27,445,445,420,440,10796000,440
2016-09-28,434,434,422,431,7505000,431
2016-09-29,439,447,438,440,5222000,440
2016-09-30,426,428,416,417,7028000,417
2016-10-03,424,427,416,418,4396000,418
2016-10-04,420,433,420,425,4393000,425
2016-10-05,430,442,424,436,6312000,436
2016-10-06,438,447,436,437,5260000,437
2016-10-07,443,445,433,440,4664000,440
2016-10-11,443,447,437,439,4050000,439
2016-10-12,432,437,430,432,4339000,432
2016-10-13,430,436,421,423,6376000,423
2016-10-14,422,428,418,425,5316000,425
2016-10-17,426,434,422,423,4733000,423
2016-10-18,421,424,416,421,3797000,421
2016-10-19,421,423,416,420,4577000,420
2016-10-20,424,434,421,434,5500000,434
2016-10-21,432,447,432,444,7613000,444
2016-10-24,446,448,438,443,3625000,443
2016-10-25,446,458,445,453,6958000,453
2016-10-26,451,452,443,448,3972000,448
2016-10-27,448,451,444,450,4558000,450
2016-10-28,457,460,455,457,7578000,457
2016-10-31,454,457,449,455,4072000,455
2016-11-01,454,455,445,453,4522000,453
2016-11-02,444,447,439,441,3714000,441
2016-11-04,436,438,427,437,4767000,437
2016-11-07,444,452,444,445,3914000,445
2016-11-08,447,454,444,445,2967000,445
2016-11-09,450,457,412,417,7851000,417
2016-11-10,450,459,437,459,6032000,459
2016-11-11,461,477,457,459,8376000,459
2016-11-14,467,485,467,483,6547000,483
2016-11-15,483,493,472,477,6384000,477
2016-11-16,480,488,476,479,7554000,479
2016-11-17,474,486,472,486,5991000,486
2016-11-18,497,502,491,493,8317000,493
2016-11-21,493,502,489,498,7113000,498
2016-11-22,496,498,489,493,7038000,493
2016-11-24,504,505,484,491,5715000,491
2016-11-25,492,494,481,489,5621000,489
2016-11-28,483,496,480,494,5377000,494
2016-11-29,487,494,481,491,4233000,491
2016-11-30,504,505,491,495,7765000,495
2016-12-01,500,511,498,503,7797000,503
2016-12-02,500,519,499,513,8463000,513
2016-12-05,507,509,499,502,6142000,502
2016-12-06,508,513,505,510,5680000,510
2016-12-07,513,532,513,532,6260000,532
2016-12-08,534,547,534,545,7048000,545
2016-12-09,547,556,546,551,7232000,551
2016-12-12,560,563,539,550,8396000,550
2016-12-13,545,554,541,553,6681000,553
2016-12-14,555,555,539,546,4196000,546
2016-12-15,552,558,546,554,5444000,554
2016-12-16,565,571,561,568,6835000,568
2016-12-19,560,563,552,555,5386000,555
2016-12-20,551,557,546,546,6654000,546
2016-12-21,548,554,542,546,4321000,546
2016-12-22,550,550,534,538,4722000,538
2016-12-26,540,542,530,531,1842000,531
2016-12-27,531,539,526,534,3188000,534
2016-12-28,533,538,530,533,3176000,533
2016-12-29,528,528,518,519,5673000,519
2016-12-30,513,520,509,519,4414000,519
2017-01-04,528,543,528,539,6274000,539
