Date,Open,High,Low,Close,Volume,Adj Close
2010-04-01,160000,160000.0,160000.0,160000.0,942040.0,1600.0
2010-04-02,163800,168800.0,162100.0,162500.0,1078553.0,1625.0
2010-04-05,163500,163700.0,158000.0,158400.0,310070.0,1584.0
2010-04-06,155500,158000.0,150100.0,151800.0,309775.0,1518.0
2010-04-07,153700,157300.0,152500.0,157100.0,224294.0,1571.0
2010-04-08,158700,159400.0,157000.0,157400.0,153377.0,1574.0
2010-04-09,157800,159800.0,157600.0,159700.0,98741.0,1597.0
2010-04-12,160800,162600.0,160400.0,161800.0,214595.0,1618.0
2010-04-13,162400,163000.0,159900.0,163000.0,168711.0,1630.0
2010-04-14,162900,163000.0,159700.0,161400.0,651552.0,1614.0
2010-04-15,160900,161000.0,157500.0,158800.0,118143.0,1588.0
2010-04-16,158800,158800.0,155200.0,156000.0,83197.0,1560.0
2010-04-19,152000,155100.0,151400.0,154900.0,86517.0,1549.0
2010-04-20,157000,157700.0,155100.0,155500.0,49801.0,1555.0
2010-04-21,156200,157300.0,156000.0,157000.0,52680.0,1570.0
2010-04-22,155100,156700.0,155000.0,156700.0,38128.0,1567.0
2010-04-23,156000,156100.0,154400.0,155200.0,41171.0,1552.0
2010-04-26,155000,155700.0,154200.0,154900.0,56340.0,1549.0
2010-04-27,154800,158700.0,154200.0,158600.0,109259.0,1586.0
2010-04-28,157000,158200.0,156000.0,158000.0,75866.0,1580.0
2010-04-30,158900,160900.0,158100.0,160500.0,134601.0,1605.0
2010-05-06,156500,157300.0,154900.0,156900.0,77895.0,1569.0
2010-05-07,153000,154300.0,151400.0,154000.0,158500.0,1540.0
2010-05-10,155200,158500.0,154700.0,157900.0,92145.0,1579.0
2010-05-11,159300,160500.0,157800.0,158800.0,124631.0,1588.0
2010-05-12,161000,161400.0,158300.0,158300.0,101898.0,1583.0
2010-05-13,159000,159200.0,155700.0,158800.0,82854.0,1588.0
2010-05-14,159600,161500.0,158800.0,160500.0,133692.0,1605.0
2010-05-17,157700,158100.0,154100.0,154100.0,105486.0,1541.0
2010-05-18,155100,156300.0,154200.0,154500.0,61928.0,1545.0
2010-05-19,153600,154700.0,151300.0,154300.0,69281.0,1543.0
2010-05-20,152600,155400.0,152600.0,153500.0,40703.0,1535.0
2010-05-21,150000,150400.0,147100.0,150300.0,114708.0,1503.0
2010-05-24,149100,151600.0,149100.0,150300.0,49845.0,1503.0
2010-05-25,148500,149200.0,140700.0,143200.0,133038.0,1432.0
2010-05-26,146000,148400.0,143700.0,147700.0,125995.0,1477.0
2010-05-27,147600,150500.0,144800.0,150300.0,161337.0,1503.0
2010-05-28,154300,154800.0,148100.0,148100.0,676598.0,1481.0
2010-05-31,149000,152300.0,148500.0,150000.0,197186.0,1500.0
2010-06-01,148000,152300.0,147400.0,152100.0,78250.0,1521.0
2010-06-02,151000,151800.0,149600.0,150700.0,56086.0,1507.0
2010-06-03,150700,151200.0,148600.0,149700.0,53134.0,1497.0
2010-06-04,149800,149900.0,144500.0,144900.0,80558.0,1449.0
2010-06-07,140000,141000.0,136700.0,136700.0,90320.0,1367.0
2010-06-08,134100,137700.0,133700.0,136100.0,81015.0,1361.0
2010-06-09,135000,137000.0,134500.0,136700.0,36008.0,1367.0
2010-06-10,136000,137100.0,134900.0,135800.0,27785.0,1358.0
2010-06-11,137800,138500.0,136800.0,138200.0,51851.0,1382.0
2010-06-14,139400,139500.0,138200.0,139000.0,21262.0,1390.0
2010-06-15,139100,139200.0,136200.0,137100.0,23445.0,1371.0
2010-06-16,138500,139000.0,138000.0,138300.0,26444.0,1383.0
2010-06-17,138000,138500.0,137100.0,137700.0,34057.0,1377.0
2010-06-18,136600,137000.0,133500.0,135200.0,54610.0,1352.0
2010-06-21,135600,137600.0,132900.0,133600.0,60643.0,1336.0
2010-06-22,132300,132700.0,129100.0,129100.0,119161.0,1291.0
2010-06-23,129500,131400.0,127300.0,130600.0,108651.0,1306.0
2010-06-24,129200,130800.0,128400.0,128400.0,45502.0,1284.0
2010-06-25,128000,128000.0,124800.0,125300.0,69973.0,1253.0
2010-06-28,123700,124200.0,120100.0,120200.0,64229.0,1202.0
2010-06-29,119200,122100.0,119200.0,120400.0,72143.0,1204.0
2010-06-30,118200,122600.0,118200.0,122600.0,69247.0,1226.0
2010-07-01,120300,122000.0,116000.0,116500.0,70089.0,1165.0
2010-07-02,117500,120700.0,116600.0,120400.0,56708.0,1204.0
2010-07-05,120700,122700.0,119700.0,122600.0,41365.0,1226.0
2010-07-06,120700,122500.0,118700.0,122500.0,40829.0,1225.0
2010-07-07,123000,123800.0,120000.0,121100.0,39384.0,1211.0
2010-07-08,122600,123800.0,120600.0,121400.0,42058.0,1214.0
2010-07-09,120300,121100.0,117400.0,117800.0,53974.0,1178.0
2010-07-12,116900,117300.0,115700.0,115800.0,56516.0,1158.0
2010-07-13,115900,118500.0,115600.0,118100.0,56575.0,1181.0
2010-07-14,120000,122700.0,119000.0,121700.0,50308.0,1217.0
2010-07-15,122700,124500.0,119700.0,119700.0,61883.0,1197.0
2010-07-16,118800,118900.0,116300.0,116900.0,39654.0,1169.0
2010-07-20,116300,116500.0,113800.0,114400.0,40853.0,1144.0
2010-07-21,114500,115700.0,110100.0,110500.0,68988.0,1105.0
2010-07-22,109800,112500.0,109300.0,110400.0,66187.0,1104.0
2010-07-23,112000,113300.0,111100.0,113100.0,58243.0,1131.0
2010-07-26,113600,114700.0,112300.0,112600.0,22861.0,1126.0
2010-07-27,112300,113400.0,111600.0,113000.0,33466.0,1130.0
2010-07-28,114000,121500.0,113900.0,121300.0,80943.0,1213.0
2010-07-29,120000,123700.0,119700.0,121400.0,51105.0,1214.0
2010-07-30,121000,123100.0,119400.0,122600.0,44309.0,1226.0
2010-08-02,122300,124300.0,121300.0,123700.0,37767.0,1237.0
2010-08-03,125800,125900.0,122100.0,122900.0,29925.0,1229.0
2010-08-04,121700,122400.0,117700.0,118200.0,34090.0,1182.0
2010-08-05,120000,120600.0,116300.0,118100.0,30829.0,1181.0
2010-08-06,117100,119600.0,116800.0,118600.0,21755.0,1186.0
2010-08-09,117400,118500.0,117300.0,118200.0,16565.0,1182.0
2010-08-10,118200,119600.0,117700.0,117800.0,27434.0,1178.0
2010-08-11,116800,117200.0,114200.0,114500.0,26464.0,1145.0
2010-08-12,111500,111600.0,107400.0,108000.0,66654.0,1080.0
2010-08-13,107100,107400.0,103000.0,103100.0,82207.0,1031.0
2010-08-16,103200,105900.0,102800.0,105600.0,86235.0,1056.0
2010-08-17,104100,108100.0,104100.0,107300.0,51876.0,1073.0
2010-08-18,107900,108500.0,106000.0,106300.0,45194.0,1063.0
2010-08-19,106300,108300.0,106200.0,108000.0,39863.0,1080.0
2010-08-20,106400,107000.0,104700.0,105300.0,34269.0,1053.0
2010-08-23,105000,105900.0,104600.0,105100.0,28143.0,1051.0
2010-08-24,104000,104200.0,102200.0,102700.0,41719.0,1027.0
2010-08-25,100600,102200.0,99500.0,100200.0,62334.0,1002.0
2010-08-26,102100,102400.0,98800.0,99600.0,85483.0,996.0
2010-08-27,98300,98700.0,97000.0,97900.0,133276.0,979.0
2010-08-30,100100,105100.0,100100.0,103300.0,133253.0,1033.0
2010-08-31,100500,101700.0,98100.0,99300.0,103467.0,993.0
2010-09-01,99100,101600.0,98900.0,101000.0,75418.0,1010.0
2010-09-02,103900,104100.0,100400.0,101000.0,85057.0,1010.0
2010-09-03,100500,101500.0,99100.0,101200.0,86288.0,1012.0
2010-09-06,102600,108700.0,102600.0,108200.0,123754.0,1082.0
2010-09-07,106200,110000.0,106200.0,108200.0,55389.0,1082.0
2010-09-08,105700,106000.0,103600.0,104600.0,48589.0,1046.0
2010-09-09,105500,106700.0,104900.0,105700.0,39312.0,1057.0
2010-09-10,106900,109600.0,105700.0,107300.0,65447.0,1073.0
2010-09-13,108100,108900.0,106000.0,106000.0,34167.0,1060.0
2010-09-14,106600,108900.0,105000.0,106400.0,55283.0,1064.0
2010-09-15,106500,108900.0,103200.0,106200.0,70334.0,1062.0
2010-09-16,106900,107300.0,101400.0,101700.0,79954.0,1017.0
2010-09-17,102700,104700.0,102000.0,104400.0,50695.0,1044.0
2010-09-21,105900,106700.0,104500.0,106000.0,45555.0,1060.0
2010-09-22,105000,105500.0,103800.0,104200.0,39149.0,1042.0
2010-09-24,102300,104900.0,101900.0,103100.0,46273.0,1031.0
2010-09-27,103000,103100.0,100800.0,101300.0,48328.0,1013.0
2010-09-28,100900,102200.0,100900.0,101800.0,26215.0,1018.0
2010-09-29,101500,102900.0,101400.0,101900.0,30908.0,1019.0
2010-09-30,102000,102500.0,100500.0,100800.0,38644.0,1008.0
2010-10-01,99800,100100.0,98800.0,99100.0,53791.0,991.0
2010-10-04,99100,99800.0,97400.0,97600.0,37622.0,976.0
2010-10-05,97400,101700.0,97200.0,101100.0,63970.0,1011.0
2010-10-06,101400,105800.0,101100.0,104600.0,94324.0,1046.0
2010-10-07,103500,104900.0,103100.0,103800.0,38324.0,1038.0
2010-10-08,102100,103200.0,101700.0,101800.0,41051.0,1018.0
2010-10-12,102300,104400.0,102000.0,102300.0,46432.0,1023.0
2010-10-13,102500,104100.0,102300.0,103600.0,44633.0,1036.0
2010-10-14,103700,106700.0,103500.0,106500.0,59083.0,1065.0
2010-10-15,107000,107000.0,104600.0,106100.0,50855.0,1061.0
2010-10-18,105500,106200.0,102700.0,103500.0,33508.0,1035.0
2010-10-19,102300,102800.0,101100.0,101800.0,35332.0,1018.0
2010-10-20,101000,101200.0,99900.0,100900.0,34611.0,1009.0
2010-10-21,100300,100800.0,99000.0,99400.0,45816.0,994.0
2010-10-22,99400,99400.0,98400.0,99200.0,39713.0,992.0
2010-10-25,98100,99300.0,97800.0,98600.0,36318.0,986.0
2010-10-26,98200,100600.0,98100.0,100000.0,40504.0,1000.0
2010-10-27,100000,100100.0,99100.0,99900.0,34710.0,999.0
2010-10-28,99400,99500.0,97500.0,97500.0,54363.0,975.0
2010-10-29,97600,98000.0,97000.0,97600.0,43661.0,976.0
2010-11-01,98700,99900.0,97800.0,98800.0,34340.0,988.0
2010-11-02,97300,98500.0,96700.0,98000.0,30446.0,980.0
2010-11-04,100400,101900.0,99700.0,101600.0,53463.0,1016.0
2010-11-05,102500,106200.0,102400.0,106000.0,63616.0,1060.0
2010-11-08,106500,107600.0,104800.0,106000.0,34739.0,1060.0
2010-11-09,104700,105900.0,104500.0,105200.0,29471.0,1052.0
2010-11-10,105300,110100.0,105100.0,109900.0,61564.0,1099.0
2010-11-11,110200,113900.0,110000.0,113900.0,65998.0,1139.0
2010-11-12,113100,116500.0,112600.0,115000.0,59272.0,1150.0
2010-11-15,116100,117000.0,114500.0,116800.0,43210.0,1168.0
2010-11-16,116900,118700.0,116500.0,116700.0,52191.0,1167.0
2010-11-17,115000,115900.0,113600.0,115200.0,42478.0,1152.0
2010-11-18,116000,120000.0,116000.0,119800.0,72982.0,1198.0
2010-11-19,121500,121900.0,119500.0,119900.0,51509.0,1199.0
2010-11-22,121300,122500.0,120400.0,122000.0,41541.0,1220.0
2010-11-24,119900,121700.0,119000.0,120600.0,30968.0,1206.0
2010-11-25,122000,124500.0,121600.0,123700.0,41932.0,1237.0
2010-11-26,122700,123600.0,120200.0,120700.0,30770.0,1207.0
2010-11-29,120700,123000.0,120300.0,121000.0,33671.0,1210.0
2010-11-30,120700,120800.0,119500.0,120200.0,32889.0,1202.0
2010-12-01,119700,119800.0,117500.0,118500.0,27927.0,1185.0
2010-12-02,120500,121900.0,119100.0,119100.0,28505.0,1191.0
2010-12-03,118700,120500.0,118700.0,120200.0,30949.0,1202.0
2010-12-06,120300,121200.0,120200.0,121100.0,19828.0,1211.0
2010-12-07,120300,121400.0,119800.0,121400.0,23837.0,1214.0
2010-12-08,122000,123800.0,121900.0,123800.0,41743.0,1238.0
2010-12-09,126800,130800.0,126800.0,130700.0,103605.0,1307.0
2010-12-10,132000,134800.0,131400.0,133500.0,108397.0,1335.0
2010-12-13,133800,134800.0,133100.0,134600.0,38705.0,1346.0
2010-12-14,134900,136800.0,134700.0,136300.0,52096.0,1363.0
2010-12-15,137100,137300.0,132200.0,132300.0,57796.0,1323.0
2010-12-16,131000,132700.0,128600.0,130100.0,80865.0,1301.0
2010-12-17,130000,133300.0,129800.0,133100.0,42014.0,1331.0
2010-12-20,133000,134200.0,131700.0,133900.0,36488.0,1339.0
2010-12-21,133500,135500.0,133300.0,134300.0,30920.0,1343.0
2010-12-22,134000,134900.0,133100.0,133700.0,25964.0,1337.0
2010-12-24,131400,132200.0,130200.0,130900.0,25176.0,1309.0
2010-12-27,131700,131700.0,130700.0,130900.0,16251.0,1309.0
2010-12-28,131000,134100.0,129600.0,133600.0,44681.0,1336.0
2010-12-29,133300,134200.0,133000.0,133400.0,19625.0,1334.0
2010-12-30,133000,133200.0,130500.0,131900.0,20059.0,1319.0
2011-01-04,133900,135700.0,133100.0,135600.0,29357.0,1356.0
2011-01-05,134800,135400.0,133400.0,133800.0,19504.0,1338.0
2011-01-06,135600,136000.0,133800.0,134600.0,25837.0,1346.0
2011-01-07,134600,139100.0,134400.0,138600.0,69346.0,1386.0
2011-01-11,138500,139500.0,137400.0,139500.0,31011.0,1395.0
2011-01-12,139400,140800.0,139100.0,139500.0,57811.0,1395.0
2011-01-13,140500,140600.0,138000.0,139300.0,36941.0,1393.0
2011-01-14,139300,140000.0,138300.0,138700.0,34518.0,1387.0
2011-01-17,140000,140000.0,136400.0,136600.0,23975.0,1366.0
2011-01-18,136100,136600.0,134200.0,135200.0,35029.0,1352.0
2011-01-19,135200,137400.0,134900.0,136300.0,27508.0,1363.0
2011-01-20,135100,135700.0,132600.0,132700.0,28371.0,1327.0
2011-01-21,132100,132700.0,127500.0,128100.0,52438.0,1281.0
2011-01-24,129000,130500.0,127100.0,130300.0,22814.0,1303.0
2011-01-25,129400,135200.0,129100.0,134300.0,38690.0,1343.0
2011-01-26,132400,134800.0,132400.0,133000.0,21185.0,1330.0
2011-01-27,134500,135500.0,133800.0,134800.0,25455.0,1348.0
2011-01-28,133800,134200.0,128000.0,131200.0,49164.0,1312.0
2011-01-31,128000,129300.0,127700.0,128800.0,25091.0,1288.0
2011-02-01,129400,131400.0,127900.0,128700.0,18865.0,1287.0
2011-02-02,131200,132700.0,130800.0,131400.0,25069.0,1314.0
2011-02-03,132200,132700.0,131100.0,132000.0,17460.0,1320.0
2011-02-04,133600,135900.0,133500.0,135500.0,33585.0,1355.0
2011-02-07,137600,138900.0,137000.0,137500.0,39384.0,1375.0
2011-02-08,138800,139700.0,137600.0,139300.0,40693.0,1393.0
2011-02-09,139500,140300.0,136800.0,137600.0,52909.0,1376.0
2011-02-10,136500,140500.0,136300.0,140000.0,47005.0,1400.0
2011-02-14,142000,148400.0,142000.0,148200.0,242184.0,1482.0
2011-02-15,150000,152000.0,148700.0,150100.0,127717.0,1501.0
2011-02-16,149700,153600.0,149500.0,153500.0,125100.0,1535.0
2011-02-17,153700,154800.0,152800.0,153300.0,110218.0,1533.0
2011-02-18,153300,154800.0,151100.0,154700.0,101197.0,1547.0
2011-02-21,154500,155000.0,152700.0,153100.0,57256.0,1531.0
2011-02-22,152400,152400.0,148000.0,148100.0,74348.0,1481.0
2011-02-23,145100,150000.0,145100.0,146800.0,56534.0,1468.0
2011-02-24,145300,145300.0,141000.0,141100.0,75862.0,1411.0
2011-02-25,142200,144300.0,141200.0,143500.0,45983.0,1435.0
2011-02-28,143700,147500.0,143000.0,147200.0,41153.0,1472.0
2011-03-01,148000,152000.0,148000.0,151000.0,57934.0,1510.0
2011-03-02,148900,150200.0,146900.0,147100.0,51255.0,1471.0
2011-03-03,148400,150200.0,147900.0,149600.0,38926.0,1496.0
2011-03-04,151400,154000.0,151000.0,153500.0,111919.0,1535.0
2011-03-07,152000,153100.0,149400.0,149800.0,43904.0,1498.0
2011-03-08,149300,151700.0,149100.0,150200.0,38371.0,1502.0
2011-03-09,151500,152800.0,150700.0,152200.0,66154.0,1522.0
2011-03-10,152200,152600.0,147600.0,148200.0,48649.0,1482.0
2011-03-11,146800,148600.0,145400.0,146300.0,49622.0,1463.0
2011-03-14,116300,126900.0,116300.0,118700.0,180801.0,1187.0
2011-03-15,121600,125400.0,108000.0,119400.0,205868.0,1194.0
2011-03-16,123500,136000.0,122400.0,125700.0,86259.0,1257.0
2011-03-17,119000,129500.0,117300.0,125300.0,61155.0,1253.0
2011-03-18,128300,134800.0,128000.0,134800.0,55781.0,1348.0
2011-03-22,139500,139500.0,131600.0,135000.0,57957.0,1350.0
2011-03-23,133700,136800.0,132000.0,136500.0,34049.0,1365.0
2011-03-24,135500,136000.0,129200.0,129300.0,45399.0,1293.0
2011-03-25,130900,131800.0,123600.0,126600.0,60972.0,1266.0
2011-03-28,126600,126600.0,124300.0,124900.0,40766.0,1249.0
2011-03-29,122000,122400.0,112000.0,118400.0,115935.0,1184.0
2011-03-30,120000,123000.0,118800.0,122600.0,86287.0,1226.0
2011-03-31,123500,126200.0,122900.0,125500.0,50300.0,1255.0
2011-04-01,125900,127900.0,122300.0,122400.0,39735.0,1224.0
2011-04-04,121600,123700.0,121100.0,121500.0,33252.0,1215.0
2011-04-05,121100,121200.0,116900.0,118100.0,54202.0,1181.0
2011-04-06,120100,121900.0,118900.0,120500.0,45366.0,1205.0
2011-04-07,120600,122900.0,120600.0,121200.0,39204.0,1212.0
2011-04-08,121300,127500.0,120300.0,126500.0,62071.0,1265.0
2011-04-11,127700,128900.0,127000.0,128200.0,31076.0,1282.0
2011-04-12,125700,126900.0,124100.0,125700.0,38869.0,1257.0
2011-04-13,125500,127700.0,124000.0,127500.0,29044.0,1275.0
2011-04-14,127000,128300.0,125500.0,127800.0,35635.0,1278.0
2011-04-15,127500,130000.0,127300.0,128500.0,39723.0,1285.0
2011-04-18,129000,129300.0,125100.0,125100.0,29437.0,1251.0
2011-04-19,123600,124900.0,122000.0,123400.0,31359.0,1234.0
2011-04-20,124500,125800.0,123800.0,125600.0,25496.0,1256.0
2011-04-21,126300,126800.0,123500.0,124000.0,33516.0,1240.0
2011-04-22,123000,127200.0,122000.0,126600.0,30889.0,1266.0
2011-04-25,126200,128800.0,126100.0,126800.0,28184.0,1268.0
2011-04-26,126600,128900.0,125600.0,128700.0,65451.0,1287.0
2011-04-27,130000,132500.0,127800.0,132500.0,227154.0,1325.0
2011-04-28,132300,133500.0,130100.0,133200.0,83415.0,1332.0
2011-05-02,135600,137300.0,135000.0,135800.0,45557.0,1358.0
2011-05-06,134500,135300.0,131500.0,131600.0,70619.0,1316.0
2011-05-09,132400,133800.0,130500.0,131200.0,47600.0,1312.0
2011-05-10,131300,131800.0,128500.0,129500.0,45017.0,1295.0
2011-05-11,131000,131100.0,128200.0,129200.0,34891.0,1292.0
2011-05-12,129200,129200.0,127400.0,127600.0,25109.0,1276.0
2011-05-13,127900,128000.0,119800.0,122700.0,80607.0,1227.0
2011-05-16,122800,122900.0,119600.0,119600.0,52627.0,1196.0
2011-05-17,120200,123400.0,119000.0,122100.0,57446.0,1221.0
2011-05-18,122100,125700.0,121800.0,123400.0,43152.0,1234.0
2011-05-19,125500,127400.0,122200.0,123000.0,50206.0,1230.0
2011-05-20,122500,123900.0,121400.0,123800.0,31826.0,1238.0
2011-05-23,122000,122000.0,118800.0,119100.0,48898.0,1191.0
2011-05-24,118000,121200.0,117900.0,120800.0,33698.0,1208.0
2011-05-25,120200,120900.0,117400.0,117800.0,44494.0,1178.0
2011-05-26,119000,120000.0,118600.0,119400.0,24569.0,1194.0
2011-05-27,118500,122400.0,117700.0,122000.0,49002.0,1220.0
2011-05-30,121900,122100.0,119000.0,119800.0,32931.0,1198.0
2011-05-31,119800,122800.0,119400.0,122800.0,115059.0,1228.0
2011-06-01,122500,123300.0,120300.0,120800.0,43040.0,1208.0
2011-06-02,119100,119200.0,117100.0,118000.0,42521.0,1180.0
2011-06-03,119500,119500.0,115300.0,115600.0,37954.0,1156.0
2011-06-06,114500,114900.0,111000.0,111400.0,49820.0,1114.0
2011-06-07,112000,113200.0,111600.0,112600.0,33608.0,1126.0
2011-06-08,112500,112800.0,109800.0,112000.0,44009.0,1120.0
2011-06-09,111800,112500.0,109300.0,111600.0,33863.0,1116.0
2011-06-10,113600,114400.0,112300.0,113300.0,41407.0,1133.0
2011-06-13,110300,111900.0,110100.0,111200.0,23145.0,1112.0
2011-06-14,111900,116000.0,111400.0,115700.0,44404.0,1157.0
2011-06-15,117500,118900.0,113500.0,113500.0,36161.0,1135.0
2011-06-16,111400,113100.0,110700.0,111600.0,38268.0,1116.0
2011-06-17,111900,112400.0,109800.0,111000.0,35626.0,1110.0
2011-06-20,110500,111400.0,110200.0,110800.0,25674.0,1108.0
2011-06-21,111200,111800.0,109600.0,110100.0,31383.0,1101.0
2011-06-22,111400,114400.0,111300.0,113300.0,34571.0,1133.0
2011-06-23,112500,112900.0,111300.0,111400.0,26840.0,1114.0
2011-06-24,112400,113100.0,111200.0,112500.0,34054.0,1125.0
2011-06-27,112500,112500.0,110200.0,110900.0,24613.0,1109.0
2011-06-28,111900,112800.0,110700.0,111200.0,25869.0,1112.0
2011-06-29,112700,115700.0,112100.0,114500.0,57220.0,1145.0
2011-06-30,116100,118900.0,112100.0,112300.0,67134.0,1123.0
2011-07-01,114500,116200.0,114100.0,114600.0,38526.0,1146.0
2011-07-04,117600,120700.0,117500.0,119600.0,70343.0,1196.0
2011-07-05,121600,124300.0,121100.0,123300.0,62830.0,1233.0
2011-07-06,122900,123900.0,122100.0,123800.0,40818.0,1238.0
2011-07-07,122900,123400.0,121600.0,121800.0,31761.0,1218.0
2011-07-08,123400,124600.0,122000.0,122000.0,26441.0,1220.0
2011-07-11,120900,121200.0,120200.0,121100.0,22738.0,1211.0
2011-07-12,118100,118300.0,115500.0,115700.0,57338.0,1157.0
2011-07-13,115000,116500.0,114100.0,115100.0,45271.0,1151.0
2011-07-14,114500,114700.0,112300.0,113000.0,61308.0,1130.0
2011-07-15,112000,112900.0,111600.0,112700.0,43767.0,1127.0
2011-07-19,111400,111400.0,109800.0,110500.0,50385.0,1105.0
2011-07-20,112000,114300.0,111600.0,112400.0,40240.0,1124.0
2011-07-21,113000,113800.0,111700.0,111800.0,33628.0,1118.0
2011-07-22,113800,115000.0,112600.0,114000.0,54332.0,1140.0
2011-07-25,113800,114700.0,112300.0,112700.0,36943.0,1127.0
2011-07-26,112200,115100.0,112200.0,113900.0,39894.0,1139.0
2011-07-27,112900,113100.0,111300.0,112500.0,35456.0,1125.0
2011-07-28,111200,111900.0,110600.0,111100.0,31347.0,1111.0
2011-07-29,110700,111400.0,108900.0,109100.0,45729.0,1091.0
2011-08-01,111200,114300.0,110700.0,112600.0,58937.0,1126.0
2011-08-02,112600,114000.0,111300.0,113000.0,42318.0,1130.0
2011-08-03,110100,110400.0,108100.0,108500.0,52446.0,1085.0
2011-08-04,108600,109800.0,106600.0,108000.0,50825.0,1080.0
2011-08-05,101500,103600.0,101300.0,101700.0,55377.0,1017.0
2011-08-08,98900,100400.0,97200.0,99600.0,76641.0,996.0
2011-08-09,96600,97400.0,93500.0,97400.0,86523.0,974.0
2011-08-10,100000,100000.0,95700.0,96000.0,52371.0,960.0
2011-08-11,93800,94300.0,89700.0,91000.0,96473.0,910.0
2011-08-12,94000,96300.0,91300.0,93000.0,84487.0,930.0
2011-08-15,95000,95200.0,92600.0,93200.0,35594.0,932.0
2011-08-16,93500,94200.0,92000.0,92600.0,34517.0,926.0
2011-08-17,91200,92500.0,90600.0,92500.0,44249.0,925.0
2011-08-18,92000,92900.0,91200.0,91300.0,40237.0,913.0
2011-08-19,89300,89500.0,87000.0,87300.0,62949.0,873.0
2011-08-22,86400,87800.0,85800.0,86000.0,31467.0,860.0
2011-08-23,86500,88000.0,86200.0,87800.0,39529.0,878.0
2011-08-24,89300,90600.0,86400.0,87100.0,67953.0,871.0
2011-08-25,88600,92300.0,88400.0,89900.0,68551.0,899.0
2011-08-26,89000,89400.0,87100.0,87900.0,52265.0,879.0
2011-08-29,87900,89400.0,86800.0,88100.0,41981.0,881.0
2011-08-30,89300,90600.0,89000.0,89100.0,58432.0,891.0
2011-08-31,89200,89800.0,87900.0,88700.0,33986.0,887.0
2011-09-01,89700,91700.0,89300.0,91200.0,64993.0,912.0
2011-09-02,90200,90500.0,88000.0,88500.0,41212.0,885.0
2011-09-05,87000,87100.0,84500.0,84900.0,51653.0,849.0
2011-09-06,84400,84400.0,81400.0,82000.0,47722.0,820.0
2011-09-07,83900,84000.0,82700.0,83500.0,26812.0,835.0
2011-09-08,84800,85600.0,82200.0,82500.0,32175.0,825.0
2011-09-09,81800,83300.0,81000.0,81200.0,48935.0,812.0
2011-09-12,79000,79100.0,78200.0,78600.0,51167.0,786.0
2011-09-13,80000,80400.0,78800.0,80000.0,41682.0,800.0
2011-09-14,80100,81100.0,79100.0,79400.0,38666.0,794.0
2011-09-15,81300,82700.0,80700.0,81300.0,40192.0,813.0
2011-09-16,83400,84800.0,83100.0,84700.0,62589.0,847.0
2011-09-20,83000,83000.0,79100.0,79400.0,88128.0,794.0
2011-09-21,79700,79800.0,78800.0,79700.0,26694.0,797.0
2011-09-22,77800,78000.0,76700.0,77300.0,45309.0,773.0
2011-09-26,77500,77600.0,74900.0,76000.0,44387.0,760.0
2011-09-27,77200,79200.0,76700.0,79000.0,40915.0,790.0
2011-09-28,79400,81800.0,79300.0,81000.0,50968.0,810.0
2011-09-29,80400,82200.0,79300.0,81500.0,53136.0,815.0
2011-09-30,82000,82500.0,80500.0,81200.0,47782.0,812.0
2011-10-03,78800,78900.0,76600.0,78000.0,43212.0,780.0
2011-10-04,75000,77000.0,74900.0,76900.0,31700.0,769.0
2011-10-05,77500,78400.0,75300.0,75800.0,35164.0,758.0
2011-10-06,76800,78900.0,76600.0,78100.0,37081.0,781.0
2011-10-07,80000,81800.0,79700.0,79900.0,39834.0,799.0
2011-10-11,82500,84700.0,82500.0,84500.0,50786.0,845.0
2011-10-12,84500,84600.0,82500.0,84200.0,41307.0,842.0
2011-10-13,85800,87100.0,85800.0,86800.0,68092.0,868.0
2011-10-14,85900,86800.0,84800.0,85100.0,36709.0,851.0
2011-10-17,86500,87000.0,84100.0,84500.0,36522.0,845.0
2011-10-18,82000,84000.0,82000.0,83800.0,18872.0,838.0
2011-10-19,85000,85600.0,83600.0,83900.0,23762.0,839.0
2011-10-20,83400,83800.0,81700.0,82000.0,25484.0,820.0
2011-10-21,82100,82400.0,79700.0,80100.0,25045.0,801.0
2011-10-24,81600,83700.0,81100.0,83300.0,26630.0,833.0
2011-10-25,84000,85100.0,82100.0,84000.0,28266.0,840.0
2011-10-26,82000,85900.0,80900.0,85400.0,42262.0,854.0
2011-10-27,85200,91400.0,83800.0,90900.0,65521.0,909.0
2011-10-28,94800,96100.0,93200.0,93500.0,66924.0,935.0
2011-10-31,92700,92800.0,90000.0,90700.0,43396.0,907.0
2011-11-01,89000,89700.0,87700.0,88200.0,38920.0,882.0
2011-11-02,85600,85900.0,83200.0,83600.0,50106.0,836.0
2011-11-04,86600,87000.0,84800.0,86100.0,32234.0,861.0
2011-11-07,85400,85500.0,83500.0,84000.0,27571.0,840.0
2011-11-08,83500,84400.0,80700.0,81200.0,27125.0,812.0
2011-11-09,82300,83400.0,81300.0,82500.0,37589.0,825.0
2011-11-10,78600,78900.0,74900.0,75500.0,98291.0,755.0
2011-11-11,76200,77400.0,75000.0,75400.0,43517.0,754.0
2011-11-14,78400,78700.0,75800.0,76500.0,29181.0,765.0
2011-11-15,77000,80700.0,77000.0,79700.0,53300.0,797.0
2011-11-16,79700,80000.0,77700.0,79400.0,47885.0,794.0
2011-11-17,78100,80000.0,77500.0,79800.0,26139.0,798.0
2011-11-18,77900,78300.0,76800.0,77700.0,34427.0,777.0
2011-11-21,77400,79000.0,77300.0,77500.0,16308.0,775.0
2011-11-22,77000,78600.0,76400.0,78400.0,21050.0,784.0
2011-11-24,76500,77500.0,75400.0,76400.0,29374.0,764.0
2011-11-25,75600,78600.0,75400.0,78100.0,28910.0,781.0
2011-11-28,79400,83500.0,79100.0,83000.0,56295.0,830.0
2011-11-29,83800,84800.0,83000.0,84400.0,32187.0,844.0
2011-11-30,83300,83600.0,81900.0,83200.0,31953.0,832.0
2011-12-01,87200,88300.0,82300.0,84000.0,68857.0,840.0
2011-12-02,84200,85900.0,84000.0,85200.0,29934.0,852.0
2011-12-05,86700,87100.0,85700.0,86300.0,26615.0,863.0
2011-12-06,85900,85900.0,83500.0,83800.0,29016.0,838.0
2011-12-07,84000,86400.0,83300.0,86000.0,26464.0,860.0
2011-12-08,85000,86500.0,84600.0,84700.0,27433.0,847.0
2011-12-09,83000,83300.0,81800.0,82000.0,52547.0,820.0
2011-12-12,83900,84300.0,82300.0,83200.0,33055.0,832.0
2011-12-13,81700,82200.0,80700.0,81100.0,45029.0,811.0
2011-12-14,80700,80700.0,79000.0,79400.0,36182.0,794.0
2011-12-15,78100,78700.0,77500.0,77500.0,39187.0,775.0
2011-12-16,78000,78200.0,77100.0,77300.0,33810.0,773.0
2011-12-19,77100,77900.0,76200.0,77300.0,38535.0,773.0
2011-12-20,77000,77200.0,76200.0,76800.0,20058.0,768.0
2011-12-21,78100,78800.0,77200.0,77600.0,24428.0,776.0
2011-12-22,76500,77300.0,76500.0,76600.0,29529.0,766.0
2011-12-26,78000,78000.0,76700.0,76900.0,18701.0,769.0
2011-12-27,77000,77400.0,76600.0,76800.0,20087.0,768.0
2011-12-28,76800,77100.0,75100.0,75200.0,32629.0,752.0
2011-12-29,75100,75300.0,74100.0,74800.0,32280.0,748.0
2011-12-30,75300,75700.0,74700.0,75700.0,21110.0,757.0
2012-01-04,77000,78800.0,76700.0,78400.0,42315.0,784.0
2012-01-05,77700,77700.0,76500.0,76500.0,28555.0,765.0
2012-01-06,76600,77100.0,74800.0,75500.0,37257.0,755.0
2012-01-10,75900,76400.0,74800.0,74900.0,36303.0,749.0
2012-01-11,75100,76800.0,74900.0,75300.0,27167.0,753.0
2012-01-12,74800,75400.0,74200.0,74800.0,28061.0,748.0
2012-01-13,75300,76000.0,74900.0,75600.0,25059.0,756.0
2012-01-16,74600,74800.0,73800.0,73900.0,29580.0,739.0
2012-01-17,74200,74300.0,73300.0,73900.0,26185.0,739.0
2012-01-18,73900,77200.0,73500.0,76100.0,51912.0,761.0
2012-01-19,76600,78200.0,76400.0,77100.0,49127.0,771.0
2012-01-20,80000,81700.0,79600.0,81100.0,66285.0,811.0
2012-01-23,81500,83900.0,81300.0,83400.0,66507.0,834.0
2012-01-24,82100,83200.0,80700.0,82200.0,57410.0,822.0
2012-01-25,82500,83700.0,81300.0,83400.0,39954.0,834.0
2012-01-26,83700,84300.0,81800.0,82100.0,38210.0,821.0
2012-01-27,82200,82400.0,80500.0,80600.0,43395.0,806.0
2012-01-30,80800,83100.0,80700.0,81100.0,39831.0,811.0
2012-01-31,80100,81500.0,79800.0,80000.0,48814.0,800.0
2012-02-01,80000,82700.0,79900.0,82500.0,66337.0,825.0
2012-02-02,83900,85700.0,83800.0,84900.0,49902.0,849.0
2012-02-03,84400,86300.0,84000.0,86100.0,61505.0,861.0
2012-02-06,87900,89000.0,87100.0,87500.0,48545.0,875.0
2012-02-07,88000,89200.0,87600.0,88500.0,50082.0,885.0
2012-02-08,89000,89800.0,87700.0,89800.0,49730.0,898.0
2012-02-09,89900,91900.0,89300.0,91800.0,55154.0,918.0
2012-02-10,91900,92000.0,89400.0,89900.0,43810.0,899.0
2012-02-13,89300,90800.0,89100.0,90400.0,32306.0,904.0
2012-02-14,90500,93200.0,90200.0,92500.0,45495.0,925.0
2012-02-15,93900,97000.0,93500.0,96000.0,68916.0,960.0
2012-02-16,95300,97000.0,94000.0,94500.0,57845.0,945.0
2012-02-17,96500,96900.0,95000.0,95900.0,52518.0,959.0
2012-02-20,97900,101800.0,97800.0,101300.0,67052.0,1013.0
2012-02-21,101000,104700.0,99900.0,100000.0,92947.0,1000.0
2012-02-22,100900,102400.0,99600.0,102300.0,68992.0,1023.0
2012-02-23,102800,104900.0,101300.0,104300.0,66513.0,1043.0
2012-02-24,103800,106300.0,103600.0,105500.0,57783.0,1055.0
2012-02-27,108200,108900.0,105700.0,106100.0,61368.0,1061.0
2012-02-28,104400,107400.0,104100.0,106900.0,55570.0,1069.0
2012-02-29,108200,110000.0,106300.0,106800.0,64475.0,1068.0
2012-03-01,107800,109600.0,104300.0,104700.0,57663.0,1047.0
2012-03-02,106900,107200.0,105300.0,106700.0,40262.0,1067.0
2012-03-05,105900,107000.0,104100.0,104500.0,41611.0,1045.0
2012-03-06,104100,104900.0,102100.0,102600.0,41089.0,1026.0
2012-03-07,99100,100800.0,98700.0,99500.0,67780.0,995.0
2012-03-08,101000,104100.0,100500.0,103200.0,47399.0,1032.0
2012-03-09,105400,108700.0,104400.0,107500.0,79548.0,1075.0
2012-03-12,109300,109400.0,106100.0,106200.0,50853.0,1062.0
2012-03-13,105800,108700.0,105600.0,106200.0,56165.0,1062.0
2012-03-14,109900,111200.0,109500.0,110400.0,60115.0,1104.0
2012-03-15,112000,118400.0,111800.0,116500.0,128557.0,1165.0
2012-03-16,116500,120400.0,116400.0,120200.0,93068.0,1202.0
2012-03-19,120300,121900.0,118600.0,121200.0,58044.0,1212.0
2012-03-21,120100,120500.0,116400.0,116600.0,82129.0,1166.0
2012-03-22,116600,118700.0,114600.0,117100.0,51344.0,1171.0
2012-03-23,112600,114200.0,112300.0,112500.0,72800.0,1125.0
2012-03-26,112500,114900.0,111600.0,112200.0,44681.0,1122.0
2012-03-27,115000,117900.0,114200.0,117600.0,57896.0,1176.0
2012-03-28,116000,116500.0,114100.0,114800.0,48124.0,1148.0
2012-03-29,114400,115700.0,112600.0,113600.0,32267.0,1136.0
2012-03-30,113900,115100.0,112100.0,114300.0,69224.0,1143.0
2012-04-02,116400,118400.0,115600.0,117900.0,53810.0,1179.0
2012-04-03,117900,118000.0,115500.0,116200.0,45547.0,1162.0
2012-04-04,116200,116400.0,111600.0,112000.0,50786.0,1120.0
2012-04-05,109400,110200.0,106700.0,109500.0,57128.0,1095.0
2012-04-06,106800,110200.0,106600.0,108100.0,46704.0,1081.0
2012-04-09,105100,106400.0,104300.0,104400.0,53028.0,1044.0
2012-04-10,105900,109100.0,105000.0,105700.0,58249.0,1057.0
2012-04-11,102100,104200.0,100700.0,103000.0,64017.0,1030.0
2012-04-12,102900,103700.0,100600.0,102400.0,48161.0,1024.0
2012-04-13,105700,106700.0,104500.0,105400.0,54553.0,1054.0
2012-04-16,102200,103200.0,100800.0,100900.0,50415.0,1009.0
2012-04-17,101500,102800.0,100500.0,100600.0,37621.0,1006.0
2012-04-18,103300,105000.0,103200.0,105000.0,37149.0,1050.0
2012-04-19,102800,104200.0,102300.0,103200.0,37337.0,1032.0
2012-04-20,104500,105000.0,103100.0,104700.0,33296.0,1047.0
2012-04-23,104000,105600.0,102300.0,102400.0,37661.0,1024.0
2012-04-24,100300,101800.0,100100.0,100300.0,41329.0,1003.0
2012-04-25,102300,103600.0,101700.0,102200.0,43877.0,1022.0
2012-04-26,103600,104000.0,101500.0,102100.0,27171.0,1021.0
2012-04-27,101700,106100.0,100100.0,101200.0,68550.0,1012.0
2012-05-01,101100,101400.0,94300.0,95000.0,63155.0,950.0
2012-05-02,97000,98400.0,96500.0,97100.0,46732.0,971.0
2012-05-07,93100,94500.0,91200.0,91700.0,48724.0,917.0
2012-05-08,92800,93600.0,91900.0,93000.0,33642.0,930.0
2012-05-09,91600,91900.0,89400.0,89700.0,42671.0,897.0
2012-05-10,89000,90500.0,88500.0,88700.0,59102.0,887.0
2012-05-11,88900,89300.0,86500.0,87000.0,46084.0,870.0
2012-05-14,87600,89500.0,86700.0,88100.0,32729.0,881.0
2012-05-15,87000,87200.0,84200.0,85900.0,40833.0,859.0
2012-05-16,84400,85700.0,83200.0,84100.0,57348.0,841.0
2012-05-17,83300,86600.0,80700.0,86200.0,69712.0,862.0
2012-05-18,83300,83800.0,81500.0,82100.0,59341.0,821.0
2012-05-21,81600,83600.0,81000.0,82000.0,45976.0,820.0
2012-05-22,83500,84400.0,83300.0,83800.0,32673.0,838.0
2012-05-23,83700,84300.0,80700.0,80900.0,43690.0,809.0
2012-05-24,81000,82400.0,80100.0,81400.0,42208.0,814.0
2012-05-25,82400,82800.0,80600.0,80800.0,28861.0,808.0
2012-05-28,80600,81000.0,78700.0,80100.0,30240.0,801.0
2012-05-29,78600,81500.0,77500.0,81500.0,42071.0,815.0
2012-05-30,81400,82300.0,79000.0,79800.0,34867.0,798.0
2012-05-31,78300,79400.0,77800.0,78600.0,78414.0,786.0
2012-06-01,77500,80500.0,77500.0,78600.0,66900.0,786.0
2012-06-04,77000,77300.0,75500.0,75800.0,48138.0,758.0
2012-06-05,76500,80400.0,76100.0,79900.0,54623.0,799.0
2012-06-06,81200,83000.0,79800.0,82500.0,55484.0,825.0
2012-06-07,84300,85500.0,83800.0,84900.0,56112.0,849.0
2012-06-08,84900,85000.0,81300.0,81800.0,52702.0,818.0
2012-06-11,83400,84800.0,82700.0,83400.0,43895.0,834.0
2012-06-12,81700,83700.0,81200.0,83100.0,37527.0,831.0
2012-06-13,83400,83800.0,82100.0,83000.0,31202.0,830.0
2012-06-14,83000,84500.0,82500.0,83500.0,37299.0,835.0
2012-06-15,85500,86500.0,85200.0,85800.0,54265.0,858.0
2012-06-18,91500,91600.0,88900.0,89700.0,64980.0,897.0
2012-06-19,88800,89500.0,87600.0,88300.0,32889.0,883.0
2012-06-20,89800,92400.0,89700.0,92200.0,47529.0,922.0
2012-06-21,92200,93300.0,91500.0,92100.0,36422.0,921.0
2012-06-22,90100,92100.0,90000.0,91700.0,37238.0,917.0
2012-06-25,92900,93000.0,90200.0,90600.0,28163.0,906.0
2012-06-26,87600,88400.0,86000.0,87200.0,61193.0,872.0
2012-06-27,87600,88100.0,86000.0,87300.0,37079.0,873.0
2012-06-28,88800,90900.0,88600.0,90200.0,30641.0,902.0
2012-06-29,88300,92800.0,88300.0,91200.0,59362.0,912.0
2012-07-02,92800,93000.0,91500.0,92200.0,32187.0,922.0
2012-07-03,92200,93800.0,91700.0,92000.0,44543.0,920.0
2012-07-04,92500,93100.0,89300.0,89900.0,50913.0,899.0
2012-07-05,89100,91500.0,89100.0,90000.0,37306.0,900.0
2012-07-06,90300,91500.0,89300.0,90000.0,43793.0,900.0
2012-07-09,89000,89800.0,87700.0,87800.0,31881.0,878.0
2012-07-10,87700,88000.0,84900.0,84900.0,41520.0,849.0
2012-07-11,85100,86500.0,84300.0,85600.0,24941.0,856.0
2012-07-12,85700,87100.0,84000.0,84400.0,38584.0,844.0
2012-07-13,82500,83100.0,81600.0,81600.0,54156.0,816.0
2012-07-17,81900,82600.0,80800.0,81200.0,39154.0,812.0
2012-07-18,81600,82100.0,79900.0,80200.0,35591.0,802.0
2012-07-19,81400,82000.0,80100.0,81800.0,32072.0,818.0
2012-07-20,81000,81300.0,78200.0,79000.0,41232.0,790.0
2012-07-23,78000,79000.0,77100.0,77100.0,33420.0,771.0
2012-07-24,76700,77600.0,76500.0,77400.0,33823.0,774.0
2012-07-25,76300,76800.0,74300.0,75000.0,42589.0,750.0
2012-07-26,75700,78900.0,75500.0,77900.0,56103.0,779.0
2012-07-27,80900,81700.0,79800.0,81300.0,39435.0,813.0
2012-07-30,82800,83200.0,81400.0,82500.0,29802.0,825.0
2012-07-31,82200,83500.0,81500.0,83200.0,30564.0,832.0
2012-08-01,81800,82100.0,79900.0,80000.0,49201.0,800.0
2012-08-02,80200,80800.0,79000.0,79300.0,53468.0,793.0
2012-08-03,77800,78500.0,77300.0,78000.0,30386.0,780.0
2012-08-06,81000,81000.0,80000.0,80100.0,20049.0,801.0
2012-08-07,79600,80700.0,79400.0,80300.0,47931.0,803.0
2012-08-08,81300,81500.0,78700.0,79200.0,52804.0,792.0
2012-08-09,79000,80200.0,78700.0,80000.0,41825.0,800.0
2012-08-10,79700,81000.0,79300.0,80900.0,33490.0,809.0
2012-08-13,81800,83200.0,80900.0,81900.0,29787.0,819.0
2012-08-14,82400,82500.0,79400.0,80200.0,30330.0,802.0
2012-08-15,80700,81900.0,80100.0,81300.0,33153.0,813.0
2012-08-16,82800,87000.0,82600.0,86700.0,68927.0,867.0
2012-08-17,87700,89500.0,87100.0,89300.0,75148.0,893.0
2012-08-20,90200,90900.0,87900.0,88400.0,38442.0,884.0
2012-08-21,88800,89700.0,87800.0,87800.0,21517.0,878.0
2012-08-22,88000,88300.0,85400.0,86300.0,32036.0,863.0
2012-08-23,85800,87900.0,85100.0,87500.0,29573.0,875.0
2012-08-24,86000,86800.0,85300.0,85700.0,21133.0,857.0
2012-08-27,86600,87000.0,84900.0,85100.0,19011.0,851.0
2012-08-28,85900,85900.0,81800.0,82700.0,39860.0,827.0
2012-08-29,82400,84000.0,82100.0,83000.0,27157.0,830.0
2012-08-30,83700,84000.0,81600.0,82100.0,28009.0,821.0
2012-08-31,81100,82400.0,79700.0,79700.0,40195.0,797.0
2012-09-03,80200,82800.0,79800.0,80800.0,36347.0,808.0
2012-09-04,81200,81300.0,79800.0,80700.0,27226.0,807.0
2012-09-05,80400,81100.0,79800.0,80300.0,33482.0,803.0
2012-09-06,80300,81800.0,80100.0,81500.0,28748.0,815.0
2012-09-07,86000,88300.0,84800.0,88200.0,79637.0,882.0
2012-09-10,88200,89900.0,87100.0,89700.0,49612.0,897.0
2012-09-11,87000,88700.0,86800.0,88600.0,31979.0,886.0
2012-09-12,88700,90200.0,88200.0,89900.0,30893.0,899.0
2012-09-13,89700,92000.0,89100.0,91400.0,43541.0,914.0
2012-09-14,94400,96000.0,93500.0,95700.0,71087.0,957.0
2012-09-18,95400,97300.0,95400.0,95700.0,59140.0,957.0
2012-09-19,96100,99600.0,95700.0,98000.0,64778.0,980.0
2012-09-20,97800,97900.0,93600.0,94000.0,48828.0,940.0
2012-09-21,95300,96200.0,92600.0,92900.0,50231.0,929.0
2012-09-24,92200,92400.0,90000.0,91500.0,35809.0,915.0
2012-09-25,91000,92900.0,90600.0,92500.0,33096.0,925.0
2012-09-26,91000,91300.0,89500.0,90000.0,31020.0,900.0
2012-09-27,89400,90800.0,88200.0,90600.0,34167.0,906.0
2012-09-28,91200,91700.0,87800.0,88600.0,42340.0,886.0
2012-10-01,87100,88800.0,86600.0,88600.0,25589.0,886.0
2012-10-02,89300,90000.0,88700.0,88700.0,21356.0,887.0
2012-10-03,88900,90700.0,88500.0,89300.0,35128.0,893.0
2012-10-04,90100,91500.0,89600.0,90500.0,51784.0,905.0
2012-10-05,90800,92700.0,90500.0,91600.0,40002.0,916.0
2012-10-09,91900,93000.0,89200.0,89600.0,45577.0,896.0
2012-10-10,86800,88500.0,86600.0,87800.0,29110.0,878.0
2012-10-11,86500,87400.0,85500.0,86500.0,43806.0,865.0
2012-10-12,87300,88900.0,87100.0,88600.0,41143.0,886.0
2012-10-15,87900,88700.0,87300.0,88500.0,31125.0,885.0
2012-10-16,89900,91200.0,89700.0,90700.0,40607.0,907.0
2012-10-17,91800,94100.0,91600.0,93100.0,59232.0,931.0
2012-10-18,94900,96600.0,94800.0,95700.0,79097.0,957.0
2012-10-19,94600,96900.0,94600.0,96700.0,52745.0,967.0
2012-10-22,95000,96700.0,94100.0,96500.0,38663.0,965.0
2012-10-23,97400,97500.0,93900.0,94100.0,37825.0,941.0
2012-10-24,92600,94300.0,92200.0,92600.0,41541.0,926.0
2012-10-25,92600,94500.0,92400.0,94300.0,37386.0,943.0
2012-10-26,94800,94900.0,92200.0,92200.0,34812.0,922.0
2012-10-29,93800,94100.0,90800.0,91000.0,31736.0,910.0
2012-10-30,90700,91800.0,89000.0,89000.0,38472.0,890.0
2012-10-31,90400,92600.0,90000.0,92000.0,47046.0,920.0
2012-11-01,91800,92500.0,91000.0,91600.0,24495.0,916.0
2012-11-02,93000,93800.0,92200.0,92400.0,32318.0,924.0
2012-11-05,91600,92300.0,89900.0,90300.0,23161.0,903.0
2012-11-06,89800,90700.0,89200.0,90100.0,21232.0,901.0
2012-11-07,90200,91000.0,89600.0,90700.0,29256.0,907.0
2012-11-08,89000,89300.0,87600.0,88100.0,33912.0,881.0
2012-11-09,87000,87900.0,86100.0,87300.0,30959.0,873.0
2012-11-12,86500,87200.0,86000.0,86400.0,26119.0,864.0
2012-11-13,86700,87500.0,86000.0,86800.0,28218.0,868.0
2012-11-14,86900,87200.0,86500.0,86500.0,34177.0,865.0
2012-11-15,90000,93000.0,89900.0,92700.0,67514.0,927.0
2012-11-16,93000,95700.0,92700.0,95400.0,102165.0,954.0
2012-11-19,97000,97000.0,95300.0,95400.0,40863.0,954.0
2012-11-20,96700,96900.0,94800.0,95900.0,46714.0,959.0
2012-11-21,97000,97800.0,95000.0,96100.0,42661.0,961.0
2012-11-22,97500,97800.0,96600.0,97700.0,32747.0,977.0
2012-11-26,98400,99000.0,96900.0,97100.0,37719.0,971.0
2012-11-27,96700,97600.0,96100.0,96700.0,48598.0,967.0
2012-11-28,96000,96100.0,93600.0,93600.0,36045.0,936.0
2012-11-29,94800,94800.0,93200.0,93600.0,31202.0,936.0
2012-11-30,93900,94800.0,92900.0,93400.0,44923.0,934.0
2012-12-03,94700,95000.0,93400.0,93400.0,29203.0,934.0
2012-12-04,93400,94500.0,92800.0,94200.0,26698.0,942.0
2012-12-05,93400,94700.0,93100.0,94100.0,34406.0,941.0
2012-12-06,94800,95300.0,93700.0,94500.0,30054.0,945.0
2012-12-07,94800,96000.0,94500.0,95600.0,40955.0,956.0
2012-12-10,96000,96800.0,94200.0,94800.0,32233.0,948.0
2012-12-11,94900,94900.0,93200.0,94600.0,21167.0,946.0
2012-12-12,95100,95200.0,94000.0,94300.0,18236.0,943.0
2012-12-13,95600,98000.0,94900.0,96600.0,63027.0,966.0
2012-12-14,95500,97500.0,95500.0,97200.0,57208.0,972.0
2012-12-17,99900,101300.0,99500.0,99900.0,73247.0,999.0
2012-12-18,101300,104400.0,100300.0,103800.0,73852.0,1038.0
2012-12-19,108000,113400.0,107200.0,113200.0,98843.0,1132.0
2012-12-20,112300,113000.0,109000.0,112400.0,70334.0,1124.0
2012-12-21,116200,116700.0,110600.0,112800.0,70863.0,1128.0
2012-12-25,115300,115400.0,113300.0,114300.0,29350.0,1143.0
2012-12-26,114600,116300.0,114300.0,116100.0,32615.0,1161.0
2012-12-27,117900,119300.0,117000.0,118400.0,42123.0,1184.0
2012-12-28,119000,120400.0,117500.0,119900.0,46537.0,1199.0
2013-01-04,125000,128900.0,124200.0,128100.0,73826.0,1281.0
2013-01-07,129800,129800.0,124800.0,125600.0,56663.0,1256.0
2013-01-08,123000,125400.0,118900.0,119800.0,83830.0,1198.0
2013-01-09,118000,124100.0,117200.0,122800.0,63241.0,1228.0
2013-01-10,124000,129000.0,124000.0,128500.0,79454.0,1285.0
2013-01-11,130000,132400.0,129900.0,131700.0,74156.0,1317.0
2013-01-15,134700,139400.0,132800.0,133900.0,88313.0,1339.0
2013-01-16,131700,132000.0,128800.0,130000.0,63404.0,1300.0
2013-01-17,132400,133900.0,125000.0,127500.0,74976.0,1275.0
2013-01-18,132000,135500.0,131500.0,135500.0,73138.0,1355.0
2013-01-21,134500,134600.0,131100.0,131400.0,44374.0,1314.0
2013-01-22,131100,133700.0,127700.0,130000.0,75980.0,1300.0
2013-01-23,126200,127600.0,123000.0,123600.0,75734.0,1236.0
2013-01-24,122700,127900.0,121000.0,127200.0,63237.0,1272.0
2013-01-25,131200,131400.0,128000.0,129400.0,55277.0,1294.0
2013-01-28,132000,132800.0,129000.0,130000.0,47880.0,1300.0
2013-01-29,128000,132000.0,127800.0,131900.0,61606.0,1319.0
2013-01-30,132000,133500.0,130600.0,132900.0,49098.0,1329.0
2013-01-31,131300,132300.0,129100.0,131100.0,62633.0,1311.0
2013-02-01,131600,134800.0,130600.0,133400.0,84898.0,1334.0
2013-02-04,134300,137200.0,133700.0,136600.0,74870.0,1366.0
2013-02-05,133500,135200.0,132100.0,132500.0,52523.0,1325.0
2013-02-06,136300,137400.0,135200.0,135600.0,71495.0,1356.0
2013-02-07,135000,136200.0,132900.0,133400.0,45604.0,1334.0
2013-02-08,131700,133500.0,128900.0,129200.0,70789.0,1292.0
2013-02-12,132200,134000.0,130600.0,130700.0,44992.0,1307.0
2013-02-13,135000,138300.0,134200.0,135300.0,123888.0,1353.0
2013-02-14,136900,137700.0,134300.0,134300.0,77734.0,1343.0
2013-02-15,133500,133700.0,127700.0,130300.0,68357.0,1303.0
2013-02-18,133200,135200.0,132500.0,134900.0,59936.0,1349.0
2013-02-19,133200,135100.0,131800.0,133500.0,40339.0,1335.0
2013-02-20,134900,135000.0,133600.0,134200.0,37590.0,1342.0
2013-02-21,133200,134800.0,130400.0,130500.0,60269.0,1305.0
2013-02-22,129500,132300.0,129000.0,131300.0,67435.0,1313.0
2013-02-25,135000,135000.0,132200.0,133200.0,44445.0,1332.0
2013-02-26,131900,132700.0,130000.0,130400.0,68703.0,1304.0
2013-02-27,130800,130800.0,128000.0,128400.0,65626.0,1284.0
2013-02-28,130200,131200.0,129700.0,130000.0,62620.0,1300.0
2013-03-01,128700,131900.0,128500.0,130300.0,43010.0,1303.0
2013-03-04,131300,133400.0,130300.0,130800.0,45040.0,1308.0
2013-03-05,130800,131000.0,123800.0,124300.0,114392.0,1243.0
2013-03-06,126200,127400.0,124700.0,125400.0,59415.0,1254.0
2013-03-07,126300,127400.0,124000.0,124500.0,52892.0,1245.0
2013-03-08,126500,128400.0,125200.0,127600.0,82205.0,1276.0
2013-03-11,129500,132500.0,128600.0,130600.0,65081.0,1306.0
2013-03-12,131300,133200.0,130900.0,131500.0,59972.0,1315.0
2013-03-13,130700,131900.0,129200.0,130600.0,42743.0,1306.0
2013-03-14,131300,131400.0,127400.0,129800.0,41896.0,1298.0
2013-03-15,129700,130900.0,128700.0,129000.0,53517.0,1290.0
2013-03-18,125200,125300.0,123500.0,123900.0,78311.0,1239.0
2013-03-19,124700,125800.0,124200.0,124500.0,40519.0,1245.0
2013-03-21,125000,126000.0,124600.0,125600.0,62829.0,1256.0
2013-03-22,124900,126200.0,124100.0,124300.0,47289.0,1243.0
2013-03-25,124900,127400.0,124600.0,126200.0,57720.0,1262.0
2013-03-26,124900,125500.0,124100.0,125300.0,57575.0,1253.0
2013-03-27,124200,124200.0,122900.0,123600.0,47422.0,1236.0
2013-03-28,123400,125400.0,122800.0,125400.0,64651.0,1254.0
2013-03-29,125500,127100.0,122700.0,126500.0,63874.0,1265.0
2013-04-01,125900,126200.0,122800.0,123000.0,36652.0,1230.0
2013-04-02,121000,121100.0,117000.0,118600.0,96777.0,1186.0
2013-04-03,118700,120000.0,116300.0,119100.0,67913.0,1191.0
2013-04-04,117000,120400.0,115100.0,118000.0,133735.0,1180.0
2013-04-05,118600,118900.0,100400.0,110500.0,436257.0,1105.0
2013-04-08,113500,119900.0,113000.0,115200.0,158601.0,1152.0
2013-04-09,118200,118500.0,115500.0,117600.0,99966.0,1176.0
2013-04-10,118100,122200.0,118000.0,121700.0,111026.0,1217.0
2013-04-11,125000,129100.0,124800.0,128300.0,154329.0,1283.0
2013-04-12,129600,135600.0,128300.0,135300.0,190239.0,1353.0
2013-04-15,133000,136700.0,132600.0,134600.0,106226.0,1346.0
2013-04-16,133400,133600.0,128400.0,129700.0,109503.0,1297.0
2013-04-17,131600,133300.0,130100.0,132600.0,58119.0,1326.0
2013-04-18,130600,131600.0,129400.0,129500.0,67388.0,1295.0
2013-04-19,129400,130000.0,126600.0,128000.0,59875.0,1280.0
2013-04-22,131000,132300.0,128900.0,129100.0,53061.0,1291.0
2013-04-23,128900,131100.0,128100.0,130800.0,56308.0,1308.0
2013-04-24,132000,134100.0,130800.0,134100.0,70088.0,1341.0
2013-04-25,134100,135800.0,132500.0,133400.0,65159.0,1334.0
2013-04-26,133500,134200.0,131000.0,131400.0,54996.0,1314.0
2013-04-30,133400,135000.0,132600.0,134000.0,54886.0,1340.0
2013-05-01,134500,134600.0,130600.0,130700.0,50531.0,1307.0
2013-05-02,129600,131100.0,128200.0,129200.0,53308.0,1292.0
2013-05-07,132700,133400.0,131200.0,131300.0,65221.0,1313.0
2013-05-08,132000,135000.0,131900.0,133400.0,65069.0,1334.0
2013-05-09,134000,134600.0,130800.0,130900.0,38106.0,1309.0
2013-05-10,134600,142400.0,133600.0,141100.0,156049.0,1411.0
2013-05-13,143500,151700.0,143500.0,150700.0,156479.0,1507.0
2013-05-14,151800,154400.0,148700.0,152100.0,97049.0,1521.0
2013-05-15,155100,160500.0,153500.0,155600.0,153735.0,1556.0
2013-05-16,163300,171000.0,159500.0,161600.0,216524.0,1616.0
2013-05-17,159500,163900.0,159100.0,162800.0,82767.0,1628.0
2013-05-20,165000,168500.0,165000.0,165600.0,76297.0,1656.0
2013-05-21,168200,168300.0,163000.0,163500.0,70795.0,1635.0
2013-05-22,164900,167100.0,162500.0,162900.0,50273.0,1629.0
2013-05-23,166200,170000.0,149900.0,152200.0,132346.0,1522.0
2013-05-24,154100,159400.0,145700.0,150300.0,127050.0,1503.0
2013-05-27,146600,148300.0,140300.0,141200.0,77019.0,1412.0
2013-05-28,140700,147100.0,140000.0,142800.0,57108.0,1428.0
2013-05-29,148800,151900.0,145200.0,145500.0,69772.0,1455.0
2013-05-30,143300,148600.0,140200.0,142100.0,88393.0,1421.0
2013-05-31,144100,144400.0,139500.0,140500.0,70495.0,1405.0
2013-06-03,139300,141900.0,134400.0,134900.0,85048.0,1349.0
2013-06-04,132000,139900.0,131400.0,138800.0,74644.0,1388.0
2013-06-05,140200,140200.0,132600.0,133900.0,86482.0,1339.0
2013-06-06,130900,133000.0,128700.0,129400.0,93902.0,1294.0
2013-06-07,127100,132500.0,124600.0,128600.0,65529.0,1286.0
2013-06-10,133700,134500.0,130000.0,131000.0,58831.0,1310.0
2013-06-11,131500,135500.0,130900.0,132300.0,61837.0,1323.0
2013-06-12,130000,130800.0,124900.0,129000.0,69820.0,1290.0
2013-06-13,124900,126600.0,122000.0,125000.0,65662.0,1250.0
2013-06-14,130800,131600.0,125200.0,125700.0,73268.0,1257.0
2013-06-17,124000,130300.0,124000.0,129600.0,30877.0,1296.0
2013-06-18,129400,132000.0,128400.0,130900.0,38513.0,1309.0
2013-06-19,132900,135000.0,132100.0,134100.0,38272.0,1341.0
2013-06-20,132000,134100.0,130500.0,130600.0,58357.0,1306.0
2013-06-21,127600,133900.0,127300.0,131900.0,60672.0,1319.0
2013-06-24,134900,136800.0,132300.0,132800.0,38510.0,1328.0
2013-06-25,132900,136100.0,131000.0,133600.0,46161.0,1336.0
2013-06-26,135000,137400.0,132200.0,134700.0,54918.0,1347.0
2013-06-27,135000,136800.0,134200.0,135700.0,40954.0,1357.0
2013-06-28,138000,145900.0,137700.0,143200.0,95472.0,1432.0
2013-07-01,145900,148500.0,143700.0,145600.0,54442.0,1456.0
2013-07-02,148600,149500.0,146000.0,149500.0,45675.0,1495.0
2013-07-03,150400,154600.0,150300.0,152000.0,64220.0,1520.0
2013-07-04,151100,154800.0,150900.0,153300.0,55426.0,1533.0
2013-07-05,154800,155000.0,153400.0,154900.0,34734.0,1549.0
2013-07-08,154800,158000.0,151700.0,151700.0,36877.0,1517.0
2013-07-09,154000,157300.0,154000.0,154800.0,45330.0,1548.0
2013-07-10,154800,157200.0,154300.0,155100.0,33116.0,1551.0
2013-07-11,153100,155900.0,151200.0,151600.0,40711.0,1516.0
2013-07-12,151200,154600.0,151200.0,153300.0,40114.0,1533.0
2013-07-16,154900,155000.0,153500.0,154000.0,23025.0,1540.0
2013-07-17,153100,154800.0,152700.0,154000.0,29353.0,1540.0
2013-07-18,153700,154300.0,152500.0,152900.0,30809.0,1529.0
2013-07-19,153500,153700.0,149300.0,152000.0,44787.0,1520.0
2013-07-22,153500,154800.0,151200.0,152500.0,36221.0,1525.0
2013-07-23,152000,153500.0,151300.0,152400.0,31608.0,1524.0
2013-07-24,152300,153500.0,151800.0,153200.0,27094.0,1532.0
2013-07-25,152100,152900.0,144200.0,145000.0,56682.0,1450.0
2013-07-26,140200,143400.0,138600.0,139600.0,48213.0,1396.0
2013-07-29,138200,140500.0,135200.0,135600.0,47756.0,1356.0
2013-07-30,136100,139200.0,135200.0,138200.0,29963.0,1382.0
2013-07-31,135500,136600.0,133500.0,133700.0,39599.0,1337.0
2013-08-01,132700,138000.0,132000.0,138000.0,35248.0,1380.0
2013-08-02,138800,145000.0,138700.0,144900.0,44315.0,1449.0
2013-08-05,141500,142200.0,138200.0,140200.0,35514.0,1402.0
2013-08-06,139400,141400.0,138100.0,141400.0,31585.0,1414.0
2013-08-07,137800,139000.0,136100.0,136500.0,31470.0,1365.0
2013-08-08,135000,137000.0,133300.0,135000.0,38128.0,1350.0
2013-08-09,136500,137900.0,135200.0,135400.0,24773.0,1354.0
2013-08-12,136300,139500.0,133700.0,134300.0,54051.0,1343.0
2013-08-13,135700,137700.0,134800.0,135800.0,28199.0,1358.0
2013-08-14,137200,138200.0,135400.0,137800.0,24997.0,1378.0
2013-08-15,135400,137600.0,135000.0,135900.0,21361.0,1359.0
2013-08-16,134100,135500.0,132500.0,133500.0,32668.0,1335.0
2013-08-19,132600,135100.0,132600.0,135100.0,23654.0,1351.0
2013-08-20,134100,137800.0,132900.0,133000.0,32005.0,1330.0
2013-08-21,132400,132900.0,130000.0,131500.0,34467.0,1315.0
2013-08-22,131000,134300.0,130500.0,133000.0,31972.0,1330.0
2013-08-23,136900,138400.0,135800.0,137300.0,30248.0,1373.0
2013-08-26,138000,138400.0,135800.0,136400.0,19900.0,1364.0
2013-08-27,135000,135200.0,133100.0,133600.0,31434.0,1336.0
2013-08-28,131000,132600.0,129700.0,131500.0,31947.0,1315.0
2013-08-29,131600,132300.0,130600.0,131900.0,17964.0,1319.0
2013-08-30,133300,133900.0,130400.0,131800.0,37581.0,1318.0
2013-09-02,132200,133700.0,131600.0,132500.0,17506.0,1325.0
2013-09-03,134000,138000.0,134000.0,137900.0,34134.0,1379.0
2013-09-04,136000,137800.0,135500.0,136800.0,27601.0,1368.0
2013-09-05,138200,139500.0,136600.0,138500.0,41110.0,1385.0
2013-09-06,139200,140700.0,136800.0,138300.0,26368.0,1383.0
2013-09-09,144300,144300.0,139800.0,141900.0,32491.0,1419.0
2013-09-10,143800,146400.0,143500.0,145300.0,54273.0,1453.0
2013-09-11,146100,147700.0,144700.0,145300.0,29904.0,1453.0
2013-09-12,144700,147900.0,143800.0,147400.0,30944.0,1474.0
2013-09-13,146600,148000.0,146300.0,146900.0,49496.0,1469.0
2013-09-17,146200,147400.0,144100.0,145300.0,23180.0,1453.0
2013-09-18,145100,145500.0,142900.0,144600.0,34400.0,1446.0
2013-09-19,145100,146500.0,141900.0,146500.0,37986.0,1465.0
2013-09-20,147900,149500.0,145000.0,145800.0,44958.0,1458.0
2013-09-24,143000,144000.0,141000.0,142000.0,40633.0,1420.0
2013-09-25,141500,142500.0,140400.0,142000.0,22386.0,1420.0
2013-09-26,1412,1485.0,1393.0,1476.0,2996500.0,1476.0
2013-09-27,1475,1483.0,1416.0,1428.0,3029100.0,1428.0
2013-09-30,1400,1417.0,1387.0,1400.0,2409300.0,1400.0
2013-10-01,1409,1436.0,1403.0,1404.0,3289300.0,1404.0
2013-10-02,1404,1424.0,1371.0,1377.0,3787600.0,1377.0
2013-10-03,1375,1393.0,1361.0,1371.0,3024400.0,1371.0
2013-10-04,1359,1369.0,1332.0,1333.0,4751200.0,1333.0
2013-10-07,1328,1331.0,1277.0,1292.0,5418000.0,1292.0
2013-10-08,1274,1298.0,1250.0,1288.0,5587200.0,1288.0
2013-10-09,1272,1335.0,1261.0,1329.0,3749500.0,1329.0
2013-10-10,1335,1337.0,1311.0,1329.0,2609600.0,1329.0
2013-10-11,1346,1357.0,1335.0,1344.0,3160100.0,1344.0
2013-10-15,1344,1360.0,1334.0,1335.0,2780800.0,1335.0
2013-10-16,1343,1362.0,1339.0,1349.0,2616500.0,1349.0
2013-10-17,1378,1390.0,1371.0,1377.0,3467100.0,1377.0
2013-10-18,1374,1379.0,1350.0,1357.0,2841800.0,1357.0
2013-10-21,1358,1371.0,1352.0,1360.0,1908400.0,1360.0
2013-10-22,1374,1400.0,1370.0,1381.0,3894000.0,1381.0
2013-10-23,1395,1404.0,1356.0,1358.0,4657200.0,1358.0
2013-10-24,1365,1372.0,1333.0,1365.0,5069200.0,1365.0
2013-10-25,1392,1393.0,1348.0,1357.0,5574000.0,1357.0
2013-10-28,1376,1384.0,1361.0,1376.0,2659600.0,1376.0
2013-10-29,1366,1394.0,1364.0,1382.0,2866600.0,1382.0
2013-10-30,1393,1408.0,1384.0,1407.0,8004500.0,1407.0
2013-10-31,1406,1416.0,1393.0,1396.0,3031300.0,1396.0
2013-11-01,1400,1401.0,1362.0,1371.0,2545100.0,1371.0
2013-11-05,1386,1393.0,1358.0,1364.0,2046900.0,1364.0
2013-11-06,1361,1389.0,1356.0,1381.0,2226000.0,1381.0
2013-11-07,1393,1400.0,1376.0,1390.0,2145900.0,1390.0
2013-11-08,1369,1377.0,1349.0,1354.0,2471800.0,1354.0
2013-11-11,1381,1390.0,1362.0,1371.0,2196800.0,1371.0
2013-11-12,1372,1422.0,1371.0,1420.0,4653300.0,1420.0
2013-11-13,1420,1438.0,1416.0,1425.0,3027300.0,1425.0
2013-11-14,1428,1462.0,1424.0,1447.0,3971900.0,1447.0
2013-11-15,1500,1559.0,1495.0,1542.0,10885300.0,1542.0
2013-11-18,1549,1574.0,1530.0,1547.0,5382500.0,1547.0
2013-11-19,1549,1554.0,1523.0,1528.0,4777500.0,1528.0
2013-11-20,1531,1542.0,1503.0,1519.0,2920100.0,1519.0
2013-11-21,1520,1560.0,1520.0,1548.0,4109900.0,1548.0
2013-11-22,1564,1584.0,1555.0,1573.0,6147700.0,1573.0
2013-11-25,1591,1594.0,1580.0,1588.0,4083700.0,1588.0
2013-11-26,1564,1577.0,1552.0,1562.0,2574300.0,1562.0
2013-11-27,1548,1588.0,1546.0,1578.0,3478500.0,1578.0
2013-11-28,1594,1609.0,1588.0,1607.0,4737600.0,1607.0
2013-11-29,1607,1619.0,1596.0,1605.0,5986900.0,1605.0
2013-12-02,1608,1626.0,1596.0,1609.0,3309600.0,1609.0
2013-12-03,1629,1650.0,1621.0,1635.0,4756000.0,1635.0
2013-12-04,1610,1619.0,1571.0,1573.0,4920300.0,1573.0
2013-12-05,1556,1575.0,1551.0,1555.0,3320400.0,1555.0
2013-12-06,1556,1604.0,1548.0,1600.0,3666600.0,1600.0
2013-12-09,1616,1642.0,1610.0,1621.0,3749700.0,1621.0
2013-12-10,1617,1625.0,1601.0,1608.0,2390600.0,1608.0
2013-12-11,1595,1598.0,1562.0,1570.0,3513500.0,1570.0
2013-12-12,1550,1579.0,1535.0,1570.0,2573200.0,1570.0
2013-12-13,1561,1605.0,1539.0,1584.0,7362500.0,1584.0
2013-12-16,1584,1587.0,1558.0,1561.0,2261000.0,1561.0
2013-12-17,1596,1620.0,1594.0,1620.0,4664700.0,1620.0
2013-12-18,1605,1644.0,1603.0,1644.0,4895900.0,1644.0
2013-12-19,1670,1694.0,1669.0,1685.0,7106300.0,1685.0
2013-12-20,1687,1696.0,1639.0,1687.0,6276600.0,1687.0
2013-12-24,1700,1707.0,1665.0,1672.0,6308700.0,1672.0
2013-12-25,1682,1700.0,1680.0,1698.0,4154700.0,1698.0
2013-12-26,1700,1759.0,1699.0,1752.0,5031800.0,1752.0
2013-12-27,1770,1788.0,1735.0,1751.0,3482600.0,1751.0
2013-12-30,1773,1779.0,1745.0,1757.0,3410700.0,1757.0
2014-01-06,1738,1757.0,1712.0,1736.0,3283600.0,1736.0
2014-01-07,1726,1765.0,1713.0,1744.0,4276500.0,1744.0
2014-01-08,1757,1764.0,1714.0,1762.0,4182800.0,1762.0
2014-01-09,1763,1787.0,1755.0,1782.0,4875800.0,1782.0
2014-01-10,1775,1780.0,1761.0,1769.0,3914200.0,1769.0
2014-01-14,1735,1735.0,1670.0,1695.0,6550300.0,1695.0
2014-01-15,1730,1769.0,1720.0,1769.0,4613300.0,1769.0
2014-01-16,1779,1800.0,1766.0,1777.0,3412500.0,1777.0
2014-01-17,1752,1757.0,1725.0,1730.0,4498800.0,1730.0
2014-01-20,1747,1747.0,1711.0,1728.0,3099900.0,1728.0
2014-01-21,1728,1781.0,1720.0,1762.0,4261600.0,1762.0
2014-01-22,1751,1768.0,1739.0,1759.0,3238300.0,1759.0
2014-01-23,1770,1774.0,1736.0,1738.0,5242900.0,1738.0
2014-01-24,1698,1700.0,1619.0,1650.0,7708900.0,1650.0
2014-01-27,1590,1597.0,1558.0,1558.0,9057100.0,1558.0
2014-01-28,1598,1604.0,1571.0,1571.0,7207900.0,1571.0
2014-01-29,1606,1642.0,1590.0,1639.0,4094700.0,1639.0
2014-01-30,1585,1603.0,1559.0,1569.0,5187000.0,1569.0
2014-01-31,1594,1598.0,1541.0,1559.0,4100400.0,1559.0
2014-02-03,1538,1566.0,1518.0,1524.0,3783200.0,1524.0
2014-02-04,1454,1466.0,1419.0,1420.0,8982500.0,1420.0
2014-02-05,1462,1483.0,1448.0,1458.0,7723600.0,1458.0
2014-02-06,1470,1481.0,1454.0,1463.0,3582100.0,1463.0
2014-02-07,1522,1534.0,1491.0,1533.0,5212800.0,1533.0
2014-02-10,1570,1576.0,1501.0,1516.0,3634100.0,1516.0
2014-02-12,1546,1558.0,1518.0,1533.0,5350500.0,1533.0
2014-02-13,1555,1557.0,1494.0,1510.0,4164200.0,1510.0
2014-02-14,1537,1605.0,1497.0,1527.0,10248900.0,1527.0
2014-02-17,1522,1553.0,1512.0,1532.0,3843700.0,1532.0
2014-02-18,1541,1583.0,1526.0,1579.0,4616900.0,1579.0
2014-02-19,1580,1581.0,1554.0,1567.0,2694600.0,1567.0
2014-02-20,1553,1558.0,1507.0,1513.0,3390900.0,1513.0
2014-02-21,1541,1563.0,1533.0,1552.0,3460400.0,1552.0
2014-02-24,1547,1571.0,1511.0,1534.0,3348700.0,1534.0
2014-02-25,1548,1557.0,1537.0,1546.0,2150200.0,1546.0
2014-02-26,1524,1538.0,1513.0,1516.0,2573300.0,1516.0
2014-02-27,1512,1517.0,1460.0,1471.0,5416500.0,1471.0
2014-02-28,1462,1486.0,1453.0,1484.0,4952700.0,1484.0
2014-03-03,1470,1483.0,1450.0,1480.0,4511800.0,1480.0
2014-03-04,1474,1514.0,1466.0,1505.0,4309300.0,1505.0
2014-03-05,1527,1543.0,1527.0,1534.0,3825100.0,1534.0
2014-03-06,1527,1565.0,1519.0,1556.0,4883900.0,1556.0
2014-03-07,1585,1585.0,1536.0,1551.0,3725100.0,1551.0
2014-03-10,1541,1558.0,1511.0,1517.0,4888200.0,1517.0
2014-03-11,1527,1561.0,1522.0,1555.0,4087200.0,1555.0
2014-03-12,1527,1534.0,1514.0,1522.0,3082000.0,1522.0
2014-03-13,1532,1535.0,1514.0,1514.0,3415000.0,1514.0
2014-03-14,1458,1465.0,1433.0,1449.0,7458600.0,1449.0
2014-03-17,1445,1456.0,1432.0,1454.0,3728000.0,1454.0
2014-03-18,1489,1515.0,1453.0,1455.0,3457900.0,1455.0
2014-03-19,1467,1489.0,1446.0,1462.0,2916800.0,1462.0
2014-03-20,1470,1472.0,1414.0,1428.0,4338600.0,1428.0
2014-03-24,1433,1442.0,1401.0,1414.0,3784900.0,1414.0
2014-03-25,1396,1424.0,1338.0,1415.0,8270400.0,1415.0
2014-03-26,1423,1452.0,1422.0,1448.0,3796900.0,1448.0
2014-03-27,1416,1417.0,1371.0,1405.0,5496900.0,1405.0
2014-03-28,1398,1462.0,1381.0,1462.0,5242900.0,1462.0
2014-03-31,1498,1506.0,1479.0,1500.0,4552900.0,1500.0
2014-04-01,1497,1523.0,1491.0,1512.0,3242900.0,1512.0
2014-04-02,1510,1538.0,1504.0,1507.0,4307100.0,1507.0
2014-04-03,1510,1540.0,1496.0,1523.0,4118600.0,1523.0
2014-04-04,1517,1550.0,1509.0,1542.0,3233400.0,1542.0
2014-04-07,1509,1516.0,1477.0,1485.0,4474400.0,1485.0
2014-04-08,1467,1468.0,1421.0,1425.0,7761400.0,1425.0
2014-04-09,1416,1418.0,1390.0,1396.0,7826000.0,1396.0
2014-04-10,1410,1411.0,1364.0,1369.0,4853000.0,1369.0
2014-04-11,1321,1339.0,1310.0,1331.0,6768500.0,1331.0
2014-04-14,1316,1368.0,1311.0,1342.0,3399600.0,1342.0
2014-04-15,1363,1370.0,1350.0,1355.0,2885300.0,1355.0
2014-04-16,1375,1409.0,1365.0,1407.0,3481200.0,1407.0
2014-04-17,1397,1419.0,1386.0,1401.0,3929800.0,1401.0
2014-04-18,1417,1417.0,1396.0,1409.0,2072300.0,1409.0
2014-04-21,1410,1420.0,1398.0,1404.0,2418600.0,1404.0
2014-04-22,1414,1415.0,1383.0,1383.0,3126600.0,1383.0
2014-04-23,1396,1417.0,1393.0,1408.0,3663100.0,1408.0
2014-04-24,1411,1442.0,1408.0,1420.0,3499300.0,1420.0
2014-04-25,1413,1448.0,1402.0,1439.0,3450000.0,1439.0
2014-04-28,1410,1426.0,1401.0,1410.0,3124900.0,1410.0
2014-04-30,1428,1438.0,1406.0,1414.0,3743100.0,1414.0
2014-05-01,1423,1457.0,1422.0,1454.0,2784500.0,1454.0
2014-05-02,1458,1467.0,1454.0,1461.0,3305700.0,1461.0
2014-05-07,1449,1476.0,1435.0,1438.0,5846700.0,1438.0
2014-05-08,1446,1475.0,1440.0,1459.0,3935200.0,1459.0
2014-05-09,1448,1475.0,1447.0,1467.0,2717700.0,1467.0
2014-05-12,1470,1482.0,1466.0,1468.0,2479100.0,1468.0
2014-05-13,1503,1514.0,1491.0,1500.0,2524100.0,1500.0
2014-05-14,1500,1505.0,1492.0,1505.0,1995200.0,1505.0
2014-05-15,1485,1490.0,1477.0,1483.0,3803600.0,1483.0
2014-05-16,1453,1487.0,1448.0,1467.0,3234500.0,1467.0
2014-05-19,1459,1461.0,1440.0,1442.0,2836800.0,1442.0
2014-05-20,1450,1457.0,1439.0,1440.0,3314700.0,1440.0
2014-05-21,1424,1448.0,1420.0,1436.0,2729300.0,1436.0
2014-05-22,1448,1484.0,1435.0,1477.0,2963800.0,1477.0
2014-05-23,1480,1501.0,1470.0,1495.0,2831400.0,1495.0
2014-05-26,1505,1510.0,1494.0,1507.0,2010800.0,1507.0
2014-05-27,1505,1526.0,1503.0,1508.0,2577900.0,1508.0
2014-05-28,1523,1536.0,1520.0,1527.0,3481300.0,1527.0
2014-05-29,1513,1533.0,1512.0,1525.0,1879000.0,1525.0
2014-05-30,1532,1534.0,1500.0,1508.0,4111500.0,1508.0
2014-06-02,1471,1488.0,1380.0,1433.0,24925100.0,1433.0
2014-06-03,1456,1458.0,1428.0,1447.0,9813700.0,1447.0
2014-06-04,1445,1516.0,1444.0,1499.0,11343600.0,1499.0
2014-06-05,1499,1535.0,1494.0,1500.0,5904700.0,1500.0
2014-06-06,1514,1525.0,1510.0,1519.0,4922700.0,1519.0
2014-06-09,1524,1527.0,1507.0,1511.0,2941400.0,1511.0
2014-06-10,1515,1523.0,1500.0,1505.0,2602800.0,1505.0
2014-06-11,1509,1535.0,1509.0,1535.0,3293900.0,1535.0
2014-06-12,1535,1544.0,1524.0,1542.0,3191400.0,1542.0
2014-06-13,1514,1545.0,1513.0,1536.0,4903100.0,1536.0
2014-06-16,1540,1554.0,1533.0,1539.0,3191900.0,1539.0
2014-06-17,1530,1538.0,1512.0,1514.0,3283900.0,1514.0
2014-06-18,1509,1510.0,1492.0,1503.0,4653300.0,1503.0
2014-06-19,1505,1538.0,1505.0,1534.0,3394300.0,1534.0
2014-06-20,1537,1552.0,1536.0,1543.0,3246700.0,1543.0
2014-06-23,1553,1557.0,1522.0,1529.0,3082300.0,1529.0
2014-06-24,1531,1541.0,1520.0,1535.0,2605600.0,1535.0
2014-06-25,1522,1526.0,1498.0,1499.0,3807900.0,1499.0
2014-06-26,1511,1515.0,1502.0,1505.0,3025400.0,1505.0
2014-06-27,1513,1513.0,1487.0,1494.0,4085000.0,1494.0
2014-06-30,1503,1512.0,1493.0,1509.0,3250100.0,1509.0
2014-07-01,1512,1535.0,1507.0,1529.0,3668200.0,1529.0
2014-07-02,1541,1544.0,1531.0,1537.0,2173100.0,1537.0
2014-07-03,1522,1534.0,1497.0,1502.0,4455400.0,1502.0
2014-07-04,1492,1507.0,1471.0,1479.0,6149200.0,1479.0
2014-07-07,1479,1496.0,1476.0,1492.0,3083600.0,1492.0
2014-07-08,1480,1482.0,1457.0,1469.0,3958400.0,1469.0
2014-07-09,1447,1454.0,1428.0,1440.0,6169800.0,1440.0
2014-07-10,1435,1444.0,1413.0,1428.0,6944700.0,1428.0
2014-07-11,1405,1406.0,1388.0,1398.0,8720500.0,1398.0
2014-07-14,1390,1428.0,1390.0,1421.0,11393900.0,1421.0
2014-07-15,1430,1454.0,1414.0,1445.0,19957000.0,1445.0
2014-07-16,1450,1460.0,1425.0,1426.0,30236900.0,1426.0
2014-07-17,1425,1430.0,1417.0,1426.0,10498900.0,1426.0
2014-07-18,1402,1415.0,1400.0,1413.0,9669100.0,1413.0
2014-07-22,1415.0,1424.0,1412.0,1416.0,7599800.0,1416.0
2014-07-23,1419.0,1436.0,1410.0,1424.0,21723700.0,1424.0
2014-07-24,1424.0,1443.0,1419.5,1440.0,57206600.0,1440.0
2014-07-25,1443.5,1460.0,1442.5,1457.0,18435400.0,1457.0
2014-07-28,1448.0,1459.0,1439.5,1456.5,8119400.0,1456.5
2014-07-29,1458.0,1461.5,1434.5,1447.5,5343800.0,1447.5
2014-07-30,1451.0,1457.0,1443.5,1454.5,5856500.0,1454.5
2014-07-31,1464.5,1475.0,1464.0,1473.0,12609800.0,1473.0
2014-08-01,1465.5,1468.5,1456.5,1459.5,6323400.0,1459.5
2014-08-04,1450.5,1461.5,1449.5,1455.5,4624900.0,1455.5
2014-08-05,1463.0,1464.0,1429.5,1432.5,5796100.0,1432.5
2014-08-06,1434.5,1439.5,1409.5,1420.0,5909500.0,1420.0
2014-08-07,1412.0,1430.0,1406.0,1428.0,4714500.0,1428.0
2014-08-08,1418.5,1422.0,1384.0,1387.0,6438100.0,1387.0
2014-08-11,1425.0,1430.0,1408.0,1426.5,4583300.0,1426.5
2014-08-12,1430.0,1433.0,1416.0,1429.0,3127400.0,1429.0
2014-08-13,1430.0,1441.0,1420.0,1439.0,3393700.0,1439.0
2014-08-14,1441.5,1448.5,1434.0,1438.0,3173700.0,1438.0
2014-08-15,1445.0,1447.0,1437.0,1440.0,2210900.0,1440.0
2014-08-18,1445.5,1446.5,1437.0,1443.5,2326700.0,1443.5
2014-08-19,1446.0,1459.0,1445.0,1451.5,3792700.0,1451.5
2014-08-20,1456.5,1457.0,1445.5,1450.0,3785100.0,1450.0
2014-08-21,1458.0,1473.5,1457.0,1470.5,4947900.0,1470.5
2014-08-22,1490.0,1497.0,1485.5,1489.0,7850800.0,1489.0
2014-08-25,1493.0,1498.0,1485.5,1491.5,3937000.0,1491.5
2014-08-26,1487.5,1491.0,1469.0,1475.5,3443100.0,1475.5
2014-08-27,1489.0,1497.5,1485.5,1497.0,4137600.0,1497.0
2014-08-28,1484.0,1493.5,1475.5,1489.5,3348500.0,1489.5
2014-08-29,1474.0,1495.0,1474.0,1490.5,6422300.0,1490.5
2014-09-01,1490.5,1494.5,1488.0,1494.0,2166500.0,1494.0
2014-09-02,1495.0,1522.5,1490.0,1512.0,5851500.0,1512.0
2014-09-03,1522.0,1547.5,1522.0,1531.5,6382000.0,1531.5
2014-09-04,1530.0,1550.0,1526.0,1546.0,5453000.0,1546.0
2014-09-05,1545.0,1570.0,1545.0,1560.0,6642400.0,1560.0
2014-09-08,1570.0,1573.0,1546.0,1556.0,3514700.0,1556.0
2014-09-09,1573.0,1599.5,1570.0,1588.5,5164200.0,1588.5
2014-09-10,1587.5,1600.0,1583.0,1598.0,4038400.0,1598.0
2014-09-11,1610.0,1647.5,1609.5,1631.5,6870800.0,1631.5
2014-09-12,1631.5,1638.0,1618.0,1629.5,6940900.0,1629.5
2014-09-16,1622.5,1622.5,1603.0,1607.0,4301000.0,1607.0
2014-09-17,1602.0,1612.0,1581.0,1582.0,4917400.0,1582.0
2014-09-18,1598.5,1622.5,1598.0,1614.5,6417400.0,1614.5
2014-09-19,1620.0,1663.5,1620.0,1656.5,7867200.0,1656.5
2014-09-22,1644.0,1677.0,1640.5,1653.0,4253200.0,1653.0
2014-09-24,1638.0,1645.0,1610.5,1616.5,5996900.0,1616.5
2014-09-25,1629.0,1668.5,1627.5,1650.5,6886600.0,1650.5
2014-09-26,1625.0,1636.0,1623.0,1629.5,4393600.0,1629.5
2014-09-29,1647.0,1656.0,1635.0,1642.0,4037900.0,1642.0
2014-09-30,1650.0,1650.0,1613.5,1628.0,4931500.0,1628.0
2014-10-01,1620.0,1625.5,1607.5,1609.0,3996800.0,1609.0
2014-10-02,1595.5,1596.0,1547.0,1548.5,6937900.0,1548.5
2014-10-03,1540.0,1556.5,1532.0,1544.5,5419000.0,1544.5
2014-10-06,1562.5,1569.0,1552.0,1555.0,4557000.0,1555.0
2014-10-07,1563.0,1598.0,1562.5,1569.0,5172300.0,1569.0
2014-10-08,1531.0,1549.0,1521.0,1540.0,6774100.0,1540.0
2014-10-09,1539.5,1540.5,1515.5,1518.0,4832300.0,1518.0
2014-10-10,1473.5,1495.0,1472.0,1484.5,5921500.0,1484.5
2014-10-14,1450.0,1468.0,1444.5,1452.0,7486300.0,1452.0
2014-10-15,1456.0,1475.5,1445.5,1471.0,5126400.0,1471.0
2014-10-16,1442.0,1459.5,1429.0,1448.5,6121500.0,1448.5
2014-10-17,1444.0,1453.5,1396.5,1412.5,10354000.0,1412.5
2014-10-20,1450.0,1481.5,1447.0,1469.5,6903800.0,1469.5
2014-10-21,1478.5,1480.0,1441.0,1448.5,3709200.0,1448.5
2014-10-22,1472.5,1487.0,1464.5,1478.0,4210200.0,1478.0
2014-10-23,1479.5,1484.5,1459.5,1470.5,4248400.0,1470.5
2014-10-24,1486.0,1492.5,1472.5,1480.5,4002600.0,1480.5
2014-10-27,1499.0,1510.0,1492.5,1504.0,3446000.0,1504.0
2014-10-28,1497.5,1507.5,1483.5,1497.5,3436100.0,1497.5
2014-10-29,1512.0,1546.0,1511.0,1537.0,5353200.0,1537.0
2014-10-30,1546.0,1552.5,1533.5,1552.5,8151100.0,1552.5
2014-10-31,1574.5,1660.0,1565.0,1650.0,12473400.0,1650.0
2014-11-04,1800.0,1807.0,1686.5,1689.0,12767500.0,1689.0
2014-11-05,1689.0,1714.5,1681.5,1712.0,7889300.0,1712.0
2014-11-06,1708.0,1709.0,1671.5,1677.0,6410300.0,1677.0
2014-11-07,1695.0,1699.0,1674.0,1688.5,4198400.0,1688.5
2014-11-10,1676.0,1688.0,1668.0,1686.0,2152400.0,1686.0
2014-11-11,1690.0,1733.5,1687.0,1715.5,5115600.0,1715.5
2014-11-12,1731.0,1756.0,1716.5,1723.5,6707800.0,1723.5
2014-11-13,1705.5,1755.0,1703.5,1746.5,6977000.0,1746.5
2014-11-14,1759.5,1760.0,1722.5,1755.0,5821200.0,1755.0
2014-11-17,1746.0,1749.5,1668.5,1671.0,7358600.0,1671.0
2014-11-18,1700.0,1718.0,1689.0,1717.5,5272200.0,1717.5
2014-11-19,1735.0,1739.5,1707.5,1711.5,3675800.0,1711.5
2014-11-20,1735.0,1738.5,1705.0,1707.0,3146800.0,1707.0
2014-11-21,1700.0,1704.5,1682.5,1703.5,3576500.0,1703.5
2014-11-25,1730.0,1747.0,1728.0,1747.0,5184100.0,1747.0
2014-11-26,1735.0,1751.5,1729.5,1740.0,3040900.0,1740.0
2014-11-27,1728.0,1729.5,1694.5,1694.5,3810500.0,1694.5
2014-11-28,1701.5,1722.0,1694.0,1721.5,3958300.0,1721.5
2014-12-01,1724.0,1746.0,1718.0,1744.0,4060200.0,1744.0
2014-12-02,1736.5,1775.5,1727.5,1772.0,3655300.0,1772.0
2014-12-03,1774.0,1796.5,1753.5,1758.5,4599200.0,1758.5
2014-12-04,1788.0,1816.0,1786.5,1813.0,7278100.0,1813.0
2014-12-05,1803.5,1831.0,1803.5,1830.0,3567800.0,1830.0
2014-12-08,1830.0,1845.5,1791.5,1803.5,4648900.0,1803.5
2014-12-09,1791.0,1799.5,1768.5,1775.0,3568000.0,1775.0
2014-12-10,1800.0,1812.5,1770.0,1788.5,7541900.0,1788.5
2014-12-11,1752.5,1791.0,1732.5,1787.0,4552000.0,1787.0
2014-12-12,1776.0,1817.0,1768.5,1793.5,6216300.0,1793.5
2014-12-15,1759.5,1782.0,1746.5,1750.5,3134800.0,1750.5
2014-12-16,1721.5,1731.5,1710.0,1720.5,4548500.0,1720.5
2014-12-17,1715.0,1759.0,1712.0,1729.5,5580300.0,1729.5
2014-12-18,1763.0,1807.5,1755.5,1783.0,5623900.0,1783.0
2014-12-19,1829.0,1869.5,1826.0,1861.0,7344100.0,1861.0
2014-12-22,1884.0,1899.0,1874.5,1883.0,4813100.0,1883.0
2014-12-24,1930.0,1939.5,1869.5,1876.0,3358300.0,1876.0
2014-12-25,1868.0,1879.5,1861.0,1871.5,1454700.0,1871.5
2014-12-26,1872.0,1881.0,1856.5,1879.5,1876700.0,1879.5
2014-12-29,1895.0,1896.0,1851.0,1882.0,2622700.0,1882.0
2014-12-30,1889.0,1889.0,1841.0,1841.0,2506300.0,1841.0
2015-01-05,1820.5,1826.5,1794.0,1804.0,4412200.0,1804.0
2015-01-06,1752.0,1765.0,1722.0,1722.0,6354900.0,1722.0
2015-01-07,1724.0,1735.0,1702.0,1720.5,4080700.0,1720.5
2015-01-08,1741.5,1752.5,1727.0,1731.5,4728000.0,1731.5
2015-01-09,1735.0,1744.0,1720.0,1730.0,4404800.0,1730.0
2015-01-13,1698.5,1699.0,1650.5,1678.5,6404900.0,1678.5
2015-01-14,1650.0,1668.0,1602.0,1605.5,8259800.0,1605.5
2015-01-15,1600.0,1621.0,1597.0,1614.5,6013000.0,1614.5
2015-01-16,1560.0,1588.5,1533.5,1562.0,9742900.0,1562.0
2015-01-19,1591.5,1597.5,1568.0,1579.5,4679700.0,1579.5
2015-01-20,1596.5,1637.5,1586.0,1626.5,6232100.0,1626.5
2015-01-21,1620.5,1620.5,1561.0,1572.0,6086100.0,1572.0
2015-01-22,1561.5,1591.0,1550.5,1588.0,5887200.0,1588.0
2015-01-23,1628.0,1680.0,1625.5,1672.0,11489900.0,1672.0
2015-01-26,1641.0,1653.0,1622.0,1635.5,4024800.0,1635.5
2015-01-27,1675.5,1684.5,1638.5,1656.5,4699300.0,1656.5
2015-01-28,1640.5,1648.5,1625.5,1637.0,4524100.0,1637.0
2015-01-29,1610.0,1620.0,1587.0,1590.5,4760400.0,1590.5
2015-01-30,1623.5,1632.0,1590.5,1594.0,3919200.0,1594.0
2015-02-02,1561.5,1564.5,1538.5,1545.0,4735400.0,1545.0
2015-02-03,1552.5,1566.5,1542.0,1561.5,5921100.0,1561.5
2015-02-04,1639.0,1671.0,1617.5,1668.0,9820400.0,1668.0
2015-02-05,1656.5,1699.0,1652.5,1669.0,8366800.0,1669.0
2015-02-06,1695.0,1706.0,1652.0,1657.0,4911000.0,1657.0
2015-02-09,1730.5,1733.0,1691.0,1720.0,7389700.0,1720.0
2015-02-10,1740.0,1749.0,1708.0,1735.5,6129800.0,1735.5
2015-02-12,1770.0,1778.0,1761.5,1770.5,8077000.0,1770.5
2015-02-13,1775.0,1777.0,1757.5,1769.0,5706200.0,1769.0
2015-02-16,1800.0,1818.5,1776.0,1814.0,7800000.0,1814.0
2015-02-17,1810.0,1811.0,1760.5,1765.5,6690100.0,1765.5
2015-02-18,1785.0,1787.5,1753.5,1783.5,6400900.0,1783.5
2015-02-19,1789.5,1804.5,1778.5,1800.0,4916000.0,1800.0
2015-02-20,1815.5,1832.0,1810.0,1822.0,4878500.0,1822.0
2015-02-23,1823.5,1829.0,1740.5,1761.0,6667200.0,1761.0
2015-02-24,1755.0,1763.0,1732.5,1756.5,6555800.0,1756.5
2015-02-25,1748.5,1778.5,1738.0,1742.5,5950300.0,1742.5
2015-02-26,1741.0,1777.5,1739.0,1776.5,4296000.0,1776.5
2015-02-27,1800.0,1810.5,1782.0,1808.5,8974800.0,1808.5
2015-03-02,1839.0,1848.0,1819.0,1825.5,5607100.0,1825.5
2015-03-03,1832.5,1834.0,1800.0,1819.0,4296400.0,1819.0
2015-03-04,1805.0,1805.0,1761.0,1767.5,4222500.0,1767.5
2015-03-05,1770.0,1783.5,1766.5,1781.0,2923200.0,1781.0
2015-03-06,1798.0,1803.0,1785.0,1794.5,5388900.0,1794.5
2015-03-09,1770.5,1774.0,1740.5,1759.5,4952900.0,1759.5
2015-03-10,1777.5,1781.0,1738.0,1747.0,6860300.0,1747.0
2015-03-11,1747.0,1772.5,1745.0,1762.0,6824000.0,1762.0
2015-03-12,1780.0,1808.0,1770.0,1798.0,7505500.0,1798.0
2015-03-13,1815.0,1822.5,1802.0,1805.5,9419200.0,1805.5
2015-03-16,1805.0,1808.5,1758.0,1766.5,5324500.0,1766.5
2015-03-17,1777.0,1785.0,1760.5,1780.5,5629000.0,1780.5
2015-03-18,1797.0,1797.0,1765.5,1772.0,4540100.0,1772.0
2015-03-19,1762.0,1779.0,1722.0,1738.5,7211100.0,1738.5
2015-03-20,1734.0,1766.0,1711.0,1762.5,5737000.0,1762.5
2015-03-23,1759.0,1795.5,1756.0,1793.0,5435700.0,1793.0
2015-03-24,1780.0,1784.5,1760.0,1777.5,6755400.0,1777.5
2015-03-25,1776.0,1789.0,1745.5,1767.5,5003100.0,1767.5
2015-03-26,1753.0,1753.5,1721.0,1740.0,4726500.0,1740.0
2015-03-27,1738.5,1788.0,1720.0,1733.5,8043600.0,1733.5
2015-03-30,1745.0,1784.0,1705.0,1765.5,6181600.0,1765.5
2015-03-31,1800.0,1824.5,1738.5,1745.5,10824400.0,1745.5
2015-04-01,1757.0,1811.0,1748.5,1788.5,10750500.0,1788.5
2015-04-02,1802.5,1826.0,1791.0,1800.0,6082800.0,1800.0
2015-04-03,1809.0,1827.0,1795.5,1818.0,4342100.0,1818.0
2015-04-06,1799.0,1812.5,1790.5,1797.5,4003000.0,1797.5
2015-04-07,1820.0,1840.0,1811.5,1826.0,5046600.0,1826.0
2015-04-08,1840.0,1843.0,1806.0,1823.0,4098800.0,1823.0
2015-04-09,1847.0,1849.0,1830.0,1839.0,4799200.0,1839.0
2015-04-10,1845.0,1845.0,1821.5,1836.0,3982200.0,1836.0
2015-04-13,1840.0,1843.0,1812.0,1830.0,3855900.0,1830.0
2015-04-14,1839.0,1854.5,1832.0,1838.0,5155700.0,1838.0
2015-04-15,1840.5,1847.0,1833.0,1846.0,6220300.0,1846.0
2015-04-16,1850.0,1885.5,1848.5,1884.0,7285800.0,1884.0
2015-04-17,1900.0,1926.5,1899.0,1911.5,10774000.0,1911.5
2015-04-20,1891.0,1914.0,1875.5,1898.0,5042400.0,1898.0
2015-04-21,1915.0,1953.0,1898.5,1950.0,7795000.0,1950.0
2015-04-22,1960.0,2013.0,1959.0,2008.5,9368900.0,2008.5
2015-04-23,2028.0,2043.5,1980.5,1996.0,5837200.0,1996.0
2015-04-24,1995.5,2019.0,1975.0,1997.0,3756300.0,1997.0
2015-04-27,2008.5,2019.5,1981.5,1991.0,2639400.0,1991.0
2015-04-28,2000.0,2038.5,2000.0,2025.0,5621800.0,2025.0
2015-04-30,1995.0,2008.0,1962.0,1974.0,6926400.0,1974.0
2015-05-01,1998.0,2000.5,1940.0,1978.0,7025500.0,1978.0
2015-05-07,2006.0,2077.0,2002.0,2048.5,10772300.0,2048.5
2015-05-08,2030.5,2078.5,2021.5,2065.0,4782900.0,2065.0
2015-05-11,2100.0,2108.0,2017.5,2033.5,7358100.0,2033.5
2015-05-12,2047.0,2083.5,2020.0,2043.0,4750900.0,2043.0
2015-05-13,2020.0,2042.5,2013.0,2025.0,5071500.0,2025.0
2015-05-14,2015.5,2033.5,1985.0,1998.0,5028200.0,1998.0
2015-05-15,2007.5,2013.0,1970.0,1987.5,6491000.0,1987.5
2015-05-18,2100.0,2225.0,2083.0,2197.5,19343100.0,2197.5
2015-05-19,2217.5,2218.0,2153.0,2172.0,7214600.0,2172.0
2015-05-20,2196.0,2212.0,2157.5,2162.0,8155400.0,2162.0
2015-05-21,2162.0,2198.0,2153.5,2165.0,5594500.0,2165.0
2015-05-22,2169.0,2169.5,2142.5,2164.5,4359900.0,2164.5
2015-05-25,2185.0,2189.0,2166.5,2182.5,3570800.0,2182.5
2015-05-26,2181.0,2197.5,2181.0,2192.5,3688900.0,2192.5
2015-05-27,2192.5,2192.5,2151.5,2165.5,5764600.0,2165.5
2015-05-28,2199.5,2241.5,2183.5,2195.5,7847500.0,2195.5
2015-05-29,2200.0,2200.0,2168.5,2183.0,7694600.0,2183.0
2015-06-01,2151.0,2253.0,2141.5,2243.5,6421200.0,2243.5
2015-06-02,2259.5,2277.0,2209.5,2212.0,5468100.0,2212.0
2015-06-03,2208.5,2272.5,2206.0,2238.5,4675200.0,2238.5
2015-06-04,2286.5,2425.5,2284.5,2379.5,13745400.0,2379.5
2015-06-05,2339.0,2348.0,2310.0,2321.0,7626800.0,2321.0
2015-06-08,2341.0,2410.0,2328.5,2369.5,9092900.0,2369.5
2015-06-09,2340.0,2349.0,2261.5,2272.0,8311300.0,2272.0
2015-06-10,2272.0,2359.5,2250.0,2283.5,8676400.0,2283.5
2015-06-11,2317.0,2350.0,2265.0,2293.5,6951000.0,2293.5
2015-06-12,2312.0,2377.5,2298.0,2368.5,10687500.0,2368.5
2015-06-15,2350.0,2448.5,2345.5,2444.0,8039000.0,2444.0
2015-06-16,2430.0,2463.5,2396.5,2402.5,8274500.0,2402.5
2015-06-17,2444.5,2460.5,2401.5,2403.0,6882700.0,2403.0
2015-06-18,2393.5,2404.5,2352.5,2356.5,8423700.0,2356.5
2015-06-19,2400.0,2413.5,2322.5,2325.5,6310000.0,2325.5
2015-06-22,2317.5,2392.5,2313.0,2389.0,5068600.0,2389.0
2015-06-23,2440.0,2487.5,2423.0,2471.0,7248300.0,2471.0
2015-06-24,2445.0,2469.5,2411.5,2414.5,8510400.0,2414.5
2015-06-25,2381.0,2455.5,2380.5,2424.0,4046600.0,2424.0
2015-06-26,2427.0,2486.0,2421.0,2475.0,5298300.0,2475.0
2015-06-29,2350.0,2430.0,2346.5,2387.5,7686600.0,2387.5
2015-06-30,2389.5,2427.0,2333.0,2406.5,8143700.0,2406.5
2015-07-01,2419.0,2459.0,2402.5,2445.5,4245200.0,2445.5
2015-07-02,2489.5,2530.0,2479.5,2502.0,7410900.0,2502.0
2015-07-03,2487.5,2487.5,2434.0,2456.0,5772100.0,2456.0
2015-07-06,2410.0,2428.0,2322.5,2356.0,8577300.0,2356.0
2015-07-07,2414.5,2423.0,2374.5,2376.0,4171800.0,2376.0
2015-07-08,2373.5,2389.5,2232.5,2236.0,9652000.0,2236.0
2015-07-09,2142.5,2247.0,2119.0,2243.0,13570400.0,2243.0
2015-07-10,2249.0,2293.5,2238.5,2261.0,6125000.0,2261.0
2015-07-13,2308.0,2322.0,2287.5,2312.5,4331800.0,2312.5
2015-07-14,2371.0,2399.0,2341.0,2362.0,6747600.0,2362.0
2015-07-15,2394.0,2399.0,2333.0,2352.5,4324500.0,2352.5
2015-07-16,2385.5,2428.5,2378.0,2414.5,5431200.0,2414.5
2015-07-17,2444.0,2469.0,2440.0,2462.0,5484600.0,2462.0
2015-07-21,2494.0,2499.0,2448.0,2461.0,4587700.0,2461.0
2015-07-22,2437.0,2448.0,2422.0,2438.0,3178700.0,2438.0
2015-07-23,2460.0,2475.0,2432.0,2474.0,3932000.0,2474.0
2015-07-24,2530.0,2537.5,2459.0,2470.0,4145700.0,2470.0
2015-07-27,2457.0,2495.0,2435.5,2451.0,4930600.0,2451.0
2015-07-28,2487.5,2505.5,2435.0,2457.0,6958500.0,2457.0
2015-07-29,2480.0,2509.0,2462.0,2468.5,4406000.0,2468.5
2015-07-30,2497.5,2570.0,2481.5,2521.5,9559700.0,2521.5
2015-07-31,2502.5,2529.5,2494.0,2522.0,3872600.0,2522.0
2015-08-03,2530.0,2530.0,2430.5,2446.5,5399600.0,2446.5
2015-08-04,2466.5,2470.5,2420.5,2437.0,3971000.0,2437.0
2015-08-05,2420.0,2447.0,2411.5,2424.5,5438300.0,2424.5
2015-08-06,2460.5,2494.0,2447.0,2458.0,5921500.0,2458.0
2015-08-07,2440.0,2513.0,2428.0,2491.0,4766600.0,2491.0
2015-08-10,2500.0,2528.0,2442.5,2525.0,7695500.0,2525.0
2015-08-11,2625.0,2665.0,2534.5,2556.0,13830100.0,2556.0
2015-08-12,2540.0,2572.5,2462.5,2488.5,7782100.0,2488.5
2015-08-13,2488.5,2499.0,2415.0,2443.0,7998500.0,2443.0
2015-08-14,2433.0,2437.5,2375.0,2421.5,5704900.0,2421.5
2015-08-17,2437.5,2488.0,2407.0,2424.5,5780300.0,2424.5
2015-08-18,2446.0,2484.0,2431.5,2465.0,4550500.0,2465.0
2015-08-19,2451.5,2472.0,2365.0,2366.0,6519500.0,2366.0
2015-08-20,2330.5,2353.0,2275.0,2286.0,7521000.0,2286.0
2015-08-21,2136.0,2196.5,2136.0,2140.0,15275100.0,2140.0
2015-08-24,2056.0,2095.0,2013.5,2026.0,16742400.0,2026.0
2015-08-25,1950.0,2130.0,1950.0,2044.0,14801000.0,2044.0
2015-08-26,2064.5,2145.5,2045.0,2124.0,9743300.0,2124.0
2015-08-27,2174.0,2219.0,2152.0,2186.0,8814200.0,2186.0
2015-08-28,2260.0,2263.0,2192.0,2225.5,7202200.0,2225.5
2015-08-31,2189.0,2215.5,2154.0,2212.0,6091900.0,2212.0
2015-09-01,2190.0,2196.0,2128.0,2128.0,5176100.0,2128.0
2015-09-02,2058.0,2139.0,2037.5,2098.0,6980800.0,2098.0
2015-09-03,2130.5,2184.5,2124.0,2127.0,4907400.0,2127.0
2015-09-04,2149.5,2155.0,2035.0,2060.0,5118800.0,2060.0
2015-09-07,2030.0,2044.0,1992.5,2022.0,6720500.0,2022.0
2015-09-08,2022.0,2029.5,1929.0,1931.0,8150500.0,1931.0
2015-09-09,1996.0,2116.5,1970.0,2111.0,11858100.0,2111.0
2015-09-10,2023.5,2040.5,1988.0,2030.0,6983800.0,2030.0
2015-09-11,2000.0,2039.0,1992.0,2023.5,7572100.0,2023.5
2015-09-14,2038.0,2038.0,1971.0,1983.0,4166200.0,1983.0
2015-09-15,2003.0,2049.5,1970.0,1970.5,4907000.0,1970.5
2015-09-16,2000.0,2015.0,1962.0,1978.0,3562000.0,1978.0
2015-09-17,2000.0,2011.5,1955.5,2007.0,4723400.0,2007.0
2015-09-18,1940.0,1944.5,1860.0,1882.0,16146300.0,1882.0
2015-09-24,1849.5,1894.5,1834.5,1872.5,7768000.0,1872.5
2015-09-25,1882.5,1912.0,1862.5,1910.0,6812200.0,1910.0
2015-09-28,1910.0,1933.0,1865.0,1888.0,4813200.0,1888.0
2015-09-29,1831.0,1873.0,1818.5,1821.0,9470800.0,1821.0
2015-09-30,1860.0,1913.5,1860.0,1893.5,7175400.0,1893.5
2015-10-01,1910.0,1945.5,1869.5,1924.0,6298300.0,1924.0
2015-10-02,1910.0,1944.5,1903.0,1934.0,3803500.0,1934.0
2015-10-05,1959.0,1989.0,1929.5,1942.0,5015300.0,1942.0
2015-10-06,1981.0,1998.0,1939.0,1945.0,3906100.0,1945.0
2015-10-07,1950.0,2004.5,1947.5,1999.5,4591200.0,1999.5
2015-10-08,2024.0,2047.5,2011.0,2028.0,6604700.0,2028.0
2015-10-09,2051.0,2101.5,2050.0,2080.0,7120000.0,2080.0
2015-10-13,2090.0,2160.5,2004.0,2016.5,6872000.0,2016.5
2015-10-14,2001.5,2016.0,1945.5,1970.0,5441700.0,1970.0
2015-10-15,1969.5,1986.0,1939.0,1970.0,4118000.0,1970.0
2015-10-16,1990.5,2036.0,1984.0,2016.5,5406000.0,2016.5
2015-10-19,2019.0,2037.0,1988.5,2010.0,3449000.0,2010.0
2015-10-20,2030.0,2041.5,2005.0,2035.5,3496800.0,2035.5
2015-10-21,2032.5,2099.0,2025.5,2081.5,5356300.0,2081.5
2015-10-22,2063.0,2102.0,2046.5,2075.0,4106600.0,2075.0
2015-10-23,2150.0,2150.0,2103.5,2109.5,4278000.0,2109.5
2015-10-26,2185.0,2201.5,2141.5,2145.0,5070600.0,2145.0
2015-10-27,2142.5,2142.5,2076.5,2086.5,4185900.0,2086.5
2015-10-28,2085.0,2105.0,2065.0,2081.0,3280300.0,2081.0
2015-10-29,2131.0,2131.0,2071.5,2085.0,4466100.0,2085.0
2015-10-30,2084.0,2153.0,2076.0,2115.0,6477300.0,2115.0
2015-11-02,2116.0,2117.5,2072.0,2094.5,4435200.0,2094.5
2015-11-04,2144.5,2207.0,2132.0,2181.0,7437800.0,2181.0
2015-11-05,2195.5,2237.0,2192.5,2221.0,6926900.0,2221.0
2015-11-06,2246.5,2250.0,2221.0,2228.0,4039000.0,2228.0
2015-11-09,2327.5,2372.0,2300.5,2342.5,9878900.0,2342.5
2015-11-10,2313.5,2353.5,2312.0,2351.5,5294400.0,2351.5
2015-11-11,2332.0,2352.5,2325.5,2342.5,4038500.0,2342.5
2015-11-12,2339.0,2347.5,2321.0,2339.5,3051700.0,2339.5
2015-11-13,2301.5,2324.5,2290.5,2316.5,3709900.0,2316.5
2015-11-16,2201.0,2277.5,2194.5,2267.0,5971800.0,2267.0
2015-11-17,2307.5,2326.0,2263.0,2265.5,4330500.0,2265.5
2015-11-18,2289.0,2300.0,2219.0,2228.5,4892000.0,2228.5
2015-11-19,2268.0,2273.0,2230.5,2254.5,4175700.0,2254.5
2015-11-20,2252.5,2252.5,2205.0,2237.5,5535000.0,2237.5
2015-11-24,2233.5,2241.5,2198.0,2201.5,4641400.0,2201.5
2015-11-25,2195.0,2196.0,2159.5,2173.0,3555800.0,2173.0
2015-11-26,2191.0,2215.0,2190.0,2201.0,3669000.0,2201.0
2015-11-27,2190.0,2213.5,2186.5,2194.0,2770200.0,2194.0
2015-11-30,2175.5,2180.0,2121.5,2130.0,6246100.0,2130.0
2015-12-01,2134.0,2183.0,2128.0,2159.5,5435800.0,2159.5
2015-12-02,2159.0,2210.0,2145.5,2149.0,6756400.0,2149.0
2015-12-03,2158.5,2163.0,2137.5,2156.0,4939400.0,2156.0
2015-12-04,2091.0,2142.0,2089.0,2122.5,4560900.0,2122.5
2015-12-07,2140.0,2145.0,2111.0,2125.5,3791000.0,2125.5
2015-12-08,2146.0,2159.5,2109.0,2114.0,3738800.0,2114.0
2015-12-09,2080.5,2081.0,2010.0,2042.0,7692300.0,2042.0
2015-12-10,2011.5,2058.5,2003.0,2042.0,4506100.0,2042.0
2015-12-11,2016.0,2048.5,2015.5,2040.0,4265300.0,2040.0
2015-12-14,1990.0,2019.0,1965.0,2014.5,7492700.0,2014.5
2015-12-15,2015.5,2028.5,1978.5,1986.5,4982100.0,1986.5
2015-12-16,2060.0,2115.0,2040.0,2079.5,9318300.0,2079.5
2015-12-17,2151.0,2165.0,2096.0,2106.0,6866400.0,2106.0
2015-12-18,2101.0,2152.5,1991.5,2024.0,9638200.0,2024.0
2015-12-21,1995.0,2019.5,1964.0,2004.5,5828600.0,2004.5
2015-12-22,2011.5,2026.5,1990.5,2010.5,3297700.0,2010.5
2015-12-24,2020.0,2025.0,2000.0,2006.0,3011900.0,2006.0
2015-12-25,2006.0,2029.0,2003.0,2011.0,2302800.0,2011.0
2015-12-28,2012.0,2037.5,1999.0,2024.5,2311100.0,2024.5
2015-12-29,2025.0,2055.0,2019.0,2044.5,2716600.0,2044.5
2015-12-30,2050.5,2066.0,2030.5,2035.0,2484500.0,2035.0
2016-01-04,2030.5,2053.0,1981.5,1995.0,3898600.0,1995.0
2016-01-05,1982.0,1997.0,1958.0,1970.0,4259300.0,1970.0
2016-01-06,1976.5,1990.0,1891.5,1926.0,6817300.0,1926.0
2016-01-07,1925.5,1925.5,1859.5,1869.0,7244700.0,1869.0
2016-01-08,1831.5,1886.0,1810.5,1854.5,8200400.0,1854.5
2016-01-12,1804.0,1823.5,1772.5,1774.0,8167500.0,1774.0
2016-01-13,1806.0,1840.0,1791.5,1826.0,5347700.0,1826.0
2016-01-14,1756.0,1778.0,1720.5,1773.5,8106300.0,1773.5
2016-01-15,1800.0,1829.5,1718.5,1734.5,6626600.0,1734.5
2016-01-18,1674.0,1709.0,1661.0,1702.5,8868600.0,1702.5
2016-01-19,1689.5,1713.5,1671.5,1711.0,4720400.0,1711.0
2016-01-20,1715.0,1725.5,1641.5,1645.5,6080300.0,1645.5
2016-01-21,1643.0,1682.0,1597.0,1597.5,7411900.0,1597.5
2016-01-22,1717.5,1720.0,1649.5,1698.5,7525200.0,1698.5
2016-01-25,1733.5,1735.5,1696.5,1705.5,4693000.0,1705.5
2016-01-26,1680.0,1680.5,1633.5,1666.0,4056200.0,1666.0
2016-01-27,1706.0,1741.0,1695.5,1713.5,5219900.0,1713.5
2016-01-28,1714.0,1714.0,1671.0,1679.0,4020100.0,1679.0
2016-01-29,1708.5,1747.5,1541.0,1633.5,19038200.0,1633.5
2016-02-01,1413.5,1515.5,1386.0,1455.0,29819400.0,1455.0
2016-02-02,1458.0,1518.0,1443.5,1477.5,14419900.0,1477.5
2016-02-03,1388.0,1445.5,1386.5,1416.5,13609600.0,1416.5
2016-02-04,1350.0,1403.5,1348.0,1387.5,14330300.0,1387.5
2016-02-05,1360.5,1377.0,1330.0,1345.5,11033300.0,1345.5
2016-02-08,1315.5,1363.5,1307.0,1348.0,11978200.0,1348.0
2016-02-09,1295.5,1325.5,1287.5,1292.0,14468300.0,1292.0
2016-02-10,1292.5,1298.0,1235.0,1265.5,17131100.0,1265.5
2016-02-12,1228.0,1255.5,1189.5,1192.5,13257600.0,1192.5
2016-02-15,1342.5,1369.0,1295.5,1340.5,13987300.0,1340.5
2016-02-16,1319.0,1403.0,1291.5,1369.5,9528300.0,1369.5
2016-02-17,1361.0,1382.5,1297.5,1323.5,8163300.0,1323.5
2016-02-18,1365.0,1370.0,1321.0,1355.5,5690600.0,1355.5
2016-02-19,1335.0,1345.0,1296.0,1310.0,6308200.0,1310.0
2016-02-22,1293.5,1307.0,1271.5,1306.0,7169500.0,1306.0
2016-02-23,1318.5,1345.0,1304.5,1309.0,5097600.0,1309.0
2016-02-24,1285.0,1300.5,1260.5,1293.0,6282400.0,1293.0
2016-02-25,1301.5,1328.5,1295.0,1318.0,12513100.0,1318.0
2016-02-26,1318.0,1359.5,1298.5,1353.0,13479900.0,1353.0
2016-02-29,1379.0,1426.0,1367.0,1368.0,11132400.0,1368.0
2016-03-01,1367.0,1403.5,1333.0,1348.5,7772400.0,1348.5
2016-03-02,1424.0,1445.5,1395.5,1427.0,8591900.0,1427.0
2016-03-03,1431.0,1518.0,1415.5,1491.5,10513300.0,1491.5
2016-03-04,1519.5,1524.0,1457.0,1475.5,9775700.0,1475.5
2016-03-07,1465.0,1483.0,1447.5,1455.0,4980100.0,1455.0
2016-03-08,1456.0,1486.0,1412.0,1434.0,6455000.0,1434.0
2016-03-09,1397.0,1400.5,1367.5,1399.5,7563800.0,1399.5
2016-03-10,1410.0,1412.0,1363.0,1392.0,5943800.0,1392.0
2016-03-11,1351.5,1383.5,1344.0,1378.5,11771500.0,1378.5
2016-03-14,1437.5,1508.5,1422.0,1497.5,11594500.0,1497.5
2016-03-15,1484.5,1492.5,1443.0,1453.0,9166400.0,1453.0
2016-03-16,1430.5,1441.5,1384.5,1405.0,7556000.0,1405.0
2016-03-17,1417.0,1444.0,1386.5,1402.5,6744000.0,1402.5
2016-03-18,1384.0,1418.5,1340.0,1367.5,8570800.0,1367.5
2016-03-22,1350.5,1396.0,1350.0,1372.0,6907700.0,1372.0
2016-03-23,1381.5,1405.0,1353.0,1357.0,6332100.0,1357.0
2016-03-24,1362.0,1371.0,1337.0,1355.5,8514000.0,1355.5
2016-03-25,1345.0,1406.0,1345.0,1397.0,5310300.0,1397.0
2016-03-28,1400.0,1418.0,1386.0,1413.0,5544300.0,1413.0
2016-03-29,1408.0,1419.5,1386.5,1390.5,4921900.0,1390.5
2016-03-30,1378.0,1386.0,1337.5,1341.0,10248200.0,1341.0
2016-03-31,1341.0,1391.5,1341.0,1362.5,7990000.0,1362.5
2016-04-01,1351.0,1355.0,1298.5,1303.5,6893700.0,1303.5
2016-04-04,1295.0,1339.5,1291.5,1305.5,6237700.0,1305.5
2016-04-05,1305.0,1334.5,1266.0,1272.0,7417900.0,1272.0
2016-04-06,1272.5,1275.0,1238.5,1248.5,11529600.0,1248.5
2016-04-07,1218.5,1262.0,1200.0,1225.0,9612400.0,1225.0
2016-04-08,1200.0,1261.5,1189.0,1239.5,6376900.0,1239.5
2016-04-11,1228.5,1242.5,1204.5,1232.0,4376600.0,1232.0
2016-04-12,1225.5,1278.0,1220.5,1270.5,5053800.0,1270.5
2016-04-13,1299.0,1346.0,1275.0,1326.5,8792500.0,1326.5
2016-04-14,1364.0,1405.5,1363.5,1392.0,8742900.0,1392.0
2016-04-15,1367.5,1398.5,1365.5,1374.5,7352900.0,1374.5
2016-04-18,1284.5,1312.5,1283.0,1297.0,7461000.0,1297.0
2016-04-19,1341.0,1387.0,1336.5,1386.5,7256200.0,1386.5
2016-04-20,1415.0,1427.0,1365.5,1373.5,5981800.0,1373.5
2016-04-21,1422.0,1435.0,1395.0,1427.5,8403800.0,1427.5
2016-04-22,1409.5,1520.0,1406.0,1468.5,15721900.0,1468.5
2016-04-25,1485.5,1551.5,1477.0,1506.0,9791500.0,1506.0
2016-04-26,1488.0,1488.0,1443.5,1459.5,7216600.0,1459.5
2016-04-27,1430.5,1457.5,1417.5,1453.0,6555800.0,1453.0
2016-04-28,1480.0,1489.0,1360.0,1369.0,9991300.0,1369.0
2016-05-02,1296.5,1321.5,1282.5,1318.5,6510500.0,1318.5
2016-05-06,1320.0,1338.5,1285.0,1304.0,4592800.0,1304.0
2016-05-09,1320.0,1323.0,1299.5,1306.0,3031100.0,1306.0
2016-05-10,1306.0,1348.5,1287.0,1343.0,5272100.0,1343.0
2016-05-11,1361.5,1368.5,1324.5,1330.5,4369900.0,1330.5
2016-05-12,1286.5,1341.0,1284.5,1338.0,4572800.0,1338.0
2016-05-13,1336.0,1338.5,1294.0,1298.0,5371800.0,1298.0
2016-05-16,1275.5,1301.0,1266.0,1291.5,8030800.0,1291.5
2016-05-17,1290.0,1311.0,1281.5,1304.5,5684600.0,1304.5
2016-05-18,1305.0,1364.5,1304.0,1337.5,9323200.0,1337.5
2016-05-19,1393.5,1417.5,1372.5,1375.0,9465200.0,1375.0
2016-05-20,1355.0,1388.5,1346.0,1378.0,6716300.0,1378.0
2016-05-23,1361.5,1369.5,1328.0,1362.0,5847500.0,1362.0
2016-05-24,1356.5,1360.0,1337.0,1347.0,5566800.0,1347.0
2016-05-25,1377.0,1397.5,1371.5,1382.0,5367000.0,1382.0
2016-05-26,1410.0,1424.0,1368.0,1373.5,6303000.0,1373.5
2016-05-27,1385.5,1408.5,1376.0,1405.5,4792200.0,1405.5
2016-05-30,1427.0,1434.0,1408.5,1428.5,4450400.0,1428.5
2016-05-31,1423.0,1460.5,1415.5,1460.5,5731100.0,1460.5
2016-06-01,1462.0,1466.0,1433.0,1440.5,5831600.0,1440.5
2016-06-02,1420.0,1421.0,1375.0,1378.5,6932400.0,1378.5
2016-06-03,1378.5,1391.0,1347.5,1386.0,4592300.0,1386.0
2016-06-06,1334.0,1337.5,1311.5,1336.5,8345300.0,1336.5
2016-06-07,1336.5,1356.0,1331.5,1354.5,5362200.0,1354.5
2016-06-08,1358.5,1361.5,1310.0,1341.5,6221600.0,1341.5
2016-06-09,1332.0,1333.5,1304.0,1312.0,4571400.0,1312.0
2016-06-10,1289.0,1297.0,1278.5,1295.0,7213200.0,1295.0
2016-06-13,1258.5,1263.0,1234.0,1235.0,6415200.0,1235.0
2016-06-14,1230.0,1237.0,1215.5,1229.5,5694100.0,1229.5
2016-06-15,1225.0,1247.5,1211.0,1230.0,5712800.0,1230.0
2016-06-16,1219.0,1220.5,1178.0,1186.5,10626300.0,1186.5
2016-06-17,1208.0,1212.5,1174.0,1190.5,8760000.0,1190.5
2016-06-20,1212.0,1242.5,1212.0,1226.5,6150800.0,1226.5
2016-06-21,1199.5,1236.5,1185.5,1232.5,5095000.0,1232.5
2016-06-22,1229.0,1233.5,1211.5,1221.5,4210300.0,1221.5
2016-06-23,1216.5,1242.5,1209.5,1238.5,5211900.0,1238.5
2016-06-24,1239.0,1249.0,1101.0,1116.0,12369300.0,1116.0
2016-06-27,1117.0,1120.5,1060.5,1080.5,9621100.0,1080.5
2016-06-28,1050.5,1077.5,1033.0,1069.5,8401500.0,1069.5
2016-06-29,1107.0,1118.5,1092.0,1106.5,7118400.0,1106.5
2016-06-30,1136.5,1150.0,1122.5,1127.0,10286000.0,1127.0
2016-07-01,1142.5,1143.0,1110.5,1119.0,5896200.0,1119.0
2016-07-04,1115.5,1121.5,1102.5,1116.5,4381900.0,1116.5
2016-07-05,1102.0,1103.5,1071.0,1090.0,6743100.0,1090.0
2016-07-06,1069.0,1069.0,1018.0,1035.0,10113800.0,1035.0
2016-07-07,1043.0,1062.5,1030.5,1035.0,5627100.0,1035.0
2016-07-08,1035.0,1036.5,1007.0,1011.5,6740000.0,1011.5
2016-07-11,1041.5,1072.5,1028.5,1061.0,7894700.0,1061.0
2016-07-12,1109.0,1144.0,1104.5,1124.0,9416300.0,1124.0
2016-07-13,1184.0,1184.0,1150.5,1155.0,8432400.0,1155.0
2016-07-14,1162.5,1167.5,1137.0,1162.5,5232100.0,1162.5
2016-07-15,1198.5,1286.5,1196.5,1252.5,16333100.0,1252.5
2016-07-19,1273.0,1277.0,1215.5,1237.5,8631900.0,1237.5
2016-07-20,1240.0,1249.0,1216.0,1234.0,5536200.0,1234.0
2016-07-21,1270.0,1279.0,1246.0,1261.0,5413200.0,1261.0
2016-07-22,1231.0,1254.5,1225.0,1246.5,3682100.0,1246.5
2016-07-25,1266.0,1285.5,1253.5,1256.5,4948200.0,1256.5
2016-07-26,1244.0,1245.5,1211.5,1228.0,5535700.0,1228.0
2016-07-27,1235.5,1293.0,1204.0,1265.5,11264000.0,1265.5
2016-07-28,1250.0,1256.5,1231.0,1247.0,5875900.0,1247.0
2016-07-29,1245.0,1365.0,1232.0,1356.0,18916400.0,1356.0
2016-08-01,1380.0,1422.0,1337.0,1385.0,16332200.0,1385.0
2016-08-02,1362.0,1422.0,1357.5,1378.0,9365100.0,1378.0
2016-08-03,1341.0,1356.0,1324.0,1336.0,8710100.0,1336.0
2016-08-04,1340.0,1439.0,1337.5,1417.0,12495000.0,1417.0
2016-08-05,1418.0,1421.0,1370.0,1380.5,7931400.0,1380.5
2016-08-08,1440.5,1511.0,1423.0,1470.0,12897500.0,1470.0
2016-08-09,1472.0,1508.0,1428.0,1462.0,14292900.0,1462.0
2016-08-10,1405.0,1436.0,1372.0,1405.0,11296400.0,1405.0
2016-08-12,1423.0,1426.0,1377.5,1390.0,7151400.0,1390.0
2016-08-15,1393.0,1412.0,1381.0,1385.0,4366500.0,1385.0
2016-08-16,1388.5,1394.0,1327.5,1328.5,7462500.0,1328.5
2016-08-17,1339.5,1404.5,1339.5,1392.0,9051400.0,1392.0
2016-08-18,1365.0,1463.5,1365.0,1370.5,9548200.0,1370.5
2016-08-19,1370.0,1409.0,1363.0,1380.5,7369600.0,1380.5
2016-08-22,1397.5,1420.0,1358.5,1368.0,5462600.0,1368.0
2016-08-23,1359.0,1367.0,1304.0,1326.0,8021500.0,1326.0
2016-08-24,1342.0,1350.0,1323.5,1333.0,4381000.0,1333.0
2016-08-25,1335.0,1341.0,1311.0,1333.0,4710500.0,1333.0
2016-08-26,1329.0,1331.5,1306.0,1318.5,5258900.0,1318.5
2016-08-29,1378.5,1404.0,1370.5,1386.0,8654900.0,1386.0
2016-08-30,1380.0,1413.5,1373.5,1409.0,7668500.0,1409.0
2016-08-31,1450.0,1478.0,1428.5,1439.5,10826300.0,1439.5
2016-09-01,1438.0,1443.5,1411.5,1440.0,6027400.0,1440.0
2016-09-02,1450.0,1505.5,1442.5,1488.0,8144800.0,1488.0
2016-09-05,1518.0,1542.0,1480.5,1484.0,8648000.0,1484.0
2016-09-06,1503.0,1532.5,1497.0,1520.5,6107300.0,1520.5
2016-09-07,1444.5,1465.0,1422.0,1461.0,9176200.0,1461.0
2016-09-08,1440.0,1443.5,1405.5,1432.0,7281400.0,1432.0
2016-09-09,1427.0,1446.5,1421.0,1439.5,5530000.0,1439.5
2016-09-12,1421.0,1485.5,1420.0,1472.5,9815400.0,1472.5
2016-09-13,1470.0,1482.5,1405.0,1414.5,10691400.0,1414.5
2016-09-14,1450.0,1502.0,1438.0,1476.0,16836300.0,1476.0
2016-09-15,1437.5,1457.0,1409.0,1428.5,9132300.0,1428.5
2016-09-16,1413.5,1459.0,1412.5,1458.0,6146400.0,1458.0
2016-09-20,1450.0,1479.0,1434.0,1438.5,7776100.0,1438.5
2016-09-21,1438.0,1585.0,1402.5,1545.5,23030600.0,1545.5
2016-09-23,1505.5,1513.5,1468.5,1495.5,15316100.0,1495.5
2016-09-26,1496.5,1496.5,1417.5,1422.5,10310600.0,1422.5
2016-09-27,1350.0,1411.0,1332.0,1408.0,16443400.0,1408.0
2016-09-28,1390.0,1401.0,1355.5,1372.5,8424900.0,1372.5
2016-09-29,1389.0,1404.0,1377.0,1385.0,8275700.0,1385.0
2016-09-30,1350.0,1388.0,1325.0,1371.5,10904500.0,1371.5
2016-10-03,1378.0,1400.0,1360.0,1363.5,6723900.0,1363.5
2016-10-04,1356.5,1399.0,1350.0,1375.5,6631700.0,1375.5
2016-10-05,1398.0,1426.5,1380.0,1416.0,10379700.0,1416.0
2016-10-06,1450.0,1493.5,1446.0,1453.0,11141900.0,1453.0
2016-10-07,1463.0,1486.5,1458.5,1473.5,7188900.0,1473.5
2016-10-11,1473.5,1495.0,1466.5,1471.5,5245000.0,1471.5
2016-10-12,1451.5,1477.5,1445.0,1448.5,6660200.0,1448.5
2016-10-13,1449.0,1470.0,1423.0,1436.0,7219800.0,1436.0
2016-10-14,1436.5,1461.0,1423.0,1447.5,7177000.0,1447.5
2016-10-17,1463.5,1482.0,1450.0,1459.5,5478700.0,1459.5
2016-10-18,1457.0,1471.5,1440.0,1470.5,5824700.0,1470.5
2016-10-19,1464.0,1464.0,1441.5,1457.0,4896700.0,1457.0
2016-10-20,1444.0,1476.5,1437.0,1475.5,6513200.0,1475.5
2016-10-21,1492.0,1498.5,1467.5,1474.0,5111200.0,1474.0
2016-10-24,1483.0,1491.0,1464.0,1473.5,3989400.0,1473.5
2016-10-25,1491.5,1496.0,1471.0,1476.5,5875900.0,1476.5
2016-10-26,1489.5,1489.5,1465.5,1480.0,5123100.0,1480.0
2016-10-27,1487.5,1489.5,1469.0,1482.0,4651100.0,1482.0
2016-10-28,1499.0,1552.0,1498.0,1531.5,13441300.0,1531.5
2016-10-31,1516.0,1550.0,1516.0,1541.0,5199700.0,1541.0
2016-11-01,1545.0,1560.0,1533.0,1548.0,4543900.0,1548.0
2016-11-02,1515.0,1525.0,1498.5,1515.5,7065000.0,1515.5
2016-11-04,1486.5,1493.0,1456.0,1478.5,7328300.0,1478.5
2016-11-07,1510.5,1520.0,1484.0,1491.0,5826600.0,1491.0
2016-11-08,1505.0,1519.5,1495.5,1504.5,4700400.0,1504.5
2016-11-09,1523.5,1551.5,1379.0,1419.5,17578500.0,1419.5
2016-11-10,1589.5,1623.0,1566.0,1584.0,19308100.0,1584.0
2016-11-11,1744.0,1788.5,1700.0,1723.0,25915700.0,1723.0
2016-11-14,1736.0,1779.0,1730.0,1765.5,14172100.0,1765.5
2016-11-15,1801.0,1813.0,1739.0,1760.5,12107200.0,1760.5
2016-11-16,1818.0,1858.5,1801.5,1849.5,16722000.0,1849.5
2016-11-17,1815.0,1846.5,1793.5,1844.5,13966200.0,1844.5
2016-11-18,1879.5,1895.0,1813.0,1830.5,10338800.0,1830.5
2016-11-21,1850.0,1881.5,1835.0,1865.0,7280400.0,1865.0
2016-11-22,1865.5,1873.5,1849.5,1869.5,5363200.0,1869.5
2016-11-24,1905.5,1915.0,1882.0,1886.0,6602600.0,1886.0
2016-11-25,1889.5,1903.5,1839.5,1864.5,7700000.0,1864.5
2016-11-28,1820.5,1875.5,1809.0,1874.5,6237700.0,1874.5
2016-11-29,1853.0,1857.5,1826.0,1848.0,7267400.0,1848.0
2016-11-30,1855.0,1855.0,1828.5,1833.5,6456600.0,1833.5
2016-12-01,1900.0,1923.5,1880.0,1890.0,9999700.0,1890.0
2016-12-02,1881.0,1947.0,1880.0,1931.0,9458100.0,1931.0
2016-12-05,1919.0,1923.0,1883.0,1893.5,6219500.0,1893.5
2016-12-06,1920.0,1943.5,1910.5,1928.0,7442700.0,1928.0
2016-12-07,1941.0,1954.0,1924.5,1943.5,5162800.0,1943.5
2016-12-08,1980.0,1989.5,1966.0,1979.5,7171800.0,1979.5
2016-12-09,1980.0,2003.5,1966.0,1995.5,7258000.0,1995.5
2016-12-12,2028.0,2078.5,1986.0,2015.0,11266200.0,2015.0
2016-12-13,1999.5,2014.5,1960.0,2013.0,6564000.0,2013.0
2016-12-14,2015.5,2016.5,1977.5,2010.5,5050200.0,2010.5
2016-12-15,2040.0,2081.5,2012.0,2030.5,8776100.0,2030.5
2016-12-16,2077.5,2087.5,2056.0,2063.5,10118900.0,2063.5
2016-12-19,2037.0,2077.5,2035.0,2052.0,5395500.0,2052.0
2016-12-20,2035.0,2036.0,1969.5,1997.5,8318700.0,1997.5
2016-12-21,2019.0,2033.5,1971.5,1979.5,7519400.0,1979.5
2016-12-22,1977.5,1980.0,1937.0,1962.0,6073500.0,1962.0
2016-12-26,1962.5,1975.0,1945.5,1950.0,3141100.0,1950.0
2016-12-27,1950.5,1986.0,1938.5,1956.0,4383300.0,1956.0
2016-12-28,1960.0,1968.5,1939.0,1953.5,3935400.0,1953.5
2016-12-29,1950.0,1958.5,1921.5,1943.5,5409800.0,1943.5
2016-12-30,1915.0,1952.0,1912.0,1946.0,3734200.0,1946.0
2017-01-04,1984.5,2023.5,1974.5,2014.0,7682500.0,2014.0
