Date,Open,High,Low,Close,Volume,Adj Close
2008-10-20,399,418,391,417,4967000,417
2008-10-21,430,430,404,413,4528000,413
2008-10-22,400,406,382,382,4045000,382
2008-10-23,370,387,360,383,5082000,383
2008-10-24,384,384,360,363,5055000,363
2008-10-27,363,371,340,344,5524000,344
2008-10-28,342,364,326,360,5994000,360
2008-10-29,395,396,371,396,5167000,396
2008-10-30,391,428,386,428,5841000,428
2008-10-31,393,422,384,390,6756000,390
2008-11-04,391,413,391,410,4191000,410
2008-11-05,415,419,398,414,4515000,414
2008-11-06,405,408,390,390,3693000,390
2008-11-07,376,401,374,389,5523000,389
2008-11-10,412,423,408,423,4160000,423
2008-11-11,410,415,399,399,2685000,399
2008-11-12,394,407,390,401,2292000,401
2008-11-13,381,394,381,384,2633000,384
2008-11-14,399,403,382,388,3586000,388
2008-11-17,383,401,379,391,2310000,391
2008-11-18,382,399,381,393,2466000,393
2008-11-19,393,408,392,402,4468000,402
2008-11-20,397,402,385,386,3186000,386
2008-11-21,379,393,370,391,3764000,391
2008-11-25,406,420,404,420,4203000,420
2008-11-26,415,421,410,415,4478000,415
2008-11-27,420,424,414,420,2287000,420
2008-11-28,430,430,419,427,3164000,427
2008-12-01,422,423,412,416,2714000,416
2008-12-02,392,409,392,400,3180000,400
2008-12-03,407,410,399,407,3702000,407
2008-12-04,398,410,389,396,5440000,396
2008-12-05,401,407,389,389,3632000,389
2008-12-08,393,408,391,404,2151000,404
2008-12-09,401,412,397,401,3468000,401
2008-12-10,405,405,397,400,3233000,400
2008-12-11,396,406,391,402,4346000,402
2008-12-12,384,384,372,375,10721000,375
2008-12-15,380,385,375,376,6456000,376
2008-12-16,374,383,370,372,5213000,372
2008-12-17,379,382,366,377,3813000,377
2008-12-18,372,384,370,379,4328000,379
2008-12-19,374,380,368,368,3878000,368
2008-12-22,373,376,368,373,3272000,373
2008-12-24,365,369,360,363,2997000,363
2008-12-25,363,371,363,371,1442000,371
2008-12-26,371,375,369,372,2051000,372
2008-12-29,370,371,363,369,2918000,369
2008-12-30,365,374,365,374,1153000,374
2009-01-05,383,386,382,383,1972000,383
2009-01-06,384,392,383,385,4357000,385
2009-01-07,386,388,382,382,3693000,382
2009-01-08,381,384,371,372,3519000,372
2009-01-09,377,377,369,371,3214000,371
2009-01-13,361,363,355,355,3302000,355
2009-01-14,356,367,355,361,2965000,361
2009-01-15,352,355,348,353,3125000,353
2009-01-16,365,368,354,357,2998000,357
2009-01-19,360,362,352,353,1704000,353
2009-01-20,355,355,342,343,3135000,343
2009-01-21,333,338,332,333,3502000,333
2009-01-22,335,342,331,340,3238000,340
2009-01-23,335,343,335,337,2985000,337
2009-01-26,333,345,333,338,3226000,338
2009-01-27,340,349,340,346,4875000,346
2009-01-28,354,355,341,343,4661000,343
2009-01-29,348,351,337,344,3607000,344
2009-01-30,335,336,322,327,4806000,327
2009-02-02,328,334,324,332,4415000,332
2009-02-03,325,331,317,319,5770000,319
2009-02-04,314,323,313,321,5196000,321
2009-02-05,321,326,318,320,3995000,320
2009-02-06,327,330,323,329,3492000,329
2009-02-09,335,339,329,329,3140000,329
2009-02-10,332,333,325,327,2446000,327
2009-02-12,322,328,320,321,4174000,321
2009-02-13,318,319,314,314,4674000,314
2009-02-16,315,321,312,316,3551000,316
2009-02-17,314,315,304,304,2047000,304
2009-02-18,292,303,292,294,5287000,294
2009-02-19,298,300,292,298,3346000,298
2009-02-20,299,299,295,297,2387000,297
2009-02-23,286,289,285,288,3260000,288
2009-02-24,283,287,281,286,2747000,286
2009-02-25,293,293,287,292,3734000,292
2009-02-26,284,289,283,285,3295000,285
2009-02-27,280,285,276,284,4136000,284
2009-03-02,280,280,274,278,3175000,278
2009-03-03,270,279,270,276,3212000,276
2009-03-04,271,275,270,272,4165000,272
2009-03-05,275,276,271,271,4654000,271
2009-03-06,272,272,264,266,5058000,266
2009-03-09,267,272,264,270,3436000,270
2009-03-10,271,273,268,269,1930000,269
2009-03-11,272,277,271,272,3603000,272
2009-03-12,271,274,270,272,2983000,272
2009-03-13,280,285,278,283,6323000,283
2009-03-16,302,303,295,296,5820000,296
2009-03-17,298,304,289,302,3651000,302
2009-03-18,309,309,302,304,3036000,304
2009-03-19,305,310,302,302,3057000,302
2009-03-23,312,321,311,320,2951000,320
2009-03-24,322,327,319,323,4526000,323
2009-03-25,334,335,328,334,5288000,334
2009-03-26,338,341,328,337,3881000,337
2009-03-27,340,343,335,337,3769000,337
2009-03-30,347,349,330,330,5049000,330
2009-03-31,325,327,308,308,4106000,308
2009-04-01,303,313,298,312,4736000,312
2009-04-02,320,328,315,326,4141000,326
2009-04-03,330,337,324,327,3808000,327
2009-04-06,340,343,335,337,3353000,337
2009-04-07,333,342,331,340,4036000,340
2009-04-08,329,338,323,338,4395000,338
2009-04-09,336,352,336,348,4272000,348
2009-04-10,363,366,357,359,6317000,359
2009-04-13,359,369,357,363,2885000,363
2009-04-14,370,371,357,361,3549000,361
2009-04-15,362,364,354,361,1882000,361
2009-04-16,365,377,358,360,3396000,360
2009-04-17,362,366,345,346,5163000,346
2009-04-20,352,352,340,348,3694000,348
2009-04-21,345,346,334,343,3048000,343
2009-04-22,343,348,338,342,4140000,342
2009-04-23,338,342,333,341,3444000,341
2009-04-24,347,351,339,339,3773000,339
2009-04-27,345,349,341,349,3536000,349
2009-04-28,352,352,340,340,4768000,340
2009-04-30,351,353,344,351,4420000,351
2009-05-01,353,358,351,355,2699000,355
2009-05-07,370,371,362,364,2518000,364
2009-05-08,357,385,353,385,5213000,385
2009-05-11,381,393,379,389,4312000,389
2009-05-12,386,386,379,379,2783000,379
2009-05-13,381,389,380,387,2542000,387
2009-05-14,379,382,374,378,2730000,378
2009-05-15,363,386,363,385,4641000,385
2009-05-18,370,375,364,368,3711000,368
2009-05-19,376,391,376,387,3560000,387
2009-05-20,384,392,382,391,2784000,391
2009-05-21,392,392,373,384,4360000,384
2009-05-22,379,381,376,379,2393000,379
2009-05-25,377,392,377,385,3173000,385
2009-05-26,385,385,378,383,2128000,383
2009-05-27,395,400,393,395,3989000,395
2009-05-28,400,406,397,397,5293000,397
2009-05-29,402,405,398,403,3798000,403
2009-06-01,404,425,403,419,4421000,419
2009-06-02,424,428,413,415,3490000,415
2009-06-03,418,422,414,414,2252000,414
2009-06-04,417,421,416,418,2640000,418
2009-06-05,420,420,411,417,2329000,417
2009-06-08,419,421,411,414,2586000,414
2009-06-09,409,410,400,404,3630000,404
2009-06-10,413,417,408,410,4502000,410
2009-06-11,411,415,401,403,5518000,403
2009-06-12,408,413,403,410,10800000,410
2009-06-15,412,415,409,413,3541000,413
2009-06-16,412,417,403,405,3787000,405
2009-06-17,413,427,410,426,6778000,426
2009-06-18,412,416,411,414,2936000,414
2009-06-19,416,422,412,418,3470000,418
2009-06-22,414,419,409,417,3360000,417
2009-06-23,412,418,405,409,3738000,409
2009-06-24,404,414,401,410,7180000,410
2009-06-25,407,410,399,405,5545000,405
2009-06-26,410,424,410,423,5402000,423
2009-06-29,427,427,413,415,2580000,415
2009-06-30,429,440,428,439,5298000,439
2009-07-01,436,441,431,432,2759000,432
2009-07-02,431,435,425,427,2905000,427
2009-07-03,419,419,410,413,2912000,413
2009-07-06,404,405,396,400,4443000,400
2009-07-07,404,413,400,407,4555000,407
2009-07-08,405,414,398,400,3557000,400
2009-07-09,392,402,388,390,4898000,390
2009-07-10,390,391,381,384,4728000,384
2009-07-13,399,403,380,381,5387000,381
2009-07-14,386,392,384,388,2978000,388
2009-07-15,390,395,383,389,3195000,389
2009-07-16,399,401,385,387,2531000,387
2009-07-17,392,395,385,390,2212000,390
2009-07-21,403,405,394,397,3597000,397
2009-07-22,400,413,399,408,4399000,408
2009-07-23,408,412,404,406,2476000,406
2009-07-24,408,411,398,405,3791000,405
2009-07-27,408,416,408,411,3973000,411
2009-07-28,416,416,413,413,3151000,413
2009-07-29,413,417,409,410,2186000,410
2009-07-30,414,416,407,408,2137000,408
2009-07-31,423,435,421,435,5953000,435
2009-08-03,430,433,406,412,9193000,412
2009-08-04,415,420,407,411,5549000,411
2009-08-05,412,418,409,409,3145000,409
2009-08-06,412,414,408,410,3038000,410
2009-08-07,405,410,402,410,2702000,410
2009-08-10,419,419,410,411,2318000,411
2009-08-11,409,412,407,410,1798000,410
2009-08-12,411,412,403,403,2208000,403
2009-08-13,408,409,402,404,2284000,404
2009-08-14,408,408,401,402,2866000,402
2009-08-17,403,403,388,392,3309000,392
2009-08-18,385,390,383,388,4323000,388
2009-08-19,385,386,378,379,5120000,379
2009-08-20,380,383,371,378,7084000,378
2009-08-21,375,379,372,378,7782000,378
2009-08-24,387,391,383,384,4563000,384
2009-08-25,384,394,384,393,7092000,393
2009-08-26,397,408,395,406,6747000,406
2009-08-27,404,404,396,400,4529000,400
2009-08-28,405,411,403,411,6180000,411
2009-08-31,418,425,408,416,8129000,416
2009-09-01,416,417,410,412,2438000,412
2009-09-02,397,401,393,396,4995000,396
2009-09-03,393,394,390,391,2787000,391
2009-09-04,389,394,383,390,4384000,390
2009-09-07,391,393,387,388,1706000,388
2009-09-08,392,392,384,388,2172000,388
2009-09-09,384,391,384,391,2256000,391
2009-09-10,392,398,392,395,1622000,395
2009-09-11,392,393,386,390,6038000,390
2009-09-14,386,389,381,383,2607000,383
2009-09-15,380,382,376,377,2234000,377
2009-09-16,379,381,367,368,5687000,368
2009-09-17,372,373,361,368,7455000,368
2009-09-18,373,376,368,369,6211000,369
2009-09-24,370,376,367,375,5883000,375
2009-09-25,371,373,363,367,4254000,367
2009-09-28,365,370,361,368,4431000,368
2009-09-29,373,373,364,364,2509000,364
2009-09-30,360,365,357,365,3498000,365
2009-10-01,359,367,351,356,5307000,356
2009-10-02,341,351,341,348,4626000,348
2009-10-05,349,349,343,346,2770000,346
2009-10-06,344,346,337,339,3998000,339
2009-10-07,341,346,338,342,4021000,342
2009-10-08,349,357,347,350,4833000,350
2009-10-09,350,359,348,356,5507000,356
2009-10-13,353,354,349,351,2678000,351
2009-10-14,349,351,347,350,3632000,350
2009-10-15,353,355,348,350,2981000,350
2009-10-16,351,353,347,349,2668000,349
2009-10-19,347,347,342,344,3112000,344
2009-10-20,346,352,344,348,3201000,348
2009-10-21,348,354,348,350,3442000,350
2009-10-22,347,351,344,348,3871000,348
2009-10-23,350,351,345,346,3425000,346
2009-10-26,401,404,377,382,25179000,382
2009-10-27,377,389,374,385,10260000,385
2009-10-28,382,384,373,375,5257000,375
2009-10-29,370,377,368,373,3829000,373
2009-10-30,377,382,371,376,3994000,376
2009-11-02,361,370,359,367,3760000,367
2009-11-04,365,373,363,372,2836000,372
2009-11-05,367,372,364,370,2652000,370
2009-11-06,375,375,367,372,3282000,372
2009-11-09,377,392,376,388,7360000,388
2009-11-10,387,394,384,387,4160000,387
2009-11-11,382,387,380,383,2842000,383
2009-11-12,387,387,380,383,3764000,383
2009-11-13,384,391,383,388,4066000,388
2009-11-16,385,386,374,376,2786000,376
2009-11-17,379,382,375,379,3345000,379
2009-11-18,375,383,370,381,3438000,381
2009-11-19,382,382,369,373,3832000,373
2009-11-20,370,377,368,376,2801000,376
2009-11-24,374,376,369,372,3284000,372
2009-11-25,371,378,367,377,3845000,377
2009-11-26,368,380,368,378,3405000,378
2009-11-27,374,378,370,372,4056000,372
2009-11-30,375,384,371,384,4169000,384
2009-12-01,377,380,369,379,6532000,379
2009-12-02,384,393,381,392,6164000,392
2009-12-03,395,411,393,411,5927000,411
2009-12-04,412,415,406,413,5839000,413
2009-12-07,415,418,396,401,5738000,401
2009-12-08,396,399,385,397,6310000,397
2009-12-09,392,395,391,391,2246000,391
2009-12-10,406,406,398,400,5459000,400
2009-12-11,401,404,398,403,6260000,403
2009-12-14,398,399,392,396,2332000,396
2009-12-15,395,396,389,393,2059000,393
2009-12-16,388,392,379,383,8223000,383
2009-12-17,380,384,376,378,6306000,378
2009-12-18,377,377,367,368,8532000,368
2009-12-21,371,379,370,373,4004000,373
2009-12-22,382,383,378,381,3189000,381
2009-12-24,371,375,369,373,5494000,373
2009-12-25,379,380,373,377,3660000,377
2009-12-28,377,385,376,380,3449000,380
2009-12-29,379,388,374,386,3827000,386
2009-12-30,387,387,380,381,2604000,381
2010-01-04,378,386,378,383,1145000,383
2010-01-05,389,392,386,387,2819000,387
2010-01-06,390,400,388,399,3936000,399
2010-01-07,395,404,392,398,3222000,398
2010-01-08,406,413,404,412,6057000,412
2010-01-12,413,418,404,406,4757000,406
2010-01-13,405,409,398,398,3818000,398
2010-01-14,398,407,396,405,2524000,405
2010-01-15,409,413,403,412,4808000,412
2010-01-18,408,410,402,409,2623000,409
2010-01-19,406,410,404,406,1822000,406
2010-01-20,410,414,409,413,3264000,413
2010-01-21,406,410,404,409,3194000,409
2010-01-22,404,404,392,399,3330000,399
2010-01-25,391,406,391,403,3153000,403
2010-01-26,403,408,396,396,3067000,396
2010-01-27,396,399,390,391,3231000,391
2010-01-28,389,389,381,384,4991000,384
2010-01-29,382,386,378,380,3248000,380
2010-02-01,381,382,376,379,2004000,379
2010-02-02,380,383,379,382,1720000,382
2010-02-03,385,389,383,384,1755000,384
2010-02-04,385,387,381,381,1927000,381
2010-02-05,372,376,367,374,2943000,374
2010-02-08,371,377,369,372,1907000,372
2010-02-09,370,371,366,367,2019000,367
2010-02-10,367,370,366,366,1613000,366
2010-02-12,373,374,367,368,2704000,368
2010-02-15,368,370,367,370,1625000,370
2010-02-16,370,377,369,372,1565000,372
2010-02-17,373,380,373,378,2645000,378
2010-02-18,375,376,370,375,2636000,375
2010-02-19,375,377,367,367,2859000,367
2010-02-22,375,378,372,375,2386000,375
2010-02-23,372,374,369,372,2062000,372
2010-02-24,371,373,367,373,5754000,373
2010-02-25,374,375,363,365,3305000,365
2010-02-26,363,367,362,366,2332000,366
2010-03-01,373,374,368,369,2861000,369
2010-03-02,368,371,367,369,1881000,369
2010-03-03,370,372,367,368,2355000,368
2010-03-04,366,368,366,366,1278000,366
2010-03-05,370,377,368,374,2085000,374
2010-03-08,378,379,375,377,3168000,377
2010-03-09,377,378,375,377,1273000,377
2010-03-10,378,378,372,373,1469000,373
2010-03-11,376,384,375,381,2481000,381
2010-03-12,387,387,379,381,7251000,381
2010-03-15,382,388,381,383,2796000,383
2010-03-16,383,387,380,380,2375000,380
2010-03-17,381,383,376,381,3548000,381
2010-03-18,380,383,378,379,1733000,379
2010-03-19,381,381,379,380,1823000,380
2010-03-23,380,384,378,379,2796000,379
2010-03-24,383,387,382,384,3161000,384
2010-03-25,392,397,390,395,5386000,395
2010-03-26,398,401,398,400,4256000,400
2010-03-29,399,399,391,396,3972000,396
2010-03-30,399,404,398,403,3417000,403
2010-03-31,405,406,400,402,4402000,402
2010-04-01,405,413,404,411,3876000,411
2010-04-02,415,419,414,417,3678000,417
2010-04-05,417,419,415,417,2059000,417
2010-04-06,416,416,410,414,3774000,414
2010-04-07,415,436,413,433,8232000,433
2010-04-08,423,428,422,423,5176000,423
2010-04-09,415,421,414,419,6515000,419
2010-04-12,427,428,422,424,3119000,424
2010-04-13,421,425,421,425,2906000,425
2010-04-14,427,432,426,428,3130000,428
2010-04-15,430,431,424,428,2836000,428
2010-04-16,424,425,419,420,1991000,420
2010-04-19,413,418,412,413,2621000,413
2010-04-20,419,427,419,423,2312000,423
2010-04-21,428,429,427,429,1973000,429
2010-04-22,430,440,429,435,5833000,435
2010-04-23,433,435,428,434,2644000,434
2010-04-26,436,439,433,434,2746000,434
2010-04-27,436,439,436,439,2688000,439
2010-04-28,439,441,429,432,5038000,432
2010-04-30,440,446,438,443,3996000,443
2010-05-06,435,435,420,422,4323000,422
2010-05-07,407,429,399,418,7761000,418
2010-05-10,413,431,411,424,4286000,424
2010-05-11,426,429,422,424,2791000,424
2010-05-12,425,428,417,421,2571000,421
2010-05-13,424,434,424,432,2843000,432
2010-05-14,424,427,420,423,3399000,423
2010-05-17,422,430,416,421,4186000,421
2010-05-18,426,430,423,424,3909000,424
2010-05-19,416,418,408,411,4748000,411
2010-05-20,409,414,403,406,2810000,406
2010-05-21,400,405,397,398,3869000,398
2010-05-24,398,405,394,398,2836000,398
2010-05-25,393,394,386,389,3161000,389
2010-05-26,389,391,382,384,3475000,384
2010-05-27,388,393,385,391,4111000,391
2010-05-28,399,407,396,402,5832000,402
2010-05-31,396,405,393,402,2846000,402
2010-06-01,404,406,399,402,1837000,402
2010-06-02,410,416,402,406,5365000,406
2010-06-03,414,414,408,414,3374000,414
2010-06-04,409,413,407,411,1961000,411
2010-06-07,403,405,395,402,2952000,402
2010-06-08,402,403,394,398,3486000,398
2010-06-09,391,394,388,390,2162000,390
2010-06-10,395,398,393,395,2033000,395
2010-06-11,406,410,401,403,7237000,403
2010-06-14,406,413,405,413,2248000,413
2010-06-15,409,411,405,409,1675000,409
2010-06-16,415,419,412,414,1804000,414
2010-06-17,416,420,413,415,2222000,415
2010-06-18,418,423,417,420,2479000,420
2010-06-21,420,423,418,420,3237000,420
2010-06-22,420,421,416,417,2000000,417
2010-06-23,409,412,407,408,2716000,408
2010-06-24,410,420,409,417,2864000,417
2010-06-25,410,411,405,411,3909000,411
2010-06-28,411,413,408,411,1905000,411
2010-06-29,414,418,409,412,3187000,412
2010-06-30,404,411,403,403,3448000,403
2010-07-01,398,401,389,394,2829000,394
2010-07-02,392,396,389,395,2422000,395
2010-07-05,398,399,390,391,2488000,391
2010-07-06,385,389,380,389,4742000,389
2010-07-07,391,392,383,388,4190000,388
2010-07-08,397,398,388,391,3530000,391
2010-07-09,395,395,391,394,2667000,394
2010-07-12,389,390,384,384,3627000,384
2010-07-13,389,393,384,386,4536000,386
2010-07-14,390,393,386,389,1961000,389
2010-07-15,388,388,384,386,2105000,386
2010-07-16,385,387,378,380,2204000,380
2010-07-20,381,383,376,383,1930000,383
2010-07-21,383,383,375,376,3336000,376
2010-07-22,374,379,373,376,2347000,376
2010-07-23,384,384,378,382,2163000,382
2010-07-26,384,387,382,386,1646000,386
2010-07-27,387,394,386,393,2511000,393
2010-07-28,398,399,392,394,3067000,394
2010-07-29,392,394,387,390,2514000,390
2010-07-30,386,386,352,352,8775000,352
2010-08-02,347,348,329,330,12083000,330
2010-08-03,333,340,332,335,11814000,335
2010-08-04,332,338,325,337,10048000,337
2010-08-05,339,344,333,344,9973000,344
2010-08-06,342,348,339,348,6210000,348
2010-08-09,342,350,341,348,4073000,348
2010-08-10,345,348,335,337,6230000,337
2010-08-11,330,332,323,326,9026000,326
2010-08-12,321,326,320,325,6266000,325
2010-08-13,325,331,319,330,6245000,330
2010-08-16,329,334,327,332,3969000,332
2010-08-17,327,328,322,326,3000000,326
2010-08-18,330,337,327,336,4621000,336
2010-08-19,333,334,328,331,4092000,331
2010-08-20,327,328,323,325,2959000,325
2010-08-23,326,328,323,324,2325000,324
2010-08-24,321,322,317,318,3354000,318
2010-08-25,317,318,309,312,7043000,312
2010-08-26,313,313,308,312,4364000,312
2010-08-27,304,306,302,304,11522000,304
2010-08-30,309,310,303,304,9419000,304
2010-08-31,301,302,293,294,7069000,294
2010-09-01,296,302,296,301,7588000,301
2010-09-02,306,314,305,314,5018000,314
2010-09-03,313,314,306,311,4500000,311
2010-09-06,315,327,315,325,5939000,325
2010-09-07,320,328,320,323,3630000,323
2010-09-08,321,324,316,317,3877000,317
2010-09-09,316,318,313,316,4009000,316
2010-09-10,324,330,322,330,8695000,330
2010-09-13,330,331,322,323,2868000,323
2010-09-14,326,329,325,327,2969000,327
2010-09-15,326,335,324,331,4129000,331
2010-09-16,332,334,326,326,3547000,326
2010-09-17,332,333,330,330,3046000,330
2010-09-21,335,335,328,329,2770000,329
2010-09-22,326,333,324,332,4896000,332
2010-09-24,325,330,323,324,5378000,324
2010-09-27,325,329,324,327,3199000,327
2010-09-28,329,332,322,323,4042000,323
2010-09-29,326,331,324,325,4666000,325
2010-09-30,324,327,315,317,4201000,317
2010-10-01,319,320,311,314,3071000,314
2010-10-04,315,315,308,308,3593000,308
2010-10-05,309,317,308,316,2966000,316
2010-10-06,318,320,315,318,2681000,318
2010-10-07,320,326,319,326,2899000,326
2010-10-08,327,327,321,322,5250000,322
2010-10-12,323,325,312,312,2669000,312
2010-10-13,320,327,314,316,4226000,316
2010-10-14,322,322,314,315,3813000,315
2010-10-15,310,312,305,305,3559000,305
2010-10-18,306,313,305,312,3861000,312
2010-10-19,314,319,311,314,4292000,314
2010-10-20,312,313,308,312,4363000,312
2010-10-21,311,312,307,308,3342000,308
2010-10-22,310,313,309,312,1592000,312
2010-10-25,310,314,309,310,2258000,310
2010-10-26,309,315,308,311,3027000,311
2010-10-27,311,313,309,311,2715000,311
2010-10-28,309,311,305,308,4736000,308
2010-10-29,309,322,300,320,9554000,320
2010-11-01,321,324,310,312,4228000,312
2010-11-02,312,313,309,311,2411000,311
2010-11-04,313,321,312,313,6535000,313
2010-11-05,321,329,321,326,6028000,326
2010-11-08,324,327,321,325,3572000,325
2010-11-09,326,330,325,329,2737000,329
2010-11-10,331,338,330,332,4036000,332
2010-11-11,336,344,332,341,4659000,341
2010-11-12,341,344,336,337,5367000,337
2010-11-15,341,344,336,340,4798000,340
2010-11-16,338,338,329,330,7135000,330
2010-11-17,330,341,329,340,5344000,340
2010-11-18,338,350,335,349,8675000,349
2010-11-19,354,355,348,351,4204000,351
2010-11-22,357,360,353,356,5114000,356
2010-11-24,349,353,347,350,5984000,350
2010-11-25,355,355,345,345,4205000,345
2010-11-26,343,348,335,336,6802000,336
2010-11-29,337,348,337,345,4277000,345
2010-11-30,344,345,334,334,5619000,334
2010-12-01,333,340,333,338,4578000,338
2010-12-02,345,345,339,339,2022000,339
2010-12-03,343,344,338,341,2854000,341
2010-12-06,341,345,341,343,2049000,343
2010-12-07,342,344,337,343,2894000,343
2010-12-08,344,351,343,351,4128000,351
2010-12-09,354,359,353,358,6668000,358
2010-12-10,365,365,355,357,11682000,357
2010-12-13,356,361,355,361,3113000,361
2010-12-14,362,368,360,362,4172000,362
2010-12-15,359,360,352,356,6165000,356
2010-12-16,355,364,355,361,3854000,361
2010-12-17,360,362,357,359,2709000,359
2010-12-20,361,361,356,357,2977000,357
2010-12-21,357,361,354,360,3533000,360
2010-12-22,359,363,358,361,2598000,361
2010-12-24,353,357,351,355,3472000,355
2010-12-27,353,359,353,358,3411000,358
2010-12-28,363,370,357,366,5949000,366
2010-12-29,362,367,361,367,2146000,367
2010-12-30,364,368,363,366,1815000,366
2011-01-04,368,369,361,362,5189000,362
2011-01-05,364,368,361,361,3440000,361
2011-01-06,364,365,359,361,4859000,361
2011-01-07,359,361,355,357,3752000,357
2011-01-11,354,360,352,354,4990000,354
2011-01-12,358,358,352,354,3412000,354
2011-01-13,355,356,352,354,2866000,354
2011-01-14,351,353,350,351,5116000,351
2011-01-17,353,355,351,352,3202000,352
2011-01-18,350,354,348,349,3237000,349
2011-01-19,349,351,347,348,3347000,348
2011-01-20,347,350,345,347,2924000,347
2011-01-21,349,351,344,345,3426000,345
2011-01-24,348,348,342,346,2689000,346
2011-01-25,348,358,348,356,5179000,356
2011-01-26,353,355,351,353,3336000,353
2011-01-27,355,358,353,356,2824000,356
2011-01-28,356,356,349,350,2913000,350
2011-01-31,346,350,342,346,5854000,346
2011-02-01,342,344,336,340,6962000,340
2011-02-02,341,343,332,333,10186000,333
2011-02-03,332,336,328,330,10150000,330
2011-02-04,332,334,331,333,3900000,333
2011-02-07,334,337,334,336,6113000,336
2011-02-08,339,340,337,338,6339000,338
2011-02-09,339,342,339,340,5816000,340
2011-02-10,339,343,339,343,4531000,343
2011-02-14,343,343,338,342,6787000,342
2011-02-15,340,342,339,341,2919000,341
2011-02-16,342,348,342,345,4410000,345
2011-02-17,345,354,345,354,5134000,354
2011-02-18,353,356,352,353,3643000,353
2011-02-21,353,353,346,348,5810000,348
2011-02-22,345,345,341,343,3028000,343
2011-02-23,343,349,343,343,6021000,343
2011-02-24,343,344,339,339,4150000,339
2011-02-25,341,348,341,346,5657000,346
2011-02-28,350,352,345,352,5918000,352
2011-03-01,350,356,348,354,5193000,354
2011-03-02,351,352,348,349,4520000,349
2011-03-03,347,350,343,348,3297000,348
2011-03-04,352,354,347,349,2653000,349
2011-03-07,349,349,343,343,2885000,343
2011-03-08,341,343,340,340,2581000,340
2011-03-09,341,345,340,342,4153000,342
2011-03-10,346,349,343,344,3784000,344
2011-03-11,341,344,341,341,6918000,341
2011-03-14,317,325,312,314,4322000,314
2011-03-15,305,309,242,263,9147000,263
2011-03-16,270,283,265,283,7856000,283
2011-03-17,271,292,271,286,7423000,286
2011-03-18,288,299,287,294,5266000,294
2011-03-22,310,315,306,312,5401000,312
2011-03-23,310,314,306,309,4885000,309
2011-03-24,306,310,303,304,4881000,304
2011-03-25,310,319,308,314,5898000,314
2011-03-28,319,322,311,313,5560000,313
2011-03-29,312,318,308,314,5404000,314
2011-03-30,315,318,310,318,4262000,318
2011-03-31,320,320,313,319,4027000,319
2011-04-01,320,324,318,321,3508000,321
2011-04-04,323,326,318,322,2705000,322
2011-04-05,324,331,322,325,6992000,325
2011-04-06,326,327,319,320,4033000,320
2011-04-07,321,323,318,319,4175000,319
2011-04-08,320,326,316,323,4862000,323
2011-04-11,320,325,319,322,1838000,322
2011-04-12,315,316,311,313,2844000,313
2011-04-13,315,321,312,320,4738000,320
2011-04-14,319,321,316,320,3201000,320
2011-04-15,318,322,316,321,2384000,321
2011-04-18,322,326,319,322,2759000,322
2011-04-19,319,322,318,320,2472000,320
2011-04-20,323,325,322,322,1752000,322
2011-04-21,323,324,315,324,4559000,324
2011-04-22,321,324,320,321,1019000,321
2011-04-25,317,320,315,317,2362000,317
2011-04-26,316,316,308,310,3940000,310
2011-04-27,314,318,312,316,6578000,316
2011-04-28,318,323,314,321,5166000,321
2011-05-02,323,328,322,323,5789000,323
2011-05-06,318,326,318,324,5388000,324
2011-05-09,324,326,321,322,2749000,322
2011-05-10,321,325,320,323,3741000,323
2011-05-11,324,327,322,322,3357000,322
2011-05-12,320,323,318,318,2063000,318
2011-05-13,317,318,312,315,5419000,315
2011-05-16,314,314,312,313,2184000,313
2011-05-17,311,312,307,309,4494000,309
2011-05-18,311,316,310,316,2381000,316
2011-05-19,313,314,308,309,5124000,309
2011-05-20,310,319,309,316,5066000,316
2011-05-23,315,316,310,311,4347000,311
2011-05-24,308,313,308,310,3165000,310
2011-05-25,309,309,305,306,4467000,306
2011-05-26,307,310,306,308,3419000,308
2011-05-27,307,311,304,305,4907000,305
2011-05-30,306,310,303,307,4315000,307
2011-05-31,307,314,306,314,2520000,314
2011-06-01,316,319,314,317,4680000,317
2011-06-02,310,312,306,310,7169000,310
2011-06-03,308,310,306,306,3699000,306
2011-06-06,311,318,311,314,8362000,314
2011-06-07,313,319,310,310,7330000,310
2011-06-08,311,318,311,316,4790000,316
2011-06-09,317,320,311,313,3393000,313
2011-06-10,315,319,315,316,5176000,316
2011-06-13,316,322,316,320,5187000,320
2011-06-14,321,326,319,324,2804000,324
2011-06-15,323,326,319,320,2685000,320
2011-06-16,317,319,314,314,3663000,314
2011-06-17,317,317,308,309,5487000,309
2011-06-20,308,314,308,312,2258000,312
2011-06-21,314,314,306,308,6562000,308
2011-06-22,309,322,309,320,9796000,320
2011-06-23,316,320,314,319,2602000,319
2011-06-24,319,322,317,319,3635000,319
2011-06-27,318,322,316,318,2867000,318
2011-06-28,318,321,316,318,3361000,318
2011-06-29,322,328,321,328,4190000,328
2011-06-30,328,328,322,325,4628000,325
2011-07-01,328,329,326,327,2880000,327
2011-07-04,328,341,325,338,6001000,338
2011-07-05,337,342,336,338,2143000,338
2011-07-06,336,338,332,338,4279000,338
2011-07-07,338,340,337,338,2551000,338
2011-07-08,341,342,335,337,4192000,337
2011-07-11,340,345,338,342,6003000,342
2011-07-12,338,340,332,339,4160000,339
2011-07-13,334,338,332,336,4145000,336
2011-07-14,337,337,332,335,3293000,335
2011-07-15,335,337,334,337,2036000,337
2011-07-19,336,337,334,335,2527000,335
2011-07-20,339,342,337,338,3452000,338
2011-07-21,339,339,334,337,2426000,337
2011-07-22,338,339,336,338,2053000,338
2011-07-25,339,340,336,339,2435000,339
2011-07-26,340,342,339,342,1906000,342
2011-07-27,341,342,338,341,4138000,341
2011-07-28,341,341,330,334,4905000,334
2011-07-29,333,343,328,340,6769000,340
2011-08-01,341,345,340,342,2865000,342
2011-08-02,340,340,332,338,2779000,338
2011-08-03,335,339,334,337,4759000,337
2011-08-04,334,342,332,337,6248000,337
2011-08-05,325,329,322,324,5099000,324
2011-08-08,320,324,315,318,5471000,318
2011-08-09,308,309,297,308,9387000,308
2011-08-10,315,320,311,314,5148000,314
2011-08-11,308,315,307,315,4592000,315
2011-08-12,318,319,309,314,3626000,314
2011-08-15,317,322,313,318,3916000,318
2011-08-16,321,323,317,319,3181000,319
2011-08-17,317,321,316,319,2032000,319
2011-08-18,317,319,314,317,2763000,317
2011-08-19,311,318,311,315,3606000,315
2011-08-22,315,318,313,316,4140000,316
2011-08-23,320,326,319,322,6619000,322
2011-08-24,320,323,315,317,6447000,317
2011-08-25,319,324,319,319,4899000,319
2011-08-26,320,322,317,319,4043000,319
2011-08-29,317,320,312,316,7768000,316
2011-08-30,316,319,314,315,6372000,315
2011-08-31,314,320,313,319,5916000,319
2011-09-01,318,324,318,322,3669000,322
2011-09-02,317,322,317,320,3174000,320
2011-09-05,320,321,318,319,2139000,319
2011-09-06,319,320,314,314,3188000,314
2011-09-07,318,320,311,313,5400000,313
2011-09-08,319,322,313,318,5801000,318
2011-09-09,320,323,318,320,8129000,320
2011-09-12,312,314,311,311,3992000,311
2011-09-13,313,313,309,311,4913000,311
2011-09-14,311,315,306,308,7264000,308
2011-09-15,311,315,311,314,3847000,314
2011-09-16,319,327,318,324,7074000,324
2011-09-20,321,329,318,326,6238000,326
2011-09-21,324,327,320,321,5992000,321
2011-09-22,320,327,318,326,5403000,326
2011-09-26,324,324,308,309,8152000,309
2011-09-27,313,315,310,315,5896000,315
2011-09-28,320,324,319,323,4550000,323
2011-09-29,323,332,323,331,6813000,331
2011-09-30,331,334,325,332,5141000,332
2011-10-03,329,332,324,331,3893000,331
2011-10-04,323,323,314,316,5230000,316
2011-10-05,319,320,308,312,6337000,312
2011-10-06,318,318,312,315,2749000,315
2011-10-07,319,320,313,316,2321000,316
2011-10-11,317,317,315,316,2751000,316
2011-10-12,316,323,316,321,2459000,321
2011-10-13,322,322,313,314,3133000,314
2011-10-14,311,314,311,312,3014000,312
2011-10-17,315,318,313,317,2024000,317
2011-10-18,316,317,310,312,2030000,312
2011-10-19,313,317,312,316,3559000,316
2011-10-20,317,317,313,316,1875000,316
2011-10-21,315,316,311,313,1287000,313
2011-10-24,314,319,313,315,2709000,315
2011-10-25,313,314,306,306,4000000,306
2011-10-26,304,310,301,308,3070000,308
2011-10-27,308,314,307,314,3471000,314
2011-10-28,318,318,309,310,4329000,310
2011-10-31,308,313,306,307,3645000,307
2011-11-01,305,311,304,309,2639000,309
2011-11-02,305,305,302,303,2799000,303
2011-11-04,308,310,305,310,3513000,310
2011-11-07,308,308,305,308,2631000,308
2011-11-08,305,310,303,305,2747000,305
2011-11-09,306,311,304,310,3555000,310
2011-11-10,304,310,304,307,3550000,307
2011-11-11,307,308,303,305,4294000,305
2011-11-14,305,306,293,298,6254000,298
2011-11-15,297,299,297,297,2173000,297
2011-11-16,296,299,294,295,2306000,295
2011-11-17,295,297,290,296,2798000,296
2011-11-18,294,295,291,291,3141000,291
2011-11-21,288,296,288,293,2652000,293
2011-11-22,291,292,288,290,3348000,290
2011-11-24,285,285,280,281,3327000,281
2011-11-25,281,286,281,283,3300000,283
2011-11-28,288,288,282,284,2530000,284
2011-11-29,287,289,285,287,2968000,287
2011-11-30,287,289,286,289,4092000,289
2011-12-01,296,297,288,288,3645000,288
2011-12-02,288,290,286,289,4016000,289
2011-12-05,290,293,289,291,2355000,291
2011-12-06,290,292,286,286,2205000,286
2011-12-07,288,293,286,291,5637000,291
2011-12-08,290,292,287,289,3975000,289
2011-12-09,285,289,285,287,8853000,287
2011-12-12,294,299,293,295,5518000,295
2011-12-13,295,298,291,296,4597000,296
2011-12-14,297,297,293,294,4639000,294
2011-12-15,294,295,290,291,2516000,291
2011-12-16,292,294,291,293,2523000,293
2011-12-19,292,292,288,290,2070000,290
2011-12-20,293,294,290,292,2476000,292
2011-12-21,293,295,292,295,1793000,295
2011-12-22,296,300,296,298,2211000,298
2011-12-26,298,298,296,298,1908000,298
2011-12-27,298,299,296,298,2893000,298
2011-12-28,297,299,294,296,3657000,296
2011-12-29,297,299,295,298,1933000,298
2011-12-30,299,300,298,300,1250000,300
2012-01-04,303,305,302,303,1998000,303
2012-01-05,304,305,302,305,2005000,305
2012-01-06,303,304,295,299,2936000,299
2012-01-10,301,304,295,296,2069000,296
2012-01-11,295,298,294,298,1855000,298
2012-01-12,297,298,291,294,3092000,294
2012-01-13,293,295,292,293,4576000,293
2012-01-16,291,293,289,292,2080000,292
2012-01-17,292,294,291,294,1591000,294
2012-01-18,293,297,291,293,3265000,293
2012-01-19,294,300,293,294,4720000,294
2012-01-20,300,304,298,301,4074000,301
2012-01-23,301,303,298,300,2654000,300
2012-01-24,300,303,299,300,2566000,300
2012-01-25,302,309,301,307,3390000,307
2012-01-26,305,308,304,308,2960000,308
2012-01-27,307,309,306,308,3000000,308
2012-01-30,306,309,306,307,2585000,307
2012-01-31,307,311,301,305,4525000,305
2012-02-01,305,307,301,304,3724000,304
2012-02-02,303,306,301,301,2693000,301
2012-02-03,300,303,299,301,2456000,301
2012-02-06,303,308,303,306,2472000,306
2012-02-07,306,309,302,305,4447000,305
2012-02-08,308,310,306,309,3421000,309
2012-02-09,308,311,305,310,4408000,310
2012-02-10,310,313,308,309,3044000,309
2012-02-13,309,314,309,311,5365000,311
2012-02-14,312,316,310,312,4455000,312
2012-02-15,314,320,313,318,4307000,318
2012-02-16,315,318,313,316,2933000,316
2012-02-17,319,320,312,313,4787000,313
2012-02-20,317,317,315,316,2246000,316
2012-02-21,315,316,312,313,3406000,313
2012-02-22,314,320,314,318,5104000,318
2012-02-23,319,319,315,318,4755000,318
2012-02-24,316,318,315,316,3212000,316
2012-02-27,316,316,312,314,4806000,314
2012-02-28,315,319,314,317,4580000,317
2012-02-29,319,325,318,319,3168000,319
2012-03-01,319,325,318,321,4069000,321
2012-03-02,324,326,323,324,3717000,324
2012-03-05,325,329,321,323,3341000,323
2012-03-06,323,325,322,324,3829000,324
2012-03-07,321,328,320,323,4215000,323
2012-03-08,325,329,325,326,4968000,326
2012-03-09,332,332,327,328,6474000,328
2012-03-12,329,330,326,327,2308000,327
2012-03-13,326,329,323,324,3092000,324
2012-03-14,328,331,327,329,3494000,329
2012-03-15,330,331,327,330,1974000,330
2012-03-16,330,330,327,327,2646000,327
2012-03-19,327,328,324,325,2966000,325
2012-03-21,326,329,325,327,2886000,327
2012-03-22,327,328,324,326,3456000,326
2012-03-23,324,326,323,325,2883000,325
2012-03-26,326,326,323,323,2435000,323
2012-03-27,327,331,326,331,3479000,331
2012-03-28,329,329,323,325,2665000,325
2012-03-29,324,325,322,324,3095000,324
2012-03-30,324,325,323,323,2345000,323
2012-04-02,324,324,318,319,4080000,319
2012-04-03,317,318,316,316,2660000,316
2012-04-04,316,317,309,309,3712000,309
2012-04-05,307,308,305,306,3931000,306
2012-04-06,306,311,305,307,3133000,307
2012-04-09,305,310,304,307,3784000,307
2012-04-10,308,310,305,308,2847000,308
2012-04-11,305,307,304,304,3550000,304
2012-04-12,307,309,306,306,3237000,306
2012-04-13,306,307,301,305,7008000,305
2012-04-16,302,305,300,303,3513000,303
2012-04-17,304,305,302,304,1879000,304
2012-04-18,305,308,305,306,2092000,306
2012-04-19,306,306,303,304,1325000,304
2012-04-20,305,305,302,302,1861000,302
2012-04-23,303,305,302,304,2657000,304
2012-04-24,303,303,301,302,1847000,302
2012-04-25,307,307,304,304,1906000,304
2012-04-26,304,308,304,307,2105000,307
2012-04-27,304,307,301,303,5016000,303
2012-05-01,303,303,298,298,3134000,298
2012-05-02,299,299,295,296,3322000,296
2012-05-07,290,295,290,294,4162000,294
2012-05-08,293,311,293,307,8360000,307
2012-05-09,300,313,300,310,7588000,310
2012-05-10,311,311,307,308,4746000,308
2012-05-11,308,316,308,314,5742000,314
2012-05-14,312,315,307,310,3942000,310
2012-05-15,307,310,305,307,4862000,307
2012-05-16,308,308,301,307,5176000,307
2012-05-17,308,311,305,306,3907000,306
2012-05-18,305,306,301,301,2779000,301
2012-05-21,306,308,301,302,2522000,302
2012-05-22,305,307,302,303,2544000,303
2012-05-23,301,302,294,298,6009000,298
2012-05-24,295,303,295,303,3059000,303
2012-05-25,301,304,296,303,3882000,303
2012-05-28,306,306,300,302,2742000,302
2012-05-29,304,306,300,306,2999000,306
2012-05-30,307,309,303,306,3244000,306
2012-05-31,298,308,298,307,4022000,307
2012-06-01,303,305,298,303,3760000,303
2012-06-04,296,301,295,301,3038000,301
2012-06-05,302,308,299,306,3082000,306
2012-06-06,305,313,305,311,4174000,311
2012-06-07,312,314,306,313,4865000,313
2012-06-08,311,312,306,308,6148000,308
2012-06-11,312,313,306,310,3242000,310
2012-06-12,304,305,301,304,3992000,304
2012-06-13,305,308,303,307,3870000,307
2012-06-14,306,308,303,308,3630000,308
2012-06-15,307,308,301,303,3744000,303
2012-06-18,307,309,305,308,2659000,308
2012-06-19,312,314,307,308,3807000,308
2012-06-20,312,316,310,314,4151000,314
2012-06-21,314,320,314,318,5218000,318
2012-06-22,313,320,313,315,3392000,315
2012-06-25,317,319,313,314,3120000,314
2012-06-26,312,316,310,314,5137000,314
2012-06-27,313,320,313,319,3998000,319
2012-06-28,320,327,320,326,4569000,326
2012-06-29,326,329,324,328,4030000,328
2012-07-02,329,329,325,327,2013000,327
2012-07-03,325,329,324,328,3272000,328
2012-07-04,330,331,327,330,3673000,330
2012-07-05,330,330,327,329,1623000,329
2012-07-06,331,331,325,328,2457000,328
2012-07-09,325,326,323,324,3808000,324
2012-07-10,327,333,327,327,5116000,327
2012-07-11,327,327,323,327,2300000,327
2012-07-12,325,328,323,324,2338000,324
2012-07-13,325,326,322,322,2359000,322
2012-07-17,322,326,319,323,2928000,323
2012-07-18,325,329,320,322,3800000,322
2012-07-19,322,328,321,322,2343000,322
2012-07-20,323,323,314,314,2943000,314
2012-07-23,312,316,311,312,2346000,312
2012-07-24,311,313,308,309,2642000,309
2012-07-25,313,319,311,313,4509000,313
2012-07-26,313,313,307,310,3843000,310
2012-07-27,309,315,307,314,5243000,314
2012-07-30,322,323,318,321,3566000,321
2012-07-31,324,326,319,320,3499000,320
2012-08-01,314,325,314,324,3331000,324
2012-08-02,323,326,322,322,2790000,322
2012-08-03,321,321,317,319,2238000,319
2012-08-06,324,326,319,320,3334000,320
2012-08-07,320,322,319,322,1569000,322
2012-08-08,321,330,321,326,5421000,326
2012-08-09,326,328,324,327,2329000,327
2012-08-10,328,329,321,324,2311000,324
2012-08-13,323,326,322,325,765000,325
2012-08-14,325,328,324,328,1723000,328
2012-08-15,325,325,314,318,4704000,318
2012-08-16,312,318,312,317,3714000,317
2012-08-17,319,319,312,314,4268000,314
2012-08-20,314,316,311,312,4615000,312
2012-08-21,311,314,310,310,2319000,310
2012-08-22,311,314,311,311,3339000,311
2012-08-23,311,315,311,314,3278000,314
2012-08-24,312,313,310,312,1645000,312
2012-08-27,314,315,312,312,1818000,312
2012-08-28,314,314,305,306,3630000,306
2012-08-29,307,310,305,308,2366000,308
2012-08-30,310,311,305,307,2685000,307
2012-08-31,305,308,304,307,2859000,307
2012-09-03,304,308,303,304,2612000,304
2012-09-04,303,305,301,304,2290000,304
2012-09-05,305,306,301,303,2807000,303
2012-09-06,304,309,299,300,2990000,300
2012-09-07,305,306,300,302,2944000,302
2012-09-10,302,303,300,300,1437000,300
2012-09-11,295,296,286,294,6087000,294
2012-09-12,299,300,297,300,2871000,300
2012-09-13,302,302,297,297,1822000,297
2012-09-14,298,302,297,300,4614000,300
2012-09-18,303,308,298,299,3021000,299
2012-09-19,303,304,301,301,2155000,301
2012-09-20,301,305,300,302,2324000,302
2012-09-21,301,304,300,302,2014000,302
2012-09-24,303,304,302,304,2505000,304
2012-09-25,303,306,301,304,2790000,304
2012-09-26,300,304,300,300,3282000,300
2012-09-27,301,302,299,302,1600000,302
2012-09-28,303,303,293,296,3936000,296
2012-10-01,291,293,288,292,1998000,292
2012-10-02,293,293,289,291,1840000,291
2012-10-03,290,290,286,289,2506000,289
2012-10-04,292,293,288,292,1875000,292
2012-10-05,294,294,289,291,2552000,291
2012-10-09,289,292,289,290,2295000,290
2012-10-10,287,289,284,284,3430000,284
2012-10-11,285,291,285,290,3391000,290
2012-10-12,292,293,290,290,2909000,290
2012-10-15,292,297,290,294,3248000,294
2012-10-16,297,298,294,297,2809000,297
2012-10-17,298,299,295,296,3007000,296
2012-10-18,298,302,297,300,2588000,300
2012-10-19,299,302,297,301,1895000,301
2012-10-22,302,305,300,304,1988000,304
2012-10-23,303,304,297,300,2355000,300
2012-10-24,298,302,296,296,3552000,296
2012-10-25,297,301,297,301,1832000,301
2012-10-26,301,303,297,299,1719000,299
2012-10-29,300,300,296,299,1776000,299
2012-10-30,300,301,295,295,2359000,295
2012-10-31,296,298,290,292,3021000,292
2012-11-01,291,291,284,285,4127000,285
2012-11-02,287,290,287,287,3521000,287
2012-11-05,286,287,284,284,1858000,284
2012-11-06,285,286,280,285,3653000,285
2012-11-07,288,288,283,286,2404000,286
2012-11-08,282,282,276,278,3262000,278
2012-11-09,275,279,275,277,2541000,277
2012-11-12,277,278,275,275,2504000,275
2012-11-13,274,274,270,273,3438000,273
2012-11-14,271,272,266,267,3943000,267
2012-11-15,265,274,265,272,4144000,272
2012-11-16,272,273,269,273,3594000,273
2012-11-19,274,276,273,275,2780000,275
2012-11-20,278,281,277,280,3124000,280
2012-11-21,282,287,281,283,4183000,283
2012-11-22,287,296,287,296,7792000,296
2012-11-26,299,300,294,295,3879000,295
2012-11-27,295,296,292,294,5294000,294
2012-11-28,293,295,290,291,3170000,291
2012-11-29,292,293,288,293,3594000,293
2012-11-30,295,297,293,296,2989000,296
2012-12-03,295,296,292,293,2457000,293
2012-12-04,294,296,292,295,2379000,295
2012-12-05,293,295,290,295,2459000,295
2012-12-06,296,298,293,294,2757000,294
2012-12-07,294,297,293,297,2041000,297
2012-12-10,297,304,295,304,6756000,304
2012-12-11,301,302,299,300,2973000,300
2012-12-12,300,306,300,303,4826000,303
2012-12-13,304,304,297,302,5128000,302
2012-12-14,305,312,303,309,7786000,309
2012-12-17,312,317,309,314,7340000,314
2012-12-18,313,314,308,309,4161000,309
2012-12-19,312,320,311,320,4034000,320
2012-12-20,319,327,315,324,7614000,324
2012-12-21,324,328,321,323,4908000,323
2012-12-25,347,350,336,337,6968000,337
2012-12-26,340,346,339,346,4659000,346
2012-12-27,349,357,348,355,5998000,355
2012-12-28,359,359,351,355,4419000,355
2013-01-04,360,365,354,364,4240000,364
2013-01-07,364,366,360,362,4359000,362
2013-01-08,361,369,360,363,5154000,363
2013-01-09,357,363,354,363,5385000,363
2013-01-10,358,368,354,365,5569000,365
2013-01-11,366,367,362,365,5268000,365
2013-01-15,367,375,366,367,5805000,367
2013-01-16,367,368,357,359,6712000,359
2013-01-17,360,362,352,355,8093000,355
2013-01-18,361,363,357,362,4995000,362
2013-01-21,363,365,359,363,4263000,363
2013-01-22,364,370,361,365,4435000,365
2013-01-23,360,363,358,359,3716000,359
2013-01-24,355,364,353,362,3658000,362
2013-01-25,369,378,369,378,5546000,378
2013-01-28,378,379,371,371,5451000,371
2013-01-29,371,376,370,372,3211000,372
2013-01-30,370,379,370,378,3301000,378
2013-01-31,376,379,371,378,3462000,378
2013-02-01,377,378,369,372,4276000,372
2013-02-04,371,377,367,375,4654000,375
2013-02-05,371,374,365,366,5622000,366
2013-02-06,375,385,374,382,5771000,382
2013-02-07,381,383,375,378,3953000,378
2013-02-08,374,380,371,373,4779000,373
2013-02-12,376,386,376,383,6015000,383
2013-02-13,380,385,376,381,4018000,381
2013-02-14,383,388,379,383,4777000,383
2013-02-15,384,388,381,384,4465000,384
2013-02-18,388,394,387,390,3494000,390
2013-02-19,389,398,387,394,2867000,394
2013-02-20,400,415,400,405,6340000,405
2013-02-21,403,412,398,402,4669000,402
2013-02-22,396,401,390,398,5811000,398
2013-02-25,408,410,402,407,5388000,407
2013-02-26,397,410,397,403,4066000,403
2013-02-27,404,406,397,399,4582000,399
2013-02-28,405,410,404,407,4988000,407
2013-03-01,407,427,406,423,5626000,423
2013-03-04,435,444,431,433,5442000,433
2013-03-05,431,432,423,426,3638000,426
2013-03-06,427,437,425,436,3679000,436
2013-03-07,441,444,435,438,3647000,438
2013-03-08,441,449,438,448,8472000,448
2013-03-11,452,453,444,451,5743000,451
2013-03-12,459,460,453,455,4887000,455
2013-03-13,455,459,452,455,3799000,455
2013-03-14,458,468,451,467,5303000,467
2013-03-15,470,478,468,475,5196000,475
2013-03-18,467,469,461,462,5387000,462
2013-03-19,470,484,470,474,6762000,474
2013-03-21,479,481,467,474,6337000,474
2013-03-22,475,475,462,464,5776000,464
2013-03-25,470,471,462,464,3675000,464
2013-03-26,464,474,463,467,4961000,467
2013-03-27,467,470,460,467,4930000,467
2013-03-28,460,461,441,450,10448000,450
2013-03-29,448,461,440,459,4972000,459
2013-04-01,456,456,432,433,6568000,433
2013-04-02,430,448,421,440,7273000,440
2013-04-03,439,448,437,446,4743000,446
2013-04-04,439,463,430,463,6879000,463
2013-04-05,475,480,463,468,7681000,468
2013-04-08,478,490,478,489,6132000,489
2013-04-09,492,500,487,494,4622000,494
2013-04-10,490,504,490,503,7431000,503
2013-04-11,504,514,499,505,7776000,505
2013-04-12,508,510,501,505,5884000,505
2013-04-15,505,510,501,506,4285000,506
2013-04-16,496,518,491,512,8040000,512
2013-04-17,516,520,510,513,6913000,513
2013-04-18,514,521,507,507,4867000,507
2013-04-19,518,532,516,522,7892000,522
2013-04-22,528,532,520,526,4180000,526
2013-04-23,519,522,504,508,6626000,508
2013-04-24,516,526,515,525,5176000,525
2013-04-25,521,524,514,521,3879000,521
2013-04-26,516,518,505,507,5700000,507
2013-04-30,505,516,505,507,4261000,507
2013-05-01,505,514,502,510,4153000,510
2013-05-02,505,512,499,505,3653000,505
2013-05-07,508,522,505,517,5005000,517
2013-05-08,520,524,515,518,5613000,518
2013-05-09,518,519,502,504,3910000,504
2013-05-10,508,512,501,501,6648000,501
2013-05-13,502,512,502,511,5612000,511
2013-05-14,502,506,495,495,7161000,495
2013-05-15,498,502,491,495,6836000,495
2013-05-16,496,498,490,495,5883000,495
2013-05-17,493,500,487,499,4460000,499
2013-05-20,498,503,495,499,4247000,499
2013-05-21,500,501,493,496,4025000,496
2013-05-22,497,514,495,510,5321000,510
2013-05-23,511,519,478,478,8377000,478
2013-05-24,480,486,462,476,7873000,476
2013-05-27,471,482,463,476,5227000,476
2013-05-28,475,478,467,468,4101000,468
2013-05-29,476,482,466,473,7986000,473
2013-05-30,477,483,464,467,9694000,467
2013-05-31,471,474,457,457,9943000,457
2013-06-03,451,456,438,438,7231000,438
2013-06-04,439,451,431,448,6189000,448
2013-06-05,444,455,436,436,5875000,436
2013-06-06,430,433,421,428,4805000,428
2013-06-07,417,431,409,424,5612000,424
2013-06-10,431,435,421,429,6189000,429
2013-06-11,429,434,422,425,4207000,425
2013-06-12,421,429,413,426,5410000,426
2013-06-13,426,441,412,420,10439000,420
2013-06-14,428,446,428,437,10130000,437
2013-06-17,438,461,437,458,5918000,458
2013-06-18,456,467,454,461,4946000,461
2013-06-19,469,475,459,464,6207000,464
2013-06-20,465,476,459,474,7824000,474
2013-06-21,466,477,457,467,12687000,467
2013-06-24,475,479,456,458,7573000,458
2013-06-25,459,468,449,457,5327000,457
2013-06-26,463,463,445,450,4173000,450
2013-06-27,453,459,447,459,3855000,459
2013-06-28,466,472,462,471,5330000,471
2013-07-01,473,482,470,482,3752000,482
2013-07-02,485,488,475,481,2989000,481
2013-07-03,480,494,478,494,5251000,494
2013-07-04,491,491,484,485,1961000,485
2013-07-05,488,493,485,491,2952000,491
2013-07-08,500,500,487,488,2345000,488
2013-07-09,492,499,489,499,2630000,499
2013-07-10,491,495,485,490,6367000,490
2013-07-11,485,493,477,492,4721000,492
2013-07-12,493,493,487,490,3512000,490
2013-07-16,494,496,488,495,2558000,495
2013-07-17,491,495,489,495,1544000,495
2013-07-18,497,505,495,504,3771000,504
2013-07-19,505,505,491,496,3841000,496
2013-07-22,504,504,493,501,2302000,501
2013-07-23,504,516,502,514,5354000,514
2013-07-24,512,524,510,524,5423000,524
2013-07-25,525,527,514,517,5976000,517
2013-07-26,505,505,494,499,4984000,499
2013-07-29,500,501,480,481,5087000,481
2013-07-30,475,489,474,487,4661000,487
2013-07-31,475,479,463,463,3859000,463
2013-08-01,458,464,452,464,3876000,464
2013-08-02,467,484,467,484,3427000,484
2013-08-05,474,478,472,475,2145000,475
2013-08-06,473,480,466,480,2360000,480
2013-08-07,476,478,467,467,2679000,467
2013-08-08,463,468,454,455,2457000,455
2013-08-09,455,461,452,456,2879000,456
2013-08-12,452,458,449,454,1379000,454
2013-08-13,458,467,458,465,1965000,465
2013-08-14,470,475,467,474,2127000,474
2013-08-15,472,475,466,470,2884000,470
2013-08-16,466,471,465,469,2163000,469
2013-08-19,466,469,462,469,1228000,469
2013-08-20,466,466,454,454,1620000,454
2013-08-21,452,460,452,458,2092000,458
2013-08-22,452,457,448,455,2165000,455
2013-08-23,464,469,463,465,2860000,465
2013-08-26,466,469,462,467,1385000,467
2013-08-27,463,472,463,468,1848000,468
2013-08-28,464,464,453,458,2646000,458
2013-08-29,459,464,455,461,2515000,461
2013-08-30,466,469,460,460,2649000,460
2013-09-02,461,467,457,466,1237000,466
2013-09-03,469,480,469,480,1831000,480
2013-09-04,472,480,471,480,1813000,480
2013-09-05,480,482,476,478,1714000,478
2013-09-06,479,479,466,469,2334000,469
2013-09-09,490,490,479,482,1789000,482
2013-09-10,485,499,485,495,2594000,495
2013-09-11,501,504,491,494,1587000,494
2013-09-12,494,500,491,494,1832000,494
2013-09-13,489,499,489,495,3663000,495
2013-09-17,496,498,484,488,1927000,488
2013-09-18,493,494,486,493,1626000,493
2013-09-19,498,498,491,496,1605000,496
2013-09-20,498,498,491,494,1658000,494
2013-09-24,490,493,486,490,1476000,490
2013-09-25,490,495,487,491,1327000,491
2013-09-26,491,500,484,500,1921000,500
2013-09-27,498,505,495,501,1773000,501
2013-09-30,496,496,490,492,1712000,492
2013-10-01,492,493,484,486,1844000,486
2013-10-02,489,491,477,478,1680000,478
2013-10-03,481,486,479,479,1695000,479
2013-10-04,475,476,468,473,1470000,473
2013-10-07,473,476,472,473,1593000,473
2013-10-08,470,476,468,473,1182000,473
2013-10-09,468,476,467,476,1564000,476
2013-10-10,476,480,474,480,1191000,480
2013-10-11,490,498,489,497,3054000,497
2013-10-15,503,503,496,499,1376000,499
2013-10-16,499,501,498,500,1072000,500
2013-10-17,501,503,496,502,2064000,502
2013-10-18,500,505,497,501,1713000,501
2013-10-21,502,508,500,505,1463000,505
2013-10-22,504,505,501,504,1139000,504
2013-10-23,504,506,495,495,1594000,495
2013-10-24,491,497,484,497,1692000,497
2013-10-25,493,495,481,484,2107000,484
2013-10-28,482,488,476,486,3307000,486
2013-10-29,481,486,478,482,1777000,482
2013-10-30,489,497,488,494,3218000,494
2013-10-31,488,500,488,492,2904000,492
2013-11-01,492,493,483,485,2532000,485
2013-11-05,489,494,486,487,1709000,487
2013-11-06,486,497,484,490,2205000,490
2013-11-07,491,495,485,486,2208000,486
2013-11-08,479,483,478,482,1805000,482
2013-11-11,489,490,485,490,1624000,490
2013-11-12,491,502,489,502,2646000,502
2013-11-13,498,501,495,498,1558000,498
2013-11-14,504,512,501,510,4291000,510
2013-11-15,515,523,515,520,4728000,520
2013-11-18,521,526,516,523,3424000,523
2013-11-19,518,520,512,516,2025000,516
2013-11-20,521,521,516,518,2015000,518
2013-11-21,523,529,522,529,3461000,529
2013-11-22,530,530,523,528,3051000,528
2013-11-25,530,531,525,531,3351000,531
2013-11-26,521,524,517,521,2804000,521
2013-11-27,513,522,510,521,2742000,521
2013-11-28,525,527,519,524,2324000,524
2013-11-29,524,529,519,528,2784000,528
2013-12-02,529,531,524,531,2582000,531
2013-12-03,529,531,526,529,3248000,529
2013-12-04,519,521,513,513,2994000,513
2013-12-05,511,514,504,505,4288000,505
2013-12-06,501,503,495,502,3889000,502
2013-12-09,513,513,502,510,3134000,510
2013-12-10,507,509,501,507,3979000,507
2013-12-11,504,515,501,514,5298000,514
2013-12-12,508,510,504,508,3990000,508
2013-12-13,507,512,502,505,6903000,505
2013-12-16,501,506,497,499,2008000,499
2013-12-17,503,505,499,503,1463000,503
2013-12-18,502,517,499,516,4395000,516
2013-12-19,519,520,507,512,3641000,512
2013-12-20,509,515,507,514,3488000,514
2013-12-24,513,514,508,509,2606000,509
2013-12-25,504,508,501,504,2569000,504
2013-12-26,504,507,503,504,2615000,504
2013-12-27,503,507,503,507,3009000,507
2013-12-30,510,512,507,509,3752000,509
2014-01-06,505,506,500,505,3518000,505
2014-01-07,502,507,494,498,4404000,498
2014-01-08,500,502,495,502,3021000,502
2014-01-09,499,499,491,496,4994000,496
2014-01-10,495,503,493,501,4655000,501
2014-01-14,493,498,491,493,4332000,493
2014-01-15,499,507,496,507,4231000,507
2014-01-16,507,510,496,497,3854000,497
2014-01-17,500,512,498,509,4985000,509
2014-01-20,507,508,497,499,2894000,499
2014-01-21,500,501,497,497,1700000,497
2014-01-22,497,499,490,495,3432000,495
2014-01-23,499,500,490,490,2386000,490
2014-01-24,483,487,476,478,4366000,478
2014-01-27,466,471,466,467,3275000,467
2014-01-28,471,475,467,470,2772000,470
2014-01-29,478,485,474,485,2715000,485
2014-01-30,471,476,469,473,3267000,473
2014-01-31,473,491,468,486,7653000,486
2014-02-03,483,488,475,476,4356000,476
2014-02-04,462,464,445,445,3854000,445
2014-02-05,451,460,442,450,5092000,450
2014-02-06,446,449,438,438,4002000,438
2014-02-07,450,467,448,467,6515000,467
2014-02-10,462,467,456,459,3263000,459
2014-02-12,475,481,469,480,5892000,480
2014-02-13,476,478,463,466,3789000,466
2014-02-14,470,475,458,462,3643000,462
2014-02-17,461,473,459,472,3853000,472
2014-02-18,473,482,466,481,3643000,481
2014-02-19,479,479,467,473,4006000,473
2014-02-20,475,478,470,471,4412000,471
2014-02-21,473,482,472,482,2151000,482
2014-02-24,482,485,473,479,2975000,479
2014-02-25,478,486,477,484,2942000,484
2014-02-26,478,489,476,485,2185000,485
2014-02-27,483,486,479,481,3305000,481
2014-02-28,486,486,468,474,3588000,474
2014-03-03,471,480,465,479,3317000,479
2014-03-04,472,479,471,475,1879000,475
2014-03-05,480,485,479,481,2450000,481
2014-03-06,485,487,476,487,3691000,487
2014-03-07,489,490,483,490,2758000,490
2014-03-10,487,492,485,488,3099000,488
2014-03-11,489,493,486,492,2210000,492
2014-03-12,495,504,489,489,6680000,489
2014-03-13,492,495,486,492,3260000,492
2014-03-14,488,488,480,481,7170000,481
2014-03-17,476,480,471,475,3211000,475
2014-03-18,495,497,482,483,4237000,483
2014-03-19,488,488,476,483,3362000,483
2014-03-20,491,494,486,489,5500000,489
2014-03-24,485,498,485,496,5484000,496
2014-03-25,490,505,490,498,3455000,498
2014-03-26,500,501,493,499,2929000,499
2014-03-27,494,504,488,502,3529000,502
2014-03-28,504,505,494,504,3406000,504
2014-03-31,504,505,497,505,3257000,505
2014-04-01,505,509,501,508,3536000,508
2014-04-02,509,512,505,505,2744000,505
2014-04-03,512,516,508,512,4579000,512
2014-04-04,515,515,509,510,3330000,510
2014-04-07,506,514,505,509,3311000,509
2014-04-08,506,507,498,505,2397000,505
2014-04-09,495,495,484,487,4745000,487
2014-04-10,490,494,482,484,3646000,484
2014-04-11,475,485,475,477,3714000,477
2014-04-14,476,482,472,475,3446000,475
2014-04-15,477,479,469,471,2421000,471
2014-04-16,475,485,472,483,1743000,483
2014-04-17,479,489,479,485,2609000,485
2014-04-18,489,490,484,489,1487000,489
2014-04-21,492,495,488,491,1583000,491
2014-04-22,491,495,487,487,1565000,487
2014-04-23,491,497,490,494,1628000,494
2014-04-24,492,492,483,487,2426000,487
2014-04-25,485,491,483,485,2582000,485
2014-04-28,482,483,472,475,2218000,475
2014-04-30,476,486,475,483,3408000,483
2014-05-01,486,495,485,494,2090000,494
2014-05-02,490,492,486,488,1910000,488
2014-05-07,484,484,476,480,2974000,480
2014-05-08,475,481,462,464,3960000,464
2014-05-09,468,489,468,488,3895000,488
2014-05-12,484,487,481,483,1920000,483
2014-05-13,486,491,484,489,1517000,489
2014-05-14,487,492,486,491,1317000,491
2014-05-15,485,493,480,493,2679000,493
2014-05-16,483,489,480,488,2158000,488
2014-05-19,486,490,484,485,1375000,485
2014-05-20,485,487,480,482,1535000,482
2014-05-21,484,489,483,486,1621000,486
2014-05-22,489,496,485,495,3139000,495
2014-05-23,493,498,493,496,2727000,496
2014-05-26,500,500,494,498,2052000,498
2014-05-27,501,509,500,507,2422000,507
2014-05-28,509,511,506,506,2301000,506
2014-05-29,501,502,494,502,2834000,502
2014-05-30,499,506,496,499,5720000,499
2014-06-02,504,510,502,510,2449000,510
2014-06-03,515,517,508,511,2359000,511
2014-06-04,514,515,509,514,2143000,514
2014-06-05,512,515,509,512,1607000,512
2014-06-06,515,515,503,505,4150000,505
2014-06-09,508,511,505,507,1638000,507
2014-06-10,510,513,508,508,2201000,508
2014-06-11,510,517,509,514,2401000,514
2014-06-12,507,518,507,517,3788000,517
2014-06-13,514,518,508,517,3626000,517
2014-06-16,513,515,506,509,1820000,509
2014-06-17,506,509,499,499,3030000,499
2014-06-18,500,500,494,494,3743000,494
2014-06-19,495,505,495,504,2197000,504
2014-06-20,507,507,501,503,3834000,503
2014-06-23,505,506,500,502,2596000,502
2014-06-24,502,507,501,504,3355000,504
2014-06-25,500,501,496,497,1812000,497
2014-06-26,496,498,492,494,1933000,494
2014-06-27,494,494,485,487,2374000,487
2014-06-30,491,491,482,491,3736000,491
2014-07-01,489,491,486,489,3967000,489
2014-07-02,493,501,492,500,3880000,500
2014-07-03,501,503,493,494,2300000,494
2014-07-04,501,501,496,497,1638000,497
2014-07-07,498,500,493,493,1642000,493
2014-07-08,494,500,490,495,2623000,495
2014-07-09,492,496,492,496,1987000,496
2014-07-10,497,497,489,491,3085000,491
2014-07-11,490,492,487,492,2226000,492
2014-07-14,490,493,486,492,1886000,492
2014-07-15,495,497,493,493,1114000,493
2014-07-16,493,498,493,497,2308000,497
2014-07-17,495,499,494,499,1933000,499
2014-07-18,491,495,487,494,2180000,494
2014-07-22,498,500,494,495,1481000,495
2014-07-23,498,501,497,498,1917000,498
2014-07-24,500,504,496,496,1915000,496
2014-07-25,502,505,495,501,3332000,501
2014-07-28,503,503,496,500,3053000,500
2014-07-29,498,502,497,500,1413000,500
2014-07-30,504,507,502,506,1874000,506
2014-07-31,508,509,502,502,1638000,502
2014-08-01,494,496,492,492,1956000,492
2014-08-04,490,493,488,490,2015000,490
2014-08-05,490,490,483,484,1768000,484
2014-08-06,481,482,475,477,1994000,477
2014-08-07,475,478,471,477,2154000,477
2014-08-08,469,471,460,460,4332000,460
2014-08-11,465,467,460,465,2389000,465
2014-08-12,467,473,467,468,1756000,468
2014-08-13,468,473,468,472,1784000,472
2014-08-14,473,479,472,479,2092000,479
2014-08-15,479,485,479,484,1989000,484
2014-08-18,484,486,480,484,2094000,484
2014-08-19,490,491,488,490,2013000,490
2014-08-20,493,494,489,492,1494000,492
2014-08-21,493,494,491,492,1534000,492
2014-08-22,493,493,489,490,1504000,490
2014-08-25,490,491,485,487,1703000,487
2014-08-26,486,487,482,483,1278000,483
2014-08-27,481,484,477,481,3065000,481
2014-08-28,478,478,470,471,2700000,471
2014-08-29,476,482,473,476,4842000,476
2014-09-01,477,478,470,472,2178000,472
2014-09-02,471,475,469,472,2008000,472
2014-09-03,474,476,473,475,2155000,475
2014-09-04,474,477,468,468,3095000,468
2014-09-05,473,474,468,470,2757000,470
2014-09-08,474,477,471,475,2573000,475
2014-09-09,479,481,475,475,2136000,475
2014-09-10,472,476,471,476,2165000,476
2014-09-11,478,478,473,476,2521000,476
2014-09-12,478,478,472,474,5174000,474
2014-09-16,471,472,465,467,3163000,467
2014-09-17,466,467,465,465,2493000,465
2014-09-18,468,469,465,467,3069000,467
2014-09-19,469,472,467,471,2652000,471
2014-09-22,470,470,467,468,1894000,468
2014-09-24,469,472,467,471,2439000,471
2014-09-25,471,472,469,472,3418000,472
2014-09-26,462,465,461,463,3164000,463
2014-09-29,466,466,457,459,4725000,459
2014-09-30,461,461,457,459,3992000,459
2014-10-01,461,462,456,456,3791000,456
2014-10-02,454,454,440,440,5175000,440
2014-10-03,441,447,440,445,3666000,445
2014-10-06,449,453,448,449,2680000,449
2014-10-07,450,450,447,448,2586000,448
2014-10-08,441,444,438,440,4468000,440
2014-10-09,441,443,434,435,3111000,435
2014-10-10,427,434,427,433,3332000,433
2014-10-14,425,427,421,425,4404000,425
2014-10-15,428,435,426,432,4228000,432
2014-10-16,425,431,422,425,5158000,425
2014-10-17,427,431,424,427,5924000,427
2014-10-20,438,443,437,440,3969000,440
2014-10-21,437,440,426,427,4635000,427
2014-10-22,435,442,433,442,2914000,442
2014-10-23,438,440,433,437,3603000,437
2014-10-24,445,446,441,444,3081000,444
2014-10-27,448,448,444,446,2907000,446
2014-10-28,447,451,446,448,3281000,448
2014-10-29,450,459,449,457,3521000,457
2014-10-30,455,460,454,455,4832000,455
2014-10-31,462,488,459,484,7881000,484
2014-11-04,499,505,495,500,8367000,500
2014-11-05,496,508,494,507,6589000,507
2014-11-06,507,509,495,498,4318000,498
2014-11-07,502,509,499,508,4246000,508
2014-11-10,503,513,502,513,3622000,513
2014-11-11,514,523,512,519,5273000,519
2014-11-12,525,533,521,526,6496000,526
2014-11-13,523,535,521,534,4568000,534
2014-11-14,544,546,538,546,7747000,546
2014-11-17,542,542,531,533,4401000,533
2014-11-18,546,556,539,547,4947000,547
2014-11-19,548,553,539,543,4049000,543
2014-11-20,547,551,543,548,2819000,548
2014-11-21,550,552,545,552,2792000,552
2014-11-25,572,576,559,569,9654000,569
2014-11-26,565,571,562,563,6344000,563
2014-11-27,562,564,557,560,3354000,560
2014-11-28,564,572,562,570,3901000,570
2014-12-01,572,580,571,576,3637000,576
2014-12-02,569,581,567,581,4076000,581
2014-12-03,583,587,578,584,4256000,584
2014-12-04,586,588,581,583,2713000,583
2014-12-05,575,577,562,576,6949000,576
2014-12-08,577,589,577,588,3429000,588
2014-12-09,589,598,588,598,4502000,598
2014-12-10,596,597,573,574,5688000,574
2014-12-11,568,584,567,577,6174000,577
2014-12-12,574,583,574,575,5431000,575
2014-12-15,564,572,562,564,3998000,564
2014-12-16,555,563,555,559,4781000,559
2014-12-17,559,575,557,572,5229000,572
2014-12-18,586,598,584,594,3937000,594
2014-12-19,600,603,592,603,4995000,603
2014-12-22,602,607,601,604,3575000,604
2014-12-24,610,613,607,610,2450000,610
2014-12-25,608,609,604,606,1464000,606
2014-12-26,612,612,606,611,2752000,611
2014-12-29,616,623,608,617,3732000,617
2014-12-30,617,621,610,614,2742000,614
2015-01-05,609,619,602,614,2568000,614
2015-01-06,604,606,598,599,3398000,599
2015-01-07,594,601,587,598,5443000,598
2015-01-08,607,630,607,628,6229000,628
2015-01-09,629,635,616,621,4821000,621
2015-01-13,615,630,613,630,3876000,630
2015-01-14,630,638,628,632,3785000,632
2015-01-15,640,655,639,653,5308000,653
2015-01-16,640,640,622,635,4939000,635
2015-01-19,642,651,638,648,4449000,648
2015-01-20,647,649,638,649,4034000,649
2015-01-21,643,652,641,649,4366000,649
2015-01-22,646,650,640,647,3654000,647
2015-01-23,650,653,643,653,3065000,653
2015-01-26,649,658,647,658,2763000,658
2015-01-27,662,674,662,674,4363000,674
2015-01-28,673,696,671,692,6416000,692
2015-01-29,682,692,668,670,6018000,670
2015-01-30,674,699,672,691,5820000,691
2015-02-02,678,691,678,687,4403000,687
2015-02-03,697,702,670,673,5294000,673
2015-02-04,676,681,650,659,6815000,659
2015-02-05,661,665,646,648,6821000,648
2015-02-06,658,662,643,645,5095000,645
2015-02-09,653,658,643,646,3508000,646
2015-02-10,640,644,621,631,7025000,631
2015-02-12,640,653,633,643,7142000,643
2015-02-13,637,643,631,635,4363000,635
2015-02-16,641,647,630,630,4634000,630
2015-02-17,626,634,625,630,3133000,630
2015-02-18,630,647,630,644,5141000,644
2015-02-19,650,659,645,648,4468000,648
2015-02-20,652,655,646,649,3307000,649
2015-02-23,658,672,657,669,4321000,669
2015-02-24,674,678,663,666,4144000,666
2015-02-25,669,672,659,665,2839000,665
2015-02-26,663,674,662,673,2803000,673
2015-02-27,667,670,657,669,4850000,669
2015-03-02,678,693,675,687,7097000,687
2015-03-03,682,689,675,685,3051000,685
2015-03-04,684,687,675,684,2877000,684
2015-03-05,685,685,677,684,2048000,684
2015-03-06,688,696,686,695,3565000,695
2015-03-09,688,688,675,679,4480000,679
2015-03-10,680,684,666,670,4333000,670
2015-03-11,665,670,653,655,4925000,655
2015-03-12,656,667,652,664,4401000,664
2015-03-13,664,666,656,656,7383000,656
2015-03-16,655,665,652,662,3512000,662
2015-03-17,666,666,658,661,2486000,661
2015-03-18,661,676,659,676,4030000,676
2015-03-19,680,683,669,676,3260000,676
2015-03-20,671,676,669,675,2876000,675
2015-03-23,679,689,677,680,2562000,680
2015-03-24,683,687,676,679,2975000,679
2015-03-25,679,679,671,678,3132000,678
2015-03-26,672,672,656,657,3700000,657
2015-03-27,653,661,649,655,4686000,655
2015-03-30,660,687,655,683,5670000,683
2015-03-31,689,689,668,672,4835000,672
2015-04-01,665,668,652,658,4497000,658
2015-04-02,664,687,662,679,4909000,679
2015-04-03,686,696,683,691,5548000,691
2015-04-06,685,700,683,700,4399000,700
2015-04-07,700,714,700,703,6419000,703
2015-04-08,714,724,708,710,4060000,710
2015-04-09,710,718,709,713,2689000,713
2015-04-10,714,715,702,706,2991000,706
2015-04-13,702,706,693,700,4396000,700
2015-04-14,707,713,702,711,3438000,711
2015-04-15,707,723,706,719,4378000,719
2015-04-16,720,727,713,720,4200000,720
2015-04-17,724,729,719,726,4091000,726
2015-04-20,716,722,714,716,2547000,716
2015-04-21,717,723,715,722,2797000,722
2015-04-22,718,721,711,715,2283000,715
2015-04-23,718,721,709,714,2817000,714
2015-04-24,708,711,702,704,2573000,704
2015-04-27,702,712,701,708,2588000,708
2015-04-28,710,717,707,711,3676000,711
2015-04-30,701,705,687,690,4914000,690
2015-05-01,683,685,672,680,3483000,680
2015-05-07,675,682,664,676,4018000,676
2015-05-08,696,699,676,683,4695000,683
2015-05-11,694,702,681,691,4990000,691
2015-05-12,694,694,686,691,3542000,691
2015-05-13,691,699,686,696,3095000,696
2015-05-14,687,700,687,694,3171000,694
2015-05-15,694,705,694,701,2625000,701
2015-05-18,704,714,704,713,2987000,713
2015-05-19,715,724,713,721,3274000,721
2015-05-20,725,733,723,733,4016000,733
2015-05-21,731,732,718,719,3773000,719
2015-05-22,725,728,714,717,2284000,717
2015-05-25,716,719,710,715,2360000,715
2015-05-26,709,716,709,714,2059000,714
2015-05-27,708,711,702,707,3180000,707
2015-05-28,716,720,703,709,4807000,709
2015-05-29,704,712,684,687,8358000,687
2015-06-01,687,690,683,688,4238000,688
2015-06-02,691,692,682,684,3071000,684
2015-06-03,681,685,677,685,3085000,685
2015-06-04,688,688,669,671,4889000,671
2015-06-05,668,675,662,675,3244000,675
2015-06-08,675,676,670,673,2001000,673
2015-06-09,666,677,663,663,3537000,663
2015-06-10,660,662,652,654,2802000,654
2015-06-11,656,669,656,669,3167000,669
2015-06-12,675,675,661,662,4221000,662
2015-06-15,655,664,655,663,1659000,663
2015-06-16,660,661,654,654,2518000,654
2015-06-17,655,658,643,646,3489000,646
2015-06-18,641,642,622,630,5374000,630
2015-06-19,640,641,628,640,6220000,640
2015-06-22,635,637,623,631,5887000,631
2015-06-23,631,640,629,637,3613000,637
2015-06-24,644,648,638,645,3974000,645
2015-06-25,644,644,635,637,3073000,637
2015-06-26,634,638,630,636,2604000,636
2015-06-29,624,631,619,619,4203000,619
2015-06-30,609,609,593,602,9329000,602
2015-07-01,601,603,592,598,6061000,598
2015-07-02,608,621,608,618,6223000,618
2015-07-03,615,620,611,614,3349000,614
2015-07-06,607,608,596,598,4013000,598
2015-07-07,610,615,608,609,3712000,609
2015-07-08,602,609,591,591,5524000,591
2015-07-09,575,581,559,581,6473000,581
2015-07-10,582,592,576,582,5222000,582
2015-07-13,585,594,584,587,4299000,587
2015-07-14,597,598,593,596,2538000,596
2015-07-15,597,611,595,608,4475000,608
2015-07-16,611,615,607,611,2423000,611
2015-07-17,611,612,606,611,2016000,611
2015-07-21,617,620,613,618,2342000,618
2015-07-22,611,614,606,607,1702000,607
2015-07-23,604,613,598,608,2290000,608
2015-07-24,601,611,600,601,1977000,601
2015-07-27,600,608,597,600,2880000,600
2015-07-28,596,600,591,596,3345000,596
2015-07-29,596,604,592,597,2638000,597
2015-07-30,599,619,599,612,3663000,612
2015-07-31,624,670,618,656,8356000,656
2015-08-03,646,661,646,659,3501000,659
2015-08-04,665,672,658,669,4633000,669
2015-08-05,669,687,667,679,4378000,679
2015-08-06,679,683,669,670,3171000,670
2015-08-07,673,673,663,667,2541000,667
2015-08-10,667,677,662,676,1891000,676
2015-08-11,676,676,654,661,2855000,661
2015-08-12,653,663,647,656,2994000,656
2015-08-13,658,671,658,669,2980000,669
2015-08-14,665,668,657,661,2734000,661
2015-08-17,658,666,658,664,1478000,664
2015-08-18,660,661,656,657,1701000,657
2015-08-19,653,659,646,646,2042000,646
2015-08-20,648,659,645,648,3109000,648
2015-08-21,631,636,623,623,2393000,623
2015-08-24,607,614,591,593,4314000,593
2015-08-25,569,584,557,557,6193000,557
2015-08-26,559,574,555,573,4767000,573
2015-08-27,579,585,570,577,3169000,577
2015-08-28,595,595,585,587,2803000,587
2015-08-31,583,591,575,588,4288000,588
2015-09-01,591,591,562,562,3074000,562
2015-09-02,548,569,548,556,3391000,556
2015-09-03,586,588,561,563,5123000,563
2015-09-04,572,581,565,568,5488000,568
2015-09-07,565,580,561,577,3405000,577
2015-09-08,574,586,569,569,3405000,569
2015-09-09,587,617,583,616,4601000,616
2015-09-10,599,608,595,606,2794000,606
2015-09-11,596,612,596,608,5191000,608
2015-09-14,612,614,598,602,1978000,602
2015-09-15,607,611,602,603,1836000,603
2015-09-16,609,609,603,607,1595000,607
2015-09-17,610,614,601,605,1908000,605
2015-09-18,596,602,585,585,3787000,585
2015-09-24,581,600,579,581,3603000,581
2015-09-25,581,584,568,579,3242000,579
2015-09-28,594,594,583,589,2841000,589
2015-09-29,575,575,558,560,3519000,560
2015-09-30,575,579,565,569,4236000,569
2015-10-01,577,592,569,588,3014000,588
2015-10-02,583,588,575,580,2752000,580
2015-10-05,583,597,583,593,2733000,593
2015-10-06,601,605,597,601,1912000,601
2015-10-07,586,589,577,586,3848000,586
2015-10-08,584,584,574,574,3394000,574
2015-10-09,582,607,576,605,4429000,605
2015-10-13,598,616,598,614,2725000,614
2015-10-14,605,614,593,593,2552000,593
2015-10-15,586,605,586,601,2154000,601
2015-10-16,605,612,604,605,1400000,605
2015-10-19,602,605,598,599,1263000,599
2015-10-20,601,603,592,597,2051000,597
2015-10-21,594,620,594,618,2270000,618
2015-10-22,614,618,611,612,2025000,612
2015-10-23,623,627,619,624,2655000,624
2015-10-26,633,637,629,631,2319000,631
2015-10-27,628,634,617,619,3172000,619
2015-10-28,621,627,617,624,3678000,624
2015-10-29,630,632,622,630,1796000,630
2015-10-30,621,630,616,627,4008000,627
2015-11-02,587,591,574,575,5933000,575
2015-11-04,585,585,560,561,5244000,561
2015-11-05,563,572,562,572,3412000,572
2015-11-06,571,571,560,563,4102000,563
2015-11-09,567,572,565,572,3176000,572
2015-11-10,568,576,564,566,2842000,566
2015-11-11,565,566,558,563,4549000,563
2015-11-12,566,578,565,577,3952000,577
2015-11-13,574,575,567,573,3034000,573
2015-11-16,565,570,564,566,1921000,566
2015-11-17,574,574,568,568,2455000,568
2015-11-18,572,576,569,572,1905000,572
2015-11-19,578,584,573,578,3105000,578
2015-11-20,576,577,570,577,2398000,577
2015-11-24,575,575,565,567,3288000,567
2015-11-25,565,570,563,564,2677000,564
2015-11-26,564,566,563,564,1564000,564
2015-11-27,562,563,557,562,2906000,562
2015-11-30,558,558,551,556,5100000,556
2015-12-01,562,567,558,561,3525000,561
2015-12-02,560,567,557,564,2302000,564
2015-12-03,564,578,564,575,4436000,575
2015-12-04,565,567,558,560,3455000,560
2015-12-07,565,566,561,561,2504000,561
2015-12-08,565,566,560,562,2092000,562
2015-12-09,558,560,554,557,2999000,557
2015-12-10,553,559,549,553,4171000,553
2015-12-11,551,561,551,559,4300000,559
2015-12-14,549,557,543,557,3582000,557
2015-12-15,553,556,545,545,3634000,545
2015-12-16,552,553,548,553,2843000,553
2015-12-17,558,567,557,562,4878000,562
2015-12-18,559,569,546,547,4253000,547
2015-12-21,546,551,537,546,3363000,546
2015-12-22,546,560,542,557,2771000,557
2015-12-24,545,551,545,549,2947000,549
2015-12-25,554,567,554,564,5089000,564
2015-12-28,571,572,564,569,2753000,569
2015-12-29,572,574,564,572,1856000,572
2015-12-30,574,574,565,572,2128000,572
2016-01-04,572,576,557,560,5654000,560
2016-01-05,555,560,547,556,3450000,556
2016-01-06,559,560,545,550,2745000,550
2016-01-07,545,549,536,537,3154000,537
2016-01-08,529,538,523,524,5584000,524
2016-01-12,514,517,504,504,3911000,504
2016-01-13,509,519,509,519,2874000,519
2016-01-14,503,515,499,512,4501000,512
2016-01-15,523,532,516,531,7711000,531
2016-01-18,523,525,517,522,3557000,522
2016-01-19,520,527,518,525,2739000,525
2016-01-20,548,549,513,515,9222000,515
2016-01-21,517,524,501,501,5591000,501
2016-01-22,524,536,519,535,5613000,535
2016-01-25,548,555,541,554,6855000,554
2016-01-26,550,552,536,540,4406000,540
2016-01-27,550,557,547,555,4384000,555
2016-01-28,555,557,547,550,3323000,550
2016-01-29,550,564,541,558,6581000,558
2016-02-01,550,554,534,537,9929000,537
2016-02-02,535,546,533,543,3913000,543
2016-02-03,533,535,522,527,3467000,527
2016-02-04,518,530,515,524,3882000,524
2016-02-05,519,533,516,531,5632000,531
2016-02-08,526,539,523,537,5816000,537
2016-02-09,513,520,507,509,5289000,509
2016-02-10,513,515,485,492,5423000,492
2016-02-12,483,486,464,465,8161000,465
2016-02-15,480,514,480,511,5456000,511
2016-02-16,501,510,498,501,4669000,501
2016-02-17,500,509,492,498,3950000,498
2016-02-18,511,517,507,508,3581000,508
2016-02-19,507,517,506,515,3536000,515
2016-02-22,512,521,510,516,2863000,516
2016-02-23,516,519,503,504,2742000,504
2016-02-24,497,505,493,499,3550000,499
2016-02-25,498,509,497,508,3350000,508
2016-02-26,507,514,505,510,3108000,510
2016-02-29,517,519,500,500,3665000,500
2016-03-01,493,503,489,501,2852000,501
2016-03-02,514,528,512,525,3128000,525
2016-03-03,525,541,525,536,2447000,536
2016-03-04,528,536,528,533,2317000,533
2016-03-07,530,531,523,530,2748000,530
2016-03-08,528,533,514,528,3281000,528
2016-03-09,522,526,514,518,3174000,518
2016-03-10,519,523,514,519,3009000,519
2016-03-11,510,525,509,521,5015000,521
2016-03-14,525,531,524,530,2814000,530
2016-03-15,527,529,519,523,3150000,523
2016-03-16,516,523,515,519,1893000,519
2016-03-17,521,523,510,511,3223000,511
2016-03-18,512,518,505,508,3017000,508
2016-03-22,518,526,512,517,2898000,517
2016-03-23,517,522,517,520,2428000,520
2016-03-24,523,540,523,538,6062000,538
2016-03-25,537,547,537,544,3351000,544
2016-03-28,548,556,545,553,3663000,553
2016-03-29,550,558,546,555,3205000,555
2016-03-30,554,555,545,546,2341000,546
2016-03-31,547,549,510,512,9056000,512
2016-04-01,505,505,480,483,10218000,483
2016-04-04,488,492,482,486,5663000,486
2016-04-05,482,482,469,470,4261000,470
2016-04-06,472,476,466,469,4042000,469
2016-04-07,469,476,468,470,3314000,470
2016-04-08,465,482,457,475,4376000,475
2016-04-11,473,478,465,473,3134000,473
2016-04-12,472,481,470,479,2679000,479
2016-04-13,487,492,483,489,3521000,489
2016-04-14,497,508,492,508,3207000,508
2016-04-15,499,507,498,499,3388000,499
2016-04-18,483,488,482,484,1975000,484
2016-04-19,497,501,493,498,2717000,498
2016-04-20,503,506,498,502,2312000,502
2016-04-21,510,515,506,514,2692000,514
2016-04-22,509,520,509,518,2400000,518
2016-04-25,535,541,527,534,4791000,534
2016-04-26,532,533,520,525,2247000,525
2016-04-27,529,529,522,526,2471000,526
2016-04-28,533,534,506,509,3933000,509
2016-05-02,483,491,478,490,3936000,490
2016-05-06,490,493,483,487,2772000,487
2016-05-09,495,497,491,494,2510000,494
2016-05-10,490,506,472,472,9425000,472
2016-05-11,476,479,467,473,5298000,473
2016-05-12,472,478,468,477,3402000,477
2016-05-13,481,483,470,470,3045000,470
2016-05-16,470,474,468,470,2396000,470
2016-05-17,472,480,472,480,3391000,480
2016-05-18,480,492,478,488,4169000,488
2016-05-19,490,490,480,484,2533000,484
2016-05-20,484,489,479,486,2083000,486
2016-05-23,483,486,476,483,2025000,483
2016-05-24,481,481,476,479,1931000,479
2016-05-25,482,488,481,486,2659000,486
2016-05-26,489,489,478,480,2310000,480
2016-05-27,476,476,469,470,3028000,470
2016-05-30,474,475,470,474,2040000,474
2016-05-31,473,479,471,478,2640000,478
2016-06-01,471,479,470,473,2992000,473
2016-06-02,468,469,455,457,4068000,457
2016-06-03,452,457,448,456,2297000,456
2016-06-06,448,455,444,454,2859000,454
2016-06-07,452,458,452,457,2712000,457
2016-06-08,461,461,450,459,3168000,459
2016-06-09,458,459,449,453,2982000,453
2016-06-10,455,455,449,453,4066000,453
2016-06-13,445,447,438,438,2626000,438
2016-06-14,439,444,434,438,3161000,438
2016-06-15,435,445,435,441,2822000,441
2016-06-16,441,445,430,433,3245000,433
2016-06-17,435,439,433,434,3895000,434
2016-06-20,443,450,441,448,2145000,448
2016-06-21,453,466,449,463,3992000,463
2016-06-22,463,464,458,458,2731000,458
2016-06-23,457,463,456,462,1824000,462
2016-06-24,468,468,420,422,4738000,422
2016-06-27,430,444,430,443,3120000,443
2016-06-28,438,454,432,450,4222000,450
2016-06-29,458,469,452,465,3650000,465
2016-06-30,474,474,463,466,3788000,466
2016-07-01,473,473,466,471,3061000,471
2016-07-04,470,477,467,477,2252000,477
2016-07-05,475,483,473,481,2481000,481
2016-07-06,467,478,464,476,3420000,476
2016-07-07,476,484,471,474,2692000,474
2016-07-08,474,480,468,469,3925000,469
2016-07-11,483,490,478,487,4282000,487
2016-07-12,493,497,489,491,2687000,491
2016-07-13,499,499,486,488,3444000,488
2016-07-14,493,506,489,503,3774000,503
2016-07-15,504,507,494,498,3810000,498
2016-07-19,505,511,500,507,5217000,507
2016-07-20,507,515,506,513,5030000,513
2016-07-21,513,514,496,501,4319000,501
2016-07-22,493,498,492,496,2679000,496
2016-07-25,500,501,494,496,2609000,496
2016-07-26,494,494,483,486,3483000,486
2016-07-27,492,499,487,488,3792000,488
2016-07-28,489,489,477,481,3552000,481
2016-07-29,480,524,472,523,9361000,523
2016-08-01,516,530,502,520,5988000,520
2016-08-02,528,532,523,525,4606000,525
2016-08-03,510,510,497,499,5176000,499
2016-08-04,499,508,496,506,3601000,506
2016-08-05,506,514,506,511,3567000,511
2016-08-08,515,522,513,522,3215000,522
2016-08-09,523,527,518,520,2842000,520
2016-08-10,516,519,506,510,3995000,510
2016-08-12,513,513,488,489,7572000,489
2016-08-15,489,490,478,481,4064000,481
2016-08-16,481,487,480,480,3598000,480
2016-08-17,480,486,478,485,3291000,485
2016-08-18,480,481,468,470,5544000,470
2016-08-19,470,473,465,467,4081000,467
2016-08-22,474,477,470,472,4271000,472
2016-08-23,470,477,467,473,3437000,473
2016-08-24,476,481,475,480,2001000,480
2016-08-25,480,481,475,478,3667000,478
2016-08-26,475,476,465,468,4200000,468
2016-08-29,475,483,475,481,2970000,481
2016-08-30,479,486,479,484,2419000,484
2016-08-31,488,492,485,490,2559000,490
2016-09-01,488,494,485,492,2785000,492
2016-09-02,495,501,492,496,3514000,496
2016-09-05,501,503,497,499,1833000,499
2016-09-06,499,503,498,500,2311000,500
2016-09-07,495,499,492,497,2709000,497
2016-09-08,497,501,496,498,2934000,498
2016-09-09,498,513,498,509,4986000,509
2016-09-12,499,500,495,498,2026000,498
2016-09-13,503,504,496,500,1995000,500
2016-09-14,497,507,495,503,3175000,503
2016-09-15,500,500,494,498,2237000,498
2016-09-16,498,503,497,502,2810000,502
2016-09-20,501,512,499,504,3705000,504
2016-09-21,504,515,498,515,3865000,515
2016-09-23,513,515,508,509,2857000,509
2016-09-26,509,509,501,502,1883000,502
2016-09-27,495,508,488,508,4352000,508
2016-09-28,499,499,482,484,7531000,484
2016-09-29,485,485,471,473,8917000,473
2016-09-30,466,474,464,470,5537000,470
2016-10-03,473,479,473,475,4126000,475
2016-10-04,478,479,473,475,3958000,475
2016-10-05,478,480,475,476,4675000,476
2016-10-06,478,485,477,485,4633000,485
2016-10-07,485,489,484,487,2549000,487
2016-10-11,487,492,486,489,3076000,489
2016-10-12,485,491,482,486,3390000,486
2016-10-13,485,490,480,482,4407000,482
2016-10-14,480,484,480,481,3137000,481
2016-10-17,483,490,481,485,2797000,485
2016-10-18,481,490,479,489,3212000,489
2016-10-19,489,490,484,489,2582000,489
2016-10-20,490,497,489,495,3606000,495
2016-10-21,493,495,488,490,3167000,490
2016-10-24,490,495,490,495,2117000,495
2016-10-25,497,500,495,498,2758000,498
2016-10-26,498,500,495,500,2809000,500
2016-10-27,501,508,501,507,4326000,507
2016-10-28,508,512,506,510,4353000,510
2016-10-31,509,526,506,519,5555000,519
2016-11-01,525,536,522,536,5826000,536
2016-11-02,529,532,525,529,4906000,529
2016-11-04,529,532,520,529,4160000,529
2016-11-07,537,542,535,539,3440000,539
2016-11-08,541,542,536,540,2801000,540
2016-11-09,542,549,514,519,6813000,519
2016-11-10,544,549,532,541,6579000,541
2016-11-11,542,544,536,537,5446000,537
2016-11-14,545,562,545,561,4298000,561
2016-11-15,564,567,556,558,4486000,558
2016-11-16,565,572,563,568,3801000,568
2016-11-17,567,577,565,576,4179000,576
2016-11-18,581,590,580,589,5500000,589
2016-11-21,588,593,584,591,3633000,591
2016-11-22,587,593,585,588,3845000,588
2016-11-24,593,594,589,590,3064000,590
2016-11-25,592,596,590,594,2927000,594
2016-11-28,591,596,590,595,3115000,595
2016-11-29,595,599,594,599,3888000,599
2016-11-30,599,599,590,591,4621000,591
2016-12-01,597,598,584,587,6597000,587
2016-12-02,584,590,581,585,5728000,585
2016-12-05,575,581,571,580,5061000,580
2016-12-06,590,590,584,589,3909000,589
2016-12-07,589,595,589,593,3375000,593
2016-12-08,597,597,588,596,4307000,596
2016-12-09,591,612,590,610,7960000,610
2016-12-12,610,612,600,606,4973000,606
2016-12-13,586,596,578,596,5919000,596
2016-12-14,598,605,598,599,3399000,599
2016-12-15,600,605,599,603,4318000,603
2016-12-16,608,615,607,614,4613000,614
2016-12-19,610,618,609,616,3539000,616
2016-12-20,620,628,619,627,4638000,627
2016-12-21,627,633,623,626,4066000,626
2016-12-22,626,631,625,630,3685000,630
2016-12-26,628,630,624,626,2724000,626
2016-12-27,625,628,621,628,2911000,628
2016-12-28,627,632,624,629,3614000,629
2016-12-29,628,630,622,626,5029000,626
2016-12-30,626,630,621,629,3691000,629
2017-01-04,632,645,630,642,5806000,642
