Date,Open,High,Low,Close,Volume,Adj Close
2008-10-20,409,425,392,412,11112000,412
2008-10-21,422,431,415,429,9465000,429
2008-10-22,419,420,398,402,9565000,402
2008-10-23,362,387,351,380,9671000,380
2008-10-24,355,370,341,346,9718000,346
2008-10-27,341,358,316,322,15292000,322
2008-10-28,312,336,291,332,16253000,332
2008-10-29,347,363,334,353,11363000,353
2008-10-30,358,430,350,423,16529000,423
2008-10-31,400,405,375,378,13675000,378
2008-11-04,398,403,369,385,11382000,385
2008-11-05,405,435,401,435,11930000,435
2008-11-06,400,404,369,378,10702000,378
2008-11-07,358,392,352,367,10431000,367
2008-11-10,387,411,383,399,11465000,399
2008-11-11,387,422,386,403,11275000,403
2008-11-12,388,395,377,381,9069000,381
2008-11-13,361,370,356,365,7616000,365
2008-11-14,385,388,368,371,7606000,371
2008-11-17,352,385,346,367,8725000,367
2008-11-18,371,380,357,361,8886000,361
2008-11-19,361,371,345,356,8951000,356
2008-11-20,331,338,317,317,6450000,317
2008-11-21,302,340,302,338,7239000,338
2008-11-25,363,363,343,353,4980000,353
2008-11-26,343,357,342,347,5359000,347
2008-11-27,363,370,357,365,10651000,365
2008-11-28,370,388,361,384,9347000,384
2008-12-01,383,393,380,389,5222000,389
2008-12-02,360,365,351,353,7139000,353
2008-12-03,357,358,342,346,5266000,346
2008-12-04,345,352,340,344,6566000,344
2008-12-05,345,348,330,336,4227000,336
2008-12-08,339,354,329,353,4908000,353
2008-12-09,358,372,357,367,5281000,367
2008-12-10,367,401,367,394,11217000,394
2008-12-11,399,428,391,427,12517000,427
2008-12-12,402,411,374,377,15433000,377
2008-12-15,402,416,402,414,7256000,414
2008-12-16,410,433,401,410,9388000,410
2008-12-17,418,423,386,402,7363000,402
2008-12-18,395,409,389,392,5512000,392
2008-12-19,382,388,377,379,7347000,379
2008-12-22,380,394,379,391,4562000,391
2008-12-24,383,391,376,385,2233000,385
2008-12-25,385,404,382,398,3027000,398
2008-12-26,400,407,397,398,2185000,398
2008-12-29,401,405,397,405,2299000,405
2008-12-30,407,414,404,412,1946000,412
2009-01-05,426,429,422,425,2386000,425
2009-01-06,430,430,422,425,3047000,425
2009-01-07,428,443,426,442,6013000,442
2009-01-08,426,428,406,410,5731000,410
2009-01-09,420,426,396,408,7076000,408
2009-01-13,400,406,390,396,6004000,396
2009-01-14,403,415,399,407,5829000,407
2009-01-15,393,395,376,377,6750000,377
2009-01-16,377,379,361,372,10670000,372
2009-01-19,367,372,364,369,5661000,369
2009-01-20,354,356,345,354,7587000,354
2009-01-21,339,348,338,345,5545000,345
2009-01-22,347,349,332,340,9191000,340
2009-01-23,344,355,339,339,8368000,339
2009-01-26,338,355,331,344,7983000,344
2009-01-27,357,385,355,380,9956000,380
2009-01-28,383,385,365,379,6467000,379
2009-01-29,392,394,379,384,5506000,384
2009-01-30,369,375,328,334,13188000,334
2009-02-02,338,348,331,334,9772000,334
2009-02-03,349,365,340,353,9887000,353
2009-02-04,361,367,356,367,6015000,367
2009-02-05,382,410,379,396,14702000,396
2009-02-06,411,413,388,401,12223000,401
2009-02-09,411,413,395,395,6380000,395
2009-02-10,401,403,381,390,5842000,390
2009-02-12,375,375,357,362,11188000,362
2009-02-13,350,351,338,345,10320000,345
2009-02-16,340,353,337,345,6293000,345
2009-02-17,342,349,334,336,5616000,336
2009-02-18,331,349,329,346,7262000,346
2009-02-19,356,357,338,347,8247000,347
2009-02-20,333,338,323,330,11712000,330
2009-02-23,320,320,308,315,6925000,315
2009-02-24,304,307,300,307,7099000,307
2009-02-25,315,317,300,307,6607000,307
2009-02-26,301,316,300,309,7069000,309
2009-02-27,309,314,302,313,5438000,313
2009-03-02,305,306,294,299,7098000,299
2009-03-03,286,303,280,300,8498000,300
2009-03-04,290,301,285,296,7703000,296
2009-03-05,302,316,301,308,9773000,308
2009-03-06,294,296,285,287,11715000,287
2009-03-09,291,294,284,291,5906000,291
2009-03-10,286,292,285,289,4975000,289
2009-03-11,300,302,295,297,5250000,297
2009-03-12,292,299,284,288,5831000,288
2009-03-13,293,296,284,291,9541000,291
2009-03-16,293,310,293,303,6628000,303
2009-03-17,301,317,293,314,9215000,314
2009-03-18,318,324,311,317,5505000,317
2009-03-19,312,315,301,304,6371000,304
2009-03-23,304,326,298,322,9009000,322
2009-03-24,332,337,322,335,11070000,335
2009-03-25,333,345,329,341,8065000,341
2009-03-26,331,353,331,350,7562000,350
2009-03-27,345,353,337,339,7152000,339
2009-03-30,326,331,308,310,10483000,310
2009-03-31,304,315,301,305,7736000,305
2009-04-01,310,319,302,314,5509000,314
2009-04-02,324,335,318,331,10869000,331
2009-04-03,346,366,344,363,19269000,363
2009-04-06,366,382,357,369,13673000,369
2009-04-07,372,373,357,364,8868000,364
2009-04-08,352,353,343,349,7289000,349
2009-04-09,359,377,357,377,7862000,377
2009-04-10,389,406,388,400,15844000,400
2009-04-13,397,431,391,425,17298000,425
2009-04-14,426,430,396,412,16899000,412
2009-04-15,402,424,399,415,17979000,415
2009-04-16,429,436,405,411,17385000,411
2009-04-17,426,427,416,423,8701000,423
2009-04-20,423,428,409,425,8147000,425
2009-04-21,415,416,407,411,6476000,411
2009-04-22,420,428,416,419,7904000,419
2009-04-23,420,423,403,416,7064000,416
2009-04-24,416,416,400,404,6549000,404
2009-04-27,400,401,382,386,12278000,386
2009-04-28,371,373,357,360,11363000,360
2009-04-30,370,378,368,369,6267000,369
2009-05-01,372,395,370,393,9035000,393
2009-05-07,422,422,408,413,9660000,413
2009-05-08,409,414,398,408,9394000,408
2009-05-11,409,412,398,405,9818000,405
2009-05-12,399,401,390,393,5606000,393
2009-05-13,389,390,374,390,6887000,390
2009-05-14,375,382,367,368,6208000,368
2009-05-15,379,393,377,393,8893000,393
2009-05-18,388,396,382,384,6578000,384
2009-05-19,395,395,380,386,5248000,386
2009-05-20,390,405,390,404,9096000,404
2009-05-21,398,403,388,392,11763000,392
2009-05-22,387,395,383,390,6272000,390
2009-05-25,395,402,390,392,7556000,392
2009-05-26,401,404,392,394,7758000,394
2009-05-27,404,407,400,401,9605000,401
2009-05-28,409,412,402,405,8853000,405
2009-05-29,412,437,411,431,22090000,431
2009-06-01,448,471,447,463,21759000,463
2009-06-02,472,475,446,453,19393000,453
2009-06-03,458,463,449,456,10868000,456
2009-06-04,441,442,436,440,15112000,440
2009-06-05,438,439,420,430,10215000,430
2009-06-08,422,434,420,433,11127000,433
2009-06-09,428,431,419,422,5589000,422
2009-06-10,432,451,431,449,13441000,449
2009-06-11,445,451,439,444,6445000,444
2009-06-12,449,467,446,458,14591000,458
2009-06-15,462,463,447,450,5532000,450
2009-06-16,440,443,427,430,5891000,430
2009-06-17,427,442,423,432,7532000,432
2009-06-18,433,433,409,413,8873000,413
2009-06-19,423,438,422,427,8487000,427
2009-06-22,422,425,412,420,4613000,420
2009-06-23,405,407,396,403,7868000,403
2009-06-24,400,408,393,401,9264000,401
2009-06-25,404,414,397,407,8045000,407
2009-06-26,412,418,410,412,4980000,412
2009-06-29,410,411,395,398,4840000,398
2009-06-30,403,406,397,398,5998000,398
2009-07-01,398,400,388,391,8834000,391
2009-07-02,390,391,382,384,7155000,384
2009-07-03,374,379,370,379,7571000,379
2009-07-06,374,376,365,369,5856000,369
2009-07-07,370,370,360,362,5539000,362
2009-07-08,351,367,350,362,12282000,362
2009-07-09,357,384,356,362,13183000,362
2009-07-10,362,365,347,348,9695000,348
2009-07-13,344,354,331,333,10028000,333
2009-07-14,343,347,340,342,4523000,342
2009-07-15,346,357,345,348,10532000,348
2009-07-16,363,371,357,360,9923000,360
2009-07-17,365,371,355,360,6501000,360
2009-07-21,370,372,358,363,5456000,363
2009-07-22,364,364,354,362,6623000,362
2009-07-23,357,370,357,365,3837000,365
2009-07-24,375,379,368,377,7384000,377
2009-07-27,383,390,341,362,26420000,362
2009-07-28,360,362,353,362,10813000,362
2009-07-29,356,366,352,353,9620000,353
2009-07-30,355,359,353,358,4325000,358
2009-07-31,362,363,353,357,5777000,357
2009-08-03,356,357,350,354,7384000,354
2009-08-04,358,375,357,375,14329000,375
2009-08-05,378,388,375,378,13000000,378
2009-08-06,375,385,371,383,8864000,383
2009-08-07,386,389,376,389,9182000,389
2009-08-10,394,396,389,396,6966000,396
2009-08-11,397,402,394,400,5040000,400
2009-08-12,398,403,393,400,7411000,400
2009-08-13,401,401,390,393,6740000,393
2009-08-14,398,398,389,394,5835000,394
2009-08-17,394,394,377,381,6731000,381
2009-08-18,377,386,377,385,5174000,385
2009-08-19,381,386,374,376,5730000,376
2009-08-20,377,388,369,385,6153000,385
2009-08-21,375,379,372,378,6106000,378
2009-08-24,381,388,381,383,4914000,383
2009-08-25,380,386,378,383,5924000,383
2009-08-26,388,404,386,402,9420000,402
2009-08-27,397,397,388,397,5485000,397
2009-08-28,401,406,394,399,7771000,399
2009-08-31,406,419,399,409,12757000,409
2009-09-01,404,406,396,403,5356000,403
2009-09-02,393,400,391,398,6313000,398
2009-09-03,388,393,385,391,7626000,391
2009-09-04,394,394,379,382,6351000,382
2009-09-07,388,403,388,402,6107000,402
2009-09-08,404,404,398,400,6332000,400
2009-09-09,399,405,398,401,3433000,401
2009-09-10,404,410,402,409,5772000,409
2009-09-11,407,408,395,397,7919000,397
2009-09-14,398,405,394,396,6299000,396
2009-09-15,399,399,386,388,2759000,388
2009-09-16,389,397,382,385,6178000,385
2009-09-17,395,400,392,399,5592000,399
2009-09-18,402,405,395,395,4392000,395
2009-09-24,397,399,387,390,4549000,390
2009-09-25,383,384,369,370,6249000,370
2009-09-28,350,350,340,343,8265000,343
2009-09-29,347,349,337,343,7927000,343
2009-09-30,341,341,331,333,6463000,333
2009-10-01,336,337,330,332,3318000,332
2009-10-02,323,328,322,326,3926000,326
2009-10-05,328,335,324,328,4992000,328
2009-10-06,338,342,329,330,6301000,330
2009-10-07,340,345,335,340,7319000,340
2009-10-08,358,372,355,365,13790000,365
2009-10-09,364,370,359,365,7818000,365
2009-10-13,370,375,364,370,5632000,370
2009-10-14,371,371,358,368,5095000,368
2009-10-15,373,377,366,369,4607000,369
2009-10-16,369,374,363,368,3948000,368
2009-10-19,364,371,357,368,3882000,368
2009-10-20,372,374,368,371,3976000,371
2009-10-21,374,386,373,386,6079000,386
2009-10-22,380,388,373,375,7672000,375
2009-10-23,382,384,374,376,4813000,376
2009-10-26,378,393,374,377,5032000,377
2009-10-27,372,375,352,353,20938000,353
2009-10-28,346,348,333,337,8090000,337
2009-10-29,332,340,330,340,7474000,340
2009-10-30,344,348,335,338,4774000,338
2009-11-02,328,331,324,326,7139000,326
2009-11-04,328,335,323,332,5268000,332
2009-11-05,335,341,332,335,4977000,335
2009-11-06,341,342,332,334,4963000,334
2009-11-09,334,335,326,328,5095000,328
2009-11-10,326,329,324,325,4110000,325
2009-11-11,327,332,322,330,7129000,330
2009-11-12,331,333,310,310,12795000,310
2009-11-13,304,305,292,298,13184000,298
2009-11-16,303,305,286,289,12789000,289
2009-11-17,290,300,290,295,9985000,295
2009-11-18,297,303,283,286,8037000,286
2009-11-19,285,287,269,272,11588000,272
2009-11-20,269,280,267,278,6124000,278
2009-11-24,282,283,266,269,10485000,269
2009-11-25,269,272,254,259,12419000,259
2009-11-26,254,263,252,260,10913000,260
2009-11-27,252,256,245,246,7598000,246
2009-11-30,255,257,248,251,8683000,251
2009-12-01,241,255,238,252,10948000,252
2009-12-02,251,258,247,247,7676000,247
2009-12-03,255,264,252,263,11928000,263
2009-12-04,268,274,264,267,13471000,267
2009-12-07,277,280,272,279,10162000,279
2009-12-08,272,278,262,264,12541000,264
2009-12-09,261,262,253,254,10971000,254
2009-12-10,249,252,243,243,14231000,243
2009-12-11,245,248,242,247,9692000,247
2009-12-14,248,249,240,241,6737000,241
2009-12-15,242,246,240,240,4967000,240
2009-12-16,245,249,242,245,10894000,245
2009-12-17,248,255,247,251,10456000,251
2009-12-18,250,254,245,254,10456000,254
2009-12-21,259,261,256,260,10032000,260
2009-12-22,259,263,255,262,6623000,262
2009-12-24,267,267,262,267,6351000,267
2009-12-25,265,266,262,264,3819000,264
2009-12-28,264,272,264,271,5881000,271
2009-12-29,268,269,263,264,5109000,264
2009-12-30,267,269,263,264,3826000,264
2010-01-04,265,270,264,269,3679000,269
2010-01-05,274,284,273,279,14913000,279
2010-01-06,282,293,281,293,12347000,293
2010-01-07,309,312,301,303,21974000,303
2010-01-08,304,311,299,311,13230000,311
2010-01-12,314,322,313,321,16169000,321
2010-01-13,317,325,316,325,10687000,325
2010-01-14,338,351,337,349,30934000,349
2010-01-15,349,349,341,345,12701000,345
2010-01-18,344,347,339,345,7310000,345
2010-01-19,350,359,342,348,15243000,348
2010-01-20,351,353,332,334,11731000,334
2010-01-21,327,341,326,337,11709000,337
2010-01-22,330,347,329,347,23036000,347
2010-01-25,342,347,335,346,11425000,346
2010-01-26,345,345,327,330,13178000,330
2010-01-27,328,329,314,318,23230000,318
2010-01-28,318,327,311,319,12371000,319
2010-01-29,312,333,311,321,25725000,321
2010-02-01,318,318,301,304,18526000,304
2010-02-02,312,325,310,323,21440000,323
2010-02-03,329,329,316,318,19872000,318
2010-02-04,317,318,302,305,27204000,305
2010-02-05,293,301,293,296,13046000,296
2010-02-08,291,300,289,292,14367000,292
2010-02-09,293,301,291,298,15959000,298
2010-02-10,303,309,300,303,16735000,303
2010-02-12,311,313,298,298,17667000,298
2010-02-15,309,318,302,305,37864000,305
2010-02-16,303,311,300,309,19773000,309
2010-02-17,315,319,313,318,14361000,318
2010-02-18,320,323,314,318,8720000,318
2010-02-19,318,320,309,311,11667000,311
2010-02-22,316,319,313,315,14840000,315
2010-02-23,314,328,311,326,79381000,326
2010-02-24,326,330,323,330,48947000,330
2010-02-25,328,328,317,319,27169000,319
2010-02-26,318,323,316,322,29705000,322
2010-03-01,319,321,316,317,12540000,317
2010-03-02,319,321,316,317,20721000,317
2010-03-03,321,325,319,321,54517000,321
2010-03-04,323,330,322,327,56828000,327
2010-03-05,335,343,333,343,44967000,343
2010-03-08,348,352,343,348,42399000,348
2010-03-09,349,355,343,355,31951000,355
2010-03-10,351,353,344,347,16979000,347
2010-03-11,350,354,344,352,15282000,352
2010-03-12,352,353,347,348,11820000,348
2010-03-15,354,358,352,356,13761000,356
2010-03-16,355,358,350,354,11211000,354
2010-03-17,351,356,347,355,18005000,355
2010-03-18,355,364,353,358,20249000,358
2010-03-19,361,364,353,357,12370000,357
2010-03-23,355,359,352,353,5738000,353
2010-03-24,348,353,347,351,11335000,351
2010-03-25,350,354,343,343,10021000,343
2010-03-26,344,351,343,349,7495000,349
2010-03-29,351,359,349,359,8354000,359
2010-03-30,361,367,359,366,13734000,366
2010-03-31,368,379,364,373,20486000,373
2010-04-01,381,387,380,382,20435000,382
2010-04-02,383,384,376,383,11441000,383
2010-04-05,388,390,379,381,8419000,381
2010-04-06,381,382,366,373,11913000,373
2010-04-07,374,382,369,374,12112000,374
2010-04-08,369,378,369,373,8575000,373
2010-04-09,370,379,370,378,8665000,378
2010-04-12,381,382,376,378,6446000,378
2010-04-13,371,372,366,372,11305000,372
2010-04-14,369,374,366,369,9092000,369
2010-04-15,373,386,372,384,18282000,384
2010-04-16,384,386,378,383,13197000,383
2010-04-19,376,382,374,374,8263000,374
2010-04-20,378,379,374,377,6985000,377
2010-04-21,387,393,384,393,27587000,393
2010-04-22,390,405,386,401,23982000,401
2010-04-23,396,398,387,387,14627000,387
2010-04-26,393,399,391,399,15811000,399
2010-04-27,397,408,392,394,25696000,394
2010-04-28,386,392,382,386,17578000,386
2010-04-30,394,404,393,403,16052000,403
2010-05-06,388,392,375,376,17361000,376
2010-05-07,355,371,348,362,27911000,362
2010-05-10,369,377,366,375,19630000,375
2010-05-11,382,385,364,369,13501000,369
2010-05-12,374,374,354,359,19713000,359
2010-05-13,371,376,369,376,17838000,376
2010-05-14,368,379,367,373,10749000,373
2010-05-17,369,370,354,361,12449000,361
2010-05-18,364,365,343,345,19163000,345
2010-05-19,340,348,334,345,13709000,345
2010-05-20,340,347,334,336,13081000,336
2010-05-21,324,333,322,330,13619000,330
2010-05-24,338,349,334,343,23046000,343
2010-05-25,342,343,328,328,15830000,328
2010-05-26,338,344,329,342,18674000,342
2010-05-27,337,360,337,358,24199000,358
2010-05-28,366,371,363,371,25376000,371
2010-05-31,367,373,361,370,13868000,370
2010-06-01,364,366,356,358,13456000,358
2010-06-02,351,360,345,351,16812000,351
2010-06-03,364,375,362,371,27588000,371
2010-06-04,370,380,370,373,15520000,373
2010-06-07,365,367,357,359,17384000,359
2010-06-08,353,361,350,354,15222000,354
2010-06-09,349,353,346,349,11427000,349
2010-06-10,354,356,348,354,11172000,354
2010-06-11,365,370,363,365,16987000,365
2010-06-14,373,382,372,380,14838000,380
2010-06-15,374,377,371,375,11687000,375
2010-06-16,383,388,382,387,15514000,387
2010-06-17,383,385,380,383,9255000,383
2010-06-18,384,389,382,387,10700000,387
2010-06-21,392,403,391,403,14560000,403
2010-06-22,398,401,395,400,10985000,400
2010-06-23,393,395,383,394,19941000,394
2010-06-24,390,399,390,394,9756000,394
2010-06-25,386,387,379,385,11203000,385
2010-06-28,384,385,371,375,9578000,375
2010-06-29,378,382,366,370,14427000,370
2010-06-30,358,369,357,366,14217000,366
2010-07-01,366,367,353,357,8947000,357
2010-07-02,355,357,351,353,11155000,353
2010-07-05,351,357,348,355,6678000,355
2010-07-06,349,363,344,362,10167000,362
2010-07-07,362,362,349,351,11603000,351
2010-07-08,362,364,357,359,9749000,359
2010-07-09,361,366,355,364,11057000,364
2010-07-12,364,375,363,368,6268000,368
2010-07-13,374,382,362,364,14978000,364
2010-07-14,376,381,374,379,11277000,379
2010-07-15,374,376,367,368,8280000,368
2010-07-16,373,374,360,363,11052000,363
2010-07-20,359,365,357,358,8963000,358
2010-07-21,366,368,352,354,10777000,354
2010-07-22,348,350,340,344,11402000,344
2010-07-23,355,357,351,355,13869000,355
2010-07-26,358,366,358,363,6518000,363
2010-07-27,364,368,361,362,6053000,362
2010-07-28,368,369,362,368,7271000,368
2010-07-29,363,394,363,378,26174000,378
2010-07-30,374,375,365,369,16657000,369
2010-08-02,370,370,362,363,10766000,363
2010-08-03,370,377,368,369,13707000,369
2010-08-04,366,366,360,362,7011000,362
2010-08-05,370,371,357,360,14586000,360
2010-08-06,356,364,353,361,9201000,361
2010-08-09,354,358,351,354,8755000,354
2010-08-10,356,360,350,352,7634000,352
2010-08-11,349,351,346,347,6621000,347
2010-08-12,339,341,331,341,11457000,341
2010-08-13,342,345,337,345,7314000,345
2010-08-16,339,341,333,340,9072000,340
2010-08-17,334,342,334,340,8758000,340
2010-08-18,346,347,342,345,8216000,345
2010-08-19,346,350,344,349,7811000,349
2010-08-20,341,345,337,340,7454000,340
2010-08-23,342,347,335,338,9791000,338
2010-08-24,333,336,330,334,6744000,334
2010-08-25,328,330,322,326,10384000,326
2010-08-26,327,329,320,323,7450000,323
2010-08-27,315,324,315,323,13584000,323
2010-08-30,329,333,323,326,9818000,326
2010-08-31,319,320,312,313,11041000,313
2010-09-01,314,318,311,317,11519000,317
2010-09-02,326,326,318,320,10067000,320
2010-09-03,321,323,316,321,8446000,321
2010-09-06,323,335,321,332,16626000,332
2010-09-07,328,335,325,328,10060000,328
2010-09-08,320,322,311,315,14068000,315
2010-09-09,318,319,312,314,11469000,314
2010-09-10,314,321,313,317,11993000,317
2010-09-13,325,327,323,324,11831000,324
2010-09-14,326,328,321,322,9699000,322
2010-09-15,320,329,315,323,15156000,323
2010-09-16,329,331,325,326,8109000,326
2010-09-17,328,332,327,329,7858000,329
2010-09-21,334,334,327,327,7529000,327
2010-09-22,325,330,325,327,6343000,327
2010-09-24,322,324,315,318,12960000,318
2010-09-27,322,322,316,318,6007000,318
2010-09-28,315,317,313,315,8934000,315
2010-09-29,317,325,317,321,9823000,321
2010-09-30,320,320,312,314,10975000,314
2010-10-01,311,312,295,304,24240000,304
2010-10-04,300,304,296,297,10952000,297
2010-10-05,294,302,292,301,10881000,301
2010-10-06,304,319,303,313,16078000,313
2010-10-07,315,326,315,320,13025000,320
2010-10-08,322,325,320,321,6860000,321
2010-10-12,322,323,312,315,6969000,315
2010-10-13,314,314,305,307,13537000,307
2010-10-14,313,318,311,316,11406000,316
2010-10-15,324,326,319,321,18401000,321
2010-10-18,322,323,315,318,7891000,318
2010-10-19,316,321,315,319,4465000,319
2010-10-20,314,316,310,314,6495000,314
2010-10-21,316,317,308,309,13087000,309
2010-10-22,311,317,310,315,10373000,315
2010-10-25,316,318,311,314,5348000,314
2010-10-26,313,316,312,312,4652000,312
2010-10-27,313,314,309,311,6450000,311
2010-10-28,310,314,309,312,5147000,312
2010-10-29,314,315,307,314,9581000,314
2010-11-01,311,314,307,312,5130000,312
2010-11-02,312,314,308,312,4738000,312
2010-11-04,316,324,315,321,14200000,321
2010-11-05,327,335,326,327,14396000,327
2010-11-08,332,340,332,338,13116000,338
2010-11-09,339,346,334,335,14694000,335
2010-11-10,339,344,339,343,8829000,343
2010-11-11,349,349,338,340,7466000,340
2010-11-12,334,340,333,336,7844000,336
2010-11-15,336,340,331,340,6734000,340
2010-11-16,345,345,334,337,8931000,337
2010-11-17,329,335,328,335,9478000,335
2010-11-18,335,342,333,341,9095000,341
2010-11-19,345,345,338,342,6750000,342
2010-11-22,344,344,338,343,7681000,343
2010-11-24,338,342,332,340,8256000,340
2010-11-25,345,349,341,346,8088000,346
2010-11-26,344,350,344,347,10134000,347
2010-11-29,349,361,349,358,15490000,358
2010-11-30,358,358,344,349,15726000,349
2010-12-01,346,357,345,353,11129000,353
2010-12-02,360,360,354,355,7034000,355
2010-12-03,358,359,351,353,6090000,353
2010-12-06,354,362,353,357,12234000,357
2010-12-07,357,359,355,356,7846000,356
2010-12-08,356,358,354,358,8929000,358
2010-12-09,358,360,354,360,8628000,360
2010-12-10,361,361,349,353,16140000,353
2010-12-13,348,362,347,361,11533000,361
2010-12-14,360,371,358,363,12202000,363
2010-12-15,366,367,363,366,9542000,366
2010-12-16,364,367,363,365,4066000,365
2010-12-17,364,366,362,366,5550000,366
2010-12-20,362,366,356,358,7493000,358
2010-12-21,359,360,355,357,6028000,357
2010-12-22,354,363,354,358,10205000,358
2010-12-24,354,357,352,353,5992000,353
2010-12-27,354,360,354,358,4796000,358
2010-12-28,357,360,356,358,2277000,358
2010-12-29,358,361,356,360,3946000,360
2010-12-30,359,362,357,357,3354000,357
2011-01-04,358,368,354,363,11214000,363
2011-01-05,362,367,362,363,5386000,363
2011-01-06,368,371,367,368,8124000,368
2011-01-07,367,378,366,375,12927000,375
2011-01-11,375,383,373,381,13077000,381
2011-01-12,384,385,375,377,10186000,377
2011-01-13,381,381,374,377,8245000,377
2011-01-14,371,379,371,375,5993000,375
2011-01-17,378,379,372,373,6708000,373
2011-01-18,374,381,372,378,7845000,378
2011-01-19,382,386,379,384,7375000,384
2011-01-20,383,383,375,375,10092000,375
2011-01-21,371,372,355,359,25627000,359
2011-01-24,358,361,352,359,9753000,359
2011-01-25,361,365,359,362,6729000,362
2011-01-26,357,360,352,354,11069000,354
2011-01-27,351,355,347,354,16936000,354
2011-01-28,351,352,343,346,11447000,346
2011-01-31,341,351,338,342,16467000,342
2011-02-01,346,347,338,343,7757000,343
2011-02-02,346,349,342,345,7791000,345
2011-02-03,346,348,343,343,6581000,343
2011-02-04,347,348,345,347,7319000,347
2011-02-07,351,360,350,352,12101000,352
2011-02-08,356,358,349,352,10866000,352
2011-02-09,352,352,346,347,13085000,347
2011-02-10,347,361,345,360,18682000,360
2011-02-14,368,372,366,370,19419000,370
2011-02-15,373,375,367,370,9621000,370
2011-02-16,371,372,368,369,8488000,369
2011-02-17,372,381,371,378,18383000,378
2011-02-18,379,388,378,382,13407000,382
2011-02-21,382,383,374,380,9082000,380
2011-02-22,372,374,364,368,13406000,368
2011-02-23,360,367,355,356,16907000,356
2011-02-24,356,356,346,347,18557000,347
2011-02-25,351,355,349,353,12293000,353
2011-02-28,354,358,348,356,10753000,356
2011-03-01,359,366,357,365,11563000,365
2011-03-02,357,358,354,355,10306000,355
2011-03-03,358,363,357,360,7797000,360
2011-03-04,368,368,361,364,9544000,364
2011-03-07,361,361,355,356,7607000,356
2011-03-08,352,354,345,346,12175000,346
2011-03-09,351,353,348,350,7126000,350
2011-03-10,346,348,339,344,14507000,344
2011-03-11,338,343,338,340,11899000,340
2011-03-14,308,325,279,310,17963000,310
2011-03-15,292,294,253,274,28469000,274
2011-03-16,284,304,281,288,13297000,288
2011-03-17,272,301,272,294,18782000,294
2011-03-18,294,308,294,303,10842000,303
2011-03-22,319,322,314,319,8935000,319
2011-03-23,314,315,299,304,29149000,304
2011-03-24,305,309,303,308,9119000,308
2011-03-25,312,312,302,307,8859000,307
2011-03-28,303,307,300,306,6895000,306
2011-03-29,296,303,292,298,9856000,298
2011-03-30,300,305,299,304,8695000,304
2011-03-31,307,307,302,307,6801000,307
2011-04-01,309,310,305,308,10231000,308
2011-04-04,307,308,299,301,8209000,301
2011-04-05,299,299,292,296,11204000,296
2011-04-06,297,297,287,290,19732000,290
2011-04-07,291,291,282,282,14693000,282
2011-04-08,282,286,279,282,19215000,282
2011-04-11,281,287,281,284,10122000,284
2011-04-12,282,287,281,282,10499000,282
2011-04-13,282,288,280,283,14956000,283
2011-04-14,281,281,276,279,13006000,279
2011-04-15,278,278,276,276,8058000,276
2011-04-18,277,278,273,275,6052000,275
2011-04-19,271,274,270,272,6251000,272
2011-04-20,273,275,271,271,6397000,271
2011-04-21,274,279,272,277,12350000,277
2011-04-22,275,279,274,276,5545000,276
2011-04-25,276,282,276,278,15053000,278
2011-04-26,280,280,275,275,9659000,275
2011-04-27,276,279,276,277,6871000,277
2011-04-28,279,287,266,270,25884000,270
2011-05-02,273,281,272,280,13174000,280
2011-05-06,278,282,276,279,7425000,279
2011-05-09,280,281,278,280,5896000,280
2011-05-10,281,287,280,287,13207000,287
2011-05-11,288,298,288,296,19078000,296
2011-05-12,292,297,292,295,13904000,295
2011-05-13,296,296,285,287,7913000,287
2011-05-16,285,285,281,283,3889000,283
2011-05-17,280,280,273,276,15496000,276
2011-05-18,276,278,270,273,11528000,273
2011-05-19,274,276,266,266,13709000,266
2011-05-20,267,268,264,265,6710000,265
2011-05-23,265,265,259,262,6045000,262
2011-05-24,260,266,260,265,10012000,265
2011-05-25,264,266,261,262,6666000,262
2011-05-26,266,273,266,273,13606000,273
2011-05-27,272,276,270,271,11246000,271
2011-05-30,269,269,265,266,4889000,266
2011-05-31,267,276,267,273,13438000,273
2011-06-01,273,274,270,273,6155000,273
2011-06-02,267,268,264,265,8261000,265
2011-06-03,266,267,261,264,5509000,264
2011-06-06,262,263,256,260,5150000,260
2011-06-07,259,263,259,261,4284000,261
2011-06-08,270,274,264,264,21980000,264
2011-06-09,265,268,264,265,7052000,265
2011-06-10,266,268,264,265,8440000,265
2011-06-13,264,265,262,265,4069000,265
2011-06-14,264,270,263,268,5810000,268
2011-06-15,269,270,265,266,6212000,266
2011-06-16,264,268,263,263,4691000,263
2011-06-17,262,263,257,259,6372000,259
2011-06-20,259,262,259,260,2799000,260
2011-06-21,262,264,260,264,4375000,264
2011-06-22,265,271,265,270,6172000,270
2011-06-23,265,270,264,267,6744000,267
2011-06-24,270,277,269,277,12168000,277
2011-06-27,275,277,272,273,5140000,273
2011-06-28,276,279,273,275,4901000,275
2011-06-29,282,282,276,278,7514000,278
2011-06-30,278,281,276,280,6746000,280
2011-07-01,280,281,277,278,4083000,278
2011-07-04,281,285,280,283,5224000,283
2011-07-05,283,285,282,283,7224000,283
2011-07-06,284,290,283,289,8987000,289
2011-07-07,289,289,283,285,9402000,285
2011-07-08,288,291,285,289,6548000,289
2011-07-11,288,290,281,283,8708000,283
2011-07-12,277,278,274,275,9137000,275
2011-07-13,273,276,271,272,9303000,272
2011-07-14,272,272,268,269,11842000,269
2011-07-15,268,270,266,267,8510000,267
2011-07-19,267,269,264,265,9229000,265
2011-07-20,266,267,262,264,17145000,264
2011-07-21,263,264,262,263,6542000,263
2011-07-22,264,269,264,267,8501000,267
2011-07-25,265,266,263,265,5809000,265
2011-07-26,264,265,262,264,8841000,264
2011-07-27,263,266,261,262,6334000,262
2011-07-28,258,260,256,257,7677000,257
2011-07-29,258,258,245,253,13601000,253
2011-08-01,258,262,256,256,10071000,256
2011-08-02,253,255,251,253,5135000,253
2011-08-03,248,249,244,246,8596000,246
2011-08-04,248,251,246,246,8686000,246
2011-08-05,235,237,232,234,11557000,234
2011-08-08,228,228,222,225,13113000,225
2011-08-09,215,220,211,217,16605000,217
2011-08-10,224,224,215,219,12163000,219
2011-08-11,212,215,210,212,10264000,212
2011-08-12,213,216,205,206,15148000,206
2011-08-15,211,213,204,209,17544000,209
2011-08-16,209,215,205,206,22465000,206
2011-08-17,205,214,204,212,13987000,212
2011-08-18,211,213,208,209,10158000,209
2011-08-19,204,205,198,200,18026000,200
2011-08-22,196,200,195,195,10055000,195
2011-08-23,196,197,190,195,16102000,195
2011-08-24,198,200,189,190,11870000,190
2011-08-25,191,196,190,192,13006000,192
2011-08-26,190,192,189,191,8561000,191
2011-08-29,196,201,195,197,17106000,197
2011-08-30,199,204,199,200,10779000,200
2011-08-31,200,200,195,196,5724000,196
2011-09-01,197,200,196,197,7559000,197
2011-09-02,197,197,192,194,8029000,194
2011-09-05,190,191,186,187,7293000,187
2011-09-06,186,187,180,181,7326000,181
2011-09-07,187,190,186,187,7239000,187
2011-09-08,190,191,184,186,5693000,186
2011-09-09,184,188,180,181,10020000,181
2011-09-12,177,180,176,177,8615000,177
2011-09-13,180,185,178,183,9423000,183
2011-09-14,182,190,177,178,14474000,178
2011-09-15,183,184,179,181,10274000,181
2011-09-16,185,187,182,186,7948000,186
2011-09-20,181,182,176,178,7721000,178
2011-09-21,177,179,175,176,8050000,176
2011-09-22,173,174,169,171,8747000,171
2011-09-26,169,170,162,163,10860000,163
2011-09-27,166,169,164,169,9741000,169
2011-09-28,171,173,169,170,4538000,170
2011-09-29,166,167,163,165,12459000,165
2011-09-30,166,168,162,163,12827000,163
2011-10-03,157,159,153,155,9824000,155
2011-10-04,147,149,145,148,15831000,148
2011-10-05,148,150,139,141,16594000,141
2011-10-06,142,144,139,141,9437000,141
2011-10-07,143,146,143,143,9847000,143
2011-10-11,149,151,148,150,8533000,150
2011-10-12,152,161,152,159,16090000,159
2011-10-13,161,164,157,159,15120000,159
2011-10-14,159,160,153,156,10089000,156
2011-10-17,160,161,157,159,7949000,159
2011-10-18,154,156,152,154,9611000,154
2011-10-19,155,155,151,153,6065000,153
2011-10-20,151,152,147,149,9882000,149
2011-10-21,148,150,147,149,4782000,149
2011-10-24,152,154,151,153,3761000,153
2011-10-25,154,154,148,149,5085000,149
2011-10-26,147,150,143,149,5443000,149
2011-10-27,151,160,147,159,9579000,159
2011-10-28,168,169,164,166,13733000,166
2011-10-31,163,165,159,163,11540000,163
2011-11-01,159,160,155,158,8715000,158
2011-11-02,155,155,148,149,11542000,149
2011-11-04,151,151,145,150,7667000,150
2011-11-07,147,151,147,148,7165000,148
2011-11-08,148,149,139,141,11827000,141
2011-11-09,142,144,140,143,6542000,143
2011-11-10,138,139,136,138,5456000,138
2011-11-11,138,139,133,135,6961000,135
2011-11-14,138,139,136,137,5845000,137
2011-11-15,135,139,134,137,6138000,137
2011-11-16,139,141,133,134,9097000,134
2011-11-17,131,136,129,133,10253000,133
2011-11-18,132,133,130,132,4033000,132
2011-11-21,130,132,127,128,6607000,128
2011-11-22,123,128,123,125,10089000,125
2011-11-24,123,123,118,119,11493000,119
2011-11-25,118,125,118,123,9533000,123
2011-11-28,126,134,126,130,19263000,130
2011-11-29,131,139,131,138,18006000,138
2011-11-30,135,136,128,130,19569000,130
2011-12-01,140,140,135,137,25342000,137
2011-12-02,139,141,137,138,22927000,138
2011-12-05,138,140,136,139,12167000,139
2011-12-06,139,141,136,137,12427000,137
2011-12-07,137,148,137,147,31836000,147
2011-12-08,144,149,143,147,21596000,147
2011-12-09,141,143,138,139,33142000,139
2011-12-12,143,145,141,144,14534000,144
2011-12-13,141,148,140,146,18413000,146
2011-12-14,146,148,143,147,11935000,147
2011-12-15,145,145,139,140,13038000,140
2011-12-16,140,144,138,140,16622000,140
2011-12-19,138,139,130,132,16639000,132
2011-12-20,134,137,132,135,12619000,135
2011-12-21,140,143,137,139,14819000,139
2011-12-22,137,143,135,140,25800000,140
2011-12-26,141,142,139,141,5915000,141
2011-12-27,141,141,139,140,3458000,140
2011-12-28,140,143,140,141,6851000,141
2011-12-29,141,141,138,140,6572000,140
2011-12-30,140,141,138,139,5444000,139
2012-01-04,141,143,140,142,5797000,142
2012-01-05,141,142,140,140,2866000,140
2012-01-06,138,139,131,133,12823000,133
2012-01-10,132,132,125,128,16848000,128
2012-01-11,129,130,125,126,12358000,126
2012-01-12,127,130,125,130,14304000,130
2012-01-13,131,133,129,131,9074000,131
2012-01-16,128,128,126,126,7374000,126
2012-01-17,127,128,126,126,5797000,126
2012-01-18,126,128,124,127,11641000,127
2012-01-19,128,131,127,130,13806000,130
2012-01-20,133,134,131,134,9872000,134
2012-01-23,135,138,132,137,9057000,137
2012-01-24,138,143,138,142,22343000,142
2012-01-25,144,157,144,151,49426000,151
2012-01-26,151,154,146,147,22252000,147
2012-01-27,147,147,142,144,14836000,144
2012-01-30,141,144,140,142,8538000,142
2012-01-31,140,149,138,144,27336000,144
2012-02-01,142,153,141,152,30798000,152
2012-02-02,150,159,150,158,27496000,158
2012-02-03,157,160,153,156,21237000,156
2012-02-06,159,162,155,155,18759000,155
2012-02-07,156,165,155,157,32236000,157
2012-02-08,160,162,158,162,18693000,162
2012-02-09,163,166,160,166,23200000,166
2012-02-10,168,173,166,166,21960000,166
2012-02-13,164,166,161,163,16973000,163
2012-02-14,164,172,163,171,28485000,171
2012-02-15,176,185,175,184,50399000,184
2012-02-16,180,187,177,178,40346000,178
2012-02-17,185,185,175,177,31105000,177
2012-02-20,183,187,182,184,31246000,184
2012-02-21,184,189,180,181,27385000,181
2012-02-22,179,183,174,182,33881000,182
2012-02-23,184,185,180,183,22298000,183
2012-02-24,181,184,179,183,18992000,183
2012-02-27,186,186,180,181,22763000,181
2012-02-28,176,178,173,176,24077000,176
2012-02-29,177,179,171,171,28091000,171
2012-03-01,173,177,169,171,26383000,171
2012-03-02,179,185,177,184,52964000,184
2012-03-05,183,186,181,183,25615000,183
2012-03-06,182,184,174,176,26659000,176
2012-03-07,170,175,169,172,25721000,172
2012-03-08,177,177,173,174,18603000,174
2012-03-09,175,181,172,177,36467000,177
2012-03-12,180,181,174,175,17589000,175
2012-03-13,175,175,171,172,24322000,172
2012-03-14,176,177,173,175,24004000,175
2012-03-15,174,177,172,175,26533000,175
2012-03-16,175,181,173,181,38493000,181
2012-03-19,184,186,182,183,21402000,183
2012-03-21,182,183,179,181,14038000,181
2012-03-22,178,179,174,176,17692000,176
2012-03-23,174,176,172,175,10548000,175
2012-03-26,176,177,173,174,10408000,174
2012-03-27,176,178,175,176,12859000,176
2012-03-28,177,177,174,176,10650000,176
2012-03-29,179,184,178,178,26387000,178
2012-03-30,179,182,176,182,16876000,182
2012-04-02,185,195,185,193,39670000,193
2012-04-03,191,194,189,190,20426000,190
2012-04-04,192,194,182,187,29240000,187
2012-04-05,183,185,181,182,18818000,182
2012-04-06,183,188,182,186,16610000,186
2012-04-09,182,188,180,185,15854000,185
2012-04-10,187,189,180,181,22709000,181
2012-04-11,176,177,170,174,17535000,174
2012-04-12,173,173,167,170,23761000,170
2012-04-13,172,174,167,167,20682000,167
2012-04-16,162,164,160,161,14375000,161
2012-04-17,162,163,157,160,14271000,160
2012-04-18,165,167,163,164,17356000,164
2012-04-19,163,168,163,165,15855000,165
2012-04-20,167,174,165,173,20504000,173
2012-04-23,172,173,164,165,24284000,165
2012-04-24,163,165,160,161,12112000,161
2012-04-25,165,166,161,161,14277000,161
2012-04-26,164,167,162,162,16743000,162
2012-04-27,164,176,164,170,33344000,170
2012-05-01,167,168,159,160,22846000,160
2012-05-02,164,164,161,162,11521000,162
2012-05-07,157,158,150,151,22201000,151
2012-05-08,152,154,151,151,11796000,151
2012-05-09,149,151,147,148,15064000,148
2012-05-10,148,149,142,142,15587000,142
2012-05-11,142,144,136,139,18506000,139
2012-05-14,137,141,134,137,12168000,137
2012-05-15,134,135,127,130,26503000,130
2012-05-16,134,136,131,132,20817000,132
2012-05-17,131,141,128,140,23787000,140
2012-05-18,133,136,130,131,18167000,131
2012-05-21,132,136,131,132,9646000,132
2012-05-22,138,140,137,137,14834000,137
2012-05-23,141,143,137,137,25215000,137
2012-05-24,140,145,139,144,18542000,144
2012-05-25,143,144,140,141,8401000,141
2012-05-28,143,143,138,139,10804000,139
2012-05-29,140,148,137,147,18559000,147
2012-05-30,147,149,142,145,14159000,145
2012-05-31,142,149,140,145,19756000,145
2012-06-01,144,146,136,137,20238000,137
2012-06-04,132,134,128,131,14873000,131
2012-06-05,134,141,133,141,21814000,141
2012-06-06,143,145,138,141,24718000,141
2012-06-07,145,146,141,143,16532000,143
2012-06-08,143,143,137,139,14575000,139
2012-06-11,143,149,143,148,15237000,148
2012-06-12,144,150,141,148,19577000,148
2012-06-13,150,152,146,148,14774000,148
2012-06-14,147,154,146,151,16177000,151
2012-06-15,153,155,151,151,15233000,151
2012-06-18,157,160,155,156,13611000,156
2012-06-19,155,159,153,156,16689000,156
2012-06-20,159,160,156,158,15702000,158
2012-06-21,158,159,151,154,23840000,154
2012-06-22,150,157,149,155,17741000,155
2012-06-25,156,156,153,154,10377000,154
2012-06-26,152,154,148,150,13861000,150
2012-06-27,151,153,147,153,11922000,153
2012-06-28,154,155,152,155,9915000,155
2012-06-29,154,158,151,156,12828000,156
2012-07-02,159,160,156,157,25423000,157
2012-07-03,132,138,130,134,88664000,134
2012-07-04,133,135,131,131,28139000,131
2012-07-05,129,131,128,130,27136000,130
2012-07-06,130,132,129,131,15120000,131
2012-07-09,130,131,129,129,10919000,129
2012-07-10,128,129,125,129,54378000,129
2012-07-11,128,129,125,126,42673000,126
2012-07-12,125,126,124,125,102601000,125
2012-07-13,123,123,121,122,50169000,122
2012-07-17,122,123,121,122,13526000,122
2012-07-18,122,122,115,115,60340000,115
2012-07-19,116,121,116,118,72976000,118
2012-07-20,118,119,110,112,45774000,112
2012-07-23,109,110,105,106,24052000,106
2012-07-24,105,109,104,109,19502000,109
2012-07-25,106,107,103,103,15034000,103
2012-07-26,103,108,103,108,20596000,108
2012-07-27,109,111,108,110,18870000,110
2012-07-30,113,115,110,112,18548000,112
2012-07-31,112,121,111,120,51364000,120
2012-08-01,116,117,112,115,21633000,115
2012-08-02,114,114,112,112,9703000,112
2012-08-03,110,110,105,106,19562000,106
2012-08-06,111,111,107,109,13583000,109
2012-08-07,107,113,107,112,13631000,112
2012-08-08,114,119,113,116,22390000,116
2012-08-09,115,118,113,117,16336000,117
2012-08-10,115,118,113,116,15612000,116
2012-08-13,115,116,111,113,13160000,113
2012-08-14,111,112,107,110,21912000,110
2012-08-15,111,112,107,109,15850000,109
2012-08-16,108,113,108,112,13703000,112
2012-08-17,113,114,111,113,16642000,113
2012-08-20,114,116,111,113,13979000,113
2012-08-21,112,112,109,111,11321000,111
2012-08-22,111,111,108,110,9872000,110
2012-08-23,109,110,105,108,13965000,108
2012-08-24,106,108,105,107,8391000,107
2012-08-27,107,108,105,106,14159000,106
2012-08-28,105,107,103,105,16670000,105
2012-08-29,105,105,104,105,5065000,105
2012-08-30,104,105,101,105,17812000,105
2012-08-31,103,107,102,105,27475000,105
2012-09-03,103,104,99,100,28730000,100
2012-09-04,100,101,98,98,18974000,98
2012-09-05,97,98,93,94,28682000,94
2012-09-06,96,96,90,94,34396000,94
2012-09-07,96,97,92,95,27803000,95
2012-09-10,94,97,92,94,16834000,94
2012-09-11,94,95,93,95,15449000,95
2012-09-12,95,96,92,95,17105000,95
2012-09-13,96,101,95,101,28402000,101
2012-09-14,102,104,101,104,26748000,104
2012-09-18,103,104,100,102,18350000,102
2012-09-19,104,114,104,114,41107000,114
2012-09-20,112,115,108,111,36317000,111
2012-09-21,110,113,107,111,30731000,111
2012-09-24,108,110,104,104,17503000,104
2012-09-25,104,106,99,101,27869000,101
2012-09-26,99,101,96,96,20340000,96
2012-09-27,95,101,95,100,26889000,100
2012-09-28,100,101,97,98,14622000,98
2012-10-01,97,99,97,97,11005000,97
2012-10-02,100,102,98,98,22302000,98
2012-10-03,99,100,96,99,22408000,99
2012-10-04,99,101,97,99,22152000,99
2012-10-05,102,104,100,102,19563000,102
2012-10-09,100,101,97,98,17410000,98
2012-10-10,97,97,96,96,7187000,96
2012-10-11,95,98,94,95,19442000,95
2012-10-12,96,97,95,97,11070000,97
2012-10-15,97,99,95,97,16563000,97
2012-10-16,99,100,97,99,21853000,99
2012-10-17,100,103,99,102,23941000,102
2012-10-18,102,105,101,104,26310000,104
2012-10-19,104,105,101,102,13303000,102
2012-10-22,101,102,99,101,14122000,101
2012-10-23,102,103,100,101,10185000,101
2012-10-24,99,101,99,99,10807000,99
2012-10-25,99,100,98,99,14357000,99
2012-10-26,100,100,96,97,20002000,97
2012-10-29,97,98,96,97,6537000,97
2012-10-30,97,98,96,97,18715000,97
2012-10-31,98,103,97,101,35114000,101
2012-11-01,102,106,100,106,26608000,106
2012-11-02,108,110,107,110,25761000,110
2012-11-05,109,110,106,108,15354000,108
2012-11-06,105,105,100,102,27251000,102
2012-11-07,103,103,100,100,16036000,100
2012-11-08,99,100,98,98,9024000,98
2012-11-09,98,100,97,99,17067000,99
2012-11-12,100,101,99,100,12366000,100
2012-11-13,100,100,98,98,5446000,98
2012-11-14,98,100,97,97,10750000,97
2012-11-15,97,101,96,101,22055000,101
2012-11-16,100,102,99,102,29448000,102
2012-11-19,104,105,103,104,10592000,104
2012-11-20,105,109,104,105,36431000,105
2012-11-21,106,108,104,106,23011000,106
2012-11-22,108,109,107,108,16826000,108
2012-11-26,110,111,108,108,17598000,108
2012-11-27,108,110,105,108,16743000,108
2012-11-28,106,107,102,103,20324000,103
2012-11-29,105,106,104,105,16609000,105
2012-11-30,106,109,104,109,65590000,109
2012-12-03,109,110,106,108,21557000,108
2012-12-04,107,109,105,106,11898000,106
2012-12-05,106,108,104,105,13823000,105
2012-12-06,107,107,105,106,12302000,106
2012-12-07,107,108,105,108,13652000,108
2012-12-10,108,108,105,106,7802000,106
2012-12-11,106,107,104,104,16365000,104
2012-12-12,105,106,104,104,13663000,104
2012-12-13,106,112,105,111,33569000,111
2012-12-14,111,116,109,115,37260000,115
2012-12-17,118,123,115,122,46171000,122
2012-12-18,124,125,120,122,30148000,122
2012-12-19,124,125,121,124,30005000,124
2012-12-20,123,124,121,123,29118000,123
2012-12-21,125,126,121,123,28055000,123
2012-12-25,124,125,122,123,16848000,123
2012-12-26,122,133,122,133,67473000,133
2012-12-27,135,136,131,133,45907000,133
2012-12-28,134,135,130,131,23449000,131
2013-01-04,136,139,134,139,37253000,139
2013-01-07,144,145,138,141,58264000,141
2013-01-08,138,145,138,140,48041000,140
2013-01-09,138,145,137,144,49930000,144
2013-01-10,145,156,144,153,127986000,153
2013-01-11,156,157,151,155,58635000,155
2013-01-15,157,164,156,162,58102000,162
2013-01-16,161,162,154,156,52998000,156
2013-01-17,158,159,149,153,38299000,153
2013-01-18,161,173,159,173,91263000,173
2013-01-21,171,175,168,169,50815000,169
2013-01-22,170,170,160,165,66175000,165
2013-01-23,158,160,155,156,40879000,156
2013-01-24,153,164,152,162,54769000,162
2013-01-25,169,170,159,162,51556000,162
2013-01-28,162,163,153,156,44342000,156
2013-01-29,154,161,153,158,37745000,158
2013-01-30,161,163,159,161,28213000,161
2013-01-31,161,174,158,173,84808000,173
2013-02-01,170,170,164,167,52409000,167
2013-02-04,168,174,163,169,69333000,169
2013-02-05,164,171,163,167,42793000,167
2013-02-06,172,188,170,183,106918000,183
2013-02-07,184,201,183,196,113209000,196
2013-02-08,195,206,186,190,106302000,190
2013-02-12,199,202,191,194,42608000,194
2013-02-13,191,192,181,184,42304000,184
2013-02-14,189,192,183,187,40448000,187
2013-02-15,182,184,169,179,56019000,179
2013-02-18,182,184,178,180,30069000,180
2013-02-19,179,186,178,182,34326000,182
2013-02-20,186,188,181,182,30369000,182
2013-02-21,180,184,178,180,27107000,180
2013-02-22,177,183,176,182,34288000,182
2013-02-25,189,207,187,203,130874000,203
2013-02-26,200,223,199,217,237318000,217
2013-02-27,219,222,205,208,122169000,208
2013-02-28,214,214,207,208,57614000,208
2013-03-01,208,219,207,212,83742000,212
2013-03-04,214,217,209,211,44991000,211
2013-03-05,213,213,207,209,35996000,209
2013-03-06,211,212,206,209,25509000,209
2013-03-07,210,217,208,214,56735000,214
2013-03-08,217,227,215,223,120602000,223
2013-03-11,228,231,222,223,63889000,223
2013-03-12,225,226,217,219,28564000,219
2013-03-13,216,220,215,217,25593000,217
2013-03-14,220,220,215,219,19518000,219
2013-03-15,219,234,218,228,136344000,228
2013-03-18,224,224,216,217,71272000,217
2013-03-19,222,229,220,224,79772000,224
2013-03-21,229,229,221,223,40124000,223
2013-03-22,219,221,217,217,40143000,217
2013-03-25,219,219,210,214,40444000,214
2013-03-26,210,214,208,212,39174000,212
2013-03-27,212,216,208,210,33865000,210
2013-03-28,207,208,197,200,66854000,200
2013-03-29,197,201,192,199,45393000,199
2013-04-01,197,198,189,189,56386000,189
2013-04-02,181,196,178,192,116344000,192
2013-04-03,195,200,192,193,49669000,193
2013-04-04,186,199,183,198,67717000,198
2013-04-05,210,211,201,203,58747000,203
2013-04-08,208,210,205,209,42889000,209
2013-04-09,213,214,206,209,49005000,209
2013-04-10,208,211,205,207,35996000,207
2013-04-11,211,213,206,210,54587000,210
2013-04-12,209,222,208,220,117064000,220
2013-04-15,217,222,215,217,58168000,217
2013-04-16,209,213,206,210,66417000,210
2013-04-17,213,220,211,219,74153000,219
2013-04-18,220,226,215,216,81087000,216
2013-04-19,218,222,217,219,44404000,219
2013-04-22,222,224,220,222,30682000,222
2013-04-23,222,225,218,222,44355000,222
2013-04-24,226,236,223,234,109772000,234
2013-04-25,233,237,228,230,67210000,230
2013-04-26,232,232,224,228,39690000,228
2013-04-30,229,232,214,214,93643000,214
2013-05-01,216,227,214,223,82129000,223
2013-05-02,219,228,219,225,63615000,225
2013-05-07,232,236,230,232,55865000,232
2013-05-08,232,233,228,231,25252000,231
2013-05-09,231,233,223,224,29622000,224
2013-05-10,229,232,225,228,37239000,228
2013-05-13,229,232,225,226,30378000,226
2013-05-14,226,227,221,226,30330000,226
2013-05-15,227,229,222,224,35601000,224
2013-05-16,224,224,207,215,54638000,215
2013-05-17,211,221,210,217,58026000,217
2013-05-20,222,233,221,230,114519000,230
2013-05-21,231,243,227,237,97172000,237
2013-05-22,238,239,231,232,45257000,232
2013-05-23,237,259,220,221,193093000,221
2013-05-24,233,238,212,224,95858000,224
2013-05-27,217,223,213,215,59783000,215
2013-05-28,213,223,213,222,56838000,222
2013-05-29,227,227,219,220,55321000,220
2013-05-30,216,216,201,207,76412000,207
2013-05-31,208,212,201,206,49119000,206
2013-06-03,198,202,193,199,45310000,199
2013-06-04,196,209,191,207,87336000,207
2013-06-05,207,207,193,195,75244000,195
2013-06-06,187,192,184,188,58802000,188
2013-06-07,181,185,172,181,79724000,181
2013-06-10,186,191,184,188,64891000,188
2013-06-11,188,190,182,184,56576000,184
2013-06-12,179,188,176,185,44726000,185
2013-06-13,183,183,176,179,43215000,179
2013-06-14,187,188,177,182,64777000,182
2013-06-17,182,185,179,185,29270000,185
2013-06-18,186,195,185,189,73767000,189
2013-06-19,199,212,199,207,92187000,207
2013-06-20,204,211,202,205,78196000,205
2013-06-21,197,201,191,201,65554000,201
2013-06-24,205,207,199,199,38152000,199
2013-06-25,199,209,195,199,72588000,199
2013-06-26,204,204,190,191,53388000,191
2013-06-27,194,200,187,198,48140000,198
2013-06-28,200,206,198,202,47205000,202
2013-07-01,207,208,203,205,41294000,205
2013-07-02,206,211,205,211,27529000,211
2013-07-03,211,211,207,209,32459000,209
2013-07-04,208,208,203,207,33673000,207
2013-07-05,208,212,208,209,45081000,209
2013-07-08,213,217,208,208,48423000,208
2013-07-09,212,215,210,214,37833000,214
2013-07-10,214,216,208,210,44215000,210
2013-07-11,208,212,206,210,27153000,210
2013-07-12,211,213,207,211,39243000,211
2013-07-16,213,219,213,216,21931000,216
2013-07-17,214,221,214,215,30308000,215
2013-07-18,217,218,214,216,12764000,216
2013-07-19,216,217,206,213,43077000,213
2013-07-22,216,217,208,215,44681000,215
2013-07-23,213,215,211,212,24623000,212
2013-07-24,211,211,206,209,28086000,209
2013-07-25,208,209,205,206,20738000,206
2013-07-26,201,202,198,200,31754000,200
2013-07-29,194,196,191,192,52118000,192
2013-07-30,196,207,195,204,37228000,204
2013-07-31,205,208,198,201,67073000,201
2013-08-01,201,204,199,203,19998000,203
2013-08-02,207,210,203,208,23206000,208
2013-08-05,207,210,205,208,31236000,208
2013-08-06,210,214,209,213,35572000,213
2013-08-07,210,211,207,208,17100000,208
2013-08-08,205,209,204,204,22657000,204
2013-08-09,205,209,205,206,26747000,206
2013-08-12,205,207,202,205,11122000,205
2013-08-13,207,211,205,210,28282000,210
2013-08-14,214,217,212,216,36921000,216
2013-08-15,214,225,214,220,62396000,220
2013-08-16,217,227,216,222,67026000,222
2013-08-19,225,227,216,225,49313000,225
2013-08-20,221,223,217,218,30981000,218
2013-08-21,218,219,213,217,27040000,217
2013-08-22,214,218,212,218,21225000,218
2013-08-23,218,224,218,222,33766000,222
2013-08-26,223,223,217,218,21443000,218
2013-08-27,216,220,214,217,23322000,217
2013-08-28,213,214,209,212,31193000,212
2013-08-29,215,223,214,220,42992000,220
2013-08-30,223,228,221,222,43169000,222
2013-09-02,222,224,219,221,22976000,221
2013-09-03,225,230,224,225,38388000,225
2013-09-04,226,233,225,232,36793000,232
2013-09-05,237,243,236,239,60101000,239
2013-09-06,244,249,235,238,54425000,238
2013-09-09,246,248,240,242,22032000,242
2013-09-10,249,255,248,251,42312000,251
2013-09-11,243,245,232,238,84703000,238
2013-09-12,240,247,240,243,41804000,243
2013-09-13,242,243,235,240,33011000,240
2013-09-17,239,240,228,233,46597000,233
2013-09-18,234,237,232,233,36773000,233
2013-09-19,236,237,232,235,27887000,235
2013-09-20,236,236,226,230,33363000,230
2013-09-24,231,231,225,228,26440000,228
2013-09-25,227,234,225,230,38827000,230
2013-09-26,233,239,230,238,52251000,238
2013-09-27,237,237,232,236,30998000,236
2013-09-30,231,233,228,230,33368000,230
2013-10-01,231,237,231,232,36645000,232
2013-10-02,233,236,227,228,33845000,228
2013-10-03,227,234,227,230,19718000,230
2013-10-04,229,229,223,227,25687000,227
2013-10-07,227,227,223,224,11016000,224
2013-10-08,220,229,220,226,19347000,226
2013-10-09,225,231,223,229,14256000,229
2013-10-10,230,233,228,230,15946000,230
2013-10-11,233,234,231,233,15101000,233
2013-10-15,236,238,234,235,13860000,235
2013-10-16,234,234,231,232,9364000,232
2013-10-17,234,236,231,234,14734000,234
2013-10-18,235,239,234,236,22238000,236
2013-10-21,238,242,238,239,18250000,239
2013-10-22,238,239,236,237,7959000,237
2013-10-23,240,240,233,234,13243000,234
2013-10-24,233,237,231,236,9757000,236
2013-10-25,234,235,226,228,19300000,228
2013-10-28,230,231,226,230,12502000,230
2013-10-29,231,232,227,230,12966000,230
2013-10-30,231,236,231,232,17712000,232
2013-10-31,236,238,222,224,45890000,224
2013-11-01,226,228,216,219,26548000,219
2013-11-05,223,229,222,225,23646000,225
2013-11-06,224,231,223,224,23511000,224
2013-11-07,225,227,222,224,9113000,224
2013-11-08,220,224,219,223,10814000,223
2013-11-11,226,226,222,223,9550000,223
2013-11-12,222,225,221,225,9288000,225
2013-11-13,224,225,220,224,10042000,224
2013-11-14,225,232,224,230,23396000,230
2013-11-15,233,236,232,234,18160000,234
2013-11-18,236,239,232,234,14204000,234
2013-11-19,235,237,232,235,16303000,235
2013-11-20,235,236,232,233,8102000,233
2013-11-21,235,237,233,235,13497000,235
2013-11-22,236,237,234,235,18921000,235
2013-11-25,235,236,233,236,10302000,236
2013-11-26,235,236,232,234,7505000,234
2013-11-27,235,238,233,235,18831000,235
2013-11-28,239,243,238,239,36312000,239
2013-11-29,242,245,241,243,34277000,243
2013-12-02,244,247,243,243,21545000,243
2013-12-03,244,245,241,241,18342000,241
2013-12-04,237,238,233,234,32130000,234
2013-12-05,233,235,230,232,16989000,232
2013-12-06,232,236,232,235,17637000,235
2013-12-09,238,239,235,236,9804000,236
2013-12-10,238,238,235,237,9406000,237
2013-12-11,236,237,233,237,12338000,237
2013-12-12,235,237,234,235,10620000,235
2013-12-13,236,237,234,236,13278000,236
2013-12-16,236,236,232,232,15618000,232
2013-12-17,233,236,232,234,10910000,234
2013-12-18,234,237,233,236,11756000,236
2013-12-19,238,240,236,237,15347000,237
2013-12-20,238,239,237,239,10795000,239
2013-12-24,240,246,239,242,32984000,242
2013-12-25,244,252,244,251,37249000,251
2013-12-26,253,262,253,256,37838000,256
2013-12-27,258,268,256,265,30387000,265
2013-12-30,267,269,265,266,15216000,266
2014-01-06,262,263,258,262,19695000,262
2014-01-07,259,262,257,259,14194000,259
2014-01-08,260,266,260,265,17102000,265
2014-01-09,263,265,258,260,23617000,260
2014-01-10,256,262,253,260,21692000,260
2014-01-14,252,254,250,253,39028000,253
2014-01-15,255,258,253,257,12890000,257
2014-01-16,260,265,259,259,25037000,259
2014-01-17,260,271,258,266,32575000,266
2014-01-20,269,279,268,275,57702000,275
2014-01-21,277,278,269,274,25629000,274
2014-01-22,274,278,270,276,19971000,276
2014-01-23,275,276,267,269,17466000,269
2014-01-24,266,268,263,266,14267000,266
2014-01-27,254,258,252,255,25111000,255
2014-01-28,257,260,254,255,17700000,255
2014-01-29,260,263,258,261,13177000,261
2014-01-30,256,259,253,256,12300000,256
2014-01-31,257,261,243,243,33659000,243
2014-02-03,243,248,236,239,31869000,239
2014-02-04,225,231,216,222,36876000,222
2014-02-05,228,229,222,225,20786000,225
2014-02-06,227,229,222,225,14453000,225
2014-02-07,231,236,231,234,18165000,234
2014-02-10,238,239,235,236,14606000,236
2014-02-12,240,246,239,243,16304000,243
2014-02-13,240,242,234,238,15801000,238
2014-02-14,240,242,232,237,16490000,237
2014-02-17,235,238,230,237,10187000,237
2014-02-18,239,243,235,241,11886000,241
2014-02-19,240,248,238,241,19668000,241
2014-02-20,239,239,231,233,15820000,233
2014-02-21,236,237,231,234,7793000,234
2014-02-24,233,235,227,231,11870000,231
2014-02-25,234,235,231,233,11923000,233
2014-02-26,231,236,231,232,7434000,232
2014-02-27,232,234,229,231,10273000,231
2014-02-28,231,232,228,230,10407000,230
2014-03-03,223,225,218,224,21248000,224
2014-03-04,220,225,219,224,9654000,224
2014-03-05,228,230,226,227,9369000,227
2014-03-06,228,235,226,232,12967000,232
2014-03-07,235,236,231,234,12322000,234
2014-03-10,234,237,231,233,12317000,233
2014-03-11,232,233,229,232,10340000,232
2014-03-12,229,230,223,224,13574000,224
2014-03-13,222,224,220,221,10028000,221
2014-03-14,220,222,217,219,22302000,219
2014-03-17,217,219,212,215,16280000,215
2014-03-18,218,218,212,214,13834000,214
2014-03-19,213,216,207,212,17017000,212
2014-03-20,213,217,208,208,20265000,208
2014-03-24,208,214,207,208,23331000,208
2014-03-25,209,214,207,210,13997000,210
2014-03-26,210,217,210,214,13594000,214
2014-03-27,209,214,209,214,12444000,214
2014-03-28,212,214,210,213,8978000,213
2014-03-31,217,223,217,223,22502000,223
2014-04-01,223,224,219,223,13242000,223
2014-04-02,223,228,222,224,13027000,224
2014-04-03,229,230,225,228,16990000,228
2014-04-04,227,232,226,232,11947000,232
2014-04-07,229,229,223,225,13768000,225
2014-04-08,219,221,216,219,12764000,219
2014-04-09,216,218,212,213,18862000,213
2014-04-10,217,219,212,214,12597000,214
2014-04-11,207,213,206,211,15693000,211
2014-04-14,208,210,204,207,20298000,207
2014-04-15,208,208,203,206,10791000,206
2014-04-16,208,215,208,212,21706000,212
2014-04-17,213,217,211,212,16520000,212
2014-04-18,214,216,213,213,5228000,213
2014-04-21,213,215,212,213,5309000,213
2014-04-22,213,213,207,208,11924000,208
2014-04-23,211,212,208,209,7100000,209
2014-04-24,208,209,204,206,13228000,206
2014-04-25,207,209,205,208,6736000,208
2014-04-28,204,205,202,205,6361000,205
2014-04-30,207,208,204,205,12224000,205
2014-05-01,207,214,206,211,20100000,211
2014-05-02,213,215,212,214,13243000,214
2014-05-07,211,211,206,208,12678000,208
2014-05-08,209,213,206,210,17779000,210
2014-05-09,208,212,208,209,10376000,209
2014-05-12,208,210,207,208,5892000,208
2014-05-13,210,212,209,211,8751000,211
2014-05-14,210,216,210,214,10291000,214
2014-05-15,211,220,211,215,16760000,215
2014-05-16,212,214,210,213,13295000,213
2014-05-19,213,215,210,212,14819000,212
2014-05-20,212,216,210,214,11917000,214
2014-05-21,213,216,212,213,6710000,213
2014-05-22,215,220,215,219,14696000,219
2014-05-23,220,223,220,221,11565000,221
2014-05-26,224,227,223,225,11059000,225
2014-05-27,225,225,219,221,13735000,221
2014-05-28,219,220,215,216,12562000,216
2014-05-29,214,217,211,217,15706000,217
2014-05-30,217,217,212,213,10288000,213
2014-06-02,215,221,214,219,13898000,219
2014-06-03,222,223,218,218,9091000,218
2014-06-04,219,221,217,220,10807000,220
2014-06-05,220,221,217,220,7787000,220
2014-06-06,220,223,218,220,15109000,220
2014-06-09,222,224,220,222,16915000,222
2014-06-10,221,221,216,218,14742000,218
2014-06-11,217,219,215,217,7561000,217
2014-06-12,217,221,216,218,11378000,218
2014-06-13,216,220,216,217,14172000,217
2014-06-16,218,219,214,218,13364000,218
2014-06-17,216,217,214,216,9222000,216
2014-06-18,217,217,212,215,13677000,215
2014-06-19,215,219,213,218,12577000,218
2014-06-20,218,220,215,217,15728000,217
2014-06-23,218,220,216,216,8380000,216
2014-06-24,215,217,213,216,10477000,216
2014-06-25,215,216,213,214,10079000,214
2014-06-26,214,216,212,212,8613000,212
2014-06-27,212,213,209,211,15702000,211
2014-06-30,211,212,208,212,11623000,212
2014-07-01,211,215,210,213,13457000,213
2014-07-02,215,217,213,215,16705000,215
2014-07-03,217,217,214,215,15289000,215
2014-07-04,217,220,216,218,18494000,218
2014-07-07,219,221,219,220,10281000,220
2014-07-08,219,222,218,221,18678000,221
2014-07-09,219,220,215,219,14389000,219
2014-07-10,219,220,214,215,14317000,215
2014-07-11,212,213,210,212,20702000,212
2014-07-14,211,212,210,211,9707000,211
2014-07-15,212,214,211,213,11193000,213
2014-07-16,211,215,211,213,9086000,213
2014-07-17,215,215,213,214,7585000,214
2014-07-18,211,212,209,212,12809000,212
2014-07-22,211,212,209,210,13268000,210
2014-07-23,210,213,209,210,12773000,210
2014-07-24,210,212,209,210,8805000,210
2014-07-25,211,212,210,211,9083000,211
2014-07-28,211,213,210,211,8324000,211
2014-07-29,212,213,211,212,4508000,212
2014-07-30,212,213,210,211,11438000,211
2014-07-31,213,225,213,222,49056000,222
2014-08-01,218,221,217,219,13572000,219
2014-08-04,219,219,215,217,12429000,217
2014-08-05,217,218,215,215,7748000,215
2014-08-06,214,216,212,215,10666000,215
2014-08-07,214,214,210,213,10650000,213
2014-08-08,211,212,208,210,15593000,210
2014-08-11,212,213,210,212,6228000,212
2014-08-12,213,217,213,214,12909000,214
2014-08-13,215,221,214,219,24836000,219
2014-08-14,221,224,221,222,18175000,222
2014-08-15,226,233,226,231,40782000,231
2014-08-18,233,238,232,232,23305000,232
2014-08-19,234,236,233,236,13662000,236
2014-08-20,237,239,235,237,16631000,237
2014-08-21,239,242,238,241,25004000,241
2014-08-22,240,242,238,239,10374000,239
2014-08-25,240,244,239,243,16957000,243
2014-08-26,244,245,241,243,9801000,243
2014-08-27,249,256,249,251,37098000,251
2014-08-28,253,257,252,253,20424000,253
2014-08-29,253,255,248,250,17369000,250
2014-09-01,251,253,248,250,12450000,250
2014-09-02,251,251,246,249,15116000,249
2014-09-03,252,263,251,258,37451000,258
2014-09-04,256,257,253,255,12990000,255
2014-09-05,257,258,253,255,10722000,255
2014-09-08,256,260,254,257,10985000,257
2014-09-09,264,265,258,259,19226000,259
2014-09-10,258,259,251,255,17007000,255
2014-09-11,257,259,254,256,12693000,256
2014-09-12,255,255,248,252,25666000,252
2014-09-16,253,256,251,254,10655000,254
2014-09-17,254,254,246,246,15963000,246
2014-09-18,249,256,248,253,14557000,253
2014-09-19,255,255,248,251,15377000,251
2014-09-22,250,251,244,244,19589000,244
2014-09-24,240,242,237,240,22920000,240
2014-09-25,240,241,236,239,15359000,239
2014-09-26,233,235,231,232,24677000,232
2014-09-29,234,236,232,235,14231000,235
2014-09-30,236,237,232,233,12173000,233
2014-10-01,232,236,232,234,14733000,234
2014-10-02,231,232,227,228,20245000,228
2014-10-03,228,230,226,229,9928000,229
2014-10-06,232,235,231,233,11343000,233
2014-10-07,232,234,228,229,9256000,229
2014-10-08,226,228,222,227,12970000,227
2014-10-09,228,228,223,226,12888000,226
2014-10-10,223,224,218,222,20359000,222
2014-10-14,217,219,214,217,18037000,217
2014-10-15,220,225,217,223,20502000,223
2014-10-16,218,223,215,219,21867000,219
2014-10-17,221,224,218,219,18781000,219
2014-10-20,223,224,218,222,17134000,222
2014-10-21,226,227,221,222,18794000,222
2014-10-22,229,235,229,233,29742000,233
2014-10-23,232,239,232,236,24137000,236
2014-10-24,240,242,235,236,16335000,236
2014-10-27,237,241,236,237,13338000,237
2014-10-28,239,240,233,237,17619000,237
2014-10-29,237,243,236,241,13618000,241
2014-10-30,244,246,242,242,13342000,242
2014-10-31,245,253,242,250,27656000,250
2014-11-04,266,272,262,267,48934000,267
2014-11-05,266,272,262,270,24918000,270
2014-11-06,272,274,269,271,28356000,271
2014-11-07,274,277,271,276,20942000,276
2014-11-10,274,287,273,283,32466000,283
2014-11-11,283,287,278,286,27788000,286
2014-11-12,286,288,278,279,26021000,279
2014-11-13,275,280,272,280,27554000,280
2014-11-14,281,293,279,292,36556000,292
2014-11-17,292,301,281,283,42184000,283
2014-11-18,288,289,283,287,15171000,287
2014-11-19,289,295,287,290,24620000,290
2014-11-20,292,298,290,295,21800000,295
2014-11-21,298,300,286,293,27149000,293
2014-11-25,296,298,293,297,15030000,297
2014-11-26,298,303,296,297,27911000,297
2014-11-27,298,300,289,291,25365000,291
2014-11-28,296,314,295,311,43657000,311
2014-12-01,314,317,311,312,30425000,312
2014-12-02,310,316,308,313,17954000,313
2014-12-03,318,319,309,312,20398000,312
2014-12-04,314,315,308,314,16206000,314
2014-12-05,313,315,310,315,11258000,315
2014-12-08,315,320,315,316,20173000,316
2014-12-09,310,314,310,311,14803000,311
2014-12-10,305,307,299,299,21663000,299
2014-12-11,291,303,287,301,20417000,301
2014-12-12,299,306,299,302,16090000,302
2014-12-15,297,305,296,301,12465000,301
2014-12-16,297,301,293,296,18979000,296
2014-12-17,292,298,290,296,17424000,296
2014-12-18,303,312,303,307,20244000,307
2014-12-19,314,316,307,316,20069000,316
2014-12-22,316,318,311,315,15065000,315
2014-12-24,320,323,317,321,19556000,321
2014-12-25,318,320,316,318,10000000,318
2014-12-26,320,328,320,326,15696000,326
2014-12-29,330,330,318,324,14084000,324
2014-12-30,325,328,323,325,15607000,325
2015-01-05,321,323,315,320,16207000,320
2015-01-06,314,319,313,313,14751000,313
2015-01-07,313,324,312,320,19248000,320
2015-01-08,326,342,325,338,40223000,338
2015-01-09,339,349,328,330,36908000,330
2015-01-13,327,338,325,336,26650000,336
2015-01-14,335,338,322,326,21924000,326
2015-01-15,329,333,326,332,15213000,332
2015-01-16,327,330,323,325,20242000,325
2015-01-19,331,341,327,328,31317000,328
2015-01-20,329,333,327,331,17249000,331
2015-01-21,330,333,328,331,16546000,331
2015-01-22,332,335,327,329,14553000,329
2015-01-23,334,344,329,342,36133000,342
2015-01-26,337,343,330,335,25776000,335
2015-01-27,337,341,334,340,16073000,340
2015-01-28,341,355,340,354,47089000,354
2015-01-29,351,353,342,343,28524000,343
2015-01-30,350,355,336,340,38811000,340
2015-02-02,335,346,334,343,25452000,343
2015-02-03,345,345,325,328,31794000,328
2015-02-04,326,332,319,322,34215000,322
2015-02-05,324,329,322,323,15868000,323
2015-02-06,326,328,321,327,8864000,327
2015-02-09,330,333,325,327,11844000,327
2015-02-10,326,326,315,320,21438000,320
2015-02-12,325,327,320,323,17157000,323
2015-02-13,322,322,313,317,16665000,317
2015-02-16,323,326,320,322,18547000,322
2015-02-17,321,322,314,322,15745000,322
2015-02-18,324,329,319,327,19615000,327
2015-02-19,330,342,330,339,22818000,339
2015-02-20,341,341,336,338,10720000,338
2015-02-23,341,346,341,343,19919000,343
2015-02-24,341,345,340,344,14789000,344
2015-02-25,345,348,343,343,14003000,343
2015-02-26,345,360,344,359,31612000,359
2015-02-27,362,367,357,364,26337000,364
2015-03-02,368,369,358,360,19090000,360
2015-03-03,363,370,356,361,22351000,361
2015-03-04,358,358,352,352,16661000,352
2015-03-05,352,355,347,350,15086000,350
2015-03-06,353,354,347,349,12126000,349
2015-03-09,348,348,342,347,13309000,347
2015-03-10,348,351,339,339,15829000,339
2015-03-11,339,351,336,347,17986000,347
2015-03-12,351,360,344,359,27347000,359
2015-03-13,364,367,358,361,19377000,361
2015-03-16,362,363,353,356,13198000,356
2015-03-17,358,359,354,355,9456000,355
2015-03-18,356,360,355,359,10342000,359
2015-03-19,362,362,351,357,18177000,357
2015-03-20,357,363,354,362,20735000,362
2015-03-23,363,364,357,358,11675000,358
2015-03-24,358,361,355,356,7973000,356
2015-03-25,356,356,349,350,12208000,350
2015-03-26,343,344,333,335,35449000,335
2015-03-27,335,335,324,328,27872000,328
2015-03-30,330,334,326,328,17010000,328
2015-03-31,331,334,323,323,19782000,323
2015-04-01,324,329,322,323,18231000,323
2015-04-02,324,330,322,323,15620000,323
2015-04-03,327,329,321,326,13507000,326
2015-04-06,322,322,314,316,19794000,316
2015-04-07,318,320,316,318,17499000,318
2015-04-08,319,323,318,320,14553000,320
2015-04-09,321,323,318,318,17155000,318
2015-04-10,317,317,307,313,33027000,313
2015-04-13,311,311,307,308,16029000,308
2015-04-14,309,314,308,314,15988000,314
2015-04-15,314,314,310,312,13547000,312
2015-04-16,312,318,311,318,18616000,318
2015-04-17,319,322,317,319,24602000,319
2015-04-20,316,322,316,317,12743000,317
2015-04-21,319,322,312,312,24004000,312
2015-04-22,315,315,309,310,24075000,310
2015-04-23,314,328,313,327,54417000,327
2015-04-24,327,328,321,322,19509000,322
2015-04-27,322,323,313,315,23646000,315
2015-04-28,320,321,310,312,33237000,312
2015-04-30,313,316,289,310,57146000,310
2015-05-01,306,314,301,313,31392000,313
2015-05-07,313,319,310,312,30567000,312
2015-05-08,312,317,310,314,20059000,314
2015-05-11,318,318,310,312,21877000,312
2015-05-12,312,315,310,315,13170000,315
2015-05-13,313,316,308,313,27603000,313
2015-05-14,312,313,303,306,28682000,306
2015-05-15,306,308,304,308,11397000,308
2015-05-18,306,307,301,306,16799000,306
2015-05-19,306,307,303,306,12751000,306
2015-05-20,306,312,304,311,27664000,311
2015-05-21,312,312,304,307,18159000,307
2015-05-22,307,311,305,308,17310000,308
2015-05-25,309,314,307,313,15601000,313
2015-05-26,312,319,310,318,22203000,318
2015-05-27,323,324,315,320,32008000,320
2015-05-28,319,319,311,313,25249000,313
2015-05-29,314,319,312,315,21778000,315
2015-06-01,312,313,308,308,19436000,308
2015-06-02,309,309,303,306,20576000,306
2015-06-03,303,306,299,305,22449000,305
2015-06-04,307,309,304,307,17627000,307
2015-06-05,305,305,301,304,19735000,304
2015-06-08,304,306,301,302,23359000,302
2015-06-09,300,303,299,301,16869000,301
2015-06-10,299,300,294,298,23380000,298
2015-06-11,300,301,297,300,11462000,300
2015-06-12,301,301,296,299,9481000,299
2015-06-15,295,296,292,294,15937000,294
2015-06-16,291,292,286,288,22521000,288
2015-06-17,289,291,285,285,12308000,285
2015-06-18,283,286,280,282,14383000,282
2015-06-19,286,287,281,282,17475000,282
2015-06-22,283,285,279,282,28265000,282
2015-06-23,283,284,281,283,15752000,283
2015-06-24,285,293,284,290,20909000,290
2015-06-25,288,296,285,293,23048000,293
2015-06-26,298,302,295,299,31466000,299
2015-06-29,291,296,290,293,18267000,293
2015-06-30,291,291,288,289,13113000,289
2015-07-01,290,291,287,289,7789000,289
2015-07-02,291,292,285,286,13460000,286
2015-07-03,286,291,286,290,10879000,290
2015-07-06,286,291,285,286,20158000,286
2015-07-07,289,295,289,293,16490000,293
2015-07-08,294,299,283,284,27380000,284
2015-07-09,275,282,267,280,20788000,280
2015-07-10,279,280,273,277,25342000,277
2015-07-13,279,283,278,280,10747000,280
2015-07-14,284,290,282,285,17642000,285
2015-07-15,288,293,283,285,17800000,285
2015-07-16,285,287,282,284,15029000,284
2015-07-17,286,287,282,284,10323000,284
2015-07-21,287,291,284,286,29882000,286
2015-07-22,284,289,284,286,13226000,286
2015-07-23,287,287,279,281,25665000,281
2015-07-24,281,281,273,274,20175000,274
2015-07-27,272,278,269,269,19058000,269
2015-07-28,266,269,262,267,22970000,267
2015-07-29,268,270,262,264,17974000,264
2015-07-30,265,273,264,269,16477000,269
2015-07-31,270,279,270,277,30987000,277
2015-08-03,275,284,275,279,19449000,279
2015-08-04,280,282,276,282,18761000,282
2015-08-05,280,288,278,286,18619000,286
2015-08-06,288,290,285,288,13446000,288
2015-08-07,286,293,286,289,22481000,289
2015-08-10,289,293,288,292,11500000,292
2015-08-11,294,296,290,292,14550000,292
2015-08-12,290,291,283,289,19154000,289
2015-08-13,287,294,287,292,22405000,292
2015-08-14,290,290,286,290,10310000,290
2015-08-17,289,293,286,290,12434000,290
2015-08-18,292,298,292,295,21602000,295
2015-08-19,295,302,294,295,20462000,295
2015-08-20,298,302,296,296,21523000,296
2015-08-21,288,293,286,288,22409000,288
2015-08-24,276,284,270,274,31315000,274
2015-08-25,255,277,254,265,39155000,265
2015-08-26,262,269,258,267,30920000,267
2015-08-27,271,273,262,264,20337000,264
2015-08-28,268,272,265,271,19936000,271
2015-08-31,270,274,267,270,17598000,270
2015-09-01,268,270,265,267,14857000,267
2015-09-02,263,267,260,263,17250000,263
2015-09-03,265,266,260,261,16562000,261
2015-09-04,261,264,258,264,21375000,264
2015-09-07,266,272,263,267,18021000,267
2015-09-08,265,273,260,260,19213000,260
2015-09-09,268,272,266,272,14556000,272
2015-09-10,268,278,268,276,18570000,276
2015-09-11,273,276,270,276,9399000,276
2015-09-14,283,290,278,281,27968000,281
2015-09-15,281,287,279,280,12175000,280
2015-09-16,283,284,276,279,10013000,279
2015-09-17,282,286,280,285,12049000,285
2015-09-18,287,290,280,285,12890000,285
2015-09-24,280,280,273,275,16946000,275
2015-09-25,271,275,265,272,24815000,272
2015-09-28,269,272,266,270,12284000,270
2015-09-29,265,266,255,258,23572000,258
2015-09-30,261,265,259,262,10148000,262
2015-10-01,264,275,264,270,17863000,270
2015-10-02,266,276,264,273,14579000,273
2015-10-05,275,283,275,279,14326000,279
2015-10-06,284,288,270,272,32445000,272
2015-10-07,269,275,268,274,23025000,274
2015-10-08,275,283,272,277,23057000,277
2015-10-09,277,287,277,287,21302000,287
2015-10-13,284,291,284,287,11669000,287
2015-10-14,284,287,275,277,28384000,277
2015-10-15,271,276,265,274,30842000,274
2015-10-16,272,274,269,272,13863000,272
2015-10-19,273,273,268,268,13981000,268
2015-10-20,269,272,267,271,14914000,271
2015-10-21,269,279,268,278,19424000,278
2015-10-22,275,280,274,278,13093000,278
2015-10-23,283,284,281,283,10796000,283
2015-10-26,278,284,274,283,31544000,283
2015-10-27,278,280,273,275,24686000,275
2015-10-28,277,277,269,271,19127000,271
2015-10-29,271,272,266,267,21690000,267
2015-10-30,264,273,259,273,36551000,273
2015-11-02,260,262,247,249,56932000,249
2015-11-04,248,254,244,247,36591000,247
2015-11-05,249,253,248,252,14639000,252
2015-11-06,253,254,249,252,14672000,252
2015-11-09,253,254,248,252,17081000,252
2015-11-10,249,252,246,249,18255000,249
2015-11-11,250,250,246,248,13449000,248
2015-11-12,249,251,247,251,13079000,251
2015-11-13,248,248,245,246,11229000,246
2015-11-16,242,250,240,248,18194000,248
2015-11-17,249,250,244,245,13518000,245
2015-11-18,246,250,246,248,10414000,248
2015-11-19,250,251,247,248,12243000,248
2015-11-20,250,252,247,249,15482000,249
2015-11-24,249,251,248,249,10820000,249
2015-11-25,249,249,247,249,4627000,249
2015-11-26,251,252,249,251,13499000,251
2015-11-27,251,260,251,258,23690000,258
2015-11-30,255,258,250,253,15467000,253
2015-12-01,252,253,246,249,17683000,249
2015-12-02,248,250,245,249,12806000,249
2015-12-03,247,248,246,248,6694000,248
2015-12-04,243,244,239,241,21530000,241
2015-12-07,242,243,239,241,9241000,241
2015-12-08,239,240,236,239,12836000,239
2015-12-09,236,242,235,240,17190000,240
2015-12-10,237,243,237,241,12025000,241
2015-12-11,240,247,239,245,16938000,245
2015-12-14,241,244,238,243,17665000,243
2015-12-15,240,244,239,242,19028000,242
2015-12-16,241,244,239,244,14173000,244
2015-12-17,245,253,244,250,28886000,250
2015-12-18,248,254,247,249,41795000,249
2015-12-21,249,254,245,253,35097000,253
2015-12-22,254,254,246,249,12278000,249
2015-12-24,250,259,250,255,31745000,255
2015-12-25,254,257,252,256,24317000,256
2015-12-28,256,265,255,263,13532000,263
2015-12-29,262,264,257,262,9572000,262
2015-12-30,265,267,260,260,16996000,260
2016-01-04,260,263,256,257,11008000,257
2016-01-05,256,260,256,256,9240000,256
2016-01-06,255,255,242,245,26736000,245
2016-01-07,241,241,234,235,24540000,235
2016-01-08,235,236,231,232,19975000,232
2016-01-12,227,228,220,220,28203000,220
2016-01-13,225,226,223,225,17584000,225
2016-01-14,217,221,213,219,17804000,219
2016-01-15,219,222,213,216,18744000,216
2016-01-18,210,217,206,213,33422000,213
2016-01-19,213,226,212,223,37913000,223
2016-01-20,221,222,211,212,27665000,212
2016-01-21,215,219,210,210,28104000,210
2016-01-22,215,219,211,219,23415000,219
2016-01-25,220,222,212,221,17212000,221
2016-01-26,218,219,205,206,41340000,206
2016-01-27,209,212,206,210,22793000,210
2016-01-28,208,210,205,206,16496000,206
2016-01-29,208,216,204,214,30851000,214
2016-02-01,217,218,211,213,12168000,213
2016-02-02,209,211,202,202,20806000,202
2016-02-03,200,200,190,191,22583000,191
2016-02-04,188,198,186,191,17704000,191
2016-02-05,187,198,187,192,18318000,192
2016-02-08,190,197,187,194,20424000,194
2016-02-09,188,191,182,183,20781000,183
2016-02-10,183,187,180,181,17514000,181
2016-02-12,176,179,168,169,29228000,169
2016-02-15,175,185,174,182,21925000,182
2016-02-16,177,185,175,183,47596000,183
2016-02-17,179,188,179,184,26310000,184
2016-02-18,184,192,181,190,27463000,190
2016-02-19,187,193,186,192,16218000,192
2016-02-22,191,191,185,189,9768000,189
2016-02-23,191,198,189,189,17815000,189
2016-02-24,186,190,183,185,12008000,185
2016-02-25,185,193,185,191,13792000,191
2016-02-26,193,198,193,194,14841000,194
2016-02-29,197,197,189,189,15604000,189
2016-03-01,186,187,180,185,16954000,185
2016-03-02,190,194,185,192,19028000,192
2016-03-03,197,211,197,207,30638000,207
2016-03-04,207,216,206,212,45126000,212
2016-03-07,213,219,211,215,18400000,215
2016-03-08,215,221,210,219,55785000,219
2016-03-09,212,213,203,206,22392000,206
2016-03-10,209,210,204,208,20495000,208
2016-03-11,206,212,204,211,23873000,211
2016-03-14,215,222,214,221,20256000,221
2016-03-15,221,223,218,221,21070000,221
2016-03-16,219,220,216,219,19826000,219
2016-03-17,219,226,218,220,27484000,220
2016-03-18,223,228,218,222,15908000,222
2016-03-22,224,226,221,224,11179000,224
2016-03-23,226,227,223,225,12500000,225
2016-03-24,222,225,218,220,20244000,220
2016-03-25,220,225,218,223,13601000,223
2016-03-28,223,234,223,233,13522000,233
2016-03-29,230,233,228,230,12948000,230
2016-03-30,229,229,218,220,15279000,220
2016-03-31,222,223,217,218,7848000,218
2016-04-01,215,217,210,210,11098000,210
2016-04-04,203,218,202,216,19967000,216
2016-04-05,216,219,210,211,15138000,211
2016-04-06,208,213,205,208,17441000,208
2016-04-07,209,215,208,208,9913000,208
2016-04-08,203,211,202,208,15416000,208
2016-04-11,211,214,206,214,11523000,214
2016-04-12,212,225,211,222,13114000,222
2016-04-13,228,233,222,232,16803000,232
2016-04-14,230,236,226,234,23119000,234
2016-04-15,234,238,233,235,13141000,235
2016-04-18,229,232,228,229,16468000,229
2016-04-19,235,240,234,238,12022000,238
2016-04-20,244,246,239,241,11427000,241
2016-04-21,245,247,243,247,9636000,247
2016-04-22,244,255,243,254,21592000,254
2016-04-25,255,256,249,251,9520000,251
2016-04-26,250,250,238,240,15969000,240
2016-04-27,240,247,238,243,10020000,243
2016-04-28,242,249,234,236,18539000,236
2016-05-02,224,225,217,220,16293000,220
2016-05-06,218,219,210,211,13648000,211
2016-05-09,211,212,208,209,9026000,209
2016-05-10,208,214,203,212,17054000,212
2016-05-11,214,218,210,211,7178000,211
2016-05-12,209,213,208,212,4419000,212
2016-05-13,214,214,205,205,8589000,205
2016-05-16,205,207,203,204,6084000,204
2016-05-17,208,215,207,213,8577000,213
2016-05-18,215,225,215,223,12556000,223
2016-05-19,226,229,222,223,10033000,223
2016-05-20,219,227,217,225,12371000,225
2016-05-23,224,228,218,227,6698000,227
2016-05-24,225,227,223,225,10841000,225
2016-05-25,229,234,228,233,8325000,233
2016-05-26,236,237,228,229,10153000,229
2016-05-27,228,233,227,232,6183000,232
2016-05-30,233,239,233,237,11321000,237
2016-05-31,237,244,235,241,10699000,241
2016-06-01,241,246,240,240,9318000,240
2016-06-02,233,234,230,232,13055000,232
2016-06-03,232,234,230,232,5571000,232
2016-06-06,226,235,225,232,9245000,232
2016-06-07,231,236,230,233,7195000,233
2016-06-08,233,241,233,240,13589000,240
2016-06-09,240,242,237,238,8040000,238
2016-06-10,236,237,233,233,5455000,233
2016-06-13,230,233,228,228,6245000,228
2016-06-14,228,233,227,231,10965000,231
2016-06-15,231,235,227,230,9592000,230
2016-06-16,229,232,222,224,10499000,224
2016-06-17,224,230,224,225,11532000,225
2016-06-20,230,241,229,239,11528000,239
2016-06-21,236,241,235,240,7460000,240
2016-06-22,238,240,235,239,7031000,239
2016-06-23,238,245,238,244,9917000,244
2016-06-24,246,247,224,228,12264000,228
2016-06-27,229,233,228,232,10567000,232
2016-06-28,229,235,227,231,13583000,231
2016-06-29,232,237,230,236,11351000,236
2016-06-30,240,244,239,240,12314000,240
2016-07-01,243,246,242,246,5635000,246
2016-07-04,242,250,242,247,8346000,247
2016-07-05,247,254,245,254,9154000,254
2016-07-06,251,253,248,249,8383000,249
2016-07-07,250,252,243,245,9055000,245
2016-07-08,245,248,244,244,6078000,244
2016-07-11,247,250,245,250,7764000,250
2016-07-12,254,256,249,250,11138000,250
2016-07-13,252,252,247,251,8849000,251
2016-07-14,252,254,249,253,6807000,253
2016-07-15,253,258,251,258,7228000,258
2016-07-19,259,269,259,266,10431000,266
2016-07-20,263,267,263,266,5734000,266
2016-07-21,270,271,265,268,11655000,268
2016-07-22,263,267,262,263,5997000,263
2016-07-25,264,264,259,260,9850000,260
2016-07-26,254,255,249,253,8998000,253
2016-07-27,253,260,253,255,8402000,255
2016-07-28,254,259,248,257,7228000,257
2016-07-29,254,256,249,254,10647000,254
2016-08-01,250,254,246,253,10859000,253
2016-08-02,252,256,249,250,7822000,250
2016-08-03,245,247,243,243,9513000,243
2016-08-04,243,255,242,255,10466000,255
2016-08-05,256,256,252,252,2908000,252
2016-08-08,255,262,254,262,5445000,262
2016-08-09,264,269,263,263,8856000,263
2016-08-10,260,267,258,265,5654000,265
2016-08-12,268,269,261,268,7443000,268
2016-08-15,266,268,265,267,3441000,267
2016-08-16,261,266,259,259,7833000,259
2016-08-17,255,258,254,255,5292000,255
2016-08-18,252,255,246,250,10416000,250
2016-08-19,249,258,248,255,5691000,255
2016-08-22,256,259,254,256,3281000,256
2016-08-23,255,255,250,250,6059000,250
2016-08-24,251,253,249,252,4580000,252
2016-08-25,251,253,248,251,6219000,251
2016-08-26,250,251,247,248,4610000,248
2016-08-29,252,258,251,256,4932000,256
2016-08-30,253,258,253,256,2766000,256
2016-08-31,259,261,257,261,3489000,261
2016-09-01,260,263,259,263,3119000,263
2016-09-02,261,262,256,259,7730000,259
2016-09-05,263,271,263,267,11017000,267
2016-09-06,267,269,260,262,12459000,262
2016-09-07,260,267,258,265,5831000,265
2016-09-08,267,269,264,264,4476000,264
2016-09-09,263,272,263,271,9351000,271
2016-09-12,263,268,261,263,5810000,263
2016-09-13,264,264,257,260,5730000,260
2016-09-14,258,260,255,256,4191000,256
2016-09-15,254,255,251,253,4812000,253
2016-09-16,254,256,251,255,5318000,255
2016-09-20,253,257,252,256,3448000,256
2016-09-21,257,263,254,263,4177000,263
2016-09-23,264,266,261,264,6042000,264
2016-09-26,265,265,261,262,5204000,262
2016-09-27,260,270,259,269,9402000,269
2016-09-28,264,269,264,266,5896000,266
2016-09-29,265,267,262,264,3745000,264
2016-09-30,260,261,258,259,4845000,259
2016-10-03,264,265,262,263,4109000,263
2016-10-04,268,271,265,267,8010000,267
2016-10-05,267,268,263,264,3628000,264
2016-10-06,266,268,265,265,3467000,265
2016-10-07,267,272,266,270,7722000,270
2016-10-11,268,276,268,276,8542000,276
2016-10-12,273,276,270,270,6170000,270
2016-10-13,272,272,264,266,7416000,266
2016-10-14,265,267,262,264,3818000,264
2016-10-17,264,268,262,267,3857000,267
2016-10-18,265,268,262,267,4294000,267
2016-10-19,267,268,263,263,3305000,263
2016-10-20,263,267,262,265,3640000,265
2016-10-21,265,266,262,263,4229000,263
2016-10-24,264,266,263,264,2063000,264
2016-10-25,268,269,262,264,3977000,264
2016-10-26,263,265,261,264,3738000,264
2016-10-27,261,263,257,260,8565000,260
2016-10-28,259,263,258,259,11068000,259
2016-10-31,254,284,250,260,71196000,260
2016-11-01,255,259,246,250,20532000,250
2016-11-02,245,248,241,243,16104000,243
2016-11-04,240,243,237,240,10796000,240
2016-11-07,244,245,239,242,7530000,242
2016-11-08,242,243,237,239,9276000,239
2016-11-09,241,243,227,228,15773000,228
2016-11-10,244,244,233,238,9933000,238
2016-11-11,241,242,238,240,6410000,240
2016-11-14,240,250,240,249,8588000,249
2016-11-15,249,253,247,249,7807000,249
2016-11-16,253,256,250,256,8036000,256
2016-11-17,254,257,253,255,5274000,255
2016-11-18,259,263,257,259,8798000,259
2016-11-21,260,262,258,260,4759000,260
2016-11-22,259,260,255,258,8139000,258
2016-11-24,257,258,250,253,10049000,253
2016-11-25,249,252,246,251,6668000,251
2016-11-28,250,253,249,251,4637000,251
2016-11-29,251,252,246,252,6169000,252
2016-11-30,253,253,248,251,7082000,251
2016-12-01,254,258,251,256,9635000,256
2016-12-02,253,259,252,257,7513000,257
2016-12-05,255,258,253,255,6629000,255
2016-12-06,257,266,254,264,13398000,264
2016-12-07,266,274,265,271,13929000,271
2016-12-08,276,277,270,274,7461000,274
2016-12-09,275,284,274,283,16494000,283
2016-12-12,280,286,275,281,15484000,281
2016-12-13,278,282,277,281,7420000,281
2016-12-14,282,286,279,281,8969000,281
2016-12-15,281,288,281,283,8435000,283
2016-12-16,284,286,280,282,6163000,282
2016-12-19,279,280,275,276,10541000,276
2016-12-20,277,281,276,281,5839000,281
2016-12-21,281,284,277,279,5348000,279
2016-12-22,277,278,268,270,10646000,270
2016-12-26,271,274,269,272,4399000,272
2016-12-27,271,275,270,272,5555000,272
2016-12-28,273,276,272,273,2811000,273
2016-12-29,270,270,265,265,5065000,265
2016-12-30,264,267,262,265,3080000,265
2017-01-04,268,279,267,277,9530000,277
