Date,Open,High,Low,Close,Volume,Adj Close
2008-10-20,934,970,913,959,1330000,959
2008-10-21,971,985,936,969,1518000,969
2008-10-22,933,950,895,895,1662000,895
2008-10-23,858,887,824,879,2872000,879
2008-10-24,855,878,798,798,2019000,798
2008-10-27,778,803,713,716,2489000,716
2008-10-28,756,772,721,766,1420000,766
2008-10-29,756,842,756,840,1763000,840
2008-10-30,900,940,871,940,1370000,940
2008-10-31,900,968,866,872,1612000,872
2008-11-04,937,958,919,957,1396000,957
2008-11-05,969,991,917,967,1145000,967
2008-11-06,917,926,882,891,1220000,891
2008-11-07,860,954,860,911,1762000,911
2008-11-10,987,1005,961,1002,1505000,1002
2008-11-11,982,991,926,948,817000,948
2008-11-12,909,978,909,946,775000,946
2008-11-13,916,920,873,894,1072000,894
2008-11-14,948,969,933,945,1677000,945
2008-11-17,938,997,913,950,962000,950
2008-11-18,920,922,887,903,1466000,903
2008-11-19,909,925,890,917,1081000,917
2008-11-20,907,928,884,894,1518000,894
2008-11-21,874,944,869,930,1807000,930
2008-11-25,990,1023,975,1023,1977000,1023
2008-11-26,1043,1061,1031,1046,1261000,1046
2008-11-27,1055,1089,1054,1085,1388000,1085
2008-11-28,1086,1094,1063,1080,1359000,1080
2008-12-01,1081,1081,1042,1051,918000,1051
2008-12-02,970,997,964,967,1496000,967
2008-12-03,977,1011,974,1008,938000,1008
2008-12-04,1013,1040,1003,1013,1011000,1013
2008-12-05,1027,1050,1011,1024,1027000,1024
2008-12-08,1051,1103,1040,1077,1220000,1077
2008-12-09,1097,1139,1097,1139,1471000,1139
2008-12-10,1151,1177,1138,1161,1060000,1161
2008-12-11,1141,1161,1107,1153,1169000,1153
2008-12-12,1085,1088,988,1017,3590000,1017
2008-12-15,1072,1125,1069,1092,916000,1092
2008-12-16,1073,1087,1031,1037,1073000,1037
2008-12-17,1053,1086,1034,1060,1024000,1060
2008-12-18,1059,1096,1039,1068,871000,1068
2008-12-19,1085,1107,1065,1066,917000,1066
2008-12-22,1071,1123,1059,1084,952000,1084
2008-12-24,1050,1053,1032,1044,466000,1044
2008-12-25,1028,1067,1028,1059,156000,1059
2008-12-26,1080,1111,1078,1105,467000,1105
2008-12-29,1104,1112,1080,1108,493000,1108
2008-12-30,1118,1142,1109,1119,320000,1119
2009-01-05,1159,1191,1143,1190,716000,1190
2009-01-06,1194,1210,1167,1178,697000,1178
2009-01-07,1187,1210,1143,1155,831000,1155
2009-01-08,1100,1157,1078,1081,783000,1081
2009-01-09,1091,1110,1072,1077,837000,1077
2009-01-13,1033,1033,1005,1010,1086000,1010
2009-01-14,1024,1042,1010,1026,892000,1026
2009-01-15,956,961,933,949,1829000,949
2009-01-16,959,976,949,961,1546000,961
2009-01-19,961,966,936,957,987000,957
2009-01-20,953,964,922,933,1246000,933
2009-01-21,895,924,886,914,1435000,914
2009-01-22,924,935,895,935,1397000,935
2009-01-23,937,937,884,886,905000,886
2009-01-26,876,896,871,874,927000,874
2009-01-27,880,945,876,928,1140000,928
2009-01-28,918,950,897,928,1024000,928
2009-01-29,935,945,921,940,1761000,940
2009-01-30,930,930,898,926,1115000,926
2009-02-02,901,917,893,909,940000,909
2009-02-03,919,938,899,900,699000,900
2009-02-04,902,928,895,922,616000,922
2009-02-05,912,934,905,905,656000,905
2009-02-06,917,936,904,911,833000,911
2009-02-09,939,939,881,881,1185000,881
2009-02-10,887,908,879,889,1039000,889
2009-02-12,888,891,848,864,1309000,864
2009-02-13,876,876,847,855,1111000,855
2009-02-16,846,862,840,853,858000,853
2009-02-17,845,853,829,830,732000,830
2009-02-18,817,834,812,829,725000,829
2009-02-19,837,840,818,825,802000,825
2009-02-20,815,825,783,793,889000,793
2009-02-23,773,788,758,781,806000,781
2009-02-24,760,780,754,771,822000,771
2009-02-25,797,799,765,774,942000,774
2009-02-26,771,800,771,779,870000,779
2009-02-27,779,805,772,790,510000,790
2009-03-02,758,763,741,753,908000,753
2009-03-03,733,763,728,756,702000,756
2009-03-04,736,764,725,758,1056000,758
2009-03-05,759,807,755,792,984000,792
2009-03-06,752,764,737,744,963000,744
2009-03-09,744,759,737,749,733000,749
2009-03-10,748,777,748,775,1273000,775
2009-03-11,805,810,796,799,1136000,799
2009-03-12,787,804,779,784,946000,784
2009-03-13,824,845,816,845,3308000,845
2009-03-16,865,881,863,870,755000,870
2009-03-17,860,914,859,906,1029000,906
2009-03-18,899,910,867,881,826000,881
2009-03-19,891,913,890,903,655000,903
2009-03-23,904,927,895,922,787000,922
2009-03-24,952,981,926,979,1320000,979
2009-03-25,989,1003,963,980,1004000,980
2009-03-26,989,998,959,993,653000,993
2009-03-27,994,1008,980,980,544000,980
2009-03-30,972,1003,956,959,684000,959
2009-03-31,949,978,942,955,828000,955
2009-04-01,945,970,916,955,967000,955
2009-04-02,965,987,950,979,857000,979
2009-04-03,980,987,961,974,777000,974
2009-04-06,994,1002,970,982,862000,982
2009-04-07,972,997,961,995,763000,995
2009-04-08,988,991,955,972,551000,972
2009-04-09,969,999,945,994,752000,994
2009-04-10,1024,1035,1004,1020,1312000,1020
2009-04-13,1029,1033,1008,1016,510000,1016
2009-04-14,998,1011,975,994,1194000,994
2009-04-15,995,1010,976,996,544000,996
2009-04-16,1010,1043,997,1002,698000,1002
2009-04-17,1022,1030,988,998,589000,998
2009-04-20,988,995,969,974,559000,974
2009-04-21,958,963,933,949,692000,949
2009-04-22,950,954,932,939,517000,939
2009-04-23,949,954,920,945,482000,945
2009-04-24,955,955,913,919,579000,919
2009-04-27,913,926,895,908,735000,908
2009-04-28,898,924,890,895,672000,895
2009-04-30,916,944,910,934,658000,934
2009-05-01,916,923,884,898,1313000,898
2009-05-07,935,961,931,955,924000,955
2009-05-08,946,968,927,957,1080000,957
2009-05-11,953,970,951,963,738000,963
2009-05-12,953,967,948,961,1031000,961
2009-05-13,953,963,942,953,568000,953
2009-05-14,934,934,907,921,727000,921
2009-05-15,926,975,926,975,1063000,975
2009-05-18,955,956,916,917,943000,917
2009-05-19,946,958,931,953,759000,953
2009-05-20,961,961,935,940,588000,940
2009-05-21,930,932,915,928,423000,928
2009-05-22,918,939,914,931,523000,931
2009-05-25,948,963,939,956,645000,956
2009-05-26,959,959,934,953,443000,953
2009-05-27,969,999,959,996,887000,996
2009-05-28,986,995,980,985,524000,985
2009-05-29,980,1005,980,1004,646000,1004
2009-06-01,1015,1043,1008,1035,955000,1035
2009-06-02,1035,1036,1011,1019,790000,1019
2009-06-03,989,1010,983,1001,853000,1001
2009-06-04,998,999,973,978,678000,978
2009-06-05,988,988,965,968,877000,968
2009-06-08,958,970,958,964,703000,964
2009-06-09,964,970,949,961,719000,961
2009-06-10,965,991,954,990,720000,990
2009-06-11,1000,1000,976,984,840000,984
2009-06-12,1004,1029,991,1023,3492000,1023
2009-06-15,1020,1046,1010,1037,1044000,1037
2009-06-16,1014,1029,994,1000,672000,1000
2009-06-17,1001,1014,980,999,808000,999
2009-06-18,989,989,971,982,511000,982
2009-06-19,995,1005,984,999,575000,999
2009-06-22,989,1065,989,1049,1279000,1049
2009-06-23,1040,1040,1008,1026,1128000,1026
2009-06-24,1020,1030,998,1013,807000,1013
2009-06-25,1005,1048,1005,1039,785000,1039
2009-06-26,1051,1084,1038,1078,819000,1078
2009-06-29,1082,1090,1039,1045,530000,1045
2009-06-30,1064,1080,1059,1069,589000,1069
2009-07-01,1059,1087,1050,1069,705000,1069
2009-07-02,1080,1080,1048,1049,757000,1049
2009-07-03,1022,1025,997,1015,885000,1015
2009-07-06,1015,1020,993,999,543000,999
2009-07-07,989,1003,979,989,826000,989
2009-07-08,979,989,969,973,517000,973
2009-07-09,963,979,955,962,979000,962
2009-07-10,975,1013,973,1006,1852000,1006
2009-07-13,1007,1012,968,974,787000,974
2009-07-14,993,1006,975,1006,883000,1006
2009-07-15,1019,1034,999,1028,929000,1028
2009-07-16,1040,1049,1025,1034,750000,1034
2009-07-17,1045,1047,1026,1042,721000,1042
2009-07-21,1062,1065,1041,1054,1190000,1054
2009-07-22,1055,1078,1044,1071,808000,1071
2009-07-23,1063,1085,1057,1073,512000,1073
2009-07-24,1093,1093,1072,1087,548000,1087
2009-07-27,1097,1118,1090,1110,620000,1110
2009-07-28,1106,1121,1097,1120,591000,1120
2009-07-29,1123,1128,1115,1121,534000,1121
2009-07-30,1120,1125,1095,1109,461000,1109
2009-07-31,1140,1182,1123,1174,842000,1174
2009-08-03,1175,1182,1160,1162,491000,1162
2009-08-04,1142,1196,1142,1183,769000,1183
2009-08-05,1196,1208,1177,1179,756000,1179
2009-08-06,1167,1179,1152,1170,827000,1170
2009-08-07,1171,1171,1113,1132,1484000,1132
2009-08-10,1155,1180,1153,1165,877000,1165
2009-08-11,1174,1192,1172,1182,459000,1182
2009-08-12,1178,1185,1172,1177,490000,1177
2009-08-13,1191,1194,1175,1175,495000,1175
2009-08-14,1191,1205,1171,1190,1159000,1190
2009-08-17,1174,1185,1144,1144,609000,1144
2009-08-18,1134,1163,1134,1157,629000,1157
2009-08-19,1145,1158,1123,1129,508000,1129
2009-08-20,1140,1170,1131,1167,523000,1167
2009-08-21,1156,1172,1131,1161,618000,1161
2009-08-24,1205,1217,1198,1211,602000,1211
2009-08-25,1206,1218,1194,1205,484000,1205
2009-08-26,1205,1247,1204,1243,645000,1243
2009-08-27,1239,1242,1207,1215,458000,1215
2009-08-28,1216,1225,1207,1219,440000,1219
2009-08-31,1239,1271,1216,1224,793000,1224
2009-09-01,1206,1224,1199,1204,508000,1204
2009-09-02,1164,1172,1151,1157,870000,1157
2009-09-03,1165,1168,1146,1148,577000,1148
2009-09-04,1150,1154,1133,1138,380000,1138
2009-09-07,1158,1164,1150,1157,368000,1157
2009-09-08,1153,1165,1149,1165,362000,1165
2009-09-09,1168,1185,1155,1167,456000,1167
2009-09-10,1168,1196,1166,1195,460000,1195
2009-09-11,1199,1199,1169,1189,2976000,1189
2009-09-14,1179,1179,1140,1150,550000,1150
2009-09-15,1170,1172,1148,1154,364000,1154
2009-09-16,1156,1172,1135,1140,471000,1140
2009-09-17,1141,1159,1138,1157,548000,1157
2009-09-18,1137,1137,1106,1117,569000,1117
2009-09-24,1123,1132,1103,1121,820000,1121
2009-09-25,1135,1135,1078,1094,517000,1094
2009-09-28,1083,1087,1063,1083,587000,1083
2009-09-29,1096,1107,1080,1107,645000,1107
2009-09-30,1094,1100,1080,1087,518000,1087
2009-10-01,1067,1068,1040,1054,1092000,1054
2009-10-02,994,1038,994,1026,1191000,1026
2009-10-05,1006,1039,1006,1019,885000,1019
2009-10-06,1019,1019,984,995,968000,995
2009-10-07,995,1005,986,996,928000,996
2009-10-08,992,992,979,980,870000,980
2009-10-09,985,1010,982,1004,1617000,1004
2009-10-13,1002,1008,996,1000,755000,1000
2009-10-14,1015,1020,999,1002,785000,1002
2009-10-15,1022,1026,1004,1013,905000,1013
2009-10-16,1015,1022,1008,1015,722000,1015
2009-10-19,995,1012,990,1012,595000,1012
2009-10-20,1031,1038,1027,1029,618000,1029
2009-10-21,1029,1039,1027,1030,306000,1030
2009-10-22,1027,1030,1009,1030,577000,1030
2009-10-23,1050,1054,1035,1038,542000,1038
2009-10-26,1025,1058,1025,1041,667000,1041
2009-10-27,1035,1036,1025,1034,468000,1034
2009-10-28,1017,1037,1015,1037,680000,1037
2009-10-29,1017,1025,995,999,968000,999
2009-10-30,1008,1009,982,1004,556000,1004
2009-11-02,964,969,953,968,1007000,968
2009-11-04,967,967,952,966,448000,966
2009-11-05,956,962,941,953,517000,953
2009-11-06,955,959,936,948,762000,948
2009-11-09,949,949,935,945,387000,945
2009-11-10,957,967,943,947,441000,947
2009-11-11,949,967,949,953,474000,953
2009-11-12,956,958,942,943,459000,943
2009-11-13,934,943,930,936,896000,936
2009-11-16,945,945,931,938,325000,938
2009-11-17,948,948,932,935,417000,935
2009-11-18,925,933,916,923,565000,923
2009-11-19,933,933,916,929,617000,929
2009-11-20,919,927,913,925,409000,925
2009-11-24,926,926,904,916,671000,916
2009-11-25,926,931,914,920,543000,920
2009-11-26,921,930,916,927,552000,927
2009-11-27,908,914,895,900,641000,900
2009-11-30,906,912,898,912,814000,912
2009-12-01,939,959,923,957,1363000,957
2009-12-02,963,963,944,954,848000,954
2009-12-03,956,982,953,982,671000,982
2009-12-04,972,984,965,982,416000,982
2009-12-07,983,1005,983,1003,491000,1003
2009-12-08,983,997,983,991,450000,991
2009-12-09,981,989,975,984,423000,984
2009-12-10,994,998,976,982,520000,982
2009-12-11,994,1011,988,1009,2698000,1009
2009-12-14,1004,1011,991,1010,502000,1010
2009-12-15,992,1024,992,1023,431000,1023
2009-12-16,1043,1052,1024,1037,529000,1037
2009-12-17,1048,1052,1032,1032,380000,1032
2009-12-18,1017,1046,1007,1044,576000,1044
2009-12-21,1045,1058,1037,1050,367000,1050
2009-12-22,1050,1069,1046,1069,593000,1069
2009-12-24,1060,1078,1059,1073,865000,1073
2009-12-25,1080,1080,1058,1065,446000,1065
2009-12-28,1064,1095,1060,1093,544000,1093
2009-12-29,1080,1104,1080,1095,760000,1095
2009-12-30,1102,1113,1093,1097,577000,1097
2010-01-04,1103,1109,1096,1101,233000,1101
2010-01-05,1130,1134,1104,1116,493000,1116
2010-01-06,1119,1130,1116,1119,454000,1119
2010-01-07,1114,1131,1105,1117,594000,1117
2010-01-08,1133,1135,1106,1123,1570000,1123
2010-01-12,1124,1129,1109,1113,615000,1113
2010-01-13,1093,1104,1082,1090,682000,1090
2010-01-14,1090,1106,1085,1099,673000,1099
2010-01-15,1079,1099,1069,1081,1150000,1081
2010-01-18,1073,1089,1046,1071,1129000,1071
2010-01-19,1080,1080,1054,1062,439000,1062
2010-01-20,1080,1083,1065,1071,552000,1071
2010-01-21,1056,1074,1049,1069,980000,1069
2010-01-22,1041,1043,1013,1027,893000,1027
2010-01-25,1024,1024,1004,1017,587000,1017
2010-01-26,1017,1022,997,1007,853000,1007
2010-01-27,998,1026,990,997,669000,997
2010-01-28,1003,1030,994,1016,738000,1016
2010-01-29,999,1015,990,991,677000,991
2010-02-01,1006,1007,983,1000,837000,1000
2010-02-02,1006,1017,999,1012,670000,1012
2010-02-03,1032,1032,1019,1025,521000,1025
2010-02-04,1025,1027,1015,1020,253000,1020
2010-02-05,999,1004,977,980,884000,980
2010-02-08,971,991,966,972,484000,972
2010-02-09,958,965,954,954,420000,954
2010-02-10,960,963,951,954,551000,954
2010-02-12,969,976,963,973,878000,973
2010-02-15,973,980,961,961,242000,961
2010-02-16,962,963,959,961,226000,961
2010-02-17,976,995,968,995,507000,995
2010-02-18,993,1005,984,1004,498000,1004
2010-02-19,1010,1013,998,998,853000,998
2010-02-22,1027,1041,1023,1035,634000,1035
2010-02-23,1014,1030,1013,1025,416000,1025
2010-02-24,1002,1009,991,995,780000,995
2010-02-25,1011,1013,998,1010,644000,1010
2010-02-26,1011,1039,1009,1029,1230000,1029
2010-03-01,1030,1044,1028,1035,472000,1035
2010-03-02,1036,1038,1021,1035,390000,1035
2010-03-03,1035,1038,1028,1033,398000,1033
2010-03-04,1037,1038,1029,1030,539000,1030
2010-03-05,1047,1086,1038,1079,1244000,1079
2010-03-08,1093,1100,1087,1097,603000,1097
2010-03-09,1093,1098,1092,1095,317000,1095
2010-03-10,1092,1099,1090,1098,269000,1098
2010-03-11,1099,1099,1083,1099,876000,1099
2010-03-12,1121,1122,1105,1119,3851000,1119
2010-03-15,1130,1136,1119,1135,464000,1135
2010-03-16,1125,1134,1120,1124,444000,1124
2010-03-17,1125,1151,1125,1140,692000,1140
2010-03-18,1136,1141,1126,1130,364000,1130
2010-03-19,1145,1145,1127,1134,383000,1134
2010-03-23,1121,1126,1111,1111,399000,1111
2010-03-24,1117,1129,1107,1120,526000,1120
2010-03-25,1127,1127,1109,1112,562000,1112
2010-03-26,1115,1148,1114,1143,777000,1143
2010-03-29,1138,1145,1123,1140,416000,1140
2010-03-30,1144,1151,1140,1149,380000,1149
2010-03-31,1149,1180,1141,1162,998000,1162
2010-04-01,1169,1213,1159,1203,1813000,1203
2010-04-02,1183,1190,1171,1178,831000,1178
2010-04-05,1192,1205,1183,1200,556000,1200
2010-04-06,1212,1212,1194,1203,640000,1203
2010-04-07,1204,1223,1196,1217,819000,1217
2010-04-08,1198,1209,1193,1199,587000,1199
2010-04-09,1193,1208,1183,1194,1917000,1194
2010-04-12,1195,1216,1189,1201,537000,1201
2010-04-13,1188,1192,1178,1192,437000,1192
2010-04-14,1204,1214,1200,1207,510000,1207
2010-04-15,1211,1212,1198,1200,588000,1200
2010-04-16,1203,1203,1175,1183,506000,1183
2010-04-19,1167,1167,1150,1155,494000,1155
2010-04-20,1171,1171,1154,1159,388000,1159
2010-04-21,1166,1185,1166,1181,494000,1181
2010-04-22,1161,1164,1141,1156,696000,1156
2010-04-23,1150,1162,1138,1154,662000,1154
2010-04-26,1177,1197,1172,1185,618000,1185
2010-04-27,1185,1187,1167,1178,552000,1178
2010-04-28,1148,1160,1122,1149,1278000,1149
2010-04-30,1175,1259,1166,1239,1396000,1239
2010-05-06,1188,1206,1179,1202,1934000,1202
2010-05-07,1136,1175,1130,1150,1629000,1150
2010-05-10,1167,1209,1153,1205,1418000,1205
2010-05-11,1220,1232,1202,1216,1169000,1216
2010-05-12,1228,1228,1197,1215,848000,1215
2010-05-13,1216,1229,1205,1211,639000,1211
2010-05-14,1189,1240,1189,1222,1362000,1222
2010-05-17,1208,1229,1203,1217,1033000,1217
2010-05-18,1235,1239,1195,1210,757000,1210
2010-05-19,1184,1199,1160,1186,953000,1186
2010-05-20,1180,1182,1153,1157,670000,1157
2010-05-21,1118,1121,1102,1109,1075000,1109
2010-05-24,1104,1111,1089,1092,1169000,1092
2010-05-25,1071,1076,1046,1048,1328000,1048
2010-05-26,1065,1066,1046,1046,1210000,1046
2010-05-27,1060,1065,1034,1047,1200000,1047
2010-05-28,1060,1065,1037,1049,1282000,1049
2010-05-31,1044,1061,1040,1051,581000,1051
2010-06-01,1068,1073,1055,1072,952000,1072
2010-06-02,1060,1094,1060,1079,1368000,1079
2010-06-03,1092,1110,1089,1101,674000,1101
2010-06-04,1100,1100,1079,1083,565000,1083
2010-06-07,1053,1068,1037,1045,677000,1045
2010-06-08,1031,1056,1023,1046,607000,1046
2010-06-09,1031,1035,1010,1019,824000,1019
2010-06-10,1035,1051,1025,1051,689000,1051
2010-06-11,1072,1072,1052,1059,3731000,1059
2010-06-14,1066,1083,1066,1074,512000,1074
2010-06-15,1074,1085,1068,1078,403000,1078
2010-06-16,1100,1105,1084,1094,521000,1094
2010-06-17,1079,1091,1078,1082,478000,1082
2010-06-18,1084,1092,1075,1083,461000,1083
2010-06-21,1102,1103,1090,1101,518000,1101
2010-06-22,1096,1106,1089,1093,625000,1093
2010-06-23,1094,1094,1069,1071,403000,1071
2010-06-24,1057,1074,1054,1067,465000,1067
2010-06-25,1048,1053,1034,1039,526000,1039
2010-06-28,1049,1049,1036,1043,356000,1043
2010-06-29,1044,1055,1028,1031,507000,1031
2010-06-30,1010,1010,995,999,812000,999
2010-07-01,988,990,970,980,719000,980
2010-07-02,980,980,966,971,490000,971
2010-07-05,970,976,969,974,339000,974
2010-07-06,965,978,952,973,590000,973
2010-07-07,973,973,958,962,497000,962
2010-07-08,985,989,981,983,397000,983
2010-07-09,997,997,983,993,870000,993
2010-07-12,984,999,978,983,353000,983
2010-07-13,984,987,970,970,364000,970
2010-07-14,999,1009,993,1004,534000,1004
2010-07-15,991,1012,990,1005,524000,1005
2010-07-16,1005,1007,972,973,654000,973
2010-07-20,960,980,958,969,434000,969
2010-07-21,983,983,974,979,683000,979
2010-07-22,978,986,967,976,472000,976
2010-07-23,1002,1002,986,993,446000,993
2010-07-26,1008,1018,1003,1007,401000,1007
2010-07-27,1009,1018,1005,1015,327000,1015
2010-07-28,1034,1048,1030,1044,606000,1044
2010-07-29,1026,1034,1021,1025,374000,1025
2010-07-30,1021,1021,988,992,547000,992
2010-08-02,1004,1022,989,990,440000,990
2010-08-03,1005,1019,997,1009,707000,1009
2010-08-04,996,997,981,984,546000,984
2010-08-05,1004,1015,1000,1008,675000,1008
2010-08-06,994,1016,994,1014,277000,1014
2010-08-09,1003,1011,999,1011,337000,1011
2010-08-10,1014,1020,1000,1002,306000,1002
2010-08-11,982,988,968,972,417000,972
2010-08-12,960,977,960,973,667000,973
2010-08-13,971,999,965,997,1072000,997
2010-08-16,988,993,979,990,334000,990
2010-08-17,975,991,973,985,224000,985
2010-08-18,995,1006,981,998,341000,998
2010-08-19,998,1014,996,1014,390000,1014
2010-08-20,994,996,978,982,479000,982
2010-08-23,983,991,982,983,612000,983
2010-08-24,970,970,953,953,482000,953
2010-08-25,953,958,934,943,736000,943
2010-08-26,951,951,933,937,474000,937
2010-08-27,922,948,922,939,658000,939
2010-08-30,968,984,963,971,488000,971
2010-08-31,952,952,927,927,472000,927
2010-09-01,931,958,925,958,636000,958
2010-09-02,972,982,956,978,592000,978
2010-09-03,985,992,970,973,647000,973
2010-09-06,988,1006,985,1003,453000,1003
2010-09-07,996,1004,985,990,407000,990
2010-09-08,978,980,961,961,455000,961
2010-09-09,976,984,969,969,366000,969
2010-09-10,968,993,962,978,1955000,978
2010-09-13,989,1000,981,992,540000,992
2010-09-14,990,996,980,993,530000,993
2010-09-15,984,1028,984,1003,1270000,1003
2010-09-16,1008,1026,1007,1009,812000,1009
2010-09-17,1027,1038,1021,1038,759000,1038
2010-09-21,1043,1043,1023,1029,599000,1029
2010-09-22,1028,1034,1022,1029,523000,1029
2010-09-24,1021,1029,1014,1018,751000,1018
2010-09-27,1024,1030,1018,1026,331000,1026
2010-09-28,1012,1020,1009,1012,325000,1012
2010-09-29,1020,1037,1008,1008,985000,1008
2010-09-30,1012,1022,1001,1001,524000,1001
2010-10-01,1009,1015,1001,1004,753000,1004
2010-10-04,1005,1007,980,983,601000,983
2010-10-05,968,1005,968,1001,762000,1001
2010-10-06,1017,1041,1010,1041,830000,1041
2010-10-07,1036,1049,1029,1045,543000,1045
2010-10-08,1047,1065,1044,1055,1239000,1055
2010-10-12,1070,1072,1028,1031,830000,1031
2010-10-13,1043,1043,1025,1027,617000,1027
2010-10-14,1030,1056,1025,1039,817000,1039
2010-10-15,1031,1031,1016,1019,405000,1019
2010-10-18,1020,1030,1012,1017,346000,1017
2010-10-19,1021,1035,1019,1026,314000,1026
2010-10-20,1003,1004,987,988,736000,988
2010-10-21,1003,1011,980,986,736000,986
2010-10-22,992,1005,982,990,580000,990
2010-10-25,997,1004,996,997,483000,997
2010-10-26,999,1014,996,1011,435000,1011
2010-10-27,1025,1026,991,998,547000,998
2010-10-28,997,997,985,989,644000,989
2010-10-29,983,983,966,974,560000,974
2010-11-01,975,1016,974,1007,992000,1007
2010-11-02,1007,1007,996,1001,681000,1001
2010-11-04,1019,1024,997,1002,884000,1002
2010-11-05,1014,1034,1014,1025,844000,1025
2010-11-08,1040,1043,1031,1037,509000,1037
2010-11-09,1036,1036,1023,1034,825000,1034
2010-11-10,1035,1049,1031,1037,434000,1037
2010-11-11,1037,1039,1026,1038,452000,1038
2010-11-12,1037,1054,1033,1037,716000,1037
2010-11-15,1042,1053,1033,1051,441000,1051
2010-11-16,1055,1058,1029,1030,533000,1030
2010-11-17,1025,1035,1024,1035,372000,1035
2010-11-18,1040,1069,1033,1066,735000,1066
2010-11-19,1070,1070,1056,1057,487000,1057
2010-11-22,1070,1070,1055,1059,427000,1059
2010-11-24,1029,1049,1029,1038,553000,1038
2010-11-25,1055,1055,1033,1049,497000,1049
2010-11-26,1054,1058,1045,1050,426000,1050
2010-11-29,1051,1071,1043,1070,841000,1070
2010-11-30,1058,1075,1054,1061,842000,1061
2010-12-01,1052,1067,1052,1062,711000,1062
2010-12-02,1086,1087,1073,1075,714000,1075
2010-12-03,1090,1090,1073,1074,380000,1074
2010-12-06,1061,1076,1058,1073,459000,1073
2010-12-07,1079,1082,1071,1076,376000,1076
2010-12-08,1083,1096,1076,1092,658000,1092
2010-12-09,1092,1099,1082,1091,479000,1091
2010-12-10,1121,1121,1066,1079,3854000,1079
2010-12-13,1070,1083,1063,1083,630000,1083
2010-12-14,1076,1083,1071,1080,656000,1080
2010-12-15,1091,1091,1074,1078,830000,1078
2010-12-16,1084,1090,1080,1083,371000,1083
2010-12-17,1082,1086,1073,1084,713000,1084
2010-12-20,1081,1081,1063,1068,454000,1068
2010-12-21,1079,1096,1073,1096,640000,1096
2010-12-22,1090,1099,1085,1096,628000,1096
2010-12-24,1087,1091,1082,1084,319000,1084
2010-12-27,1084,1098,1084,1098,352000,1098
2010-12-28,1096,1097,1091,1091,323000,1091
2010-12-29,1084,1099,1084,1099,163000,1099
2010-12-30,1091,1093,1078,1082,363000,1082
2011-01-04,1098,1106,1094,1105,372000,1105
2011-01-05,1106,1106,1094,1098,225000,1098
2011-01-06,1117,1118,1106,1117,508000,1117
2011-01-07,1114,1114,1104,1107,543000,1107
2011-01-11,1100,1104,1089,1090,603000,1090
2011-01-12,1093,1096,1084,1088,475000,1088
2011-01-13,1097,1112,1091,1112,579000,1112
2011-01-14,1090,1114,1089,1095,1296000,1095
2011-01-17,1109,1116,1103,1111,639000,1111
2011-01-18,1110,1150,1110,1147,1011000,1147
2011-01-19,1151,1177,1150,1169,741000,1169
2011-01-20,1161,1176,1158,1175,582000,1175
2011-01-21,1176,1182,1161,1167,834000,1167
2011-01-24,1168,1174,1148,1159,586000,1159
2011-01-25,1159,1171,1147,1166,581000,1166
2011-01-26,1150,1159,1137,1138,923000,1138
2011-01-27,1149,1149,1131,1135,577000,1135
2011-01-28,1130,1135,1106,1112,473000,1112
2011-01-31,1099,1116,1094,1094,475000,1094
2011-02-01,1102,1102,1077,1079,694000,1079
2011-02-02,1101,1118,1096,1108,513000,1108
2011-02-03,1096,1100,1088,1088,540000,1088
2011-02-04,1108,1114,1099,1107,460000,1107
2011-02-07,1127,1130,1118,1123,465000,1123
2011-02-08,1124,1135,1118,1135,572000,1135
2011-02-09,1139,1139,1120,1125,407000,1125
2011-02-10,1116,1147,1116,1140,893000,1140
2011-02-14,1141,1143,1129,1132,350000,1132
2011-02-15,1130,1135,1120,1127,537000,1127
2011-02-16,1127,1127,1116,1119,549000,1119
2011-02-17,1116,1119,1104,1109,789000,1109
2011-02-18,1119,1122,1111,1114,1039000,1114
2011-02-21,1105,1112,1100,1106,477000,1106
2011-02-22,1091,1100,1078,1087,737000,1087
2011-02-23,1090,1095,1078,1087,670000,1087
2011-02-24,1094,1098,1076,1080,836000,1080
2011-02-25,1090,1092,1076,1084,618000,1084
2011-02-28,1072,1091,1059,1085,688000,1085
2011-03-01,1101,1107,1095,1107,781000,1107
2011-03-02,1093,1098,1076,1076,602000,1076
2011-03-03,1085,1087,1077,1083,351000,1083
2011-03-04,1103,1109,1090,1093,483000,1093
2011-03-07,1083,1087,1059,1062,674000,1062
2011-03-08,1068,1072,1058,1062,509000,1062
2011-03-09,1068,1082,1066,1073,457000,1073
2011-03-10,1073,1076,1062,1064,524000,1064
2011-03-11,1047,1063,1032,1033,3599000,1033
2011-03-14,1003,1109,976,987,1014000,987
2011-03-15,963,963,837,837,1209000,837
2011-03-16,852,860,778,816,3412000,816
2011-03-17,782,830,775,802,2504000,802
2011-03-18,817,873,815,851,2364000,851
2011-03-22,871,912,871,907,2303000,907
2011-03-23,908,919,882,903,2172000,903
2011-03-24,906,919,898,903,809000,903
2011-03-25,921,921,901,906,721000,906
2011-03-28,916,920,888,896,928000,896
2011-03-29,881,911,880,899,1225000,899
2011-03-30,899,925,892,925,688000,925
2011-03-31,927,933,916,930,684000,930
2011-04-01,926,950,918,921,694000,921
2011-04-04,921,930,920,921,893000,921
2011-04-05,920,929,917,924,833000,924
2011-04-06,927,927,910,913,911000,913
2011-04-07,919,923,908,914,529000,914
2011-04-08,915,944,906,932,1636000,932
2011-04-11,929,937,919,919,459000,919
2011-04-12,907,908,892,898,661000,898
2011-04-13,896,912,896,904,588000,904
2011-04-14,898,924,892,916,825000,916
2011-04-15,914,919,902,907,445000,907
2011-04-18,910,916,905,905,322000,905
2011-04-19,890,896,885,894,405000,894
2011-04-20,905,924,905,914,859000,914
2011-04-21,925,929,916,923,474000,923
2011-04-22,914,922,911,912,470000,912
2011-04-25,913,922,908,910,302000,910
2011-04-26,903,905,883,889,850000,889
2011-04-27,891,905,890,893,657000,893
2011-04-28,903,912,891,895,768000,895
2011-05-02,902,934,902,931,866000,931
2011-05-06,914,920,910,916,602000,916
2011-05-09,911,924,907,911,464000,911
2011-05-10,907,917,901,916,455000,916
2011-05-11,929,929,921,927,618000,927
2011-05-12,915,923,907,907,704000,907
2011-05-13,909,914,890,898,1229000,898
2011-05-16,883,893,872,873,839000,873
2011-05-17,867,879,864,867,660000,867
2011-05-18,871,895,871,885,557000,885
2011-05-19,892,896,874,874,294000,874
2011-05-20,879,889,878,878,383000,878
2011-05-23,875,877,864,865,471000,865
2011-05-24,863,873,861,871,531000,871
2011-05-25,872,872,865,866,319000,866
2011-05-26,875,887,871,881,420000,881
2011-05-27,873,882,870,873,453000,873
2011-05-30,867,873,864,870,320000,870
2011-05-31,871,893,867,893,515000,893
2011-06-01,894,894,879,887,701000,887
2011-06-02,869,874,860,861,1354000,861
2011-06-03,860,866,855,855,911000,855
2011-06-06,855,855,845,846,471000,846
2011-06-07,850,865,849,864,539000,864
2011-06-08,864,868,851,858,533000,858
2011-06-09,858,865,853,865,850000,865
2011-06-10,869,873,850,853,3120000,853
2011-06-13,853,853,839,840,656000,840
2011-06-14,846,856,841,853,695000,853
2011-06-15,852,855,842,851,754000,851
2011-06-16,842,850,840,840,494000,840
2011-06-17,846,857,841,841,915000,841
2011-06-20,842,854,842,847,669000,847
2011-06-21,858,858,845,848,634000,848
2011-06-22,853,861,850,860,1079000,860
2011-06-23,856,869,851,862,685000,862
2011-06-24,869,872,859,863,614000,863
2011-06-27,854,858,847,847,590000,847
2011-06-28,857,868,852,861,765000,861
2011-06-29,879,890,871,889,918000,889
2011-06-30,894,904,894,901,668000,901
2011-07-01,909,914,905,908,458000,908
2011-07-04,916,919,908,909,430000,909
2011-07-05,910,921,910,919,432000,919
2011-07-06,926,926,913,922,601000,922
2011-07-07,915,925,915,922,367000,922
2011-07-08,937,939,930,935,829000,935
2011-07-11,922,932,922,929,202000,929
2011-07-12,916,924,913,921,525000,921
2011-07-13,913,924,912,920,400000,920
2011-07-14,913,922,911,918,448000,918
2011-07-15,920,922,914,921,343000,921
2011-07-19,920,921,912,912,320000,912
2011-07-20,925,925,915,916,380000,916
2011-07-21,917,918,906,914,701000,914
2011-07-22,926,933,921,932,482000,932
2011-07-25,932,934,922,922,414000,922
2011-07-26,922,931,919,927,336000,927
2011-07-27,921,924,916,921,419000,921
2011-07-28,907,907,891,893,688000,893
2011-07-29,894,908,885,889,646000,889
2011-08-01,878,919,878,914,668000,914
2011-08-02,908,912,894,894,377000,894
2011-08-03,879,885,871,875,546000,875
2011-08-04,884,897,878,887,576000,887
2011-08-05,850,856,839,840,938000,840
2011-08-08,825,832,814,814,796000,814
2011-08-09,784,797,773,794,1281000,794
2011-08-10,819,822,807,818,757000,818
2011-08-11,796,809,795,806,655000,806
2011-08-12,811,817,804,807,926000,807
2011-08-15,823,827,807,819,672000,819
2011-08-16,834,835,817,823,680000,823
2011-08-17,813,831,811,822,485000,822
2011-08-18,822,825,815,818,531000,818
2011-08-19,799,815,796,806,444000,806
2011-08-22,800,811,796,803,503000,803
2011-08-23,812,826,802,824,968000,824
2011-08-24,834,834,814,820,482000,820
2011-08-25,835,835,820,822,468000,822
2011-08-26,823,830,816,818,423000,818
2011-08-29,820,824,814,819,434000,819
2011-08-30,827,834,821,826,593000,826
2011-08-31,826,838,819,832,610000,832
2011-09-01,843,853,840,843,492000,843
2011-09-02,831,836,822,832,584000,832
2011-09-05,823,825,817,822,462000,822
2011-09-06,821,821,802,805,727000,805
2011-09-07,812,812,806,808,633000,808
2011-09-08,819,824,816,820,317000,820
2011-09-09,813,820,810,812,2664000,812
2011-09-12,792,798,786,786,570000,786
2011-09-13,789,797,788,795,457000,795
2011-09-14,795,802,778,780,473000,780
2011-09-15,795,799,784,791,472000,791
2011-09-16,804,809,802,808,522000,808
2011-09-20,793,799,785,795,552000,795
2011-09-21,795,798,790,790,372000,790
2011-09-22,780,794,780,790,706000,790
2011-09-26,790,794,777,779,661000,779
2011-09-27,794,807,793,807,577000,807
2011-09-28,816,823,809,818,558000,818
2011-09-29,812,833,810,832,496000,832
2011-09-30,838,848,832,843,558000,843
2011-10-03,820,838,813,835,611000,835
2011-10-04,824,852,823,849,1051000,849
2011-10-05,855,857,836,844,765000,844
2011-10-06,855,865,851,864,564000,864
2011-10-07,874,886,870,877,700000,877
2011-10-11,891,891,874,877,735000,877
2011-10-12,874,882,870,871,515000,871
2011-10-13,881,881,864,871,371000,871
2011-10-14,871,877,862,873,1048000,873
2011-10-17,892,893,880,882,355000,882
2011-10-18,867,874,861,866,440000,866
2011-10-19,878,893,872,884,652000,884
2011-10-20,874,877,867,874,525000,874
2011-10-21,877,877,861,865,421000,865
2011-10-24,872,885,869,876,700000,876
2011-10-25,870,870,837,842,801000,842
2011-10-26,831,835,822,831,552000,831
2011-10-27,837,853,832,853,455000,853
2011-10-28,868,875,862,873,401000,873
2011-10-31,872,894,868,877,480000,877
2011-11-01,869,872,859,860,382000,860
2011-11-02,845,845,833,833,468000,833
2011-11-04,834,845,833,845,365000,845
2011-11-07,848,854,844,850,306000,850
2011-11-08,842,851,837,839,375000,839
2011-11-09,840,861,837,856,355000,856
2011-11-10,832,849,832,843,634000,843
2011-11-11,849,850,833,835,626000,835
2011-11-14,841,856,841,850,296000,850
2011-11-15,842,856,839,842,164000,842
2011-11-16,843,849,827,828,303000,828
2011-11-17,828,837,823,836,285000,836
2011-11-18,825,833,821,822,439000,822
2011-11-21,819,828,815,822,272000,822
2011-11-22,815,819,808,809,375000,809
2011-11-24,787,791,774,784,632000,784
2011-11-25,784,784,767,768,663000,768
2011-11-28,781,784,768,770,522000,770
2011-11-29,777,778,760,776,837000,776
2011-11-30,777,784,775,780,644000,780
2011-12-01,807,810,801,802,498000,802
2011-12-02,805,815,804,815,435000,815
2011-12-05,820,825,816,823,282000,823
2011-12-06,815,820,804,805,226000,805
2011-12-07,817,838,816,835,591000,835
2011-12-08,829,839,825,836,436000,836
2011-12-09,821,834,821,827,3581000,827
2011-12-12,840,855,836,847,557000,847
2011-12-13,845,846,829,841,555000,841
2011-12-14,832,846,831,842,549000,842
2011-12-15,829,836,822,829,600000,829
2011-12-16,838,851,838,842,754000,842
2011-12-19,835,835,813,818,496000,818
2011-12-20,814,831,813,829,374000,829
2011-12-21,844,859,844,856,593000,856
2011-12-22,855,862,850,850,494000,850
2011-12-26,866,868,858,863,392000,863
2011-12-27,860,865,854,860,308000,860
2011-12-28,860,872,857,863,743000,863
2011-12-29,850,850,834,844,468000,844
2011-12-30,855,857,844,855,357000,855
2012-01-04,865,877,852,852,438000,852
2012-01-05,846,847,838,842,295000,842
2012-01-06,840,842,816,821,367000,821
2012-01-10,824,832,821,825,298000,825
2012-01-11,830,836,820,825,398000,825
2012-01-12,819,822,811,818,331000,818
2012-01-13,833,849,833,849,1380000,849
2012-01-16,834,834,811,816,635000,816
2012-01-17,824,832,819,831,319000,831
2012-01-18,833,839,819,832,469000,832
2012-01-19,830,850,830,837,458000,837
2012-01-20,851,857,844,847,505000,847
2012-01-23,836,845,833,836,637000,836
2012-01-24,843,847,834,837,506000,837
2012-01-25,852,869,844,862,592000,862
2012-01-26,867,870,861,865,389000,865
2012-01-27,875,875,859,874,677000,874
2012-01-30,870,870,860,867,352000,867
2012-01-31,870,883,870,880,353000,880
2012-02-01,873,881,870,874,485000,874
2012-02-02,874,879,858,869,587000,869
2012-02-03,867,870,856,856,426000,856
2012-02-06,870,871,856,859,539000,859
2012-02-07,855,862,849,854,632000,854
2012-02-08,864,867,858,860,425000,860
2012-02-09,855,855,839,846,711000,846
2012-02-10,847,851,846,848,640000,848
2012-02-13,847,856,840,852,340000,852
2012-02-14,847,867,846,863,511000,863
2012-02-15,869,901,869,895,860000,895
2012-02-16,889,900,873,875,563000,875
2012-02-17,897,900,890,894,622000,894
2012-02-20,908,918,907,917,634000,917
2012-02-21,914,925,911,915,668000,915
2012-02-22,915,937,915,934,732000,934
2012-02-23,943,952,935,950,860000,950
2012-02-24,951,951,938,944,615000,944
2012-02-27,943,949,936,939,484000,939
2012-02-28,937,961,935,961,495000,961
2012-02-29,969,977,949,953,793000,953
2012-03-01,956,971,950,962,744000,962
2012-03-02,974,988,969,973,847000,973
2012-03-05,971,980,952,954,646000,954
2012-03-06,956,963,953,960,647000,960
2012-03-07,945,964,938,957,492000,957
2012-03-08,971,971,957,967,633000,967
2012-03-09,984,1014,979,994,3449000,994
2012-03-12,1004,1005,973,974,689000,974
2012-03-13,974,992,971,973,679000,973
2012-03-14,994,1004,984,984,692000,984
2012-03-15,992,993,979,980,645000,980
2012-03-16,981,983,969,970,584000,970
2012-03-19,973,979,963,968,518000,968
2012-03-21,959,971,958,967,746000,967
2012-03-22,970,972,960,964,732000,964
2012-03-23,959,968,954,967,620000,967
2012-03-26,966,966,945,946,555000,946
2012-03-27,967,985,963,984,667000,984
2012-03-28,971,977,961,972,501000,972
2012-03-29,965,974,961,968,489000,968
2012-03-30,972,977,968,977,665000,977
2012-04-02,962,974,961,964,728000,964
2012-04-03,958,962,952,955,390000,955
2012-04-04,956,956,924,925,766000,925
2012-04-05,915,918,909,910,1018000,910
2012-04-06,917,923,909,918,651000,918
2012-04-09,903,906,896,899,623000,899
2012-04-10,902,903,892,897,616000,897
2012-04-11,882,893,876,889,750000,889
2012-04-12,889,892,878,888,532000,888
2012-04-13,892,899,886,887,2048000,887
2012-04-16,888,890,879,883,513000,883
2012-04-17,886,891,882,889,517000,889
2012-04-18,896,904,892,904,509000,904
2012-04-19,889,893,887,890,484000,890
2012-04-20,889,895,885,887,455000,887
2012-04-23,887,895,880,884,387000,884
2012-04-24,874,878,867,871,541000,871
2012-04-25,882,889,880,888,613000,888
2012-04-26,895,904,887,890,503000,890
2012-04-27,888,905,878,881,746000,881
2012-05-01,872,876,865,866,455000,866
2012-05-02,873,877,865,872,482000,872
2012-05-07,849,853,843,848,494000,848
2012-05-08,848,854,839,849,724000,849
2012-05-09,840,840,828,829,827000,829
2012-05-10,819,830,817,824,492000,824
2012-05-11,820,822,803,805,1187000,805
2012-05-14,805,808,797,801,387000,801
2012-05-15,793,798,785,794,512000,794
2012-05-16,794,798,790,795,866000,795
2012-05-17,794,802,791,796,854000,796
2012-05-18,786,790,779,781,1049000,781
2012-05-21,782,792,782,784,443000,784
2012-05-22,791,797,789,792,399000,792
2012-05-23,792,792,775,778,829000,778
2012-05-24,778,793,777,789,940000,789
2012-05-25,800,804,788,791,616000,791
2012-05-28,795,795,785,785,472000,785
2012-05-29,785,789,777,789,482000,789
2012-05-30,786,793,780,793,609000,793
2012-05-31,779,779,769,773,1388000,773
2012-06-01,771,779,768,777,757000,777
2012-06-04,762,772,758,772,673000,772
2012-06-05,773,797,773,794,766000,794
2012-06-06,798,807,796,803,697000,803
2012-06-07,811,814,805,812,532000,812
2012-06-08,809,811,788,790,2596000,790
2012-06-11,805,812,804,807,454000,807
2012-06-12,788,796,785,790,633000,790
2012-06-13,794,804,791,792,565000,792
2012-06-14,785,797,782,787,895000,787
2012-06-15,789,798,786,787,536000,787
2012-06-18,802,811,797,800,557000,800
2012-06-19,799,804,791,794,574000,794
2012-06-20,803,804,794,802,838000,802
2012-06-21,803,811,802,803,707000,803
2012-06-22,792,805,788,802,687000,802
2012-06-25,810,810,796,798,620000,798
2012-06-26,787,795,784,789,570000,789
2012-06-27,791,804,789,804,455000,804
2012-06-28,809,826,809,821,685000,821
2012-06-29,823,841,813,837,776000,837
2012-07-02,842,846,834,835,347000,835
2012-07-03,833,837,828,831,461000,831
2012-07-04,831,838,823,824,602000,824
2012-07-05,824,830,824,829,199000,829
2012-07-06,829,837,824,828,324000,828
2012-07-09,822,827,820,824,262000,824
2012-07-10,825,835,823,823,379000,823
2012-07-11,822,828,816,828,427000,828
2012-07-12,831,831,818,821,440000,821
2012-07-13,820,826,816,817,662000,817
2012-07-17,821,829,815,825,385000,825
2012-07-18,830,834,822,822,431000,822
2012-07-19,826,836,821,824,383000,824
2012-07-20,826,829,809,812,509000,812
2012-07-23,804,806,796,799,402000,799
2012-07-24,809,811,798,805,356000,805
2012-07-25,799,804,788,792,592000,792
2012-07-26,799,799,785,797,487000,797
2012-07-27,810,817,805,817,367000,817
2012-07-30,832,835,823,833,310000,833
2012-07-31,828,841,828,833,535000,833
2012-08-01,825,844,820,841,359000,841
2012-08-02,841,856,841,845,569000,845
2012-08-03,831,833,816,816,358000,816
2012-08-06,830,839,828,830,417000,830
2012-08-07,828,844,825,842,345000,842
2012-08-08,854,869,854,867,604000,867
2012-08-09,874,893,870,890,712000,890
2012-08-10,886,887,875,881,624000,881
2012-08-13,878,884,876,876,173000,876
2012-08-14,875,897,875,894,375000,894
2012-08-15,895,898,881,891,341000,891
2012-08-16,898,909,891,907,495000,907
2012-08-17,909,916,903,909,478000,909
2012-08-20,917,924,908,912,397000,912
2012-08-21,914,915,905,909,366000,909
2012-08-22,905,907,900,905,349000,905
2012-08-23,902,919,900,918,596000,918
2012-08-24,909,909,898,906,310000,906
2012-08-27,920,921,910,913,327000,913
2012-08-28,923,923,907,912,608000,912
2012-08-29,918,920,907,910,500000,910
2012-08-30,900,905,898,902,293000,902
2012-08-31,895,901,891,891,374000,891
2012-09-03,891,892,880,882,495000,882
2012-09-04,879,880,866,872,630000,872
2012-09-05,872,877,866,866,472000,866
2012-09-06,866,872,862,865,298000,865
2012-09-07,882,885,873,878,533000,878
2012-09-10,875,880,873,873,175000,873
2012-09-11,870,871,864,867,331000,867
2012-09-12,874,890,869,889,366000,889
2012-09-13,889,897,889,894,275000,894
2012-09-14,900,919,900,914,1905000,914
2012-09-18,916,922,910,917,578000,917
2012-09-19,928,938,919,932,810000,932
2012-09-20,924,944,923,940,1340000,940
2012-09-21,945,951,941,948,644000,948
2012-09-24,937,944,934,942,708000,942
2012-09-25,943,954,941,945,554000,945
2012-09-26,936,942,929,932,602000,932
2012-09-27,930,938,927,937,558000,937
2012-09-28,934,939,922,929,626000,929
2012-10-01,914,923,912,921,562000,921
2012-10-02,922,924,916,920,533000,920
2012-10-03,914,921,906,908,380000,908
2012-10-04,914,932,913,922,402000,922
2012-10-05,930,937,924,934,477000,934
2012-10-09,934,944,934,937,390000,937
2012-10-10,926,926,913,914,444000,914
2012-10-11,902,915,900,905,480000,905
2012-10-12,913,932,908,932,1116000,932
2012-10-15,931,941,926,941,495000,941
2012-10-16,944,954,941,950,417000,950
2012-10-17,959,970,958,967,497000,967
2012-10-18,974,1002,974,1000,697000,1000
2012-10-19,997,1003,987,996,436000,996
2012-10-22,982,1005,981,1002,385000,1002
2012-10-23,1016,1017,1000,1006,332000,1006
2012-10-24,997,1017,997,1011,429000,1011
2012-10-25,1014,1030,1006,1029,517000,1029
2012-10-26,1034,1042,1022,1022,483000,1022
2012-10-29,1025,1043,1025,1040,339000,1040
2012-10-30,1036,1049,1029,1032,603000,1032
2012-10-31,1043,1045,1027,1029,477000,1029
2012-11-01,1035,1038,1015,1033,355000,1033
2012-11-02,1044,1048,1041,1041,432000,1041
2012-11-05,1032,1041,1032,1039,198000,1039
2012-11-06,1040,1045,1034,1045,345000,1045
2012-11-07,1054,1064,1043,1049,587000,1049
2012-11-08,1036,1043,1030,1038,313000,1038
2012-11-09,1021,1034,1016,1027,369000,1027
2012-11-12,1016,1026,1010,1010,256000,1010
2012-11-13,1011,1014,999,1006,356000,1006
2012-11-14,1005,1027,1004,1027,410000,1027
2012-11-15,1033,1040,1026,1033,523000,1033
2012-11-16,1039,1049,1035,1048,602000,1048
2012-11-19,1060,1070,1056,1060,423000,1060
2012-11-20,1061,1065,1057,1057,371000,1057
2012-11-21,1059,1063,1038,1044,771000,1044
2012-11-22,1056,1061,1036,1044,658000,1044
2012-11-26,1054,1067,1054,1057,676000,1057
2012-11-27,1060,1072,1060,1065,502000,1065
2012-11-28,1062,1069,1049,1049,420000,1049
2012-11-29,1054,1060,1040,1056,703000,1056
2012-11-30,1066,1068,1057,1058,555000,1058
2012-12-03,1065,1077,1058,1072,521000,1072
2012-12-04,1072,1080,1066,1079,400000,1079
2012-12-05,1072,1078,1065,1070,500000,1070
2012-12-06,1078,1081,1071,1077,551000,1077
2012-12-07,1082,1089,1078,1086,410000,1086
2012-12-10,1103,1105,1082,1090,481000,1090
2012-12-11,1082,1091,1079,1091,464000,1091
2012-12-12,1097,1098,1088,1094,478000,1094
2012-12-13,1100,1113,1095,1111,571000,1111
2012-12-14,1113,1136,1110,1126,2652000,1126
2012-12-17,1152,1161,1143,1145,860000,1145
2012-12-18,1145,1160,1145,1154,567000,1154
2012-12-19,1162,1174,1150,1174,814000,1174
2012-12-20,1156,1170,1153,1159,955000,1159
2012-12-21,1173,1179,1157,1159,758000,1159
2012-12-25,1183,1187,1173,1187,681000,1187
2012-12-26,1203,1216,1190,1216,784000,1216
2012-12-27,1245,1245,1229,1235,812000,1235
2012-12-28,1238,1244,1223,1231,800000,1231
2013-01-04,1272,1292,1261,1288,763000,1288
2013-01-07,1299,1300,1272,1272,491000,1272
2013-01-08,1255,1278,1255,1262,450000,1262
2013-01-09,1242,1298,1242,1291,600000,1291
2013-01-10,1293,1301,1291,1294,320000,1294
2013-01-11,1305,1318,1290,1298,1115000,1298
2013-01-15,1317,1322,1293,1296,578000,1296
2013-01-16,1297,1304,1282,1284,581000,1284
2013-01-17,1285,1291,1250,1269,725000,1269
2013-01-18,1298,1338,1297,1338,917000,1338
2013-01-21,1341,1347,1303,1303,624000,1303
2013-01-22,1303,1311,1279,1293,811000,1293
2013-01-23,1275,1282,1253,1253,726000,1253
2013-01-24,1248,1272,1235,1270,640000,1270
2013-01-25,1296,1307,1289,1307,644000,1307
2013-01-28,1320,1330,1298,1300,440000,1300
2013-01-29,1272,1318,1267,1299,464000,1299
2013-01-30,1329,1377,1324,1377,904000,1377
2013-01-31,1361,1374,1341,1372,464000,1372
2013-02-01,1380,1396,1375,1380,386000,1380
2013-02-04,1377,1384,1346,1366,351000,1366
2013-02-05,1341,1341,1289,1289,848000,1289
2013-02-06,1329,1404,1325,1396,885000,1396
2013-02-07,1378,1386,1349,1360,765000,1360
2013-02-08,1323,1346,1301,1304,1579000,1304
2013-02-12,1341,1370,1341,1355,752000,1355
2013-02-13,1347,1356,1321,1328,441000,1328
2013-02-14,1326,1357,1320,1345,565000,1345
2013-02-15,1330,1344,1315,1331,459000,1331
2013-02-18,1358,1396,1347,1382,666000,1382
2013-02-19,1362,1388,1360,1385,545000,1385
2013-02-20,1400,1427,1395,1416,632000,1416
2013-02-21,1406,1427,1383,1386,522000,1386
2013-02-22,1372,1393,1356,1389,745000,1389
2013-02-25,1420,1455,1416,1453,785000,1453
2013-02-26,1401,1451,1401,1419,793000,1419
2013-02-27,1435,1440,1403,1407,590000,1407
2013-02-28,1455,1526,1453,1507,1858000,1507
2013-03-01,1506,1577,1505,1556,1448000,1556
2013-03-04,1596,1646,1590,1621,1802000,1621
2013-03-05,1661,1666,1599,1603,1182000,1603
2013-03-06,1622,1666,1609,1659,1032000,1659
2013-03-07,1677,1678,1614,1632,915000,1632
2013-03-08,1648,1723,1646,1718,4425000,1718
2013-03-11,1752,1768,1715,1734,1009000,1734
2013-03-12,1754,1757,1702,1702,679000,1702
2013-03-13,1695,1758,1692,1732,1015000,1732
2013-03-14,1747,1805,1740,1802,1089000,1802
2013-03-15,1836,1843,1803,1815,1436000,1815
2013-03-18,1775,1793,1756,1756,1102000,1756
2013-03-19,1793,1835,1787,1800,760000,1800
2013-03-21,1800,1815,1751,1788,1138000,1788
2013-03-22,1756,1781,1730,1732,1312000,1732
2013-03-25,1762,1770,1733,1761,939000,1761
2013-03-26,1721,1757,1721,1743,610000,1743
2013-03-27,1750,1789,1750,1771,616000,1771
2013-03-28,1772,1772,1719,1736,1141000,1736
2013-03-29,1750,1751,1711,1746,784000,1746
2013-04-01,1730,1730,1695,1698,1147000,1698
2013-04-02,1697,1734,1650,1720,1102000,1720
2013-04-03,1734,1766,1720,1743,864000,1743
2013-04-04,1711,1779,1673,1779,1414000,1779
2013-04-05,1850,1914,1832,1882,2394000,1882
2013-04-08,1927,1966,1913,1937,1116000,1937
2013-04-09,1940,1957,1868,1878,1063000,1878
2013-04-10,1865,1891,1844,1857,963000,1857
2013-04-11,1853,1870,1771,1793,1891000,1793
2013-04-12,1793,1793,1722,1746,3048000,1746
2013-04-15,1733,1770,1726,1748,1366000,1748
2013-04-16,1702,1756,1678,1731,1172000,1731
2013-04-17,1750,1762,1732,1744,750000,1744
2013-04-18,1728,1750,1702,1712,932000,1712
2013-04-19,1722,1746,1714,1732,597000,1732
2013-04-22,1759,1769,1733,1741,735000,1741
2013-04-23,1721,1738,1709,1721,646000,1721
2013-04-24,1729,1748,1715,1738,690000,1738
2013-04-25,1749,1790,1742,1785,1164000,1785
2013-04-26,1800,1800,1753,1753,1099000,1753
2013-04-30,1742,1759,1722,1741,766000,1741
2013-05-01,1745,1746,1702,1702,753000,1702
2013-05-02,1700,1717,1663,1678,845000,1678
2013-05-07,1737,1738,1698,1732,1168000,1732
2013-05-08,1735,1799,1733,1761,1170000,1761
2013-05-09,1764,1769,1708,1708,529000,1708
2013-05-10,1763,1764,1729,1738,990000,1738
2013-05-13,1744,1754,1711,1718,522000,1718
2013-05-14,1711,1721,1698,1717,611000,1717
2013-05-15,1748,1777,1720,1751,1223000,1751
2013-05-16,1750,1766,1729,1764,783000,1764
2013-05-17,1764,1790,1741,1786,704000,1786
2013-05-20,1812,1817,1771,1793,667000,1793
2013-05-21,1778,1779,1738,1758,631000,1758
2013-05-22,1757,1795,1737,1786,772000,1786
2013-05-23,1787,1797,1601,1601,1391000,1601
2013-05-24,1632,1647,1516,1577,1468000,1577
2013-05-27,1501,1559,1477,1539,1335000,1539
2013-05-28,1525,1544,1478,1499,1402000,1499
2013-05-29,1521,1545,1493,1528,896000,1528
2013-05-30,1463,1480,1410,1411,1417000,1411
2013-05-31,1433,1449,1390,1405,2025000,1405
2013-06-03,1398,1405,1355,1359,1446000,1359
2013-06-04,1355,1408,1342,1403,1090000,1403
2013-06-05,1401,1413,1336,1336,1300000,1336
2013-06-06,1318,1342,1301,1312,1394000,1312
2013-06-07,1291,1369,1286,1341,1346000,1341
2013-06-10,1405,1405,1348,1384,999000,1384
2013-06-11,1375,1386,1329,1332,915000,1332
2013-06-12,1302,1343,1290,1336,761000,1336
2013-06-13,1293,1305,1240,1243,1365000,1243
2013-06-14,1273,1351,1272,1326,3659000,1326
2013-06-17,1301,1362,1295,1362,1121000,1362
2013-06-18,1351,1378,1314,1325,1101000,1325
2013-06-19,1342,1368,1325,1342,1011000,1342
2013-06-20,1312,1330,1278,1282,1305000,1282
2013-06-21,1261,1321,1245,1313,858000,1313
2013-06-24,1319,1330,1261,1264,1191000,1264
2013-06-25,1263,1287,1240,1265,910000,1265
2013-06-26,1286,1300,1238,1241,503000,1241
2013-06-27,1251,1297,1249,1297,642000,1297
2013-06-28,1327,1390,1311,1385,942000,1385
2013-07-01,1393,1398,1344,1388,605000,1388
2013-07-02,1406,1425,1391,1408,590000,1408
2013-07-03,1401,1415,1384,1402,510000,1402
2013-07-04,1402,1438,1400,1434,405000,1434
2013-07-05,1441,1468,1441,1460,619000,1460
2013-07-08,1487,1503,1427,1428,602000,1428
2013-07-09,1458,1490,1448,1487,613000,1487
2013-07-10,1483,1488,1448,1460,431000,1460
2013-07-11,1446,1481,1446,1479,379000,1479
2013-07-12,1498,1549,1480,1524,1568000,1524
2013-07-16,1542,1572,1542,1565,913000,1565
2013-07-17,1552,1589,1542,1583,784000,1583
2013-07-18,1583,1598,1559,1593,703000,1593
2013-07-19,1600,1619,1565,1580,929000,1580
2013-07-22,1603,1615,1575,1599,437000,1599
2013-07-23,1577,1633,1567,1605,605000,1605
2013-07-24,1593,1610,1578,1608,361000,1608
2013-07-25,1607,1607,1570,1572,378000,1572
2013-07-26,1530,1536,1504,1508,551000,1508
2013-07-29,1482,1507,1455,1456,425000,1456
2013-07-30,1435,1488,1434,1479,975000,1479
2013-07-31,1428,1458,1405,1431,676000,1431
2013-08-01,1433,1445,1421,1438,525000,1438
2013-08-02,1458,1507,1450,1506,474000,1506
2013-08-05,1482,1517,1475,1498,410000,1498
2013-08-06,1487,1509,1454,1509,435000,1509
2013-08-07,1477,1486,1408,1409,584000,1409
2013-08-08,1410,1460,1389,1393,551000,1393
2013-08-09,1394,1405,1368,1376,898000,1376
2013-08-12,1364,1378,1350,1365,243000,1365
2013-08-13,1385,1393,1378,1393,338000,1393
2013-08-14,1392,1393,1332,1377,798000,1377
2013-08-15,1352,1357,1320,1327,883000,1327
2013-08-16,1301,1325,1290,1300,483000,1300
2013-08-19,1301,1306,1278,1303,435000,1303
2013-08-20,1285,1303,1267,1268,756000,1268
2013-08-21,1275,1285,1263,1280,901000,1280
2013-08-22,1270,1270,1235,1255,724000,1255
2013-08-23,1305,1308,1285,1295,855000,1295
2013-08-26,1296,1305,1284,1290,324000,1290
2013-08-27,1285,1297,1271,1275,678000,1275
2013-08-28,1245,1277,1241,1272,912000,1272
2013-08-29,1281,1281,1258,1273,458000,1273
2013-08-30,1281,1289,1251,1266,571000,1266
2013-09-02,1268,1311,1265,1308,546000,1308
2013-09-03,1338,1364,1332,1362,882000,1362
2013-09-04,1336,1370,1327,1366,576000,1366
2013-09-05,1386,1386,1357,1371,511000,1371
2013-09-06,1371,1377,1318,1322,732000,1322
2013-09-09,1402,1407,1381,1399,749000,1399
2013-09-10,1401,1474,1397,1471,1344000,1471
2013-09-11,1483,1489,1435,1439,782000,1439
2013-09-12,1430,1469,1425,1458,610000,1458
2013-09-13,1452,1475,1437,1467,2844000,1467
2013-09-17,1467,1469,1445,1446,349000,1446
2013-09-18,1452,1489,1444,1480,659000,1480
2013-09-19,1499,1525,1485,1525,905000,1525
2013-09-20,1523,1528,1512,1520,562000,1520
2013-09-24,1512,1518,1484,1512,357000,1512
2013-09-25,1500,1519,1484,1500,617000,1500
2013-09-26,1500,1550,1471,1548,634000,1548
2013-09-27,1540,1540,1520,1532,551000,1532
2013-09-30,1492,1506,1479,1481,556000,1481
2013-10-01,1482,1490,1463,1476,433000,1476
2013-10-02,1478,1491,1394,1397,1333000,1397
2013-10-03,1402,1409,1364,1365,1066000,1365
2013-10-04,1357,1369,1337,1357,872000,1357
2013-10-07,1360,1364,1339,1342,883000,1342
2013-10-08,1322,1359,1321,1353,781000,1353
2013-10-09,1344,1376,1326,1373,673000,1373
2013-10-10,1382,1389,1363,1379,615000,1379
2013-10-11,1408,1475,1402,1432,1492000,1432
2013-10-15,1448,1456,1415,1420,531000,1420
2013-10-16,1423,1431,1413,1430,526000,1430
2013-10-17,1460,1468,1425,1439,633000,1439
2013-10-18,1441,1448,1426,1441,439000,1441
2013-10-21,1448,1470,1448,1470,373000,1470
2013-10-22,1466,1485,1442,1464,486000,1464
2013-10-23,1480,1490,1422,1426,671000,1426
2013-10-24,1422,1432,1391,1428,505000,1428
2013-10-25,1412,1429,1364,1366,929000,1366
2013-10-28,1387,1401,1358,1399,615000,1399
2013-10-29,1389,1407,1381,1400,516000,1400
2013-10-30,1403,1448,1387,1436,1640000,1436
2013-10-31,1409,1425,1355,1359,815000,1359
2013-11-01,1367,1367,1322,1338,708000,1338
2013-11-05,1341,1342,1291,1292,1169000,1292
2013-11-06,1293,1328,1290,1305,714000,1305
2013-11-07,1306,1312,1274,1277,737000,1277
2013-11-08,1270,1301,1270,1288,914000,1288
2013-11-11,1314,1332,1300,1326,857000,1326
2013-11-12,1332,1375,1329,1372,840000,1372
2013-11-13,1371,1380,1343,1369,697000,1369
2013-11-14,1381,1434,1375,1414,1291000,1414
2013-11-15,1450,1502,1439,1500,2502000,1500
2013-11-18,1500,1519,1475,1509,1646000,1509
2013-11-19,1509,1512,1492,1506,978000,1506
2013-11-20,1508,1530,1501,1520,1118000,1520
2013-11-21,1522,1543,1510,1539,1410000,1539
2013-11-22,1560,1574,1542,1546,1757000,1546
2013-11-25,1562,1577,1535,1575,1115000,1575
2013-11-26,1550,1596,1550,1594,1825000,1594
2013-11-27,1564,1598,1560,1585,1162000,1585
2013-11-28,1596,1628,1594,1627,1200000,1627
2013-11-29,1620,1634,1600,1620,994000,1620
2013-12-02,1615,1623,1591,1604,698000,1604
2013-12-03,1582,1610,1582,1589,1401000,1589
2013-12-04,1560,1573,1543,1547,1046000,1547
2013-12-05,1540,1565,1515,1519,1134000,1519
2013-12-06,1518,1565,1517,1560,994000,1560
2013-12-09,1597,1600,1574,1600,842000,1600
2013-12-10,1596,1596,1574,1587,588000,1587
2013-12-11,1560,1571,1527,1542,612000,1542
2013-12-12,1532,1553,1530,1544,697000,1544
2013-12-13,1540,1570,1540,1555,2645000,1555
2013-12-16,1559,1574,1525,1528,540000,1528
2013-12-17,1552,1564,1542,1557,684000,1557
2013-12-18,1549,1605,1546,1605,1033000,1605
2013-12-19,1643,1649,1610,1620,1284000,1620
2013-12-20,1606,1626,1602,1626,816000,1626
2013-12-24,1645,1645,1617,1621,1001000,1621
2013-12-25,1619,1635,1615,1635,742000,1635
2013-12-26,1649,1663,1634,1658,558000,1658
2013-12-27,1666,1677,1640,1655,656000,1655
2013-12-30,1660,1669,1639,1661,783000,1661
2014-01-06,1632,1662,1585,1587,1469000,1587
2014-01-07,1581,1591,1535,1540,1171000,1540
2014-01-08,1563,1573,1538,1551,745000,1551
2014-01-09,1536,1565,1518,1529,1837000,1529
2014-01-10,1509,1549,1500,1536,2179000,1536
2014-01-14,1483,1506,1456,1461,1489000,1461
2014-01-15,1484,1524,1483,1524,1025000,1524
2014-01-16,1498,1523,1481,1484,603000,1484
2014-01-17,1497,1531,1496,1520,1289000,1520
2014-01-20,1518,1521,1499,1504,569000,1504
2014-01-21,1529,1550,1522,1529,831000,1529
2014-01-22,1508,1540,1503,1533,1002000,1533
2014-01-23,1546,1557,1514,1516,664000,1516
2014-01-24,1490,1496,1451,1462,1109000,1462
2014-01-27,1416,1444,1415,1440,926000,1440
2014-01-28,1431,1457,1419,1450,876000,1450
2014-01-29,1473,1525,1469,1525,875000,1525
2014-01-30,1480,1501,1465,1501,952000,1501
2014-01-31,1498,1498,1418,1455,1059000,1455
2014-02-03,1425,1428,1351,1361,1338000,1361
2014-02-04,1351,1351,1311,1312,1679000,1312
2014-02-05,1312,1352,1312,1351,1468000,1351
2014-02-06,1359,1378,1353,1360,976000,1360
2014-02-07,1388,1422,1386,1420,837000,1420
2014-02-10,1423,1445,1409,1417,711000,1417
2014-02-12,1421,1430,1392,1396,903000,1396
2014-02-13,1397,1422,1380,1390,831000,1390
2014-02-14,1391,1415,1359,1362,1360000,1362
2014-02-17,1359,1381,1349,1378,575000,1378
2014-02-18,1372,1447,1370,1440,855000,1440
2014-02-19,1416,1449,1416,1442,643000,1442
2014-02-20,1442,1442,1379,1387,733000,1387
2014-02-21,1391,1449,1391,1444,525000,1444
2014-02-24,1440,1452,1399,1420,509000,1420
2014-02-25,1422,1458,1422,1453,583000,1453
2014-02-26,1446,1472,1435,1449,464000,1449
2014-02-27,1455,1463,1433,1445,358000,1445
2014-02-28,1437,1437,1398,1411,526000,1411
2014-03-03,1390,1396,1352,1393,695000,1393
2014-03-04,1402,1417,1369,1379,1230000,1379
2014-03-05,1403,1439,1401,1431,853000,1431
2014-03-06,1421,1456,1402,1446,631000,1446
2014-03-07,1453,1479,1450,1474,761000,1474
2014-03-10,1465,1484,1443,1448,524000,1448
2014-03-11,1456,1461,1439,1460,361000,1460
2014-03-12,1440,1440,1400,1407,804000,1407
2014-03-13,1395,1397,1373,1376,646000,1376
2014-03-14,1327,1344,1318,1336,2722000,1336
2014-03-17,1324,1344,1307,1320,701000,1320
2014-03-18,1338,1358,1333,1337,586000,1337
2014-03-19,1350,1366,1314,1347,705000,1347
2014-03-20,1360,1365,1300,1307,738000,1307
2014-03-24,1320,1374,1308,1365,1000000,1365
2014-03-25,1369,1396,1366,1366,880000,1366
2014-03-26,1360,1371,1333,1338,1014000,1338
2014-03-27,1338,1396,1323,1393,929000,1393
2014-03-28,1389,1414,1379,1412,576000,1412
2014-03-31,1428,1439,1415,1436,670000,1436
2014-04-01,1422,1430,1396,1415,777000,1415
2014-04-02,1428,1452,1423,1434,561000,1434
2014-04-03,1439,1454,1430,1444,470000,1444
2014-04-04,1440,1480,1440,1471,554000,1471
2014-04-07,1443,1462,1432,1438,462000,1438
2014-04-08,1438,1455,1422,1439,482000,1439
2014-04-09,1425,1428,1384,1388,785000,1388
2014-04-10,1404,1423,1385,1398,688000,1398
2014-04-11,1378,1396,1371,1388,1765000,1388
2014-04-14,1370,1390,1365,1380,727000,1380
2014-04-15,1402,1423,1402,1411,694000,1411
2014-04-16,1425,1441,1414,1437,742000,1437
2014-04-17,1420,1463,1420,1446,1028000,1446
2014-04-18,1454,1460,1444,1453,355000,1453
2014-04-21,1460,1480,1460,1466,402000,1466
2014-04-22,1470,1475,1449,1449,454000,1449
2014-04-23,1451,1485,1451,1485,674000,1485
2014-04-24,1483,1497,1472,1481,478000,1481
2014-04-25,1468,1498,1468,1479,449000,1479
2014-04-28,1449,1468,1438,1465,443000,1465
2014-04-30,1469,1474,1457,1466,518000,1466
2014-05-01,1456,1488,1452,1480,589000,1480
2014-05-02,1467,1475,1453,1459,582000,1459
2014-05-07,1429,1444,1407,1407,898000,1407
2014-05-08,1413,1435,1413,1425,469000,1425
2014-05-09,1407,1439,1407,1424,747000,1424
2014-05-12,1422,1435,1413,1419,434000,1419
2014-05-13,1434,1471,1434,1466,503000,1466
2014-05-14,1456,1462,1444,1449,536000,1449
2014-05-15,1444,1444,1425,1436,353000,1436
2014-05-16,1400,1410,1388,1394,585000,1394
2014-05-19,1406,1409,1381,1384,484000,1384
2014-05-20,1392,1412,1389,1396,283000,1396
2014-05-21,1387,1393,1381,1392,266000,1392
2014-05-22,1419,1456,1414,1449,729000,1449
2014-05-23,1457,1465,1448,1450,432000,1450
2014-05-26,1456,1462,1445,1461,400000,1461
2014-05-27,1450,1489,1450,1480,568000,1480
2014-05-28,1469,1490,1466,1487,424000,1487
2014-05-29,1471,1490,1471,1484,328000,1484
2014-05-30,1487,1491,1460,1464,537000,1464
2014-06-02,1484,1532,1475,1524,818000,1524
2014-06-03,1548,1553,1507,1510,632000,1510
2014-06-04,1499,1506,1492,1501,520000,1501
2014-06-05,1505,1510,1486,1503,579000,1503
2014-06-06,1495,1499,1481,1489,682000,1489
2014-06-09,1494,1520,1490,1513,502000,1513
2014-06-10,1525,1525,1487,1491,354000,1491
2014-06-11,1490,1509,1489,1504,361000,1504
2014-06-12,1490,1494,1470,1479,523000,1479
2014-06-13,1452,1484,1441,1481,1466000,1481
2014-06-16,1470,1481,1451,1459,479000,1459
2014-06-17,1467,1487,1467,1482,446000,1482
2014-06-18,1478,1528,1478,1519,678000,1519
2014-06-19,1508,1541,1508,1530,642000,1530
2014-06-20,1517,1540,1517,1528,675000,1528
2014-06-23,1539,1557,1536,1545,651000,1545
2014-06-24,1542,1554,1533,1548,397000,1548
2014-06-25,1542,1548,1530,1546,370000,1546
2014-06-26,1547,1550,1534,1542,285000,1542
2014-06-27,1544,1549,1505,1508,468000,1508
2014-06-30,1519,1523,1502,1517,332000,1517
2014-07-01,1507,1524,1507,1520,575000,1520
2014-07-02,1524,1532,1515,1521,402000,1521
2014-07-03,1522,1522,1505,1508,441000,1508
2014-07-04,1513,1528,1502,1523,352000,1523
2014-07-07,1524,1534,1522,1525,345000,1525
2014-07-08,1511,1525,1497,1518,443000,1518
2014-07-09,1502,1519,1501,1515,353000,1515
2014-07-10,1519,1525,1512,1512,335000,1512
2014-07-11,1508,1536,1507,1532,870000,1532
2014-07-14,1547,1561,1535,1552,426000,1552
2014-07-15,1546,1578,1546,1560,466000,1560
2014-07-16,1569,1572,1561,1564,469000,1564
2014-07-17,1568,1575,1556,1563,307000,1563
2014-07-18,1533,1541,1524,1535,403000,1535
2014-07-22,1545,1562,1542,1545,414000,1545
2014-07-23,1539,1548,1530,1531,353000,1531
2014-07-24,1532,1535,1510,1510,406000,1510
2014-07-25,1516,1533,1512,1533,258000,1533
2014-07-28,1528,1558,1524,1556,324000,1556
2014-07-29,1570,1604,1570,1592,629000,1592
2014-07-30,1573,1599,1573,1585,464000,1585
2014-07-31,1595,1596,1573,1579,499000,1579
2014-08-01,1579,1580,1552,1558,597000,1558
2014-08-04,1549,1558,1543,1552,338000,1552
2014-08-05,1556,1557,1526,1527,376000,1527
2014-08-06,1519,1530,1507,1511,418000,1511
2014-08-07,1511,1526,1500,1519,403000,1519
2014-08-08,1491,1513,1448,1449,893000,1449
2014-08-11,1479,1519,1471,1516,483000,1516
2014-08-12,1513,1523,1496,1502,328000,1502
2014-08-13,1502,1521,1496,1516,315000,1516
2014-08-14,1518,1531,1514,1520,198000,1520
2014-08-15,1513,1536,1513,1531,306000,1531
2014-08-18,1528,1540,1515,1517,258000,1517
2014-08-19,1542,1553,1535,1545,431000,1545
2014-08-20,1550,1560,1534,1539,295000,1539
2014-08-21,1554,1558,1538,1557,243000,1557
2014-08-22,1557,1585,1557,1576,391000,1576
2014-08-25,1587,1594,1570,1578,418000,1578
2014-08-26,1574,1582,1563,1566,197000,1566
2014-08-27,1575,1584,1564,1575,229000,1575
2014-08-28,1562,1572,1558,1567,277000,1567
2014-08-29,1558,1568,1543,1559,323000,1559
2014-09-01,1564,1592,1559,1580,273000,1580
2014-09-02,1590,1620,1585,1613,400000,1613
2014-09-03,1616,1645,1608,1619,579000,1619
2014-09-04,1609,1631,1606,1614,392000,1614
2014-09-05,1630,1633,1606,1614,376000,1614
2014-09-08,1606,1620,1601,1610,266000,1610
2014-09-09,1613,1617,1593,1594,285000,1594
2014-09-10,1578,1588,1542,1571,904000,1571
2014-09-11,1574,1583,1562,1568,574000,1568
2014-09-12,1560,1585,1558,1575,1918000,1575
2014-09-16,1563,1571,1545,1551,458000,1551
2014-09-17,1555,1563,1534,1534,376000,1534
2014-09-18,1559,1561,1541,1547,726000,1547
2014-09-19,1565,1577,1556,1577,688000,1577
2014-09-22,1569,1587,1561,1587,589000,1587
2014-09-24,1564,1590,1558,1588,351000,1588
2014-09-25,1600,1614,1595,1606,438000,1606
2014-09-26,1561,1583,1560,1577,514000,1577
2014-09-29,1585,1591,1577,1589,244000,1589
2014-09-30,1575,1581,1561,1574,488000,1574
2014-10-01,1573,1601,1572,1589,422000,1589
2014-10-02,1573,1575,1540,1540,602000,1540
2014-10-03,1522,1548,1515,1531,624000,1531
2014-10-06,1546,1569,1542,1565,479000,1565
2014-10-07,1545,1558,1534,1535,466000,1535
2014-10-08,1514,1515,1500,1504,420000,1504
2014-10-09,1509,1521,1495,1496,526000,1496
2014-10-10,1482,1486,1467,1481,986000,1481
2014-10-14,1445,1478,1445,1456,682000,1456
2014-10-15,1465,1483,1460,1475,493000,1475
2014-10-16,1430,1451,1406,1409,717000,1409
2014-10-17,1421,1425,1394,1398,754000,1398
2014-10-20,1428,1439,1423,1439,634000,1439
2014-10-21,1447,1447,1403,1405,676000,1405
2014-10-22,1426,1454,1422,1453,588000,1453
2014-10-23,1437,1452,1434,1440,350000,1440
2014-10-24,1469,1469,1444,1458,456000,1458
2014-10-27,1467,1476,1461,1471,228000,1471
2014-10-28,1464,1474,1448,1470,354000,1470
2014-10-29,1473,1501,1473,1495,363000,1495
2014-10-30,1511,1529,1501,1515,514000,1515
2014-10-31,1540,1710,1524,1665,1409000,1665
2014-11-04,1697,1744,1670,1723,1820000,1723
2014-11-05,1718,1755,1711,1739,1317000,1739
2014-11-06,1747,1763,1715,1721,816000,1721
2014-11-07,1742,1742,1716,1733,567000,1733
2014-11-10,1708,1724,1703,1718,458000,1718
2014-11-11,1722,1779,1722,1775,894000,1775
2014-11-12,1776,1801,1769,1782,1009000,1782
2014-11-13,1779,1837,1774,1831,647000,1831
2014-11-14,1839,1849,1815,1847,1622000,1847
2014-11-17,1836,1839,1767,1776,907000,1776
2014-11-18,1798,1838,1797,1834,741000,1834
2014-11-19,1826,1846,1819,1822,551000,1822
2014-11-20,1846,1846,1825,1828,378000,1828
2014-11-21,1812,1859,1788,1854,755000,1854
2014-11-25,1882,1882,1856,1860,535000,1860
2014-11-26,1841,1865,1841,1847,436000,1847
2014-11-27,1844,1847,1820,1827,394000,1827
2014-11-28,1819,1872,1819,1860,591000,1860
2014-12-01,1851,1886,1851,1871,315000,1871
2014-12-02,1860,1882,1860,1879,427000,1879
2014-12-03,1890,1910,1878,1880,729000,1880
2014-12-04,1896,1909,1886,1895,291000,1895
2014-12-05,1872,1881,1860,1881,323000,1881
2014-12-08,1875,1881,1859,1868,378000,1868
2014-12-09,1850,1875,1848,1859,392000,1859
2014-12-10,1842,1848,1800,1810,549000,1810
2014-12-11,1770,1804,1761,1794,502000,1794
2014-12-12,1812,1835,1801,1813,1914000,1813
2014-12-15,1763,1791,1756,1760,733000,1760
2014-12-16,1722,1726,1702,1708,1106000,1708
2014-12-17,1696,1755,1693,1749,1078000,1749
2014-12-18,1789,1879,1782,1862,1058000,1862
2014-12-19,1899,1900,1856,1866,919000,1866
2014-12-22,1857,1866,1822,1828,662000,1828
2014-12-24,1860,1875,1851,1866,449000,1866
2014-12-25,1857,1863,1843,1850,312000,1850
2014-12-26,1847,1855,1836,1842,355000,1842
2014-12-29,1860,1860,1786,1809,541000,1809
2014-12-30,1795,1800,1768,1769,552000,1769
2015-01-05,1750,1793,1744,1779,442000,1779
2015-01-06,1725,1737,1697,1699,872000,1699
2015-01-07,1671,1712,1671,1690,1197000,1690
2015-01-08,1699,1741,1699,1729,543000,1729
2015-01-09,1746,1755,1704,1712,748000,1712
2015-01-13,1680,1712,1656,1711,633000,1711
2015-01-14,1680,1704,1667,1671,637000,1671
2015-01-15,1659,1717,1659,1712,461000,1712
2015-01-16,1664,1686,1631,1656,1433000,1656
2015-01-19,1681,1701,1668,1698,385000,1698
2015-01-20,1687,1747,1687,1746,443000,1746
2015-01-21,1722,1732,1684,1692,487000,1692
2015-01-22,1691,1693,1656,1666,583000,1666
2015-01-23,1692,1700,1673,1686,419000,1686
2015-01-26,1655,1685,1655,1679,225000,1679
2015-01-27,1696,1722,1696,1716,308000,1716
2015-01-28,1687,1746,1687,1741,438000,1741
2015-01-29,1701,1755,1696,1722,481000,1722
2015-01-30,1780,1798,1743,1767,641000,1767
2015-02-02,1728,1748,1706,1708,474000,1708
2015-02-03,1736,1747,1681,1692,437000,1692
2015-02-04,1725,1778,1710,1770,636000,1770
2015-02-05,1743,1770,1718,1744,450000,1744
2015-02-06,1778,1788,1757,1777,391000,1777
2015-02-09,1789,1790,1752,1770,426000,1770
2015-02-10,1775,1777,1756,1763,444000,1763
2015-02-12,1797,1823,1785,1806,440000,1806
2015-02-13,1785,1801,1785,1794,615000,1794
2015-02-16,1818,1845,1818,1835,435000,1835
2015-02-17,1835,1850,1825,1833,330000,1833
2015-02-18,1833,1846,1822,1831,375000,1831
2015-02-19,1830,1846,1823,1843,499000,1843
2015-02-20,1840,1845,1815,1824,344000,1824
2015-02-23,1849,1851,1826,1837,259000,1837
2015-02-24,1823,1832,1805,1825,451000,1825
2015-02-25,1825,1831,1807,1824,549000,1824
2015-02-26,1811,1848,1811,1844,302000,1844
2015-02-27,1850,1857,1827,1840,546000,1840
2015-03-02,1854,1885,1843,1850,377000,1850
2015-03-03,1855,1865,1840,1856,460000,1856
2015-03-04,1845,1852,1822,1834,532000,1834
2015-03-05,1840,1869,1840,1865,621000,1865
2015-03-06,1875,1875,1847,1850,390000,1850
2015-03-09,1825,1830,1800,1810,680000,1810
2015-03-10,1832,1832,1776,1786,753000,1786
2015-03-11,1785,1828,1780,1812,413000,1812
2015-03-12,1826,1840,1815,1825,293000,1825
2015-03-13,1846,1876,1817,1872,1815000,1872
2015-03-16,1871,1915,1870,1901,745000,1901
2015-03-17,1905,1914,1882,1910,374000,1910
2015-03-18,1892,1957,1892,1955,574000,1955
2015-03-19,1960,1989,1936,1981,830000,1981
2015-03-20,1995,2012,1969,2010,570000,2010
2015-03-23,2009,2038,2007,2035,433000,2035
2015-03-24,2039,2042,1998,2005,568000,2005
2015-03-25,2015,2015,1959,1996,554000,1996
2015-03-26,1986,1986,1931,1943,690000,1943
2015-03-27,1977,1998,1908,1932,588000,1932
2015-03-30,1957,1957,1913,1919,583000,1919
2015-03-31,1926,1943,1875,1875,746000,1875
2015-04-01,1877,1916,1871,1900,873000,1900
2015-04-02,1917,1965,1917,1946,674000,1946
2015-04-03,1940,1952,1925,1932,232000,1932
2015-04-06,1915,1920,1904,1911,260000,1911
2015-04-07,1910,1926,1906,1919,474000,1919
2015-04-08,1921,1946,1918,1920,363000,1920
2015-04-09,1930,1930,1905,1920,367000,1920
2015-04-10,1915,1917,1860,1881,1236000,1881
2015-04-13,1880,1880,1847,1855,451000,1855
2015-04-14,1836,1864,1836,1852,352000,1852
2015-04-15,1854,1857,1842,1849,301000,1849
2015-04-16,1833,1852,1824,1848,464000,1848
2015-04-17,1853,1882,1841,1857,526000,1857
2015-04-20,1850,1880,1845,1862,445000,1862
2015-04-21,1880,1912,1862,1908,453000,1908
2015-04-22,1925,1949,1916,1934,625000,1934
2015-04-23,1934,1948,1925,1943,513000,1943
2015-04-24,1919,1925,1882,1885,483000,1885
2015-04-27,1899,1899,1862,1874,361000,1874
2015-04-28,1899,1912,1889,1901,588000,1901
2015-04-30,1902,1919,1834,1855,736000,1855
2015-05-01,1821,1842,1782,1789,863000,1789
2015-05-07,1791,1803,1733,1736,941000,1736
2015-05-08,1738,1761,1723,1740,1082000,1740
2015-05-11,1780,1790,1757,1770,905000,1770
2015-05-12,1766,1766,1735,1759,589000,1759
2015-05-13,1759,1785,1753,1784,707000,1784
2015-05-14,1760,1780,1726,1728,789000,1728
2015-05-15,1742,1751,1722,1733,529000,1733
2015-05-18,1733,1753,1727,1751,512000,1751
2015-05-19,1752,1769,1737,1741,538000,1741
2015-05-20,1744,1756,1723,1741,704000,1741
2015-05-21,1737,1747,1728,1735,569000,1735
2015-05-22,1740,1744,1726,1735,465000,1735
2015-05-25,1735,1747,1723,1736,460000,1736
2015-05-26,1749,1784,1746,1780,1156000,1780
2015-05-27,1774,1780,1754,1773,551000,1773
2015-05-28,1785,1787,1750,1762,697000,1762
2015-05-29,1761,1782,1760,1765,912000,1765
2015-06-01,1750,1757,1731,1746,568000,1746
2015-06-02,1735,1753,1722,1734,985000,1734
2015-06-03,1732,1768,1726,1761,999000,1761
2015-06-04,1733,1737,1696,1702,1470000,1702
2015-06-05,1695,1712,1693,1710,621000,1710
2015-06-08,1715,1717,1703,1711,412000,1711
2015-06-09,1700,1725,1694,1696,531000,1696
2015-06-10,1714,1714,1664,1669,670000,1669
2015-06-11,1673,1719,1673,1719,615000,1719
2015-06-12,1734,1734,1698,1703,1494000,1703
2015-06-15,1688,1699,1684,1697,485000,1697
2015-06-16,1697,1702,1683,1686,390000,1686
2015-06-17,1677,1680,1651,1656,726000,1656
2015-06-18,1655,1656,1624,1626,629000,1626
2015-06-19,1635,1646,1627,1643,636000,1643
2015-06-22,1641,1661,1640,1659,570000,1659
2015-06-23,1668,1685,1668,1685,845000,1685
2015-06-24,1691,1712,1675,1706,599000,1706
2015-06-25,1705,1705,1686,1690,469000,1690
2015-06-26,1689,1693,1671,1685,409000,1685
2015-06-29,1670,1670,1615,1615,806000,1615
2015-06-30,1634,1634,1597,1608,728000,1608
2015-07-01,1606,1617,1603,1614,391000,1614
2015-07-02,1624,1644,1616,1634,527000,1634
2015-07-03,1639,1660,1637,1651,614000,1651
2015-07-06,1610,1620,1591,1599,771000,1599
2015-07-07,1606,1642,1606,1634,660000,1634
2015-07-08,1614,1624,1591,1591,749000,1591
2015-07-09,1580,1638,1551,1634,1300000,1634
2015-07-10,1640,1693,1632,1679,1197000,1679
2015-07-13,1677,1711,1674,1694,589000,1694
2015-07-14,1714,1725,1705,1725,731000,1725
2015-07-15,1730,1742,1716,1728,480000,1728
2015-07-16,1735,1735,1701,1712,476000,1712
2015-07-17,1713,1718,1695,1710,371000,1710
2015-07-21,1722,1736,1710,1735,451000,1735
2015-07-22,1710,1732,1705,1705,498000,1705
2015-07-23,1713,1733,1702,1725,486000,1725
2015-07-24,1695,1727,1690,1691,508000,1691
2015-07-27,1684,1684,1658,1671,343000,1671
2015-07-28,1680,1695,1654,1689,675000,1689
2015-07-29,1708,1740,1699,1740,485000,1740
2015-07-30,1741,1779,1741,1775,913000,1775
2015-07-31,1780,1804,1774,1804,1001000,1804
2015-08-03,1671,1700,1642,1646,1082000,1646
2015-08-04,1634,1645,1620,1632,744000,1632
2015-08-05,1624,1647,1612,1635,853000,1635
2015-08-06,1656,1656,1620,1626,598000,1626
2015-08-07,1622,1634,1611,1629,451000,1629
2015-08-10,1618,1625,1614,1621,554000,1621
2015-08-11,1625,1639,1608,1618,500000,1618
2015-08-12,1627,1646,1612,1615,660000,1615
2015-08-13,1634,1659,1622,1655,542000,1655
2015-08-14,1642,1646,1616,1621,603000,1621
2015-08-17,1627,1652,1624,1652,377000,1652
2015-08-18,1652,1667,1645,1662,396000,1662
2015-08-19,1650,1662,1624,1633,340000,1633
2015-08-20,1623,1637,1615,1620,340000,1620
2015-08-21,1575,1585,1552,1561,703000,1561
2015-08-24,1550,1555,1470,1471,996000,1471
2015-08-25,1416,1480,1377,1381,1242000,1381
2015-08-26,1400,1457,1400,1449,1220000,1449
2015-08-27,1466,1498,1459,1485,769000,1485
2015-08-28,1512,1519,1482,1498,615000,1498
2015-08-31,1493,1493,1458,1463,759000,1463
2015-09-01,1472,1477,1420,1421,801000,1421
2015-09-02,1417,1505,1412,1453,1040000,1453
2015-09-03,1483,1505,1465,1465,532000,1465
2015-09-04,1469,1469,1413,1420,507000,1420
2015-09-07,1431,1479,1410,1469,689000,1469
2015-09-08,1475,1475,1422,1424,557000,1424
2015-09-09,1483,1565,1480,1565,1125000,1565
2015-09-10,1514,1561,1508,1560,716000,1560
2015-09-11,1538,1564,1531,1536,2048000,1536
2015-09-14,1562,1562,1505,1512,563000,1512
2015-09-15,1521,1537,1507,1515,562000,1515
2015-09-16,1532,1540,1509,1522,471000,1522
2015-09-17,1524,1540,1515,1530,350000,1530
2015-09-18,1507,1509,1476,1479,625000,1479
2015-09-24,1451,1480,1430,1431,697000,1431
2015-09-25,1442,1456,1414,1447,1130000,1447
2015-09-28,1471,1487,1440,1449,806000,1449
2015-09-29,1439,1439,1374,1377,1044000,1377
2015-09-30,1420,1420,1374,1382,1197000,1382
2015-10-01,1385,1420,1364,1409,981000,1409
2015-10-02,1407,1416,1381,1413,731000,1413
2015-10-05,1409,1427,1404,1418,540000,1418
2015-10-06,1448,1473,1439,1460,1091000,1460
2015-10-07,1460,1487,1440,1478,826000,1478
2015-10-08,1496,1513,1464,1469,878000,1469
2015-10-09,1492,1554,1490,1554,1690000,1554
2015-10-13,1548,1563,1524,1558,1042000,1558
2015-10-14,1574,1575,1544,1562,1043000,1562
2015-10-15,1563,1587,1547,1576,896000,1576
2015-10-16,1600,1642,1578,1629,1022000,1629
2015-10-19,1639,1645,1606,1632,866000,1632
2015-10-20,1636,1660,1622,1657,711000,1657
2015-10-21,1646,1697,1641,1689,763000,1689
2015-10-22,1677,1712,1677,1703,721000,1703
2015-10-23,1743,1765,1729,1755,991000,1755
2015-10-26,1762,1780,1751,1777,859000,1777
2015-10-27,1780,1789,1737,1744,603000,1744
2015-10-28,1765,1765,1718,1730,756000,1730
2015-10-29,1770,1777,1726,1751,1393000,1751
2015-10-30,1779,1779,1727,1746,1161000,1746
2015-11-02,1672,1680,1644,1651,1266000,1651
2015-11-04,1660,1680,1621,1624,1132000,1624
2015-11-05,1614,1655,1595,1655,839000,1655
2015-11-06,1653,1679,1652,1676,455000,1676
2015-11-09,1664,1722,1661,1719,842000,1719
2015-11-10,1691,1713,1681,1692,582000,1692
2015-11-11,1679,1700,1670,1675,678000,1675
2015-11-12,1671,1683,1656,1677,382000,1677
2015-11-13,1662,1662,1629,1642,840000,1642
2015-11-16,1621,1651,1616,1642,399000,1642
2015-11-17,1651,1687,1651,1671,587000,1671
2015-11-18,1658,1684,1658,1673,642000,1673
2015-11-19,1692,1734,1692,1728,759000,1728
2015-11-20,1706,1712,1694,1710,505000,1710
2015-11-24,1717,1728,1707,1721,570000,1721
2015-11-25,1722,1722,1695,1712,595000,1712
2015-11-26,1712,1728,1707,1717,544000,1717
2015-11-27,1735,1740,1709,1713,595000,1713
2015-11-30,1705,1722,1675,1721,1312000,1721
2015-12-01,1711,1729,1704,1710,966000,1710
2015-12-02,1701,1701,1649,1665,1059000,1665
2015-12-03,1664,1675,1655,1675,453000,1675
2015-12-04,1650,1655,1616,1624,654000,1624
2015-12-07,1630,1654,1624,1628,501000,1628
2015-12-08,1613,1627,1604,1612,401000,1612
2015-12-09,1607,1624,1596,1613,427000,1613
2015-12-10,1613,1613,1578,1582,493000,1582
2015-12-11,1569,1628,1566,1625,1632000,1625
2015-12-14,1586,1599,1570,1583,604000,1583
2015-12-15,1591,1605,1539,1539,691000,1539
2015-12-16,1569,1581,1561,1574,663000,1574
2015-12-17,1614,1643,1603,1625,813000,1625
2015-12-18,1630,1680,1584,1587,906000,1587
2015-12-21,1572,1582,1541,1574,470000,1574
2015-12-22,1568,1592,1561,1586,275000,1586
2015-12-24,1590,1609,1579,1581,198000,1581
2015-12-25,1600,1601,1575,1578,231000,1578
2015-12-28,1592,1626,1583,1612,272000,1612
2015-12-29,1612,1612,1587,1611,266000,1611
2015-12-30,1627,1627,1600,1605,314000,1605
2016-01-04,1576,1586,1526,1532,486000,1532
2016-01-05,1526,1551,1523,1531,360000,1531
2016-01-06,1522,1532,1502,1513,534000,1513
2016-01-07,1522,1542,1488,1489,582000,1489
2016-01-08,1462,1519,1459,1491,1332000,1491
2016-01-12,1463,1479,1438,1450,838000,1450
2016-01-13,1459,1512,1459,1509,548000,1509
2016-01-14,1454,1484,1446,1482,692000,1482
2016-01-15,1521,1530,1480,1490,623000,1490
2016-01-18,1449,1487,1431,1477,563000,1477
2016-01-19,1477,1508,1474,1506,534000,1506
2016-01-20,1500,1504,1419,1424,894000,1424
2016-01-21,1444,1454,1390,1392,724000,1392
2016-01-22,1447,1508,1428,1505,987000,1505
2016-01-25,1527,1527,1476,1509,652000,1509
2016-01-26,1471,1498,1457,1471,695000,1471
2016-01-27,1489,1547,1489,1530,619000,1530
2016-01-28,1513,1538,1501,1521,444000,1521
2016-01-29,1561,1641,1528,1632,1008000,1632
2016-02-01,1622,1644,1606,1610,708000,1610
2016-02-02,1582,1594,1562,1570,610000,1570
2016-02-03,1564,1564,1507,1518,713000,1518
2016-02-04,1516,1569,1501,1539,814000,1539
2016-02-05,1500,1536,1500,1516,495000,1516
2016-02-08,1509,1578,1509,1563,646000,1563
2016-02-09,1501,1521,1461,1470,881000,1470
2016-02-10,1478,1480,1385,1415,1212000,1415
2016-02-12,1355,1386,1330,1345,1776000,1345
2016-02-15,1395,1488,1389,1475,1162000,1475
2016-02-16,1441,1503,1441,1473,803000,1473
2016-02-17,1465,1487,1402,1428,1044000,1428
2016-02-18,1480,1498,1462,1472,959000,1472
2016-02-19,1467,1481,1448,1471,686000,1471
2016-02-22,1460,1499,1455,1493,688000,1493
2016-02-23,1519,1536,1480,1481,611000,1481
2016-02-24,1488,1505,1462,1483,508000,1483
2016-02-25,1508,1525,1501,1514,476000,1514
2016-02-26,1530,1549,1505,1510,538000,1510
2016-02-29,1508,1531,1457,1457,708000,1457
2016-03-01,1478,1490,1454,1486,652000,1486
2016-03-02,1535,1569,1519,1560,832000,1560
2016-03-03,1553,1591,1548,1577,581000,1577
2016-03-04,1568,1583,1556,1579,363000,1579
2016-03-07,1598,1598,1572,1577,688000,1577
2016-03-08,1566,1573,1530,1563,711000,1563
2016-03-09,1557,1560,1521,1536,677000,1536
2016-03-10,1569,1570,1549,1554,481000,1554
2016-03-11,1521,1551,1500,1545,1861000,1545
2016-03-14,1577,1598,1574,1582,441000,1582
2016-03-15,1566,1568,1523,1527,738000,1527
2016-03-16,1530,1531,1505,1516,426000,1516
2016-03-17,1538,1545,1502,1510,519000,1510
2016-03-18,1510,1510,1470,1488,761000,1488
2016-03-22,1516,1526,1491,1518,701000,1518
2016-03-23,1520,1529,1504,1511,354000,1511
2016-03-24,1502,1513,1477,1481,586000,1481
2016-03-25,1494,1496,1478,1490,465000,1490
2016-03-28,1515,1525,1498,1525,400000,1525
2016-03-29,1505,1524,1504,1520,338000,1520
2016-03-30,1541,1545,1486,1489,481000,1489
2016-03-31,1514,1514,1478,1478,620000,1478
2016-04-01,1478,1478,1413,1419,715000,1419
2016-04-04,1418,1429,1403,1415,645000,1415
2016-04-05,1409,1409,1367,1371,632000,1371
2016-04-06,1367,1379,1342,1356,631000,1356
2016-04-07,1363,1371,1348,1357,466000,1357
2016-04-08,1343,1389,1328,1366,758000,1366
2016-04-11,1367,1367,1334,1356,482000,1356
2016-04-12,1362,1378,1357,1373,473000,1373
2016-04-13,1397,1417,1387,1414,701000,1414
2016-04-14,1443,1489,1433,1487,808000,1487
2016-04-15,1472,1499,1467,1477,645000,1477
2016-04-18,1428,1441,1405,1405,689000,1405
2016-04-19,1450,1475,1448,1472,684000,1472
2016-04-20,1500,1517,1480,1487,592000,1487
2016-04-21,1545,1549,1527,1548,726000,1548
2016-04-22,1540,1594,1529,1593,1014000,1593
2016-04-25,1597,1597,1570,1583,574000,1583
2016-04-26,1579,1589,1562,1585,559000,1585
2016-04-27,1589,1602,1575,1594,921000,1594
2016-04-28,1617,1666,1508,1517,1570000,1517
2016-05-02,1450,1456,1419,1445,995000,1445
2016-05-06,1464,1474,1420,1436,949000,1436
2016-05-09,1466,1467,1433,1447,450000,1447
2016-05-10,1468,1493,1448,1480,917000,1480
2016-05-11,1487,1500,1466,1468,500000,1468
2016-05-12,1444,1457,1428,1456,821000,1456
2016-05-13,1473,1473,1443,1450,931000,1450
2016-05-16,1466,1479,1455,1462,491000,1462
2016-05-17,1492,1495,1472,1495,413000,1495
2016-05-18,1477,1521,1476,1517,471000,1517
2016-05-19,1529,1531,1502,1510,335000,1510
2016-05-20,1495,1525,1495,1519,289000,1519
2016-05-23,1505,1510,1477,1503,466000,1503
2016-05-24,1503,1503,1482,1488,435000,1488
2016-05-25,1522,1527,1512,1521,590000,1521
2016-05-26,1537,1544,1529,1538,384000,1538
2016-05-27,1538,1545,1524,1529,507000,1529
2016-05-30,1535,1545,1531,1543,225000,1543
2016-05-31,1529,1563,1529,1561,406000,1561
2016-06-01,1534,1553,1529,1531,473000,1531
2016-06-02,1510,1540,1467,1475,504000,1475
2016-06-03,1471,1476,1461,1469,431000,1469
2016-06-06,1458,1459,1437,1457,447000,1457
2016-06-07,1457,1473,1449,1459,496000,1459
2016-06-08,1465,1482,1454,1481,418000,1481
2016-06-09,1469,1480,1452,1461,343000,1461
2016-06-10,1460,1460,1422,1441,1366000,1441
2016-06-13,1422,1422,1383,1385,485000,1385
2016-06-14,1399,1399,1360,1382,594000,1382
2016-06-15,1379,1404,1365,1396,619000,1396
2016-06-16,1384,1396,1341,1348,646000,1348
2016-06-17,1366,1385,1361,1361,731000,1361
2016-06-20,1391,1411,1382,1406,773000,1406
2016-06-21,1392,1423,1386,1420,348000,1420
2016-06-22,1414,1414,1384,1399,383000,1399
2016-06-23,1412,1429,1396,1429,414000,1429
2016-06-24,1440,1440,1290,1304,989000,1304
2016-06-27,1332,1352,1317,1351,746000,1351
2016-06-28,1339,1377,1321,1363,439000,1363
2016-06-29,1384,1407,1371,1396,662000,1396
2016-06-30,1429,1439,1421,1422,689000,1422
2016-07-01,1423,1425,1391,1397,545000,1397
2016-07-04,1380,1411,1379,1397,387000,1397
2016-07-05,1391,1405,1381,1403,611000,1403
2016-07-06,1379,1389,1357,1386,466000,1386
2016-07-07,1396,1404,1378,1392,479000,1392
2016-07-08,1393,1405,1360,1360,887000,1360
2016-07-11,1390,1437,1390,1426,662000,1426
2016-07-12,1446,1478,1446,1458,662000,1458
2016-07-13,1491,1491,1438,1443,608000,1443
2016-07-14,1449,1465,1444,1461,396000,1461
2016-07-15,1456,1465,1429,1431,634000,1431
2016-07-19,1448,1473,1436,1469,511000,1469
2016-07-20,1479,1479,1451,1470,387000,1470
2016-07-21,1462,1507,1462,1496,637000,1496
2016-07-22,1500,1504,1476,1493,669000,1493
2016-07-25,1493,1525,1492,1509,456000,1509
2016-07-26,1509,1509,1444,1449,638000,1449
2016-07-27,1465,1487,1452,1464,667000,1464
2016-07-28,1434,1449,1412,1447,575000,1447
2016-07-29,1417,1477,1410,1440,1092000,1440
2016-08-01,1413,1461,1393,1452,957000,1452
2016-08-02,1448,1448,1424,1428,538000,1428
2016-08-03,1404,1411,1386,1392,883000,1392
2016-08-04,1415,1489,1390,1489,1390000,1489
2016-08-05,1492,1582,1491,1570,1445000,1570
2016-08-08,1577,1645,1577,1642,1243000,1642
2016-08-09,1624,1646,1600,1618,1062000,1618
2016-08-10,1590,1632,1590,1627,941000,1627
2016-08-12,1630,1640,1618,1635,853000,1635
2016-08-15,1620,1626,1589,1596,623000,1596
2016-08-16,1594,1596,1563,1565,814000,1565
2016-08-17,1554,1578,1554,1575,466000,1575
2016-08-18,1551,1584,1551,1569,492000,1569
2016-08-19,1559,1563,1534,1557,439000,1557
2016-08-22,1555,1583,1541,1582,550000,1582
2016-08-23,1560,1582,1556,1560,595000,1560
2016-08-24,1530,1568,1530,1568,586000,1568
2016-08-25,1552,1554,1513,1518,1424000,1518
2016-08-26,1521,1530,1490,1513,1284000,1513
2016-08-29,1545,1577,1537,1574,688000,1574
2016-08-30,1574,1575,1555,1563,544000,1563
2016-08-31,1588,1601,1577,1595,605000,1595
2016-09-01,1610,1610,1588,1603,697000,1603
2016-09-02,1616,1634,1590,1597,946000,1597
2016-09-05,1598,1618,1592,1598,437000,1598
2016-09-06,1584,1586,1538,1553,1082000,1553
2016-09-07,1545,1566,1531,1564,671000,1564
2016-09-08,1574,1584,1551,1576,697000,1576
2016-09-09,1593,1604,1582,1599,1289000,1599
2016-09-12,1573,1573,1558,1570,393000,1570
2016-09-13,1587,1592,1550,1587,542000,1587
2016-09-14,1572,1581,1560,1564,501000,1564
2016-09-15,1559,1560,1526,1530,548000,1530
2016-09-16,1530,1542,1523,1542,644000,1542
2016-09-20,1515,1538,1506,1523,680000,1523
2016-09-21,1524,1542,1507,1539,860000,1539
2016-09-23,1538,1538,1476,1487,1233000,1487
2016-09-26,1500,1507,1477,1480,712000,1480
2016-09-27,1463,1488,1449,1487,756000,1487
2016-09-28,1457,1472,1431,1438,847000,1438
2016-09-29,1456,1477,1450,1470,650000,1470
2016-09-30,1440,1460,1426,1451,672000,1451
2016-10-03,1461,1470,1449,1459,496000,1459
2016-10-04,1469,1469,1456,1464,541000,1464
2016-10-05,1458,1459,1441,1455,628000,1455
2016-10-06,1461,1477,1457,1467,421000,1467
2016-10-07,1454,1469,1453,1463,632000,1463
2016-10-11,1482,1491,1467,1473,574000,1473
2016-10-12,1459,1471,1455,1459,551000,1459
2016-10-13,1458,1464,1438,1449,482000,1449
2016-10-14,1436,1442,1421,1436,1009000,1436
2016-10-17,1439,1451,1436,1437,367000,1437
2016-10-18,1421,1438,1409,1419,630000,1419
2016-10-19,1426,1431,1417,1423,591000,1423
2016-10-20,1415,1446,1415,1442,636000,1442
2016-10-21,1451,1457,1440,1448,570000,1448
2016-10-24,1456,1471,1450,1468,522000,1468
2016-10-25,1469,1476,1447,1450,748000,1450
2016-10-26,1441,1457,1441,1453,448000,1453
2016-10-27,1441,1461,1441,1458,514000,1458
2016-10-28,1470,1486,1459,1463,1235000,1463
2016-10-31,1450,1456,1417,1424,883000,1424
2016-11-01,1412,1423,1383,1412,865000,1412
2016-11-02,1411,1411,1387,1392,762000,1392
2016-11-04,1377,1387,1372,1387,573000,1387
2016-11-07,1411,1418,1396,1410,712000,1410
2016-11-08,1419,1419,1400,1414,573000,1414
2016-11-09,1422,1444,1329,1333,1434000,1333
2016-11-10,1393,1429,1390,1423,913000,1423
2016-11-11,1451,1451,1431,1436,1131000,1436
2016-11-14,1454,1482,1451,1478,719000,1478
2016-11-15,1473,1484,1463,1466,607000,1466
2016-11-16,1500,1505,1487,1501,694000,1501
2016-11-17,1492,1497,1483,1488,589000,1488
2016-11-18,1507,1523,1500,1511,985000,1511
2016-11-21,1505,1545,1505,1541,702000,1541
2016-11-22,1533,1540,1523,1536,540000,1536
2016-11-24,1548,1550,1538,1547,597000,1547
2016-11-25,1533,1558,1528,1556,616000,1556
2016-11-28,1542,1565,1534,1564,343000,1564
2016-11-29,1548,1567,1547,1562,710000,1562
2016-11-30,1570,1572,1547,1547,678000,1547
2016-12-01,1579,1594,1561,1563,590000,1563
2016-12-02,1553,1578,1553,1574,454000,1574
2016-12-05,1573,1573,1553,1562,451000,1562
2016-12-06,1580,1583,1547,1555,711000,1555
2016-12-07,1557,1567,1554,1563,385000,1563
2016-12-08,1584,1601,1580,1599,765000,1599
2016-12-09,1630,1640,1609,1634,1690000,1634
2016-12-12,1648,1648,1604,1620,679000,1620
2016-12-13,1630,1645,1617,1643,532000,1643
2016-12-14,1643,1659,1642,1650,597000,1650
2016-12-15,1663,1680,1649,1676,687000,1676
2016-12-16,1690,1690,1669,1673,636000,1673
2016-12-19,1650,1661,1650,1660,435000,1660
2016-12-20,1659,1672,1656,1670,494000,1670
2016-12-21,1682,1686,1666,1675,465000,1675
2016-12-22,1672,1672,1652,1667,480000,1667
2016-12-26,1670,1675,1656,1669,374000,1669
2016-12-27,1665,1678,1662,1675,515000,1675
2016-12-28,1684,1687,1675,1684,288000,1684
2016-12-29,1672,1674,1654,1660,418000,1660
2016-12-30,1645,1662,1638,1653,383000,1653
2017-01-04,1633,1700,1633,1699,973000,1699
