Date,Open,High,Low,Close,Volume,Adj Close
2008-10-20,2665,2755,2640,2750,7951900,2750
2008-10-21,2850,2870,2770,2840,6355900,2840
2008-10-22,2850,2890,2680,2690,9580800,2690
2008-10-23,2665,2795,2610,2760,8092700,2760
2008-10-24,2800,2805,2735,2765,6583400,2765
2008-10-27,2750,2825,2690,2725,9439600,2725
2008-10-28,2645,2840,2575,2820,8248300,2820
2008-10-29,2815,2850,2710,2825,6955500,2825
2008-10-30,2790,2865,2745,2865,7646400,2865
2008-10-31,2810,2855,2755,2770,4151900,2770
2008-11-04,2880,2910,2825,2890,6079100,2890
2008-11-05,2930,2950,2865,2950,6819200,2950
2008-11-06,2900,2955,2865,2910,6595000,2910
2008-11-07,2870,2895,2815,2850,6431900,2850
2008-11-10,2875,2920,2860,2900,5250800,2900
2008-11-11,2900,2960,2875,2905,7514100,2905
2008-11-12,2865,2880,2830,2850,5430600,2850
2008-11-13,2810,2870,2795,2815,4863000,2815
2008-11-14,2920,2925,2875,2905,5298800,2905
2008-11-17,2910,2970,2870,2885,6266600,2885
2008-11-18,2915,2940,2865,2910,3584500,2910
2008-11-19,2920,2950,2905,2950,3266600,2950
2008-11-20,2940,3020,2915,3000,11806800,3000
2008-11-21,3010,3030,2970,3010,8512100,3010
2008-11-25,3050,3080,3010,3080,5991000,3080
2008-11-26,3010,3030,2990,3010,3073200,3010
2008-11-27,3000,3020,2955,2980,3083900,2980
2008-11-28,2950,2960,2800,2835,9047100,2835
2008-12-01,2830,2885,2795,2875,4676800,2875
2008-12-02,2850,2915,2825,2860,5576400,2860
2008-12-03,2915,2990,2905,2975,5504100,2975
2008-12-04,2995,3030,2990,3020,5555000,3020
2008-12-05,3030,3030,2925,2985,6651000,2985
2008-12-08,3050,3060,3020,3050,4683100,3050
2008-12-09,3050,3080,3010,3040,4839800,3040
2008-12-10,3000,3040,2955,2955,6242800,2955
2008-12-11,2940,2960,2900,2955,4692600,2955
2008-12-12,2915,2990,2895,2970,7683700,2970
2008-12-15,2995,3030,2930,2935,5209200,2935
2008-12-16,2905,2970,2885,2885,5337300,2885
2008-12-17,2925,2960,2880,2960,6913500,2960
2008-12-18,2965,2965,2885,2895,5943600,2895
2008-12-19,2935,2955,2900,2910,5344400,2910
2008-12-22,2935,2940,2915,2925,3394500,2925
2008-12-24,2930,2940,2915,2930,4008300,2930
2008-12-25,2940,2955,2925,2950,1969800,2950
2008-12-26,2940,2960,2915,2950,2420600,2950
2008-12-29,2975,2995,2955,2995,2553700,2995
2008-12-30,2990,3030,2985,3000,2865500,3000
2009-01-05,3070,3070,2935,2945,5284900,2945
2009-01-06,2960,2970,2845,2850,4981100,2850
2009-01-07,2870,2875,2705,2725,8262600,2725
2009-01-08,2755,2815,2755,2760,5906900,2760
2009-01-09,2760,2800,2750,2760,4497000,2760
2009-01-13,2800,2865,2725,2725,6135800,2725
2009-01-14,2725,2750,2705,2720,4104000,2720
2009-01-15,2710,2725,2675,2720,6322800,2720
2009-01-16,2730,2785,2725,2770,4686500,2770
2009-01-19,2765,2790,2725,2750,2671800,2750
2009-01-20,2765,2770,2730,2760,2382700,2760
2009-01-21,2745,2760,2740,2750,3702700,2750
2009-01-22,2790,2795,2735,2785,3799300,2785
2009-01-23,2760,2785,2755,2770,3095000,2770
2009-01-26,2775,2840,2765,2820,3578200,2820
2009-01-27,2820,2890,2815,2880,4760500,2880
2009-01-28,2840,2845,2770,2785,2906800,2785
2009-01-29,2750,2790,2720,2790,5512400,2790
2009-01-30,2750,2850,2750,2830,4752800,2830
2009-02-02,2830,2845,2755,2815,3173500,2815
2009-02-03,2770,2795,2710,2715,4858600,2715
2009-02-04,2735,2795,2705,2795,7253400,2795
2009-02-05,2795,2795,2750,2775,5107400,2775
2009-02-06,2780,2795,2750,2755,3130100,2755
2009-02-09,2765,2775,2705,2715,3686900,2715
2009-02-10,2745,2755,2690,2710,3947200,2710
2009-02-12,2670,2715,2650,2690,5515600,2690
2009-02-13,2695,2725,2660,2685,4670800,2685
2009-02-16,2685,2765,2685,2760,3331700,2760
2009-02-17,2755,2760,2715,2720,3083800,2720
2009-02-18,2725,2745,2690,2710,3088500,2710
2009-02-19,2700,2745,2700,2725,2722100,2725
2009-02-20,2765,2770,2710,2730,3540100,2730
2009-02-23,2725,2745,2690,2700,4105500,2700
2009-02-24,2710,2740,2675,2720,3815700,2720
2009-02-25,2740,2740,2685,2715,3527600,2715
2009-02-26,2705,2735,2670,2695,3259500,2695
2009-02-27,2695,2775,2680,2775,5026700,2775
2009-03-02,2695,2715,2690,2710,4642600,2710
2009-03-03,2670,2680,2635,2660,5657900,2660
2009-03-04,2650,2670,2615,2645,4280700,2645
2009-03-05,2650,2730,2625,2675,5030500,2675
2009-03-06,2650,2705,2640,2680,4822700,2680
2009-03-09,2685,2690,2600,2610,5294700,2610
2009-03-10,2600,2605,2510,2515,5889100,2515
2009-03-11,2535,2560,2460,2470,7160600,2470
2009-03-12,2460,2460,2325,2350,8823800,2350
2009-03-13,2360,2445,2350,2425,8397400,2425
2009-03-16,2440,2475,2380,2395,5874700,2395
2009-03-17,2410,2435,2385,2425,5876100,2425
2009-03-18,2430,2510,2415,2500,5284900,2500
2009-03-19,2555,2570,2450,2450,4799300,2450
2009-03-23,2450,2545,2445,2525,4105700,2525
2009-03-24,2565,2575,2485,2515,5661100,2515
2009-03-25,2550,2620,2535,2620,6690600,2620
2009-03-26,2570,2585,2520,2585,4324600,2585
2009-03-27,2580,2580,2510,2515,6218900,2515
2009-03-30,2515,2575,2515,2530,5164000,2530
2009-03-31,2535,2550,2430,2460,5268400,2460
2009-04-01,2465,2520,2445,2465,3782300,2465
2009-04-02,2495,2525,2475,2490,4077700,2490
2009-04-03,2490,2495,2400,2415,6449000,2415
2009-04-06,2440,2450,2400,2410,3303300,2410
2009-04-07,2415,2455,2405,2415,4733800,2415
2009-04-08,2440,2465,2415,2460,5132100,2460
2009-04-09,2435,2455,2410,2440,5589200,2440
2009-04-10,2440,2445,2400,2400,5570400,2400
2009-04-13,2410,2410,2380,2385,4223600,2385
2009-04-14,2375,2400,2365,2375,5161000,2375
2009-04-15,2385,2415,2365,2410,4817800,2410
2009-04-16,2405,2405,2360,2360,6090200,2360
2009-04-17,2355,2365,2350,2350,4703400,2350
2009-04-20,2365,2370,2330,2335,3785700,2335
2009-04-21,2350,2355,2300,2340,6058100,2340
2009-04-22,2350,2355,2310,2315,3642000,2315
2009-04-23,2320,2355,2310,2355,3024300,2355
2009-04-24,2335,2340,2310,2310,3630000,2310
2009-04-27,2320,2330,2305,2305,3271300,2305
2009-04-28,2310,2330,2300,2300,4459200,2300
2009-04-30,2315,2340,2300,2310,6359400,2310
2009-05-01,2330,2345,2315,2325,3682100,2325
2009-05-07,2340,2370,2330,2350,4091200,2350
2009-05-08,2375,2390,2365,2390,4392300,2390
2009-05-11,2420,2445,2410,2420,3290500,2420
2009-05-12,2425,2430,2395,2400,2521200,2400
2009-05-13,2405,2430,2385,2420,3853200,2420
2009-05-14,2400,2410,2380,2380,3443600,2380
2009-05-15,2390,2395,2375,2385,2301600,2385
2009-05-18,2385,2390,2350,2355,2736800,2355
2009-05-19,2380,2395,2365,2385,3327300,2385
2009-05-20,2395,2405,2380,2390,2730700,2390
2009-05-21,2390,2405,2365,2405,2706900,2405
2009-05-22,2395,2400,2380,2395,2810500,2395
2009-05-25,2385,2400,2370,2375,2361400,2375
2009-05-26,2370,2395,2365,2385,2544700,2385
2009-05-27,2385,2415,2380,2395,2603400,2395
2009-05-28,2390,2405,2375,2390,3608000,2390
2009-05-29,2385,2390,2360,2390,4616300,2390
2009-06-01,2385,2405,2370,2400,2702800,2400
2009-06-02,2410,2415,2380,2385,3148500,2385
2009-06-03,2395,2400,2385,2390,1731900,2390
2009-06-04,2390,2395,2375,2380,2190900,2380
2009-06-05,2380,2395,2370,2385,2675800,2385
2009-06-08,2375,2390,2370,2385,3151000,2385
2009-06-09,2390,2395,2370,2380,3170300,2380
2009-06-10,2375,2385,2370,2380,3124900,2380
2009-06-11,2375,2380,2355,2365,3000200,2365
2009-06-12,2365,2390,2355,2385,5158300,2385
2009-06-15,2395,2430,2375,2420,4724300,2420
2009-06-16,2435,2455,2395,2400,5241400,2400
2009-06-17,2405,2445,2405,2440,3929000,2440
2009-06-18,2445,2465,2425,2445,3898700,2445
2009-06-19,2455,2500,2445,2485,5117400,2485
2009-06-22,2525,2540,2500,2500,3826800,2500
2009-06-23,2510,2510,2455,2485,4118000,2485
2009-06-24,2490,2525,2450,2450,4861000,2450
2009-06-25,2450,2475,2420,2460,2538500,2460
2009-06-26,2470,2470,2435,2470,2863000,2470
2009-06-29,2450,2475,2440,2445,2605200,2445
2009-06-30,2445,2480,2440,2480,2833800,2480
2009-07-01,2465,2490,2455,2460,2713800,2460
2009-07-02,2480,2490,2445,2450,2597100,2450
2009-07-03,2440,2450,2425,2440,3097900,2440
2009-07-06,2430,2465,2425,2450,2322300,2450
2009-07-07,2455,2490,2455,2485,3463900,2485
2009-07-08,2480,2500,2475,2495,3690400,2495
2009-07-09,2505,2510,2465,2495,4000500,2495
2009-07-10,2485,2490,2465,2475,2864800,2475
2009-07-13,2475,2495,2455,2455,3091300,2455
2009-07-14,2460,2465,2405,2425,4383100,2425
2009-07-15,2415,2450,2400,2415,2846900,2415
2009-07-16,2420,2435,2410,2410,2398600,2410
2009-07-17,2415,2440,2410,2435,2557400,2435
2009-07-21,2445,2460,2420,2445,2567300,2445
2009-07-22,2450,2460,2445,2450,1596700,2450
2009-07-23,2455,2460,2445,2450,1629100,2450
2009-07-24,2450,2460,2430,2440,2417900,2440
2009-07-27,2445,2455,2430,2435,1413700,2435
2009-07-28,2420,2430,2420,2425,2114000,2425
2009-07-29,2425,2440,2420,2430,1726800,2430
2009-07-30,2435,2435,2420,2425,1684800,2425
2009-07-31,2435,2440,2405,2425,3183500,2425
2009-08-03,2420,2425,2405,2405,2661600,2405
2009-08-04,2410,2425,2405,2420,3492300,2420
2009-08-05,2425,2465,2425,2440,3678300,2440
2009-08-06,2440,2445,2415,2415,3390700,2415
2009-08-07,2415,2430,2405,2430,3700300,2430
2009-08-10,2430,2435,2415,2420,2830600,2420
2009-08-11,2420,2425,2410,2415,1893900,2415
2009-08-12,2415,2425,2410,2410,2239300,2410
2009-08-13,2410,2415,2400,2405,2713700,2405
2009-08-14,2405,2410,2400,2405,2456400,2405
2009-08-17,2405,2410,2385,2385,2845100,2385
2009-08-18,2390,2405,2385,2400,2087600,2400
2009-08-19,2405,2405,2390,2390,1739300,2390
2009-08-20,2390,2410,2385,2410,1869800,2410
2009-08-21,2415,2415,2380,2390,3339100,2390
2009-08-24,2385,2400,2380,2385,3536000,2385
2009-08-25,2380,2395,2375,2390,2750900,2390
2009-08-26,2395,2415,2390,2405,1990200,2405
2009-08-27,2405,2415,2380,2395,2039100,2395
2009-08-28,2390,2405,2385,2405,2264900,2405
2009-08-31,2405,2425,2400,2425,3099900,2425
2009-09-01,2440,2450,2420,2420,2687400,2420
2009-09-02,2415,2420,2390,2400,3435700,2400
2009-09-03,2400,2405,2385,2390,2095100,2390
2009-09-04,2400,2405,2380,2390,2108400,2390
2009-09-07,2385,2390,2380,2385,1723000,2385
2009-09-08,2385,2395,2380,2385,1687500,2385
2009-09-09,2380,2390,2365,2375,2838600,2375
2009-09-10,2370,2390,2365,2385,2840300,2385
2009-09-11,2390,2395,2375,2380,3161700,2380
2009-09-14,2385,2385,2365,2365,2078900,2365
2009-09-15,2370,2380,2365,2370,2135800,2370
2009-09-16,2370,2400,2365,2370,4002500,2370
2009-09-17,2375,2380,2365,2375,2346600,2375
2009-09-18,2380,2390,2370,2385,3076900,2385
2009-09-24,2395,2425,2390,2420,3781000,2420
2009-09-25,2370,2385,2350,2355,3424100,2355
2009-09-28,2340,2390,2335,2385,2976800,2385
2009-09-29,2385,2385,2350,2355,2364200,2355
2009-09-30,2345,2355,2340,2355,3051400,2355
2009-10-01,2365,2365,2345,2350,1982300,2350
2009-10-02,2340,2355,2330,2340,2783700,2340
2009-10-05,2335,2345,2325,2340,2667300,2340
2009-10-06,2325,2330,2305,2315,3766800,2315
2009-10-07,2315,2320,2300,2300,3748100,2300
2009-10-08,2300,2300,2275,2285,3030000,2285
2009-10-09,2280,2285,2250,2270,4167400,2270
2009-10-13,2260,2265,2240,2245,4181000,2245
2009-10-14,2245,2280,2235,2245,5259100,2245
2009-10-15,2255,2260,2220,2240,6217300,2240
2009-10-16,2240,2240,2220,2235,3006400,2235
2009-10-19,2230,2235,2215,2230,2854400,2230
2009-10-20,2225,2265,2220,2255,3387800,2255
2009-10-21,2260,2265,2250,2265,2241700,2265
2009-10-22,2280,2290,2240,2260,3631400,2260
2009-10-23,2245,2250,2215,2220,3393000,2220
2009-10-26,2220,2250,2210,2235,2592300,2235
2009-10-27,2240,2240,2205,2210,2551600,2210
2009-10-28,2210,2220,2205,2220,1777200,2220
2009-10-29,2210,2230,2210,2210,3341900,2210
2009-10-30,2215,2230,2205,2225,2511700,2225
2009-11-02,2220,2250,2220,2240,4452800,2240
2009-11-04,2240,2255,2225,2250,2705400,2250
2009-11-05,2245,2250,2225,2230,2963900,2230
2009-11-06,2230,2235,2185,2195,4563300,2195
2009-11-09,2190,2190,2105,2115,6692300,2115
2009-11-10,2115,2120,2085,2095,6741600,2095
2009-11-11,2115,2165,2105,2140,4969000,2140
2009-11-12,2130,2145,2105,2125,3411100,2125
2009-11-13,2130,2155,2125,2150,2495400,2150
2009-11-16,2165,2200,2165,2195,3319100,2195
2009-11-17,2200,2225,2195,2220,4199800,2220
2009-11-18,2205,2225,2190,2225,3447100,2225
2009-11-19,2215,2225,2190,2200,2922500,2200
2009-11-20,2210,2235,2195,2215,3332200,2215
2009-11-24,2220,2260,2220,2245,3863800,2245
2009-11-25,2265,2285,2245,2275,2987200,2275
2009-11-26,2275,2290,2255,2265,2759200,2265
2009-11-27,2260,2295,2255,2285,4126600,2285
2009-11-30,2295,2330,2275,2330,5162500,2330
2009-12-01,2320,2330,2300,2315,4205500,2315
2009-12-02,2300,2330,2285,2310,3485600,2310
2009-12-03,2305,2330,2305,2325,3304000,2325
2009-12-04,2330,2330,2300,2310,3039800,2310
2009-12-07,2295,2320,2295,2305,2424200,2305
2009-12-08,2325,2350,2320,2340,3994600,2340
2009-12-09,2345,2365,2335,2340,4110400,2340
2009-12-10,2340,2365,2330,2335,2151000,2335
2009-12-11,2350,2350,2325,2350,3389200,2350
2009-12-14,2335,2340,2285,2310,2571800,2310
2009-12-15,2305,2340,2300,2305,1891300,2305
2009-12-16,2330,2370,2330,2365,3199500,2365
2009-12-17,2350,2360,2325,2335,2231900,2335
2009-12-18,2350,2360,2330,2355,2529600,2355
2009-12-21,2345,2350,2330,2335,2403900,2335
2009-12-22,2365,2365,2345,2350,3312800,2350
2009-12-24,2350,2385,2350,2380,2237400,2380
2009-12-25,2380,2380,2365,2370,1103100,2370
2009-12-28,2370,2385,2365,2365,1206200,2365
2009-12-29,2370,2385,2360,2380,1571100,2380
2009-12-30,2385,2385,2335,2335,1918300,2335
2010-01-04,2336,2375,2335,2355,1127800,2355
2010-01-05,2380,2385,2360,2375,2103600,2375
2010-01-06,2374,2397,2371,2390,2713500,2390
2010-01-07,2396,2425,2390,2424,2893100,2424
2010-01-08,2430,2445,2414,2440,3332700,2440
2010-01-12,2430,2455,2430,2445,2720000,2445
2010-01-13,2450,2468,2437,2440,2662300,2440
2010-01-14,2470,2485,2461,2484,3462200,2484
2010-01-15,2490,2490,2455,2470,2528200,2470
2010-01-18,2470,2494,2460,2465,2472300,2465
2010-01-19,2451,2473,2440,2473,1801700,2473
2010-01-20,2490,2496,2484,2490,2915600,2490
2010-01-21,2491,2498,2476,2496,2884600,2496
2010-01-22,2497,2500,2453,2488,3422700,2488
2010-01-25,2489,2504,2463,2466,2227300,2466
2010-01-26,2441,2457,2422,2422,2591500,2422
2010-01-27,2422,2472,2421,2443,2675800,2443
2010-01-28,2445,2450,2427,2435,2097300,2435
2010-01-29,2457,2464,2431,2435,3072800,2435
2010-02-01,2445,2453,2404,2408,3309600,2408
2010-02-02,2406,2416,2392,2416,2406100,2416
2010-02-03,2410,2447,2410,2432,2363400,2432
2010-02-04,2433,2483,2432,2476,3293800,2476
2010-02-05,2450,2470,2431,2431,3218700,2431
2010-02-08,2450,2450,2430,2436,2286200,2436
2010-02-09,2411,2415,2392,2397,3013900,2397
2010-02-10,2401,2438,2397,2430,2555700,2430
2010-02-12,2450,2454,2440,2449,2714800,2449
2010-02-15,2440,2461,2426,2438,1461300,2438
2010-02-16,2445,2460,2437,2456,1366600,2456
2010-02-17,2475,2493,2470,2482,1808800,2482
2010-02-18,2467,2479,2440,2455,1968800,2455
2010-02-19,2438,2445,2413,2419,2903400,2419
2010-02-22,2450,2500,2444,2479,3557700,2479
2010-02-23,2465,2491,2462,2486,1995100,2486
2010-02-24,2451,2466,2435,2460,2851700,2460
2010-02-25,2440,2476,2436,2460,2585000,2460
2010-02-26,2451,2485,2435,2439,3212300,2439
2010-03-01,2441,2469,2441,2456,2046000,2456
2010-03-02,2456,2468,2449,2465,1853000,2465
2010-03-03,2465,2489,2462,2489,2757100,2489
2010-03-04,2490,2495,2470,2482,2221400,2482
2010-03-05,2483,2495,2461,2467,2898700,2467
2010-03-08,2467,2469,2442,2455,3290800,2455
2010-03-09,2447,2458,2441,2441,2053100,2441
2010-03-10,2443,2452,2420,2420,3134100,2420
2010-03-11,2438,2438,2419,2430,2112200,2430
2010-03-12,2421,2432,2420,2425,3669100,2425
2010-03-15,2439,2454,2430,2441,2254100,2441
2010-03-16,2442,2458,2436,2440,1420600,2440
2010-03-17,2459,2459,2438,2449,2479800,2449
2010-03-18,2448,2455,2436,2455,2233700,2455
2010-03-19,2459,2468,2445,2468,2529900,2468
2010-03-23,2452,2473,2450,2463,2458000,2463
2010-03-24,2458,2468,2437,2448,2416200,2448
2010-03-25,2462,2476,2431,2435,3440600,2435
2010-03-26,2449,2462,2435,2462,3675500,2462
2010-03-29,2431,2439,2405,2419,2465100,2419
2010-03-30,2430,2465,2420,2461,3083400,2461
2010-03-31,2470,2500,2466,2492,4861600,2492
2010-04-01,2499,2499,2466,2477,2635300,2477
2010-04-02,2494,2494,2461,2468,2123700,2468
2010-04-05,2460,2464,2432,2442,2282800,2442
2010-04-06,2431,2458,2430,2447,2542800,2447
2010-04-07,2455,2462,2440,2446,2451500,2446
2010-04-08,2435,2447,2435,2443,1982900,2443
2010-04-09,2437,2445,2435,2439,1684200,2439
2010-04-12,2457,2457,2441,2441,1771500,2441
2010-04-13,2440,2440,2421,2440,1938500,2440
2010-04-14,2440,2450,2419,2419,3055400,2419
2010-04-15,2428,2435,2422,2431,2615800,2431
2010-04-16,2420,2431,2416,2424,2384300,2424
2010-04-19,2426,2430,2409,2409,2801300,2409
2010-04-20,2406,2442,2401,2435,2749900,2435
2010-04-21,2446,2450,2431,2444,2984400,2444
2010-04-22,2430,2430,2392,2401,4245100,2401
2010-04-23,2394,2408,2374,2392,3064800,2392
2010-04-26,2393,2413,2393,2413,2736000,2413
2010-04-27,2396,2401,2385,2394,2458700,2394
2010-04-28,2380,2385,2351,2353,3603900,2353
2010-04-30,2358,2389,2350,2357,3644500,2357
2010-05-06,2338,2339,2309,2326,4876500,2326
2010-05-07,2306,2333,2291,2324,5774600,2324
2010-05-10,2290,2349,2288,2346,4981700,2346
2010-05-11,2338,2351,2323,2342,3300500,2342
2010-05-12,2323,2343,2315,2340,3923300,2340
2010-05-13,2310,2335,2308,2318,4326800,2318
2010-05-14,2310,2315,2300,2301,3045500,2301
2010-05-17,2307,2339,2300,2338,4242500,2338
2010-05-18,2316,2342,2312,2325,3005500,2325
2010-05-19,2320,2339,2309,2319,2862300,2319
2010-05-20,2306,2323,2296,2320,3584100,2320
2010-05-21,2320,2329,2266,2277,5942600,2277
2010-05-24,2277,2298,2250,2261,3691100,2261
2010-05-25,2250,2277,2241,2277,4110600,2277
2010-05-26,2267,2294,2252,2259,4427700,2259
2010-05-27,2256,2266,2230,2240,3801100,2240
2010-05-28,2257,2277,2237,2254,4512500,2254
2010-05-31,2246,2278,2237,2257,4055600,2257
2010-06-01,2305,2360,2272,2353,6095800,2353
2010-06-02,2352,2393,2346,2374,4607100,2374
2010-06-03,2374,2387,2364,2387,2623900,2387
2010-06-04,2388,2394,2367,2387,2498200,2387
2010-06-07,2388,2390,2364,2376,3701400,2376
2010-06-08,2406,2406,2340,2398,3924100,2398
2010-06-09,2377,2405,2355,2396,3005200,2396
2010-06-10,2390,2415,2390,2401,2199600,2401
2010-06-11,2402,2412,2389,2408,4244900,2408
2010-06-14,2419,2427,2410,2422,2336400,2422
2010-06-15,2422,2436,2412,2425,2362200,2425
2010-06-16,2435,2443,2424,2442,1859000,2442
2010-06-17,2441,2448,2431,2432,1791100,2432
2010-06-18,2436,2456,2435,2449,2692800,2449
2010-06-21,2440,2455,2419,2428,2952000,2428
2010-06-22,2432,2444,2416,2431,2436100,2431
2010-06-23,2432,2449,2426,2432,3123200,2432
2010-06-24,2430,2447,2425,2425,1764600,2425
2010-06-25,2414,2432,2402,2431,2357100,2431
2010-06-28,2446,2446,2428,2443,2086700,2443
2010-06-29,2443,2443,2423,2441,2359400,2441
2010-06-30,2405,2432,2405,2411,3711800,2411
2010-07-01,2381,2414,2381,2407,2121800,2407
2010-07-02,2404,2405,2375,2399,2111300,2399
2010-07-05,2400,2413,2385,2402,1807000,2402
2010-07-06,2389,2414,2380,2414,1995600,2414
2010-07-07,2414,2434,2401,2434,2133900,2434
2010-07-08,2440,2450,2431,2450,2538400,2450
2010-07-09,2455,2455,2438,2445,2453400,2445
2010-07-12,2437,2442,2413,2413,1439100,2413
2010-07-13,2407,2414,2393,2395,2035800,2395
2010-07-14,2420,2436,2395,2416,2102000,2416
2010-07-15,2402,2411,2368,2368,2178000,2368
2010-07-16,2365,2390,2352,2379,2791200,2379
2010-07-20,2368,2406,2359,2396,3188200,2396
2010-07-21,2399,2420,2390,2408,2351900,2408
2010-07-22,2416,2447,2406,2431,4002500,2431
2010-07-23,2428,2434,2401,2420,3102000,2420
2010-07-26,2413,2419,2399,2401,1922100,2401
2010-07-27,2406,2417,2400,2407,2154100,2407
2010-07-28,2414,2418,2405,2416,1823700,2416
2010-07-29,2408,2415,2401,2407,1687000,2407
2010-07-30,2401,2404,2373,2373,2448200,2373
2010-08-02,2370,2395,2360,2366,1963700,2366
2010-08-03,2390,2398,2363,2371,2219900,2371
2010-08-04,2363,2388,2357,2380,2594300,2380
2010-08-05,2388,2414,2385,2414,2022300,2414
2010-08-06,2397,2418,2395,2416,1685800,2416
2010-08-09,2411,2420,2401,2420,1297400,2420
2010-08-10,2412,2418,2395,2404,1471400,2404
2010-08-11,2395,2402,2365,2384,1868600,2384
2010-08-12,2368,2404,2367,2398,2855500,2398
2010-08-13,2398,2404,2375,2401,1781600,2401
2010-08-16,2381,2419,2381,2419,1801200,2419
2010-08-17,2431,2466,2420,2458,4439600,2458
2010-08-18,2458,2465,2439,2456,2601900,2456
2010-08-19,2442,2448,2423,2438,3163100,2438
2010-08-20,2448,2449,2414,2430,2978100,2430
2010-08-23,2429,2442,2419,2442,1616900,2442
2010-08-24,2433,2450,2432,2446,2573200,2446
2010-08-25,2440,2451,2427,2432,2656900,2432
2010-08-26,2433,2441,2415,2441,2097400,2441
2010-08-27,2427,2463,2427,2450,4224700,2450
2010-08-30,2453,2470,2445,2456,2843900,2456
2010-08-31,2456,2460,2434,2446,2684700,2446
2010-09-01,2447,2474,2432,2474,3632400,2474
2010-09-02,2467,2481,2456,2481,3293000,2481
2010-09-03,2482,2495,2455,2471,2519100,2471
2010-09-06,2472,2495,2467,2494,2312800,2494
2010-09-07,2486,2491,2466,2491,2763400,2491
2010-09-08,2479,2483,2444,2461,3447200,2461
2010-09-09,2467,2467,2436,2446,2908000,2446
2010-09-10,2457,2467,2417,2442,5070700,2442
2010-09-13,2440,2447,2417,2423,2741100,2423
2010-09-14,2429,2444,2398,2402,4028300,2402
2010-09-15,2413,2425,2401,2417,4703800,2417
2010-09-16,2425,2425,2350,2369,6550100,2369
2010-09-17,2371,2385,2355,2358,5167700,2358
2010-09-21,2370,2389,2366,2381,4971500,2381
2010-09-22,2383,2386,2358,2358,3576200,2358
2010-09-24,2355,2360,2324,2324,5467800,2324
2010-09-27,2329,2340,2303,2334,5618600,2334
2010-09-28,2301,2315,2273,2282,5521900,2282
2010-09-29,2160,2165,2090,2105,32211700,2105
2010-09-30,2092,2100,2026,2036,19352500,2036
2010-10-01,2060,2060,2015,2043,10584800,2043
2010-10-04,2046,2048,1994,1996,10239900,1996
2010-10-05,1999,2015,1996,1997,9903800,1997
2010-10-06,2007,2013,1997,2006,10163400,2006
2010-10-07,2013,2026,1991,2000,10177800,2000
2010-10-08,2000,2011,1990,1990,15949000,1990
2010-10-12,1985,1986,1882,1900,48190100,1900
2010-10-13,1895,1917,1881,1900,59799100,1900
2010-10-14,1906,1913,1891,1891,20437000,1891
2010-10-15,1900,1919,1891,1906,18971500,1906
2010-10-18,1919,1934,1918,1930,18131200,1930
2010-10-19,1945,1948,1931,1941,25225700,1941
2010-10-20,1935,1937,1910,1935,75281600,1935
2010-10-21,1935,1939,1916,1927,13644000,1927
2010-10-22,1929,1930,1910,1913,7713600,1913
2010-10-25,1911,1912,1892,1897,10427800,1897
2010-10-26,1899,1908,1892,1896,14241100,1896
2010-10-27,1899,1900,1860,1868,10792600,1868
2010-10-28,1863,1879,1853,1879,7639600,1879
2010-10-29,1889,1925,1880,1925,12321400,1925
2010-11-01,1932,1934,1890,1894,7052500,1894
2010-11-02,1906,1906,1875,1886,5240900,1886
2010-11-04,1899,1903,1877,1884,7140300,1884
2010-11-05,1889,1902,1884,1891,7508200,1891
2010-11-08,1899,1900,1888,1900,4434100,1900
2010-11-09,1900,1912,1896,1903,5423700,1903
2010-11-10,1906,1922,1903,1918,4988900,1918
2010-11-11,1923,1924,1904,1913,4990500,1913
2010-11-12,1913,1919,1906,1906,3960700,1906
2010-11-15,1912,1918,1906,1914,3564200,1914
2010-11-16,1915,1918,1901,1908,5983300,1908
2010-11-17,1903,1914,1900,1906,4961400,1906
2010-11-18,1907,1916,1906,1916,5489100,1916
2010-11-19,1921,1923,1913,1914,5615500,1914
2010-11-22,1917,1927,1917,1920,4354900,1920
2010-11-24,1915,1934,1908,1921,7056000,1921
2010-11-25,1925,1928,1911,1911,4942600,1911
2010-11-26,1915,1930,1912,1925,5009300,1925
2010-11-29,1930,1957,1927,1947,9065900,1947
2010-11-30,1958,1970,1950,1950,12507400,1950
2010-12-01,1951,1973,1951,1967,7263600,1967
2010-12-02,1970,1979,1951,1954,7371000,1954
2010-12-03,1960,1966,1956,1959,4074400,1959
2010-12-06,1959,1972,1959,1969,4205600,1969
2010-12-07,1970,1984,1964,1984,8337500,1984
2010-12-08,1975,1984,1974,1984,7925800,1984
2010-12-09,1977,1981,1967,1975,6869900,1975
2010-12-10,1982,1984,1972,1975,9006700,1975
2010-12-13,1976,1983,1971,1983,4484200,1983
2010-12-14,1985,1996,1984,1996,6761900,1996
2010-12-15,1996,1997,1990,1992,4416800,1992
2010-12-16,1991,1992,1981,1982,4920400,1982
2010-12-17,1982,1984,1962,1970,6095900,1970
2010-12-20,1969,1974,1961,1967,4350500,1967
2010-12-21,1970,1987,1970,1980,4363100,1980
2010-12-22,1984,1984,1975,1979,3782500,1979
2010-12-24,1978,1983,1975,1982,3711300,1982
2010-12-27,1980,1981,1977,1978,3090000,1978
2010-12-28,1980,1982,1974,1975,2711300,1975
2010-12-29,1971,1992,1970,1992,4132600,1992
2010-12-30,1992,1996,1983,1983,4509000,1983
2011-01-04,1994,1995,1983,1986,3662600,1986
2011-01-05,1988,1988,1982,1987,2588600,1987
2011-01-06,1986,1991,1982,1988,3540200,1988
2011-01-07,1989,1989,1980,1981,4526400,1981
2011-01-11,1981,1982,1972,1975,4202600,1975
2011-01-12,1975,1979,1972,1977,4514500,1977
2011-01-13,1977,1980,1973,1977,4561300,1977
2011-01-14,1978,1979,1973,1973,3961100,1973
2011-01-17,1976,1978,1971,1972,4218900,1972
2011-01-18,1975,1992,1974,1988,5395700,1988
2011-01-19,1983,1992,1972,1972,4943100,1972
2011-01-20,1975,1985,1975,1977,5333100,1977
2011-01-21,1983,2036,1981,2004,15640000,2004
2011-01-24,2011,2023,2002,2016,5375400,2016
2011-01-25,2015,2044,2013,2037,6206200,2037
2011-01-26,2049,2054,2029,2029,4927600,2029
2011-01-27,2024,2037,2016,2020,4302100,2020
2011-01-28,2025,2026,1996,2001,5117200,2001
2011-01-31,1997,2018,1995,1995,4182200,1995
2011-02-01,2008,2018,2000,2011,3356700,2011
2011-02-02,2015,2028,2011,2013,4148500,2013
2011-02-03,2020,2031,2015,2030,2895000,2030
2011-02-04,2036,2047,2035,2035,3102200,2035
2011-02-07,2039,2064,2037,2064,5029900,2064
2011-02-08,2064,2068,2055,2055,3729600,2055
2011-02-09,2065,2092,2065,2090,6280700,2090
2011-02-10,2079,2099,2078,2083,4567000,2083
2011-02-14,2090,2095,2084,2086,2929700,2086
2011-02-15,2092,2095,2088,2094,2251100,2094
2011-02-16,2097,2117,2095,2105,4583400,2105
2011-02-17,2117,2164,2112,2155,6738300,2155
2011-02-18,2152,2190,2151,2158,5972400,2158
2011-02-21,2164,2168,2152,2160,3200700,2160
2011-02-22,2155,2170,2154,2161,4826100,2161
2011-02-23,2156,2197,2155,2176,8882300,2176
2011-02-24,2166,2174,2139,2141,5260200,2141
2011-02-25,2117,2137,2105,2133,5555800,2133
2011-02-28,2117,2132,2100,2114,7161500,2114
2011-03-01,2124,2153,2120,2130,4146800,2130
2011-03-02,2120,2134,2104,2110,4032900,2110
2011-03-03,2107,2124,2104,2112,2547100,2112
2011-03-04,2134,2135,2112,2115,2655600,2115
2011-03-07,2125,2132,2110,2128,3468200,2128
2011-03-08,2135,2146,2128,2128,2940000,2128
2011-03-09,2135,2152,2133,2143,3468900,2143
2011-03-10,2151,2163,2142,2153,3984000,2153
2011-03-11,2149,2150,2112,2121,7070500,2121
2011-03-14,1621,1621,1621,1621,1775800,1621
2011-03-15,1221,1221,1221,1221,2125400,1221
2011-03-16,921,921,921,921,6251000,921
2011-03-17,741,860,715,798,181489400,798
2011-03-18,886,948,876,948,113368000,948
2011-03-22,1098,1098,1060,1098,52775000,1098
2011-03-23,1060,1175,1005,1049,132835300,1049
2011-03-24,990,1012,860,902,117950700,902
2011-03-25,872,888,813,846,104764800,846
2011-03-28,747,762,696,696,120226700,696
2011-03-29,566,566,566,566,6347200,566
2011-03-30,496,528,466,466,160156700,466
2011-03-31,521,524,461,466,188630000,466
2011-04-01,495,506,399,449,203605600,449
2011-04-04,457,464,434,442,124950900,442
2011-04-05,418,419,362,362,209937100,362
2011-04-06,354,396,292,337,303121900,337
2011-04-07,345,355,327,340,151948900,340
2011-04-08,336,420,329,420,228697000,420
2011-04-11,460,500,445,500,218043900,500
2011-04-12,466,539,440,450,253491700,450
2011-04-13,515,524,485,502,171862100,502
2011-04-14,505,517,496,500,80896500,500
2011-04-15,508,508,456,469,106461400,469
2011-04-18,481,484,463,467,55208600,467
2011-04-19,452,457,428,447,63788000,447
2011-04-20,453,456,438,445,37441500,445
2011-04-21,437,440,421,423,36510700,423
2011-04-22,407,409,394,404,52900500,404
2011-04-25,399,450,397,438,88280300,438
2011-04-26,432,446,424,426,34154400,426
2011-04-27,424,430,407,412,35586800,412
2011-04-28,420,428,414,425,31547100,425
2011-05-02,435,437,425,426,22590700,426
2011-05-06,432,490,428,455,98330200,455
2011-05-09,471,483,465,469,49283700,469
2011-05-10,490,493,474,484,43289900,484
2011-05-11,510,525,497,525,105478900,525
2011-05-12,509,512,472,479,86468500,479
2011-05-13,456,478,438,453,98380900,453
2011-05-16,425,435,417,420,43880400,420
2011-05-17,404,411,355,380,103905700,380
2011-05-18,400,402,382,389,58148900,389
2011-05-19,382,384,356,358,63486400,358
2011-05-20,346,369,326,367,114956000,367
2011-05-23,343,359,330,334,78106400,334
2011-05-24,330,343,325,333,48747400,333
2011-05-25,335,338,311,315,53390300,315
2011-05-26,314,328,308,322,64193600,322
2011-05-27,317,326,314,321,40334000,321
2011-05-30,324,332,318,326,37272600,326
2011-05-31,318,326,311,317,54516700,317
2011-06-01,319,320,293,299,71005900,299
2011-06-02,293,314,282,305,118137700,305
2011-06-03,294,300,284,286,56259900,286
2011-06-06,274,274,206,207,218703300,207
2011-06-07,226,228,208,216,150309000,216
2011-06-08,209,210,194,200,130178700,200
2011-06-09,182,199,148,192,401009000,192
2011-06-10,205,205,183,190,187090400,190
2011-06-13,182,200,178,199,148873800,199
2011-06-14,208,249,206,249,271966000,249
2011-06-15,305,329,273,329,352855600,329
2011-06-16,313,344,306,320,222697900,320
2011-06-17,318,319,275,302,221289000,302
2011-06-20,290,327,285,314,204065700,314
2011-06-21,311,318,304,305,104967700,305
2011-06-22,307,314,303,306,74656700,306
2011-06-23,310,310,292,293,78985800,293
2011-06-24,289,322,278,308,187089800,308
2011-06-27,322,334,313,316,120430500,316
2011-06-28,317,326,308,316,106736900,316
2011-06-29,328,335,320,325,99267000,325
2011-06-30,330,332,323,326,44176300,326
2011-07-01,328,331,325,328,31926400,328
2011-07-04,330,394,326,393,203501100,393
2011-07-05,409,442,402,413,266380100,413
2011-07-06,400,423,398,417,111193800,417
2011-07-07,410,418,398,403,75890400,403
2011-07-08,408,420,405,411,85845800,411
2011-07-11,416,449,413,441,163836900,441
2011-07-12,458,476,423,439,204139600,439
2011-07-13,436,454,431,448,80989700,448
2011-07-14,466,468,455,465,99849300,465
2011-07-15,475,478,466,477,91916800,477
2011-07-19,470,483,467,479,68225100,479
2011-07-20,487,509,484,509,119744500,509
2011-07-21,519,597,518,590,276714500,590
2011-07-22,640,643,535,543,220283700,543
2011-07-25,553,556,495,535,171168600,535
2011-07-26,530,540,510,512,88986100,512
2011-07-27,485,490,426,431,169924900,431
2011-07-28,399,457,381,452,233675500,452
2011-07-29,458,462,421,425,85075300,425
2011-08-01,432,451,426,447,78759200,447
2011-08-02,431,452,425,450,87005600,450
2011-08-03,442,458,435,435,95534300,435
2011-08-04,436,446,410,410,64423800,410
2011-08-05,386,419,385,410,72546800,410
2011-08-08,411,423,387,389,71292000,389
2011-08-09,376,393,335,389,114429900,389
2011-08-10,412,449,405,449,133535200,449
2011-08-11,430,450,427,438,92607300,438
2011-08-12,456,458,428,434,68313200,434
2011-08-15,438,443,432,439,28618300,439
2011-08-16,442,443,421,425,36957800,425
2011-08-17,421,438,411,431,62128800,431
2011-08-18,427,443,427,430,43385700,430
2011-08-19,424,433,420,426,34548700,426
2011-08-22,428,439,423,427,62658200,427
2011-08-23,434,437,417,418,55298000,418
2011-08-24,419,420,376,386,99675900,386
2011-08-25,385,395,364,368,77472000,368
2011-08-26,373,400,352,400,119012000,400
2011-08-29,415,416,381,395,76467500,395
2011-08-30,394,402,385,389,34210000,389
2011-08-31,384,397,384,386,31403300,386
2011-09-01,390,393,383,387,24771900,387
2011-09-02,387,391,376,386,33593700,386
2011-09-05,384,385,378,379,16886800,379
2011-09-06,377,407,376,384,83127100,384
2011-09-07,385,395,382,390,26399500,390
2011-09-08,396,401,391,396,24038100,396
2011-09-09,395,398,392,394,13632900,394
2011-09-12,389,392,375,376,24312100,376
2011-09-13,376,384,355,356,38163200,356
2011-09-14,354,364,332,362,90556600,362
2011-09-15,361,374,351,356,36076800,356
2011-09-16,350,353,334,335,49798500,335
2011-09-20,328,332,305,308,73146700,308
2011-09-21,305,324,296,308,112676300,308
2011-09-22,305,310,296,299,55198200,299
2011-09-26,293,300,253,259,67896600,259
2011-09-27,260,268,214,243,150748100,243
2011-09-28,244,265,234,263,108255400,263
2011-09-29,252,253,221,233,142949700,233
2011-09-30,237,249,231,240,73157800,240
2011-10-03,245,254,233,239,64484500,239
2011-10-04,233,236,228,230,46305500,230
2011-10-05,228,229,200,203,100503900,203
2011-10-06,211,228,206,211,95993300,211
2011-10-07,225,232,214,220,76053300,220
2011-10-11,229,231,223,228,51008200,228
2011-10-12,225,226,212,215,56548100,215
2011-10-13,217,221,211,217,38987100,217
2011-10-14,218,220,215,219,23758000,219
2011-10-17,220,225,216,218,26317000,218
2011-10-18,216,218,213,216,19664600,216
2011-10-19,215,216,214,215,11353200,215
2011-10-20,215,292,213,292,192607700,292
2011-10-21,280,297,259,263,200373000,263
2011-10-24,264,290,263,284,98016300,284
2011-10-25,297,319,296,315,106707900,315
2011-10-26,327,328,301,320,98156900,320
2011-10-27,311,319,305,306,50042200,306
2011-10-28,312,316,288,298,69187000,298
2011-10-31,295,297,282,286,43025300,286
2011-11-01,286,310,281,310,73165700,310
2011-11-02,295,309,289,302,69009500,302
2011-11-04,310,313,297,300,54529900,300
2011-11-07,299,323,296,319,103747600,319
2011-11-08,317,322,293,294,64502700,294
2011-11-09,300,305,295,299,31524300,299
2011-11-10,291,296,287,290,24624400,290
2011-11-11,291,296,285,291,23652000,291
2011-11-14,297,311,295,304,50249900,304
2011-11-15,304,308,300,301,19774300,301
2011-11-16,302,304,293,294,23858000,294
2011-11-17,292,294,288,289,18189200,289
2011-11-18,290,299,288,292,24125700,292
2011-11-21,291,293,275,275,33017500,275
2011-11-22,273,285,264,281,36066400,281
2011-11-24,278,280,271,271,17960700,271
2011-11-25,270,292,269,282,37992800,282
2011-11-28,282,287,279,280,14346100,280
2011-11-29,283,286,279,280,17707300,280
2011-11-30,284,295,280,284,36067500,284
2011-12-01,287,289,283,284,13782200,284
2011-12-02,286,286,280,283,12372000,283
2011-12-05,283,286,280,282,12866000,282
2011-12-06,283,290,272,277,40205400,277
2011-12-07,276,278,272,275,17814800,275
2011-12-08,268,269,229,244,145357900,244
2011-12-09,243,254,241,247,60683300,247
2011-12-12,246,249,230,236,54323200,236
2011-12-13,233,243,223,235,81014500,235
2011-12-14,235,238,232,233,21032600,233
2011-12-15,233,233,221,226,39935200,226
2011-12-16,225,235,223,229,38275000,229
2011-12-19,226,235,225,230,27465200,230
2011-12-20,230,238,230,234,28259200,234
2011-12-21,236,237,205,211,117842100,211
2011-12-22,210,228,205,222,108829100,222
2011-12-26,218,220,211,213,34812000,213
2011-12-27,210,214,207,211,30379700,211
2011-12-28,200,200,176,186,140446200,186
2011-12-29,190,192,178,182,75755300,182
2011-12-30,181,187,175,183,62351900,183
2012-01-04,182,188,181,185,34617900,185
2012-01-05,185,187,178,181,25724300,181
2012-01-06,179,181,170,173,36171500,173
2012-01-10,155,223,153,215,221101700,215
2012-01-11,208,220,191,202,149719200,202
2012-01-12,204,215,202,207,69857900,207
2012-01-13,207,218,204,209,63319800,209
2012-01-16,213,214,202,205,53170300,205
2012-01-17,208,211,203,205,37749500,205
2012-01-18,207,233,206,221,137851300,221
2012-01-19,229,233,218,219,64777100,219
2012-01-20,224,225,216,217,25636800,217
2012-01-23,220,221,211,213,33911300,213
2012-01-24,210,212,203,207,38556400,207
2012-01-25,205,211,196,202,53317200,202
2012-01-26,224,227,209,213,82276600,213
2012-01-27,211,214,206,209,34135000,209
2012-01-30,207,211,205,210,22734400,210
2012-01-31,209,211,206,209,14599800,209
2012-02-01,206,207,202,202,23705400,202
2012-02-02,204,207,199,204,19614900,204
2012-02-03,201,204,200,201,14155100,201
2012-02-06,201,203,196,199,23489200,199
2012-02-07,197,200,197,198,13523300,198
2012-02-08,198,199,196,196,14820200,196
2012-02-09,197,198,192,195,28734400,195
2012-02-10,194,206,193,200,61940300,200
2012-02-13,199,216,194,201,102164600,201
2012-02-14,202,209,198,202,47130600,202
2012-02-15,203,213,202,209,55969800,209
2012-02-16,211,225,210,217,96388400,217
2012-02-17,224,227,216,223,62381300,223
2012-02-20,229,255,227,252,161110300,252
2012-02-21,258,262,238,249,119899200,249
2012-02-22,246,258,242,251,82231000,251
2012-02-23,249,257,247,250,65384700,250
2012-02-24,252,253,243,244,43966800,244
2012-02-27,245,246,238,238,21903100,238
2012-02-28,230,234,223,226,52104200,226
2012-02-29,224,230,224,225,22340900,225
2012-03-01,226,231,224,227,24662600,227
2012-03-02,231,238,230,238,44705500,238
2012-03-05,247,250,234,234,61738900,234
2012-03-06,233,237,229,229,19664300,229
2012-03-07,225,234,224,229,20884300,229
2012-03-08,231,234,228,231,19030200,231
2012-03-09,233,235,231,232,19548900,232
2012-03-12,234,234,229,229,9901100,229
2012-03-13,228,231,226,226,14203500,226
2012-03-14,228,230,225,226,12032800,226
2012-03-15,227,228,224,224,18340500,224
2012-03-16,223,225,216,225,46164800,225
2012-03-19,225,225,216,217,31089900,217
2012-03-21,215,221,212,214,31933500,214
2012-03-22,215,217,211,213,19327700,213
2012-03-23,214,223,212,215,37633100,215
2012-03-26,213,216,210,210,17595100,210
2012-03-27,211,212,207,211,17730700,211
2012-03-28,210,218,209,214,17369300,214
2012-03-29,216,221,214,215,23846000,215
2012-03-30,214,214,208,208,21139400,208
2012-04-02,206,209,204,205,15781200,205
2012-04-03,206,209,204,207,15852400,207
2012-04-04,207,210,206,206,13131600,206
2012-04-05,206,212,206,210,21270300,210
2012-04-06,213,220,212,219,35791600,219
2012-04-09,218,221,214,215,15791600,215
2012-04-10,215,217,210,210,11142600,210
2012-04-11,209,209,207,207,8622300,207
2012-04-12,206,208,203,204,14565800,204
2012-04-13,205,205,202,205,6949700,205
2012-04-16,204,207,203,204,8875100,204
2012-04-17,204,206,203,206,7510600,206
2012-04-18,206,209,205,205,6957600,205
2012-04-19,207,209,201,203,15972000,203
2012-04-20,205,205,202,202,8099100,202
2012-04-23,201,202,196,197,15930700,197
2012-04-24,197,199,195,199,11054200,199
2012-04-25,199,200,197,199,7170700,199
2012-04-26,199,201,198,199,5050000,199
2012-04-27,199,201,198,200,7988900,200
2012-05-01,199,200,195,196,11381700,196
2012-05-02,196,196,190,191,10185600,191
2012-05-07,185,187,176,178,18381500,178
2012-05-08,181,188,180,184,13132800,184
2012-05-09,183,185,178,184,11257600,184
2012-05-10,183,216,181,196,113110800,196
2012-05-11,192,194,185,185,26376600,185
2012-05-14,184,193,180,181,32474800,181
2012-05-15,180,184,177,179,16300700,179
2012-05-16,179,180,170,170,19602400,170
2012-05-17,168,169,160,165,25145900,165
2012-05-18,162,164,157,157,24567300,157
2012-05-21,158,166,157,162,16902200,162
2012-05-22,175,177,162,163,44820100,163
2012-05-23,162,163,155,157,25773600,157
2012-05-24,155,158,152,158,20681500,158
2012-05-25,159,162,153,156,16007600,156
2012-05-28,153,157,146,152,30209600,152
2012-05-29,152,154,150,153,7241800,153
2012-05-30,152,158,152,154,11675300,154
2012-05-31,156,161,154,158,27364100,158
2012-06-01,159,159,155,156,9294800,156
2012-06-04,154,164,153,164,15345200,164
2012-06-05,161,165,159,160,17149600,160
2012-06-06,162,163,159,160,7132600,160
2012-06-07,161,162,159,161,11535700,161
2012-06-08,161,163,156,158,15273100,158
2012-06-11,159,161,158,160,4896500,160
2012-06-12,160,160,157,159,5040500,159
2012-06-13,157,159,157,159,3064800,159
2012-06-14,158,161,157,159,8011600,159
2012-06-15,159,161,158,161,7251700,161
2012-06-18,163,165,159,161,8896600,161
2012-06-19,159,161,159,159,5051000,159
2012-06-20,160,162,159,160,6865900,160
2012-06-21,161,166,160,164,21946600,164
2012-06-22,164,171,162,171,23408800,171
2012-06-25,173,173,166,166,13939000,166
2012-06-26,163,165,159,160,16221000,160
2012-06-27,159,160,153,155,14408300,155
2012-06-28,153,157,152,153,14890000,153
2012-06-29,152,154,150,154,12904200,154
2012-07-02,154,154,149,152,10221500,152
2012-07-03,151,156,150,156,17305600,156
2012-07-04,156,159,154,154,15681400,154
2012-07-05,155,155,152,155,5004400,155
2012-07-06,154,155,153,153,4796400,153
2012-07-09,153,153,151,152,5159800,152
2012-07-10,152,154,151,152,3681100,152
2012-07-11,152,153,150,150,6379300,150
2012-07-12,150,150,143,146,17127600,146
2012-07-13,143,143,137,139,19244800,139
2012-07-17,136,137,122,123,35450900,123
2012-07-18,122,129,120,126,35026000,126
2012-07-19,128,135,128,132,29583700,132
2012-07-20,135,137,128,130,17473700,130
2012-07-23,129,132,127,128,8564000,128
2012-07-24,129,132,128,130,8772000,130
2012-07-25,130,134,126,127,11599200,127
2012-07-26,126,129,125,126,12330700,126
2012-07-27,128,128,123,125,10458200,125
2012-07-30,125,126,121,123,9275000,123
2012-07-31,123,131,122,131,20169700,131
2012-08-01,132,132,126,128,8824800,128
2012-08-02,129,145,127,141,52358100,141
2012-08-03,138,154,137,154,41765100,154
2012-08-06,154,159,150,155,20239200,155
2012-08-07,153,162,153,159,20991600,159
2012-08-08,160,162,156,157,15266100,157
2012-08-09,156,160,156,160,9857500,160
2012-08-10,161,164,158,159,16860500,159
2012-08-13,160,162,158,159,6010000,159
2012-08-14,159,159,156,158,8444200,158
2012-08-15,158,160,156,156,5706000,156
2012-08-16,155,156,151,154,9091000,154
2012-08-17,153,154,150,152,6235500,152
2012-08-20,151,154,151,151,5267700,151
2012-08-21,150,151,142,144,16362400,144
2012-08-22,145,145,142,143,8878100,143
2012-08-23,141,143,140,141,5976400,141
2012-08-24,140,145,140,141,16052100,141
2012-08-27,140,142,137,137,6887800,137
2012-08-28,136,137,130,131,10208600,131
2012-08-29,132,136,132,134,9558000,134
2012-08-30,132,134,131,131,5889400,131
2012-08-31,131,133,131,131,7103900,131
2012-09-03,131,132,127,127,9259300,127
2012-09-04,127,128,125,125,4642800,125
2012-09-05,127,128,122,123,13122400,123
2012-09-06,122,124,122,123,4337800,123
2012-09-07,127,128,124,127,9079700,127
2012-09-10,127,132,126,129,9934100,129
2012-09-11,130,133,129,132,7493600,132
2012-09-12,134,136,130,130,9236600,130
2012-09-13,130,132,127,130,9688900,130
2012-09-14,131,133,130,133,8026200,133
2012-09-18,133,134,131,133,4626900,133
2012-09-19,133,134,132,134,4628700,134
2012-09-20,134,137,128,131,12733100,131
2012-09-21,132,133,129,133,7741900,133
2012-09-24,132,133,131,132,1916300,132
2012-09-25,132,132,130,132,3995300,132
2012-09-26,130,132,129,130,4627400,130
2012-09-27,129,132,129,129,5138000,129
2012-09-28,129,131,128,128,5889500,128
2012-10-01,128,130,126,130,3769600,130
2012-10-02,129,130,128,128,3347600,128
2012-10-03,129,129,128,128,1882800,128
2012-10-04,129,130,128,128,3268300,128
2012-10-05,128,130,127,129,5837200,129
2012-10-09,129,129,126,127,4127300,127
2012-10-10,126,127,125,125,5511700,125
2012-10-11,125,128,124,125,5878800,125
2012-10-12,127,127,125,126,3523600,126
2012-10-15,127,127,125,127,4057300,127
2012-10-16,127,127,125,127,2996500,127
2012-10-17,128,130,127,128,6964300,128
2012-10-18,130,138,129,138,23430200,138
2012-10-19,140,141,135,136,16274200,136
2012-10-22,135,136,132,134,7808200,134
2012-10-23,135,135,131,132,4577200,132
2012-10-24,131,133,130,130,5757300,130
2012-10-25,131,133,130,132,3224800,132
2012-10-26,131,133,129,129,4262900,129
2012-10-29,128,130,127,127,5495300,127
2012-10-30,127,129,127,128,5235500,128
2012-10-31,129,130,127,130,3580800,130
2012-11-01,132,137,132,132,11181800,132
2012-11-02,133,134,131,134,7998500,134
2012-11-05,133,134,131,132,3072300,132
2012-11-06,131,132,130,130,5555600,130
2012-11-07,130,130,127,127,6715600,127
2012-11-08,125,127,124,125,9000500,125
2012-11-09,124,125,122,122,10088700,122
2012-11-12,122,123,121,121,4511900,121
2012-11-13,121,124,120,123,10581900,123
2012-11-14,124,126,123,124,5882200,124
2012-11-15,124,128,123,127,6878600,127
2012-11-16,129,130,126,126,13963200,126
2012-11-19,127,134,127,132,19331900,132
2012-11-20,136,137,128,128,18885000,128
2012-11-21,129,131,128,130,7558000,130
2012-11-22,131,131,127,128,9485400,128
2012-11-26,128,131,127,130,7119800,130
2012-11-27,130,134,129,131,9695800,131
2012-11-28,131,132,130,130,4760900,130
2012-11-29,130,131,129,129,3122700,129
2012-11-30,130,130,128,130,6816100,130
2012-12-03,130,132,129,131,5752200,131
2012-12-04,131,131,129,131,3769800,131
2012-12-05,130,131,129,129,3632300,129
2012-12-06,130,132,129,132,7687600,132
2012-12-07,132,151,131,149,57602500,149
2012-12-10,150,151,138,140,41490800,140
2012-12-11,135,138,134,138,14621400,138
2012-12-12,139,147,138,141,19019400,141
2012-12-13,142,143,140,141,10327100,141
2012-12-14,141,157,140,152,54236100,152
2012-12-17,157,202,155,202,146082100,202
2012-12-18,242,258,223,237,264129500,237
2012-12-19,240,251,230,230,133276900,230
2012-12-20,225,235,216,233,96141100,233
2012-12-21,234,238,218,224,89911600,224
2012-12-25,225,239,221,229,96149600,229
2012-12-26,229,233,224,228,32707300,228
2012-12-27,229,229,220,220,38118100,220
2012-12-28,213,216,203,206,45497400,206
2013-01-04,213,222,208,219,56154700,219
2013-01-07,221,222,214,217,22997800,217
2013-01-08,215,217,212,214,17015100,214
2013-01-09,211,213,208,209,16787700,209
2013-01-10,208,250,207,209,241984100,209
2013-01-11,220,230,216,221,58952100,221
2013-01-15,222,226,219,219,27751500,219
2013-01-16,219,220,212,215,21677900,215
2013-01-17,215,217,208,210,22994500,210
2013-01-18,213,221,211,213,29326900,213
2013-01-21,215,215,210,212,13367000,212
2013-01-22,212,215,210,211,14844900,211
2013-01-23,211,218,209,209,29464900,209
2013-01-24,208,208,201,207,22649600,207
2013-01-25,209,210,206,208,13084200,208
2013-01-28,209,209,205,208,10686600,208
2013-01-29,207,214,206,210,23785700,210
2013-01-30,211,216,209,211,28768600,211
2013-01-31,212,213,210,213,13107000,213
2013-02-01,217,220,211,211,37684200,211
2013-02-04,212,213,207,209,16591700,209
2013-02-05,206,208,204,204,14772000,204
2013-02-06,205,207,203,204,13485800,204
2013-02-07,209,211,204,204,22762400,204
2013-02-08,204,205,202,203,13854600,203
2013-02-12,203,204,201,201,13136000,201
2013-02-13,199,199,182,184,41510100,184
2013-02-14,183,187,182,184,13381800,184
2013-02-15,185,195,184,192,32136600,192
2013-02-18,193,201,189,198,29123300,198
2013-02-19,198,200,196,196,13551700,196
2013-02-20,200,215,198,215,73151500,215
2013-02-21,213,218,202,206,61343400,206
2013-02-22,207,207,203,205,16909600,205
2013-02-25,207,212,205,210,29390000,210
2013-02-26,206,210,205,207,18966200,207
2013-02-27,207,213,205,207,20924700,207
2013-02-28,210,213,208,210,24265100,210
2013-03-01,221,226,211,216,106232600,216
2013-03-04,216,221,214,219,35456300,219
2013-03-05,221,231,219,227,80759100,227
2013-03-06,227,227,222,223,27027600,223
2013-03-07,223,224,218,219,14892300,219
2013-03-08,217,218,213,216,21995200,216
2013-03-11,217,217,213,216,13875200,216
2013-03-12,215,216,213,213,10217200,213
2013-03-13,212,213,210,212,9428400,212
2013-03-14,211,214,210,214,8350200,214
2013-03-15,213,216,212,215,17154300,215
2013-03-18,214,215,210,210,11734000,210
2013-03-19,208,214,207,211,13033400,211
2013-03-21,214,219,213,217,21782500,217
2013-03-22,220,222,211,211,21628700,211
2013-03-25,213,218,210,217,16817200,217
2013-03-26,215,223,215,220,31777200,220
2013-03-27,220,238,219,227,80422500,227
2013-03-28,228,237,226,232,48827200,232
2013-03-29,232,256,232,255,144234000,255
2013-04-01,253,287,249,266,306928800,266
2013-04-02,267,274,250,252,115811400,252
2013-04-03,256,316,252,313,356266400,313
2013-04-04,312,315,282,293,162792800,293
2013-04-05,299,328,292,296,185440700,296
2013-04-08,295,305,290,298,71854200,298
2013-04-09,303,304,278,285,58040900,285
2013-04-10,275,317,275,312,155470200,312
2013-04-11,319,355,318,353,205648900,353
2013-04-12,361,412,358,409,515716500,409
2013-04-15,416,476,401,461,728934100,461
2013-04-16,449,474,441,461,379724200,461
2013-04-17,483,491,434,441,392801300,441
2013-04-18,433,437,405,406,216410200,406
2013-04-19,402,458,402,457,304313300,457
2013-04-22,477,481,444,458,215104100,458
2013-04-23,456,467,440,450,163611400,450
2013-04-24,466,469,444,450,109177300,450
2013-04-25,444,449,430,432,70450300,432
2013-04-26,428,429,403,408,106514800,408
2013-04-30,404,447,398,430,186086900,430
2013-05-01,435,437,413,417,117439900,417
2013-05-02,416,445,415,438,180181400,438
2013-05-07,448,463,447,461,135977800,461
2013-05-08,462,463,451,455,70075800,455
2013-05-09,455,456,440,444,37088600,444
2013-05-10,450,453,441,447,35429500,447
2013-05-13,451,463,436,442,89462000,442
2013-05-14,446,522,443,522,352213400,522
2013-05-15,517,612,504,513,699968100,513
2013-05-16,533,613,526,613,618650500,613
2013-05-17,633,656,607,626,505085200,626
2013-05-20,656,726,646,726,443322400,726
2013-05-21,810,841,770,815,549781900,815
2013-05-22,770,794,730,737,293562700,737
2013-05-23,710,775,615,639,374059400,639
2013-05-24,689,723,643,702,439592500,702
2013-05-27,671,703,651,651,246788700,651
2013-05-28,666,688,581,612,406826300,612
2013-05-29,635,698,595,665,426337100,665
2013-05-30,636,650,600,621,288344500,621
2013-05-31,639,662,617,617,253736600,617
2013-06-03,602,623,586,598,189300200,598
2013-06-04,590,625,582,613,148783500,613
2013-06-05,623,624,513,513,233103300,513
2013-06-06,477,506,451,475,430786400,475
2013-06-07,499,534,485,515,324742800,515
2013-06-10,534,589,526,565,324329800,565
2013-06-11,555,560,523,534,169504300,534
2013-06-12,525,578,522,572,223317700,572
2013-06-13,574,580,530,535,198759000,535
2013-06-14,555,562,536,539,110363400,539
2013-06-17,540,562,536,547,108445500,547
2013-06-18,550,553,533,538,75567600,538
2013-06-19,546,555,491,517,201807100,517
2013-06-20,508,536,495,517,125806200,517
2013-06-21,500,530,498,527,100738400,527
2013-06-24,538,564,535,538,132564300,538
2013-06-25,537,545,516,524,107012100,524
2013-06-26,532,535,502,510,78780800,510
2013-06-27,513,524,491,511,87339600,511
2013-06-28,519,524,505,513,57753700,513
2013-07-01,515,524,507,523,63125200,523
2013-07-02,540,623,536,623,319391300,623
2013-07-03,605,610,557,559,331100600,559
2013-07-04,569,618,564,584,341199600,584
2013-07-05,602,614,588,602,196275900,602
2013-07-08,612,694,605,628,518501500,628
2013-07-09,638,674,633,668,382180700,668
2013-07-10,678,679,650,662,227712000,662
2013-07-11,642,684,641,670,187762000,670
2013-07-12,677,699,673,682,193289400,682
2013-07-16,693,778,693,768,500654800,768
2013-07-17,779,782,710,739,302373300,739
2013-07-18,751,756,724,735,152553700,735
2013-07-19,733,749,660,726,315955300,726
2013-07-22,738,739,686,703,179333300,703
2013-07-23,673,684,636,656,179285000,656
2013-07-24,629,654,613,644,212021900,644
2013-07-25,644,659,630,636,143529800,636
2013-07-26,627,645,625,630,85164800,630
2013-07-29,619,620,559,568,123539300,568
2013-07-30,578,639,577,635,178939600,635
2013-07-31,615,618,592,599,116758700,599
2013-08-01,624,653,611,647,168940400,647
2013-08-02,657,661,633,647,115348000,647
2013-08-05,634,655,633,644,69647500,644
2013-08-06,649,669,637,665,116792500,665
2013-08-07,660,696,652,656,235167700,656
2013-08-08,646,671,600,623,170080100,623
2013-08-09,633,643,607,627,135501100,627
2013-08-12,627,630,612,623,62338300,623
2013-08-13,628,634,620,626,52196500,626
2013-08-14,632,658,630,650,133757800,650
2013-08-15,642,654,637,645,58712900,645
2013-08-16,640,654,637,645,67146900,645
2013-08-19,646,649,615,622,81373600,622
2013-08-20,616,633,612,614,109356000,614
2013-08-21,605,606,523,557,232960800,557
2013-08-22,536,552,522,534,183716100,534
2013-08-23,546,557,496,508,243197900,508
2013-08-26,496,502,455,473,194785900,473
2013-08-27,505,543,502,531,290094600,531
2013-08-28,515,527,502,510,125406400,510
2013-08-29,520,521,472,497,183352100,497
2013-08-30,509,527,489,500,231292600,500
2013-09-02,486,511,461,508,232814800,508
2013-09-03,530,547,512,525,236119400,525
2013-09-04,515,521,493,510,179300000,510
2013-09-05,514,521,507,511,109743100,511
2013-09-06,506,507,496,499,107931700,499
2013-09-09,537,538,515,518,120573000,518
2013-09-10,515,516,500,512,82543900,512
2013-09-11,508,525,505,514,70277200,514
2013-09-12,508,516,505,511,53263900,511
2013-09-13,511,521,510,518,75203200,518
2013-09-17,517,518,510,512,37515400,512
2013-09-18,513,523,511,517,32313000,517
2013-09-19,518,542,515,526,116451500,526
2013-09-20,525,526,508,514,67689000,514
2013-09-24,512,522,510,521,28972600,521
2013-09-25,526,560,521,523,201443300,523
2013-09-26,529,563,525,560,134501200,560
2013-09-27,610,624,586,597,190185200,597
2013-09-30,590,630,581,611,170940200,611
2013-10-01,608,621,584,586,97183400,586
2013-10-02,594,608,568,580,107397900,580
2013-10-03,571,577,550,552,57127100,552
2013-10-04,550,555,523,528,74486200,528
2013-10-07,519,519,481,488,117790200,488
2013-10-08,500,528,491,525,131814200,525
2013-10-09,520,527,511,521,52327800,521
2013-10-10,521,523,512,514,28290700,514
2013-10-11,524,525,516,519,25765200,519
2013-10-15,518,534,516,531,41203800,531
2013-10-16,528,542,526,532,36755100,532
2013-10-17,538,542,528,530,21152300,530
2013-10-18,532,537,518,522,25672200,522
2013-10-21,520,521,509,515,19742900,515
2013-10-22,516,523,515,520,17022400,520
2013-10-23,521,534,518,523,37706900,523
2013-10-24,525,530,520,530,15447700,530
2013-10-25,529,529,517,518,15503800,518
2013-10-28,517,519,508,514,17834600,514
2013-10-29,520,545,515,532,79428400,532
2013-10-30,531,551,523,525,61161000,525
2013-10-31,529,532,521,523,17663000,523
2013-11-01,530,549,527,535,59362900,535
2013-11-05,545,547,511,520,65189100,520
2013-11-06,520,534,515,533,44884000,533
2013-11-07,530,531,521,526,17812100,526
2013-11-08,520,526,514,520,26082600,520
2013-11-11,524,525,510,517,31798800,517
2013-11-12,510,529,506,529,45162200,529
2013-11-13,526,538,522,533,44496300,533
2013-11-14,533,554,533,548,59229600,548
2013-11-15,558,563,552,556,45591600,556
2013-11-18,566,572,555,557,34957600,557
2013-11-19,555,557,543,548,23234300,548
2013-11-20,548,553,544,546,16831000,546
2013-11-21,542,545,533,537,21008000,537
2013-11-22,532,540,528,531,26671500,531
2013-11-25,534,541,531,537,19032500,537
2013-11-26,533,536,528,530,16327300,530
2013-11-27,531,550,529,542,38174900,542
2013-11-28,544,550,539,546,25485700,546
2013-11-29,543,547,541,546,12463400,546
2013-12-02,549,554,545,549,19674200,549
2013-12-03,548,550,542,542,12278300,542
2013-12-04,540,542,536,537,10334800,537
2013-12-05,534,542,534,536,10836400,536
2013-12-06,537,543,536,538,17907000,538
2013-12-09,541,545,536,538,10807300,538
2013-12-10,538,540,535,536,9524400,536
2013-12-11,533,534,526,531,13849100,531
2013-12-12,526,529,523,523,9883300,523
2013-12-13,521,525,516,519,18660200,519
2013-12-16,545,546,519,524,50683300,524
2013-12-17,526,535,523,535,23272300,535
2013-12-18,538,539,531,535,15083900,535
2013-12-19,536,537,530,533,15519900,533
2013-12-20,531,532,521,522,21084100,522
2013-12-24,521,522,507,510,42746100,510
2013-12-25,504,509,464,501,81708900,501
2013-12-26,513,521,506,517,32934700,517
2013-12-27,516,524,510,516,25206500,516
2013-12-30,517,522,516,517,11351900,517
2014-01-06,513,517,513,516,16167700,516
2014-01-07,513,516,510,511,10716400,511
2014-01-08,513,516,512,516,8922900,516
2014-01-09,514,517,510,512,10193700,512
2014-01-10,508,513,505,509,12084100,509
2014-01-14,504,506,489,491,35947500,491
2014-01-15,497,510,483,497,50904900,497
2014-01-16,510,519,496,500,60733100,500
2014-01-17,493,496,485,492,21013900,492
2014-01-20,492,494,488,490,10273700,490
2014-01-21,490,497,488,488,10783100,488
2014-01-22,490,494,486,493,13937300,493
2014-01-23,491,493,488,488,9765500,488
2014-01-24,485,490,483,484,16061600,484
2014-01-27,472,477,467,470,16625300,470
2014-01-28,469,474,451,451,21227100,451
2014-01-29,462,482,460,479,28655400,479
2014-01-30,470,472,462,465,13602200,465
2014-01-31,468,472,459,470,13791000,470
2014-02-03,470,470,451,454,16332500,454
2014-02-04,434,437,421,424,30095400,424
2014-02-05,430,435,414,423,18722100,423
2014-02-06,420,451,420,440,30012100,440
2014-02-07,444,491,444,489,57947300,489
2014-02-10,494,498,466,479,94759800,479
2014-02-12,479,493,472,485,67762500,485
2014-02-13,480,486,467,469,35951600,469
2014-02-14,469,475,454,458,24953100,458
2014-02-17,455,470,453,468,17567200,468
2014-02-18,470,479,458,475,26509000,475
2014-02-19,470,477,463,466,31666200,466
2014-02-20,461,466,453,455,17746200,455
2014-02-21,458,466,457,463,17178200,463
2014-02-24,467,472,462,470,14502600,470
2014-02-25,472,480,468,475,15503900,475
2014-02-26,472,482,470,479,24781300,479
2014-02-27,477,478,471,471,9860500,471
2014-02-28,471,475,469,474,10223600,474
2014-03-03,467,468,455,464,15293300,464
2014-03-04,459,471,458,467,18748700,467
2014-03-05,471,472,458,460,18788100,460
2014-03-06,460,467,459,466,9477200,466
2014-03-07,467,468,460,463,10780000,463
2014-03-10,460,464,457,461,11261500,461
2014-03-11,460,461,453,454,15338200,454
2014-03-12,450,455,439,439,20141200,439
2014-03-13,439,447,428,428,23165300,428
2014-03-14,420,421,409,411,35689300,411
2014-03-17,407,420,404,411,20121100,411
2014-03-18,415,420,412,413,10733300,413
2014-03-19,412,413,402,403,13529700,403
2014-03-20,400,400,373,376,43039500,376
2014-03-24,360,396,355,388,46931100,388
2014-03-25,380,392,376,385,17127800,385
2014-03-26,386,393,382,388,12920400,388
2014-03-27,384,402,382,400,15036700,400
2014-03-28,397,409,396,407,13686600,407
2014-03-31,413,418,407,416,14136700,416
2014-04-01,414,416,401,405,13935400,405
2014-04-02,404,412,404,405,9158100,405
2014-04-03,406,409,403,404,7240400,404
2014-04-04,406,408,403,407,7045700,407
2014-04-07,405,406,396,400,8246100,400
2014-04-08,396,397,384,390,10443900,390
2014-04-09,386,389,380,381,11799000,381
2014-04-10,386,391,380,382,9962400,382
2014-04-11,377,391,374,385,12951300,385
2014-04-14,386,391,384,385,7254900,385
2014-04-15,388,389,373,375,12047100,375
2014-04-16,376,388,375,388,11490900,388
2014-04-17,392,396,387,388,10624200,388
2014-04-18,390,391,384,389,5136500,389
2014-04-21,389,403,388,396,11990800,396
2014-04-22,403,417,400,405,29844400,405
2014-04-23,404,409,397,399,11878400,399
2014-04-24,402,403,394,397,5867300,397
2014-04-25,395,402,394,396,4933800,396
2014-04-28,394,395,385,387,7344000,387
2014-04-30,389,392,383,386,7966700,386
2014-05-01,391,404,389,401,19527600,401
2014-05-02,401,403,394,396,11360800,396
2014-05-07,391,392,384,386,9591000,386
2014-05-08,387,394,386,392,8755100,392
2014-05-09,390,395,389,392,8275400,392
2014-05-12,392,394,389,389,6407300,389
2014-05-13,393,394,391,393,4624700,393
2014-05-14,390,393,389,393,5542200,393
2014-05-15,390,394,390,392,4788900,392
2014-05-16,387,389,386,387,5626700,387
2014-05-19,386,387,377,378,7443800,378
2014-05-20,376,385,376,383,8978000,383
2014-05-21,380,384,379,379,5870500,379
2014-05-22,382,383,374,377,9786000,377
2014-05-23,379,388,379,384,7059100,384
2014-05-26,390,393,388,393,6805100,393
2014-05-27,393,398,392,392,6773800,392
2014-05-28,394,397,391,392,7060200,392
2014-05-29,391,395,390,392,5914900,392
2014-05-30,394,445,391,413,52058400,413
2014-06-02,410,424,410,417,28270000,417
2014-06-03,421,447,419,444,65737400,444
2014-06-04,439,443,433,435,28441100,435
2014-06-05,435,445,429,431,21154900,431
2014-06-06,436,436,426,430,16431900,430
2014-06-09,433,437,429,432,9485500,432
2014-06-10,432,433,422,424,9724300,424
2014-06-11,422,432,422,427,10581500,427
2014-06-12,424,427,422,425,6661200,425
2014-06-13,420,427,420,425,8956600,425
2014-06-16,423,425,410,412,12219500,412
2014-06-17,415,419,412,415,6036200,415
2014-06-18,416,418,412,415,4096800,415
2014-06-19,415,421,414,419,11849800,419
2014-06-20,423,435,418,425,24817400,425
2014-06-23,429,430,422,422,11835500,422
2014-06-24,420,428,419,422,12169200,422
2014-06-25,420,428,419,419,10526000,419
2014-06-26,422,424,420,421,10484000,421
2014-06-27,420,433,419,424,23486300,424
2014-06-30,424,429,421,422,10734700,422
2014-07-01,424,427,422,424,10537700,424
2014-07-02,429,433,423,425,14379200,425
2014-07-03,428,439,424,434,28426900,434
2014-07-04,435,436,430,430,10511100,430
2014-07-07,430,443,430,432,18181300,432
2014-07-08,433,434,423,425,11257100,425
2014-07-09,422,424,417,418,10597000,418
2014-07-10,419,421,410,410,9108100,410
2014-07-11,404,408,401,407,10366700,407
2014-07-14,408,413,408,411,5729900,411
2014-07-15,411,415,407,410,7582400,410
2014-07-16,410,415,409,411,7618000,411
2014-07-17,414,415,408,408,5643800,408
2014-07-18,404,409,401,404,6715900,404
2014-07-22,406,410,406,408,4467500,408
2014-07-23,409,410,407,409,5777000,409
2014-07-24,408,413,408,409,8719400,409
2014-07-25,409,411,407,409,5848600,409
2014-07-28,408,410,407,409,4320100,409
2014-07-29,409,411,407,407,4067500,407
2014-07-30,407,412,405,411,9915600,411
2014-07-31,410,410,405,405,7453200,405
2014-08-01,403,404,396,400,11236300,400
2014-08-04,398,404,396,398,8041600,398
2014-08-05,399,402,395,396,6874000,396
2014-08-06,394,396,388,390,10184200,390
2014-08-07,387,392,385,389,10517100,389
2014-08-08,385,388,380,380,13408300,380
2014-08-11,386,398,383,389,16108000,389
2014-08-12,390,394,389,390,4669900,390
2014-08-13,388,389,385,387,5396000,387
2014-08-14,388,391,385,387,4544700,387
2014-08-15,387,388,384,386,5390600,386
2014-08-18,388,388,383,385,6484200,385
2014-08-19,386,391,385,389,7317600,389
2014-08-20,389,390,385,386,3891900,386
2014-08-21,386,390,385,387,5160000,387
2014-08-22,392,395,386,387,8340600,387
2014-08-25,387,389,385,385,3608700,385
2014-08-26,385,387,383,384,4037000,384
2014-08-27,384,388,382,383,6637900,383
2014-08-28,382,384,379,381,5483300,381
2014-08-29,380,381,376,376,8399700,376
2014-09-01,376,381,376,378,3878100,378
2014-09-02,378,383,377,382,7428200,382
2014-09-03,385,386,380,382,5311500,382
2014-09-04,383,393,381,384,17112400,384
2014-09-05,386,387,380,380,6593700,380
2014-09-08,381,382,379,381,3196300,381
2014-09-09,381,382,378,379,3058500,379
2014-09-10,378,387,378,385,13313100,385
2014-09-11,389,391,386,389,14027400,389
2014-09-12,388,396,388,390,18761400,390
2014-09-16,392,393,386,389,6710400,389
2014-09-17,388,389,381,381,8643600,381
2014-09-18,383,385,382,382,6317500,382
2014-09-19,382,385,381,383,4885700,383
2014-09-22,384,384,381,382,5978100,382
2014-09-24,380,382,379,380,3489100,380
2014-09-25,381,383,379,383,3555600,383
2014-09-26,380,386,380,384,7985100,384
2014-09-29,385,389,382,387,7510100,387
2014-09-30,384,386,381,384,5029000,384
2014-10-01,385,386,381,381,4151400,381
2014-10-02,380,381,371,372,9206600,372
2014-10-03,370,376,366,367,7429800,367
2014-10-06,371,371,367,367,4022000,367
2014-10-07,368,373,367,370,6323100,370
2014-10-08,369,369,365,366,5428500,366
2014-10-09,366,367,359,360,8250000,360
2014-10-10,355,358,353,354,7818300,354
2014-10-14,349,349,339,339,10755900,339
2014-10-15,341,344,340,342,6531700,342
2014-10-16,334,334,318,321,19128600,321
2014-10-17,320,329,320,323,14216700,323
2014-10-20,330,334,326,333,9130700,333
2014-10-21,333,337,326,330,9584300,330
2014-10-22,338,343,334,340,9139100,340
2014-10-23,339,340,336,337,7493200,337
2014-10-24,341,344,337,339,4635700,339
2014-10-27,347,410,347,395,148020800,395
2014-10-28,387,403,374,386,87345500,386
2014-10-29,396,413,387,397,115657200,397
2014-10-30,397,402,387,390,41454300,390
2014-10-31,395,404,391,397,33596900,397
2014-11-04,412,413,402,405,28469200,405
2014-11-05,408,445,407,439,187211000,439
2014-11-06,438,454,427,430,88967500,430
2014-11-07,440,444,433,436,48402500,436
2014-11-10,434,446,432,439,38918300,439
2014-11-11,442,445,437,439,30047900,439
2014-11-12,444,444,434,435,20441700,435
2014-11-13,437,443,434,439,25620600,439
2014-11-14,441,449,431,442,35392800,442
2014-11-17,441,442,432,435,18775100,435
2014-11-18,437,443,435,442,21226200,442
2014-11-19,442,470,441,464,102502700,464
2014-11-20,460,464,445,445,37499800,445
2014-11-21,452,454,436,444,34592200,444
2014-11-25,441,445,436,439,16363400,439
2014-11-26,438,443,438,438,11698400,438
2014-11-27,439,441,427,427,16621200,427
2014-11-28,428,434,425,434,14203400,434
2014-12-01,435,439,433,433,10012800,433
2014-12-02,434,438,433,438,6968600,438
2014-12-03,440,448,439,442,14491100,442
2014-12-04,445,452,441,441,17611400,441
2014-12-05,444,447,439,440,12087600,440
2014-12-08,442,443,437,439,9212500,439
2014-12-09,437,442,436,441,9688400,441
2014-12-10,439,447,438,440,18488100,440
2014-12-11,437,449,426,445,26614700,445
2014-12-12,449,474,445,463,72233100,463
2014-12-15,451,470,433,433,55532500,433
2014-12-16,430,440,422,426,24090000,426
2014-12-17,430,435,426,430,20507800,430
2014-12-18,450,466,441,459,98404400,459
2014-12-19,466,475,454,459,46639100,459
2014-12-22,461,463,453,457,22017700,457
2014-12-24,463,472,454,464,56093500,464
2014-12-25,461,465,455,459,22846000,459
2014-12-26,461,487,459,483,72318400,483
2014-12-29,491,515,486,505,121497900,505
2014-12-30,503,510,492,492,42815100,492
2015-01-05,499,510,494,505,46978000,505
2015-01-06,498,518,498,501,70630400,501
2015-01-07,507,513,486,488,63192700,488
2015-01-08,495,501,481,492,42181000,492
2015-01-09,496,498,485,489,23524200,489
2015-01-13,485,485,468,484,31741000,484
2015-01-14,480,485,473,474,20032400,474
2015-01-15,474,484,470,480,19285700,480
2015-01-16,474,479,460,472,29619800,472
2015-01-19,472,475,467,470,11444800,470
2015-01-20,471,480,471,478,13574900,478
2015-01-21,481,483,470,475,16041500,475
2015-01-22,478,483,473,475,14211600,475
2015-01-23,480,481,473,476,8942700,476
2015-01-26,471,475,467,473,9249100,473
2015-01-27,477,498,476,495,50308100,495
2015-01-28,491,508,486,505,55317100,505
2015-01-29,499,508,492,494,28264900,494
2015-01-30,502,513,498,502,60011300,502
2015-02-02,489,493,480,482,40353100,482
2015-02-03,486,487,475,475,18560400,475
2015-02-04,479,482,473,476,12694400,476
2015-02-05,477,479,469,470,17598500,470
2015-02-06,473,475,469,471,10519000,471
2015-02-09,472,475,470,475,10234900,475
2015-02-10,478,483,475,482,14351800,482
2015-02-12,486,488,482,486,17470500,486
2015-02-13,486,487,481,482,12668800,482
2015-02-16,483,485,479,481,8501600,481
2015-02-17,480,481,477,481,8933300,481
2015-02-18,480,481,473,475,16367800,475
2015-02-19,474,482,474,479,12098700,479
2015-02-20,481,482,478,479,6597200,479
2015-02-23,480,481,474,476,7654800,476
2015-02-24,478,480,476,480,5639000,480
2015-02-25,477,479,476,477,7837600,477
2015-02-26,475,476,471,474,12796200,474
2015-02-27,473,475,468,469,11488800,469
2015-03-02,468,470,466,468,6608900,468
2015-03-03,467,469,457,464,14787400,464
2015-03-04,464,467,458,466,10525500,466
2015-03-05,465,473,464,469,11415400,469
2015-03-06,469,473,468,471,8069600,471
2015-03-09,467,468,461,464,8839700,464
2015-03-10,464,466,461,463,7423600,463
2015-03-11,459,467,458,464,7531800,464
2015-03-12,465,468,462,464,9492500,464
2015-03-13,470,471,461,462,13535700,462
2015-03-16,462,463,453,454,13040200,454
2015-03-17,454,456,448,450,14451500,450
2015-03-18,450,451,445,447,11049200,447
2015-03-19,444,453,442,452,13638700,452
2015-03-20,455,466,450,461,20454500,461
2015-03-23,460,462,455,456,12065200,456
2015-03-24,455,462,451,461,11257300,461
2015-03-25,461,465,453,458,10730300,458
2015-03-26,456,457,450,453,8157700,453
2015-03-27,451,458,450,453,11100600,453
2015-03-30,450,461,450,458,12555500,458
2015-03-31,460,463,455,455,11139700,455
2015-04-01,455,458,452,453,9728700,453
2015-04-02,452,460,452,457,9488500,457
2015-04-03,457,458,452,455,6139100,455
2015-04-06,453,459,451,457,6453700,457
2015-04-07,459,464,455,458,9781500,458
2015-04-08,460,465,457,465,10660600,465
2015-04-09,466,483,462,481,32596500,481
2015-04-10,480,480,465,466,22050300,466
2015-04-13,466,467,457,458,10151400,458
2015-04-14,456,464,456,464,9762400,464
2015-04-15,459,483,459,479,29516100,479
2015-04-16,479,484,474,483,16306100,483
2015-04-17,483,483,477,478,10307400,478
2015-04-20,477,480,473,475,7822500,475
2015-04-21,475,485,474,483,19955700,483
2015-04-22,485,488,481,484,18859200,484
2015-04-23,485,486,483,485,8292600,485
2015-04-24,484,491,482,488,17639100,488
2015-04-27,492,495,489,489,13186800,489
2015-04-28,490,494,484,489,13770300,489
2015-04-30,488,491,485,490,12146900,490
2015-05-01,491,491,479,485,11014900,485
2015-05-07,485,506,484,504,46874800,504
2015-05-08,503,514,499,512,45962000,512
2015-05-11,515,521,507,512,27463900,512
2015-05-12,514,519,508,518,15773300,518
2015-05-13,518,528,516,526,32457700,526
2015-05-14,526,528,513,517,16102100,517
2015-05-15,519,522,511,514,10068300,514
2015-05-18,512,520,511,520,11011600,520
2015-05-19,520,527,517,519,15625900,519
2015-05-20,523,549,522,549,40002400,549
2015-05-21,554,630,550,586,288587600,586
2015-05-22,594,598,572,585,83354300,585
2015-05-25,600,627,598,624,147399800,624
2015-05-26,620,645,610,645,150241700,645
2015-05-27,635,670,635,666,192443100,666
2015-05-28,676,730,676,707,298318600,707
2015-05-29,714,714,692,709,131461300,709
2015-06-01,698,747,697,736,160792300,736
2015-06-02,748,772,718,743,336347500,743
2015-06-03,734,754,725,746,185802900,746
2015-06-04,755,760,707,710,197819600,710
2015-06-05,695,715,683,713,209051600,713
2015-06-08,718,720,685,693,119672600,693
2015-06-09,678,693,668,668,114924100,668
2015-06-10,673,684,669,676,112352200,676
2015-06-11,683,691,674,678,81321600,678
2015-06-12,680,680,668,670,54886200,670
2015-06-15,660,670,654,660,58351500,660
2015-06-16,658,691,657,688,92093400,688
2015-06-17,693,697,666,668,94246700,668
2015-06-18,669,685,668,678,70689200,678
2015-06-19,681,685,666,670,70684200,670
2015-06-22,670,678,662,676,50286500,676
2015-06-23,680,702,675,696,82671500,696
2015-06-24,692,704,686,696,56815300,696
2015-06-25,695,709,694,698,91920700,698
2015-06-26,700,701,681,683,34552600,683
2015-06-29,660,674,658,664,49575700,664
2015-06-30,668,671,664,667,29559200,667
2015-07-01,670,673,659,662,24809400,662
2015-07-02,669,670,661,662,16646700,662
2015-07-03,661,668,657,667,24107500,667
2015-07-06,659,665,649,655,24079700,655
2015-07-07,660,704,658,700,58512200,700
2015-07-08,705,708,674,679,58110200,679
2015-07-09,667,701,653,700,77111300,700
2015-07-10,697,699,680,682,42979700,682
2015-07-13,690,705,684,701,49504800,701
2015-07-14,713,737,709,715,108193600,715
2015-07-15,724,725,710,716,59518700,716
2015-07-16,719,745,714,743,81392400,743
2015-07-17,740,744,732,740,60553300,740
2015-07-21,747,774,743,768,107087900,768
2015-07-22,761,798,759,787,167153000,787
2015-07-23,796,807,774,785,92328900,785
2015-07-24,791,797,779,786,51193100,786
2015-07-27,781,784,760,765,44424800,765
2015-07-28,753,806,748,801,104006800,801
2015-07-29,806,814,791,798,78144800,798
2015-07-30,817,848,807,838,168789300,838
2015-07-31,839,890,836,890,163758900,890
2015-08-03,879,939,867,874,292343000,874
2015-08-04,875,922,856,918,202584900,918
2015-08-05,927,930,893,898,172077500,898
2015-08-06,906,922,867,872,181383300,872
2015-08-07,878,889,855,885,144844800,885
2015-08-10,860,861,803,830,200430000,830
2015-08-11,836,849,813,834,133041400,834
2015-08-12,835,855,829,853,83306000,853
2015-08-13,854,898,852,893,128151700,893
2015-08-14,889,915,870,883,146274500,883
2015-08-17,895,904,886,900,70282400,900
2015-08-18,910,912,886,891,87524600,891
2015-08-19,886,908,882,888,84984200,888
2015-08-20,893,898,871,873,53871900,873
2015-08-21,852,865,837,842,66702500,842
2015-08-24,827,832,763,775,113489700,775
2015-08-25,746,841,711,771,181670300,771
2015-08-26,816,840,794,838,84494900,838
2015-08-27,851,864,818,831,79211700,831
2015-08-28,846,853,828,842,55943300,842
2015-08-31,839,850,828,830,49568200,830
2015-09-01,818,820,781,781,71681700,781
2015-09-02,761,808,760,788,77598400,788
2015-09-03,802,815,777,780,55497300,780
2015-09-04,790,795,761,780,52516100,780
2015-09-07,769,791,753,775,57846400,775
2015-09-08,780,781,751,751,35728200,751
2015-09-09,790,795,774,795,62447200,795
2015-09-10,784,829,777,827,108242600,827
2015-09-11,816,846,815,831,86092700,831
2015-09-14,836,844,812,820,56722400,820
2015-09-15,826,828,804,818,48258400,818
2015-09-16,823,824,790,799,54266700,799
2015-09-17,800,821,793,818,38485000,818
2015-09-18,813,815,801,804,29703500,804
2015-09-24,790,806,787,791,26557100,791
2015-09-25,795,819,791,819,41905500,819
2015-09-28,826,833,809,818,35561200,818
2015-09-29,808,813,784,795,38294400,795
2015-09-30,805,807,766,797,51258800,797
2015-10-01,800,820,786,817,42377200,817
2015-10-02,816,827,807,812,32520700,812
2015-10-05,818,825,815,823,21352500,823
2015-10-06,828,833,821,825,24037700,825
2015-10-07,827,843,824,841,38802100,841
2015-10-08,848,855,832,832,38436000,832
2015-10-09,837,842,825,839,28222000,839
2015-10-13,839,847,835,842,19739000,842
2015-10-14,837,840,823,825,22005900,825
2015-10-15,821,837,815,837,23685100,837
2015-10-16,841,848,838,842,23308100,842
2015-10-19,847,876,842,871,67922800,871
2015-10-20,875,876,828,832,52227700,832
2015-10-21,833,843,823,843,24196700,843
2015-10-22,839,848,835,839,15369100,839
2015-10-23,850,851,835,836,19338300,836
2015-10-26,841,845,836,838,12808800,838
2015-10-27,838,847,834,840,12814300,840
2015-10-28,841,843,834,836,11316100,836
2015-10-29,837,839,826,828,12803300,828
2015-10-30,837,841,816,829,27655700,829
2015-11-02,820,823,806,810,19379500,810
2015-11-04,814,818,801,801,16769600,801
2015-11-05,799,800,781,793,24558700,793
2015-11-06,796,811,795,809,14526200,809
2015-11-09,811,816,803,808,13828000,808
2015-11-10,803,806,797,801,11135100,801
2015-11-11,798,802,794,799,12958500,799
2015-11-12,799,805,797,800,9918800,800
2015-11-13,795,799,790,790,9295600,790
2015-11-16,775,787,774,779,10470900,779
2015-11-17,786,790,783,785,9411800,785
2015-11-18,785,790,781,783,9229400,783
2015-11-19,788,789,780,782,8313100,782
2015-11-20,783,785,777,781,7848500,781
2015-11-24,778,780,770,770,10116500,770
2015-11-25,766,802,763,792,39747600,792
2015-11-26,786,796,782,783,13088400,783
2015-11-27,785,785,766,768,12065000,768
2015-11-30,768,772,752,754,13679700,754
2015-12-01,752,773,752,773,13828800,773
2015-12-02,772,780,769,775,8493600,775
2015-12-03,775,778,766,766,10070600,766
2015-12-04,759,764,757,764,11699300,764
2015-12-07,770,770,763,764,6780200,764
2015-12-08,763,764,754,755,8942000,755
2015-12-09,756,763,751,753,9635700,753
2015-12-10,750,765,748,756,12120100,756
2015-12-11,750,756,750,753,9322700,753
2015-12-14,743,744,718,738,21787100,738
2015-12-15,737,744,728,731,10734600,731
2015-12-16,737,739,729,732,7798100,732
2015-12-17,739,759,735,756,19547000,756
2015-12-18,749,762,736,737,17190100,737
2015-12-21,733,734,716,732,13298300,732
2015-12-22,732,733,720,733,13257100,733
2015-12-24,734,743,718,722,11208700,722
2015-12-25,714,717,671,673,29177400,673
2015-12-28,663,694,663,692,19857500,692
2015-12-29,687,697,675,692,11573700,692
2015-12-30,690,705,690,699,10905700,699
2016-01-04,689,696,680,684,10437900,684
2016-01-05,677,694,675,691,12309300,691
2016-01-06,695,700,677,681,11706000,681
2016-01-07,681,696,679,691,17785600,691
2016-01-08,685,692,677,681,20905200,681
2016-01-12,671,679,656,659,21341400,659
2016-01-13,667,670,658,668,14279500,668
2016-01-14,650,652,628,639,15129500,639
2016-01-15,643,643,626,631,15172300,631
2016-01-18,601,615,593,610,16635900,610
2016-01-19,607,616,599,607,14862600,607
2016-01-20,601,605,570,572,16499400,572
2016-01-21,564,589,548,548,38717300,548
2016-01-22,570,589,558,585,25832400,585
2016-01-25,591,593,575,585,16147500,585
2016-01-26,579,579,562,564,12696500,564
2016-01-27,574,589,572,585,14715900,585
2016-01-28,580,585,574,576,12250500,576
2016-01-29,580,601,572,600,19698100,600
2016-02-01,640,641,612,619,18758600,619
2016-02-02,613,654,611,644,25294900,644
2016-02-03,630,635,611,622,23116700,622
2016-02-04,615,629,610,613,16886900,613
2016-02-05,605,606,591,601,15111000,601
2016-02-08,588,613,586,609,12471200,609
2016-02-09,599,605,586,591,19736400,591
2016-02-10,588,591,531,549,32844700,549
2016-02-12,539,558,522,527,26511900,527
2016-02-15,550,583,537,577,23231200,577
2016-02-16,574,577,561,563,19114800,563
2016-02-17,559,562,532,544,15819100,544
2016-02-18,555,575,554,572,22167100,572
2016-02-19,571,576,553,565,24817100,565
2016-02-22,561,562,550,560,12104400,560
2016-02-23,565,582,564,567,20383600,567
2016-02-24,562,565,551,554,15956300,554
2016-02-25,558,585,557,582,19052100,582
2016-02-26,588,609,588,594,17426400,594
2016-02-29,604,610,572,572,19005200,572
2016-03-01,577,594,570,589,17185200,589
2016-03-02,608,611,599,603,16904600,603
2016-03-03,605,617,604,611,13697000,611
2016-03-04,619,635,613,630,19925500,630
2016-03-07,635,635,616,623,12183200,623
2016-03-08,615,623,609,617,12790600,617
2016-03-09,609,616,603,607,11943900,607
2016-03-10,586,602,570,594,34582500,594
2016-03-11,587,593,574,585,20451200,585
2016-03-14,595,607,589,603,11494200,603
2016-03-15,607,611,600,604,10644800,604
2016-03-16,598,604,588,588,7927700,588
2016-03-17,592,596,576,580,12015100,580
2016-03-18,580,588,565,569,18642100,569
2016-03-22,578,588,575,584,10841300,584
2016-03-23,586,595,584,587,7452400,587
2016-03-24,585,589,581,581,7189900,581
2016-03-25,580,590,579,586,6437200,586
2016-03-28,586,599,586,599,10237400,599
2016-03-29,598,610,598,607,11233300,607
2016-03-30,607,608,592,592,10514500,592
2016-03-31,599,624,589,619,24713800,619
2016-04-01,618,622,593,595,19391900,595
2016-04-04,593,618,593,611,14666100,611
2016-04-05,605,606,593,595,14210100,595
2016-04-06,590,606,574,602,23816800,602
2016-04-07,599,602,577,582,13934600,582
2016-04-08,572,592,562,583,16724700,583
2016-04-11,581,583,570,577,10427200,577
2016-04-12,580,594,578,589,11599000,589
2016-04-13,598,603,593,601,12307900,601
2016-04-14,610,624,604,621,23100600,621
2016-04-15,612,624,609,620,15615300,620
2016-04-18,603,607,590,592,18835800,592
2016-04-19,601,609,600,605,15674100,605
2016-04-20,614,619,606,608,13543900,608
2016-04-21,618,618,608,610,10877400,610
2016-04-22,605,609,601,609,13004700,609
2016-04-25,610,614,602,610,12855100,610
2016-04-26,612,618,599,606,14969900,606
2016-04-27,609,614,601,603,12854700,603
2016-04-28,604,616,587,590,18732000,590
2016-05-02,573,580,558,564,20172700,564
2016-05-06,559,561,537,543,17344700,543
2016-05-09,550,550,521,526,20552800,526
2016-05-10,528,538,523,538,15798900,538
2016-05-11,537,546,533,537,13905700,537
2016-05-12,529,535,525,535,11559500,535
2016-05-13,535,541,527,527,12837900,527
2016-05-16,526,528,507,517,13566300,517
2016-05-17,518,532,517,531,8875900,531
2016-05-18,525,535,522,531,14294400,531
2016-05-19,533,535,524,526,12529100,526
2016-05-20,530,535,526,532,9861700,532
2016-05-23,534,535,520,522,13523800,522
2016-05-24,523,523,512,513,9730400,513
2016-05-25,520,522,514,515,7830000,515
2016-05-26,520,522,510,511,11696000,511
2016-05-27,512,513,506,509,13115200,509
2016-05-30,506,514,504,512,10549900,512
2016-05-31,517,523,514,521,13940800,521
2016-06-01,518,518,508,509,17227200,509
2016-06-02,509,509,493,495,18713800,495
2016-06-03,494,498,479,483,14995000,483
2016-06-06,475,486,472,485,18270400,485
2016-06-07,487,488,479,480,10332700,480
2016-06-08,475,477,468,473,15192900,473
2016-06-09,477,480,469,472,12896300,472
2016-06-10,471,472,462,467,12616500,467
2016-06-13,454,455,442,442,12648100,442
2016-06-14,442,448,440,442,14003600,442
2016-06-15,438,443,429,438,20503300,438
2016-06-16,439,443,427,429,13012700,429
2016-06-17,433,436,429,433,18918200,433
2016-06-20,435,451,435,442,15733800,442
2016-06-21,439,444,433,442,9068500,442
2016-06-22,443,444,423,425,15701500,425
2016-06-23,427,431,425,430,9030000,430
2016-06-24,435,437,387,395,22120300,395
2016-06-27,395,419,395,415,13962500,415
2016-06-28,407,422,401,415,15267900,415
2016-06-29,427,429,415,419,10899400,419
2016-06-30,428,435,421,432,14933100,432
2016-07-01,435,438,426,428,11071300,428
2016-07-04,430,430,420,426,8847500,426
2016-07-05,426,430,421,425,8318700,425
2016-07-06,417,419,406,412,9716000,412
2016-07-07,415,416,406,409,6954200,409
2016-07-08,409,410,402,403,8561300,403
2016-07-11,413,415,405,411,8266500,411
2016-07-12,417,430,416,422,11238000,422
2016-07-13,432,437,426,435,12246800,435
2016-07-14,439,439,430,430,7193000,430
2016-07-15,434,444,431,440,11171300,440
2016-07-19,441,443,424,427,10656800,427
2016-07-20,420,422,413,421,9675900,421
2016-07-21,422,425,416,421,6477900,421
2016-07-22,419,424,417,421,7633800,421
2016-07-25,423,434,421,429,9739500,429
2016-07-26,429,429,415,417,9732000,417
2016-07-27,416,422,415,419,8941600,419
2016-07-28,419,420,411,412,7057400,412
2016-07-29,409,410,395,404,18862500,404
2016-08-01,395,396,383,387,18396600,387
2016-08-02,381,384,375,375,13210900,375
2016-08-03,368,368,354,358,16801800,358
2016-08-04,363,365,357,361,12220500,361
2016-08-05,361,362,358,360,7159400,360
2016-08-08,364,365,354,358,13473900,358
2016-08-09,360,362,348,352,14663500,352
2016-08-10,353,353,343,346,12910900,346
2016-08-12,350,363,349,359,12947300,359
2016-08-15,357,359,350,350,7186200,350
2016-08-16,350,359,348,348,11277700,348
2016-08-17,350,362,349,360,12577700,360
2016-08-18,357,357,344,345,17278500,345
2016-08-19,349,351,345,348,10923300,348
2016-08-22,353,354,349,353,7198800,353
2016-08-23,356,375,355,372,26751900,372
2016-08-24,377,392,373,378,27361200,378
2016-08-25,380,382,367,370,13112900,370
2016-08-26,370,370,362,363,10047000,363
2016-08-29,364,369,363,366,6490100,366
2016-08-30,363,375,357,374,14989200,374
2016-08-31,406,424,388,417,97108900,417
2016-09-01,430,438,417,422,69687000,422
2016-09-02,418,433,411,431,52402000,431
2016-09-05,428,452,428,431,67592900,431
2016-09-06,432,435,422,434,30813100,434
2016-09-07,435,444,432,437,39322900,437
2016-09-08,438,439,425,427,27410500,427
2016-09-09,426,434,424,431,20131600,431
2016-09-12,423,428,418,421,20018400,421
2016-09-13,425,425,413,414,17767500,414
2016-09-14,406,410,402,404,19892800,404
2016-09-15,404,406,398,404,15752100,404
2016-09-16,403,415,401,414,20016100,414
2016-09-20,411,423,411,419,15589300,419
2016-09-21,424,431,415,430,22415200,430
2016-09-23,429,430,422,427,13179000,427
2016-09-26,429,437,425,431,17352400,431
2016-09-27,427,438,424,438,19025900,438
2016-09-28,438,440,433,436,11583900,436
2016-09-29,439,470,437,453,56922100,453
2016-09-30,443,445,434,435,20015400,435
2016-10-03,436,440,425,427,12048100,427
2016-10-04,426,432,424,428,10284800,428
2016-10-05,430,431,394,414,64635500,414
2016-10-06,416,420,411,416,18928900,416
2016-10-07,415,418,412,416,10543400,416
2016-10-11,416,425,414,419,8171200,419
2016-10-12,415,420,409,411,16740000,411
2016-10-13,409,417,405,409,16604900,409
2016-10-14,409,421,408,418,15438400,418
2016-10-17,394,395,382,385,60971700,385
2016-10-18,386,392,386,391,22763300,391
2016-10-19,391,398,391,395,23133700,395
2016-10-20,399,405,398,403,13015700,403
2016-10-21,408,410,405,406,11318200,406
2016-10-24,408,410,401,403,7825000,403
2016-10-25,405,409,405,406,8822300,406
2016-10-26,407,412,404,410,11001100,410
2016-10-27,411,413,409,411,8041900,411
2016-10-28,415,417,412,413,8818000,413
2016-10-31,409,412,405,408,8572400,408
2016-11-01,405,430,405,424,25846200,424
2016-11-02,420,430,418,425,30091300,425
2016-11-04,420,424,413,415,15034600,415
2016-11-07,417,419,408,410,10998100,410
2016-11-08,413,414,406,407,7846200,407
2016-11-09,408,412,385,391,26335400,391
2016-11-10,409,410,403,407,12046700,407
2016-11-11,409,410,401,403,10076000,403
2016-11-14,405,408,403,405,7864100,405
2016-11-15,407,412,404,406,13273300,406
2016-11-16,408,415,405,415,13596300,415
2016-11-17,416,425,415,425,16376500,425
2016-11-18,428,429,422,424,13163700,424
2016-11-21,429,436,427,427,18060300,427
2016-11-22,423,424,416,421,17772000,421
2016-11-24,422,424,418,422,7913800,422
2016-11-25,420,428,419,427,12297600,427
2016-11-28,423,432,421,431,14535300,431
2016-11-29,431,433,427,429,8805400,429
2016-11-30,432,435,425,425,15519100,425
2016-12-01,428,429,423,424,9122800,424
2016-12-02,423,426,418,420,10476700,420
2016-12-05,419,420,414,417,8440400,417
2016-12-06,420,429,416,428,17975400,428
2016-12-07,433,457,430,457,40141400,457
2016-12-08,473,537,472,537,110148400,537
2016-12-09,551,566,512,521,134585300,521
2016-12-12,524,536,504,513,49933500,513
2016-12-13,512,539,508,533,58780300,533
2016-12-14,532,558,526,539,98878000,539
2016-12-15,537,552,518,527,55395600,527
2016-12-16,537,543,527,537,39104900,537
2016-12-19,539,544,529,536,19451300,536
2016-12-20,532,534,513,516,27718000,516
2016-12-21,517,521,507,510,21338500,510
2016-12-22,509,509,494,500,17603700,500
2016-12-26,498,506,490,492,18341000,492
2016-12-27,495,502,493,497,13133600,497
2016-12-28,495,499,492,495,10250900,495
2016-12-29,491,493,474,480,19555400,480
2016-12-30,474,479,471,472,14087700,472
2017-01-04,482,506,480,493,30599500,493
