Date,Open,High,Low,Close,Volume,Adj Close
2008-10-20,413.0,428.0,404.0,425.0,20404000,425.0
2008-10-21,442.0,445.0,432.0,441.0,17892000,441.0
2008-10-22,445.0,447.0,410.0,413.0,16157000,413.0
2008-10-23,398.0,425.0,396.0,422.0,22121000,422.0
2008-10-24,423.0,424.0,400.0,411.0,17661000,411.0
2008-10-27,401.0,402.0,373.0,378.0,19698000,378.0
2008-10-28,381.0,424.0,379.0,409.0,23615000,409.0
2008-10-29,423.0,441.0,405.0,436.0,23885000,436.0
2008-10-30,437.0,443.0,412.0,423.0,20147000,423.0
2008-10-31,433.0,433.0,415.0,420.0,13529000,420.0
2008-11-04,450.0,451.0,438.0,445.0,13754000,445.0
2008-11-05,455.0,456.0,427.0,438.0,13765000,438.0
2008-11-06,428.0,442.0,425.0,435.0,14995000,435.0
2008-11-07,430.0,440.0,423.0,428.0,16244000,428.0
2008-11-10,438.0,444.0,435.0,441.0,14635000,441.0
2008-11-11,436.0,442.0,428.0,428.0,8587000,428.0
2008-11-12,423.0,428.0,414.0,420.0,12979000,420.0
2008-11-13,410.0,422.0,408.0,413.0,14139000,413.0
2008-11-14,415.0,420.0,410.0,417.0,11660000,417.0
2008-11-17,419.0,440.0,415.0,432.0,14192000,432.0
2008-11-18,429.0,445.0,426.0,434.0,15140000,434.0
2008-11-19,439.0,452.0,433.0,451.0,18650000,451.0
2008-11-20,456.0,470.0,454.0,461.0,35658000,461.0
2008-11-21,457.0,462.0,447.0,454.0,24287000,454.0
2008-11-25,474.0,475.0,445.0,465.0,19330000,465.0
2008-11-26,455.0,466.0,453.0,459.0,13526000,459.0
2008-11-27,462.0,468.0,459.0,463.0,9618000,463.0
2008-11-28,455.0,456.0,429.0,430.0,20495000,430.0
2008-12-01,427.0,446.0,426.0,437.0,15110000,437.0
2008-12-02,447.0,462.0,443.0,455.0,19075000,455.0
2008-12-03,468.0,474.0,462.0,473.0,18299000,473.0
2008-12-04,477.0,482.0,468.0,477.0,21965000,477.0
2008-12-05,482.0,495.0,478.0,492.0,29945000,492.0
2008-12-08,487.0,502.0,486.0,494.0,17809000,494.0
2008-12-09,497.0,498.0,481.0,486.0,17106000,486.0
2008-12-10,481.0,485.0,467.0,471.0,17295000,471.0
2008-12-11,446.0,460.0,442.0,450.0,24542000,450.0
2008-12-12,445.0,457.0,439.0,457.0,25051000,457.0
2008-12-15,458.0,464.0,449.0,451.0,14933000,451.0
2008-12-16,442.0,447.0,434.0,435.0,14865000,435.0
2008-12-17,438.0,449.0,433.0,448.0,17767000,448.0
2008-12-18,457.0,465.0,445.0,449.0,12908000,449.0
2008-12-19,451.0,453.0,442.0,443.0,11993000,443.0
2008-12-22,441.0,449.0,438.0,447.0,9711000,447.0
2008-12-24,455.0,467.0,451.0,466.0,20042000,466.0
2008-12-25,462.0,465.0,449.0,453.0,7366000,453.0
2008-12-26,451.0,455.0,441.0,444.0,5027000,444.0
2008-12-29,445.0,452.0,441.0,451.0,6164000,451.0
2008-12-30,454.0,456.0,450.0,455.0,5031000,455.0
2009-01-05,465.0,466.0,453.0,453.0,6252000,453.0
2009-01-06,458.0,458.0,437.0,437.0,9533000,437.0
2009-01-07,440.0,441.0,407.0,410.0,23371000,410.0
2009-01-08,418.0,427.0,415.0,417.0,14339000,417.0
2009-01-09,419.0,421.0,410.0,412.0,10652000,412.0
2009-01-13,412.0,414.0,400.0,400.0,15263000,400.0
2009-01-14,401.0,411.0,400.0,407.0,10482000,407.0
2009-01-15,401.0,405.0,398.0,402.0,13799000,402.0
2009-01-16,405.0,425.0,404.0,422.0,13822000,422.0
2009-01-19,426.0,429.0,420.0,427.0,9614000,427.0
2009-01-20,424.0,428.0,414.0,422.0,6432000,422.0
2009-01-21,417.0,418.0,411.0,412.0,9461000,412.0
2009-01-22,421.0,435.0,419.0,434.0,16464000,434.0
2009-01-23,433.0,436.0,425.0,426.0,8521000,426.0
2009-01-26,433.0,435.0,425.0,431.0,7756000,431.0
2009-01-27,435.0,444.0,434.0,440.0,10556000,440.0
2009-01-28,435.0,436.0,422.0,426.0,7983000,426.0
2009-01-29,416.0,420.0,413.0,418.0,16340000,418.0
2009-01-30,419.0,428.0,415.0,427.0,11459000,427.0
2009-02-02,425.0,429.0,410.0,422.0,11783000,422.0
2009-02-03,425.0,425.0,410.0,412.0,13339000,412.0
2009-02-04,411.0,413.0,403.0,407.0,17756000,407.0
2009-02-05,408.0,409.0,394.0,397.0,19479000,397.0
2009-02-06,396.0,404.0,391.0,393.0,17274000,393.0
2009-02-09,395.0,396.0,374.0,382.0,21034000,382.0
2009-02-10,380.0,386.0,379.0,382.0,13967000,382.0
2009-02-12,385.0,395.0,379.0,389.0,20022000,389.0
2009-02-13,394.0,397.0,383.0,384.0,19885000,384.0
2009-02-16,381.0,401.0,380.0,397.0,13006000,397.0
2009-02-17,398.0,403.0,393.0,396.0,9485000,396.0
2009-02-18,398.0,398.0,390.0,394.0,8586000,394.0
2009-02-19,389.0,398.0,389.0,393.0,11495000,393.0
2009-02-20,394.0,400.0,390.0,392.0,7148000,392.0
2009-02-23,394.0,399.0,390.0,395.0,9895000,395.0
2009-02-24,386.0,389.0,383.0,386.0,8819000,386.0
2009-02-25,386.0,388.0,379.0,384.0,10482000,384.0
2009-02-26,383.0,386.0,380.0,382.0,7720000,382.0
2009-02-27,383.0,394.0,381.0,394.0,10372000,394.0
2009-03-02,379.0,381.0,365.0,369.0,21650000,369.0
2009-03-03,362.0,368.0,360.0,363.0,13352000,363.0
2009-03-04,358.0,362.0,355.0,360.0,10548000,360.0
2009-03-05,360.0,366.0,356.0,358.0,13564000,358.0
2009-03-06,355.0,369.0,355.0,365.0,16141000,365.0
2009-03-09,360.0,363.0,355.0,356.0,11037000,356.0
2009-03-10,352.0,353.0,342.0,343.0,13145000,343.0
2009-03-11,347.0,351.0,340.0,341.0,14768000,341.0
2009-03-12,342.0,345.0,334.0,336.0,14166000,336.0
2009-03-13,335.0,341.0,334.0,336.0,23416000,336.0
2009-03-16,336.0,342.0,336.0,339.0,12908000,339.0
2009-03-17,342.0,345.0,339.0,343.0,16717000,343.0
2009-03-18,345.0,353.0,341.0,351.0,17595000,351.0
2009-03-19,358.0,365.0,352.0,353.0,15060000,353.0
2009-03-23,354.0,366.0,353.0,364.0,13130000,364.0
2009-03-24,369.0,369.0,354.0,359.0,17052000,359.0
2009-03-25,361.0,369.0,355.0,369.0,14108000,369.0
2009-03-26,368.0,372.0,361.0,371.0,10850000,371.0
2009-03-27,371.0,375.0,366.0,369.0,8875000,369.0
2009-03-30,364.0,370.0,358.0,360.0,12105000,360.0
2009-03-31,355.0,358.0,343.0,345.0,11987000,345.0
2009-04-01,350.0,357.0,342.0,349.0,9409000,349.0
2009-04-02,351.0,356.0,348.0,352.0,12321000,352.0
2009-04-03,352.0,352.0,332.0,336.0,27275000,336.0
2009-04-06,338.0,345.0,336.0,342.0,15441000,342.0
2009-04-07,343.0,351.0,341.0,349.0,12868000,349.0
2009-04-08,351.0,353.0,345.0,351.0,13487000,351.0
2009-04-09,349.0,350.0,344.0,346.0,8879000,346.0
2009-04-10,351.0,351.0,344.0,346.0,9455000,346.0
2009-04-13,344.0,346.0,340.0,341.0,6029000,341.0
2009-04-14,343.0,347.0,340.0,345.0,8656000,345.0
2009-04-15,350.0,355.0,346.0,353.0,12212000,353.0
2009-04-16,352.0,355.0,349.0,349.0,9736000,349.0
2009-04-17,348.0,350.0,342.0,345.0,16835000,345.0
2009-04-20,354.0,356.0,351.0,353.0,9963000,353.0
2009-04-21,353.0,358.0,348.0,357.0,16401000,357.0
2009-04-22,352.0,357.0,348.0,351.0,11199000,351.0
2009-04-23,352.0,358.0,349.0,357.0,6983000,357.0
2009-04-24,365.0,368.0,354.0,358.0,12194000,358.0
2009-04-27,359.0,362.0,347.0,348.0,12293000,348.0
2009-04-28,351.0,362.0,350.0,358.0,16032000,358.0
2009-04-30,365.0,377.0,361.0,374.0,22760000,374.0
2009-05-01,370.0,371.0,359.0,363.0,12316000,363.0
2009-05-07,367.0,367.0,358.0,361.0,12324000,361.0
2009-05-08,359.0,364.0,357.0,364.0,13032000,364.0
2009-05-11,367.0,370.0,360.0,361.0,10560000,361.0
2009-05-12,363.0,363.0,356.0,356.0,7778000,356.0
2009-05-13,355.0,362.0,354.0,362.0,10730000,362.0
2009-05-14,358.0,364.0,356.0,357.0,10928000,357.0
2009-05-15,357.0,360.0,355.0,355.0,7986000,355.0
2009-05-18,355.0,357.0,349.0,349.0,7771000,349.0
2009-05-19,350.0,356.0,349.0,356.0,10817000,356.0
2009-05-20,353.0,354.0,350.0,351.0,9704000,351.0
2009-05-21,348.0,356.0,348.0,356.0,7932000,356.0
2009-05-22,353.0,355.0,351.0,352.0,9453000,352.0
2009-05-25,355.0,357.0,352.0,352.0,6812000,352.0
2009-05-26,354.0,356.0,352.0,354.0,6157000,354.0
2009-05-27,356.0,357.0,352.0,353.0,9093000,353.0
2009-05-28,354.0,354.0,350.0,350.0,6374000,350.0
2009-05-29,352.0,352.0,345.0,349.0,10204000,349.0
2009-06-01,348.0,350.0,346.0,349.0,6577000,349.0
2009-06-02,351.0,351.0,344.0,346.0,16560000,346.0
2009-06-03,346.0,349.0,345.0,346.0,13564000,346.0
2009-06-04,345.0,348.0,343.0,348.0,10005000,348.0
2009-06-05,346.0,349.0,346.0,346.0,5832000,346.0
2009-06-08,348.0,352.0,347.0,349.0,6207000,349.0
2009-06-09,349.0,349.0,342.0,343.0,11512000,343.0
2009-06-10,344.0,346.0,342.0,346.0,7937000,346.0
2009-06-11,343.0,344.0,342.0,343.0,9604000,343.0
2009-06-12,341.0,346.0,340.0,345.0,19003000,345.0
2009-06-15,344.0,357.0,343.0,353.0,18830000,353.0
2009-06-16,356.0,356.0,349.0,351.0,15399000,351.0
2009-06-17,350.0,352.0,345.0,347.0,9196000,347.0
2009-06-18,345.0,348.0,343.0,347.0,13153000,347.0
2009-06-19,348.0,353.0,347.0,351.0,12702000,351.0
2009-06-22,351.0,356.0,348.0,349.0,19834000,349.0
2009-06-23,347.0,348.0,342.0,345.0,13552000,345.0
2009-06-24,345.0,346.0,342.0,342.0,16544000,342.0
2009-06-25,344.0,346.0,341.0,344.0,10252000,344.0
2009-06-26,345.0,348.0,343.0,346.0,6072000,346.0
2009-06-29,347.0,347.0,342.0,342.0,9194000,342.0
2009-06-30,343.0,345.0,342.0,345.0,8338000,345.0
2009-07-01,343.0,346.0,343.0,343.0,7942000,343.0
2009-07-02,346.0,349.0,345.0,347.0,10114000,347.0
2009-07-03,346.0,350.0,345.0,349.0,9142000,349.0
2009-07-06,349.0,354.0,348.0,352.0,11182000,352.0
2009-07-07,352.0,357.0,350.0,355.0,15559000,355.0
2009-07-08,355.0,357.0,351.0,353.0,8766000,353.0
2009-07-09,350.0,354.0,348.0,354.0,12056000,354.0
2009-07-10,357.0,357.0,352.0,355.0,10326000,355.0
2009-07-13,352.0,359.0,349.0,350.0,11673000,350.0
2009-07-14,351.0,351.0,345.0,349.0,11635000,349.0
2009-07-15,348.0,349.0,341.0,342.0,13641000,342.0
2009-07-16,343.0,347.0,342.0,343.0,9296000,343.0
2009-07-17,344.0,351.0,343.0,349.0,6774000,349.0
2009-07-21,353.0,354.0,347.0,350.0,8524000,350.0
2009-07-22,351.0,353.0,349.0,353.0,5380000,353.0
2009-07-23,354.0,355.0,351.0,351.0,5423000,351.0
2009-07-24,353.0,355.0,352.0,352.0,6546000,352.0
2009-07-27,352.0,354.0,349.0,350.0,6077000,350.0
2009-07-28,352.0,355.0,351.0,353.0,6034000,353.0
2009-07-29,353.0,356.0,351.0,353.0,5604000,353.0
2009-07-30,353.0,353.0,348.0,349.0,10794000,349.0
2009-07-31,351.0,351.0,346.0,347.0,10023000,347.0
2009-08-03,348.0,351.0,347.0,348.0,7498000,348.0
2009-08-04,347.0,351.0,346.0,351.0,8341000,351.0
2009-08-05,352.0,356.0,351.0,355.0,7848000,355.0
2009-08-06,355.0,359.0,354.0,359.0,11275000,359.0
2009-08-07,356.0,360.0,353.0,358.0,7975000,358.0
2009-08-10,360.0,360.0,356.0,357.0,4414000,357.0
2009-08-11,357.0,357.0,353.0,356.0,4766000,356.0
2009-08-12,354.0,355.0,351.0,352.0,5164000,352.0
2009-08-13,353.0,353.0,351.0,353.0,3202000,353.0
2009-08-14,353.0,355.0,351.0,355.0,5135000,355.0
2009-08-17,354.0,354.0,348.0,350.0,8077000,350.0
2009-08-18,349.0,351.0,348.0,349.0,5383000,349.0
2009-08-19,348.0,348.0,344.0,346.0,8218000,346.0
2009-08-20,345.0,349.0,344.0,347.0,6718000,347.0
2009-08-21,347.0,348.0,344.0,345.0,8764000,345.0
2009-08-24,350.0,354.0,350.0,352.0,8714000,352.0
2009-08-25,353.0,355.0,351.0,353.0,3727000,353.0
2009-08-26,354.0,359.0,354.0,358.0,6679000,358.0
2009-08-27,359.0,360.0,354.0,356.0,7806000,356.0
2009-08-28,358.0,365.0,357.0,363.0,11847000,363.0
2009-08-31,364.0,376.0,363.0,373.0,26328000,373.0
2009-09-01,371.0,377.0,368.0,369.0,11962000,369.0
2009-09-02,370.0,370.0,364.0,368.0,7750000,368.0
2009-09-03,369.0,372.0,367.0,369.0,5698000,369.0
2009-09-04,370.0,372.0,367.0,369.0,10820000,369.0
2009-09-07,371.0,371.0,363.0,364.0,7153000,364.0
2009-09-08,363.0,370.0,363.0,365.0,9103000,365.0
2009-09-09,367.0,367.0,362.0,366.0,5829000,366.0
2009-09-10,368.0,371.0,367.0,370.0,6996000,370.0
2009-09-11,371.0,373.0,367.0,368.0,9366000,368.0
2009-09-14,372.0,373.0,367.0,372.0,8802000,372.0
2009-09-15,374.0,383.0,374.0,378.0,16996000,378.0
2009-09-16,376.0,378.0,367.0,370.0,12355000,370.0
2009-09-17,369.0,372.0,367.0,370.0,7989000,370.0
2009-09-18,369.0,372.0,365.0,370.0,10068000,370.0
2009-09-24,371.0,379.0,368.0,379.0,14986000,379.0
2009-09-25,373.0,373.0,365.0,369.0,7070000,369.0
2009-09-28,364.0,372.0,362.0,367.0,8443000,367.0
2009-09-29,370.0,370.0,360.0,365.0,8603000,365.0
2009-09-30,367.0,373.0,364.0,373.0,7040000,373.0
2009-10-01,373.0,376.0,370.0,371.0,6226000,371.0
2009-10-02,373.0,379.0,372.0,374.0,15332000,374.0
2009-10-05,370.0,376.0,370.0,374.0,7367000,374.0
2009-10-06,373.0,374.0,369.0,371.0,8181000,371.0
2009-10-07,375.0,375.0,369.0,375.0,9957000,375.0
2009-10-08,373.0,373.0,366.0,368.0,10694000,368.0
2009-10-09,371.0,372.0,363.0,366.0,11665000,366.0
2009-10-13,364.0,365.0,359.0,362.0,10726000,362.0
2009-10-14,367.0,375.0,364.0,364.0,20885000,364.0
2009-10-15,365.0,369.0,365.0,369.0,11210000,369.0
2009-10-16,370.0,372.0,367.0,368.0,6661000,368.0
2009-10-19,368.0,371.0,365.0,368.0,7431000,368.0
2009-10-20,369.0,373.0,367.0,369.0,13381000,369.0
2009-10-21,367.0,367.0,363.0,366.0,11935000,366.0
2009-10-22,365.0,366.0,360.0,363.0,8572000,363.0
2009-10-23,359.0,360.0,355.0,356.0,8576000,356.0
2009-10-26,358.0,360.0,355.0,357.0,5926000,357.0
2009-10-27,358.0,360.0,355.0,355.0,6726000,355.0
2009-10-28,353.0,359.0,353.0,359.0,6784000,359.0
2009-10-29,360.0,366.0,359.0,364.0,12284000,364.0
2009-10-30,366.0,366.0,358.0,359.0,7068000,359.0
2009-11-02,354.0,363.0,354.0,362.0,10767000,362.0
2009-11-04,359.0,361.0,355.0,358.0,9173000,358.0
2009-11-05,357.0,359.0,350.0,352.0,8787000,352.0
2009-11-06,353.0,355.0,349.0,352.0,7655000,352.0
2009-11-09,353.0,353.0,338.0,340.0,16166000,340.0
2009-11-10,339.0,344.0,339.0,340.0,9015000,340.0
2009-11-11,342.0,345.0,337.0,338.0,13180000,338.0
2009-11-12,336.0,338.0,330.0,337.0,9457000,337.0
2009-11-13,339.0,341.0,333.0,336.0,11815000,336.0
2009-11-16,335.0,340.0,335.0,340.0,4945000,340.0
2009-11-17,341.0,345.0,338.0,345.0,9561000,345.0
2009-11-18,346.0,346.0,340.0,343.0,12140000,343.0
2009-11-19,343.0,346.0,341.0,345.0,9353000,345.0
2009-11-20,340.0,345.0,338.0,339.0,9610000,339.0
2009-11-24,341.0,348.0,340.0,343.0,11000000,343.0
2009-11-25,345.0,352.0,343.0,349.0,10988000,349.0
2009-11-26,348.0,352.0,346.0,348.0,6923000,348.0
2009-11-27,347.0,353.0,343.0,345.0,10288000,345.0
2009-11-30,346.0,356.0,345.0,356.0,12257000,356.0
2009-12-01,355.0,359.0,354.0,358.0,10606000,358.0
2009-12-02,361.0,365.0,360.0,361.0,11604000,361.0
2009-12-03,361.0,365.0,360.0,362.0,10336000,362.0
2009-12-04,362.0,366.0,357.0,357.0,13108000,357.0
2009-12-07,362.0,365.0,362.0,363.0,12281000,363.0
2009-12-08,365.0,368.0,364.0,367.0,14350000,367.0
2009-12-09,367.0,373.0,366.0,368.0,12326000,368.0
2009-12-10,368.0,375.0,365.0,366.0,10428000,366.0
2009-12-11,365.0,367.0,359.0,365.0,13450000,365.0
2009-12-14,362.0,363.0,358.0,359.0,7656000,359.0
2009-12-15,363.0,367.0,360.0,360.0,6489000,360.0
2009-12-16,369.0,371.0,366.0,367.0,5748000,367.0
2009-12-17,367.0,368.0,360.0,361.0,6696000,361.0
2009-12-18,359.0,364.0,358.0,359.0,7363000,359.0
2009-12-21,361.0,362.0,358.0,358.0,4718000,358.0
2009-12-22,363.0,364.0,357.0,359.0,8466000,359.0
2009-12-24,362.0,370.0,361.0,366.0,13278000,366.0
2009-12-25,368.0,371.0,367.0,369.0,4576000,369.0
2009-12-28,372.0,376.0,371.0,371.0,5629000,371.0
2009-12-29,374.0,376.0,372.0,375.0,4672000,375.0
2009-12-30,376.0,377.0,370.0,371.0,5566000,371.0
2010-01-04,370.0,374.0,369.0,373.0,4298000,373.0
2010-01-05,376.0,379.0,373.0,376.0,8038000,376.0
2010-01-06,372.0,378.0,372.0,373.0,7601000,373.0
2010-01-07,374.0,377.0,373.0,377.0,4850000,377.0
2010-01-08,377.0,379.0,375.0,375.0,9800000,375.0
2010-01-12,373.0,378.0,373.0,375.0,6386000,375.0
2010-01-13,378.0,384.0,376.0,376.0,7313000,376.0
2010-01-14,376.0,377.0,374.0,374.0,4820000,374.0
2010-01-15,376.0,376.0,373.0,374.0,8896000,374.0
2010-01-18,378.0,380.0,374.0,374.0,5794000,374.0
2010-01-19,372.0,375.0,371.0,374.0,5731000,374.0
2010-01-20,378.0,379.0,373.0,374.0,7204000,374.0
2010-01-21,374.0,375.0,372.0,373.0,7515000,373.0
2010-01-22,372.0,374.0,370.0,371.0,8486000,371.0
2010-01-25,371.0,375.0,371.0,372.0,6058000,372.0
2010-01-26,371.0,372.0,366.0,366.0,7066000,366.0
2010-01-27,366.0,371.0,366.0,368.0,6042000,368.0
2010-01-28,366.0,368.0,364.0,367.0,5518000,367.0
2010-01-29,366.0,369.0,364.0,366.0,9232000,366.0
2010-02-01,364.0,366.0,356.0,364.0,10427000,364.0
2010-02-02,362.0,365.0,359.0,364.0,8664000,364.0
2010-02-03,365.0,372.0,365.0,370.0,7160000,370.0
2010-02-04,371.0,374.0,368.0,373.0,8706000,373.0
2010-02-05,373.0,378.0,373.0,375.0,14868000,375.0
2010-02-08,379.0,385.0,378.0,382.0,19170000,382.0
2010-02-09,377.0,382.0,376.0,378.0,13059000,378.0
2010-02-10,378.0,378.0,375.0,378.0,8756000,378.0
2010-02-12,380.0,381.0,376.0,377.0,7537000,377.0
2010-02-15,376.0,379.0,376.0,379.0,5593000,379.0
2010-02-16,380.0,385.0,379.0,383.0,7082000,383.0
2010-02-17,387.0,391.0,386.0,389.0,8472000,389.0
2010-02-18,392.0,397.0,383.0,385.0,17579000,385.0
2010-02-19,384.0,387.0,382.0,384.0,5765000,384.0
2010-02-22,390.0,396.0,387.0,391.0,10036000,391.0
2010-02-23,389.0,392.0,388.0,390.0,6689000,390.0
2010-02-24,391.0,394.0,386.0,388.0,9726000,388.0
2010-02-25,388.0,393.0,388.0,392.0,9899000,392.0
2010-02-26,388.0,391.0,387.0,387.0,8181000,387.0
2010-03-01,392.0,399.0,391.0,393.0,9654000,393.0
2010-03-02,394.0,398.0,394.0,397.0,5037000,397.0
2010-03-03,397.0,400.0,395.0,398.0,8915000,398.0
2010-03-04,399.0,402.0,396.0,400.0,10711000,400.0
2010-03-05,399.0,403.0,395.0,397.0,10679000,397.0
2010-03-08,398.0,399.0,393.0,398.0,11337000,398.0
2010-03-09,397.0,398.0,394.0,395.0,9512000,395.0
2010-03-10,393.0,396.0,393.0,394.0,10324000,394.0
2010-03-11,395.0,396.0,392.0,396.0,6152000,396.0
2010-03-12,398.0,399.0,396.0,397.0,9288000,397.0
2010-03-15,398.0,398.0,395.0,397.0,6890000,397.0
2010-03-16,396.0,402.0,396.0,400.0,9818000,400.0
2010-03-17,403.0,404.0,398.0,403.0,12261000,403.0
2010-03-18,402.0,405.0,398.0,404.0,8958000,404.0
2010-03-19,400.0,404.0,399.0,402.0,9931000,402.0
2010-03-23,401.0,405.0,400.0,400.0,12913000,400.0
2010-03-24,406.0,406.0,399.0,400.0,9108000,400.0
2010-03-25,403.0,407.0,403.0,406.0,10570000,406.0
2010-03-26,410.0,414.0,407.0,413.0,11880000,413.0
2010-03-29,401.0,405.0,400.0,402.0,7979000,402.0
2010-03-30,402.0,413.0,401.0,411.0,16649000,411.0
2010-03-31,415.0,418.0,410.0,412.0,16679000,412.0
2010-04-01,418.0,420.0,412.0,414.0,7413000,414.0
2010-04-02,417.0,417.0,409.0,411.0,6451000,411.0
2010-04-05,409.0,412.0,402.0,404.0,6734000,404.0
2010-04-06,403.0,407.0,402.0,405.0,12036000,405.0
2010-04-07,404.0,407.0,403.0,404.0,11122000,404.0
2010-04-08,403.0,404.0,397.0,399.0,12254000,399.0
2010-04-09,391.0,399.0,391.0,399.0,18658000,399.0
2010-04-12,401.0,403.0,399.0,401.0,5606000,401.0
2010-04-13,401.0,401.0,397.0,399.0,5625000,399.0
2010-04-14,398.0,399.0,391.0,393.0,10240000,393.0
2010-04-15,397.0,398.0,394.0,395.0,8187000,395.0
2010-04-16,394.0,396.0,392.0,393.0,8273000,393.0
2010-04-19,391.0,394.0,389.0,390.0,6957000,390.0
2010-04-20,391.0,397.0,391.0,395.0,6797000,395.0
2010-04-21,396.0,401.0,396.0,397.0,8845000,397.0
2010-04-22,395.0,396.0,385.0,390.0,15248000,390.0
2010-04-23,385.0,390.0,385.0,387.0,19861000,387.0
2010-04-26,389.0,395.0,389.0,393.0,11243000,393.0
2010-04-27,390.0,391.0,386.0,390.0,8880000,390.0
2010-04-28,388.0,390.0,383.0,386.0,13686000,386.0
2010-04-30,398.0,404.0,397.0,399.0,17507000,399.0
2010-05-06,396.0,404.0,394.0,402.0,18912000,402.0
2010-05-07,394.0,399.0,393.0,396.0,15954000,396.0
2010-05-10,391.0,398.0,391.0,395.0,12569000,395.0
2010-05-11,396.0,402.0,393.0,400.0,14097000,400.0
2010-05-12,404.0,407.0,400.0,405.0,18125000,405.0
2010-05-13,405.0,406.0,397.0,403.0,12577000,403.0
2010-05-14,401.0,402.0,394.0,399.0,10564000,399.0
2010-05-17,394.0,401.0,394.0,397.0,11617000,397.0
2010-05-18,398.0,402.0,396.0,397.0,8094000,397.0
2010-05-19,398.0,402.0,396.0,397.0,10367000,397.0
2010-05-20,394.0,397.0,391.0,397.0,13737000,397.0
2010-05-21,392.0,402.0,391.0,395.0,34709000,395.0
2010-05-24,394.0,400.0,392.0,394.0,17701000,394.0
2010-05-25,391.0,399.0,391.0,399.0,19710000,399.0
2010-05-26,396.0,405.0,396.0,402.0,32165000,402.0
2010-05-27,403.0,407.0,401.0,404.0,20705000,404.0
2010-05-28,402.0,403.0,398.0,398.0,15320000,398.0
2010-05-31,398.0,400.0,395.0,397.0,12445000,397.0
2010-06-01,397.0,407.0,394.0,406.0,14683000,406.0
2010-06-02,407.0,416.0,407.0,414.0,26146000,414.0
2010-06-03,413.0,414.0,409.0,411.0,15884000,411.0
2010-06-04,410.0,412.0,406.0,410.0,10109000,410.0
2010-06-07,413.0,413.0,407.0,409.0,15794000,409.0
2010-06-08,409.0,412.0,406.0,412.0,8675000,412.0
2010-06-09,407.0,414.0,406.0,410.0,12381000,410.0
2010-06-10,414.0,414.0,408.0,408.0,10101000,408.0
2010-06-11,411.0,411.0,408.0,408.0,16917000,408.0
2010-06-14,410.0,412.0,408.0,412.0,7259000,412.0
2010-06-15,412.0,413.0,410.0,412.0,5002000,412.0
2010-06-16,414.0,414.0,409.0,413.0,9094000,413.0
2010-06-17,411.0,413.0,409.0,412.0,6621000,412.0
2010-06-18,411.0,413.0,410.0,412.0,3578000,412.0
2010-06-21,412.0,414.0,412.0,414.0,3914000,414.0
2010-06-22,415.0,419.0,412.0,414.0,10517000,414.0
2010-06-23,416.0,417.0,413.0,413.0,8350000,413.0
2010-06-24,413.0,417.0,413.0,414.0,6409000,414.0
2010-06-25,412.0,415.0,411.0,413.0,8998000,413.0
2010-06-28,412.0,415.0,410.0,411.0,6152000,411.0
2010-06-29,413.0,415.0,409.0,414.0,10429000,414.0
2010-06-30,413.0,413.0,403.0,405.0,14222000,405.0
2010-07-01,401.0,403.0,399.0,403.0,12133000,403.0
2010-07-02,404.0,405.0,396.0,400.0,8428000,400.0
2010-07-05,401.0,402.0,399.0,400.0,6210000,400.0
2010-07-06,400.0,401.0,396.0,400.0,9960000,400.0
2010-07-07,400.0,401.0,397.0,399.0,11020000,399.0
2010-07-08,401.0,404.0,399.0,403.0,8260000,403.0
2010-07-09,403.0,403.0,396.0,398.0,10515000,398.0
2010-07-12,397.0,397.0,392.0,393.0,6229000,393.0
2010-07-13,394.0,394.0,391.0,392.0,3766000,392.0
2010-07-14,394.0,394.0,388.0,389.0,9385000,389.0
2010-07-15,388.0,392.0,388.0,390.0,8851000,390.0
2010-07-16,388.0,394.0,387.0,391.0,9840000,391.0
2010-07-20,390.0,395.0,389.0,394.0,8194000,394.0
2010-07-21,395.0,398.0,393.0,396.0,10106000,396.0
2010-07-22,396.0,399.0,395.0,397.0,6987000,397.0
2010-07-23,394.0,395.0,391.0,392.0,8945000,392.0
2010-07-26,393.0,393.0,390.0,392.0,9387000,392.0
2010-07-27,391.0,395.0,390.0,393.0,9647000,393.0
2010-07-28,394.0,396.0,391.0,393.0,6605000,393.0
2010-07-29,394.0,398.0,392.0,397.0,9530000,397.0
2010-07-30,396.0,397.0,391.0,393.0,9004000,393.0
2010-08-02,392.0,393.0,388.0,389.0,8335000,389.0
2010-08-03,389.0,391.0,385.0,386.0,11351000,386.0
2010-08-04,385.0,387.0,381.0,386.0,10688000,386.0
2010-08-05,387.0,390.0,386.0,389.0,6724000,389.0
2010-08-06,388.0,391.0,386.0,390.0,5512000,390.0
2010-08-09,391.0,393.0,390.0,393.0,4607000,393.0
2010-08-10,391.0,393.0,391.0,393.0,6373000,393.0
2010-08-11,391.0,394.0,386.0,393.0,10550000,393.0
2010-08-12,390.0,394.0,389.0,391.0,11154000,391.0
2010-08-13,388.0,391.0,387.0,389.0,7108000,389.0
2010-08-16,390.0,393.0,389.0,392.0,7315000,392.0
2010-08-17,391.0,391.0,387.0,390.0,7659000,390.0
2010-08-18,391.0,391.0,387.0,390.0,5905000,390.0
2010-08-19,388.0,388.0,384.0,386.0,8138000,386.0
2010-08-20,385.0,387.0,384.0,385.0,7655000,385.0
2010-08-23,385.0,386.0,382.0,385.0,7121000,385.0
2010-08-24,385.0,391.0,385.0,391.0,10856000,391.0
2010-08-25,389.0,391.0,386.0,389.0,9449000,389.0
2010-08-26,387.0,388.0,385.0,388.0,7780000,388.0
2010-08-27,387.0,392.0,387.0,391.0,8576000,391.0
2010-08-30,393.0,396.0,392.0,394.0,8059000,394.0
2010-08-31,393.0,395.0,389.0,392.0,13618000,392.0
2010-09-01,393.0,396.0,389.0,396.0,9389000,396.0
2010-09-02,394.0,396.0,393.0,395.0,11184000,395.0
2010-09-03,398.0,399.0,395.0,398.0,8105000,398.0
2010-09-06,400.0,402.0,399.0,401.0,7357000,401.0
2010-09-07,401.0,403.0,400.0,403.0,5336000,403.0
2010-09-08,402.0,403.0,400.0,401.0,6927000,401.0
2010-09-09,402.0,402.0,395.0,396.0,11135000,396.0
2010-09-10,393.0,400.0,393.0,398.0,15305000,398.0
2010-09-13,397.0,399.0,395.0,396.0,6008000,396.0
2010-09-14,395.0,398.0,392.0,393.0,7547000,393.0
2010-09-15,394.0,400.0,393.0,399.0,9268000,399.0
2010-09-16,400.0,400.0,390.0,392.0,9213000,392.0
2010-09-17,392.0,393.0,388.0,389.0,8118000,389.0
2010-09-21,388.0,389.0,385.0,388.0,11355000,388.0
2010-09-22,388.0,392.0,388.0,389.0,8092000,389.0
2010-09-24,386.0,387.0,382.0,382.0,11320000,382.0
2010-09-27,385.0,385.0,381.0,384.0,10723000,384.0
2010-09-28,381.0,381.0,377.0,378.0,6138000,378.0
2010-09-29,376.0,387.0,370.0,383.0,30144000,383.0
2010-09-30,384.0,384.0,377.0,379.0,11056000,379.0
2010-10-01,375.0,376.0,371.0,374.0,12431000,374.0
2010-10-04,376.0,376.0,367.0,368.0,7234000,368.0
2010-10-05,367.0,373.0,362.0,370.0,13600000,370.0
2010-10-06,370.0,371.0,367.0,371.0,13105000,371.0
2010-10-07,367.0,369.0,360.0,363.0,18231000,363.0
2010-10-08,360.0,364.0,356.0,362.0,17220000,362.0
2010-10-12,360.0,361.0,352.0,352.0,12979000,352.0
2010-10-13,355.0,356.0,349.0,349.0,15411000,349.0
2010-10-14,356.0,367.0,355.0,363.0,19704000,363.0
2010-10-15,360.0,365.0,360.0,362.0,12503000,362.0
2010-10-18,364.0,372.0,364.0,371.0,10985000,371.0
2010-10-19,374.0,380.0,373.0,377.0,18460000,377.0
2010-10-20,374.0,377.0,371.0,376.0,11338000,376.0
2010-10-21,376.0,378.0,372.0,376.0,11394000,376.0
2010-10-22,375.0,377.0,374.0,374.0,5184000,374.0
2010-10-25,376.0,376.0,369.0,371.0,5957000,371.0
2010-10-26,367.0,375.0,367.0,373.0,11412000,373.0
2010-10-27,370.0,372.0,367.0,369.0,6048000,369.0
2010-10-28,369.0,376.0,367.0,373.0,8316000,373.0
2010-10-29,376.0,379.0,370.0,379.0,15725000,379.0
2010-11-01,380.0,383.0,376.0,380.0,7320000,380.0
2010-11-02,377.0,381.0,376.0,376.0,6327000,376.0
2010-11-04,378.0,380.0,373.0,375.0,12591000,375.0
2010-11-05,380.0,382.0,374.0,376.0,10302000,376.0
2010-11-08,378.0,378.0,371.0,373.0,8165000,373.0
2010-11-09,373.0,377.0,372.0,375.0,6163000,375.0
2010-11-10,374.0,382.0,374.0,380.0,8149000,380.0
2010-11-11,376.0,378.0,373.0,377.0,8079000,377.0
2010-11-12,378.0,379.0,375.0,376.0,4997000,376.0
2010-11-15,376.0,378.0,374.0,375.0,6349000,375.0
2010-11-16,372.0,373.0,366.0,369.0,12009000,369.0
2010-11-17,367.0,371.0,366.0,369.0,8243000,369.0
2010-11-18,371.0,373.0,367.0,373.0,6225000,373.0
2010-11-19,375.0,376.0,370.0,371.0,8242000,371.0
2010-11-22,374.0,374.0,372.0,372.0,5294000,372.0
2010-11-24,369.0,371.0,364.0,365.0,17921000,365.0
2010-11-25,364.0,366.0,363.0,364.0,6325000,364.0
2010-11-26,363.0,368.0,363.0,366.0,6187000,366.0
2010-11-29,365.0,369.0,365.0,367.0,4767000,367.0
2010-11-30,368.0,373.0,365.0,365.0,11532000,365.0
2010-12-01,367.0,368.0,364.0,366.0,6883000,366.0
2010-12-02,365.0,366.0,362.0,363.0,9740000,363.0
2010-12-03,365.0,367.0,363.0,367.0,6674000,367.0
2010-12-06,365.0,366.0,364.0,365.0,7779000,365.0
2010-12-07,365.0,371.0,365.0,370.0,9950000,370.0
2010-12-08,370.0,371.0,367.0,370.0,7081000,370.0
2010-12-09,368.0,368.0,364.0,366.0,10101000,366.0
2010-12-10,367.0,367.0,363.0,364.0,18613000,364.0
2010-12-13,365.0,366.0,363.0,366.0,7935000,366.0
2010-12-14,365.0,366.0,363.0,366.0,15715000,366.0
2010-12-15,367.0,368.0,365.0,366.0,8963000,366.0
2010-12-16,366.0,369.0,365.0,366.0,9246000,366.0
2010-12-17,366.0,367.0,365.0,366.0,4648000,366.0
2010-12-20,365.0,366.0,363.0,364.0,7455000,364.0
2010-12-21,365.0,367.0,364.0,365.0,5260000,365.0
2010-12-22,364.0,366.0,363.0,365.0,7644000,365.0
2010-12-24,366.0,367.0,364.0,365.0,7634000,365.0
2010-12-27,365.0,365.0,363.0,364.0,5057000,364.0
2010-12-28,363.0,364.0,361.0,362.0,5354000,362.0
2010-12-29,361.0,364.0,360.0,364.0,10946000,364.0
2010-12-30,363.0,365.0,360.0,360.0,9897000,360.0
2011-01-04,361.0,362.0,358.0,360.0,16460000,360.0
2011-01-05,360.0,362.0,359.0,361.0,7545000,361.0
2011-01-06,361.0,364.0,360.0,363.0,8130000,363.0
2011-01-07,361.0,362.0,359.0,360.0,10763000,360.0
2011-01-11,361.0,364.0,360.0,363.0,10112000,363.0
2011-01-12,363.0,364.0,359.0,361.0,11558000,361.0
2011-01-13,362.0,363.0,361.0,362.0,11378000,362.0
2011-01-14,361.0,362.0,358.0,358.0,10379000,358.0
2011-01-17,359.0,361.0,358.0,358.0,11716000,358.0
2011-01-18,358.0,361.0,357.0,360.0,6998000,360.0
2011-01-19,359.0,360.0,357.0,358.0,9681000,358.0
2011-01-20,358.0,360.0,357.0,359.0,6901000,359.0
2011-01-21,361.0,365.0,361.0,361.0,20249000,361.0
2011-01-24,363.0,363.0,359.0,360.0,11073000,360.0
2011-01-25,360.0,363.0,360.0,362.0,8659000,362.0
2011-01-26,362.0,364.0,358.0,359.0,15051000,359.0
2011-01-27,359.0,361.0,358.0,361.0,8867000,361.0
2011-01-28,361.0,362.0,358.0,358.0,9072000,358.0
2011-01-31,356.0,360.0,355.0,357.0,12838000,357.0
2011-02-01,356.0,359.0,355.0,358.0,8814000,358.0
2011-02-02,360.0,365.0,359.0,363.0,16070000,363.0
2011-02-03,363.0,365.0,361.0,365.0,6602000,365.0
2011-02-04,367.0,373.0,366.0,368.0,21539000,368.0
2011-02-07,368.0,371.0,368.0,368.0,8013000,368.0
2011-02-08,368.0,369.0,366.0,369.0,9690000,369.0
2011-02-09,368.0,371.0,368.0,369.0,6977000,369.0
2011-02-10,366.0,371.0,366.0,368.0,12263000,368.0
2011-02-14,370.0,371.0,368.0,369.0,5403000,369.0
2011-02-15,370.0,370.0,368.0,370.0,5080000,370.0
2011-02-16,368.0,370.0,367.0,367.0,6259000,367.0
2011-02-17,367.0,369.0,365.0,369.0,12483000,369.0
2011-02-18,370.0,373.0,368.0,370.0,10680000,370.0
2011-02-21,371.0,371.0,369.0,369.0,4726000,369.0
2011-02-22,370.0,373.0,369.0,371.0,10212000,371.0
2011-02-23,370.0,371.0,368.0,369.0,10517000,369.0
2011-02-24,372.0,373.0,369.0,369.0,9248000,369.0
2011-02-25,370.0,371.0,368.0,369.0,11150000,369.0
2011-02-28,366.0,367.0,364.0,365.0,19865000,365.0
2011-03-01,366.0,369.0,366.0,368.0,10330000,368.0
2011-03-02,366.0,367.0,362.0,362.0,8536000,362.0
2011-03-03,362.0,363.0,360.0,362.0,7254000,362.0
2011-03-04,364.0,365.0,363.0,364.0,8194000,364.0
2011-03-07,364.0,364.0,361.0,361.0,5968000,361.0
2011-03-08,361.0,363.0,358.0,358.0,9904000,358.0
2011-03-09,360.0,364.0,360.0,362.0,11924000,362.0
2011-03-10,363.0,366.0,362.0,362.0,11468000,362.0
2011-03-11,360.0,362.0,356.0,356.0,14934000,356.0
2011-03-14,348.0,356.0,330.0,352.0,29455000,352.0
2011-03-15,340.0,340.0,303.0,311.0,35511000,311.0
2011-03-16,334.0,349.0,327.0,333.0,31310000,333.0
2011-03-17,325.0,352.0,317.0,345.0,27308000,345.0
2011-03-18,349.0,357.0,348.0,354.0,25799000,354.0
2011-03-22,360.0,366.0,352.0,361.0,20421000,361.0
2011-03-23,366.0,370.0,357.0,363.0,15095000,363.0
2011-03-24,363.0,363.0,354.0,358.0,14394000,358.0
2011-03-25,360.0,367.0,355.0,364.0,17115000,364.0
2011-03-28,367.0,382.0,363.0,379.0,32411000,379.0
2011-03-29,378.0,378.0,370.0,374.0,16386000,374.0
2011-03-30,373.0,377.0,365.0,374.0,15000000,374.0
2011-03-31,378.0,384.0,372.0,380.0,25674000,380.0
2011-04-01,383.0,384.0,368.0,377.0,20848000,377.0
2011-04-04,377.0,383.0,371.0,378.0,13093000,378.0
2011-04-05,382.0,382.0,372.0,378.0,15745000,378.0
2011-04-06,378.0,380.0,369.0,372.0,22432000,372.0
2011-04-07,369.0,375.0,368.0,373.0,20123000,373.0
2011-04-08,374.0,381.0,370.0,379.0,25401000,379.0
2011-04-11,380.0,381.0,372.0,377.0,17594000,377.0
2011-04-12,374.0,376.0,369.0,370.0,19617000,370.0
2011-04-13,367.0,368.0,360.0,363.0,18543000,363.0
2011-04-14,364.0,365.0,360.0,362.0,8477000,362.0
2011-04-15,365.0,369.0,361.0,367.0,13996000,367.0
2011-04-18,364.0,366.0,363.0,364.0,8756000,364.0
2011-04-19,362.0,364.0,359.0,359.0,10121000,359.0
2011-04-20,360.0,366.0,360.0,363.0,9130000,363.0
2011-04-21,365.0,366.0,361.0,361.0,7442000,361.0
2011-04-22,361.0,362.0,357.0,358.0,6928000,358.0
2011-04-25,358.0,360.0,347.0,350.0,19974000,350.0
2011-04-26,351.0,353.0,349.0,351.0,8034000,351.0
2011-04-27,354.0,354.0,350.0,354.0,11607000,354.0
2011-04-28,353.0,362.0,351.0,359.0,28067000,359.0
2011-05-02,362.0,363.0,355.0,359.0,12062000,359.0
2011-05-06,359.0,365.0,358.0,360.0,13143000,360.0
2011-05-09,358.0,360.0,356.0,358.0,10775000,358.0
2011-05-10,359.0,362.0,352.0,353.0,9459000,353.0
2011-05-11,355.0,356.0,349.0,350.0,15085000,350.0
2011-05-12,351.0,353.0,348.0,349.0,8593000,349.0
2011-05-13,349.0,349.0,341.0,346.0,10889000,346.0
2011-05-16,342.0,345.0,340.0,341.0,11859000,341.0
2011-05-17,343.0,345.0,339.0,340.0,11440000,340.0
2011-05-18,341.0,345.0,339.0,340.0,8657000,340.0
2011-05-19,344.0,344.0,339.0,342.0,10596000,342.0
2011-05-20,340.0,341.0,333.0,335.0,19437000,335.0
2011-05-23,335.0,339.0,332.0,336.0,14046000,336.0
2011-05-24,340.0,347.0,339.0,344.0,16330000,344.0
2011-05-25,342.0,343.0,337.0,339.0,10801000,339.0
2011-05-26,337.0,340.0,335.0,338.0,10429000,338.0
2011-05-27,337.0,339.0,336.0,336.0,3335000,336.0
2011-05-30,338.0,339.0,335.0,336.0,6499000,336.0
2011-05-31,335.0,346.0,334.0,346.0,16021000,346.0
2011-06-01,344.0,345.0,339.0,342.0,12413000,342.0
2011-06-02,342.0,348.0,338.0,345.0,15651000,345.0
2011-06-03,344.0,348.0,342.0,345.0,10731000,345.0
2011-06-06,345.0,346.0,337.0,338.0,15803000,338.0
2011-06-07,342.0,352.0,341.0,349.0,19139000,349.0
2011-06-08,348.0,355.0,348.0,354.0,14285000,354.0
2011-06-09,354.0,363.0,352.0,360.0,21019000,360.0
2011-06-10,361.0,363.0,358.0,361.0,23295000,361.0
2011-06-13,359.0,366.0,358.0,365.0,11009000,365.0
2011-06-14,365.0,374.0,363.0,373.0,21163000,373.0
2011-06-15,371.0,372.0,365.0,370.0,21114000,370.0
2011-06-16,370.0,374.0,369.0,370.0,14522000,370.0
2011-06-17,370.0,373.0,367.0,372.0,12992000,372.0
2011-06-20,372.0,377.0,364.0,368.0,25042000,368.0
2011-06-21,368.0,375.0,367.0,374.0,19335000,374.0
2011-06-22,372.0,374.0,367.0,371.0,17544000,371.0
2011-06-23,372.0,375.0,370.0,374.0,11116000,374.0
2011-06-24,374.0,374.0,368.0,370.0,10551000,370.0
2011-06-27,373.0,374.0,368.0,369.0,8276000,369.0
2011-06-28,370.0,372.0,363.0,365.0,11931000,365.0
2011-06-29,365.0,368.0,362.0,365.0,13327000,365.0
2011-06-30,366.0,367.0,361.0,363.0,16682000,363.0
2011-07-01,364.0,365.0,361.0,363.0,20976000,363.0
2011-07-04,364.0,371.0,364.0,370.0,21078000,370.0
2011-07-05,370.0,373.0,369.0,371.0,12063000,371.0
2011-07-06,371.0,374.0,370.0,373.0,11409000,373.0
2011-07-07,373.0,379.0,372.0,376.0,16903000,376.0
2011-07-08,376.0,378.0,371.0,376.0,23284000,376.0
2011-07-11,377.0,383.0,375.0,380.0,18234000,380.0
2011-07-12,380.0,381.0,376.0,379.0,16153000,379.0
2011-07-13,379.0,385.0,379.0,383.0,11264000,383.0
2011-07-14,384.0,385.0,381.0,381.0,12893000,381.0
2011-07-15,382.0,385.0,382.0,384.0,6972000,384.0
2011-07-19,383.0,383.0,375.0,376.0,15824000,376.0
2011-07-20,378.0,381.0,374.0,378.0,7696000,378.0
2011-07-21,378.0,378.0,371.0,373.0,12351000,373.0
2011-07-22,376.0,376.0,368.0,372.0,11500000,372.0
2011-07-25,372.0,372.0,364.0,365.0,17212000,365.0
2011-07-26,365.0,370.0,364.0,366.0,12363000,366.0
2011-07-27,364.0,365.0,360.0,362.0,12733000,362.0
2011-07-28,359.0,366.0,358.0,359.0,10489000,359.0
2011-07-29,361.0,369.0,357.0,367.0,22321000,367.0
2011-08-01,365.0,366.0,361.0,362.0,10241000,362.0
2011-08-02,359.0,360.0,355.0,357.0,15777000,357.0
2011-08-03,354.0,357.0,351.0,353.0,9939000,353.0
2011-08-04,355.0,357.0,350.0,350.0,14542000,350.0
2011-08-05,344.0,357.0,344.0,353.0,19077000,353.0
2011-08-08,348.0,350.0,344.0,346.0,11952000,346.0
2011-08-09,340.0,346.0,336.0,345.0,21339000,345.0
2011-08-10,345.0,355.0,343.0,353.0,27998000,353.0
2011-08-11,346.0,357.0,346.0,351.0,19936000,351.0
2011-08-12,355.0,355.0,346.0,351.0,13226000,351.0
2011-08-15,353.0,354.0,346.0,349.0,11139000,349.0
2011-08-16,352.0,353.0,345.0,347.0,7029000,347.0
2011-08-17,348.0,349.0,345.0,348.0,9043000,348.0
2011-08-18,349.0,357.0,348.0,355.0,11613000,355.0
2011-08-19,349.0,357.0,349.0,354.0,18588000,354.0
2011-08-22,353.0,359.0,351.0,357.0,17260000,357.0
2011-08-23,357.0,361.0,356.0,358.0,15051000,358.0
2011-08-24,361.0,361.0,355.0,357.0,9583000,357.0
2011-08-25,358.0,360.0,350.0,351.0,12057000,351.0
2011-08-26,350.0,352.0,346.0,348.0,16350000,348.0
2011-08-29,350.0,354.0,347.0,349.0,11442000,349.0
2011-08-30,350.0,354.0,348.0,348.0,14108000,348.0
2011-08-31,349.0,352.0,349.0,351.0,13644000,351.0
2011-09-01,351.0,353.0,348.0,350.0,12864000,350.0
2011-09-02,351.0,357.0,350.0,354.0,12910000,354.0
2011-09-05,353.0,358.0,352.0,355.0,6820000,355.0
2011-09-06,356.0,362.0,355.0,361.0,14002000,361.0
2011-09-07,359.0,361.0,356.0,359.0,9038000,359.0
2011-09-08,357.0,362.0,356.0,360.0,9783000,360.0
2011-09-09,354.0,359.0,354.0,357.0,15926000,357.0
2011-09-12,352.0,355.0,351.0,354.0,9217000,354.0
2011-09-13,351.0,352.0,348.0,350.0,9886000,350.0
2011-09-14,349.0,350.0,344.0,346.0,20963000,346.0
2011-09-15,349.0,350.0,344.0,345.0,9663000,345.0
2011-09-16,347.0,351.0,346.0,349.0,18565000,349.0
2011-09-20,350.0,353.0,347.0,350.0,7367000,350.0
2011-09-21,348.0,349.0,346.0,346.0,8965000,346.0
2011-09-22,346.0,351.0,346.0,350.0,7602000,350.0
2011-09-26,355.0,363.0,350.0,357.0,22195000,357.0
2011-09-27,358.0,359.0,353.0,357.0,12056000,357.0
2011-09-28,354.0,360.0,353.0,354.0,9033000,354.0
2011-09-29,355.0,363.0,351.0,362.0,27630000,362.0
2011-09-30,362.0,363.0,357.0,361.0,9548000,361.0
2011-10-03,359.0,362.0,355.0,360.0,10060000,360.0
2011-10-04,357.0,359.0,354.0,357.0,10740000,357.0
2011-10-05,357.0,357.0,344.0,347.0,15724000,347.0
2011-10-06,350.0,352.0,347.0,350.0,8553000,350.0
2011-10-07,351.0,353.0,347.0,347.0,5758000,347.0
2011-10-11,350.0,350.0,345.0,346.0,7629000,346.0
2011-10-12,347.0,347.0,342.0,344.0,8013000,344.0
2011-10-13,346.0,347.0,343.0,345.0,8220000,345.0
2011-10-14,347.0,347.0,342.0,344.0,9367000,344.0
2011-10-17,349.0,352.0,346.0,351.0,8437000,351.0
2011-10-18,351.0,355.0,349.0,350.0,7725000,350.0
2011-10-19,348.0,350.0,345.0,346.0,6283000,346.0
2011-10-20,345.0,347.0,343.0,347.0,8538000,347.0
2011-10-21,348.0,349.0,345.0,347.0,5896000,347.0
2011-10-24,349.0,349.0,344.0,344.0,4867000,344.0
2011-10-25,345.0,346.0,341.0,341.0,6722000,341.0
2011-10-26,342.0,342.0,337.0,339.0,4735000,339.0
2011-10-27,338.0,340.0,337.0,339.0,4229000,339.0
2011-10-28,340.0,341.0,333.0,336.0,11466000,336.0
2011-10-31,337.0,341.0,336.0,337.0,10099000,337.0
2011-11-01,339.0,340.0,334.0,338.0,8950000,338.0
2011-11-02,335.0,336.0,325.0,326.0,14032000,326.0
2011-11-04,329.0,329.0,313.0,314.0,31299000,314.0
2011-11-07,316.0,324.0,316.0,323.0,11293000,323.0
2011-11-08,322.0,327.0,320.0,324.0,9112000,324.0
2011-11-09,324.0,329.0,322.0,329.0,9008000,329.0
2011-11-10,322.0,332.0,321.0,331.0,9698000,331.0
2011-11-11,333.0,336.0,327.0,331.0,11197000,331.0
2011-11-14,330.0,331.0,327.0,330.0,4796000,330.0
2011-11-15,328.0,332.0,326.0,327.0,4570000,327.0
2011-11-16,328.0,332.0,327.0,329.0,7026000,329.0
2011-11-17,329.0,335.0,326.0,335.0,8762000,335.0
2011-11-18,335.0,335.0,330.0,332.0,7633000,332.0
2011-11-21,328.0,334.0,328.0,332.0,8001000,332.0
2011-11-22,332.0,336.0,329.0,331.0,8609000,331.0
2011-11-24,330.0,331.0,325.0,326.0,7358000,326.0
2011-11-25,324.0,334.0,324.0,330.0,9092000,330.0
2011-11-28,331.0,331.0,326.0,327.0,6359000,327.0
2011-11-29,327.0,329.0,324.0,328.0,7139000,328.0
2011-11-30,330.0,337.0,327.0,330.0,21317000,330.0
2011-12-01,333.0,340.0,330.0,339.0,14285000,339.0
2011-12-02,342.0,344.0,340.0,342.0,7927000,342.0
2011-12-05,344.0,345.0,340.0,342.0,6744000,342.0
2011-12-06,343.0,344.0,339.0,341.0,6582000,341.0
2011-12-07,339.0,343.0,337.0,343.0,8692000,343.0
2011-12-08,341.0,351.0,340.0,346.0,13033000,346.0
2011-12-09,346.0,350.0,346.0,347.0,13920000,347.0
2011-12-12,349.0,353.0,345.0,351.0,10447000,351.0
2011-12-13,347.0,350.0,344.0,347.0,11521000,347.0
2011-12-14,349.0,356.0,348.0,355.0,12990000,355.0
2011-12-15,353.0,355.0,347.0,348.0,11502000,348.0
2011-12-16,346.0,357.0,346.0,356.0,11421000,356.0
2011-12-19,354.0,355.0,349.0,351.0,8029000,351.0
2011-12-20,353.0,354.0,349.0,350.0,6607000,350.0
2011-12-21,351.0,353.0,348.0,352.0,7961000,352.0
2011-12-22,351.0,356.0,351.0,354.0,7825000,354.0
2011-12-26,356.0,356.0,347.0,348.0,6232000,348.0
2011-12-27,346.0,349.0,345.0,348.0,4077000,348.0
2011-12-28,349.0,351.0,347.0,349.0,6428000,349.0
2011-12-29,350.0,354.0,350.0,352.0,4586000,352.0
2011-12-30,350.0,354.0,350.0,354.0,4144000,354.0
2012-01-04,356.0,362.0,355.0,360.0,8350000,360.0
2012-01-05,362.0,362.0,352.0,353.0,8864000,353.0
2012-01-06,352.0,353.0,347.0,350.0,5608000,350.0
2012-01-10,351.0,359.0,350.0,357.0,10378000,357.0
2012-01-11,355.0,355.0,348.0,350.0,9088000,350.0
2012-01-12,351.0,354.0,349.0,351.0,5820000,351.0
2012-01-13,352.0,352.0,348.0,350.0,6369000,350.0
2012-01-16,349.0,350.0,343.0,349.0,4714000,349.0
2012-01-17,349.0,352.0,348.0,352.0,5333000,352.0
2012-01-18,351.0,352.0,346.0,346.0,10013000,346.0
2012-01-19,347.0,348.0,344.0,346.0,7474000,346.0
2012-01-20,348.0,348.0,343.0,346.0,9390000,346.0
2012-01-23,345.0,346.0,342.0,344.0,9506000,344.0
2012-01-24,346.0,347.0,343.0,345.0,8397000,345.0
2012-01-25,345.0,351.0,345.0,349.0,8145000,349.0
2012-01-26,348.0,353.0,346.0,352.0,7755000,352.0
2012-01-27,353.0,359.0,352.0,357.0,13398000,357.0
2012-01-30,357.0,359.0,353.0,356.0,11362000,356.0
2012-01-31,357.0,360.0,348.0,352.0,21803000,352.0
2012-02-01,353.0,353.0,350.0,352.0,7476000,352.0
2012-02-02,351.0,352.0,345.0,346.0,11367000,346.0
2012-02-03,347.0,351.0,346.0,347.0,10613000,347.0
2012-02-06,349.0,355.0,348.0,354.0,10566000,354.0
2012-02-07,356.0,362.0,356.0,361.0,8826000,361.0
2012-02-08,359.0,360.0,356.0,357.0,7260000,357.0
2012-02-09,359.0,365.0,357.0,365.0,10012000,365.0
2012-02-10,367.0,370.0,365.0,369.0,13872000,369.0
2012-02-13,369.0,374.0,369.0,369.0,10133000,369.0
2012-02-14,370.0,373.0,369.0,371.0,6862000,371.0
2012-02-15,370.0,372.0,366.0,368.0,12262000,368.0
2012-02-16,365.0,366.0,361.0,364.0,12224000,364.0
2012-02-17,366.0,371.0,364.0,366.0,14425000,366.0
2012-02-20,368.0,368.0,363.0,366.0,10245000,366.0
2012-02-21,367.0,370.0,365.0,369.0,9787000,369.0
2012-02-22,371.0,374.0,365.0,365.0,14155000,365.0
2012-02-23,367.0,368.0,362.0,366.0,10931000,366.0
2012-02-24,368.0,368.0,362.0,363.0,6085000,363.0
2012-02-27,363.0,363.0,357.0,361.0,11016000,361.0
2012-02-28,360.0,363.0,359.0,362.0,9173000,362.0
2012-02-29,364.0,373.0,363.0,371.0,16041000,371.0
2012-03-01,373.0,375.0,372.0,374.0,13691000,374.0
2012-03-02,374.0,380.0,373.0,377.0,10394000,377.0
2012-03-05,379.0,382.0,375.0,377.0,10057000,377.0
2012-03-06,379.0,385.0,378.0,385.0,17161000,385.0
2012-03-07,382.0,386.0,378.0,378.0,11807000,378.0
2012-03-08,381.0,386.0,380.0,385.0,8246000,385.0
2012-03-09,389.0,390.0,383.0,385.0,16174000,385.0
2012-03-12,385.0,387.0,383.0,384.0,5465000,384.0
2012-03-13,384.0,392.0,382.0,386.0,8907000,386.0
2012-03-14,390.0,393.0,388.0,389.0,9986000,389.0
2012-03-15,391.0,394.0,389.0,393.0,9242000,393.0
2012-03-16,391.0,395.0,390.0,393.0,6671000,393.0
2012-03-19,393.0,395.0,388.0,390.0,6982000,390.0
2012-03-21,391.0,394.0,390.0,394.0,7240000,394.0
2012-03-22,392.0,400.0,391.0,399.0,6308000,399.0
2012-03-23,395.0,398.0,392.0,392.0,10100000,392.0
2012-03-26,392.0,396.0,388.0,389.0,9740000,389.0
2012-03-27,394.0,399.0,394.0,399.0,12884000,399.0
2012-03-28,395.0,395.0,383.0,386.0,14320000,386.0
2012-03-29,385.0,388.0,382.0,388.0,7675000,388.0
2012-03-30,390.0,392.0,388.0,390.0,9656000,390.0
2012-04-02,393.0,397.0,389.0,395.0,10094000,395.0
2012-04-03,397.0,402.0,393.0,399.0,11648000,399.0
2012-04-04,399.0,400.0,389.0,390.0,9124000,390.0
2012-04-05,391.0,392.0,388.0,389.0,8302000,389.0
2012-04-06,388.0,393.0,386.0,388.0,7026000,388.0
2012-04-09,387.0,389.0,382.0,385.0,6552000,385.0
2012-04-10,387.0,391.0,381.0,390.0,8754000,390.0
2012-04-11,385.0,386.0,380.0,381.0,11309000,381.0
2012-04-12,382.0,385.0,379.0,381.0,9389000,381.0
2012-04-13,382.0,387.0,378.0,387.0,9850000,387.0
2012-04-16,386.0,391.0,384.0,387.0,7797000,387.0
2012-04-17,385.0,394.0,381.0,392.0,12288000,392.0
2012-04-18,394.0,399.0,389.0,389.0,10185000,389.0
2012-04-19,394.0,396.0,390.0,390.0,6335000,390.0
2012-04-20,391.0,395.0,391.0,391.0,3917000,391.0
2012-04-23,392.0,392.0,384.0,387.0,7106000,387.0
2012-04-24,386.0,388.0,382.0,387.0,8172000,387.0
2012-04-25,388.0,389.0,386.0,389.0,5339000,389.0
2012-04-26,390.0,391.0,381.0,383.0,8172000,383.0
2012-04-27,380.0,386.0,378.0,386.0,9197000,386.0
2012-05-01,382.0,388.0,379.0,386.0,7586000,386.0
2012-05-02,386.0,386.0,380.0,383.0,8034000,383.0
2012-05-07,377.0,393.0,377.0,392.0,10502000,392.0
2012-05-08,392.0,398.0,390.0,395.0,11521000,395.0
2012-05-09,394.0,395.0,383.0,385.0,11402000,385.0
2012-05-10,385.0,392.0,384.0,387.0,12338000,387.0
2012-05-11,386.0,391.0,385.0,389.0,10810000,389.0
2012-05-14,390.0,398.0,389.0,393.0,13000000,393.0
2012-05-15,392.0,397.0,388.0,390.0,8350000,390.0
2012-05-16,387.0,387.0,377.0,383.0,11000000,383.0
2012-05-17,387.0,387.0,372.0,377.0,10491000,377.0
2012-05-18,374.0,379.0,371.0,374.0,9058000,374.0
2012-05-21,370.0,377.0,369.0,374.0,7465000,374.0
2012-05-22,375.0,376.0,367.0,371.0,4437000,371.0
2012-05-23,371.0,379.0,368.0,372.0,11094000,372.0
2012-05-24,372.0,376.0,368.0,369.0,9669000,369.0
2012-05-25,367.0,378.0,367.0,374.0,6452000,374.0
2012-05-28,370.0,377.0,369.0,372.0,5852000,372.0
2012-05-29,371.0,373.0,366.0,369.0,6525000,369.0
2012-05-30,369.0,379.0,367.0,374.0,9717000,374.0
2012-05-31,375.0,382.0,370.0,372.0,14112000,372.0
2012-06-01,368.0,373.0,365.0,370.0,10067000,370.0
2012-06-04,367.0,372.0,365.0,372.0,9223000,372.0
2012-06-05,375.0,377.0,370.0,374.0,9057000,374.0
2012-06-06,374.0,375.0,369.0,372.0,6900000,372.0
2012-06-07,369.0,379.0,369.0,379.0,10807000,379.0
2012-06-08,380.0,383.0,374.0,376.0,12559000,376.0
2012-06-11,377.0,378.0,374.0,376.0,6926000,376.0
2012-06-12,375.0,376.0,368.0,370.0,8623000,370.0
2012-06-13,373.0,375.0,371.0,373.0,8674000,373.0
2012-06-14,371.0,373.0,369.0,372.0,6229000,372.0
2012-06-15,372.0,375.0,371.0,372.0,6172000,372.0
2012-06-18,375.0,376.0,370.0,371.0,4774000,371.0
2012-06-19,373.0,378.0,371.0,372.0,5559000,372.0
2012-06-20,374.0,384.0,373.0,383.0,10248000,383.0
2012-06-21,383.0,392.0,383.0,390.0,11185000,390.0
2012-06-22,388.0,390.0,383.0,384.0,8443000,384.0
2012-06-25,388.0,389.0,385.0,386.0,5386000,386.0
2012-06-26,385.0,392.0,385.0,392.0,13702000,392.0
2012-06-27,393.0,398.0,392.0,398.0,7501000,398.0
2012-06-28,400.0,401.0,395.0,400.0,9690000,400.0
2012-06-29,399.0,410.0,399.0,407.0,11727000,407.0
2012-07-02,410.0,411.0,404.0,407.0,7078000,407.0
2012-07-03,412.0,416.0,411.0,415.0,9554000,415.0
2012-07-04,415.0,418.0,412.0,417.0,7461000,417.0
2012-07-05,413.0,416.0,412.0,412.0,5695000,412.0
2012-07-06,409.0,413.0,407.0,411.0,9019000,411.0
2012-07-09,408.0,416.0,408.0,412.0,8121000,412.0
2012-07-10,415.0,416.0,408.0,408.0,6367000,408.0
2012-07-11,412.0,415.0,409.0,414.0,7130000,414.0
2012-07-12,414.0,414.0,409.0,409.0,8839000,409.0
2012-07-13,411.0,413.0,408.0,409.0,6634000,409.0
2012-07-17,410.0,415.0,406.0,411.0,11091000,411.0
2012-07-18,411.0,414.0,407.0,409.0,9045000,409.0
2012-07-19,409.0,416.0,408.0,413.0,8898000,413.0
2012-07-20,413.0,413.0,406.0,406.0,7347000,406.0
2012-07-23,405.0,409.0,403.0,405.0,6731000,405.0
2012-07-24,406.0,406.0,399.0,400.0,6436000,400.0
2012-07-25,398.0,402.0,394.0,395.0,9826000,395.0
2012-07-26,394.0,398.0,384.0,392.0,13428000,392.0
2012-07-27,393.0,397.0,390.0,396.0,8901000,396.0
2012-07-30,400.0,400.0,391.0,393.0,9441000,393.0
2012-07-31,394.0,405.0,393.0,404.0,12741000,404.0
2012-08-01,404.0,411.0,403.0,405.0,8993000,405.0
2012-08-02,406.0,415.0,405.0,413.0,8519000,413.0
2012-08-03,408.0,410.0,401.0,408.0,12772000,408.0
2012-08-06,410.0,415.0,407.0,412.0,8787000,412.0
2012-08-07,414.0,417.0,410.0,416.0,8879000,416.0
2012-08-08,417.0,422.0,407.0,413.0,18587000,413.0
2012-08-09,414.0,417.0,411.0,417.0,7367000,417.0
2012-08-10,417.0,417.0,408.0,410.0,8153000,410.0
2012-08-13,410.0,414.0,410.0,413.0,5029000,413.0
2012-08-14,416.0,422.0,413.0,421.0,10486000,421.0
2012-08-15,422.0,423.0,417.0,421.0,7622000,421.0
2012-08-16,421.0,422.0,416.0,420.0,6033000,420.0
2012-08-17,422.0,425.0,420.0,423.0,7732000,423.0
2012-08-20,424.0,427.0,423.0,423.0,8040000,423.0
2012-08-21,422.0,425.0,421.0,424.0,4416000,424.0
2012-08-22,423.0,425.0,419.0,421.0,6176000,421.0
2012-08-23,422.0,425.0,420.0,424.0,6701000,424.0
2012-08-24,426.0,426.0,423.0,425.0,7167000,425.0
2012-08-27,424.0,430.0,424.0,429.0,6987000,429.0
2012-08-28,428.0,428.0,416.0,417.0,10485000,417.0
2012-08-29,417.0,424.0,414.0,420.0,8214000,420.0
2012-08-30,416.0,426.0,416.0,426.0,8561000,426.0
2012-08-31,425.0,432.0,423.0,432.0,12389000,432.0
2012-09-03,431.0,432.0,426.0,428.0,9901000,428.0
2012-09-04,428.0,429.0,419.0,420.0,7563000,420.0
2012-09-05,421.0,422.0,419.0,420.0,4868000,420.0
2012-09-06,422.0,422.0,415.0,415.0,5267000,415.0
2012-09-07,419.0,429.0,413.0,429.0,13081000,429.0
2012-09-10,432.0,438.0,430.0,434.0,9694000,434.0
2012-09-11,432.0,435.0,430.0,434.0,9002000,434.0
2012-09-12,437.0,438.0,431.0,437.0,8722000,437.0
2012-09-13,437.0,440.0,434.0,437.0,8376000,437.0
2012-09-14,437.0,438.0,429.0,431.0,12474000,431.0
2012-09-18,433.0,436.0,431.0,435.0,10055000,435.0
2012-09-19,432.0,437.0,430.0,431.0,14053000,431.0
2012-09-20,428.0,428.0,419.0,422.0,13746000,422.0
2012-09-21,422.0,434.0,422.0,434.0,11804000,434.0
2012-09-24,434.0,437.0,427.0,431.0,9892000,431.0
2012-09-25,425.0,431.0,423.0,431.0,9508000,431.0
2012-09-26,426.0,432.0,426.0,429.0,7955000,429.0
2012-09-27,427.0,432.0,427.0,432.0,5564000,432.0
2012-09-28,432.0,434.0,425.0,430.0,10364000,430.0
2012-10-01,428.0,430.0,419.0,428.0,10368000,428.0
2012-10-02,431.0,431.0,426.0,430.0,4968000,430.0
2012-10-03,430.0,432.0,426.0,432.0,7247000,432.0
2012-10-04,431.0,433.0,427.0,428.0,6239000,428.0
2012-10-05,428.0,431.0,426.0,429.0,8038000,429.0
2012-10-09,430.0,432.0,422.0,422.0,8544000,422.0
2012-10-10,422.0,427.0,422.0,423.0,8504000,423.0
2012-10-11,422.0,435.0,421.0,428.0,11447000,428.0
2012-10-12,426.0,427.0,423.0,423.0,8927000,423.0
2012-10-15,422.0,427.0,422.0,425.0,8306000,425.0
2012-10-16,426.0,432.0,425.0,430.0,9069000,430.0
2012-10-17,429.0,436.0,428.0,430.0,9982000,430.0
2012-10-18,433.0,434.0,427.0,429.0,9356000,429.0
2012-10-19,427.0,433.0,423.0,425.0,16756000,425.0
2012-10-22,422.0,423.0,416.0,417.0,9739000,417.0
2012-10-23,416.0,417.0,408.0,409.0,13756000,409.0
2012-10-24,412.0,414.0,407.0,408.0,12672000,408.0
2012-10-25,406.0,416.0,406.0,414.0,11631000,414.0
2012-10-26,414.0,416.0,408.0,408.0,8263000,408.0
2012-10-29,407.0,411.0,406.0,409.0,7379000,409.0
2012-10-30,408.0,410.0,403.0,407.0,9664000,407.0
2012-10-31,412.0,423.0,411.0,423.0,11088000,423.0
2012-11-01,423.0,423.0,415.0,418.0,7683000,418.0
2012-11-02,422.0,422.0,415.0,417.0,7349000,417.0
2012-11-05,417.0,419.0,412.0,414.0,5149000,414.0
2012-11-06,411.0,421.0,408.0,419.0,9184000,419.0
2012-11-07,419.0,421.0,415.0,420.0,10340000,420.0
2012-11-08,419.0,421.0,414.0,420.0,9286000,420.0
2012-11-09,416.0,416.0,407.0,408.0,9310000,408.0
2012-11-12,408.0,412.0,407.0,408.0,6423000,408.0
2012-11-13,410.0,417.0,408.0,416.0,10250000,416.0
2012-11-14,416.0,417.0,412.0,412.0,8440000,412.0
2012-11-15,413.0,416.0,410.0,414.0,7192000,414.0
2012-11-16,415.0,415.0,406.0,406.0,12074000,406.0
2012-11-19,410.0,418.0,408.0,414.0,10581000,414.0
2012-11-20,420.0,430.0,417.0,429.0,16366000,429.0
2012-11-21,425.0,428.0,420.0,424.0,14495000,424.0
2012-11-22,422.0,422.0,410.0,412.0,13880000,412.0
2012-11-26,417.0,420.0,412.0,413.0,14719000,413.0
2012-11-27,415.0,416.0,411.0,412.0,12268000,412.0
2012-11-28,410.0,413.0,408.0,408.0,9461000,408.0
2012-11-29,410.0,414.0,407.0,408.0,8670000,408.0
2012-11-30,407.0,408.0,404.0,405.0,12580000,405.0
2012-12-03,406.0,408.0,402.0,406.0,10172000,406.0
2012-12-04,407.0,409.0,404.0,407.0,8984000,407.0
2012-12-05,405.0,409.0,403.0,404.0,8356000,404.0
2012-12-06,406.0,408.0,405.0,406.0,5711000,406.0
2012-12-07,408.0,410.0,401.0,403.0,13101000,403.0
2012-12-10,402.0,405.0,399.0,402.0,9393000,402.0
2012-12-11,406.0,411.0,405.0,406.0,11479000,406.0
2012-12-12,410.0,411.0,403.0,404.0,8103000,404.0
2012-12-13,407.0,407.0,400.0,400.0,10904000,400.0
2012-12-14,400.0,404.0,399.0,403.0,13613000,403.0
2012-12-17,406.0,410.0,403.0,408.0,16275000,408.0
2012-12-18,408.0,408.0,401.0,406.0,15135000,406.0
2012-12-19,408.0,410.0,404.0,407.0,9967000,407.0
2012-12-20,408.0,413.0,406.0,409.0,14198000,409.0
2012-12-21,411.0,414.0,407.0,409.0,16667000,409.0
2012-12-25,413.0,413.0,406.0,406.0,8248000,406.0
2012-12-26,407.0,407.0,404.0,405.0,5427000,405.0
2012-12-27,406.0,406.0,400.0,402.0,9677000,402.0
2012-12-28,401.0,402.0,394.0,395.0,15363000,395.0
2013-01-04,401.0,408.0,400.0,406.0,13425000,406.0
2013-01-07,410.0,412.0,405.0,410.0,12006000,410.0
2013-01-08,412.0,414.0,409.0,414.0,12390000,414.0
2013-01-09,410.0,418.0,409.0,415.0,14486000,415.0
2013-01-10,417.0,421.0,412.0,413.0,19697000,413.0
2013-01-11,414.0,418.0,411.0,413.0,11009000,413.0
2013-01-15,416.0,423.0,416.0,423.0,9205000,423.0
2013-01-16,424.0,432.0,424.0,428.0,14660000,428.0
2013-01-17,432.0,435.0,429.0,434.0,14635000,434.0
2013-01-18,432.0,434.0,430.0,434.0,9744000,434.0
2013-01-21,435.0,438.0,430.0,433.0,9869000,433.0
2013-01-22,433.0,438.0,428.0,430.0,11583000,430.0
2013-01-23,430.0,437.0,427.0,431.0,9918000,431.0
2013-01-24,429.0,430.0,425.0,429.0,9279000,429.0
2013-01-25,430.0,435.0,430.0,434.0,9061000,434.0
2013-01-28,435.0,437.0,434.0,435.0,8313000,435.0
2013-01-29,434.0,439.0,433.0,435.0,8850000,435.0
2013-01-30,434.0,435.0,429.0,430.0,9243000,430.0
2013-01-31,433.0,435.0,427.0,431.0,12416000,431.0
2013-02-01,430.0,434.0,430.0,432.0,6597000,432.0
2013-02-04,432.0,433.0,426.0,427.0,6721000,427.0
2013-02-05,426.0,429.0,421.0,423.0,7642000,423.0
2013-02-06,426.0,438.0,425.0,438.0,11371000,438.0
2013-02-07,436.0,438.0,432.0,435.0,12382000,435.0
2013-02-08,434.0,438.0,432.0,434.0,9266000,434.0
2013-02-12,437.0,445.0,437.0,440.0,8837000,440.0
2013-02-13,439.0,440.0,431.0,434.0,7794000,434.0
2013-02-14,433.0,437.0,431.0,431.0,5483000,431.0
2013-02-15,435.0,439.0,430.0,434.0,12256000,434.0
2013-02-18,432.0,447.0,431.0,446.0,13205000,446.0
2013-02-19,445.0,448.0,441.0,442.0,5146000,442.0
2013-02-20,448.0,459.0,448.0,457.0,12571000,457.0
2013-02-21,455.0,457.0,446.0,448.0,10519000,448.0
2013-02-22,445.0,451.0,444.0,449.0,9068000,449.0
2013-02-25,454.0,456.0,450.0,453.0,7895000,453.0
2013-02-26,447.0,454.0,447.0,447.0,9405000,447.0
2013-02-27,446.0,449.0,442.0,442.0,6688000,442.0
2013-02-28,446.0,448.0,444.0,448.0,7284000,448.0
2013-03-01,464.0,475.0,464.0,466.0,22339000,466.0
2013-03-04,466.0,484.0,466.0,479.0,18539000,479.0
2013-03-05,477.0,482.0,472.0,474.0,10661000,474.0
2013-03-06,473.0,485.0,471.0,481.0,13638000,481.0
2013-03-07,485.0,490.0,479.0,488.0,11778000,488.0
2013-03-08,485.0,485.0,477.0,483.0,20388000,483.0
2013-03-11,483.0,488.0,479.0,486.0,10884000,486.0
2013-03-12,487.0,489.0,482.0,486.0,7853000,486.0
2013-03-13,484.0,486.0,480.0,484.0,8035000,484.0
2013-03-14,485.0,491.0,483.0,491.0,7871000,491.0
2013-03-15,486.0,500.0,485.0,500.0,14667000,500.0
2013-03-18,494.0,495.0,486.0,488.0,8780000,488.0
2013-03-19,488.0,500.0,488.0,499.0,11082000,499.0
2013-03-21,501.0,515.0,500.0,501.0,12121000,501.0
2013-03-22,505.0,523.0,500.0,500.0,11155000,500.0
2013-03-25,504.0,507.0,501.0,501.0,7039000,501.0
2013-03-26,499.0,511.0,497.0,508.0,14192000,508.0
2013-03-27,499.0,508.0,498.0,504.0,10124000,504.0
2013-03-28,506.0,510.0,501.0,508.0,9631000,508.0
2013-03-29,509.0,514.0,504.0,514.0,11166000,514.0
2013-04-01,513.0,514.0,495.0,495.0,11968000,495.0
2013-04-02,501.0,501.0,485.0,493.0,12973000,493.0
2013-04-03,492.0,503.0,488.0,501.0,13418000,501.0
2013-04-04,499.0,517.0,492.0,517.0,18683000,517.0
2013-04-05,523.0,547.0,512.0,516.0,23134000,516.0
2013-04-08,525.0,535.0,511.0,521.0,12947000,521.0
2013-04-09,510.0,517.0,505.0,513.0,14519000,513.0
2013-04-10,517.0,523.0,514.0,517.0,14185000,517.0
2013-04-11,521.0,526.0,518.0,525.0,14244000,525.0
2013-04-12,524.0,532.0,519.0,528.0,21433000,528.0
2013-04-15,531.0,541.0,529.0,539.0,18710000,539.0
2013-04-16,530.0,547.0,524.0,543.0,24191000,543.0
2013-04-17,550.0,551.0,534.0,544.0,14127000,544.0
2013-04-18,548.0,553.0,540.0,541.0,10713000,541.0
2013-04-19,541.0,546.0,531.0,544.0,11931000,544.0
2013-04-22,550.0,554.0,541.0,542.0,8802000,542.0
2013-04-23,543.0,554.0,542.0,548.0,10795000,548.0
2013-04-24,553.0,554.0,536.0,541.0,13096000,541.0
2013-04-25,536.0,547.0,536.0,545.0,6734000,545.0
2013-04-26,545.0,562.0,543.0,546.0,19060000,546.0
2013-04-30,556.0,569.0,552.0,556.0,14477000,556.0
2013-05-01,556.0,571.0,552.0,566.0,13654000,566.0
2013-05-02,568.0,574.0,563.0,570.0,8093000,570.0
2013-05-07,574.0,584.0,572.0,583.0,12128000,583.0
2013-05-08,582.0,593.0,577.0,585.0,11527000,585.0
2013-05-09,585.0,587.0,580.0,582.0,10473000,582.0
2013-05-10,588.0,591.0,586.0,589.0,13981000,589.0
2013-05-13,592.0,611.0,591.0,604.0,17959000,604.0
2013-05-14,606.0,613.0,601.0,603.0,18082000,603.0
2013-05-15,603.0,618.0,598.0,616.0,16730000,616.0
2013-05-16,620.0,626.0,611.0,613.0,15551000,613.0
2013-05-17,615.0,620.0,611.0,616.0,12719000,616.0
2013-05-20,630.0,640.0,623.0,627.0,19248000,627.0
2013-05-21,632.0,634.0,621.0,628.0,15102000,628.0
2013-05-22,626.0,633.0,622.0,627.0,10609000,627.0
2013-05-23,630.0,641.0,593.0,595.0,19025000,595.0
2013-05-24,595.0,615.0,579.0,596.0,21708000,596.0
2013-05-27,588.0,589.0,563.0,568.0,23789000,568.0
2013-05-28,558.0,569.0,547.0,558.0,20705000,558.0
2013-05-29,577.0,588.0,569.0,579.0,17811000,579.0
2013-05-30,570.0,571.0,545.0,548.0,19113000,548.0
2013-05-31,558.0,559.0,544.0,545.0,16873000,545.0
2013-06-03,546.0,556.0,539.0,542.0,13775000,542.0
2013-06-04,543.0,548.0,526.0,546.0,15683000,546.0
2013-06-05,545.0,550.0,522.0,523.0,16836000,523.0
2013-06-06,515.0,521.0,506.0,520.0,26887000,520.0
2013-06-07,508.0,520.0,500.0,512.0,20962000,512.0
2013-06-10,525.0,537.0,509.0,513.0,21654000,513.0
2013-06-11,523.0,527.0,513.0,516.0,20649000,516.0
2013-06-12,510.0,521.0,500.0,515.0,13374000,515.0
2013-06-13,510.0,520.0,493.0,502.0,15522000,502.0
2013-06-14,516.0,524.0,507.0,516.0,20494000,516.0
2013-06-17,517.0,529.0,516.0,527.0,11618000,527.0
2013-06-18,523.0,526.0,508.0,512.0,20971000,512.0
2013-06-19,516.0,522.0,508.0,515.0,22187000,515.0
2013-06-20,510.0,518.0,508.0,514.0,16847000,514.0
2013-06-21,504.0,521.0,496.0,521.0,17414000,521.0
2013-06-24,526.0,533.0,521.0,526.0,12206000,526.0
2013-06-25,529.0,533.0,506.0,511.0,14317000,511.0
2013-06-26,512.0,517.0,504.0,508.0,9210000,508.0
2013-06-27,513.0,528.0,510.0,528.0,9134000,528.0
2013-06-28,537.0,549.0,535.0,548.0,12397000,548.0
2013-07-01,550.0,550.0,535.0,546.0,14026000,546.0
2013-07-02,552.0,554.0,534.0,544.0,13900000,544.0
2013-07-03,545.0,551.0,536.0,548.0,9701000,548.0
2013-07-04,549.0,555.0,543.0,547.0,7288000,547.0
2013-07-05,550.0,555.0,544.0,554.0,6055000,554.0
2013-07-08,555.0,558.0,545.0,545.0,8330000,545.0
2013-07-09,553.0,562.0,552.0,561.0,10687000,561.0
2013-07-10,558.0,563.0,554.0,563.0,10086000,563.0
2013-07-11,557.0,562.0,554.0,559.0,8643000,559.0
2013-07-12,560.0,574.0,559.0,571.0,11145000,571.0
2013-07-16,575.0,580.0,563.0,566.0,10347000,566.0
2013-07-17,565.0,572.0,563.0,569.0,14734000,569.0
2013-07-18,572.0,576.0,569.0,572.0,9515000,572.0
2013-07-19,576.0,577.0,562.0,565.0,14384000,565.0
2013-07-22,570.0,572.0,558.0,567.0,8719000,567.0
2013-07-23,563.0,574.0,562.0,573.0,6632000,573.0
2013-07-24,574.0,585.0,567.0,585.0,11731000,585.0
2013-07-25,586.0,588.0,571.0,574.0,8174000,574.0
2013-07-26,566.0,568.0,552.0,553.0,12506000,553.0
2013-07-29,546.0,549.0,537.0,540.0,8434000,540.0
2013-07-30,538.0,548.0,535.0,543.0,9567000,543.0
2013-07-31,553.0,553.0,539.0,539.0,9191000,539.0
2013-08-01,537.0,553.0,536.0,553.0,8428000,553.0
2013-08-02,556.0,565.0,554.0,565.0,6782000,565.0
2013-08-05,555.0,560.0,553.0,557.0,4954000,557.0
2013-08-06,550.0,551.0,534.0,547.0,9008000,547.0
2013-08-07,534.0,536.0,522.0,522.0,9231000,522.0
2013-08-08,524.0,538.0,522.0,523.0,9754000,523.0
2013-08-09,526.0,527.0,518.0,522.0,7556000,522.0
2013-08-12,518.0,528.0,517.0,526.0,4738000,526.0
2013-08-13,528.0,538.0,525.0,537.0,7663000,537.0
2013-08-14,549.0,550.0,536.0,545.0,6979000,545.0
2013-08-15,546.0,554.0,541.0,544.0,10191000,544.0
2013-08-16,542.0,545.0,538.0,538.0,4341000,538.0
2013-08-19,540.0,547.0,539.0,544.0,5209000,544.0
2013-08-20,543.0,548.0,535.0,535.0,7907000,535.0
2013-08-21,533.0,547.0,531.0,541.0,12839000,541.0
2013-08-22,535.0,540.0,531.0,531.0,8679000,531.0
2013-08-23,538.0,539.0,533.0,536.0,6585000,536.0
2013-08-26,537.0,540.0,528.0,534.0,6404000,534.0
2013-08-27,535.0,538.0,531.0,534.0,5133000,534.0
2013-08-28,524.0,525.0,518.0,521.0,6547000,521.0
2013-08-29,521.0,523.0,514.0,519.0,11908000,519.0
2013-08-30,519.0,523.0,505.0,510.0,13704000,510.0
2013-09-02,513.0,516.0,504.0,515.0,6777000,515.0
2013-09-03,521.0,521.0,513.0,517.0,8621000,517.0
2013-09-04,511.0,517.0,508.0,515.0,9491000,515.0
2013-09-05,518.0,522.0,513.0,518.0,6552000,518.0
2013-09-06,520.0,520.0,512.0,516.0,4846000,516.0
2013-09-09,536.0,543.0,532.0,534.0,11182000,534.0
2013-09-10,537.0,542.0,535.0,539.0,7671000,539.0
2013-09-11,545.0,547.0,536.0,543.0,8179000,543.0
2013-09-12,543.0,543.0,537.0,539.0,6282000,539.0
2013-09-13,534.0,540.0,528.0,531.0,11036000,531.0
2013-09-17,534.0,537.0,532.0,533.0,6027000,533.0
2013-09-18,532.0,539.0,526.0,534.0,7877000,534.0
2013-09-19,542.0,543.0,535.0,543.0,6187000,543.0
2013-09-20,545.0,551.0,543.0,549.0,8503000,549.0
2013-09-24,541.0,543.0,533.0,537.0,7347000,537.0
2013-09-25,536.0,548.0,536.0,544.0,6657000,544.0
2013-09-26,537.0,547.0,532.0,547.0,6494000,547.0
2013-09-27,542.0,543.0,536.0,537.0,7227000,537.0
2013-09-30,530.0,543.0,530.0,538.0,7872000,538.0
2013-10-01,538.0,539.0,531.0,531.0,5971000,531.0
2013-10-02,529.0,531.0,524.0,526.0,7901000,526.0
2013-10-03,531.0,534.0,528.0,531.0,7589000,531.0
2013-10-04,524.0,524.0,515.0,518.0,7508000,518.0
2013-10-07,521.0,527.0,519.0,520.0,6856000,520.0
2013-10-08,520.0,530.0,518.0,528.0,9613000,528.0
2013-10-09,522.0,526.0,519.0,526.0,5605000,526.0
2013-10-10,528.0,543.0,527.0,538.0,7249000,538.0
2013-10-11,542.0,545.0,536.0,538.0,7276000,538.0
2013-10-15,543.0,545.0,539.0,544.0,6214000,544.0
2013-10-16,539.0,540.0,531.0,535.0,6397000,535.0
2013-10-17,540.0,544.0,534.0,537.0,5854000,537.0
2013-10-18,538.0,538.0,528.0,530.0,5221000,530.0
2013-10-21,532.0,535.0,530.0,533.0,4322000,533.0
2013-10-22,531.0,535.0,528.0,529.0,4404000,529.0
2013-10-23,532.0,533.0,515.0,516.0,10235000,516.0
2013-10-24,516.0,518.0,512.0,516.0,7038000,516.0
2013-10-25,519.0,519.0,507.0,508.0,8143000,508.0
2013-10-28,513.0,521.0,508.0,517.0,7041000,517.0
2013-10-29,518.0,525.0,518.0,524.0,7764000,524.0
2013-10-30,526.0,533.0,522.0,532.0,9949000,532.0
2013-10-31,530.0,537.0,529.0,532.0,7145000,532.0
2013-11-01,531.0,531.0,518.0,519.0,5683000,519.0
2013-11-05,523.0,524.0,510.0,512.0,6450000,512.0
2013-11-06,512.0,517.0,510.0,511.0,7760000,511.0
2013-11-07,513.0,514.0,506.0,507.0,6380000,507.0
2013-11-08,501.0,506.0,499.0,505.0,10009000,505.0
2013-11-11,507.0,507.0,500.0,503.0,4484000,503.0
2013-11-12,504.0,509.0,502.0,506.0,6973000,506.0
2013-11-13,505.0,509.0,503.0,505.0,5949000,505.0
2013-11-14,509.0,521.0,508.0,518.0,10784000,518.0
2013-11-15,521.0,524.0,515.0,515.0,8030000,515.0
2013-11-18,516.0,518.0,511.0,514.0,6624000,514.0
2013-11-19,515.0,520.0,515.0,517.0,5198000,517.0
2013-11-20,516.0,518.0,511.0,514.0,5924000,514.0
2013-11-21,513.0,519.0,510.0,515.0,9322000,515.0
2013-11-22,518.0,518.0,512.0,514.0,8983000,514.0
2013-11-25,516.0,521.0,515.0,520.0,9027000,520.0
2013-11-26,520.0,523.0,513.0,514.0,10331000,514.0
2013-11-27,511.0,512.0,504.0,504.0,8419000,504.0
2013-11-28,510.0,514.0,507.0,509.0,10156000,509.0
2013-11-29,509.0,512.0,508.0,510.0,8361000,510.0
2013-12-02,514.0,519.0,513.0,517.0,8740000,517.0
2013-12-03,515.0,516.0,509.0,511.0,8459000,511.0
2013-12-04,509.0,512.0,507.0,507.0,6547000,507.0
2013-12-05,508.0,508.0,503.0,503.0,5638000,503.0
2013-12-06,504.0,506.0,501.0,502.0,4724000,502.0
2013-12-09,505.0,506.0,500.0,501.0,7137000,501.0
2013-12-10,499.0,501.0,497.0,500.0,7675000,500.0
2013-12-11,501.0,504.0,500.0,503.0,6631000,503.0
2013-12-12,503.0,506.0,500.0,504.0,6060000,504.0
2013-12-13,502.0,505.0,498.0,500.0,14833000,500.0
2013-12-16,503.0,504.0,496.0,497.0,6518000,497.0
2013-12-17,499.0,500.0,495.0,497.0,6292000,497.0
2013-12-18,500.0,510.0,498.0,510.0,12661000,510.0
2013-12-19,510.0,512.0,505.0,508.0,12113000,508.0
2013-12-20,507.0,511.0,505.0,507.0,10047000,507.0
2013-12-24,510.0,510.0,503.0,506.0,7547000,506.0
2013-12-25,505.0,505.0,500.0,504.0,8267000,504.0
2013-12-26,506.0,509.0,505.0,509.0,4918000,509.0
2013-12-27,510.0,515.0,508.0,513.0,8115000,513.0
2013-12-30,514.0,520.0,514.0,518.0,9200000,518.0
2014-01-06,518.0,524.0,512.0,515.0,9653000,515.0
2014-01-07,515.0,515.0,510.0,512.0,4642000,512.0
2014-01-08,512.0,514.0,508.0,512.0,4969000,512.0
2014-01-09,512.0,512.0,506.0,509.0,7121000,509.0
2014-01-10,509.0,509.0,503.0,504.0,8973000,504.0
2014-01-14,504.0,505.0,497.0,499.0,10173000,499.0
2014-01-15,503.0,512.0,502.0,512.0,8154000,512.0
2014-01-16,511.0,518.0,510.0,515.0,11663000,515.0
2014-01-17,513.0,518.0,513.0,513.0,6234000,513.0
2014-01-20,515.0,519.0,511.0,516.0,7005000,516.0
2014-01-21,518.0,518.0,513.0,513.0,3753000,513.0
2014-01-22,511.0,518.0,511.0,518.0,7640000,518.0
2014-01-23,520.0,527.0,515.0,516.0,14242000,516.0
2014-01-24,514.0,523.0,513.0,518.0,11086000,518.0
2014-01-27,511.0,519.0,509.0,515.0,13729000,515.0
2014-01-28,524.0,534.0,519.0,519.0,15366000,519.0
2014-01-29,522.0,530.0,515.0,529.0,13506000,529.0
2014-01-30,519.0,519.0,509.0,514.0,12797000,514.0
2014-01-31,514.0,519.0,506.0,512.0,7648000,512.0
2014-02-03,505.0,507.0,500.0,500.0,10746000,500.0
2014-02-04,490.0,491.0,473.0,475.0,20222000,475.0
2014-02-05,478.0,482.0,474.0,479.0,13321000,479.0
2014-02-06,475.0,477.0,470.0,470.0,13675000,470.0
2014-02-07,478.0,482.0,473.0,481.0,11858000,481.0
2014-02-10,489.0,490.0,477.0,485.0,11139000,485.0
2014-02-12,489.0,492.0,485.0,485.0,10180000,485.0
2014-02-13,486.0,489.0,481.0,484.0,7079000,484.0
2014-02-14,485.0,486.0,471.0,476.0,10790000,476.0
2014-02-17,477.0,483.0,475.0,483.0,9048000,483.0
2014-02-18,482.0,489.0,478.0,486.0,7449000,486.0
2014-02-19,483.0,489.0,481.0,485.0,7928000,485.0
2014-02-20,480.0,484.0,477.0,481.0,10201000,481.0
2014-02-21,484.0,496.0,484.0,494.0,8806000,494.0
2014-02-24,497.0,500.0,490.0,500.0,9599000,500.0
2014-02-25,501.0,506.0,497.0,505.0,8573000,505.0
2014-02-26,501.0,511.0,499.0,508.0,8900000,508.0
2014-02-27,508.0,513.0,504.0,509.0,7801000,509.0
2014-02-28,506.0,512.0,505.0,510.0,6967000,510.0
2014-03-03,507.0,513.0,502.0,512.0,8415000,512.0
2014-03-04,511.0,518.0,508.0,509.0,8745000,509.0
2014-03-05,513.0,518.0,507.0,508.0,9197000,508.0
2014-03-06,508.0,509.0,502.0,504.0,9463000,504.0
2014-03-07,508.0,515.0,508.0,513.0,9107000,513.0
2014-03-10,512.0,519.0,508.0,519.0,14583000,519.0
2014-03-11,521.0,538.0,519.0,533.0,17631000,533.0
2014-03-12,525.0,529.0,522.0,522.0,10252000,522.0
2014-03-13,523.0,531.0,522.0,528.0,8065000,528.0
2014-03-14,528.0,528.0,513.0,514.0,15370000,514.0
2014-03-17,510.0,511.0,505.0,507.0,7129000,507.0
2014-03-18,517.0,520.0,509.0,509.0,5352000,509.0
2014-03-19,514.0,517.0,509.0,510.0,8180000,510.0
2014-03-20,518.0,518.0,508.0,511.0,12213000,511.0
2014-03-24,514.0,520.0,511.0,517.0,9834000,517.0
2014-03-25,508.0,522.0,507.0,515.0,8103000,515.0
2014-03-26,516.0,517.0,504.0,507.0,10665000,507.0
2014-03-27,492.0,520.0,491.0,518.0,13785000,518.0
2014-03-28,517.0,528.0,516.0,528.0,12714000,528.0
2014-03-31,527.0,527.0,518.0,524.0,10327000,524.0
2014-04-01,524.0,524.0,510.0,517.0,8453000,517.0
2014-04-02,517.0,522.0,515.0,515.0,8439000,515.0
2014-04-03,517.0,521.0,515.0,516.0,7752000,516.0
2014-04-04,515.0,519.0,512.0,514.0,6852000,514.0
2014-04-07,510.0,515.0,510.0,511.0,5930000,511.0
2014-04-08,506.0,509.0,500.0,507.0,8611000,507.0
2014-04-09,500.0,506.0,494.0,504.0,10033000,504.0
2014-04-10,509.0,510.0,498.0,499.0,7241000,499.0
2014-04-11,491.0,504.0,487.0,499.0,8077000,499.0
2014-04-14,497.0,508.0,497.0,503.0,6921000,503.0
2014-04-15,503.0,504.0,495.0,495.0,7146000,495.0
2014-04-16,499.0,507.0,498.0,507.0,7331000,507.0
2014-04-17,506.0,515.0,505.0,512.0,7007000,512.0
2014-04-18,518.0,518.0,512.0,517.0,4154000,517.0
2014-04-21,517.0,523.0,516.0,517.0,5203000,517.0
2014-04-22,518.0,524.0,518.0,520.0,5335000,520.0
2014-04-23,523.0,527.0,518.0,526.0,9508000,526.0
2014-04-24,526.0,526.0,517.0,521.0,5662000,521.0
2014-04-25,518.0,526.0,515.0,525.0,5711000,525.0
2014-04-28,522.0,529.0,514.0,514.0,11789000,514.0
2014-04-30,518.0,536.0,516.0,535.0,13780000,535.0
2014-05-01,535.0,540.0,530.0,536.0,7634000,536.0
2014-05-02,531.0,538.0,530.0,537.0,8655000,537.0
2014-05-07,532.0,544.0,530.0,541.0,12542000,541.0
2014-05-08,541.0,553.0,541.0,544.0,13861000,544.0
2014-05-09,541.0,548.0,540.0,543.0,10712000,543.0
2014-05-12,547.0,555.0,546.0,550.0,11543000,550.0
2014-05-13,558.0,561.0,555.0,558.0,10575000,558.0
2014-05-14,554.0,559.0,551.0,556.0,10142000,556.0
2014-05-15,552.0,567.0,551.0,567.0,10466000,567.0
2014-05-16,563.0,567.0,550.0,550.0,12665000,550.0
2014-05-19,547.0,561.0,546.0,556.0,9297000,556.0
2014-05-20,555.0,559.0,553.0,557.0,13626000,557.0
2014-05-21,555.0,563.0,555.0,560.0,8346000,560.0
2014-05-22,563.0,570.0,561.0,564.0,8883000,564.0
2014-05-23,562.0,568.0,559.0,566.0,12128000,566.0
2014-05-26,574.0,580.0,570.0,580.0,9093000,580.0
2014-05-27,576.0,579.0,567.0,570.0,14378000,570.0
2014-05-28,571.0,574.0,569.0,571.0,10763000,571.0
2014-05-29,572.0,578.0,572.0,574.0,7726000,574.0
2014-05-30,572.0,585.0,570.0,576.0,13204000,576.0
2014-06-02,583.0,593.0,582.0,584.0,12658000,584.0
2014-06-03,589.0,589.0,576.0,578.0,11153000,578.0
2014-06-04,577.0,577.0,572.0,573.0,12324000,573.0
2014-06-05,579.0,582.0,570.0,572.0,14020000,572.0
2014-06-06,572.0,575.0,562.0,566.0,16537000,566.0
2014-06-09,571.0,572.0,563.0,563.0,11181000,563.0
2014-06-10,567.0,573.0,564.0,568.0,8730000,568.0
2014-06-11,571.0,580.0,570.0,576.0,10911000,576.0
2014-06-12,570.0,578.0,569.0,577.0,8331000,577.0
2014-06-13,577.0,582.0,575.0,579.0,12990000,579.0
2014-06-16,573.0,579.0,572.0,576.0,6121000,576.0
2014-06-17,579.0,583.0,576.0,578.0,5016000,578.0
2014-06-18,582.0,583.0,580.0,581.0,4002000,581.0
2014-06-19,578.0,587.0,576.0,585.0,10050000,585.0
2014-06-20,586.0,589.0,584.0,585.0,8701000,585.0
2014-06-23,585.0,586.0,575.0,579.0,6635000,579.0
2014-06-24,580.0,586.0,578.0,583.0,5753000,583.0
2014-06-25,582.0,587.0,581.0,581.0,5401000,581.0
2014-06-26,585.0,588.0,583.0,585.0,5523000,585.0
2014-06-27,582.0,584.0,572.0,578.0,7819000,578.0
2014-06-30,582.0,592.0,581.0,592.0,8701000,592.0
2014-07-01,590.0,597.0,589.0,593.0,5995000,593.0
2014-07-02,596.0,598.0,593.0,597.0,6147000,597.0
2014-07-03,598.0,598.0,592.0,595.0,4909000,595.0
2014-07-04,590.0,592.0,588.0,592.0,4422000,592.0
2014-07-07,592.0,593.0,589.0,591.0,2458000,591.0
2014-07-08,587.0,595.0,583.0,594.0,7322000,594.0
2014-07-09,587.0,595.0,587.0,592.0,5352000,592.0
2014-07-10,593.0,594.0,589.0,591.0,4104000,591.0
2014-07-11,583.0,589.0,580.0,588.0,6022000,588.0
2014-07-14,587.0,593.0,585.0,590.0,4149000,590.0
2014-07-15,590.0,597.0,590.0,594.0,6923000,594.0
2014-07-16,598.0,599.0,594.0,598.0,6192000,598.0
2014-07-17,599.0,600.0,595.0,596.0,5818000,596.0
2014-07-18,593.0,597.0,590.0,595.0,6510000,595.0
2014-07-22,598.5,604.9,597.0,604.9,10974000,604.9
2014-07-23,606.4,607.9,599.5,601.8,8399000,601.8
2014-07-24,605.2,612.0,602.6,606.2,8746000,606.2
2014-07-25,609.9,614.3,607.5,614.0,6468000,614.0
2014-07-28,610.3,613.8,605.8,609.3,6155000,609.3
2014-07-29,612.0,613.8,608.1,610.9,4396000,610.9
2014-07-30,607.0,610.0,592.7,595.3,9778000,595.3
2014-07-31,595.3,597.8,591.5,592.6,6098000,592.6
2014-08-01,593.7,598.9,591.5,596.5,5946000,596.5
2014-08-04,595.5,606.4,589.1,601.4,8933000,601.4
2014-08-05,600.6,604.4,594.0,596.1,8904000,596.1
2014-08-06,592.8,594.2,582.5,586.5,8633000,586.5
2014-08-07,588.9,588.9,578.0,583.9,9131000,583.9
2014-08-08,580.0,582.3,570.0,570.8,10927000,570.8
2014-08-11,580.0,583.9,575.8,581.2,5145000,581.2
2014-08-12,584.6,590.0,584.6,588.5,4264000,588.5
2014-08-13,586.1,589.4,584.5,587.8,3884000,587.8
2014-08-14,589.2,594.8,586.6,594.2,4033000,594.2
2014-08-15,593.8,596.2,589.1,593.6,3659000,593.6
2014-08-18,595.2,596.5,593.1,594.0,2277000,594.0
2014-08-19,599.5,599.7,594.3,597.2,4713000,597.2
2014-08-20,600.0,605.9,597.8,600.1,6421000,600.1
2014-08-21,600.7,604.9,597.5,601.7,4036000,601.7
2014-08-22,608.0,608.0,601.5,602.0,3638000,602.0
2014-08-25,606.8,606.8,596.5,598.3,4412000,598.3
2014-08-26,599.4,604.1,596.4,597.5,3840000,597.5
2014-08-27,598.0,603.0,592.3,595.9,4229000,595.9
2014-08-28,590.0,594.9,588.0,589.8,10079000,589.8
2014-08-29,590.7,594.6,589.4,590.9,8180000,590.9
2014-09-01,591.1,594.4,590.0,594.0,2893000,594.0
2014-09-02,593.2,598.7,591.4,594.1,6373000,594.1
2014-09-03,598.5,604.7,596.1,601.0,7405000,601.0
2014-09-04,604.8,608.2,600.2,607.7,6892000,607.7
2014-09-05,612.1,613.4,606.2,609.0,6368000,609.0
2014-09-08,615.0,617.4,611.8,617.4,5688000,617.4
2014-09-09,616.0,616.5,611.9,611.9,4808000,611.9
2014-09-10,611.0,619.6,610.0,619.3,6119000,619.3
2014-09-11,620.0,620.0,612.7,614.0,6264000,614.0
2014-09-12,610.9,613.8,608.5,611.8,10678000,611.8
2014-09-16,614.1,614.6,609.3,612.9,5736000,612.9
2014-09-17,614.8,617.2,609.5,610.0,4535000,610.0
2014-09-18,617.2,623.4,616.4,618.7,7442000,618.7
2014-09-19,620.1,620.9,614.9,614.9,11358000,614.9
2014-09-22,617.3,623.0,615.8,622.2,6551000,622.2
2014-09-24,618.9,622.8,612.3,622.4,6541000,622.4
2014-09-25,623.8,631.0,622.5,631.0,6136000,631.0
2014-09-26,619.1,621.0,612.7,619.9,6911000,619.9
2014-09-29,622.8,623.8,614.5,623.8,6453000,623.8
2014-09-30,621.9,623.3,612.2,616.5,5863000,616.5
2014-10-01,616.6,622.8,615.2,615.2,4580000,615.2
2014-10-02,609.0,610.9,595.0,596.3,9694000,596.3
2014-10-03,591.9,597.2,588.4,593.2,7226000,593.2
2014-10-06,597.2,601.3,594.1,594.1,5137000,594.1
2014-10-07,594.0,606.5,592.8,594.3,9064000,594.3
2014-10-08,589.0,594.9,587.7,590.7,6108000,590.7
2014-10-09,591.1,592.0,586.5,589.5,6442000,589.5
2014-10-10,583.6,591.8,583.0,586.4,10208000,586.4
2014-10-14,578.0,584.5,572.3,573.6,13101000,573.6
2014-10-15,580.0,585.7,577.1,580.0,8930000,580.0
2014-10-16,567.0,568.1,560.9,561.6,9322000,561.6
2014-10-17,564.5,568.1,556.8,557.0,8792000,557.0
2014-10-20,575.0,576.1,568.2,572.0,14180000,572.0
2014-10-21,572.4,575.8,564.2,566.1,6444000,566.1
2014-10-22,571.9,581.6,569.3,581.5,8482000,581.5
2014-10-23,579.8,585.6,576.6,584.8,5498000,584.8
2014-10-24,594.0,595.8,587.5,591.8,6758000,591.8
2014-10-27,598.0,610.6,596.7,606.0,9636000,606.0
2014-10-28,608.3,612.0,604.5,606.7,5923000,606.7
2014-10-29,610.0,616.8,606.8,610.8,9196000,610.8
2014-10-30,611.1,618.4,609.5,615.1,12610000,615.1
2014-10-31,619.9,638.0,618.1,635.8,15221000,635.8
2014-11-04,665.6,669.2,644.7,646.9,15059000,646.9
2014-11-05,646.5,661.3,645.0,658.1,13363000,658.1
2014-11-06,657.0,657.0,640.7,641.6,10190000,641.6
2014-11-07,649.1,651.4,645.9,648.0,10135000,648.0
2014-11-10,647.5,651.6,641.4,645.3,6226000,645.3
2014-11-11,645.2,657.2,644.9,653.0,6872000,653.0
2014-11-12,652.3,657.7,649.8,650.3,9690000,650.3
2014-11-13,648.9,655.6,645.5,655.0,10147000,655.0
2014-11-14,660.0,660.6,646.0,653.3,10841000,653.3
2014-11-17,649.1,649.5,633.0,635.0,9171000,635.0
2014-11-18,644.9,648.6,640.5,648.6,6731000,648.6
2014-11-19,648.7,651.0,642.6,644.0,7235000,644.0
2014-11-20,644.9,648.3,635.8,639.0,7702000,639.0
2014-11-21,639.1,641.7,634.3,640.3,7073000,640.3
2014-11-25,647.5,647.5,634.3,636.7,14712000,636.7
2014-11-26,636.3,645.8,636.1,640.2,7006000,640.2
2014-11-27,639.2,640.8,635.0,637.6,6474000,637.6
2014-11-28,640.0,647.8,639.8,647.2,7047000,647.2
2014-12-01,647.8,655.6,646.2,649.7,5794000,649.7
2014-12-02,647.0,654.9,646.6,653.4,7465000,653.4
2014-12-03,659.0,663.8,654.9,656.0,7396000,656.0
2014-12-04,660.0,660.0,646.8,651.3,8456000,651.3
2014-12-05,644.8,651.6,644.4,651.5,4825000,651.5
2014-12-08,649.2,651.5,637.7,637.9,10028000,637.9
2014-12-09,636.2,644.2,634.3,642.1,7975000,642.1
2014-12-10,639.6,649.4,632.2,635.3,8117000,635.3
2014-12-11,630.0,636.4,620.8,625.3,10211000,625.3
2014-12-12,621.7,628.5,618.4,620.1,11516000,620.1
2014-12-15,615.0,624.5,612.2,620.4,6106000,620.4
2014-12-16,611.0,618.8,610.1,615.9,8694000,615.9
2014-12-17,617.0,619.8,611.0,614.8,8816000,614.8
2014-12-18,634.8,640.3,620.7,628.5,12477000,628.5
2014-12-19,645.0,649.1,638.2,643.9,10293000,643.9
2014-12-22,644.5,645.0,639.5,640.5,7032000,640.5
2014-12-24,649.0,649.0,644.8,645.9,4692000,645.9
2014-12-25,646.0,650.6,641.8,650.2,3659000,650.2
2014-12-26,648.5,655.1,648.0,654.2,4176000,654.2
2014-12-29,658.9,663.5,650.7,661.0,8488000,661.0
2014-12-30,664.0,664.0,652.1,652.1,5829000,652.1
2015-01-05,650.0,650.0,638.0,643.3,8963000,643.3
2015-01-06,633.3,635.0,625.2,625.2,9570000,625.2
2015-01-07,622.6,627.9,619.7,620.2,6160000,620.2
2015-01-08,628.6,637.0,626.6,630.7,9246000,630.7
2015-01-09,633.0,637.3,630.1,633.5,6587000,633.5
2015-01-13,629.9,636.9,622.2,636.9,8027000,636.9
2015-01-14,633.9,647.9,633.9,645.6,12103000,645.6
2015-01-15,650.0,659.3,649.7,657.3,10339000,657.3
2015-01-16,645.0,658.1,644.0,658.1,7016000,658.1
2015-01-19,661.0,675.0,661.0,671.2,10603000,671.2
2015-01-20,675.0,686.0,673.8,685.0,10778000,685.0
2015-01-21,678.7,685.7,675.1,679.9,10820000,679.9
2015-01-22,679.9,680.8,672.0,679.6,8007000,679.6
2015-01-23,685.0,687.3,683.1,686.1,7161000,686.1
2015-01-26,680.7,693.5,680.7,692.5,6859000,692.5
2015-01-27,696.5,705.2,689.5,704.9,10142000,704.9
2015-01-28,694.8,709.7,693.9,706.4,8625000,706.4
2015-01-29,697.1,709.0,697.1,702.6,6906000,702.6
2015-01-30,706.9,712.3,700.7,706.3,11061000,706.3
2015-02-02,703.2,722.5,699.2,720.9,9090000,720.9
2015-02-03,720.9,721.8,711.1,713.6,9000000,713.6
2015-02-04,722.0,731.0,721.0,724.5,10065000,724.5
2015-02-05,724.6,726.8,696.9,697.3,12996000,697.3
2015-02-06,707.3,719.4,706.8,710.5,9658000,710.5
2015-02-09,715.4,718.2,705.4,712.8,8589000,712.8
2015-02-10,715.0,716.9,708.1,716.5,6950000,716.5
2015-02-12,723.5,727.5,715.0,716.3,11565000,716.3
2015-02-13,716.0,719.2,708.0,710.1,9969000,710.1
2015-02-16,714.8,719.9,710.1,719.2,8048000,719.2
2015-02-17,724.4,729.4,714.6,719.0,7829000,719.0
2015-02-18,728.6,734.5,723.6,731.0,8844000,731.0
2015-02-19,731.0,736.0,728.9,731.0,9960000,731.0
2015-02-20,731.6,734.0,727.7,732.9,8317000,732.9
2015-02-23,735.4,739.8,729.4,734.0,8276000,734.0
2015-02-24,730.0,731.7,726.1,731.5,8971000,731.5
2015-02-25,731.9,737.5,729.1,731.9,10827000,731.9
2015-02-26,730.0,733.2,721.2,733.2,8373000,733.2
2015-02-27,730.6,731.5,699.4,728.2,11150000,728.2
2015-03-02,729.4,741.8,725.0,740.7,7224000,740.7
2015-03-03,741.8,751.4,738.7,749.4,10350000,749.4
2015-03-04,749.5,750.4,728.3,735.4,8488000,735.4
2015-03-05,732.3,740.9,731.3,740.7,6379000,740.7
2015-03-06,741.2,748.4,737.0,740.1,8054000,740.1
2015-03-09,740.5,740.5,729.1,731.5,6528000,731.5
2015-03-10,732.0,732.7,717.4,722.1,8268000,722.1
2015-03-11,716.0,730.3,715.5,724.5,6022000,724.5
2015-03-12,729.9,735.2,729.5,733.5,7837000,733.5
2015-03-13,736.9,750.4,728.0,750.0,16846000,750.0
2015-03-16,742.8,747.6,738.1,739.3,5805000,739.3
2015-03-17,761.2,762.4,753.3,756.5,8915000,756.5
2015-03-18,755.0,763.8,755.0,762.0,7259000,762.0
2015-03-19,762.2,770.0,758.6,765.4,7098000,765.4
2015-03-20,766.9,766.9,754.2,762.2,7890000,762.2
2015-03-23,762.9,769.8,761.0,766.6,6001000,766.6
2015-03-24,762.5,770.3,760.7,763.7,8483000,763.7
2015-03-25,764.2,768.0,755.1,767.4,7846000,767.4
2015-03-26,766.7,766.7,751.1,755.8,6032000,755.8
2015-03-27,750.4,764.0,746.9,755.5,5903000,755.5
2015-03-30,751.0,760.0,747.1,757.9,6356000,757.9
2015-03-31,770.8,773.4,756.2,756.2,9657000,756.2
2015-04-01,749.1,758.0,742.7,751.2,9347000,751.2
2015-04-02,757.5,778.8,755.1,770.8,10153000,770.8
2015-04-03,774.6,780.8,768.5,779.9,6418000,779.9
2015-04-06,776.6,785.4,773.2,781.9,3502000,781.9
2015-04-07,792.7,801.4,779.3,781.6,10224000,781.6
2015-04-08,796.6,799.1,780.3,799.1,12200000,799.1
2015-04-09,802.0,804.6,793.7,799.5,7177000,799.5
2015-04-10,800.9,801.1,781.3,785.9,14673000,785.9
2015-04-13,772.1,775.1,754.3,758.2,14905000,758.2
2015-04-14,758.8,764.9,754.3,761.2,8054000,761.2
2015-04-15,757.1,761.6,748.8,749.8,8849000,749.8
2015-04-16,743.5,747.0,738.6,747.0,9760000,747.0
2015-04-17,736.0,743.8,735.1,740.4,6259000,740.4
2015-04-20,735.3,739.2,730.7,731.5,7115000,731.5
2015-04-21,736.1,747.8,733.1,746.9,7792000,746.9
2015-04-22,746.9,747.9,741.3,744.1,6180000,744.1
2015-04-23,749.0,751.4,744.5,748.9,5921000,748.9
2015-04-24,752.9,753.6,746.1,748.2,4259000,748.2
2015-04-27,744.1,751.8,737.1,743.0,6646000,743.0
2015-04-28,750.0,764.6,728.3,736.0,14336000,736.0
2015-04-30,707.1,714.5,691.4,692.5,19886000,692.5
2015-05-01,689.0,691.1,668.7,677.5,17095000,677.5
2015-05-07,671.1,677.2,665.6,673.0,12744000,673.0
2015-05-08,672.8,687.7,666.1,687.7,12219000,687.7
2015-05-11,699.5,699.8,688.9,690.7,9349000,690.7
2015-05-12,687.5,695.8,686.0,692.5,9129000,692.5
2015-05-13,683.7,695.3,682.0,690.3,8048000,690.3
2015-05-14,688.9,690.4,683.2,684.1,7925000,684.1
2015-05-15,684.9,685.0,666.0,670.5,14376000,670.5
2015-05-18,672.6,677.1,668.6,673.7,12968000,673.7
2015-05-19,671.3,676.8,669.3,673.5,10022000,673.5
2015-05-20,675.7,679.8,672.0,677.3,10957000,677.3
2015-05-21,681.5,682.0,672.1,679.1,10818000,679.1
2015-05-22,679.6,680.2,674.3,677.2,5729000,677.2
2015-05-25,682.0,684.9,677.2,680.4,7420000,680.4
2015-05-26,683.6,685.5,682.1,682.2,6076000,682.2
2015-05-27,682.0,682.2,673.3,673.9,10077000,673.9
2015-05-28,673.9,684.1,670.1,683.4,13284000,683.4
2015-05-29,689.7,699.9,687.0,688.1,13745000,688.1
2015-06-01,677.8,688.0,676.1,686.9,7826000,686.9
2015-06-02,692.0,697.1,687.4,695.4,9542000,695.4
2015-06-03,700.0,703.4,689.0,695.0,10775000,695.0
2015-06-04,694.8,694.8,680.0,680.1,11680000,680.1
2015-06-05,675.0,684.6,672.9,682.1,10199000,682.1
2015-06-08,677.7,686.6,677.7,681.5,8904000,681.5
2015-06-09,676.5,695.6,676.0,690.6,14020000,690.6
2015-06-10,692.1,702.9,686.9,697.3,14092000,697.3
2015-06-11,695.1,707.9,693.6,704.4,15031000,704.4
2015-06-12,701.5,701.9,690.4,692.5,15624000,692.5
2015-06-15,682.5,696.5,681.8,694.9,9631000,694.9
2015-06-16,689.9,698.0,689.9,695.2,5791000,695.2
2015-06-17,697.3,701.1,687.8,688.3,7184000,688.3
2015-06-18,685.0,689.9,680.5,687.0,6998000,687.0
2015-06-19,678.9,682.6,668.4,670.9,15182000,670.9
2015-06-22,669.5,685.0,669.4,684.0,8192000,684.0
2015-06-23,688.0,699.1,683.3,696.8,9938000,696.8
2015-06-24,696.3,697.6,686.5,686.5,11073000,686.5
2015-06-25,678.6,687.0,673.3,673.3,10171000,673.3
2015-06-26,676.8,678.3,666.1,671.4,6103000,671.4
2015-06-29,655.1,662.5,653.7,657.0,7613000,657.0
2015-06-30,660.6,663.1,647.7,650.0,11212000,650.0
2015-07-01,652.6,654.0,640.8,642.3,9770000,642.3
2015-07-02,650.4,655.9,647.1,651.2,8475000,651.2
2015-07-03,650.0,661.1,647.3,651.2,9000000,651.2
2015-07-06,641.2,649.6,641.2,644.6,7094000,644.6
2015-07-07,656.7,659.9,652.9,656.9,7997000,656.9
2015-07-08,649.1,654.3,643.0,643.0,9021000,643.0
2015-07-09,638.7,642.0,630.1,640.3,9580000,640.3
2015-07-10,646.6,653.1,641.3,642.8,11964000,642.8
2015-07-13,649.1,663.1,646.6,661.5,7917000,661.5
2015-07-14,670.5,673.4,662.4,665.4,7357000,665.4
2015-07-15,668.0,668.2,660.8,662.5,8979000,662.5
2015-07-16,668.7,671.9,662.6,671.9,7266000,671.9
2015-07-17,668.7,672.9,666.1,670.5,4000000,670.5
2015-07-21,672.8,681.2,669.0,679.3,6024000,679.3
2015-07-22,677.8,679.8,671.5,673.5,4579000,673.5
2015-07-23,677.8,678.8,669.2,671.9,3931000,671.9
2015-07-24,669.9,670.8,664.7,666.6,5400000,666.6
2015-07-27,660.0,669.9,660.0,665.9,4552000,665.9
2015-07-28,662.4,669.2,660.4,663.0,5299000,663.0
2015-07-29,664.0,670.6,664.0,669.7,3782000,669.7
2015-07-30,673.0,681.5,666.8,672.8,9376000,672.8
2015-07-31,672.8,673.3,661.8,669.6,11404000,669.6
2015-08-03,667.6,679.5,665.0,673.2,7509000,673.2
2015-08-04,677.0,696.1,675.9,693.0,11192000,693.0
2015-08-05,700.0,704.6,692.4,698.7,11017000,698.7
2015-08-06,699.2,708.8,698.7,700.7,9936000,700.7
2015-08-07,699.8,703.1,692.0,700.5,6562000,700.5
2015-08-10,705.0,709.1,701.5,707.5,9783000,707.5
2015-08-11,710.0,711.8,691.3,700.2,11647000,700.2
2015-08-12,699.7,702.7,686.5,692.0,5650000,692.0
2015-08-13,693.4,702.6,690.8,699.3,7758000,699.3
2015-08-14,700.0,702.5,694.3,699.2,5107000,699.2
2015-08-17,702.0,708.5,700.4,705.0,5565000,705.0
2015-08-18,702.0,706.8,695.3,704.1,5247000,704.1
2015-08-19,704.2,724.9,704.1,715.3,11051000,715.3
2015-08-20,706.6,717.2,684.4,705.4,9893000,705.4
2015-08-21,698.0,710.0,694.4,695.1,10046000,695.1
2015-08-24,680.3,689.4,657.2,657.3,10864000,657.3
2015-08-25,639.1,663.9,623.7,623.7,18335000,623.7
2015-08-26,623.6,643.2,622.1,641.7,10848000,641.7
2015-08-27,649.2,662.6,645.0,650.0,8974000,650.0
2015-08-28,660.0,670.5,654.0,663.7,8108000,663.7
2015-08-31,660.0,666.2,655.7,663.3,5633000,663.3
2015-09-01,657.6,659.0,634.4,634.4,6356000,634.4
2015-09-02,617.1,631.5,611.3,615.7,10108000,615.7
2015-09-03,625.0,630.6,614.3,616.1,5672000,616.1
2015-09-04,623.6,626.4,602.5,609.6,7343000,609.6
2015-09-07,608.3,619.0,603.0,612.7,4633000,612.7
2015-09-08,616.5,618.4,598.2,600.9,4906000,600.9
2015-09-09,618.0,634.0,615.4,633.8,6110000,633.8
2015-09-10,617.3,628.9,615.0,628.4,4757000,628.4
2015-09-11,618.0,626.1,616.6,618.0,10077000,618.0
2015-09-14,625.0,631.2,622.7,622.7,4973000,622.7
2015-09-15,612.4,628.1,612.0,616.5,8682000,616.5
2015-09-16,616.6,619.6,607.2,616.3,5925000,616.3
2015-09-17,622.0,629.0,619.3,623.8,7524000,623.8
2015-09-18,622.2,627.1,617.0,620.7,10999000,620.7
2015-09-24,618.1,619.6,574.8,574.8,13781000,574.8
2015-09-25,571.0,603.0,570.0,601.1,14134000,601.1
2015-09-28,598.8,608.7,588.8,592.5,7936000,592.5
2015-09-29,587.0,592.7,577.3,577.5,12598000,577.5
2015-09-30,577.1,584.4,567.2,577.8,11030000,577.8
2015-10-01,575.2,578.9,563.4,573.5,10606000,573.5
2015-10-02,560.5,565.8,555.2,565.7,8855000,565.7
2015-10-05,565.8,570.9,557.6,562.2,10418000,562.2
2015-10-06,572.2,573.4,567.2,567.6,9583000,567.6
2015-10-07,573.2,581.2,566.1,574.9,9713000,574.9
2015-10-08,576.7,581.8,567.6,576.1,9330000,576.1
2015-10-09,582.6,597.7,580.3,596.3,9193000,596.3
2015-10-13,594.1,597.7,590.7,592.1,7862000,592.1
2015-10-14,589.8,594.3,583.4,586.4,8352000,586.4
2015-10-15,589.4,600.3,586.0,596.8,6849000,596.8
2015-10-16,607.2,611.8,600.9,601.9,7524000,601.9
2015-10-19,596.9,601.9,591.9,597.2,4637000,597.2
2015-10-20,603.3,607.8,597.6,598.2,6926000,598.2
2015-10-21,604.4,606.8,595.3,605.8,4922000,605.8
2015-10-22,599.1,606.8,598.0,604.4,3474000,604.4
2015-10-23,620.9,622.1,613.1,615.4,6181000,615.4
2015-10-26,624.9,625.5,616.5,617.3,5528000,617.3
2015-10-27,615.2,622.8,614.7,616.3,7683000,616.3
2015-10-28,616.0,618.2,608.0,612.6,9686000,612.6
2015-10-29,612.4,624.5,611.0,616.4,21663000,616.4
2015-10-30,615.5,620.5,600.4,601.6,13054000,601.6
2015-11-02,596.0,599.1,580.2,582.1,11434000,582.1
2015-11-04,592.1,592.8,583.0,584.3,11222000,584.3
2015-11-05,586.0,595.3,585.4,590.1,8085000,590.1
2015-11-06,593.6,598.1,586.6,596.1,10398000,596.1
2015-11-09,603.3,603.9,594.6,596.9,9677000,596.9
2015-11-10,595.3,598.1,590.5,592.1,7180000,592.1
2015-11-11,588.9,590.0,583.2,584.9,7559000,584.9
2015-11-12,586.4,590.8,584.1,589.5,6852000,589.5
2015-11-13,586.0,587.6,573.6,575.6,10017000,575.6
2015-11-16,570.0,576.6,567.8,574.0,8234000,574.0
2015-11-17,580.3,583.0,577.1,580.5,7468000,580.5
2015-11-18,580.0,583.6,575.9,583.6,9592000,583.6
2015-11-19,590.5,596.3,583.8,584.8,8684000,584.8
2015-11-20,581.7,588.5,581.5,588.5,10346000,588.5
2015-11-24,588.1,591.2,586.6,590.0,10268000,590.0
2015-11-25,585.7,596.3,584.5,591.9,8964000,591.9
2015-11-26,592.4,598.2,591.2,595.5,6371000,595.5
2015-11-27,595.3,597.5,590.1,591.2,7122000,591.2
2015-11-30,591.1,591.7,584.0,588.1,16525000,588.1
2015-12-01,591.0,613.0,590.4,613.0,13644000,613.0
2015-12-02,613.1,620.9,611.0,611.0,9058000,611.0
2015-12-03,605.1,614.3,604.8,609.3,7158000,609.3
2015-12-04,601.9,606.9,595.2,606.9,9869000,606.9
2015-12-07,610.0,610.3,601.1,602.2,7782000,602.2
2015-12-08,602.6,603.1,594.5,596.7,7618000,596.7
2015-12-09,592.0,594.6,586.4,589.7,9983000,589.7
2015-12-10,584.7,587.4,583.3,586.0,8951000,586.0
2015-12-11,581.9,590.2,579.6,587.8,11978000,587.8
2015-12-14,574.3,577.7,570.1,574.9,9301000,574.9
2015-12-15,573.2,573.7,563.4,568.0,9619000,568.0
2015-12-16,572.1,575.2,565.0,567.4,8418000,567.4
2015-12-17,575.0,575.4,567.1,567.9,12425000,567.9
2015-12-18,565.0,579.0,554.3,554.7,18413000,554.7
2015-12-21,549.9,555.2,542.0,548.5,13851000,548.5
2015-12-22,545.0,553.9,544.2,551.2,8319000,551.2
2015-12-24,561.2,567.9,555.2,555.8,8488000,555.8
2015-12-25,556.0,559.4,543.3,545.5,6291000,545.5
2015-12-28,546.2,558.1,546.1,553.6,7032000,553.6
2015-12-29,554.5,561.7,548.8,559.9,6030000,559.9
2015-12-30,560.9,573.1,560.1,570.8,8909000,570.8
2016-01-04,565.0,567.0,544.3,546.2,10447000,546.2
2016-01-05,543.6,552.0,537.1,547.8,11639000,547.8
2016-01-06,550.0,553.3,542.6,545.0,7831000,545.0
2016-01-07,546.1,552.7,543.2,545.7,8429000,545.7
2016-01-08,542.0,551.7,540.0,540.1,8900000,540.1
2016-01-12,534.4,542.8,530.0,530.0,9874000,530.0
2016-01-13,533.3,540.8,528.9,539.3,8953000,539.3
2016-01-14,523.8,531.9,521.2,527.7,12073000,527.7
2016-01-15,532.0,540.3,529.0,533.6,15846000,533.6
2016-01-18,522.4,530.7,518.1,527.8,10772000,527.8
2016-01-19,527.0,530.8,517.8,519.6,8856000,519.6
2016-01-20,519.2,522.4,500.1,500.1,11076000,500.1
2016-01-21,500.0,508.2,488.9,488.9,13798000,488.9
2016-01-22,504.9,520.2,502.1,518.7,13614000,518.7
2016-01-25,527.0,527.5,516.4,520.1,7760000,520.1
2016-01-26,513.9,514.0,505.3,506.6,6865000,506.6
2016-01-27,520.0,534.2,519.1,532.2,12759000,532.2
2016-01-28,532.7,539.2,529.4,534.0,11828000,534.0
2016-01-29,544.0,554.0,535.8,549.6,15345000,549.6
2016-02-01,566.1,567.0,556.6,561.2,11405000,561.2
2016-02-02,580.0,580.0,558.3,573.2,12976000,573.2
2016-02-03,564.0,567.2,558.1,566.7,11445000,566.7
2016-02-04,565.2,575.4,564.3,571.6,15871000,571.6
2016-02-05,559.4,560.3,550.9,557.3,12607000,557.3
2016-02-08,550.7,569.6,550.1,567.8,8574000,567.8
2016-02-09,551.6,559.2,548.2,554.8,13553000,554.8
2016-02-10,552.3,556.1,525.7,532.7,13163000,532.7
2016-02-12,531.0,544.0,516.8,520.0,16425000,520.0
2016-02-15,532.4,560.3,532.4,557.2,14947000,557.2
2016-02-16,548.6,552.6,538.5,539.9,11158000,539.9
2016-02-17,538.9,542.7,521.0,532.5,12800000,532.5
2016-02-18,545.0,548.7,534.2,536.3,11060000,536.3
2016-02-19,534.6,542.2,531.1,539.9,7506000,539.9
2016-02-22,535.0,543.6,529.3,540.9,6005000,540.9
2016-02-23,543.4,551.2,538.4,540.5,7628000,540.5
2016-02-24,536.9,542.8,526.8,528.6,11216000,528.6
2016-02-25,529.9,537.4,528.5,530.9,12259000,530.9
2016-02-26,535.8,541.2,533.1,533.8,7269000,533.8
2016-02-29,541.3,541.8,521.1,521.1,9489000,521.1
2016-03-01,516.1,522.1,513.4,520.5,9834000,520.5
2016-03-02,534.0,535.2,527.0,529.0,11759000,529.0
2016-03-03,538.9,555.7,536.5,543.3,11966000,543.3
2016-03-04,543.3,555.2,543.0,548.9,10126000,548.9
2016-03-07,546.9,547.5,528.6,529.1,9804000,529.1
2016-03-08,523.4,523.6,512.0,512.0,14534000,512.0
2016-03-09,506.9,508.5,491.0,492.2,22195000,492.2
2016-03-10,498.0,514.3,492.2,508.6,17454000,508.6
2016-03-11,506.3,519.7,501.0,515.8,16266000,515.8
2016-03-14,516.9,517.7,507.5,511.3,12603000,511.3
2016-03-15,515.0,520.5,509.1,510.5,12843000,510.5
2016-03-16,506.0,517.8,505.1,505.2,12234000,505.2
2016-03-17,505.3,510.3,498.3,502.4,12360000,502.4
2016-03-18,503.0,509.5,503.0,506.7,12717000,506.7
2016-03-22,509.5,520.8,509.1,513.0,14027000,513.0
2016-03-23,512.6,527.5,512.1,522.4,12080000,522.4
2016-03-24,525.9,527.7,518.7,521.3,9681000,521.3
2016-03-25,521.4,529.5,518.8,526.6,5906000,526.6
2016-03-28,530.0,532.5,523.9,532.5,6569000,532.5
2016-03-29,526.5,532.7,526.5,530.0,7305000,530.0
2016-03-30,528.9,530.2,516.4,516.7,11660000,516.7
2016-03-31,517.5,528.7,513.8,524.7,12636000,524.7
2016-04-01,522.0,525.3,498.1,499.2,11327000,499.2
2016-04-04,500.5,509.5,495.8,498.0,9623000,498.0
2016-04-05,496.0,496.7,479.3,480.8,13006000,480.8
2016-04-06,479.7,481.5,466.8,475.0,18076000,475.0
2016-04-07,477.6,483.9,474.5,480.6,13679000,480.6
2016-04-08,475.0,482.6,467.8,476.9,11355000,476.9
2016-04-11,478.6,480.5,472.7,476.3,6708000,476.3
2016-04-12,474.0,484.8,474.0,477.1,10031000,477.1
2016-04-13,481.0,486.6,479.6,483.8,8302000,483.8
2016-04-14,496.5,512.6,491.4,509.1,16200000,509.1
2016-04-15,498.6,509.3,498.0,507.7,5403000,507.7
2016-04-18,497.7,502.6,494.5,497.9,8044000,497.9
2016-04-19,512.6,519.4,507.8,510.6,12640000,510.6
2016-04-20,518.5,519.8,514.5,516.4,8969000,516.4
2016-04-21,524.9,527.8,515.6,524.0,7634000,524.0
2016-04-22,512.0,521.3,509.5,514.4,12696000,514.4
2016-04-25,515.0,516.6,501.5,502.8,11049000,502.8
2016-04-26,506.8,510.5,499.1,503.2,8255000,503.2
2016-04-27,507.0,508.0,494.6,497.5,9524000,497.5
2016-04-28,503.5,507.7,481.0,485.1,14665000,485.1
2016-05-02,461.1,462.8,435.0,437.0,26693000,437.0
2016-05-06,441.4,446.7,438.8,443.0,13642000,443.0
2016-05-09,444.6,447.5,441.3,442.5,8576000,442.5
2016-05-10,424.8,449.3,421.7,441.2,22291000,441.2
2016-05-11,445.9,452.9,443.5,444.6,16085000,444.6
2016-05-12,436.6,448.0,435.5,446.3,13790000,446.3
2016-05-13,446.3,448.0,436.3,436.3,15427000,436.3
2016-05-16,434.8,442.9,433.1,437.2,10022000,437.2
2016-05-17,440.4,448.9,437.2,448.8,12997000,448.8
2016-05-18,441.8,450.4,438.3,445.4,13643000,445.4
2016-05-19,446.1,449.3,440.0,442.1,12594000,442.1
2016-05-20,441.0,448.6,439.3,445.7,11177000,445.7
2016-05-23,438.8,440.4,431.9,435.1,16551000,435.1
2016-05-24,435.3,436.3,430.3,432.6,14328000,432.6
2016-05-25,439.7,445.8,437.4,440.5,13874000,440.5
2016-05-26,444.9,446.0,435.9,437.2,12302000,437.2
2016-05-27,439.0,445.8,435.2,442.4,12135000,442.4
2016-05-30,443.0,450.0,439.0,449.4,10623000,449.4
2016-05-31,443.3,451.3,441.7,447.9,32590000,447.9
2016-06-01,442.3,442.8,434.1,435.8,17134000,435.8
2016-06-02,436.5,438.9,434.2,436.1,13179000,436.1
2016-06-03,428.1,428.2,417.1,418.6,19257000,418.6
2016-06-06,417.0,433.4,413.8,432.4,17860000,432.4
2016-06-07,433.0,445.9,433.0,444.1,14121000,444.1
2016-06-08,441.6,451.0,438.1,447.3,14305000,447.3
2016-06-09,444.5,448.6,440.5,441.6,17048000,441.6
2016-06-10,441.9,445.6,437.7,445.6,14132000,445.6
2016-06-13,436.0,436.3,430.0,430.0,12127000,430.0
2016-06-14,428.5,435.5,427.8,430.7,14066000,430.7
2016-06-15,426.8,429.4,418.9,423.0,17350000,423.0
2016-06-16,422.9,429.9,420.1,421.6,14843000,421.6
2016-06-17,423.7,431.6,422.7,426.8,12348000,426.8
2016-06-20,433.7,441.1,431.7,436.5,15010000,436.5
2016-06-21,439.3,444.4,430.4,438.5,17790000,438.5
2016-06-22,430.0,430.9,407.4,412.5,28889000,412.5
2016-06-23,410.4,420.9,407.3,419.1,21242000,419.1
2016-06-24,422.8,424.4,387.0,392.7,12172000,392.7
2016-06-27,398.6,409.6,395.7,408.3,14958000,408.3
2016-06-28,402.4,412.4,398.4,406.1,11293000,406.1
2016-06-29,414.1,420.3,408.8,418.5,8958000,418.5
2016-06-30,422.9,422.9,415.4,420.4,13720000,420.4
2016-07-01,423.0,426.0,414.0,420.8,11207000,420.8
2016-07-04,418.5,426.9,413.8,426.3,5190000,426.3
2016-07-05,422.0,427.5,420.9,426.1,7595000,426.1
2016-07-06,420.0,425.1,418.8,424.9,11534000,424.9
2016-07-07,426.1,429.9,423.2,424.4,6740000,424.4
2016-07-08,423.4,424.2,414.6,414.6,10317000,414.6
2016-07-11,422.6,434.5,420.1,430.5,8483000,430.5
2016-07-12,437.4,441.0,426.5,426.5,11751000,426.5
2016-07-13,435.0,441.6,430.2,438.1,10725000,438.1
2016-07-14,440.1,444.6,438.9,441.2,10961000,441.2
2016-07-15,441.5,444.5,438.6,441.1,9399000,441.1
2016-07-19,445.5,455.3,443.6,451.2,14061000,451.2
2016-07-20,449.1,455.1,447.9,453.5,11010000,453.5
2016-07-21,458.6,461.8,454.2,458.7,9596000,458.7
2016-07-22,452.0,458.1,451.3,453.5,5362000,453.5
2016-07-25,458.8,463.9,458.1,459.8,6446000,459.8
2016-07-26,455.6,456.3,444.5,447.3,8475000,447.3
2016-07-27,453.4,456.3,448.0,453.9,10180000,453.9
2016-07-28,452.2,452.2,439.5,439.8,8219000,439.8
2016-07-29,444.0,445.5,432.7,439.0,12844000,439.0
2016-08-01,430.2,443.3,429.0,442.4,7170000,442.4
2016-08-02,436.7,439.7,431.3,431.4,5433000,431.4
2016-08-03,422.2,426.9,420.1,421.1,7560000,421.1
2016-08-04,424.3,428.4,420.7,427.7,5550000,427.7
2016-08-05,423.3,426.4,419.3,422.0,8141000,422.0
2016-08-08,432.0,434.2,428.0,430.3,8124000,430.3
2016-08-09,432.9,436.5,428.1,434.8,7852000,434.8
2016-08-10,439.3,442.3,427.0,428.1,7858000,428.1
2016-08-12,432.4,439.8,430.1,438.8,8649000,438.8
2016-08-15,434.6,437.3,430.1,436.3,7851000,436.3
2016-08-16,436.3,436.3,426.6,426.6,6720000,426.6
2016-08-17,423.9,436.5,423.1,436.0,5604000,436.0
2016-08-18,433.0,433.0,420.5,420.5,5858000,420.5
2016-08-19,424.5,424.5,420.6,421.8,4270000,421.8
2016-08-22,418.5,423.4,415.4,422.9,4685000,422.9
2016-08-23,430.9,439.8,424.2,439.6,11931000,439.6
2016-08-24,441.9,444.1,436.6,437.9,6000000,437.9
2016-08-25,436.6,439.9,432.5,437.8,5158000,437.8
2016-08-26,442.1,442.9,429.6,429.6,4769000,429.6
2016-08-29,442.0,444.0,436.1,436.1,5642000,436.1
2016-08-30,437.0,440.3,431.8,438.8,5375000,438.8
2016-08-31,438.6,444.6,435.3,443.5,7371000,443.5
2016-09-01,438.9,440.7,434.1,439.3,8682000,439.3
2016-09-02,439.0,444.5,436.4,443.6,6145000,443.6
2016-09-05,449.8,457.1,447.4,451.5,5934000,451.5
2016-09-06,449.7,455.7,448.7,453.7,6256000,453.7
2016-09-07,455.5,467.0,454.8,466.7,11588000,466.7
2016-09-08,461.2,462.6,453.6,460.1,10807000,460.1
2016-09-09,455.8,459.2,450.3,453.7,9971000,453.7
2016-09-12,445.7,457.0,445.2,456.3,12752000,456.3
2016-09-13,456.4,457.3,445.3,447.6,8252000,447.6
2016-09-14,441.1,452.9,441.1,450.9,10377000,450.9
2016-09-15,445.1,449.8,441.8,449.5,8628000,449.5
2016-09-16,445.7,460.9,444.9,458.4,17862000,458.4
2016-09-20,463.0,475.3,461.9,470.9,17796000,470.9
2016-09-21,468.3,473.5,461.2,472.6,11199000,472.6
2016-09-23,469.8,474.3,466.0,474.2,13956000,474.2
2016-09-26,475.0,476.5,466.1,467.6,7348000,467.6
2016-09-27,460.0,475.5,455.9,475.5,10137000,475.5
2016-09-28,460.0,467.0,455.5,466.7,11296000,466.7
2016-09-29,469.4,472.0,461.5,462.2,17802000,462.2
2016-09-30,449.7,451.6,447.2,447.6,12756000,447.6
2016-10-03,454.0,456.2,450.2,450.8,8978000,450.8
2016-10-04,453.0,455.3,449.3,450.5,6232000,450.5
2016-10-05,452.7,457.5,451.4,456.0,8996000,456.0
2016-10-06,455.7,455.7,448.6,453.4,9261000,453.4
2016-10-07,454.2,454.8,450.6,453.9,9917000,453.9
2016-10-11,456.8,462.3,455.2,460.2,7167000,460.2
2016-10-12,455.3,457.9,454.7,455.0,6645000,455.0
2016-10-13,457.0,458.9,453.2,456.1,4629000,456.1
2016-10-14,458.8,460.4,456.4,460.0,7930000,460.0
2016-10-17,458.6,465.5,456.3,462.4,5948000,462.4
2016-10-18,461.5,467.0,459.7,467.0,11879000,467.0
2016-10-19,467.0,469.3,465.3,467.7,5094000,467.7
2016-10-20,470.7,476.3,468.3,475.9,6201000,475.9
2016-10-21,476.3,477.7,471.9,476.1,9210000,476.1
2016-10-24,478.2,479.5,475.4,475.8,5587000,475.8
2016-10-25,477.9,484.5,476.1,484.4,7611000,484.4
2016-10-26,484.8,490.0,482.7,489.2,5303000,489.2
2016-10-27,489.8,492.9,482.3,484.1,6137000,484.1
2016-10-28,485.0,485.2,473.2,476.9,11464000,476.9
2016-10-31,471.2,476.4,468.8,476.2,6525000,476.2
2016-11-01,481.6,491.0,478.2,491.0,13565000,491.0
2016-11-02,484.9,486.6,479.8,484.2,8382000,484.2
2016-11-04,480.6,484.5,473.6,476.6,9676000,476.6
2016-11-07,481.4,484.2,477.1,479.7,7660000,479.7
2016-11-08,482.9,485.4,480.6,482.2,9012000,482.2
2016-11-09,486.7,491.4,461.4,472.5,13681000,472.5
2016-11-10,486.0,489.8,477.7,481.4,10478000,481.4
2016-11-11,484.5,485.1,467.0,468.9,15396000,468.9
2016-11-14,475.0,481.5,473.3,476.1,8711000,476.1
2016-11-15,477.7,478.1,470.1,474.4,6671000,474.4
2016-11-16,479.4,479.4,473.3,475.2,6954000,475.2
2016-11-17,479.1,487.5,477.2,483.3,10418000,483.3
2016-11-18,479.8,480.9,473.6,473.6,7841000,473.6
2016-11-21,473.7,475.3,468.1,469.1,10196000,469.1
2016-11-22,468.3,471.1,463.4,467.6,10484000,467.6
2016-11-24,472.9,474.3,468.4,472.5,11183000,472.5
2016-11-25,477.0,484.4,476.8,481.7,8879000,481.7
2016-11-28,482.6,495.8,482.0,493.9,10934000,493.9
2016-11-29,490.3,491.5,485.1,488.2,10226000,488.2
2016-11-30,495.0,499.6,491.9,498.7,26087000,498.7
2016-12-01,497.5,505.6,492.3,501.8,11339000,501.8
2016-12-02,500.0,502.5,495.5,496.3,10659000,496.3
2016-12-05,494.0,495.2,487.9,489.8,6461000,489.8
2016-12-06,496.0,496.0,481.2,486.6,14692000,486.6
2016-12-07,489.2,492.9,483.1,490.3,9513000,490.3
2016-12-08,500.0,507.4,497.6,505.6,16687000,505.6
2016-12-09,508.6,511.3,502.2,507.8,13947000,507.8
2016-12-12,517.8,533.0,514.2,527.2,17535000,527.2
2016-12-13,524.3,536.0,524.1,535.9,14882000,535.9
2016-12-14,539.0,546.4,538.4,539.3,13136000,539.3
2016-12-15,538.7,541.4,535.3,538.2,7250000,538.2
2016-12-16,541.4,541.7,534.8,536.7,9228000,536.7
2016-12-19,540.3,543.7,538.2,542.7,6205000,542.7
2016-12-20,543.4,556.3,543.2,555.2,16049000,555.2
2016-12-21,552.4,557.2,545.0,546.4,14234000,546.4
2016-12-22,544.2,544.8,539.3,543.2,8113000,543.2
2016-12-26,546.5,547.5,538.0,538.3,4066000,538.3
2016-12-27,538.0,543.6,536.6,542.9,5011000,542.9
2016-12-28,539.3,545.8,537.6,540.2,5299000,540.2
2016-12-29,540.0,541.9,532.5,535.4,4701000,535.4
2016-12-30,530.9,531.9,524.5,528.9,5495000,528.9
2017-01-04,528.0,539.6,526.7,538.3,7539000,538.3
