Date,Open,High,Low,Close,Volume,Adj Close
2008-10-20,1657,1684,1617,1674,429200,1674
2008-10-21,1779,1790,1708,1739,482500,1739
2008-10-22,1734,1755,1601,1601,521000,1601
2008-10-23,1550,1630,1514,1618,682400,1618
2008-10-24,1600,1616,1500,1518,569000,1518
2008-10-27,1518,1572,1430,1455,914400,1455
2008-10-28,1455,1560,1441,1559,958100,1559
2008-10-29,1739,1761,1671,1755,949800,1755
2008-10-30,1772,1912,1760,1912,665300,1912
2008-10-31,1852,1908,1805,1841,600500,1841
2008-11-04,1986,1995,1895,1963,444400,1963
2008-11-05,1993,2060,1981,2060,434600,2060
2008-11-06,2010,2030,1960,1981,682100,1981
2008-11-07,1900,1983,1871,1915,439800,1915
2008-11-10,2005,2025,1912,1954,306500,1954
2008-11-11,1978,1985,1884,1928,343000,1928
2008-11-12,1873,1944,1873,1935,319700,1935
2008-11-13,1815,1873,1796,1814,595000,1814
2008-11-14,1833,1864,1775,1811,687800,1811
2008-11-17,1780,1860,1751,1795,555400,1795
2008-11-18,1813,1862,1801,1842,435600,1842
2008-11-19,1851,1880,1805,1873,421500,1873
2008-11-20,1843,1848,1786,1798,252500,1798
2008-11-21,1755,1860,1731,1858,434800,1858
2008-11-25,1965,2000,1878,1950,535300,1950
2008-11-26,1944,1950,1899,1923,448400,1923
2008-11-27,1923,1945,1901,1916,358700,1916
2008-11-28,1894,1924,1894,1915,501600,1915
2008-12-01,1903,1909,1860,1879,280500,1879
2008-12-02,1747,1817,1730,1770,478100,1770
2008-12-03,1780,1829,1751,1816,519400,1816
2008-12-04,1846,1848,1779,1816,415500,1816
2008-12-05,1841,1841,1794,1796,395000,1796
2008-12-08,1775,1870,1774,1828,344900,1828
2008-12-09,1800,1828,1780,1828,514700,1828
2008-12-10,1771,1827,1771,1812,349100,1812
2008-12-11,1772,1812,1760,1802,527100,1802
2008-12-12,1745,1798,1720,1759,796800,1759
2008-12-15,1819,1881,1803,1851,427900,1851
2008-12-16,1850,1909,1824,1844,401700,1844
2008-12-17,1856,1889,1807,1863,362200,1863
2008-12-18,1863,1905,1863,1881,410000,1881
2008-12-19,1874,1915,1860,1865,439300,1865
2008-12-22,1887,1927,1871,1898,251600,1898
2008-12-24,1868,1884,1820,1858,188100,1858
2008-12-25,1828,1887,1828,1866,121200,1866
2008-12-26,1879,1898,1851,1885,121100,1885
2008-12-29,1882,1903,1856,1903,127900,1903
2008-12-30,1892,1907,1878,1906,116100,1906
2009-01-05,1920,1920,1876,1882,153200,1882
2009-01-06,1900,1907,1866,1873,202900,1873
2009-01-07,1851,1862,1771,1771,745900,1771
2009-01-08,1741,1759,1703,1703,533100,1703
2009-01-09,1710,1740,1697,1710,341800,1710
2009-01-13,1699,1700,1631,1631,415500,1631
2009-01-14,1633,1683,1624,1658,342500,1658
2009-01-15,1648,1648,1584,1609,587000,1609
2009-01-16,1602,1639,1593,1623,435700,1623
2009-01-19,1630,1647,1617,1629,200800,1629
2009-01-20,1612,1627,1590,1607,311300,1607
2009-01-21,1573,1576,1547,1550,553800,1550
2009-01-22,1575,1596,1552,1593,379900,1593
2009-01-23,1590,1590,1553,1560,292600,1560
2009-01-26,1555,1572,1551,1557,259800,1557
2009-01-27,1573,1626,1571,1618,399900,1618
2009-01-28,1600,1622,1567,1600,307100,1600
2009-01-29,1611,1619,1571,1600,485700,1600
2009-01-30,1571,1599,1562,1599,309600,1599
2009-02-02,1576,1587,1555,1571,500700,1571
2009-02-03,1560,1600,1541,1543,436100,1543
2009-02-04,1564,1597,1554,1586,312000,1586
2009-02-05,1572,1594,1564,1565,458400,1565
2009-02-06,1599,1604,1577,1595,381300,1595
2009-02-09,1625,1629,1583,1585,448400,1585
2009-02-10,1598,1612,1544,1563,456200,1563
2009-02-12,1540,1554,1507,1509,435300,1509
2009-02-13,1515,1559,1515,1531,452900,1531
2009-02-16,1531,1557,1531,1547,481700,1547
2009-02-17,1547,1550,1522,1534,306000,1534
2009-02-18,1525,1533,1472,1484,615500,1484
2009-02-19,1498,1509,1481,1504,560800,1504
2009-02-20,1504,1520,1492,1503,595900,1503
2009-02-23,1490,1512,1470,1498,759100,1498
2009-02-24,1450,1465,1435,1461,397000,1461
2009-02-25,1460,1484,1446,1481,639300,1481
2009-02-26,1479,1486,1433,1446,806100,1446
2009-02-27,1430,1480,1430,1480,586200,1480
2009-03-02,1406,1451,1403,1448,404700,1448
2009-03-03,1388,1431,1388,1418,390900,1418
2009-03-04,1419,1463,1400,1453,442200,1453
2009-03-05,1461,1464,1421,1433,818800,1433
2009-03-06,1390,1398,1365,1381,647300,1381
2009-03-09,1372,1395,1348,1364,400800,1364
2009-03-10,1324,1348,1310,1321,534400,1321
2009-03-11,1381,1381,1323,1334,497500,1334
2009-03-12,1339,1350,1282,1289,657200,1289
2009-03-13,1306,1336,1291,1314,869200,1314
2009-03-16,1304,1368,1303,1330,414600,1330
2009-03-17,1334,1348,1321,1340,596800,1340
2009-03-18,1331,1343,1313,1329,521700,1329
2009-03-19,1369,1399,1365,1375,437800,1375
2009-03-23,1355,1388,1350,1382,282700,1382
2009-03-24,1442,1465,1415,1452,705700,1452
2009-03-25,1452,1471,1448,1467,471300,1467
2009-03-26,1493,1507,1463,1488,350300,1488
2009-03-27,1504,1514,1480,1483,318200,1483
2009-03-30,1463,1470,1409,1409,432200,1409
2009-03-31,1410,1421,1361,1375,427200,1375
2009-04-01,1361,1399,1354,1388,400800,1388
2009-04-02,1408,1423,1375,1412,314400,1412
2009-04-03,1418,1418,1380,1389,399200,1389
2009-04-06,1428,1428,1380,1388,253200,1388
2009-04-07,1398,1410,1389,1406,552500,1406
2009-04-08,1399,1401,1366,1383,452800,1383
2009-04-09,1384,1407,1377,1404,286900,1404
2009-04-10,1424,1437,1400,1410,290300,1410
2009-04-13,1405,1407,1392,1397,371000,1397
2009-04-14,1400,1406,1378,1402,331200,1402
2009-04-15,1399,1399,1383,1389,317500,1389
2009-04-16,1400,1405,1379,1382,343900,1382
2009-04-17,1400,1402,1383,1390,222100,1390
2009-04-20,1400,1401,1370,1374,396400,1374
2009-04-21,1381,1384,1346,1372,411300,1372
2009-04-22,1392,1393,1361,1376,251200,1376
2009-04-23,1379,1379,1327,1350,549100,1350
2009-04-24,1345,1350,1317,1324,507700,1324
2009-04-27,1310,1327,1277,1291,566400,1291
2009-04-28,1291,1325,1273,1273,544900,1273
2009-04-30,1287,1331,1287,1304,514700,1304
2009-05-01,1307,1314,1284,1288,401400,1288
2009-05-07,1308,1315,1290,1304,633700,1304
2009-05-08,1314,1318,1298,1315,659900,1315
2009-05-11,1303,1315,1300,1308,428100,1308
2009-05-12,1298,1305,1280,1283,538400,1283
2009-05-13,1292,1319,1290,1309,440900,1309
2009-05-14,1290,1300,1282,1288,519100,1288
2009-05-15,1300,1310,1292,1305,466000,1305
2009-05-18,1287,1287,1251,1264,584500,1264
2009-05-19,1276,1285,1264,1273,459400,1273
2009-05-20,1289,1290,1280,1284,264400,1284
2009-05-21,1285,1286,1265,1277,313000,1277
2009-05-22,1277,1279,1267,1274,261300,1274
2009-05-25,1281,1306,1280,1294,319200,1294
2009-05-26,1302,1309,1287,1298,334200,1298
2009-05-27,1309,1316,1300,1312,816100,1312
2009-05-28,1308,1315,1302,1303,332400,1303
2009-05-29,1303,1313,1290,1298,687200,1298
2009-06-01,1318,1419,1305,1411,1442800,1411
2009-06-02,1411,1420,1385,1396,647200,1396
2009-06-03,1400,1427,1397,1416,681100,1416
2009-06-04,1404,1410,1372,1385,514600,1385
2009-06-05,1387,1399,1381,1390,569700,1390
2009-06-08,1400,1418,1385,1406,601200,1406
2009-06-09,1536,1539,1492,1498,1602000,1498
2009-06-10,1480,1480,1453,1460,977800,1460
2009-06-11,1477,1480,1438,1451,681400,1451
2009-06-12,1450,1485,1431,1465,1358900,1465
2009-06-15,1466,1509,1453,1497,594700,1497
2009-06-16,1470,1474,1433,1441,519700,1441
2009-06-17,1431,1448,1425,1433,493400,1433
2009-06-18,1430,1433,1413,1424,353200,1424
2009-06-19,1431,1452,1409,1425,396400,1425
2009-06-22,1425,1444,1424,1434,337000,1434
2009-06-23,1441,1448,1409,1433,1022100,1433
2009-06-24,1453,1510,1450,1470,1124900,1470
2009-06-25,1490,1524,1485,1506,868200,1506
2009-06-26,1512,1548,1500,1535,646700,1535
2009-06-29,1551,1572,1524,1537,659600,1537
2009-06-30,1542,1585,1540,1575,665400,1575
2009-07-01,1576,1583,1545,1561,712600,1561
2009-07-02,1552,1588,1543,1562,492500,1562
2009-07-03,1554,1580,1528,1572,631800,1572
2009-07-06,1599,1629,1588,1595,1199600,1595
2009-07-07,1590,1608,1580,1588,569400,1588
2009-07-08,1605,1620,1580,1590,805700,1590
2009-07-09,1590,1603,1566,1580,618800,1580
2009-07-10,1596,1596,1563,1576,735600,1576
2009-07-13,1574,1594,1542,1545,570800,1545
2009-07-14,1552,1560,1508,1537,536800,1537
2009-07-15,1584,1584,1537,1538,555900,1538
2009-07-16,1555,1568,1547,1551,410000,1551
2009-07-17,1561,1568,1546,1564,384500,1564
2009-07-21,1571,1590,1567,1589,544500,1589
2009-07-22,1590,1626,1576,1618,734800,1618
2009-07-23,1624,1637,1606,1609,479200,1609
2009-07-24,1639,1639,1615,1634,561100,1634
2009-07-27,1639,1648,1629,1635,373400,1635
2009-07-28,1635,1642,1616,1630,356200,1630
2009-07-29,1630,1659,1627,1634,410500,1634
2009-07-30,1635,1659,1621,1644,369400,1644
2009-07-31,1660,1684,1655,1684,551400,1684
2009-08-03,1689,1691,1652,1666,493200,1666
2009-08-04,1649,1665,1628,1646,861500,1646
2009-08-05,1643,1664,1631,1643,448300,1643
2009-08-06,1650,1654,1623,1636,407800,1636
2009-08-07,1632,1633,1598,1608,753400,1608
2009-08-10,1609,1626,1601,1610,378300,1610
2009-08-11,1615,1627,1607,1619,607700,1619
2009-08-12,1610,1614,1600,1606,391200,1606
2009-08-13,1604,1610,1600,1605,509100,1605
2009-08-14,1600,1617,1598,1612,558800,1612
2009-08-17,1605,1606,1594,1602,566800,1602
2009-08-18,1590,1611,1590,1608,592600,1608
2009-08-19,1590,1604,1590,1595,491900,1595
2009-08-20,1600,1616,1595,1609,373300,1609
2009-08-21,1610,1613,1583,1597,391300,1597
2009-08-24,1600,1628,1600,1623,533600,1623
2009-08-25,1600,1612,1595,1602,1100700,1602
2009-08-26,1598,1611,1590,1599,514700,1599
2009-08-27,1585,1591,1561,1578,472100,1578
2009-08-28,1575,1588,1560,1578,529600,1578
2009-08-31,1567,1582,1532,1559,640600,1559
2009-09-01,1563,1568,1540,1555,308500,1555
2009-09-02,1525,1549,1517,1527,397300,1527
2009-09-03,1548,1548,1512,1528,396300,1528
2009-09-04,1535,1535,1509,1513,336300,1513
2009-09-07,1529,1529,1513,1522,216400,1522
2009-09-08,1531,1536,1520,1524,220600,1524
2009-09-09,1530,1530,1500,1506,282500,1506
2009-09-10,1520,1541,1511,1539,409400,1539
2009-09-11,1540,1541,1522,1533,805900,1533
2009-09-14,1540,1540,1520,1534,507400,1534
2009-09-15,1555,1555,1523,1532,440800,1532
2009-09-16,1520,1525,1511,1513,499700,1513
2009-09-17,1511,1537,1510,1524,526200,1524
2009-09-18,1522,1531,1507,1520,572800,1520
2009-09-24,1520,1541,1510,1534,635000,1534
2009-09-25,1520,1534,1497,1498,385300,1498
2009-09-28,1501,1519,1500,1516,336600,1516
2009-09-29,1518,1524,1498,1502,421000,1502
2009-09-30,1500,1521,1500,1521,264500,1521
2009-10-01,1505,1510,1500,1504,398700,1504
2009-10-02,1454,1465,1431,1445,605500,1445
2009-10-05,1435,1449,1425,1437,361800,1437
2009-10-06,1431,1439,1414,1428,525600,1428
2009-10-07,1424,1426,1409,1418,541400,1418
2009-10-08,1419,1422,1408,1411,469200,1411
2009-10-09,1412,1412,1391,1410,494400,1410
2009-10-13,1405,1420,1402,1412,504400,1412
2009-10-14,1415,1445,1403,1440,722500,1440
2009-10-15,1431,1453,1421,1447,805900,1447
2009-10-16,1423,1430,1406,1420,726100,1420
2009-10-19,1425,1433,1415,1426,706700,1426
2009-10-20,1428,1446,1428,1437,490000,1437
2009-10-21,1430,1442,1418,1421,445500,1421
2009-10-22,1423,1426,1385,1404,579300,1404
2009-10-23,1399,1412,1378,1385,508800,1385
2009-10-26,1381,1407,1377,1404,457500,1404
2009-10-27,1406,1406,1375,1383,446000,1383
2009-10-28,1388,1395,1375,1380,312800,1380
2009-10-29,1367,1383,1362,1368,473200,1368
2009-10-30,1388,1388,1366,1373,508800,1373
2009-11-02,1373,1398,1365,1397,530800,1397
2009-11-04,1380,1387,1359,1386,440400,1386
2009-11-05,1387,1393,1366,1376,384200,1376
2009-11-06,1383,1383,1352,1363,462900,1363
2009-11-09,1368,1368,1336,1347,415100,1347
2009-11-10,1350,1356,1337,1340,405100,1340
2009-11-11,1337,1347,1327,1339,419000,1339
2009-11-12,1335,1340,1313,1324,332100,1324
2009-11-13,1314,1328,1310,1325,375500,1325
2009-11-16,1321,1328,1317,1321,239800,1321
2009-11-17,1319,1327,1311,1320,419500,1320
2009-11-18,1318,1343,1318,1339,494400,1339
2009-11-19,1359,1393,1341,1348,862700,1348
2009-11-20,1340,1371,1339,1367,539700,1367
2009-11-24,1385,1389,1357,1359,453900,1359
2009-11-25,1399,1399,1372,1385,651700,1385
2009-11-26,1380,1381,1353,1355,495400,1355
2009-11-27,1344,1359,1338,1345,406400,1345
2009-11-30,1350,1384,1347,1384,467700,1384
2009-12-01,1364,1401,1359,1401,625000,1401
2009-12-02,1400,1400,1377,1389,392200,1389
2009-12-03,1393,1434,1386,1432,393600,1432
2009-12-04,1420,1429,1400,1417,392000,1417
2009-12-07,1432,1437,1415,1418,295100,1418
2009-12-08,1418,1434,1403,1407,454900,1407
2009-12-09,1397,1410,1396,1405,272600,1405
2009-12-10,1407,1409,1383,1385,318200,1385
2009-12-11,1404,1420,1385,1418,602400,1418
2009-12-14,1420,1426,1395,1409,227200,1409
2009-12-15,1409,1423,1400,1411,250700,1411
2009-12-16,1428,1450,1425,1450,469700,1450
2009-12-17,1462,1480,1453,1471,574600,1471
2009-12-18,1474,1499,1465,1493,595900,1493
2009-12-21,1494,1499,1485,1494,272200,1494
2009-12-22,1503,1508,1488,1502,299400,1502
2009-12-24,1502,1503,1490,1490,418400,1490
2009-12-25,1500,1523,1490,1514,366000,1514
2009-12-28,1517,1535,1517,1527,262300,1527
2009-12-29,1535,1539,1513,1527,211400,1527
2009-12-30,1540,1540,1512,1513,220900,1513
2010-01-04,1534,1542,1526,1538,184900,1538
2010-01-05,1543,1560,1531,1538,315100,1538
2010-01-06,1532,1548,1522,1534,420400,1534
2010-01-07,1535,1544,1520,1531,306100,1531
2010-01-08,1545,1548,1522,1531,412100,1531
2010-01-12,1540,1548,1531,1539,243800,1539
2010-01-13,1539,1567,1535,1554,270300,1554
2010-01-14,1568,1570,1546,1548,303400,1548
2010-01-15,1550,1561,1532,1549,487700,1549
2010-01-18,1560,1578,1543,1548,533800,1548
2010-01-19,1550,1563,1542,1547,273800,1547
2010-01-20,1545,1555,1532,1536,247600,1536
2010-01-21,1537,1554,1522,1550,407600,1550
2010-01-22,1521,1535,1502,1524,378300,1524
2010-01-25,1525,1538,1504,1527,270300,1527
2010-01-26,1540,1557,1532,1537,511200,1537
2010-01-27,1534,1544,1511,1513,367600,1513
2010-01-28,1511,1520,1501,1511,342300,1511
2010-01-29,1502,1517,1495,1499,318300,1499
2010-02-01,1496,1517,1486,1498,495200,1498
2010-02-02,1492,1510,1486,1503,263200,1503
2010-02-03,1515,1523,1505,1512,220900,1512
2010-02-04,1520,1523,1499,1508,265500,1508
2010-02-05,1490,1493,1463,1472,375700,1472
2010-02-08,1473,1478,1462,1465,222900,1465
2010-02-09,1453,1458,1438,1441,212700,1441
2010-02-10,1443,1448,1435,1438,261400,1438
2010-02-12,1447,1447,1434,1445,289900,1445
2010-02-15,1443,1449,1431,1431,285200,1431
2010-02-16,1440,1462,1437,1455,299500,1455
2010-02-17,1470,1475,1456,1467,238100,1467
2010-02-18,1466,1470,1458,1466,226600,1466
2010-02-19,1467,1467,1432,1433,357000,1433
2010-02-22,1451,1473,1448,1463,341100,1463
2010-02-23,1467,1474,1455,1465,795500,1465
2010-02-24,1448,1452,1435,1445,465100,1445
2010-02-25,1446,1446,1430,1440,278300,1440
2010-02-26,1449,1454,1442,1453,297200,1453
2010-03-01,1449,1453,1435,1444,290800,1444
2010-03-02,1449,1455,1435,1453,190600,1453
2010-03-03,1451,1459,1448,1458,241800,1458
2010-03-04,1450,1460,1449,1452,213600,1452
2010-03-05,1465,1490,1460,1479,433100,1479
2010-03-08,1497,1497,1485,1495,268000,1495
2010-03-09,1496,1496,1481,1482,215600,1482
2010-03-10,1482,1491,1480,1484,204800,1484
2010-03-11,1492,1494,1480,1488,220100,1488
2010-03-12,1503,1507,1496,1505,622200,1505
2010-03-15,1502,1507,1490,1492,165300,1492
2010-03-16,1483,1506,1482,1502,217200,1502
2010-03-17,1500,1512,1498,1510,272000,1510
2010-03-18,1502,1502,1466,1471,505600,1471
2010-03-19,1479,1485,1463,1481,349800,1481
2010-03-23,1481,1487,1472,1479,328200,1479
2010-03-24,1478,1484,1468,1470,271300,1470
2010-03-25,1468,1472,1450,1456,397400,1456
2010-03-26,1465,1476,1458,1468,490800,1468
2010-03-29,1469,1479,1466,1473,250500,1473
2010-03-30,1482,1500,1476,1499,298300,1499
2010-03-31,1500,1518,1499,1506,448900,1506
2010-04-01,1518,1518,1467,1501,596500,1501
2010-04-02,1496,1500,1480,1485,553800,1485
2010-04-05,1498,1514,1488,1506,374900,1506
2010-04-06,1514,1518,1492,1496,405700,1496
2010-04-07,1504,1522,1503,1518,325700,1518
2010-04-08,1508,1522,1508,1512,218400,1512
2010-04-09,1502,1520,1501,1503,378900,1503
2010-04-12,1510,1514,1500,1500,346400,1500
2010-04-13,1501,1506,1482,1490,321700,1490
2010-04-14,1505,1538,1496,1537,624500,1537
2010-04-15,1538,1588,1537,1581,710000,1581
2010-04-16,1580,1580,1533,1537,485100,1537
2010-04-19,1537,1538,1517,1518,380800,1518
2010-04-20,1518,1584,1517,1576,1003400,1576
2010-04-21,1577,1613,1577,1609,825900,1609
2010-04-22,1606,1625,1594,1623,674500,1623
2010-04-23,1628,1672,1624,1668,873900,1668
2010-04-26,1680,1693,1655,1662,604600,1662
2010-04-27,1633,1640,1620,1630,483400,1630
2010-04-28,1600,1613,1582,1607,563800,1607
2010-04-30,1634,1647,1622,1626,524800,1626
2010-05-06,1586,1597,1568,1581,586700,1581
2010-05-07,1513,1531,1508,1528,422700,1528
2010-05-10,1511,1555,1507,1545,457300,1545
2010-05-11,1557,1557,1530,1535,524800,1535
2010-05-12,1545,1547,1513,1525,486600,1525
2010-05-13,1558,1558,1521,1529,319700,1529
2010-05-14,1512,1525,1507,1513,411400,1513
2010-05-17,1500,1521,1491,1520,508500,1520
2010-05-18,1513,1520,1496,1501,417900,1501
2010-05-19,1491,1511,1475,1509,431200,1509
2010-05-20,1486,1504,1480,1485,342900,1485
2010-05-21,1455,1500,1442,1448,415800,1448
2010-05-24,1448,1463,1448,1453,396700,1453
2010-05-25,1445,1454,1412,1414,437500,1414
2010-05-26,1415,1435,1404,1406,1092400,1406
2010-05-27,1402,1418,1400,1416,376200,1416
2010-05-28,1446,1447,1419,1425,467600,1425
2010-05-31,1425,1445,1415,1435,278000,1435
2010-06-01,1434,1451,1415,1445,328000,1445
2010-06-02,1415,1438,1412,1418,473100,1418
2010-06-03,1448,1454,1429,1448,250800,1448
2010-06-04,1442,1457,1442,1454,257200,1454
2010-06-07,1424,1426,1400,1403,378500,1403
2010-06-08,1401,1417,1400,1408,230600,1408
2010-06-09,1400,1411,1386,1403,541500,1403
2010-06-10,1400,1404,1391,1400,248600,1400
2010-06-11,1413,1419,1403,1406,700400,1406
2010-06-14,1422,1424,1413,1416,193100,1416
2010-06-15,1408,1416,1400,1415,218800,1415
2010-06-16,1437,1443,1423,1438,301900,1438
2010-06-17,1430,1455,1429,1449,312000,1449
2010-06-18,1445,1473,1442,1472,420900,1472
2010-06-21,1488,1515,1487,1511,489500,1511
2010-06-22,1497,1509,1492,1499,184900,1499
2010-06-23,1489,1489,1475,1479,236200,1479
2010-06-24,1467,1496,1466,1484,208400,1484
2010-06-25,1472,1478,1463,1473,186600,1473
2010-06-28,1467,1476,1459,1472,266700,1472
2010-06-29,1474,1481,1459,1462,205700,1462
2010-06-30,1462,1483,1462,1477,624700,1477
2010-07-01,1466,1469,1454,1464,308200,1464
2010-07-02,1475,1475,1450,1463,335600,1463
2010-07-05,1465,1499,1465,1498,317200,1498
2010-07-06,1488,1504,1472,1504,280300,1504
2010-07-07,1508,1510,1480,1496,202100,1496
2010-07-08,1540,1547,1531,1539,409400,1539
2010-07-09,1536,1536,1514,1527,333800,1527
2010-07-12,1517,1524,1511,1511,161300,1511
2010-07-13,1512,1513,1477,1485,411800,1485
2010-07-14,1514,1538,1501,1528,433700,1528
2010-07-15,1516,1521,1507,1517,243200,1517
2010-07-16,1502,1510,1490,1495,326700,1495
2010-07-20,1469,1494,1460,1488,303600,1488
2010-07-21,1499,1499,1484,1486,316200,1486
2010-07-22,1469,1476,1450,1451,562800,1451
2010-07-23,1455,1471,1452,1461,481400,1461
2010-07-26,1461,1469,1446,1450,377400,1450
2010-07-27,1447,1468,1447,1458,284500,1458
2010-07-28,1463,1467,1455,1462,259900,1462
2010-07-29,1451,1457,1448,1450,185200,1450
2010-07-30,1441,1442,1426,1426,288200,1426
2010-08-02,1426,1442,1411,1413,281200,1413
2010-08-03,1424,1442,1418,1424,225200,1424
2010-08-04,1424,1429,1401,1406,244200,1406
2010-08-05,1421,1435,1418,1432,233700,1432
2010-08-06,1423,1436,1418,1436,208100,1436
2010-08-09,1429,1441,1425,1440,192800,1440
2010-08-10,1440,1445,1424,1428,132300,1428
2010-08-11,1419,1421,1402,1404,206800,1404
2010-08-12,1390,1395,1383,1392,264300,1392
2010-08-13,1390,1397,1383,1394,316000,1394
2010-08-16,1390,1418,1388,1417,234200,1417
2010-08-17,1418,1439,1417,1437,301200,1437
2010-08-18,1443,1447,1421,1436,335000,1436
2010-08-19,1439,1448,1436,1444,229000,1444
2010-08-20,1426,1433,1414,1417,315300,1417
2010-08-23,1418,1428,1418,1421,183800,1421
2010-08-24,1418,1424,1411,1422,234900,1422
2010-08-25,1410,1417,1398,1402,326300,1402
2010-08-26,1412,1412,1394,1401,950300,1401
2010-08-27,1390,1401,1386,1396,485300,1396
2010-08-30,1401,1432,1398,1412,301900,1412
2010-08-31,1389,1390,1359,1364,485800,1364
2010-09-01,1362,1374,1350,1374,400800,1374
2010-09-02,1389,1400,1380,1400,320200,1400
2010-09-03,1400,1416,1390,1409,370300,1409
2010-09-06,1421,1429,1409,1428,208700,1428
2010-09-07,1413,1413,1400,1403,203400,1403
2010-09-08,1394,1405,1384,1405,199000,1405
2010-09-09,1421,1421,1389,1403,241500,1403
2010-09-10,1418,1428,1403,1418,475300,1418
2010-09-13,1420,1422,1393,1399,388000,1399
2010-09-14,1403,1410,1390,1394,230000,1394
2010-09-15,1396,1416,1384,1409,391600,1409
2010-09-16,1412,1412,1367,1371,539300,1371
2010-09-17,1385,1389,1374,1385,212500,1385
2010-09-21,1391,1398,1356,1359,453000,1359
2010-09-22,1364,1367,1351,1352,339100,1352
2010-09-24,1348,1349,1322,1322,729400,1322
2010-09-27,1326,1348,1323,1348,512500,1348
2010-09-28,1337,1355,1332,1351,346700,1351
2010-09-29,1358,1362,1344,1349,348300,1349
2010-09-30,1362,1375,1337,1343,457500,1343
2010-10-01,1348,1349,1326,1331,346700,1331
2010-10-04,1323,1324,1276,1278,759100,1278
2010-10-05,1275,1306,1265,1298,451500,1298
2010-10-06,1328,1330,1301,1312,713300,1312
2010-10-07,1302,1335,1302,1332,759300,1332
2010-10-08,1332,1332,1287,1292,903300,1292
2010-10-12,1294,1300,1251,1255,627500,1255
2010-10-13,1268,1292,1260,1289,521300,1289
2010-10-14,1295,1303,1276,1282,548400,1282
2010-10-15,1283,1286,1257,1261,386300,1261
2010-10-18,1268,1282,1263,1270,333100,1270
2010-10-19,1273,1281,1266,1270,297400,1270
2010-10-20,1260,1261,1244,1254,379000,1254
2010-10-21,1250,1257,1236,1256,483600,1256
2010-10-22,1259,1272,1254,1256,354300,1256
2010-10-25,1256,1269,1246,1248,487700,1248
2010-10-26,1236,1265,1235,1257,657400,1257
2010-10-27,1270,1286,1253,1264,529700,1264
2010-10-28,1254,1254,1222,1242,1675100,1242
2010-10-29,1229,1246,1219,1242,590300,1242
2010-11-01,1230,1240,1224,1232,276200,1232
2010-11-02,1223,1230,1221,1229,230300,1229
2010-11-04,1237,1258,1233,1252,348900,1252
2010-11-05,1273,1293,1270,1283,463900,1283
2010-11-08,1290,1300,1281,1294,303300,1294
2010-11-09,1283,1284,1267,1275,316000,1275
2010-11-10,1271,1285,1264,1284,361100,1284
2010-11-11,1280,1293,1278,1287,245500,1287
2010-11-12,1287,1296,1276,1277,328600,1277
2010-11-15,1279,1281,1270,1276,256500,1276
2010-11-16,1273,1278,1257,1258,316600,1258
2010-11-17,1255,1263,1251,1259,225900,1259
2010-11-18,1263,1274,1259,1272,440700,1272
2010-11-19,1278,1278,1254,1256,505700,1256
2010-11-22,1269,1270,1260,1262,266100,1262
2010-11-24,1251,1257,1241,1249,439800,1249
2010-11-25,1258,1258,1239,1245,372900,1245
2010-11-26,1245,1247,1237,1238,222000,1238
2010-11-29,1250,1262,1244,1251,370700,1251
2010-11-30,1251,1257,1228,1228,776900,1228
2010-12-01,1250,1260,1235,1258,1079400,1258
2010-12-02,1279,1295,1275,1293,902600,1293
2010-12-03,1300,1310,1292,1299,475000,1299
2010-12-06,1300,1307,1298,1301,280700,1301
2010-12-07,1295,1299,1291,1297,274200,1297
2010-12-08,1294,1312,1292,1312,445600,1312
2010-12-09,1307,1317,1298,1307,480500,1307
2010-12-10,1323,1323,1303,1315,1131800,1315
2010-12-13,1310,1315,1304,1311,404700,1311
2010-12-14,1310,1338,1306,1336,623600,1336
2010-12-15,1344,1348,1325,1333,434100,1333
2010-12-16,1335,1339,1327,1330,287500,1330
2010-12-17,1325,1333,1317,1317,472900,1317
2010-12-20,1310,1317,1301,1303,437700,1303
2010-12-21,1314,1322,1256,1316,524500,1316
2010-12-22,1305,1314,1294,1299,500300,1299
2010-12-24,1301,1305,1291,1295,462900,1295
2010-12-27,1282,1300,1282,1291,305100,1291
2010-12-28,1295,1297,1289,1290,167800,1290
2010-12-29,1293,1309,1291,1308,299800,1308
2010-12-30,1308,1311,1301,1304,345400,1304
2011-01-04,1312,1322,1307,1320,364400,1320
2011-01-05,1330,1339,1322,1339,549000,1339
2011-01-06,1350,1355,1340,1342,548500,1342
2011-01-07,1338,1352,1338,1351,351200,1351
2011-01-11,1362,1365,1353,1356,484300,1356
2011-01-12,1366,1367,1329,1335,861900,1335
2011-01-13,1339,1344,1331,1342,495200,1342
2011-01-14,1340,1355,1339,1344,580600,1344
2011-01-17,1346,1351,1339,1341,330300,1341
2011-01-18,1341,1343,1329,1333,454400,1333
2011-01-19,1330,1339,1329,1337,286500,1337
2011-01-20,1335,1338,1328,1334,312200,1334
2011-01-21,1341,1353,1332,1338,678900,1338
2011-01-24,1347,1352,1336,1350,501900,1350
2011-01-25,1360,1363,1353,1360,466600,1360
2011-01-26,1363,1378,1354,1370,545600,1370
2011-01-27,1379,1384,1366,1372,394100,1372
2011-01-28,1370,1371,1359,1368,540500,1368
2011-01-31,1362,1363,1344,1349,503500,1349
2011-02-01,1350,1356,1347,1350,221900,1350
2011-02-02,1353,1367,1353,1355,477500,1355
2011-02-03,1353,1353,1336,1340,530200,1340
2011-02-04,1343,1355,1340,1353,410200,1353
2011-02-07,1359,1359,1345,1348,309400,1348
2011-02-08,1354,1354,1341,1350,304300,1350
2011-02-09,1348,1351,1342,1345,318000,1345
2011-02-10,1343,1351,1340,1349,374100,1349
2011-02-14,1356,1364,1353,1362,247700,1362
2011-02-15,1365,1365,1355,1357,261000,1357
2011-02-16,1356,1357,1348,1352,341200,1352
2011-02-17,1355,1359,1352,1356,382600,1356
2011-02-18,1360,1369,1358,1369,475600,1369
2011-02-21,1372,1382,1371,1375,583000,1375
2011-02-22,1372,1372,1360,1369,450400,1369
2011-02-23,1356,1371,1355,1355,1678900,1355
2011-02-24,1338,1346,1324,1327,795700,1327
2011-02-25,1320,1330,1315,1324,340000,1324
2011-02-28,1329,1334,1315,1327,370900,1327
2011-03-01,1327,1344,1323,1344,397000,1344
2011-03-02,1332,1332,1314,1315,343700,1315
2011-03-03,1313,1317,1307,1312,282100,1312
2011-03-04,1320,1323,1303,1311,329000,1311
2011-03-07,1305,1306,1290,1296,274500,1296
2011-03-08,1293,1299,1290,1291,204000,1291
2011-03-09,1298,1308,1295,1295,160300,1295
2011-03-10,1295,1302,1281,1285,251700,1285
2011-03-11,1271,1279,1261,1261,803300,1261
2011-03-14,1141,1198,1139,1156,798600,1156
2011-03-15,1111,1117,935,970,1408400,970
2011-03-16,1000,1072,1000,1061,1407900,1061
2011-03-17,1018,1089,1006,1070,805000,1070
2011-03-18,1072,1128,1071,1119,893200,1119
2011-03-22,1198,1201,1171,1186,1109500,1186
2011-03-23,1196,1209,1176,1190,925800,1190
2011-03-24,1188,1194,1158,1164,709300,1164
2011-03-25,1164,1167,1159,1164,574900,1164
2011-03-28,1162,1170,1161,1170,441700,1170
2011-03-29,1170,1192,1161,1183,609600,1183
2011-03-30,1181,1188,1166,1188,650400,1188
2011-03-31,1194,1197,1185,1193,408900,1193
2011-04-01,1198,1200,1180,1180,435100,1180
2011-04-04,1180,1185,1163,1163,200000,1163
2011-04-05,1172,1184,1160,1169,520500,1169
2011-04-06,1170,1171,1145,1152,466300,1152
2011-04-07,1168,1178,1164,1174,342100,1174
2011-04-08,1177,1198,1172,1194,444200,1194
2011-04-11,1199,1208,1191,1197,205000,1197
2011-04-12,1182,1187,1155,1164,279400,1164
2011-04-13,1165,1165,1148,1156,372500,1156
2011-04-14,1157,1163,1151,1159,211100,1159
2011-04-15,1158,1159,1140,1151,328500,1151
2011-04-18,1140,1141,1119,1122,691900,1122
2011-04-19,1122,1125,1112,1117,458400,1117
2011-04-20,1126,1149,1124,1147,494900,1147
2011-04-21,1159,1159,1148,1156,437100,1156
2011-04-22,1161,1169,1142,1158,422200,1158
2011-04-25,1163,1166,1150,1155,276400,1155
2011-04-26,1160,1176,1159,1175,561700,1175
2011-04-27,1176,1200,1175,1190,605900,1190
2011-04-28,1191,1218,1191,1218,549400,1218
2011-05-02,1221,1239,1221,1238,480000,1238
2011-05-06,1235,1245,1225,1243,444200,1243
2011-05-09,1244,1245,1235,1241,471700,1241
2011-05-10,1250,1257,1241,1250,454300,1250
2011-05-11,1255,1256,1246,1253,455800,1253
2011-05-12,1243,1256,1237,1246,470900,1246
2011-05-13,1251,1256,1238,1250,717000,1250
2011-05-16,1249,1250,1241,1246,248900,1246
2011-05-17,1250,1257,1245,1245,430000,1245
2011-05-18,1245,1256,1243,1252,399100,1252
2011-05-19,1253,1257,1248,1253,405500,1253
2011-05-20,1259,1270,1256,1263,262000,1263
2011-05-23,1264,1276,1253,1271,325400,1271
2011-05-24,1271,1284,1267,1275,418600,1275
2011-05-25,1279,1282,1262,1268,213300,1268
2011-05-26,1269,1277,1266,1273,229000,1273
2011-05-27,1274,1296,1267,1291,372100,1291
2011-05-30,1287,1289,1273,1287,295500,1287
2011-05-31,1289,1313,1288,1313,985400,1313
2011-06-01,1313,1313,1290,1296,499400,1296
2011-06-02,1280,1292,1280,1281,397000,1281
2011-06-03,1280,1290,1266,1269,238200,1269
2011-06-06,1268,1271,1255,1268,334200,1268
2011-06-07,1269,1272,1255,1271,272600,1271
2011-06-08,1274,1286,1271,1281,302700,1281
2011-06-09,1278,1280,1264,1270,300200,1270
2011-06-10,1272,1293,1270,1274,623800,1274
2011-06-13,1266,1285,1262,1285,157700,1285
2011-06-14,1289,1294,1271,1287,235300,1287
2011-06-15,1287,1294,1281,1282,218400,1282
2011-06-16,1280,1293,1267,1267,235100,1267
2011-06-17,1276,1284,1260,1260,384700,1260
2011-06-20,1267,1279,1266,1275,299600,1275
2011-06-21,1286,1290,1277,1290,272100,1290
2011-06-22,1293,1309,1285,1305,300300,1305
2011-06-23,1301,1314,1294,1297,187600,1297
2011-06-24,1304,1308,1296,1301,149000,1301
2011-06-27,1295,1297,1284,1285,178000,1285
2011-06-28,1295,1295,1287,1294,213500,1294
2011-06-29,1306,1316,1301,1312,309600,1312
2011-06-30,1319,1335,1317,1333,525800,1333
2011-07-01,1341,1343,1327,1339,307500,1339
2011-07-04,1346,1355,1344,1350,245700,1350
2011-07-05,1351,1364,1347,1361,315800,1361
2011-07-06,1360,1364,1351,1364,243400,1364
2011-07-07,1364,1364,1349,1354,294300,1354
2011-07-08,1364,1371,1359,1365,283800,1365
2011-07-11,1353,1366,1350,1358,199900,1358
2011-07-12,1349,1356,1346,1356,367100,1356
2011-07-13,1360,1376,1358,1370,413500,1370
2011-07-14,1371,1376,1365,1371,220500,1371
2011-07-15,1372,1384,1370,1380,276800,1380
2011-07-19,1374,1386,1367,1384,224100,1384
2011-07-20,1388,1405,1386,1392,258600,1392
2011-07-21,1385,1385,1380,1382,166500,1382
2011-07-22,1391,1395,1384,1386,156200,1386
2011-07-25,1390,1391,1372,1372,254800,1372
2011-07-26,1370,1377,1356,1371,248000,1371
2011-07-27,1360,1368,1351,1364,201800,1364
2011-07-28,1350,1355,1331,1338,312900,1338
2011-07-29,1341,1352,1331,1341,273100,1341
2011-08-01,1342,1365,1341,1359,212400,1359
2011-08-02,1359,1359,1347,1350,175500,1350
2011-08-03,1336,1339,1323,1332,251200,1332
2011-08-04,1340,1351,1330,1336,387300,1336
2011-08-05,1296,1319,1296,1299,500000,1299
2011-08-08,1285,1286,1268,1270,423000,1270
2011-08-09,1250,1260,1229,1255,1277500,1255
2011-08-10,1282,1283,1250,1256,676500,1256
2011-08-11,1240,1267,1240,1267,542300,1267
2011-08-12,1282,1282,1268,1273,439800,1273
2011-08-15,1299,1302,1280,1292,388100,1292
2011-08-16,1294,1297,1284,1291,307800,1291
2011-08-17,1285,1295,1278,1293,247700,1293
2011-08-18,1300,1311,1285,1294,312800,1294
2011-08-19,1269,1283,1262,1266,613300,1266
2011-08-22,1268,1280,1267,1271,408200,1271
2011-08-23,1284,1299,1280,1297,433800,1297
2011-08-24,1311,1312,1295,1301,585800,1301
2011-08-25,1320,1322,1304,1304,607300,1304
2011-08-26,1314,1318,1307,1309,2124400,1309
2011-08-29,1294,1297,1268,1289,796000,1289
2011-08-30,1304,1317,1300,1312,565900,1312
2011-08-31,1319,1319,1307,1313,503300,1313
2011-09-01,1313,1317,1300,1305,529400,1305
2011-09-02,1312,1325,1309,1319,355500,1319
2011-09-05,1305,1316,1295,1312,279800,1312
2011-09-06,1315,1318,1303,1305,328800,1305
2011-09-07,1315,1321,1311,1315,265000,1315
2011-09-08,1317,1329,1317,1326,159300,1326
2011-09-09,1327,1340,1325,1339,591500,1339
2011-09-12,1322,1328,1315,1323,254300,1323
2011-09-13,1333,1333,1312,1332,270800,1332
2011-09-14,1337,1337,1320,1323,185000,1323
2011-09-15,1332,1344,1329,1341,222800,1341
2011-09-16,1350,1351,1342,1349,269900,1349
2011-09-20,1350,1350,1330,1335,264500,1335
2011-09-21,1335,1338,1327,1335,278600,1335
2011-09-22,1312,1330,1301,1323,456600,1323
2011-09-26,1320,1358,1315,1351,732400,1351
2011-09-27,1351,1357,1337,1357,509900,1357
2011-09-28,1359,1366,1354,1357,649500,1357
2011-09-29,1357,1357,1343,1352,532400,1352
2011-09-30,1355,1362,1345,1359,395400,1359
2011-10-03,1323,1356,1322,1350,408900,1350
2011-10-04,1343,1349,1329,1334,365400,1334
2011-10-05,1333,1337,1319,1334,391100,1334
2011-10-06,1343,1371,1340,1370,325900,1370
2011-10-07,1375,1379,1354,1355,255000,1355
2011-10-11,1396,1398,1353,1359,461900,1359
2011-10-12,1345,1347,1322,1337,444100,1337
2011-10-13,1353,1353,1333,1338,321200,1338
2011-10-14,1337,1339,1325,1330,370000,1330
2011-10-17,1344,1344,1329,1331,196800,1331
2011-10-18,1325,1336,1310,1313,194200,1313
2011-10-19,1326,1329,1320,1327,189400,1327
2011-10-20,1327,1334,1322,1331,267400,1331
2011-10-21,1329,1335,1323,1325,156700,1325
2011-10-24,1334,1341,1329,1332,197800,1332
2011-10-25,1333,1334,1316,1321,304500,1321
2011-10-26,1321,1323,1305,1316,292900,1316
2011-10-27,1326,1340,1321,1334,332100,1334
2011-10-28,1345,1353,1328,1345,826900,1345
2011-10-31,1351,1372,1344,1358,501300,1358
2011-11-01,1340,1360,1335,1352,325700,1352
2011-11-02,1341,1349,1328,1342,369300,1342
2011-11-04,1359,1360,1344,1356,226300,1356
2011-11-07,1355,1362,1352,1362,156700,1362
2011-11-08,1353,1364,1346,1348,223600,1348
2011-11-09,1352,1359,1342,1353,228900,1353
2011-11-10,1335,1355,1335,1340,297300,1340
2011-11-11,1344,1362,1332,1338,399800,1338
2011-11-14,1351,1351,1334,1349,211600,1349
2011-11-15,1346,1351,1339,1340,166300,1340
2011-11-16,1340,1342,1321,1324,222200,1324
2011-11-17,1326,1337,1316,1336,208300,1336
2011-11-18,1329,1334,1322,1326,168900,1326
2011-11-21,1327,1334,1326,1332,117000,1332
2011-11-22,1332,1339,1324,1327,176600,1327
2011-11-24,1318,1327,1301,1303,239100,1303
2011-11-25,1306,1322,1290,1303,300400,1303
2011-11-28,1306,1309,1290,1290,244100,1290
2011-11-29,1300,1305,1290,1303,210800,1303
2011-11-30,1300,1315,1291,1311,384000,1311
2011-12-01,1322,1325,1307,1310,267600,1310
2011-12-02,1314,1316,1302,1315,220300,1315
2011-12-05,1321,1334,1316,1332,184500,1332
2011-12-06,1324,1330,1314,1315,193300,1315
2011-12-07,1322,1338,1316,1333,230600,1333
2011-12-08,1338,1348,1336,1341,225300,1341
2011-12-09,1332,1344,1326,1331,615300,1331
2011-12-12,1343,1350,1340,1347,171900,1347
2011-12-13,1336,1352,1331,1349,260900,1349
2011-12-14,1332,1349,1332,1344,178400,1344
2011-12-15,1336,1345,1335,1342,190400,1342
2011-12-16,1344,1360,1338,1340,182700,1340
2011-12-19,1335,1348,1333,1341,149500,1341
2011-12-20,1342,1355,1340,1355,176000,1355
2011-12-21,1360,1363,1355,1360,177400,1360
2011-12-22,1363,1364,1354,1359,178200,1359
2011-12-26,1363,1363,1353,1354,80500,1354
2011-12-27,1346,1358,1346,1354,114300,1354
2011-12-28,1358,1362,1353,1361,169000,1361
2011-12-29,1363,1369,1355,1368,122600,1368
2011-12-30,1370,1376,1361,1372,191400,1372
2012-01-04,1372,1395,1368,1385,243300,1385
2012-01-05,1385,1389,1378,1378,120400,1378
2012-01-06,1379,1379,1356,1364,159000,1364
2012-01-10,1371,1378,1369,1369,152200,1369
2012-01-11,1366,1367,1345,1349,274500,1349
2012-01-12,1343,1345,1313,1315,352500,1315
2012-01-13,1326,1327,1304,1312,487200,1312
2012-01-16,1305,1309,1296,1308,154500,1308
2012-01-17,1308,1314,1300,1313,223100,1313
2012-01-18,1318,1330,1304,1318,217200,1318
2012-01-19,1312,1314,1298,1298,295500,1298
2012-01-20,1318,1321,1303,1309,241600,1309
2012-01-23,1311,1314,1302,1309,215800,1309
2012-01-24,1309,1309,1299,1305,225200,1305
2012-01-25,1310,1320,1307,1316,188900,1316
2012-01-26,1315,1322,1313,1322,241300,1322
2012-01-27,1318,1328,1315,1324,273200,1324
2012-01-30,1329,1333,1322,1323,165000,1323
2012-01-31,1330,1333,1321,1324,218400,1324
2012-02-01,1329,1345,1326,1338,219300,1338
2012-02-02,1348,1362,1339,1340,227500,1340
2012-02-03,1345,1352,1338,1340,168900,1340
2012-02-06,1347,1347,1333,1338,140300,1338
2012-02-07,1336,1342,1333,1340,147700,1340
2012-02-08,1344,1347,1338,1342,178100,1342
2012-02-09,1340,1342,1333,1334,234200,1334
2012-02-10,1334,1340,1331,1340,191900,1340
2012-02-13,1337,1353,1337,1346,152100,1346
2012-02-14,1353,1369,1350,1368,222600,1368
2012-02-15,1373,1397,1372,1387,317700,1387
2012-02-16,1387,1392,1371,1375,225000,1375
2012-02-17,1375,1386,1373,1376,369600,1376
2012-02-20,1390,1392,1376,1382,330000,1382
2012-02-21,1384,1395,1381,1390,312800,1390
2012-02-22,1394,1413,1394,1413,557500,1413
2012-02-23,1415,1451,1410,1447,898500,1447
2012-02-24,1454,1465,1422,1424,2014400,1424
2012-02-27,1412,1420,1396,1411,1017100,1411
2012-02-28,1412,1427,1407,1423,430100,1423
2012-02-29,1423,1473,1422,1437,653900,1437
2012-03-01,1447,1450,1432,1447,375900,1447
2012-03-02,1453,1482,1452,1466,539500,1466
2012-03-05,1466,1472,1453,1465,270600,1465
2012-03-06,1471,1477,1463,1472,316400,1472
2012-03-07,1463,1468,1453,1457,321200,1457
2012-03-08,1467,1488,1466,1485,325500,1485
2012-03-09,1496,1499,1480,1490,685400,1490
2012-03-12,1495,1495,1476,1476,243900,1476
2012-03-13,1485,1509,1481,1486,366200,1486
2012-03-14,1506,1512,1494,1494,319800,1494
2012-03-15,1508,1510,1498,1500,291800,1500
2012-03-16,1498,1498,1478,1484,263400,1484
2012-03-19,1475,1487,1471,1483,257100,1483
2012-03-21,1488,1492,1481,1483,290800,1483
2012-03-22,1482,1508,1479,1506,260700,1506
2012-03-23,1498,1502,1491,1496,279400,1496
2012-03-26,1497,1501,1477,1477,211200,1477
2012-03-27,1482,1510,1480,1510,348300,1510
2012-03-28,1513,1521,1500,1521,348600,1521
2012-03-29,1520,1534,1515,1534,246000,1534
2012-03-30,1539,1540,1516,1519,236400,1519
2012-04-02,1520,1529,1494,1524,484800,1524
2012-04-03,1488,1503,1475,1487,379800,1487
2012-04-04,1476,1477,1458,1474,398400,1474
2012-04-05,1474,1479,1464,1468,244800,1468
2012-04-06,1460,1465,1450,1460,267600,1460
2012-04-09,1450,1458,1440,1451,243500,1451
2012-04-10,1452,1462,1448,1457,206400,1457
2012-04-11,1443,1455,1438,1451,200300,1451
2012-04-12,1462,1463,1450,1455,211400,1455
2012-04-13,1467,1483,1457,1475,355100,1475
2012-04-16,1471,1478,1460,1461,296700,1461
2012-04-17,1462,1469,1446,1467,252800,1467
2012-04-18,1466,1478,1449,1456,333300,1456
2012-04-19,1449,1451,1439,1445,217200,1445
2012-04-20,1444,1444,1432,1435,202700,1435
2012-04-23,1436,1458,1428,1430,261400,1430
2012-04-24,1422,1428,1409,1421,256100,1421
2012-04-25,1438,1439,1423,1428,197600,1428
2012-04-26,1435,1449,1432,1447,157500,1447
2012-04-27,1452,1453,1431,1436,255400,1436
2012-05-01,1438,1444,1424,1428,175100,1428
2012-05-02,1429,1440,1425,1434,164400,1434
2012-05-07,1405,1424,1405,1412,215600,1412
2012-05-08,1413,1426,1410,1418,284100,1418
2012-05-09,1406,1426,1385,1386,389400,1386
2012-05-10,1383,1383,1361,1370,369700,1370
2012-05-11,1363,1386,1358,1359,345600,1359
2012-05-14,1353,1366,1350,1353,173900,1353
2012-05-15,1345,1356,1328,1340,309500,1340
2012-05-16,1329,1345,1326,1333,269000,1333
2012-05-17,1332,1341,1318,1329,293200,1329
2012-05-18,1313,1318,1285,1287,539800,1287
2012-05-21,1288,1297,1282,1282,327200,1282
2012-05-22,1294,1296,1278,1278,310300,1278
2012-05-23,1276,1277,1243,1251,649000,1251
2012-05-24,1252,1264,1236,1251,616900,1251
2012-05-25,1264,1268,1245,1255,312600,1255
2012-05-28,1254,1254,1234,1236,258500,1236
2012-05-29,1237,1248,1233,1245,243300,1245
2012-05-30,1240,1245,1234,1242,275800,1242
2012-05-31,1231,1253,1226,1249,563800,1249
2012-06-01,1239,1246,1234,1244,290700,1244
2012-06-04,1230,1236,1217,1230,306800,1230
2012-06-05,1231,1256,1227,1251,384000,1251
2012-06-06,1250,1263,1243,1250,448300,1250
2012-06-07,1252,1265,1249,1265,339000,1265
2012-06-08,1255,1256,1226,1234,728500,1234
2012-06-11,1239,1258,1239,1250,313200,1250
2012-06-12,1245,1245,1235,1239,218300,1239
2012-06-13,1237,1257,1237,1246,397500,1246
2012-06-14,1247,1256,1238,1244,269800,1244
2012-06-15,1250,1257,1243,1247,240000,1247
2012-06-18,1257,1270,1255,1261,274700,1261
2012-06-19,1261,1276,1255,1271,569400,1271
2012-06-20,1284,1302,1284,1302,459900,1302
2012-06-21,1302,1312,1297,1302,329900,1302
2012-06-22,1303,1310,1295,1304,456500,1304
2012-06-25,1300,1304,1289,1291,404900,1291
2012-06-26,1291,1307,1287,1293,354600,1293
2012-06-27,1299,1316,1295,1313,222400,1313
2012-06-28,1322,1350,1322,1349,360500,1349
2012-06-29,1345,1378,1335,1375,442500,1375
2012-07-02,1380,1380,1356,1360,271800,1360
2012-07-03,1359,1368,1356,1360,357000,1360
2012-07-04,1361,1363,1343,1344,396400,1344
2012-07-05,1339,1347,1326,1341,291300,1341
2012-07-06,1340,1346,1310,1318,513500,1318
2012-07-09,1311,1331,1310,1317,317700,1317
2012-07-10,1337,1358,1333,1352,550800,1352
2012-07-11,1353,1360,1341,1360,377100,1360
2012-07-12,1389,1468,1380,1395,1362100,1395
2012-07-13,1389,1422,1389,1410,858200,1410
2012-07-17,1410,1421,1397,1405,422800,1405
2012-07-18,1410,1431,1410,1418,408700,1418
2012-07-19,1432,1448,1419,1423,345400,1423
2012-07-20,1421,1433,1411,1411,453100,1411
2012-07-23,1404,1418,1396,1405,273800,1405
2012-07-24,1405,1416,1395,1401,286300,1401
2012-07-25,1394,1402,1385,1394,398700,1394
2012-07-26,1394,1399,1373,1399,371000,1399
2012-07-27,1399,1406,1391,1403,305700,1403
2012-07-30,1411,1413,1397,1404,258700,1404
2012-07-31,1404,1413,1397,1406,341600,1406
2012-08-01,1400,1427,1399,1421,344100,1421
2012-08-02,1425,1427,1414,1415,272600,1415
2012-08-03,1402,1407,1394,1403,291800,1403
2012-08-06,1417,1423,1404,1414,282600,1414
2012-08-07,1418,1429,1412,1428,205000,1428
2012-08-08,1420,1429,1417,1422,354200,1422
2012-08-09,1417,1426,1411,1424,282500,1424
2012-08-10,1424,1426,1413,1418,181100,1418
2012-08-13,1413,1415,1409,1414,149500,1414
2012-08-14,1419,1453,1415,1448,454400,1448
2012-08-15,1447,1448,1434,1439,215200,1439
2012-08-16,1438,1438,1424,1433,261200,1433
2012-08-17,1426,1426,1413,1419,359700,1419
2012-08-20,1419,1433,1414,1426,280000,1426
2012-08-21,1422,1436,1422,1432,192900,1432
2012-08-22,1429,1434,1420,1423,314200,1423
2012-08-23,1416,1420,1407,1412,554700,1412
2012-08-24,1407,1408,1397,1401,438200,1401
2012-08-27,1368,1398,1363,1381,1466600,1381
2012-08-28,1360,1380,1343,1350,2451500,1350
2012-08-29,1346,1358,1346,1352,965900,1352
2012-08-30,1369,1370,1351,1359,337600,1359
2012-08-31,1350,1370,1348,1361,484200,1361
2012-09-03,1359,1384,1359,1369,393100,1369
2012-09-04,1368,1368,1350,1354,275400,1354
2012-09-05,1354,1362,1348,1358,296200,1358
2012-09-06,1352,1357,1342,1348,379300,1348
2012-09-07,1360,1370,1356,1363,327600,1363
2012-09-10,1356,1366,1356,1359,200200,1359
2012-09-11,1344,1360,1342,1358,226100,1358
2012-09-12,1358,1374,1358,1371,189500,1371
2012-09-13,1374,1379,1369,1372,228300,1372
2012-09-14,1373,1384,1358,1372,594900,1372
2012-09-18,1371,1379,1366,1366,244100,1366
2012-09-19,1376,1389,1371,1383,255100,1383
2012-09-20,1371,1376,1359,1363,420700,1363
2012-09-21,1371,1394,1371,1392,318600,1392
2012-09-24,1395,1400,1392,1400,288100,1400
2012-09-25,1404,1408,1392,1408,254300,1408
2012-09-26,1418,1444,1418,1442,746200,1442
2012-09-27,1436,1447,1426,1441,296300,1441
2012-09-28,1439,1444,1424,1435,406000,1435
2012-10-01,1425,1429,1401,1414,257400,1414
2012-10-02,1404,1418,1399,1411,207300,1411
2012-10-03,1406,1410,1381,1392,327000,1392
2012-10-04,1392,1413,1384,1408,192500,1408
2012-10-05,1408,1414,1394,1399,312000,1399
2012-10-09,1399,1420,1391,1394,253400,1394
2012-10-10,1385,1392,1374,1376,154000,1376
2012-10-11,1369,1377,1363,1371,234200,1371
2012-10-12,1372,1377,1360,1368,314000,1368
2012-10-15,1362,1364,1348,1356,296600,1356
2012-10-16,1365,1384,1359,1381,195500,1381
2012-10-17,1393,1399,1384,1396,226700,1396
2012-10-18,1399,1402,1390,1396,219000,1396
2012-10-19,1389,1395,1375,1380,290700,1380
2012-10-22,1372,1385,1371,1380,196200,1380
2012-10-23,1385,1395,1381,1387,238200,1387
2012-10-24,1373,1383,1371,1371,282500,1371
2012-10-25,1378,1397,1371,1397,294000,1397
2012-10-26,1402,1414,1387,1388,245100,1388
2012-10-29,1388,1409,1387,1407,154500,1407
2012-10-30,1405,1410,1387,1387,226700,1387
2012-10-31,1386,1398,1384,1391,206400,1391
2012-11-01,1399,1399,1372,1377,207100,1377
2012-11-02,1388,1391,1378,1389,225500,1389
2012-11-05,1381,1383,1369,1373,156500,1373
2012-11-06,1366,1366,1354,1358,147200,1358
2012-11-07,1368,1368,1345,1355,242600,1355
2012-11-08,1348,1351,1340,1342,133300,1342
2012-11-09,1335,1343,1333,1334,185200,1334
2012-11-12,1332,1332,1308,1308,169200,1308
2012-11-13,1309,1321,1305,1312,166800,1312
2012-11-14,1312,1320,1307,1313,127000,1313
2012-11-15,1319,1322,1313,1319,169700,1319
2012-11-16,1326,1338,1316,1336,251400,1336
2012-11-19,1349,1355,1339,1352,190400,1352
2012-11-20,1359,1364,1351,1358,284700,1358
2012-11-21,1371,1371,1360,1367,291100,1367
2012-11-22,1390,1393,1373,1377,263200,1377
2012-11-26,1387,1387,1378,1384,197300,1384
2012-11-27,1382,1396,1382,1396,209500,1396
2012-11-28,1396,1398,1380,1380,268200,1380
2012-11-29,1394,1399,1382,1386,190300,1386
2012-11-30,1392,1397,1381,1386,362100,1386
2012-12-03,1395,1398,1385,1394,189700,1394
2012-12-04,1395,1401,1387,1400,141100,1400
2012-12-05,1389,1391,1369,1377,381300,1377
2012-12-06,1387,1399,1384,1398,244400,1398
2012-12-07,1399,1399,1393,1397,174200,1397
2012-12-10,1399,1400,1388,1396,136400,1396
2012-12-11,1394,1394,1382,1389,139200,1389
2012-12-12,1398,1400,1383,1389,206700,1389
2012-12-13,1398,1398,1380,1383,241000,1383
2012-12-14,1385,1396,1385,1393,601500,1393
2012-12-17,1401,1408,1393,1394,281500,1394
2012-12-18,1396,1403,1391,1392,245300,1392
2012-12-19,1393,1430,1386,1430,569700,1430
2012-12-20,1434,1454,1423,1448,625000,1448
2012-12-21,1448,1464,1441,1444,374200,1444
2012-12-25,1464,1466,1449,1453,231000,1453
2012-12-26,1464,1479,1450,1477,363700,1477
2012-12-27,1492,1561,1492,1511,848800,1511
2012-12-28,1515,1523,1509,1519,326400,1519
2013-01-04,1525,1534,1509,1515,482800,1515
2013-01-07,1520,1526,1506,1512,458000,1512
2013-01-08,1510,1532,1509,1526,635200,1526
2013-01-09,1564,1625,1541,1596,1122300,1596
2013-01-10,1605,1687,1604,1680,1014300,1680
2013-01-11,1690,1699,1675,1679,440500,1679
2013-01-15,1680,1690,1675,1681,331700,1681
2013-01-16,1685,1688,1643,1673,546000,1673
2013-01-17,1671,1672,1649,1669,384400,1669
2013-01-18,1674,1690,1658,1664,667800,1664
2013-01-21,1670,1677,1653,1653,402000,1653
2013-01-22,1656,1660,1630,1642,366300,1642
2013-01-23,1649,1655,1637,1638,376800,1638
2013-01-24,1631,1653,1630,1651,293900,1651
2013-01-25,1666,1693,1654,1693,384500,1693
2013-01-28,1707,1719,1697,1700,278000,1700
2013-01-29,1718,1724,1701,1713,344800,1713
2013-01-30,1723,1755,1721,1749,482400,1749
2013-01-31,1744,1759,1732,1749,384300,1749
2013-02-01,1754,1759,1738,1747,251600,1747
2013-02-04,1759,1760,1745,1747,248200,1747
2013-02-05,1741,1741,1702,1705,356100,1705
2013-02-06,1720,1756,1718,1748,293500,1748
2013-02-07,1750,1752,1730,1735,251400,1735
2013-02-08,1723,1736,1695,1698,501700,1698
2013-02-12,1722,1750,1718,1738,310900,1738
2013-02-13,1734,1742,1722,1731,231000,1731
2013-02-14,1729,1730,1711,1721,294700,1721
2013-02-15,1716,1719,1684,1703,343000,1703
2013-02-18,1703,1747,1703,1734,420800,1734
2013-02-19,1727,1740,1717,1718,358400,1718
2013-02-20,1730,1749,1728,1744,378100,1744
2013-02-21,1745,1778,1739,1757,620300,1757
2013-02-22,1765,1802,1741,1786,972800,1786
2013-02-25,1802,1843,1800,1818,2104600,1818
2013-02-26,1769,1792,1757,1772,835600,1772
2013-02-27,1773,1773,1731,1743,408500,1743
2013-02-28,1749,1785,1749,1782,424000,1782
2013-03-01,1782,1819,1779,1813,493300,1813
2013-03-04,1834,1895,1833,1879,827300,1879
2013-03-05,1905,1919,1875,1898,626100,1898
2013-03-06,1903,1908,1880,1899,325700,1899
2013-03-07,1900,1908,1864,1869,384300,1869
2013-03-08,1869,1903,1869,1895,961000,1895
2013-03-11,1900,1929,1889,1917,435200,1917
2013-03-12,1912,1926,1893,1894,339500,1894
2013-03-13,1891,1906,1883,1884,294100,1884
2013-03-14,1896,1917,1877,1913,452400,1913
2013-03-15,1920,1989,1912,1983,898900,1983
2013-03-18,1981,2006,1933,1933,481100,1933
2013-03-19,1952,1985,1952,1973,396200,1973
2013-03-21,1979,2008,1973,1985,328600,1985
2013-03-22,1986,1991,1945,1947,416300,1947
2013-03-25,1957,1973,1941,1941,327200,1941
2013-03-26,1933,1956,1927,1951,320500,1951
2013-03-27,1964,2011,1964,1998,423300,1998
2013-03-28,1999,2013,1961,1964,428800,1964
2013-03-29,1975,1976,1922,1960,442300,1960
2013-04-01,1945,1950,1860,1865,400600,1865
2013-04-02,1860,1878,1795,1854,407300,1854
2013-04-03,1850,1875,1830,1860,383700,1860
2013-04-04,1834,1930,1807,1929,452100,1929
2013-04-05,1995,2053,1971,2008,946600,2008
2013-04-08,2060,2174,2060,2174,898000,2174
2013-04-09,2200,2204,2091,2112,640600,2112
2013-04-10,2108,2158,2090,2136,503600,2136
2013-04-11,2149,2170,2129,2152,483400,2152
2013-04-12,2164,2175,2136,2155,446300,2155
2013-04-15,2153,2159,2120,2150,318200,2150
2013-04-16,2050,2179,2047,2171,721400,2171
2013-04-17,2176,2238,2173,2236,774800,2236
2013-04-18,2211,2241,2181,2202,485800,2202
2013-04-19,2203,2316,2200,2301,839700,2301
2013-04-22,2307,2355,2293,2301,653700,2301
2013-04-23,2275,2310,2247,2292,630200,2292
2013-04-24,2293,2293,2214,2244,676800,2244
2013-04-25,2239,2241,2201,2221,504000,2221
2013-04-26,2221,2242,2200,2202,423300,2202
2013-04-30,2201,2213,2167,2168,576700,2168
2013-05-01,2168,2183,2142,2163,266100,2163
2013-05-02,2150,2159,2133,2147,261700,2147
2013-05-07,2197,2273,2197,2258,587500,2258
2013-05-08,2253,2254,2156,2212,534400,2212
2013-05-09,2210,2220,2157,2159,244700,2159
2013-05-10,2200,2210,2167,2202,392600,2202
2013-05-13,2209,2222,2157,2184,320100,2184
2013-05-14,2175,2196,2163,2175,261600,2175
2013-05-15,2176,2209,2157,2181,452200,2181
2013-05-16,2183,2195,2092,2129,444700,2129
2013-05-17,2128,2193,2105,2182,317700,2182
2013-05-20,2176,2185,2126,2130,394800,2130
2013-05-21,2113,2120,2042,2065,497000,2065
2013-05-22,2064,2085,2043,2056,460800,2056
2013-05-23,2080,2125,1990,1990,884400,1990
2013-05-24,1980,2010,1830,1893,968400,1893
2013-05-27,1889,1953,1839,1923,867600,1923
2013-05-28,1880,1894,1826,1832,622200,1832
2013-05-29,1889,1955,1867,1935,726200,1935
2013-05-30,1871,1890,1790,1797,973700,1797
2013-05-31,1837,1865,1776,1778,982600,1778
2013-06-03,1753,1810,1739,1755,519200,1755
2013-06-04,1740,1807,1720,1800,564600,1800
2013-06-05,1795,1846,1751,1751,447500,1751
2013-06-06,1820,1853,1779,1789,1005900,1789
2013-06-07,1797,1875,1789,1851,894000,1851
2013-06-10,1898,1935,1858,1898,587600,1898
2013-06-11,1887,1916,1831,1838,657500,1838
2013-06-12,1809,1885,1808,1875,379600,1875
2013-06-13,1838,1858,1768,1768,460700,1768
2013-06-14,1800,1865,1800,1834,819400,1834
2013-06-17,1832,1906,1832,1906,483900,1906
2013-06-18,1897,1902,1845,1857,440600,1857
2013-06-19,1897,1909,1885,1903,483700,1903
2013-06-20,1904,1923,1887,1896,580400,1896
2013-06-21,1842,1925,1838,1908,658600,1908
2013-06-24,1933,1948,1913,1917,276800,1917
2013-06-25,1927,1943,1891,1920,399300,1920
2013-06-26,1948,1954,1882,1891,329300,1891
2013-06-27,1927,1975,1910,1973,440000,1973
2013-06-28,1980,2049,1957,2042,526500,2042
2013-07-01,2048,2099,2021,2099,447700,2099
2013-07-02,2101,2145,2100,2142,534000,2142
2013-07-03,2149,2208,2145,2173,977100,2173
2013-07-04,2168,2189,2159,2166,335500,2166
2013-07-05,2175,2199,2163,2198,319000,2198
2013-07-08,2200,2214,2115,2117,636500,2117
2013-07-09,2120,2164,2115,2153,683300,2153
2013-07-10,2153,2199,2143,2172,389200,2172
2013-07-11,2155,2269,2124,2258,912100,2258
2013-07-12,2247,2276,2219,2270,712900,2270
2013-07-16,2276,2294,2263,2276,278200,2276
2013-07-17,2253,2264,2230,2253,341200,2253
2013-07-18,2239,2265,2217,2265,333800,2265
2013-07-19,2264,2268,2193,2217,589200,2217
2013-07-22,2247,2250,2198,2228,274300,2228
2013-07-23,2229,2236,2209,2231,321800,2231
2013-07-24,2212,2219,2172,2178,477400,2178
2013-07-25,2185,2200,2132,2133,406200,2133
2013-07-26,2107,2116,2082,2086,379100,2086
2013-07-29,2080,2143,2045,2049,614100,2049
2013-07-30,2044,2106,2039,2093,413600,2093
2013-07-31,2063,2090,2025,2044,387100,2044
2013-08-01,2037,2094,2033,2094,261500,2094
2013-08-02,2108,2166,2108,2165,285500,2165
2013-08-05,2135,2156,2101,2119,347300,2119
2013-08-06,2112,2150,2091,2150,228000,2150
2013-08-07,2106,2119,2078,2079,269800,2079
2013-08-08,2079,2114,2048,2052,233300,2052
2013-08-09,2054,2083,2032,2046,284200,2046
2013-08-12,2040,2050,2021,2026,172600,2026
2013-08-13,2042,2077,2042,2070,192900,2070
2013-08-14,2072,2088,2046,2083,213500,2083
2013-08-15,2061,2072,2034,2040,289100,2040
2013-08-16,2024,2039,2007,2020,226800,2020
2013-08-19,2025,2045,2018,2043,215900,2043
2013-08-20,2036,2066,2020,2020,296800,2020
2013-08-21,2023,2031,2000,2020,344600,2020
2013-08-22,2006,2022,1997,2012,381000,2012
2013-08-23,2044,2044,2017,2027,475500,2027
2013-08-26,2034,2064,2012,2046,822700,2046
2013-08-27,2050,2052,1996,2001,2294300,2001
2013-08-28,1959,1994,1952,1986,663200,1986
2013-08-29,1986,1987,1965,1974,186000,1974
2013-08-30,1978,1995,1939,1950,305800,1950
2013-09-02,1947,1974,1936,1963,265200,1963
2013-09-03,1978,2002,1974,2002,308500,2002
2013-09-04,1983,1995,1973,1995,215800,1995
2013-09-05,2005,2007,1961,1975,269400,1975
2013-09-06,1988,1988,1935,1941,272800,1941
2013-09-09,2002,2015,1981,1999,301500,1999
2013-09-10,1998,2040,1997,2031,361900,2031
2013-09-11,2021,2048,2001,2006,376800,2006
2013-09-12,2008,2011,1984,1998,261400,1998
2013-09-13,1971,1997,1954,1980,650600,1980
2013-09-17,1990,1995,1963,1965,168500,1965
2013-09-18,1972,2001,1961,1982,217900,1982
2013-09-19,1998,2035,1989,2034,387600,2034
2013-09-20,2048,2053,2032,2041,428500,2041
2013-09-24,2022,2045,2016,2037,236700,2037
2013-09-25,2033,2039,2010,2032,241900,2032
2013-09-26,2028,2052,1990,2052,245100,2052
2013-09-27,2048,2066,2041,2059,317700,2059
2013-09-30,2033,2067,2024,2046,374400,2046
2013-10-01,2042,2060,2030,2042,278200,2042
2013-10-02,2040,2053,1996,2014,387200,2014
2013-10-03,2014,2033,1992,1996,465800,1996
2013-10-04,1993,2006,1968,1993,438600,1993
2013-10-07,1981,1995,1958,1969,342500,1969
2013-10-08,1967,1985,1957,1978,356300,1978
2013-10-09,1965,1997,1961,1993,320000,1993
2013-10-10,1990,2043,1982,2042,342900,2042
2013-10-11,2075,2090,2061,2084,582500,2084
2013-10-15,2086,2125,2086,2113,608700,2113
2013-10-16,2110,2132,2097,2123,358900,2123
2013-10-17,2140,2147,2113,2127,302700,2127
2013-10-18,2132,2143,2119,2136,298200,2136
2013-10-21,2144,2164,2134,2155,275500,2155
2013-10-22,2165,2165,2142,2155,244600,2155
2013-10-23,2159,2165,2094,2094,312000,2094
2013-10-24,2084,2119,2066,2114,279900,2114
2013-10-25,2107,2115,2057,2066,450700,2066
2013-10-28,2079,2101,2071,2095,234100,2095
2013-10-29,2075,2098,2073,2089,182300,2089
2013-10-30,2100,2122,2086,2104,340600,2104
2013-10-31,2109,2125,2089,2101,329700,2101
2013-11-01,2109,2109,2061,2074,234700,2074
2013-11-05,2089,2093,2061,2078,290000,2078
2013-11-06,2075,2113,2060,2097,250600,2097
2013-11-07,2107,2117,2092,2103,280000,2103
2013-11-08,2090,2094,2073,2085,287400,2085
2013-11-11,2115,2124,2105,2119,291500,2119
2013-11-12,2123,2156,2123,2152,384300,2152
2013-11-13,2139,2154,2126,2133,402200,2133
2013-11-14,2150,2163,2121,2147,373800,2147
2013-11-15,2163,2176,2148,2166,406500,2166
2013-11-18,2166,2170,2133,2137,450500,2137
2013-11-19,2123,2142,2115,2118,318100,2118
2013-11-20,2129,2149,2112,2123,222000,2123
2013-11-21,2150,2164,2135,2159,333500,2159
2013-11-22,2169,2170,2146,2165,397600,2165
2013-11-25,2170,2177,2156,2172,253300,2172
2013-11-26,2165,2261,2160,2261,1107800,2261
2013-11-27,2250,2251,2206,2223,345800,2223
2013-11-28,2228,2236,2197,2217,308300,2217
2013-11-29,2205,2227,2201,2218,246400,2218
2013-12-02,2175,2225,2175,2203,205800,2203
2013-12-03,2208,2220,2200,2204,225000,2204
2013-12-04,2206,2206,2165,2174,326800,2174
2013-12-05,2156,2163,2135,2138,303700,2138
2013-12-06,2125,2139,2113,2134,232000,2134
2013-12-09,2158,2175,2147,2173,271500,2173
2013-12-10,2199,2199,2174,2191,395800,2191
2013-12-11,2180,2195,2171,2188,333200,2188
2013-12-12,2184,2197,2151,2191,449800,2191
2013-12-13,2195,2212,2167,2192,1036300,2192
2013-12-16,2186,2192,2162,2167,319200,2167
2013-12-17,2175,2192,2167,2192,345900,2192
2013-12-18,2179,2210,2179,2198,601700,2198
2013-12-19,2201,2223,2199,2213,897100,2213
2013-12-20,2201,2236,2200,2223,673600,2223
2013-12-24,2216,2236,2211,2219,518500,2219
2013-12-25,2219,2233,2192,2202,456000,2202
2013-12-26,2229,2242,2202,2239,288000,2239
2013-12-27,2258,2286,2250,2276,360400,2276
2013-12-30,2295,2322,2294,2313,349700,2313
2014-01-06,2313,2330,2268,2291,659400,2291
2014-01-07,2292,2301,2263,2265,372500,2265
2014-01-08,2297,2319,2291,2307,340900,2307
2014-01-09,2275,2293,2248,2268,402900,2268
2014-01-10,2250,2274,2248,2271,357400,2271
2014-01-14,2350,2350,2227,2227,786300,2227
2014-01-15,2268,2289,2252,2279,530400,2279
2014-01-16,2293,2309,2264,2267,284800,2267
2014-01-17,2313,2333,2279,2300,644800,2300
2014-01-20,2310,2313,2281,2294,275800,2294
2014-01-21,2304,2312,2281,2281,256000,2281
2014-01-22,2281,2298,2255,2297,383700,2297
2014-01-23,2300,2305,2256,2258,424200,2258
2014-01-24,2248,2260,2213,2221,450200,2221
2014-01-27,2180,2183,2133,2146,568600,2146
2014-01-28,2166,2171,2122,2122,429000,2122
2014-01-29,2140,2184,2140,2184,275300,2184
2014-01-30,2135,2135,2107,2125,504000,2125
2014-01-31,2140,2145,2100,2125,342300,2125
2014-02-03,2099,2120,2062,2064,383600,2064
2014-02-04,2015,2025,1978,1979,535300,1979
2014-02-05,1985,2006,1968,2001,390200,2001
2014-02-06,2015,2027,2003,2009,332400,2009
2014-02-07,2036,2050,2016,2039,251900,2039
2014-02-10,2070,2080,2042,2068,215500,2068
2014-02-12,2105,2119,2070,2077,376700,2077
2014-02-13,2089,2105,2052,2061,340000,2061
2014-02-14,2046,2062,1991,2003,684900,2003
2014-02-17,2009,2037,1996,2030,304700,2030
2014-02-18,2030,2043,2003,2041,592300,2041
2014-02-19,2043,2056,2030,2039,364800,2039
2014-02-20,2051,2065,2005,2018,520300,2018
2014-02-21,2019,2043,2012,2039,573600,2039
2014-02-24,2040,2064,2001,2019,959600,2019
2014-02-25,2025,2047,2014,2028,2561400,2028
2014-02-26,2020,2059,2017,2042,816400,2042
2014-02-27,2021,2038,2000,2002,378200,2002
2014-02-28,2013,2018,1957,1970,480500,1970
2014-03-03,1970,1986,1950,1970,371500,1970
2014-03-04,1975,2000,1956,1989,556300,1989
2014-03-05,2021,2029,1998,2008,424900,2008
2014-03-06,2022,2038,2011,2033,372500,2033
2014-03-07,2035,2063,2034,2062,514300,2062
2014-03-10,2062,2068,2020,2040,406900,2040
2014-03-11,2041,2064,2033,2051,269500,2051
2014-03-12,2021,2037,2006,2008,338900,2008
2014-03-13,2001,2016,1995,2001,308600,2001
2014-03-14,1984,1990,1946,1951,1076300,1951
2014-03-17,1932,1940,1911,1923,472000,1923
2014-03-18,1946,1962,1930,1951,356400,1951
2014-03-19,1966,1966,1921,1941,330800,1941
2014-03-20,1935,1941,1911,1921,772000,1921
2014-03-24,1926,2015,1926,2003,638200,2003
2014-03-25,1992,2035,1988,1999,451500,1999
2014-03-26,2021,2038,2002,2021,526400,2021
2014-03-27,2035,2048,1996,2043,317800,2043
2014-03-28,2045,2069,2032,2069,460700,2069
2014-03-31,2080,2080,2045,2069,520300,2069
2014-04-01,2074,2077,2049,2064,350800,2064
2014-04-02,2060,2080,2053,2060,276400,2060
2014-04-03,2062,2078,2050,2069,198400,2069
2014-04-04,2069,2085,2061,2075,194100,2075
2014-04-07,2053,2069,2044,2055,243100,2055
2014-04-08,2040,2041,2014,2020,310700,2020
2014-04-09,1998,1998,1959,1969,476300,1969
2014-04-10,1984,1987,1953,1963,441400,1963
2014-04-11,1926,1948,1917,1933,452700,1933
2014-04-14,1934,1942,1916,1917,194800,1917
2014-04-15,1922,1925,1891,1904,534900,1904
2014-04-16,1910,1948,1901,1939,412400,1939
2014-04-17,1945,1949,1911,1916,623700,1916
2014-04-18,1916,1921,1896,1919,513900,1919
2014-04-21,1922,1929,1907,1914,269700,1914
2014-04-22,1926,1936,1912,1913,357800,1913
2014-04-23,1927,1943,1906,1907,530300,1907
2014-04-24,1920,1935,1916,1921,369100,1921
2014-04-25,1927,1957,1916,1943,362300,1943
2014-04-28,1936,1950,1932,1949,507400,1949
2014-04-30,1955,1983,1952,1969,563800,1969
2014-05-01,1969,1988,1953,1988,441000,1988
2014-05-02,1992,1993,1966,1977,306700,1977
2014-05-07,1963,1965,1916,1938,902100,1938
2014-05-08,1944,1980,1941,1963,468600,1963
2014-05-09,1973,2009,1971,2007,548500,2007
2014-05-12,2007,2019,1986,1986,374400,1986
2014-05-13,2020,2041,2006,2033,307400,2033
2014-05-14,2024,2044,2023,2044,412700,2044
2014-05-15,2010,2034,2010,2030,409800,2030
2014-05-16,2018,2043,2009,2041,543800,2041
2014-05-19,2055,2094,2055,2071,671200,2071
2014-05-20,2071,2081,2065,2075,564300,2075
2014-05-21,2067,2089,2051,2087,461300,2087
2014-05-22,2100,2124,2093,2123,358700,2123
2014-05-23,2123,2150,2117,2137,367100,2137
2014-05-26,2152,2166,2132,2165,270000,2165
2014-05-27,2159,2187,2158,2172,370600,2172
2014-05-28,2171,2176,2150,2159,469100,2159
2014-05-29,2166,2187,2154,2183,370900,2183
2014-05-30,2180,2194,2175,2184,415600,2184
2014-06-02,2199,2220,2196,2218,336000,2218
2014-06-03,2226,2245,2223,2235,422100,2235
2014-06-04,2249,2271,2233,2271,618200,2271
2014-06-05,2272,2284,2254,2276,333000,2276
2014-06-06,2276,2284,2261,2279,354500,2279
2014-06-09,2284,2285,2267,2274,198300,2274
2014-06-10,2284,2288,2246,2250,303300,2250
2014-06-11,2242,2260,2230,2251,416500,2251
2014-06-12,2244,2266,2235,2265,300300,2265
2014-06-13,2253,2312,2249,2310,867300,2310
2014-06-16,2299,2314,2286,2290,444000,2290
2014-06-17,2306,2344,2304,2333,574800,2333
2014-06-18,2340,2369,2326,2355,473100,2355
2014-06-19,2360,2372,2347,2370,357700,2370
2014-06-20,2370,2386,2366,2378,506700,2378
2014-06-23,2380,2386,2331,2340,471100,2340
2014-06-24,2331,2358,2329,2351,371300,2351
2014-06-25,2354,2363,2340,2341,308200,2341
2014-06-26,2359,2362,2341,2346,236800,2346
2014-06-27,2349,2363,2317,2336,371900,2336
2014-06-30,2350,2384,2343,2376,337100,2376
2014-07-01,2368,2410,2356,2396,506500,2396
2014-07-02,2391,2423,2376,2421,607600,2421
2014-07-03,2422,2422,2398,2415,312600,2415
2014-07-04,2425,2427,2406,2427,239600,2427
2014-07-07,2421,2435,2407,2415,218500,2415
2014-07-08,2402,2428,2390,2421,328700,2421
2014-07-09,2396,2415,2382,2411,321400,2411
2014-07-10,2415,2417,2393,2393,265000,2393
2014-07-11,2375,2386,2356,2385,412500,2385
2014-07-14,2412,2482,2401,2482,719000,2482
2014-07-15,2475,2486,2454,2476,571600,2476
2014-07-16,2476,2487,2458,2463,365400,2463
2014-07-17,2470,2487,2467,2484,322200,2484
2014-07-18,2467,2485,2457,2481,365700,2481
2014-07-22,2458,2510,2458,2500,378600,2500
2014-07-23,2500,2505,2487,2499,240200,2499
2014-07-24,2510,2519,2475,2480,342400,2480
2014-07-25,2480,2526,2477,2526,267300,2526
2014-07-28,2525,2529,2508,2514,186000,2514
2014-07-29,2516,2527,2502,2524,226000,2524
2014-07-30,2530,2532,2503,2508,265800,2508
2014-07-31,2525,2528,2510,2517,308800,2517
2014-08-01,2500,2514,2491,2501,259500,2501
2014-08-04,2495,2516,2482,2500,267500,2500
2014-08-05,2510,2519,2493,2497,272800,2497
2014-08-06,2487,2490,2465,2469,266800,2469
2014-08-07,2466,2488,2451,2488,336600,2488
2014-08-08,2471,2486,2422,2426,466900,2426
2014-08-11,2475,2480,2456,2476,229700,2476
2014-08-12,2487,2495,2480,2489,192400,2489
2014-08-13,2482,2500,2467,2495,309600,2495
2014-08-14,2509,2510,2487,2506,219800,2506
2014-08-15,2501,2508,2492,2498,196300,2498
2014-08-18,2500,2503,2490,2494,219100,2494
2014-08-19,2508,2510,2496,2507,393500,2507
2014-08-20,2510,2510,2492,2501,315800,2501
2014-08-21,2505,2510,2494,2505,380800,2505
2014-08-22,2515,2552,2512,2540,715900,2540
2014-08-25,2530,2550,2530,2538,1103700,2538
2014-08-26,2538,2560,2537,2545,2226400,2545
2014-08-27,2504,2530,2461,2464,1145600,2464
2014-08-28,2465,2474,2428,2439,468100,2439
2014-08-29,2437,2462,2408,2409,474300,2409
2014-09-01,2408,2409,2387,2400,245900,2400
2014-09-02,2401,2428,2401,2413,334100,2413
2014-09-03,2431,2437,2414,2419,312200,2419
2014-09-04,2410,2416,2383,2389,242100,2389
2014-09-05,2400,2408,2381,2381,274500,2381
2014-09-08,2396,2397,2371,2376,188800,2376
2014-09-09,2378,2382,2362,2364,186400,2364
2014-09-10,2352,2385,2351,2381,251200,2381
2014-09-11,2396,2399,2366,2377,285800,2377
2014-09-12,2371,2388,2365,2382,523700,2382
2014-09-16,2386,2398,2376,2394,236900,2394
2014-09-17,2394,2394,2375,2381,197700,2381
2014-09-18,2390,2419,2381,2413,283400,2413
2014-09-19,2429,2438,2411,2429,239800,2429
2014-09-22,2441,2444,2404,2437,285600,2437
2014-09-24,2409,2431,2403,2429,226600,2429
2014-09-25,2443,2475,2440,2475,317500,2475
2014-09-26,2450,2469,2440,2462,271900,2462
2014-09-29,2466,2491,2463,2488,195000,2488
2014-09-30,2488,2488,2462,2480,351500,2480
2014-10-01,2489,2513,2483,2484,297600,2484
2014-10-02,2470,2481,2399,2399,386000,2399
2014-10-03,2396,2422,2389,2408,235200,2408
2014-10-06,2430,2445,2420,2432,238300,2432
2014-10-07,2424,2447,2415,2417,271000,2417
2014-10-08,2426,2531,2408,2514,1041000,2514
2014-10-09,2513,2520,2471,2472,475600,2472
2014-10-10,2438,2463,2433,2449,402200,2449
2014-10-14,2401,2439,2400,2404,422700,2404
2014-10-15,2385,2398,2301,2317,722700,2317
2014-10-16,2291,2291,2245,2252,543700,2252
2014-10-17,2244,2244,2169,2170,823100,2170
2014-10-20,2228,2272,2228,2271,508200,2271
2014-10-21,2271,2283,2219,2224,372500,2224
2014-10-22,2254,2282,2254,2280,226400,2280
2014-10-23,2269,2297,2251,2281,295100,2281
2014-10-24,2314,2316,2281,2293,278300,2293
2014-10-27,2296,2339,2287,2327,324600,2327
2014-10-28,2327,2360,2313,2332,252500,2332
2014-10-29,2342,2360,2325,2351,303700,2351
2014-10-30,2360,2409,2352,2393,440900,2393
2014-10-31,2415,2547,2401,2538,870000,2538
2014-11-04,2620,2659,2586,2611,854900,2611
2014-11-05,2617,2650,2602,2642,554300,2642
2014-11-06,2650,2675,2600,2601,533300,2601
2014-11-07,2618,2623,2588,2613,289000,2613
2014-11-10,2593,2610,2582,2594,212300,2594
2014-11-11,2595,2637,2582,2630,265200,2630
2014-11-12,2649,2687,2643,2652,366700,2652
2014-11-13,2660,2677,2633,2672,266900,2672
2014-11-14,2699,2699,2644,2671,528400,2671
2014-11-17,2651,2651,2586,2600,419000,2600
2014-11-18,2641,2688,2641,2688,414000,2688
2014-11-19,2698,2747,2687,2710,308900,2710
2014-11-20,2739,2744,2694,2699,239700,2699
2014-11-21,2682,2697,2651,2686,256000,2686
2014-11-25,2667,2680,2613,2617,1001200,2617
2014-11-26,2620,2659,2601,2618,494900,2618
2014-11-27,2603,2638,2591,2608,301900,2608
2014-11-28,2632,2660,2632,2646,321300,2646
2014-12-01,2656,2698,2650,2662,239900,2662
2014-12-02,2662,2693,2649,2686,217000,2686
2014-12-03,2700,2718,2670,2676,370900,2676
2014-12-04,2716,2747,2666,2712,820800,2712
2014-12-05,2715,2745,2700,2741,1106200,2741
2014-12-08,2753,2765,2710,2731,1039500,2731
2014-12-09,2720,2765,2686,2724,668100,2724
2014-12-10,2705,2726,2657,2678,806400,2678
2014-12-11,2640,2677,2622,2672,1142100,2672
2014-12-12,2659,2734,2653,2704,993600,2704
2014-12-15,2670,2694,2667,2677,243100,2677
2014-12-16,2648,2666,2630,2633,410800,2633
2014-12-17,2630,2650,2603,2621,506200,2621
2014-12-18,2671,2698,2655,2690,453700,2690
2014-12-19,2728,2746,2702,2728,708500,2728
2014-12-22,2735,2748,2713,2747,453900,2747
2014-12-24,2787,2821,2783,2819,604200,2819
2014-12-25,2830,2839,2786,2791,283200,2791
2014-12-26,2793,2827,2777,2822,288000,2822
2014-12-29,2829,2839,2750,2780,389500,2780
2014-12-30,2780,2780,2733,2737,371500,2737
2015-01-05,2735,2747,2690,2727,378900,2727
2015-01-06,2690,2690,2636,2637,483500,2637
2015-01-07,2630,2642,2615,2622,401500,2622
2015-01-08,2641,2709,2641,2669,539200,2669
2015-01-09,2688,2690,2647,2659,428400,2659
2015-01-13,2640,2667,2620,2660,402500,2660
2015-01-14,2735,2736,2629,2645,657900,2645
2015-01-15,2641,2671,2631,2645,441800,2645
2015-01-16,2610,2619,2573,2616,626600,2616
2015-01-19,2620,2622,2542,2550,910700,2550
2015-01-20,2541,2583,2534,2579,410000,2579
2015-01-21,2566,2583,2553,2581,428200,2581
2015-01-22,2595,2595,2542,2547,403100,2547
2015-01-23,2575,2595,2562,2574,426200,2574
2015-01-26,2546,2561,2519,2534,428400,2534
2015-01-27,2559,2592,2553,2586,408300,2586
2015-01-28,2573,2652,2568,2641,586300,2641
2015-01-29,2620,2649,2607,2630,345000,2630
2015-01-30,2650,2698,2649,2675,576700,2675
2015-02-02,2644,2662,2628,2646,353900,2646
2015-02-03,2646,2670,2618,2644,635400,2644
2015-02-04,2683,2696,2657,2674,515500,2674
2015-02-05,2658,2689,2637,2663,520100,2663
2015-02-06,2697,2697,2656,2669,407300,2669
2015-02-09,2684,2689,2652,2666,458400,2666
2015-02-10,2652,2669,2640,2662,335300,2662
2015-02-12,2692,2720,2670,2717,560500,2717
2015-02-13,2711,2723,2695,2708,424400,2708
2015-02-16,2724,2738,2703,2730,389400,2730
2015-02-17,2729,2783,2717,2763,423900,2763
2015-02-18,2787,2802,2757,2785,590000,2785
2015-02-19,2795,2825,2781,2822,418600,2822
2015-02-20,2833,2914,2814,2909,907700,2909
2015-02-23,2940,2960,2905,2925,914800,2925
2015-02-24,2896,2938,2881,2910,1914500,2910
2015-02-25,2880,2885,2844,2859,694000,2859
2015-02-26,2841,2875,2823,2868,645400,2868
2015-02-27,2870,2909,2855,2905,632900,2905
2015-03-02,2887,2926,2882,2898,425200,2898
2015-03-03,2913,2918,2873,2888,278800,2888
2015-03-04,2887,2895,2844,2856,326100,2856
2015-03-05,2858,2875,2836,2875,182700,2875
2015-03-06,2866,2892,2832,2891,252400,2891
2015-03-09,2890,2910,2850,2895,301900,2895
2015-03-10,2893,2903,2853,2875,352300,2875
2015-03-11,2844,2881,2841,2875,375800,2875
2015-03-12,2882,2907,2851,2902,457200,2902
2015-03-13,2902,2904,2852,2888,912400,2888
2015-03-16,2897,2950,2882,2936,470800,2936
2015-03-17,2949,2960,2883,2942,410300,2942
2015-03-18,2948,2988,2934,2983,354500,2983
2015-03-19,2972,2992,2934,2951,266400,2951
2015-03-20,2957,2958,2929,2939,275300,2939
2015-03-23,2940,2975,2940,2955,260700,2955
2015-03-24,2950,2966,2921,2962,448100,2962
2015-03-25,2973,3025,2972,3025,433200,3025
2015-03-26,2997,3010,2922,2932,444800,2932
2015-03-27,2943,3010,2939,2978,772600,2978
2015-03-30,2980,3020,2980,3000,560500,3000
2015-03-31,3025,3045,2938,2938,600900,2938
2015-04-01,2928,2944,2890,2907,671300,2907
2015-04-02,2909,3030,2909,2997,713000,2997
2015-04-03,2990,3015,2961,3010,546300,3010
2015-04-06,3000,3160,2989,3095,877200,3095
2015-04-07,3110,3145,3090,3110,446000,3110
2015-04-08,3130,3185,3130,3160,510600,3160
2015-04-09,3175,3225,3160,3200,394400,3200
2015-04-10,3200,3230,3155,3205,478000,3205
2015-04-13,3230,3240,3160,3160,338300,3160
2015-04-14,3125,3160,3110,3125,325400,3125
2015-04-15,3200,3445,3195,3400,1446900,3400
2015-04-16,3400,3400,3250,3280,868800,3280
2015-04-17,3245,3255,3175,3175,798000,3175
2015-04-20,3130,3185,3110,3160,327000,3160
2015-04-21,3145,3185,3135,3160,508100,3160
2015-04-22,3180,3190,3155,3165,453100,3165
2015-04-23,3150,3175,3105,3120,423900,3120
2015-04-24,3080,3085,3055,3060,420200,3060
2015-04-27,3050,3070,3030,3040,392800,3040
2015-04-28,3065,3095,3035,3035,354100,3035
2015-04-30,3035,3065,2973,2981,655400,2981
2015-05-01,2990,3020,2977,2998,431900,2998
2015-05-07,3290,3295,3140,3155,1182400,3155
2015-05-08,3120,3220,3115,3210,635200,3210
2015-05-11,3225,3315,3215,3275,568700,3275
2015-05-12,3270,3285,3235,3280,362500,3280
2015-05-13,3235,3245,3195,3220,479900,3220
2015-05-14,3185,3230,3165,3175,539700,3175
2015-05-15,3220,3250,3215,3240,448800,3240
2015-05-18,3220,3235,3170,3185,482700,3185
2015-05-19,3200,3225,3180,3200,537300,3200
2015-05-20,3245,3245,3180,3225,551800,3225
2015-05-21,3230,3260,3220,3240,553000,3240
2015-05-22,3225,3245,3205,3230,305300,3230
2015-05-25,3225,3240,3200,3210,328000,3210
2015-05-26,3230,3240,3185,3185,271100,3185
2015-05-27,3195,3210,3140,3145,499100,3145
2015-05-28,3180,3200,3135,3145,377800,3145
2015-05-29,3140,3180,3120,3135,810900,3135
2015-06-01,3100,3125,3060,3085,704700,3085
2015-06-02,3100,3150,3095,3100,499800,3100
2015-06-03,3090,3130,3090,3100,414700,3100
2015-06-04,3100,3110,3065,3095,503900,3095
2015-06-05,3105,3130,3095,3110,422900,3110
2015-06-08,3110,3115,3060,3075,263600,3075
2015-06-09,3095,3095,3005,3010,642000,3010
2015-06-10,3025,3060,2981,3005,468300,3005
2015-06-11,3015,3100,3010,3080,312000,3080
2015-06-12,3100,3100,3020,3035,640500,3035
2015-06-15,3015,3025,2975,3015,520500,3015
2015-06-16,3015,3035,2996,3000,236600,3000
2015-06-17,3035,3040,2998,3005,334200,3005
2015-06-18,3010,3020,2976,2990,289700,2990
2015-06-19,3025,3040,2996,3005,271100,3005
2015-06-22,3005,3060,3005,3060,285700,3060
2015-06-23,3100,3130,3080,3125,407900,3125
2015-06-24,3150,3150,3100,3125,377500,3125
2015-06-25,3095,3145,3085,3105,254100,3105
2015-06-26,3110,3125,3080,3105,213800,3105
2015-06-29,3030,3080,3010,3040,339900,3040
2015-06-30,3020,3070,3010,3045,358300,3045
2015-07-01,3040,3050,2999,3030,338100,3030
2015-07-02,3045,3075,3035,3050,290900,3050
2015-07-03,3050,3065,3030,3045,213900,3045
2015-07-06,3005,3035,2987,2997,330200,2997
2015-07-07,3035,3070,3020,3045,282000,3045
2015-07-08,3015,3035,2955,2962,442800,2962
2015-07-09,2897,2926,2846,2884,669600,2884
2015-07-10,2889,2936,2865,2883,580500,2883
2015-07-13,2909,2932,2890,2920,367100,2920
2015-07-14,2948,2969,2929,2950,384900,2950
2015-07-15,2968,3070,2949,3055,1183700,3055
2015-07-16,3050,3085,3020,3060,760200,3060
2015-07-17,3055,3055,2997,3015,781400,3015
2015-07-21,3040,3050,3010,3035,392400,3035
2015-07-22,3035,3035,2986,2987,387900,2987
2015-07-23,3000,3010,2975,2986,298600,2986
2015-07-24,2990,2990,2955,2960,277700,2960
2015-07-27,2955,2956,2924,2931,270100,2931
2015-07-28,2900,2929,2878,2915,411700,2915
2015-07-29,2926,2972,2921,2968,465600,2968
2015-07-30,2990,2991,2950,2953,490600,2953
2015-07-31,2950,2964,2922,2936,438700,2936
2015-08-03,2943,2977,2929,2975,321300,2975
2015-08-04,2983,3065,2972,3060,641000,3060
2015-08-05,3075,3170,3070,3160,714900,3160
2015-08-06,3170,3200,3130,3155,535500,3155
2015-08-07,3150,3150,3095,3120,348000,3120
2015-08-10,3090,3150,3090,3140,355600,3140
2015-08-11,3145,3145,3065,3105,323200,3105
2015-08-12,3085,3125,3085,3110,352600,3110
2015-08-13,3080,3135,3060,3125,534500,3125
2015-08-14,3130,3160,3120,3145,446200,3145
2015-08-17,3165,3165,3115,3140,309800,3140
2015-08-18,3150,3150,3080,3090,296600,3090
2015-08-19,3070,3090,3020,3020,336100,3020
2015-08-20,3030,3030,2982,2984,432000,2984
2015-08-21,2934,2947,2906,2910,670200,2910
2015-08-24,2810,2855,2750,2751,876400,2751
2015-08-25,2651,2750,2608,2625,1174500,2625
2015-08-26,2637,2655,2590,2637,2425300,2637
2015-08-27,2703,2711,2647,2671,1100400,2671
2015-08-28,2733,2770,2700,2756,520900,2756
2015-08-31,2760,2760,2709,2736,426700,2736
2015-09-01,2735,2748,2676,2691,819700,2691
2015-09-02,2645,2739,2631,2680,687200,2680
2015-09-03,2696,2744,2686,2693,426200,2693
2015-09-04,2705,2705,2615,2628,411100,2628
2015-09-07,2595,2656,2576,2638,345700,2638
2015-09-08,2627,2719,2624,2706,1021500,2706
2015-09-09,2763,2783,2724,2783,636300,2783
2015-09-10,2710,2730,2668,2712,474400,2712
2015-09-11,2664,2781,2657,2760,826600,2760
2015-09-14,2790,2820,2744,2745,340900,2745
2015-09-15,2757,2806,2746,2749,277000,2749
2015-09-16,2773,2775,2707,2722,246900,2722
2015-09-17,2731,2742,2690,2720,299800,2720
2015-09-18,2732,2735,2665,2683,395100,2683
2015-09-24,2649,2700,2637,2637,402200,2637
2015-09-25,2637,2711,2637,2711,415800,2711
2015-09-28,2729,2794,2695,2782,396400,2782
2015-09-29,2752,2764,2646,2662,426400,2662
2015-09-30,2673,2732,2641,2723,382600,2723
2015-10-01,2723,2832,2713,2790,395800,2790
2015-10-02,2766,2850,2760,2847,386800,2847
2015-10-05,2848,2885,2821,2868,244400,2868
2015-10-06,2897,2910,2867,2873,250100,2873
2015-10-07,2900,2915,2850,2902,228800,2902
2015-10-08,2893,2893,2854,2860,225200,2860
2015-10-09,2882,2928,2861,2928,406400,2928
2015-10-13,2907,2944,2890,2898,297100,2898
2015-10-14,2992,3060,2931,3010,1435300,3010
2015-10-15,2978,3015,2968,2984,541600,2984
2015-10-16,3010,3040,2964,2968,790600,2968
2015-10-19,2971,3030,2957,3000,447100,3000
2015-10-20,3030,3055,2988,3025,445100,3025
2015-10-21,3025,3055,3005,3045,442400,3045
2015-10-22,3030,3040,3010,3020,316400,3020
2015-10-23,3060,3095,3050,3090,303700,3090
2015-10-26,3085,3100,3070,3075,363400,3075
2015-10-27,3080,3110,3070,3085,360200,3085
2015-10-28,3105,3140,3090,3110,365800,3110
2015-10-29,3120,3150,3115,3140,374900,3140
2015-10-30,3135,3170,3115,3160,511400,3160
2015-11-02,3110,3115,3050,3055,339000,3055
2015-11-04,3125,3190,3120,3155,559100,3155
2015-11-05,3180,3200,3150,3180,331900,3180
2015-11-06,3195,3195,3145,3165,261300,3165
2015-11-09,3175,3200,3155,3195,460900,3195
2015-11-10,3145,3190,3140,3170,262000,3170
2015-11-11,3165,3195,3165,3185,318600,3185
2015-11-12,3190,3200,3165,3180,255900,3180
2015-11-13,3155,3195,3145,3185,349000,3185
2015-11-16,3135,3190,3125,3180,289200,3180
2015-11-17,3200,3250,3165,3240,593000,3240
2015-11-18,3255,3290,3230,3245,344100,3245
2015-11-19,3280,3320,3260,3260,366400,3260
2015-11-20,3285,3305,3240,3290,279400,3290
2015-11-24,3300,3350,3285,3340,381200,3340
2015-11-25,3340,3360,3325,3340,303100,3340
2015-11-26,3360,3390,3345,3360,301400,3360
2015-11-27,3380,3380,3325,3345,318000,3345
2015-11-30,3330,3330,3275,3275,509300,3275
2015-12-01,3280,3345,3275,3345,373800,3345
2015-12-02,3355,3435,3330,3420,779000,3420
2015-12-03,3410,3420,3385,3400,400100,3400
2015-12-04,3365,3385,3340,3360,485100,3360
2015-12-07,3375,3430,3355,3415,270600,3415
2015-12-08,3410,3435,3380,3385,335600,3385
2015-12-09,3390,3430,3375,3380,330200,3380
2015-12-10,3345,3385,3335,3345,484000,3345
2015-12-11,3315,3375,3315,3340,537300,3340
2015-12-14,3275,3335,3265,3315,310900,3315
2015-12-15,3290,3340,3235,3245,551200,3245
2015-12-16,3270,3300,3245,3280,417000,3280
2015-12-17,3335,3380,3320,3365,470100,3365
2015-12-18,3390,3495,3350,3350,708600,3350
2015-12-21,3340,3370,3295,3355,404900,3355
2015-12-22,3345,3405,3335,3390,317600,3390
2015-12-24,3420,3430,3330,3335,465600,3335
2015-12-25,3345,3350,3305,3315,236100,3315
2015-12-28,3305,3335,3270,3320,265900,3320
2015-12-29,3285,3355,3270,3355,219900,3355
2015-12-30,3375,3380,3330,3360,232800,3360
2016-01-04,3350,3365,3265,3275,494600,3275
2016-01-05,3235,3280,3205,3245,578700,3245
2016-01-06,3260,3285,3225,3240,502500,3240
2016-01-07,3235,3275,3205,3210,417000,3210
2016-01-08,3180,3215,3155,3155,474400,3155
2016-01-12,3090,3200,3090,3120,479500,3120
2016-01-13,3225,3295,3125,3165,1001300,3165
2016-01-14,3030,3075,2998,3025,1177500,3025
2016-01-15,3060,3070,2933,2948,1400500,2948
2016-01-18,2901,2941,2869,2933,946500,2933
2016-01-19,2940,2973,2917,2950,680900,2950
2016-01-20,2945,2952,2808,2821,987800,2821
2016-01-21,2820,2869,2758,2759,764400,2759
2016-01-22,2863,2895,2784,2890,1034400,2890
2016-01-25,2958,2964,2908,2935,497100,2935
2016-01-26,2909,2937,2875,2901,581800,2901
2016-01-27,2955,2986,2955,2984,519000,2984
2016-01-28,2984,3045,2964,3005,647100,3005
2016-01-29,3050,3135,2971,3120,934000,3120
2016-02-01,3140,3170,3110,3135,874600,3135
2016-02-02,3090,3170,3070,3150,515200,3150
2016-02-03,3065,3100,3040,3080,584300,3080
2016-02-04,3025,3075,3000,3030,476900,3030
2016-02-05,2967,3005,2948,2982,675800,2982
2016-02-08,2920,3040,2920,3015,496100,3015
2016-02-09,2923,2960,2901,2913,628700,2913
2016-02-10,2920,2947,2803,2841,648600,2841
2016-02-12,2750,2771,2672,2678,1038800,2678
2016-02-15,2785,2889,2761,2872,683600,2872
2016-02-16,2811,2869,2801,2811,535200,2811
2016-02-17,2800,2836,2755,2789,670500,2789
2016-02-18,2839,2848,2764,2775,752300,2775
2016-02-19,2750,2783,2712,2768,756000,2768
2016-02-22,2744,2828,2744,2816,746300,2816
2016-02-23,2835,2847,2773,2798,1152000,2798
2016-02-24,2768,2857,2767,2846,2410400,2846
2016-02-25,2825,2836,2780,2809,1015700,2809
2016-02-26,2811,2843,2786,2789,480700,2789
2016-02-29,2799,2822,2763,2763,495500,2763
2016-03-01,2760,2799,2758,2786,546400,2786
2016-03-02,2842,2875,2818,2849,563500,2849
2016-03-03,2845,2867,2827,2857,441800,2857
2016-03-04,2857,2870,2813,2870,540200,2870
2016-03-07,2867,2867,2826,2843,415200,2843
2016-03-08,2861,2870,2801,2854,514700,2854
2016-03-09,2820,2848,2793,2817,485100,2817
2016-03-10,2850,2921,2850,2913,577300,2913
2016-03-11,2882,2917,2841,2897,668900,2897
2016-03-14,2933,2956,2911,2932,380900,2932
2016-03-15,2931,2949,2900,2918,421900,2918
2016-03-16,2905,2956,2904,2934,398600,2934
2016-03-17,2949,2968,2906,2932,401300,2932
2016-03-18,2918,2944,2887,2904,426100,2904
2016-03-22,2954,3010,2937,2981,543600,2981
2016-03-23,2985,3035,2984,3000,352700,3000
2016-03-24,2999,3040,2994,3005,396500,3005
2016-03-25,3005,3020,2978,2996,338300,2996
2016-03-28,3030,3045,2999,3035,444000,3035
2016-03-29,2999,3045,2987,3030,338500,3030
2016-03-30,3010,3040,3010,3010,368800,3010
2016-03-31,3010,3015,2955,2961,454500,2961
2016-04-01,2947,2947,2848,2859,450400,2859
2016-04-04,2885,2930,2861,2898,410700,2898
2016-04-05,2881,2906,2819,2824,363500,2824
2016-04-06,2834,2852,2802,2827,276500,2827
2016-04-07,2815,2849,2801,2842,272700,2842
2016-04-08,2800,2898,2782,2864,428900,2864
2016-04-11,2829,2855,2804,2837,249200,2837
2016-04-12,2797,2829,2751,2795,471700,2795
2016-04-13,2820,2861,2816,2847,335300,2847
2016-04-14,2915,2966,2892,2950,655100,2950
2016-04-15,2997,3005,2898,2923,865800,2923
2016-04-18,2823,2856,2796,2825,692100,2825
2016-04-19,2877,2922,2871,2902,433100,2902
2016-04-20,2888,2924,2870,2883,622600,2883
2016-04-21,2940,2954,2913,2926,439300,2926
2016-04-22,2909,2939,2872,2921,812300,2921
2016-04-25,2945,2948,2895,2921,382600,2921
2016-04-26,2936,2947,2879,2923,364000,2923
2016-04-27,2923,2955,2906,2916,399100,2916
2016-04-28,2932,2948,2801,2810,581000,2810
2016-05-02,2721,2758,2711,2729,493400,2729
2016-05-06,2735,2772,2731,2750,417200,2750
2016-05-09,2790,2828,2787,2818,381900,2818
2016-05-10,2819,2901,2819,2895,555600,2895
2016-05-11,2924,2943,2874,2883,676000,2883
2016-05-12,2829,2849,2816,2838,510700,2838
2016-05-13,2873,2878,2830,2838,350600,2838
2016-05-16,2846,2901,2846,2850,377500,2850
2016-05-17,2854,2915,2854,2911,362500,2911
2016-05-18,2911,2944,2899,2923,582200,2923
2016-05-19,2942,2946,2904,2914,396600,2914
2016-05-20,2914,2956,2904,2953,350900,2953
2016-05-23,2935,2947,2907,2934,303000,2934
2016-05-24,2929,2945,2917,2930,228800,2930
2016-05-25,2963,2991,2953,2960,296700,2960
2016-05-26,2990,2996,2942,2954,211900,2954
2016-05-27,2989,2999,2977,2988,251400,2988
2016-05-30,3000,3025,2989,3025,210200,3025
2016-05-31,3000,3050,3000,3030,329000,3030
2016-06-01,3025,3035,3000,3015,223600,3015
2016-06-02,3000,3010,2946,2953,348800,2953
2016-06-03,2946,2984,2930,2984,205400,2984
2016-06-06,2939,2961,2925,2958,297600,2958
2016-06-07,2957,2982,2944,2975,206100,2975
2016-06-08,2962,2974,2904,2933,336700,2933
2016-06-09,2903,2916,2880,2893,338700,2893
2016-06-10,2884,2884,2850,2874,542200,2874
2016-06-13,2843,2843,2802,2802,351800,2802
2016-06-14,2808,2819,2756,2786,357500,2786
2016-06-15,2775,2797,2760,2788,305100,2788
2016-06-16,2800,2801,2712,2719,360800,2719
2016-06-17,2760,2763,2712,2718,439500,2718
2016-06-20,2776,2797,2760,2768,276800,2768
2016-06-21,2755,2821,2736,2815,234300,2815
2016-06-22,2801,2814,2761,2794,268100,2794
2016-06-23,2826,2826,2788,2806,191900,2806
2016-06-24,2819,2823,2600,2627,640400,2627
2016-06-27,2673,2735,2659,2732,369700,2732
2016-06-28,2696,2771,2690,2755,300400,2755
2016-06-29,2785,2824,2756,2821,344100,2821
2016-06-30,2844,2860,2824,2824,317300,2824
2016-07-01,2823,2834,2803,2819,280700,2819
2016-07-04,2785,2828,2776,2826,152300,2826
2016-07-05,2818,2835,2803,2831,171200,2831
2016-07-06,2788,2789,2727,2764,382200,2764
2016-07-07,2753,2772,2736,2746,253900,2746
2016-07-08,2762,2778,2695,2696,368400,2696
2016-07-11,2778,2785,2749,2770,295300,2770
2016-07-12,2818,2839,2791,2801,525200,2801
2016-07-13,2851,2875,2832,2847,397400,2847
2016-07-14,2859,2883,2845,2875,415000,2875
2016-07-15,2950,3085,2937,3025,1093100,3025
2016-07-19,3105,3225,3085,3220,782700,3220
2016-07-20,3190,3190,3130,3150,739100,3150
2016-07-21,3165,3165,3075,3090,517900,3090
2016-07-22,3050,3155,3025,3115,653300,3115
2016-07-25,3125,3145,3090,3100,375100,3100
2016-07-26,3095,3105,3055,3070,409500,3070
2016-07-27,3090,3120,3055,3060,503000,3060
2016-07-28,3040,3040,2984,2997,409600,2997
2016-07-29,2987,3025,2923,3005,679200,3005
2016-08-01,2991,2996,2954,2991,284700,2991
2016-08-02,2971,3010,2964,2974,292800,2974
2016-08-03,2930,2942,2905,2912,372700,2912
2016-08-04,2920,2940,2878,2907,382500,2907
2016-08-05,2907,2971,2907,2951,692900,2951
2016-08-08,3000,3020,2930,2957,280600,2957
2016-08-09,2978,2986,2944,2985,224300,2985
2016-08-10,2993,3060,2986,3055,481600,3055
2016-08-12,3080,3100,3050,3055,364300,3055
2016-08-15,3050,3050,2986,2991,250100,2991
2016-08-16,2986,2997,2945,2954,465700,2954
2016-08-17,2956,2968,2928,2951,332400,2951
2016-08-18,2951,2970,2916,2916,385600,2916
2016-08-19,2923,2927,2840,2857,489700,2857
2016-08-22,2861,2874,2832,2868,430500,2868
2016-08-23,2853,2900,2846,2885,579200,2885
2016-08-24,2888,2888,2858,2880,512900,2880
2016-08-25,2884,2897,2865,2886,692400,2886
2016-08-26,2867,2881,2851,2857,1983100,2857
2016-08-29,2890,2902,2850,2858,804400,2858
2016-08-30,2858,2860,2824,2838,400100,2838
2016-08-31,2859,3015,2845,3015,1012200,3015
2016-09-01,3025,3050,2985,3045,632400,3045
2016-09-02,3040,3075,3030,3065,402400,3065
2016-09-05,3100,3115,3070,3100,433400,3100
2016-09-06,3110,3145,3110,3135,440600,3135
2016-09-07,3140,3185,3130,3145,845000,3145
2016-09-08,3135,3160,3120,3150,481000,3150
2016-09-09,3140,3140,3095,3120,502100,3120
2016-09-12,3070,3145,3050,3135,441000,3135
2016-09-13,3140,3155,3120,3130,398500,3130
2016-09-14,3115,3155,3115,3140,466900,3140
2016-09-15,3155,3250,3145,3235,980100,3235
2016-09-16,3235,3265,3190,3250,620000,3250
2016-09-20,3265,3340,3235,3320,781200,3320
2016-09-21,3290,3360,3270,3355,677100,3355
2016-09-23,3335,3390,3320,3380,567000,3380
2016-09-26,3400,3430,3325,3340,753000,3340
2016-09-27,3310,3390,3295,3390,623800,3390
2016-09-28,3230,3410,3225,3325,1346800,3325
2016-09-29,3315,3340,3290,3325,627900,3325
2016-09-30,3295,3375,3280,3340,895200,3340
2016-10-03,3370,3385,3305,3335,654700,3335
2016-10-04,3335,3335,3210,3255,1018900,3255
2016-10-05,3255,3260,3220,3230,698400,3230
2016-10-06,3245,3245,3205,3230,599800,3230
2016-10-07,3220,3230,3165,3210,507100,3210
2016-10-11,3215,3230,3185,3200,491300,3200
2016-10-12,3170,3210,3155,3185,453400,3185
2016-10-13,3195,3220,3185,3205,525600,3205
2016-10-14,3190,3205,3175,3200,485500,3200
2016-10-17,3200,3205,3135,3175,815500,3175
2016-10-18,3245,3245,3050,3085,3105700,3085
2016-10-19,3125,3220,3100,3210,1551900,3210
2016-10-20,3215,3225,3180,3220,1102900,3220
2016-10-21,3190,3230,3180,3205,868700,3205
2016-10-24,3155,3180,3110,3120,783600,3120
2016-10-25,3130,3160,3125,3160,616700,3160
2016-10-26,3155,3185,3125,3175,537400,3175
2016-10-27,3170,3190,3150,3170,525100,3170
2016-10-28,3170,3180,3130,3160,1339700,3160
2016-10-31,3135,3165,3120,3155,499700,3155
2016-11-01,3155,3160,3110,3145,774600,3145
2016-11-02,3115,3140,3080,3095,594400,3095
2016-11-04,3075,3080,3025,3050,459400,3050
2016-11-07,3085,3090,3060,3075,393600,3075
2016-11-08,3080,3080,3040,3065,406400,3065
2016-11-09,3065,3095,2902,2952,1252300,2952
2016-11-10,3075,3090,3045,3080,806700,3080
2016-11-11,3100,3100,3040,3045,585900,3045
2016-11-14,3075,3095,3055,3085,323600,3085
2016-11-15,3090,3100,3060,3090,427400,3090
2016-11-16,3080,3130,3070,3125,489700,3125
2016-11-17,3115,3195,3115,3185,883900,3185
2016-11-18,3200,3210,3185,3200,646700,3200
2016-11-21,3200,3230,3185,3230,599100,3230
2016-11-22,3235,3240,3210,3230,459100,3230
2016-11-24,3250,3250,3225,3240,457200,3240
2016-11-25,3260,3270,3235,3265,643800,3265
2016-11-28,3250,3260,3205,3255,522100,3255
2016-11-29,3255,3270,3230,3240,460500,3240
2016-11-30,3250,3285,3210,3285,553800,3285
2016-12-01,3305,3330,3280,3290,801700,3290
2016-12-02,3280,3320,3255,3315,859800,3315
2016-12-05,3330,3335,3290,3315,1106100,3315
2016-12-06,3345,3345,3245,3250,849700,3250
2016-12-07,3260,3260,3230,3245,593500,3245
2016-12-08,3280,3280,3240,3275,535000,3275
2016-12-09,3225,3270,3220,3270,634400,3270
2016-12-12,3250,3265,3235,3250,668300,3250
2016-12-13,3240,3290,3230,3280,611100,3280
2016-12-14,3305,3305,3240,3245,483200,3245
2016-12-15,3225,3245,3205,3225,600600,3225
2016-12-16,3255,3255,3210,3240,630600,3240
2016-12-19,3245,3250,3200,3245,493600,3245
2016-12-20,3210,3275,3210,3270,396700,3270
2016-12-21,3250,3280,3225,3260,462200,3260
2016-12-22,3270,3285,3250,3280,425600,3280
2016-12-26,3300,3325,3285,3305,375900,3305
2016-12-27,3320,3330,3305,3310,395600,3310
2016-12-28,3320,3360,3305,3335,395600,3335
2016-12-29,3335,3340,3285,3305,393200,3305
2016-12-30,3290,3320,3265,3305,306100,3305
2017-01-04,3305,3335,3295,3315,497700,3315
