Date,Open,High,Low,Close,Volume,Adj Close
2008-10-20,363,369.0,355.0,364.0,1509000.0,728.0
2008-10-21,369,371.0,352.0,361.0,1815000.0,722.0
2008-10-22,348,352.0,331.0,331.0,2243000.0,662.0
2008-10-23,325,325.0,301.0,316.0,3811000.0,632.0
2008-10-24,320,320.0,288.0,288.0,2595000.0,576.0
2008-10-27,290,302.0,271.0,271.0,3285000.0,542.0
2008-10-28,270,290.0,265.0,290.0,2013000.0,580.0
2008-10-29,309,319.0,295.0,312.0,2591000.0,624.0
2008-10-30,307,333.0,306.0,325.0,2515000.0,650.0
2008-10-31,330,331.0,313.0,315.0,2025000.0,630.0
2008-11-04,320,336.0,319.0,336.0,1282000.0,672.0
2008-11-05,340,344.0,325.0,340.0,2315000.0,680.0
2008-11-06,325,336.0,322.0,328.0,1954000.0,656.0
2008-11-07,320,322.0,307.0,310.0,1974000.0,620.0
2008-11-10,320,329.0,312.0,322.0,2056000.0,644.0
2008-11-11,307,311.0,301.0,302.0,1515000.0,604.0
2008-11-12,301,314.0,300.0,309.0,1849000.0,618.0
2008-11-13,300,303.0,288.0,288.0,2057000.0,576.0
2008-11-14,308,308.0,293.0,299.0,2439000.0,598.0
2008-11-17,292,298.0,285.0,291.0,1246000.0,582.0
2008-11-18,290,301.0,286.0,297.0,1081000.0,594.0
2008-11-19,295,296.0,288.0,294.0,983000.0,588.0
2008-11-20,285,295.0,281.0,281.0,1815000.0,562.0
2008-11-21,279,293.0,273.0,289.0,1632000.0,578.0
2008-11-25,295,300.0,291.0,296.0,1119000.0,592.0
2008-11-26,305,319.0,289.0,299.0,2245000.0,598.0
2008-11-27,303,309.0,300.0,304.0,740000.0,608.0
2008-11-28,307,309.0,300.0,304.0,588000.0,608.0
2008-12-01,300,302.0,295.0,297.0,561000.0,594.0
2008-12-02,286,289.0,281.0,282.0,1069000.0,564.0
2008-12-03,287,288.0,281.0,288.0,580000.0,576.0
2008-12-04,290,292.0,281.0,284.0,1105000.0,568.0
2008-12-05,283,289.0,281.0,283.0,925000.0,566.0
2008-12-08,285,308.0,283.0,308.0,1321000.0,616.0
2008-12-09,316,342.0,313.0,328.0,2611000.0,656.0
2008-12-10,330,355.0,329.0,353.0,2142000.0,706.0
2008-12-11,343,368.0,343.0,368.0,2003000.0,736.0
2008-12-12,338,347.0,315.0,315.0,4770000.0,630.0
2008-12-15,325,341.0,325.0,328.0,1686000.0,656.0
2008-12-16,324,338.0,321.0,331.0,618000.0,662.0
2008-12-17,336,340.0,321.0,325.0,798000.0,650.0
2008-12-18,330,339.0,327.0,332.0,827000.0,664.0
2008-12-19,331,335.0,319.0,321.0,833000.0,642.0
2008-12-22,330,336.0,326.0,331.0,747000.0,662.0
2008-12-24,326,331.0,321.0,329.0,592000.0,658.0
2008-12-25,330,330.0,325.0,330.0,176000.0,660.0
2008-12-26,331,333.0,327.0,333.0,236000.0,666.0
2008-12-29,331,335.0,321.0,325.0,665000.0,650.0
2008-12-30,327,334.0,325.0,334.0,206000.0,668.0
2009-01-05,335,335.0,322.0,323.0,765000.0,646.0
2009-01-06,324,327.0,318.0,320.0,891000.0,640.0
2009-01-07,325,332.0,322.0,323.0,1247000.0,646.0
2009-01-08,317,322.0,315.0,317.0,932000.0,634.0
2009-01-09,322,322.0,313.0,313.0,1170000.0,626.0
2009-01-13,300,303.0,296.0,298.0,1035000.0,596.0
2009-01-14,297,301.0,295.0,301.0,897000.0,602.0
2009-01-15,293,296.0,291.0,291.0,1824000.0,582.0
2009-01-16,292,297.0,291.0,293.0,1475000.0,586.0
2009-01-19,298,300.0,296.0,298.0,702000.0,596.0
2009-01-20,300,304.0,294.0,296.0,982000.0,592.0
2009-01-21,292,294.0,290.0,291.0,1233000.0,582.0
2009-01-22,291,292.0,282.0,286.0,1572000.0,572.0
2009-01-23,285,285.0,281.0,281.0,888000.0,562.0
2009-01-26,280,281.0,272.0,279.0,3039000.0,558.0
2009-01-27,276,284.0,273.0,282.0,2591000.0,564.0
2009-01-28,283,288.0,278.0,282.0,1362000.0,564.0
2009-01-29,284,285.0,280.0,282.0,1323000.0,564.0
2009-01-30,278,278.0,270.0,272.0,795000.0,544.0
2009-02-02,267,278.0,266.0,278.0,993000.0,556.0
2009-02-03,278,278.0,269.0,269.0,767000.0,538.0
2009-02-04,272,275.0,268.0,274.0,475000.0,548.0
2009-02-05,271,274.0,269.0,269.0,582000.0,538.0
2009-02-06,273,275.0,270.0,272.0,554000.0,544.0
2009-02-09,277,277.0,267.0,267.0,713000.0,534.0
2009-02-10,271,272.0,267.0,268.0,574000.0,536.0
2009-02-12,265,267.0,263.0,264.0,808000.0,528.0
2009-02-13,269,274.0,266.0,270.0,1131000.0,540.0
2009-02-16,268,275.0,267.0,273.0,868000.0,546.0
2009-02-17,273,274.0,266.0,268.0,539000.0,536.0
2009-02-18,267,270.0,265.0,265.0,837000.0,530.0
2009-02-19,267,267.0,261.0,261.0,635000.0,522.0
2009-02-20,261,263.0,255.0,256.0,770000.0,512.0
2009-02-23,250,254.0,244.0,253.0,635000.0,506.0
2009-02-24,250,254.0,239.0,242.0,839000.0,484.0
2009-02-25,254,254.0,243.0,247.0,748000.0,494.0
2009-02-26,248,253.0,245.0,246.0,500000.0,492.0
2009-02-27,247,247.0,242.0,246.0,421000.0,492.0
2009-03-02,241,246.0,239.0,239.0,836000.0,478.0
2009-03-03,237,245.0,236.0,243.0,498000.0,486.0
2009-03-04,242,247.0,238.0,245.0,977000.0,490.0
2009-03-05,247,251.0,245.0,246.0,696000.0,492.0
2009-03-06,243,249.0,239.0,245.0,1030000.0,490.0
2009-03-09,249,253.0,245.0,245.0,554000.0,490.0
2009-03-10,244,246.0,239.0,240.0,450000.0,480.0
2009-03-11,247,247.0,240.0,242.0,821000.0,484.0
2009-03-12,240,243.0,239.0,240.0,788000.0,480.0
2009-03-13,250,251.0,245.0,250.0,3116000.0,500.0
2009-03-16,249,253.0,248.0,249.0,569000.0,498.0
2009-03-17,252,260.0,251.0,259.0,898000.0,518.0
2009-03-18,262,266.0,260.0,262.0,542000.0,524.0
2009-03-19,260,262.0,255.0,259.0,632000.0,518.0
2009-03-23,255,263.0,255.0,262.0,823000.0,524.0
2009-03-24,265,267.0,257.0,263.0,1785000.0,526.0
2009-03-25,264,274.0,259.0,273.0,1464000.0,546.0
2009-03-26,272,279.0,267.0,279.0,976000.0,558.0
2009-03-27,283,288.0,280.0,280.0,1173000.0,560.0
2009-03-30,283,286.0,273.0,274.0,1051000.0,548.0
2009-03-31,269,277.0,265.0,270.0,1162000.0,540.0
2009-04-01,270,279.0,268.0,277.0,989000.0,554.0
2009-04-02,283,292.0,281.0,290.0,1565000.0,580.0
2009-04-03,295,297.0,284.0,289.0,1719000.0,578.0
2009-04-06,289,292.0,285.0,287.0,1205000.0,574.0
2009-04-07,283,291.0,283.0,287.0,886000.0,574.0
2009-04-08,287,287.0,282.0,283.0,706000.0,566.0
2009-04-09,288,305.0,287.0,303.0,1825000.0,606.0
2009-04-10,310,311.0,304.0,307.0,1800000.0,614.0
2009-04-13,308,314.0,307.0,311.0,502000.0,622.0
2009-04-14,308,310.0,301.0,306.0,975000.0,612.0
2009-04-15,304,307.0,300.0,305.0,768000.0,610.0
2009-04-16,310,310.0,302.0,302.0,883000.0,604.0
2009-04-17,304,307.0,299.0,303.0,696000.0,606.0
2009-04-20,300,302.0,297.0,299.0,416000.0,598.0
2009-04-21,294,295.0,289.0,291.0,730000.0,582.0
2009-04-22,289,296.0,281.0,286.0,922000.0,572.0
2009-04-23,288,292.0,285.0,289.0,927000.0,578.0
2009-04-24,289,292.0,285.0,290.0,845000.0,580.0
2009-04-27,286,287.0,281.0,282.0,672000.0,564.0
2009-04-28,280,286.0,276.0,276.0,886000.0,552.0
2009-04-30,278,282.0,277.0,281.0,699000.0,562.0
2009-05-01,278,289.0,278.0,287.0,705000.0,574.0
2009-05-07,300,300.0,296.0,298.0,751000.0,596.0
2009-05-08,300,304.0,294.0,299.0,1312000.0,598.0
2009-05-11,301,312.0,300.0,309.0,1354000.0,618.0
2009-05-12,310,311.0,303.0,307.0,758000.0,614.0
2009-05-13,305,310.0,302.0,306.0,747000.0,612.0
2009-05-14,301,304.0,299.0,302.0,774000.0,604.0
2009-05-15,299,305.0,298.0,302.0,647000.0,604.0
2009-05-18,290,291.0,280.0,282.0,1775000.0,564.0
2009-05-19,289,290.0,284.0,289.0,849000.0,578.0
2009-05-20,290,294.0,287.0,293.0,509000.0,586.0
2009-05-21,290,291.0,286.0,289.0,633000.0,578.0
2009-05-22,290,303.0,289.0,301.0,1070000.0,602.0
2009-05-25,306,312.0,305.0,310.0,1069000.0,620.0
2009-05-26,311,314.0,307.0,309.0,477000.0,618.0
2009-05-27,313,314.0,310.0,314.0,575000.0,628.0
2009-05-28,312,317.0,310.0,313.0,725000.0,626.0
2009-05-29,313,317.0,311.0,317.0,556000.0,634.0
2009-06-01,320,324.0,317.0,323.0,622000.0,646.0
2009-06-02,323,324.0,315.0,318.0,617000.0,636.0
2009-06-03,319,320.0,316.0,317.0,336000.0,634.0
2009-06-04,317,319.0,311.0,315.0,486000.0,630.0
2009-06-05,319,319.0,313.0,315.0,419000.0,630.0
2009-06-08,315,317.0,312.0,313.0,475000.0,626.0
2009-06-09,312,314.0,304.0,312.0,674000.0,624.0
2009-06-10,315,319.0,312.0,318.0,596000.0,636.0
2009-06-11,319,321.0,316.0,316.0,406000.0,632.0
2009-06-12,325,326.0,318.0,322.0,3539000.0,644.0
2009-06-15,328,336.0,322.0,329.0,1080000.0,658.0
2009-06-16,326,326.0,318.0,320.0,690000.0,640.0
2009-06-17,323,329.0,316.0,328.0,868000.0,656.0
2009-06-18,330,333.0,323.0,323.0,347000.0,646.0
2009-06-19,323,330.0,323.0,330.0,682000.0,660.0
2009-06-22,329,341.0,329.0,339.0,780000.0,678.0
2009-06-23,329,329.0,321.0,323.0,868000.0,646.0
2009-06-24,318,327.0,318.0,322.0,802000.0,644.0
2009-06-25,328,334.0,327.0,332.0,537000.0,664.0
2009-06-26,334,334.0,324.0,328.0,427000.0,656.0
2009-06-29,325,327.0,322.0,325.0,456000.0,650.0
2009-06-30,328,331.0,324.0,326.0,442000.0,652.0
2009-07-01,318,327.0,318.0,323.0,605000.0,646.0
2009-07-02,326,326.0,316.0,317.0,634000.0,634.0
2009-07-03,313,314.0,309.0,311.0,912000.0,622.0
2009-07-06,306,308.0,303.0,304.0,483000.0,608.0
2009-07-07,301,305.0,301.0,303.0,513000.0,606.0
2009-07-08,304,307.0,301.0,303.0,1032000.0,606.0
2009-07-09,301,302.0,296.0,299.0,702000.0,598.0
2009-07-10,303,303.0,294.0,299.0,1315000.0,598.0
2009-07-13,296,299.0,290.0,290.0,407000.0,580.0
2009-07-14,295,297.0,292.0,293.0,503000.0,586.0
2009-07-15,291,296.0,291.0,295.0,396000.0,590.0
2009-07-16,296,300.0,293.0,295.0,534000.0,590.0
2009-07-17,295,296.0,293.0,294.0,372000.0,588.0
2009-07-21,297,300.0,294.0,299.0,688000.0,598.0
2009-07-22,298,302.0,295.0,296.0,649000.0,592.0
2009-07-23,297,300.0,294.0,297.0,551000.0,594.0
2009-07-24,302,302.0,295.0,297.0,564000.0,594.0
2009-07-27,300,303.0,299.0,302.0,655000.0,604.0
2009-07-28,302,305.0,301.0,303.0,476000.0,606.0
2009-07-29,305,305.0,298.0,299.0,624000.0,598.0
2009-07-30,299,299.0,293.0,295.0,718000.0,590.0
2009-07-31,297,301.0,297.0,300.0,536000.0,600.0
2009-08-03,296,299.0,296.0,299.0,434000.0,598.0
2009-08-04,301,301.0,296.0,298.0,800000.0,596.0
2009-08-05,298,299.0,298.0,298.0,441000.0,596.0
2009-08-06,296,300.0,295.0,298.0,546000.0,596.0
2009-08-07,297,298.0,293.0,296.0,605000.0,592.0
2009-08-10,296,297.0,291.0,291.0,852000.0,582.0
2009-08-11,291,294.0,291.0,294.0,619000.0,588.0
2009-08-12,292,294.0,290.0,291.0,461000.0,582.0
2009-08-13,292,293.0,291.0,292.0,427000.0,584.0
2009-08-14,293,293.0,285.0,287.0,2501000.0,574.0
2009-08-17,286,286.0,279.0,280.0,1231000.0,560.0
2009-08-18,279,282.0,278.0,280.0,814000.0,560.0
2009-08-19,281,281.0,278.0,278.0,414000.0,556.0
2009-08-20,279,280.0,278.0,280.0,379000.0,560.0
2009-08-21,279,281.0,277.0,280.0,512000.0,560.0
2009-08-24,284,285.0,282.0,285.0,604000.0,570.0
2009-08-25,285,289.0,284.0,285.0,593000.0,570.0
2009-08-26,285,291.0,285.0,291.0,592000.0,582.0
2009-08-27,292,293.0,288.0,290.0,577000.0,580.0
2009-08-28,291,291.0,286.0,287.0,463000.0,574.0
2009-08-31,287,291.0,283.0,284.0,748000.0,568.0
2009-09-01,283,287.0,283.0,287.0,480000.0,574.0
2009-09-02,283,285.0,276.0,278.0,1068000.0,556.0
2009-09-03,277,279.0,276.0,277.0,543000.0,554.0
2009-09-04,278,279.0,275.0,276.0,1314000.0,552.0
2009-09-07,269,274.0,269.0,273.0,1938000.0,546.0
2009-09-08,298,310.0,293.0,297.0,6121000.0,594.0
2009-09-09,291,298.0,289.0,298.0,1646000.0,596.0
2009-09-10,298,304.0,294.0,302.0,1107000.0,604.0
2009-09-11,300,301.0,292.0,294.0,3519000.0,588.0
2009-09-14,292,293.0,288.0,290.0,849000.0,580.0
2009-09-15,293,294.0,291.0,292.0,578000.0,584.0
2009-09-16,292,293.0,285.0,286.0,792000.0,572.0
2009-09-17,289,290.0,284.0,286.0,755000.0,572.0
2009-09-18,281,283.0,281.0,283.0,611000.0,566.0
2009-09-24,286,291.0,285.0,290.0,929000.0,580.0
2009-09-25,291,292.0,282.0,287.0,553000.0,574.0
2009-09-28,282,283.0,277.0,278.0,774000.0,556.0
2009-09-29,277,279.0,275.0,279.0,474000.0,558.0
2009-09-30,276,278.0,273.0,275.0,448000.0,550.0
2009-10-01,274,275.0,273.0,275.0,539000.0,550.0
2009-10-02,273,282.0,272.0,276.0,1182000.0,552.0
2009-10-05,272,272.0,267.0,268.0,1019000.0,536.0
2009-10-06,273,278.0,271.0,275.0,1012000.0,550.0
2009-10-07,276,280.0,271.0,275.0,667000.0,550.0
2009-10-08,277,277.0,272.0,272.0,507000.0,544.0
2009-10-09,276,276.0,272.0,274.0,1608000.0,548.0
2009-10-13,274,278.0,274.0,278.0,522000.0,556.0
2009-10-14,279,279.0,273.0,274.0,377000.0,548.0
2009-10-15,278,282.0,276.0,281.0,534000.0,562.0
2009-10-16,282,285.0,281.0,284.0,511000.0,568.0
2009-10-19,283,285.0,280.0,285.0,652000.0,570.0
2009-10-20,285,288.0,282.0,288.0,467000.0,576.0
2009-10-21,285,286.0,282.0,286.0,563000.0,572.0
2009-10-22,286,286.0,280.0,284.0,406000.0,568.0
2009-10-23,284,287.0,282.0,287.0,638000.0,574.0
2009-10-26,288,291.0,287.0,290.0,410000.0,580.0
2009-10-27,291,295.0,287.0,290.0,583000.0,580.0
2009-10-28,291,295.0,290.0,293.0,815000.0,586.0
2009-10-29,292,293.0,286.0,286.0,618000.0,572.0
2009-10-30,290,290.0,286.0,287.0,353000.0,574.0
2009-11-02,285,285.0,278.0,280.0,889000.0,560.0
2009-11-04,280,280.0,276.0,276.0,601000.0,552.0
2009-11-05,275,277.0,273.0,276.0,597000.0,552.0
2009-11-06,277,278.0,273.0,278.0,455000.0,556.0
2009-11-09,278,278.0,273.0,273.0,236000.0,546.0
2009-11-10,274,278.0,274.0,276.0,332000.0,552.0
2009-11-11,276,280.0,275.0,275.0,183000.0,550.0
2009-11-12,274,279.0,274.0,277.0,461000.0,554.0
2009-11-13,274,278.0,274.0,275.0,815000.0,550.0
2009-11-16,275,278.0,274.0,278.0,358000.0,556.0
2009-11-17,280,280.0,274.0,276.0,347000.0,552.0
2009-11-18,277,279.0,270.0,272.0,756000.0,544.0
2009-11-19,277,277.0,267.0,270.0,503000.0,540.0
2009-11-20,267,271.0,267.0,268.0,412000.0,536.0
2009-11-24,267,267.0,260.0,264.0,367000.0,528.0
2009-11-25,259,260.0,256.0,256.0,627000.0,512.0
2009-11-26,257,264.0,256.0,263.0,453000.0,526.0
2009-11-27,255,257.0,251.0,251.0,714000.0,502.0
2009-11-30,252,256.0,251.0,254.0,757000.0,508.0
2009-12-01,251,260.0,249.0,258.0,856000.0,516.0
2009-12-02,262,264.0,258.0,260.0,442000.0,520.0
2009-12-03,262,265.0,258.0,264.0,784000.0,528.0
2009-12-04,263,266.0,260.0,260.0,343000.0,520.0
2009-12-07,261,266.0,261.0,265.0,485000.0,530.0
2009-12-08,262,264.0,261.0,263.0,524000.0,526.0
2009-12-09,260,262.0,257.0,258.0,507000.0,516.0
2009-12-10,260,260.0,253.0,253.0,493000.0,506.0
2009-12-11,254,259.0,253.0,258.0,2894000.0,516.0
2009-12-14,257,257.0,254.0,255.0,300000.0,510.0
2009-12-15,254,256.0,253.0,255.0,286000.0,510.0
2009-12-16,256,258.0,255.0,255.0,365000.0,510.0
2009-12-17,257,259.0,256.0,258.0,280000.0,516.0
2009-12-18,259,262.0,257.0,262.0,522000.0,524.0
2009-12-21,264,264.0,261.0,264.0,536000.0,528.0
2009-12-22,265,267.0,262.0,264.0,841000.0,528.0
2009-12-24,262,267.0,262.0,266.0,809000.0,532.0
2009-12-25,270,270.0,265.0,265.0,515000.0,530.0
2009-12-28,265,273.0,265.0,273.0,693000.0,546.0
2009-12-29,273,276.0,269.0,276.0,867000.0,552.0
2009-12-30,278,280.0,275.0,276.0,543000.0,552.0
2010-01-04,276,280.0,276.0,279.0,313000.0,558.0
2010-01-05,280,284.0,278.0,281.0,1016000.0,562.0
2010-01-06,284,292.0,281.0,290.0,845000.0,580.0
2010-01-07,290,295.0,290.0,292.0,943000.0,584.0
2010-01-08,288,292.0,283.0,290.0,2250000.0,580.0
2010-01-12,292,294.0,291.0,293.0,554000.0,586.0
2010-01-13,287,292.0,287.0,290.0,655000.0,580.0
2010-01-14,290,292.0,288.0,290.0,583000.0,580.0
2010-01-15,289,291.0,285.0,288.0,999000.0,576.0
2010-01-18,287,287.0,282.0,285.0,1008000.0,570.0
2010-01-19,286,287.0,285.0,287.0,292000.0,574.0
2010-01-20,287,288.0,284.0,284.0,459000.0,568.0
2010-01-21,283,288.0,282.0,288.0,1119000.0,576.0
2010-01-22,285,287.0,281.0,283.0,870000.0,566.0
2010-01-25,284,285.0,281.0,282.0,1116000.0,564.0
2010-01-26,282,284.0,281.0,281.0,4370000.0,562.0
2010-01-27,273,274.0,267.0,267.0,2502000.0,534.0
2010-01-28,264,267.0,261.0,265.0,943000.0,530.0
2010-01-29,261,264.0,260.0,261.0,692000.0,522.0
2010-02-01,256,259.0,254.0,258.0,896000.0,516.0
2010-02-02,260,260.0,253.0,255.0,740000.0,510.0
2010-02-03,254,256.0,252.0,254.0,1104000.0,508.0
2010-02-04,257,257.0,252.0,256.0,759000.0,512.0
2010-02-05,251,252.0,250.0,251.0,798000.0,502.0
2010-02-08,252,253.0,248.0,248.0,689000.0,496.0
2010-02-09,246,248.0,245.0,246.0,418000.0,492.0
2010-02-10,246,247.0,245.0,245.0,674000.0,490.0
2010-02-12,248,248.0,244.0,246.0,780000.0,492.0
2010-02-15,247,247.0,242.0,243.0,437000.0,486.0
2010-02-16,242,245.0,242.0,244.0,508000.0,488.0
2010-02-17,248,249.0,246.0,248.0,608000.0,496.0
2010-02-18,249,251.0,248.0,250.0,377000.0,500.0
2010-02-19,251,251.0,246.0,246.0,326000.0,492.0
2010-02-22,250,254.0,249.0,251.0,456000.0,502.0
2010-02-23,249,252.0,249.0,249.0,218000.0,498.0
2010-02-24,246,248.0,245.0,246.0,393000.0,492.0
2010-02-25,248,249.0,244.0,244.0,477000.0,488.0
2010-02-26,246,250.0,246.0,247.0,413000.0,494.0
2010-03-01,247,250.0,246.0,249.0,214000.0,498.0
2010-03-02,247,250.0,245.0,246.0,348000.0,492.0
2010-03-03,245,249.0,245.0,249.0,241000.0,498.0
2010-03-04,250,250.0,245.0,245.0,297000.0,490.0
2010-03-05,247,254.0,247.0,253.0,756000.0,506.0
2010-03-08,258,259.0,254.0,259.0,582000.0,518.0
2010-03-09,257,257.0,254.0,254.0,252000.0,508.0
2010-03-10,254,258.0,254.0,257.0,270000.0,514.0
2010-03-11,257,259.0,256.0,257.0,310000.0,514.0
2010-03-12,263,263.0,260.0,262.0,3906000.0,524.0
2010-03-15,263,263.0,261.0,262.0,268000.0,524.0
2010-03-16,262,263.0,261.0,262.0,276000.0,524.0
2010-03-17,264,267.0,263.0,265.0,446000.0,530.0
2010-03-18,265,265.0,263.0,263.0,406000.0,526.0
2010-03-19,263,264.0,262.0,263.0,302000.0,526.0
2010-03-23,264,264.0,260.0,261.0,534000.0,522.0
2010-03-24,262,265.0,260.0,261.0,533000.0,522.0
2010-03-25,262,262.0,259.0,259.0,459000.0,518.0
2010-03-26,259,261.0,257.0,257.0,593000.0,514.0
2010-03-29,258,261.0,256.0,261.0,354000.0,522.0
2010-03-30,259,265.0,259.0,264.0,597000.0,528.0
2010-03-31,264,267.0,262.0,266.0,553000.0,532.0
2010-04-01,264,272.0,263.0,269.0,1634000.0,538.0
2010-04-02,270,276.0,270.0,272.0,830000.0,544.0
2010-04-05,273,277.0,273.0,277.0,711000.0,554.0
2010-04-06,278,284.0,278.0,282.0,817000.0,564.0
2010-04-07,281,284.0,279.0,282.0,632000.0,564.0
2010-04-08,280,284.0,280.0,282.0,609000.0,564.0
2010-04-09,280,286.0,280.0,283.0,2012000.0,566.0
2010-04-12,285,285.0,283.0,284.0,440000.0,568.0
2010-04-13,282,283.0,281.0,283.0,375000.0,566.0
2010-04-14,282,283.0,281.0,283.0,498000.0,566.0
2010-04-15,284,285.0,282.0,284.0,305000.0,568.0
2010-04-16,282,283.0,280.0,281.0,607000.0,562.0
2010-04-19,280,280.0,276.0,276.0,425000.0,552.0
2010-04-20,276,277.0,274.0,277.0,368000.0,554.0
2010-04-21,279,281.0,277.0,281.0,515000.0,562.0
2010-04-22,277,279.0,276.0,277.0,517000.0,554.0
2010-04-23,275,278.0,275.0,276.0,330000.0,552.0
2010-04-26,278,281.0,278.0,281.0,337000.0,562.0
2010-04-27,278,279.0,277.0,278.0,322000.0,556.0
2010-04-28,270,270.0,265.0,266.0,1139000.0,532.0
2010-04-30,270,272.0,269.0,270.0,465000.0,540.0
2010-05-06,262,263.0,259.0,259.0,866000.0,518.0
2010-05-07,252,253.0,250.0,252.0,1023000.0,504.0
2010-05-10,253,256.0,252.0,256.0,513000.0,512.0
2010-05-11,260,260.0,256.0,256.0,513000.0,512.0
2010-05-12,258,259.0,253.0,253.0,360000.0,506.0
2010-05-13,256,259.0,256.0,258.0,257000.0,516.0
2010-05-14,253,257.0,253.0,254.0,943000.0,508.0
2010-05-17,252,252.0,248.0,251.0,750000.0,502.0
2010-05-18,253,253.0,250.0,251.0,389000.0,502.0
2010-05-19,248,250.0,246.0,248.0,613000.0,496.0
2010-05-20,247,248.0,246.0,246.0,416000.0,492.0
2010-05-21,241,243.0,240.0,242.0,982000.0,484.0
2010-05-24,240,242.0,238.0,238.0,770000.0,476.0
2010-05-25,236,237.0,231.0,231.0,808000.0,462.0
2010-05-26,235,235.0,231.0,231.0,674000.0,462.0
2010-05-27,232,232.0,229.0,232.0,486000.0,464.0
2010-05-28,235,236.0,231.0,232.0,851000.0,464.0
2010-05-31,230,235.0,230.0,233.0,570000.0,466.0
2010-06-01,234,234.0,232.0,232.0,338000.0,464.0
2010-06-02,231,235.0,230.0,231.0,462000.0,462.0
2010-06-03,233,236.0,233.0,235.0,661000.0,470.0
2010-06-04,231,232.0,230.0,231.0,722000.0,462.0
2010-06-07,229,230.0,228.0,228.0,602000.0,456.0
2010-06-08,228,230.0,227.0,228.0,467000.0,456.0
2010-06-09,228,229.0,227.0,229.0,688000.0,458.0
2010-06-10,232,232.0,229.0,231.0,303000.0,462.0
2010-06-11,235,236.0,232.0,235.0,3582000.0,470.0
2010-06-14,242,249.0,240.0,245.0,680000.0,490.0
2010-06-15,240,242.0,240.0,241.0,347000.0,482.0
2010-06-16,249,249.0,245.0,246.0,369000.0,492.0
2010-06-17,245,248.0,244.0,244.0,257000.0,488.0
2010-06-18,242,245.0,241.0,243.0,348000.0,486.0
2010-06-21,247,248.0,246.0,248.0,278000.0,496.0
2010-06-22,246,248.0,245.0,248.0,506000.0,496.0
2010-06-23,245,245.0,242.0,243.0,267000.0,486.0
2010-06-24,243,245.0,242.0,243.0,231000.0,486.0
2010-06-25,241,241.0,236.0,236.0,306000.0,472.0
2010-06-28,236,237.0,232.0,233.0,348000.0,466.0
2010-06-29,232,235.0,232.0,234.0,224000.0,468.0
2010-06-30,231,233.0,230.0,231.0,500000.0,462.0
2010-07-01,229,230.0,226.0,226.0,604000.0,452.0
2010-07-02,226,227.0,223.0,224.0,554000.0,448.0
2010-07-05,226,227.0,225.0,225.0,270000.0,450.0
2010-07-06,223,226.0,222.0,225.0,331000.0,450.0
2010-07-07,225,226.0,222.0,223.0,284000.0,446.0
2010-07-08,227,227.0,226.0,227.0,288000.0,454.0
2010-07-09,235,235.0,229.0,233.0,948000.0,466.0
2010-07-12,233,236.0,233.0,235.0,242000.0,470.0
2010-07-13,235,236.0,232.0,232.0,234000.0,464.0
2010-07-14,235,239.0,235.0,238.0,324000.0,476.0
2010-07-15,237,237.0,234.0,236.0,287000.0,472.0
2010-07-16,236,236.0,230.0,231.0,456000.0,462.0
2010-07-20,228,229.0,227.0,228.0,149000.0,456.0
2010-07-21,232,233.0,226.0,226.0,216000.0,452.0
2010-07-22,224,225.0,223.0,225.0,362000.0,450.0
2010-07-23,233,233.0,227.0,228.0,339000.0,456.0
2010-07-26,231,231.0,228.0,229.0,157000.0,458.0
2010-07-27,230,230.0,228.0,230.0,130000.0,460.0
2010-07-28,232,235.0,229.0,235.0,436000.0,470.0
2010-07-29,232,234.0,232.0,232.0,202000.0,464.0
2010-07-30,231,232.0,228.0,229.0,382000.0,458.0
2010-08-02,229,231.0,229.0,231.0,180000.0,462.0
2010-08-03,231,234.0,230.0,232.0,385000.0,464.0
2010-08-04,230,233.0,230.0,231.0,218000.0,462.0
2010-08-05,234,235.0,233.0,235.0,364000.0,470.0
2010-08-06,231,235.0,231.0,234.0,163000.0,468.0
2010-08-09,230,233.0,230.0,231.0,269000.0,462.0
2010-08-10,231,231.0,230.0,230.0,162000.0,460.0
2010-08-11,228,228.0,224.0,224.0,291000.0,448.0
2010-08-12,221,224.0,220.0,221.0,572000.0,442.0
2010-08-13,219,222.0,218.0,218.0,1178000.0,436.0
2010-08-16,217,218.0,213.0,215.0,483000.0,430.0
2010-08-17,213,215.0,212.0,213.0,403000.0,426.0
2010-08-18,215,215.0,214.0,215.0,242000.0,430.0
2010-08-19,216,217.0,215.0,216.0,247000.0,432.0
2010-08-20,215,215.0,213.0,213.0,307000.0,426.0
2010-08-23,214,214.0,212.0,212.0,352000.0,424.0
2010-08-24,213,214.0,212.0,212.0,426000.0,424.0
2010-08-25,212,212.0,208.0,209.0,888000.0,418.0
2010-08-26,209,209.0,208.0,208.0,279000.0,416.0
2010-08-27,209,212.0,206.0,212.0,346000.0,424.0
2010-08-30,217,217.0,214.0,216.0,560000.0,432.0
2010-08-31,211,212.0,209.0,209.0,373000.0,418.0
2010-09-01,210,210.0,208.0,210.0,273000.0,420.0
2010-09-02,212,213.0,211.0,212.0,383000.0,424.0
2010-09-03,214,215.0,212.0,212.0,309000.0,424.0
2010-09-06,212,213.0,211.0,212.0,321000.0,424.0
2010-09-07,220,222.0,215.0,215.0,836000.0,430.0
2010-09-08,211,212.0,209.0,209.0,441000.0,418.0
2010-09-09,210,211.0,209.0,209.0,316000.0,418.0
2010-09-10,208,212.0,207.0,211.0,2091000.0,422.0
2010-09-13,214,222.0,214.0,220.0,669000.0,440.0
2010-09-14,218,220.0,217.0,218.0,364000.0,436.0
2010-09-15,216,227.0,216.0,224.0,819000.0,448.0
2010-09-16,226,231.0,223.0,223.0,894000.0,446.0
2010-09-17,224,229.0,224.0,229.0,530000.0,458.0
2010-09-21,229,230.0,226.0,226.0,585000.0,452.0
2010-09-22,224,225.0,221.0,222.0,551000.0,444.0
2010-09-24,220,223.0,220.0,221.0,582000.0,442.0
2010-09-27,224,225.0,222.0,224.0,327000.0,448.0
2010-09-28,225,225.0,218.0,219.0,470000.0,438.0
2010-09-29,217,222.0,217.0,220.0,788000.0,440.0
2010-09-30,219,221.0,213.0,213.0,492000.0,426.0
2010-10-01,215,218.0,212.0,213.0,640000.0,426.0
2010-10-04,212,217.0,212.0,214.0,510000.0,428.0
2010-10-05,212,213.0,211.0,213.0,675000.0,426.0
2010-10-06,214,219.0,214.0,219.0,521000.0,438.0
2010-10-07,219,219.0,216.0,216.0,345000.0,432.0
2010-10-08,217,218.0,215.0,216.0,994000.0,432.0
2010-10-12,216,216.0,212.0,212.0,364000.0,424.0
2010-10-13,213,213.0,211.0,212.0,217000.0,424.0
2010-10-14,215,215.0,211.0,214.0,359000.0,428.0
2010-10-15,213,213.0,210.0,211.0,264000.0,422.0
2010-10-18,211,212.0,210.0,210.0,157000.0,420.0
2010-10-19,210,213.0,208.0,212.0,325000.0,424.0
2010-10-20,210,210.0,208.0,208.0,479000.0,416.0
2010-10-21,214,214.0,207.0,207.0,552000.0,414.0
2010-10-22,210,210.0,207.0,208.0,361000.0,416.0
2010-10-25,212,212.0,207.0,207.0,365000.0,414.0
2010-10-26,208,212.0,208.0,208.0,471000.0,416.0
2010-10-27,208,209.0,207.0,207.0,286000.0,414.0
2010-10-28,208,208.0,205.0,207.0,392000.0,414.0
2010-10-29,206,206.0,201.0,201.0,736000.0,402.0
2010-11-01,200,201.0,199.0,199.0,277000.0,398.0
2010-11-02,201,201.0,195.0,195.0,671000.0,390.0
2010-11-04,197,198.0,196.0,197.0,540000.0,394.0
2010-11-05,200,204.0,199.0,203.0,632000.0,406.0
2010-11-08,203,205.0,200.0,205.0,537000.0,410.0
2010-11-09,203,204.0,202.0,202.0,466000.0,404.0
2010-11-10,205,206.0,204.0,205.0,398000.0,410.0
2010-11-11,205,208.0,204.0,204.0,260000.0,408.0
2010-11-12,204,208.0,204.0,207.0,526000.0,414.0
2010-11-15,209,211.0,208.0,211.0,337000.0,422.0
2010-11-16,214,214.0,209.0,209.0,304000.0,418.0
2010-11-17,207,214.0,207.0,212.0,397000.0,424.0
2010-11-18,213,215.0,212.0,215.0,434000.0,430.0
2010-11-19,217,218.0,216.0,216.0,447000.0,432.0
2010-11-22,220,220.0,218.0,218.0,409000.0,436.0
2010-11-24,213,215.0,212.0,213.0,494000.0,426.0
2010-11-25,217,218.0,214.0,215.0,341000.0,430.0
2010-11-26,215,217.0,215.0,216.0,248000.0,432.0
2010-11-29,215,219.0,215.0,219.0,290000.0,438.0
2010-11-30,218,219.0,215.0,215.0,394000.0,430.0
2010-12-01,215,219.0,214.0,218.0,413000.0,436.0
2010-12-02,220,224.0,219.0,224.0,515000.0,448.0
2010-12-03,225,226.0,221.0,223.0,353000.0,446.0
2010-12-06,223,225.0,221.0,221.0,399000.0,442.0
2010-12-07,220,222.0,219.0,219.0,413000.0,438.0
2010-12-08,222,224.0,221.0,222.0,576000.0,444.0
2010-12-09,224,225.0,222.0,224.0,480000.0,448.0
2010-12-10,225,225.0,215.0,216.0,4409000.0,432.0
2010-12-13,217,217.0,216.0,217.0,414000.0,434.0
2010-12-14,216,217.0,216.0,216.0,525000.0,432.0
2010-12-15,215,215.0,212.0,213.0,1234000.0,426.0
2010-12-16,213,214.0,212.0,212.0,587000.0,424.0
2010-12-17,213,216.0,212.0,216.0,1155000.0,432.0
2010-12-20,218,219.0,214.0,215.0,777000.0,430.0
2010-12-21,216,218.0,216.0,218.0,565000.0,436.0
2010-12-22,216,220.0,216.0,217.0,972000.0,434.0
2010-12-24,218,219.0,215.0,215.0,604000.0,430.0
2010-12-27,217,219.0,215.0,218.0,499000.0,436.0
2010-12-28,219,220.0,219.0,219.0,494000.0,438.0
2010-12-29,219,221.0,218.0,220.0,769000.0,440.0
2010-12-30,220,221.0,219.0,221.0,589000.0,442.0
2011-01-04,222,227.0,222.0,226.0,943000.0,452.0
2011-01-05,225,230.0,225.0,229.0,1136000.0,458.0
2011-01-06,231,233.0,230.0,232.0,1216000.0,464.0
2011-01-07,233,238.0,233.0,236.0,762000.0,472.0
2011-01-11,238,238.0,235.0,235.0,1372000.0,470.0
2011-01-12,234,237.0,232.0,234.0,1031000.0,468.0
2011-01-13,235,236.0,234.0,236.0,743000.0,472.0
2011-01-14,233,236.0,233.0,234.0,1495000.0,468.0
2011-01-17,236,237.0,235.0,236.0,639000.0,472.0
2011-01-18,236,237.0,235.0,237.0,1006000.0,474.0
2011-01-19,237,238.0,236.0,238.0,919000.0,476.0
2011-01-20,237,238.0,236.0,238.0,602000.0,476.0
2011-01-21,238,240.0,235.0,235.0,1774000.0,470.0
2011-01-24,211,222.0,211.0,214.0,5216000.0,428.0
2011-01-25,217,217.0,214.0,216.0,2771000.0,432.0
2011-01-26,214,215.0,212.0,212.0,10682000.0,424.0
2011-01-27,213,213.0,208.0,209.0,5293000.0,418.0
2011-01-28,209,210.0,204.0,204.0,1685000.0,408.0
2011-01-31,192,200.0,191.0,198.0,4244000.0,396.0
2011-02-01,201,204.0,199.0,203.0,2889000.0,406.0
2011-02-02,203,208.0,202.0,207.0,1913000.0,414.0
2011-02-03,207,208.0,205.0,205.0,1182000.0,410.0
2011-02-04,207,210.0,206.0,207.0,846000.0,414.0
2011-02-07,210,210.0,208.0,208.0,707000.0,416.0
2011-02-08,206,207.0,205.0,206.0,674000.0,412.0
2011-02-09,208,208.0,206.0,207.0,535000.0,414.0
2011-02-10,206,209.0,206.0,207.0,794000.0,414.0
2011-02-14,207,209.0,207.0,208.0,265000.0,416.0
2011-02-15,208,209.0,208.0,208.0,487000.0,416.0
2011-02-16,207,208.0,204.0,205.0,957000.0,410.0
2011-02-17,206,206.0,200.0,202.0,1563000.0,404.0
2011-02-18,203,207.0,201.0,206.0,1418000.0,412.0
2011-02-21,204,207.0,204.0,206.0,594000.0,412.0
2011-02-22,206,207.0,204.0,204.0,673000.0,408.0
2011-02-23,205,207.0,203.0,205.0,615000.0,410.0
2011-02-24,204,206.0,204.0,205.0,508000.0,410.0
2011-02-25,207,207.0,205.0,205.0,526000.0,410.0
2011-02-28,205,206.0,205.0,205.0,454000.0,410.0
2011-03-01,205,208.0,205.0,207.0,1031000.0,414.0
2011-03-02,205,206.0,204.0,204.0,445000.0,408.0
2011-03-03,204,205.0,202.0,202.0,555000.0,404.0
2011-03-04,204,206.0,203.0,204.0,618000.0,408.0
2011-03-07,203,204.0,201.0,201.0,601000.0,402.0
2011-03-08,202,204.0,202.0,203.0,227000.0,406.0
2011-03-09,204,205.0,204.0,204.0,200000.0,408.0
2011-03-10,204,205.0,202.0,202.0,342000.0,404.0
2011-03-11,200,206.0,200.0,202.0,3741000.0,404.0
2011-03-14,189,192.0,175.0,184.0,1660000.0,368.0
2011-03-15,175,178.0,134.0,134.0,2870000.0,268.0
2011-03-16,139,146.0,128.0,131.0,4016000.0,262.0
2011-03-17,132,143.0,127.0,143.0,4007000.0,286.0
2011-03-18,153,157.0,148.0,154.0,2713000.0,308.0
2011-03-22,159,163.0,152.0,155.0,3377000.0,310.0
2011-03-23,153,155.0,151.0,152.0,2373000.0,304.0
2011-03-24,151,160.0,151.0,156.0,1959000.0,312.0
2011-03-25,160,160.0,156.0,157.0,1308000.0,314.0
2011-03-28,156,156.0,148.0,149.0,2112000.0,298.0
2011-03-29,149,155.0,149.0,153.0,2281000.0,306.0
2011-03-30,154,156.0,153.0,155.0,1208000.0,310.0
2011-03-31,155,167.0,155.0,166.0,2454000.0,332.0
2011-04-01,165,175.0,162.0,165.0,2807000.0,330.0
2011-04-04,166,166.0,161.0,161.0,718000.0,322.0
2011-04-05,161,162.0,156.0,157.0,790000.0,314.0
2011-04-06,157,160.0,154.0,157.0,1321000.0,314.0
2011-04-07,162,163.0,160.0,162.0,1832000.0,324.0
2011-04-08,161,167.0,158.0,163.0,2858000.0,326.0
2011-04-11,164,168.0,164.0,166.0,1105000.0,332.0
2011-04-12,163,172.0,162.0,168.0,2929000.0,336.0
2011-04-13,168,176.0,168.0,175.0,2883000.0,350.0
2011-04-14,174,175.0,170.0,172.0,1150000.0,344.0
2011-04-15,174,184.0,172.0,181.0,3155000.0,362.0
2011-04-18,180,185.0,178.0,179.0,957000.0,358.0
2011-04-19,176,178.0,172.0,178.0,995000.0,356.0
2011-04-20,180,181.0,178.0,181.0,771000.0,362.0
2011-04-21,183,184.0,179.0,180.0,924000.0,360.0
2011-04-22,181,181.0,174.0,175.0,1235000.0,350.0
2011-04-25,175,177.0,173.0,175.0,822000.0,350.0
2011-04-26,175,176.0,173.0,173.0,383000.0,346.0
2011-04-27,174,175.0,173.0,175.0,361000.0,350.0
2011-04-28,175,175.0,173.0,175.0,531000.0,350.0
2011-05-02,174,175.0,172.0,172.0,1151000.0,344.0
2011-05-06,171,173.0,170.0,173.0,397000.0,346.0
2011-05-09,171,173.0,171.0,172.0,369000.0,344.0
2011-05-10,171,174.0,171.0,174.0,388000.0,348.0
2011-05-11,174,175.0,173.0,174.0,351000.0,348.0
2011-05-12,172,173.0,170.0,170.0,366000.0,340.0
2011-05-13,171,171.0,166.0,166.0,1068000.0,332.0
2011-05-16,164,165.0,162.0,164.0,1088000.0,328.0
2011-05-17,165,168.0,165.0,165.0,506000.0,330.0
2011-05-18,166,170.0,165.0,168.0,580000.0,336.0
2011-05-19,169,169.0,166.0,166.0,260000.0,332.0
2011-05-20,166,173.0,166.0,171.0,584000.0,342.0
2011-05-23,171,171.0,166.0,166.0,547000.0,332.0
2011-05-24,166,167.0,165.0,167.0,286000.0,334.0
2011-05-25,165,167.0,163.0,164.0,420000.0,328.0
2011-05-26,164,164.0,156.0,158.0,1801000.0,316.0
2011-05-27,158,159.0,157.0,157.0,470000.0,314.0
2011-05-30,157,158.0,152.0,154.0,1107000.0,308.0
2011-05-31,153,158.0,153.0,157.0,553000.0,314.0
2011-06-01,158,166.0,158.0,165.0,1770000.0,330.0
2011-06-02,163,164.0,160.0,162.0,1037000.0,324.0
2011-06-03,164,165.0,162.0,162.0,745000.0,324.0
2011-06-06,161,162.0,158.0,158.0,601000.0,316.0
2011-06-07,157,157.0,153.0,156.0,1087000.0,312.0
2011-06-08,154,155.0,152.0,154.0,609000.0,308.0
2011-06-09,154,158.0,153.0,156.0,831000.0,312.0
2011-06-10,157,161.0,156.0,158.0,3241000.0,316.0
2011-06-13,157,158.0,152.0,153.0,974000.0,306.0
2011-06-14,152,156.0,152.0,155.0,953000.0,310.0
2011-06-15,155,156.0,153.0,153.0,423000.0,306.0
2011-06-16,153,155.0,153.0,153.0,478000.0,306.0
2011-06-17,154,155.0,151.0,151.0,574000.0,302.0
2011-06-20,152,153.0,152.0,152.0,284000.0,304.0
2011-06-21,156,156.0,153.0,153.0,608000.0,306.0
2011-06-22,153,158.0,153.0,158.0,847000.0,316.0
2011-06-23,154,157.0,154.0,156.0,491000.0,312.0
2011-06-24,158,161.0,157.0,160.0,509000.0,320.0
2011-06-27,160,160.0,159.0,159.0,252000.0,318.0
2011-06-28,161,161.0,155.0,156.0,699000.0,312.0
2011-06-29,159,159.0,156.0,157.0,558000.0,314.0
2011-06-30,157,159.0,156.0,158.0,431000.0,316.0
2011-07-01,156,158.0,154.0,155.0,1110000.0,310.0
2011-07-04,156,163.0,156.0,160.0,2339000.0,320.0
2011-07-05,162,163.0,159.0,160.0,1372000.0,320.0
2011-07-06,161,163.0,159.0,162.0,1203000.0,324.0
2011-07-07,159,162.0,159.0,161.0,932000.0,322.0
2011-07-08,164,165.0,162.0,164.0,1012000.0,328.0
2011-07-11,163,164.0,162.0,163.0,386000.0,326.0
2011-07-12,161,162.0,160.0,161.0,468000.0,322.0
2011-07-13,160,162.0,160.0,161.0,312000.0,322.0
2011-07-14,161,162.0,160.0,160.0,237000.0,320.0
2011-07-15,160,161.0,158.0,159.0,322000.0,318.0
2011-07-19,160,160.0,156.0,156.0,391000.0,312.0
2011-07-20,159,159.0,157.0,159.0,209000.0,318.0
2011-07-21,158,163.0,158.0,162.0,1185000.0,324.0
2011-07-22,163,169.0,161.0,166.0,1830000.0,332.0
2011-07-25,166,166.0,160.0,162.0,805000.0,324.0
2011-07-26,162,162.0,161.0,162.0,206000.0,324.0
2011-07-27,160,161.0,158.0,159.0,883000.0,318.0
2011-07-28,158,158.0,155.0,155.0,751000.0,310.0
2011-07-29,156,156.0,154.0,155.0,708000.0,310.0
2011-08-01,156,159.0,155.0,158.0,759000.0,316.0
2011-08-02,157,158.0,156.0,156.0,354000.0,312.0
2011-08-03,156,156.0,153.0,154.0,388000.0,308.0
2011-08-04,155,157.0,154.0,155.0,577000.0,310.0
2011-08-05,152,153.0,150.0,151.0,825000.0,302.0
2011-08-08,150,151.0,149.0,149.0,558000.0,298.0
2011-08-09,145,147.0,144.0,146.0,1073000.0,292.0
2011-08-10,150,150.0,148.0,150.0,408000.0,300.0
2011-08-11,147,149.0,146.0,148.0,446000.0,296.0
2011-08-12,149,149.0,145.0,146.0,906000.0,292.0
2011-08-15,149,149.0,144.0,145.0,1114000.0,290.0
2011-08-16,146,147.0,146.0,147.0,583000.0,294.0
2011-08-17,145,147.0,145.0,147.0,305000.0,294.0
2011-08-18,146,147.0,144.0,144.0,599000.0,288.0
2011-08-19,142,146.0,142.0,145.0,423000.0,290.0
2011-08-22,144,149.0,143.0,145.0,527000.0,290.0
2011-08-23,148,149.0,146.0,149.0,588000.0,298.0
2011-08-24,150,152.0,149.0,150.0,341000.0,300.0
2011-08-25,152,152.0,148.0,149.0,426000.0,298.0
2011-08-26,149,150.0,147.0,149.0,296000.0,298.0
2011-08-29,149,151.0,149.0,150.0,178000.0,300.0
2011-08-30,153,160.0,151.0,157.0,1014000.0,314.0
2011-08-31,157,159.0,155.0,157.0,354000.0,314.0
2011-09-01,157,158.0,156.0,157.0,248000.0,314.0
2011-09-02,155,155.0,153.0,153.0,209000.0,306.0
2011-09-05,156,158.0,153.0,156.0,894000.0,312.0
2011-09-06,155,162.0,154.0,158.0,1108000.0,316.0
2011-09-07,159,159.0,156.0,159.0,821000.0,318.0
2011-09-08,159,162.0,157.0,159.0,524000.0,318.0
2011-09-09,158,163.0,156.0,162.0,3014000.0,324.0
2011-09-12,159,159.0,154.0,155.0,548000.0,310.0
2011-09-13,156,156.0,153.0,154.0,448000.0,308.0
2011-09-14,154,156.0,153.0,153.0,588000.0,306.0
2011-09-15,155,159.0,153.0,159.0,622000.0,318.0
2011-09-16,157,162.0,157.0,162.0,523000.0,324.0
2011-09-20,157,161.0,157.0,159.0,425000.0,318.0
2011-09-21,164,167.0,162.0,166.0,1119000.0,332.0
2011-09-22,165,170.0,164.0,168.0,1281000.0,336.0
2011-09-26,170,171.0,167.0,167.0,960000.0,334.0
2011-09-27,172,173.0,169.0,172.0,666000.0,344.0
2011-09-28,170,175.0,168.0,175.0,652000.0,350.0
2011-09-29,173,179.0,173.0,179.0,736000.0,358.0
2011-09-30,179,179.0,177.0,178.0,437000.0,356.0
2011-10-03,176,180.0,176.0,180.0,498000.0,360.0
2011-10-04,178,183.0,177.0,182.0,1121000.0,364.0
2011-10-05,183,184.0,175.0,181.0,1038000.0,362.0
2011-10-06,182,184.0,179.0,181.0,801000.0,362.0
2011-10-07,180,182.0,179.0,181.0,568000.0,362.0
2011-10-11,182,185.0,182.0,184.0,719000.0,368.0
2011-10-12,184,184.0,178.0,181.0,569000.0,362.0
2011-10-13,182,182.0,178.0,180.0,369000.0,360.0
2011-10-14,180,180.0,177.0,178.0,968000.0,356.0
2011-10-17,180,182.0,179.0,182.0,398000.0,364.0
2011-10-18,180,182.0,178.0,179.0,539000.0,358.0
2011-10-19,181,182.0,179.0,180.0,398000.0,360.0
2011-10-20,179,180.0,178.0,180.0,338000.0,360.0
2011-10-21,180,180.0,178.0,178.0,190000.0,356.0
2011-10-24,180,180.0,178.0,180.0,473000.0,360.0
2011-10-25,180,181.0,176.0,176.0,564000.0,352.0
2011-10-26,174,174.0,170.0,172.0,595000.0,344.0
2011-10-27,172,174.0,172.0,173.0,358000.0,346.0
2011-10-28,177,177.0,176.0,177.0,522000.0,354.0
2011-10-31,175,180.0,175.0,180.0,464000.0,360.0
2011-11-01,181,181.0,175.0,175.0,423000.0,350.0
2011-11-02,173,175.0,171.0,174.0,543000.0,348.0
2011-11-04,173,175.0,172.0,175.0,326000.0,350.0
2011-11-07,177,177.0,175.0,175.0,209000.0,350.0
2011-11-08,177,178.0,175.0,175.0,454000.0,350.0
2011-11-09,176,176.0,174.0,175.0,233000.0,350.0
2011-11-10,172,173.0,168.0,172.0,771000.0,344.0
2011-11-11,173,173.0,151.0,165.0,12834000.0,330.0
2011-11-14,170,171.0,166.0,169.0,871000.0,338.0
2011-11-15,170,172.0,168.0,171.0,677000.0,342.0
2011-11-16,171,172.0,168.0,168.0,420000.0,336.0
2011-11-17,168,170.0,167.0,169.0,331000.0,338.0
2011-11-18,169,170.0,167.0,168.0,388000.0,336.0
2011-11-21,169,169.0,167.0,169.0,252000.0,338.0
2011-11-22,169,172.0,169.0,171.0,495000.0,342.0
2011-11-24,169,171.0,169.0,170.0,329000.0,340.0
2011-11-25,172,172.0,167.0,168.0,576000.0,336.0
2011-11-28,170,170.0,167.0,168.0,197000.0,336.0
2011-11-29,170,174.0,169.0,174.0,486000.0,348.0
2011-11-30,172,174.0,171.0,171.0,325000.0,342.0
2011-12-01,175,177.0,175.0,176.0,587000.0,352.0
2011-12-02,176,176.0,175.0,176.0,374000.0,352.0
2011-12-05,175,177.0,174.0,177.0,510000.0,354.0
2011-12-06,175,176.0,172.0,172.0,603000.0,344.0
2011-12-07,175,180.0,174.0,179.0,719000.0,358.0
2011-12-08,177,178.0,176.0,177.0,331000.0,354.0
2011-12-09,172,177.0,172.0,175.0,3615000.0,350.0
2011-12-12,176,181.0,174.0,179.0,679000.0,358.0
2011-12-13,187,188.0,180.0,182.0,1832000.0,364.0
2011-12-14,181,182.0,180.0,180.0,769000.0,360.0
2011-12-15,179,180.0,178.0,179.0,485000.0,358.0
2011-12-16,181,183.0,180.0,180.0,583000.0,360.0
2011-12-19,180,181.0,179.0,180.0,366000.0,360.0
2011-12-20,181,186.0,180.0,186.0,738000.0,372.0
2011-12-21,188,189.0,187.0,189.0,847000.0,378.0
2011-12-22,190,190.0,185.0,185.0,1169000.0,370.0
2011-12-26,188,188.0,186.0,188.0,282000.0,376.0
2011-12-27,187,189.0,185.0,187.0,582000.0,374.0
2011-12-28,186,188.0,186.0,188.0,746000.0,376.0
2011-12-29,188,189.0,186.0,189.0,420000.0,378.0
2011-12-30,189,192.0,189.0,189.0,847000.0,378.0
2012-01-04,193,193.0,189.0,192.0,1738000.0,384.0
2012-01-05,191,191.0,189.0,190.0,2193000.0,380.0
2012-01-06,189,190.0,187.0,187.0,2281000.0,374.0
2012-01-10,190,192.0,188.0,191.0,2461000.0,382.0
2012-01-11,192,193.0,191.0,191.0,1269000.0,382.0
2012-01-12,193,194.0,192.0,192.0,891000.0,384.0
2012-01-13,194,196.0,193.0,196.0,1852000.0,392.0
2012-01-16,194,194.0,192.0,193.0,754000.0,386.0
2012-01-17,194,200.0,193.0,200.0,1074000.0,400.0
2012-01-18,202,204.0,200.0,202.0,1365000.0,404.0
2012-01-19,201,202.0,197.0,198.0,1117000.0,396.0
2012-01-20,201,204.0,200.0,203.0,2183000.0,406.0
2012-01-23,207,213.0,206.0,211.0,2977000.0,422.0
2012-01-24,212,213.0,206.0,206.0,1500000.0,412.0
2012-01-25,206,207.0,202.0,205.0,1659000.0,410.0
2012-01-26,206,207.0,199.0,200.0,11797000.0,400.0
2012-01-27,201,217.0,200.0,211.0,10303000.0,422.0
2012-01-30,206,208.0,205.0,206.0,1577000.0,412.0
2012-01-31,208,209.0,207.0,208.0,1259000.0,416.0
2012-02-01,209,211.0,208.0,209.0,1325000.0,418.0
2012-02-02,210,210.0,208.0,210.0,786000.0,420.0
2012-02-03,210,210.0,208.0,209.0,560000.0,418.0
2012-02-06,209,210.0,208.0,210.0,492000.0,420.0
2012-02-07,209,211.0,209.0,211.0,751000.0,422.0
2012-02-08,211,216.0,211.0,215.0,1677000.0,430.0
2012-02-09,216,217.0,214.0,215.0,1365000.0,430.0
2012-02-10,216,216.0,214.0,214.0,638000.0,428.0
2012-02-13,213,213.0,211.0,213.0,632000.0,426.0
2012-02-14,212,214.0,210.0,212.0,1118000.0,424.0
2012-02-15,213,215.0,212.0,215.0,1151000.0,430.0
2012-02-16,213,216.0,213.0,213.0,841000.0,426.0
2012-02-17,215,218.0,214.0,216.0,926000.0,432.0
2012-02-20,217,217.0,209.0,210.0,2275000.0,420.0
2012-02-21,210,211.0,206.0,208.0,823000.0,416.0
2012-02-22,206,212.0,205.0,212.0,863000.0,424.0
2012-02-23,213,218.0,210.0,218.0,1575000.0,436.0
2012-02-24,219,219.0,216.0,218.0,739000.0,436.0
2012-02-27,224,231.0,223.0,226.0,2255000.0,452.0
2012-02-28,223,229.0,220.0,229.0,1092000.0,458.0
2012-02-29,229,230.0,226.0,226.0,846000.0,452.0
2012-03-01,227,228.0,223.0,225.0,1174000.0,450.0
2012-03-02,228,233.0,227.0,233.0,1295000.0,466.0
2012-03-05,232,234.0,230.0,231.0,683000.0,462.0
2012-03-06,232,233.0,229.0,231.0,596000.0,462.0
2012-03-07,229,230.0,227.0,229.0,798000.0,458.0
2012-03-08,230,233.0,229.0,233.0,841000.0,466.0
2012-03-09,236,236.0,230.0,232.0,3583000.0,464.0
2012-03-12,231,235.0,230.0,232.0,741000.0,464.0
2012-03-13,233,240.0,232.0,236.0,1934000.0,472.0
2012-03-14,240,240.0,237.0,237.0,828000.0,474.0
2012-03-15,238,238.0,232.0,233.0,1012000.0,466.0
2012-03-16,237,247.0,234.0,244.0,1919000.0,488.0
2012-03-19,248,254.0,247.0,253.0,1598000.0,506.0
2012-03-21,252,253.0,248.0,252.0,1360000.0,504.0
2012-03-22,251,259.0,251.0,257.0,1445000.0,514.0
2012-03-23,259,272.0,259.0,270.0,4195000.0,540.0
2012-03-26,271,280.0,267.0,269.0,3040000.0,538.0
2012-03-27,269,273.0,263.0,267.0,2591000.0,534.0
2012-03-28,268,278.0,267.0,277.0,2328000.0,554.0
2012-03-29,278,286.0,276.0,285.0,2065000.0,570.0
2012-03-30,288,289.0,279.0,285.0,2387000.0,570.0
2012-04-02,285,285.0,279.0,281.0,2028000.0,562.0
2012-04-03,280,281.0,274.0,278.0,1742000.0,556.0
2012-04-04,276,282.0,276.0,277.0,1484000.0,554.0
2012-04-05,274,276.0,268.0,273.0,1883000.0,546.0
2012-04-06,273,280.0,271.0,277.0,1334000.0,554.0
2012-04-09,274,274.0,271.0,271.0,815000.0,542.0
2012-04-10,270,275.0,266.0,270.0,1321000.0,540.0
2012-04-11,267,267.0,262.0,267.0,1185000.0,534.0
2012-04-12,267,271.0,266.0,271.0,628000.0,542.0
2012-04-13,272,275.0,269.0,274.0,2373000.0,548.0
2012-04-16,273,274.0,266.0,267.0,879000.0,534.0
2012-04-17,267,269.0,263.0,264.0,999000.0,528.0
2012-04-18,268,269.0,264.0,267.0,719000.0,534.0
2012-04-19,266,272.0,265.0,267.0,1253000.0,534.0
2012-04-20,267,270.0,264.0,266.0,869000.0,532.0
2012-04-23,266,268.0,264.0,265.0,520000.0,530.0
2012-04-24,263,264.0,256.0,260.0,1102000.0,520.0
2012-04-25,263,269.0,259.0,268.0,1264000.0,536.0
2012-04-26,268,269.0,265.0,265.0,571000.0,530.0
2012-04-27,265,270.0,262.0,266.0,1246000.0,532.0
2012-05-01,265,265.0,261.0,262.0,483000.0,524.0
2012-05-02,263,264.0,261.0,263.0,555000.0,526.0
2012-05-07,257,258.0,249.0,252.0,935000.0,504.0
2012-05-08,253,255.0,247.0,250.0,1131000.0,500.0
2012-05-09,247,249.0,244.0,244.0,742000.0,488.0
2012-05-10,243,246.0,241.0,245.0,532000.0,490.0
2012-05-11,244,248.0,237.0,237.0,955000.0,474.0
2012-05-14,237,237.0,234.0,234.0,499000.0,468.0
2012-05-15,232,233.0,222.0,227.0,1043000.0,454.0
2012-05-16,226,230.0,226.0,229.0,773000.0,458.0
2012-05-17,227,229.0,224.0,229.0,948000.0,458.0
2012-05-18,225,225.0,218.0,220.0,929000.0,440.0
2012-05-21,222,227.0,222.0,226.0,572000.0,452.0
2012-05-22,229,232.0,228.0,231.0,682000.0,462.0
2012-05-23,229,229.0,217.0,221.0,1199000.0,442.0
2012-05-24,218,223.0,213.0,218.0,1184000.0,436.0
2012-05-25,223,223.0,217.0,219.0,438000.0,438.0
2012-05-28,220,222.0,218.0,219.0,384000.0,438.0
2012-05-29,220,224.0,218.0,224.0,634000.0,448.0
2012-05-30,218,221.0,218.0,220.0,507000.0,440.0
2012-05-31,217,217.0,212.0,214.0,637000.0,428.0
2012-06-01,214,214.0,207.0,208.0,486000.0,416.0
2012-06-04,202,206.0,201.0,206.0,605000.0,412.0
2012-06-05,209,211.0,207.0,210.0,429000.0,420.0
2012-06-06,212,216.0,212.0,215.0,905000.0,430.0
2012-06-07,218,223.0,217.0,221.0,977000.0,442.0
2012-06-08,221,221.0,214.0,215.0,2522000.0,430.0
2012-06-11,218,220.0,216.0,216.0,287000.0,432.0
2012-06-12,212,212.0,209.0,211.0,621000.0,422.0
2012-06-13,212,217.0,211.0,211.0,708000.0,422.0
2012-06-14,210,214.0,206.0,212.0,1000000.0,424.0
2012-06-15,214,217.0,212.0,214.0,711000.0,428.0
2012-06-18,220,223.0,219.0,222.0,664000.0,444.0
2012-06-19,221,223.0,218.0,219.0,525000.0,438.0
2012-06-20,222,228.0,222.0,226.0,708000.0,452.0
2012-06-21,226,227.0,222.0,222.0,638000.0,444.0
2012-06-22,221,237.0,219.0,237.0,1335000.0,474.0
2012-06-25,242,244.0,233.0,238.0,939000.0,476.0
2012-06-26,238,238.0,230.0,233.0,659000.0,466.0
2012-06-27,236,239.0,231.0,239.0,695000.0,478.0
2012-06-28,238,239.0,233.0,237.0,701000.0,474.0
2012-06-29,234,237.0,232.0,236.0,1176000.0,472.0
2012-07-02,239,239.0,233.0,236.0,618000.0,472.0
2012-07-03,236,239.0,236.0,236.0,454000.0,472.0
2012-07-04,240,240.0,236.0,238.0,457000.0,476.0
2012-07-05,238,241.0,234.0,236.0,573000.0,472.0
2012-07-06,234,240.0,234.0,237.0,405000.0,474.0
2012-07-09,237,237.0,235.0,236.0,256000.0,472.0
2012-07-10,236,237.0,232.0,233.0,694000.0,466.0
2012-07-11,233,234.0,231.0,234.0,577000.0,468.0
2012-07-12,236,238.0,232.0,233.0,819000.0,466.0
2012-07-13,234,237.0,233.0,234.0,625000.0,468.0
2012-07-17,236,236.0,233.0,234.0,395000.0,468.0
2012-07-18,236,236.0,232.0,233.0,693000.0,466.0
2012-07-19,235,237.0,234.0,236.0,543000.0,472.0
2012-07-20,236,237.0,228.0,229.0,793000.0,458.0
2012-07-23,224,225.0,218.0,219.0,589000.0,438.0
2012-07-24,218,218.0,213.0,214.0,640000.0,428.0
2012-07-25,212,215.0,206.0,214.0,820000.0,428.0
2012-07-26,217,218.0,215.0,217.0,466000.0,434.0
2012-07-27,221,224.0,221.0,223.0,457000.0,446.0
2012-07-30,224,226.0,221.0,225.0,325000.0,450.0
2012-07-31,223,230.0,222.0,228.0,696000.0,456.0
2012-08-01,225,226.0,223.0,224.0,399000.0,448.0
2012-08-02,224,230.0,224.0,228.0,546000.0,456.0
2012-08-03,225,225.0,219.0,220.0,370000.0,440.0
2012-08-06,223,223.0,217.0,217.0,787000.0,434.0
2012-08-07,219,222.0,218.0,221.0,511000.0,442.0
2012-08-08,225,229.0,225.0,228.0,782000.0,456.0
2012-08-09,230,241.0,230.0,239.0,1337000.0,478.0
2012-08-10,238,238.0,233.0,236.0,798000.0,472.0
2012-08-13,237,241.0,236.0,237.0,493000.0,474.0
2012-08-14,238,243.0,238.0,242.0,635000.0,484.0
2012-08-15,244,247.0,242.0,246.0,851000.0,492.0
2012-08-16,247,248.0,245.0,248.0,598000.0,496.0
2012-08-17,249,249.0,243.0,246.0,540000.0,492.0
2012-08-20,249,250.0,246.0,249.0,494000.0,498.0
2012-08-21,249,250.0,246.0,248.0,384000.0,496.0
2012-08-22,249,249.0,243.0,247.0,442000.0,494.0
2012-08-23,246,247.0,242.0,243.0,757000.0,486.0
2012-08-24,241,242.0,239.0,239.0,362000.0,478.0
2012-08-27,243,244.0,242.0,243.0,453000.0,486.0
2012-08-28,244,245.0,240.0,243.0,753000.0,486.0
2012-08-29,242,247.0,242.0,245.0,484000.0,490.0
2012-08-30,246,248.0,242.0,245.0,299000.0,490.0
2012-08-31,244,246.0,241.0,242.0,305000.0,484.0
2012-09-03,241,242.0,239.0,239.0,457000.0,478.0
2012-09-04,240,240.0,232.0,232.0,678000.0,464.0
2012-09-05,232,232.0,229.0,232.0,445000.0,464.0
2012-09-06,233,233.0,226.0,228.0,442000.0,456.0
2012-09-07,241,244.0,237.0,239.0,1307000.0,478.0
2012-09-10,240,242.0,239.0,240.0,605000.0,480.0
2012-09-11,239,239.0,235.0,237.0,395000.0,474.0
2012-09-12,239,239.0,237.0,239.0,361000.0,478.0
2012-09-13,239,244.0,238.0,242.0,718000.0,484.0
2012-09-14,244,248.0,241.0,242.0,2268000.0,484.0
2012-09-18,243,244.0,240.0,244.0,690000.0,488.0
2012-09-19,246,249.0,245.0,248.0,904000.0,496.0
2012-09-20,249,261.0,248.0,257.0,2657000.0,514.0
2012-09-21,261,263.0,256.0,259.0,1375000.0,518.0
2012-09-24,253,256.0,251.0,253.0,1175000.0,506.0
2012-09-25,254,257.0,252.0,255.0,699000.0,510.0
2012-09-26,255,261.0,254.0,258.0,873000.0,516.0
2012-09-27,259,259.0,255.0,258.0,698000.0,516.0
2012-09-28,260,260.0,253.0,255.0,813000.0,510.0
2012-10-01,251,255.0,248.0,253.0,596000.0,506.0
2012-10-02,251,254.0,251.0,252.0,407000.0,504.0
2012-10-03,253,256.0,252.0,254.0,430000.0,508.0
2012-10-04,256,259.0,253.0,258.0,568000.0,516.0
2012-10-05,259,260.0,257.0,259.0,518000.0,518.0
2012-10-09,260,270.0,260.0,268.0,1383000.0,536.0
2012-10-10,264,265.0,256.0,256.0,841000.0,512.0
2012-10-11,256,257.0,250.0,252.0,798000.0,504.0
2012-10-12,256,259.0,254.0,258.0,1312000.0,516.0
2012-10-15,259,262.0,257.0,259.0,842000.0,518.0
2012-10-16,262,263.0,259.0,261.0,499000.0,522.0
2012-10-17,262,264.0,261.0,263.0,741000.0,526.0
2012-10-18,264,269.0,263.0,268.0,867000.0,536.0
2012-10-19,268,270.0,265.0,268.0,913000.0,536.0
2012-10-22,269,269.0,267.0,268.0,359000.0,536.0
2012-10-23,271,273.0,270.0,272.0,910000.0,544.0
2012-10-24,270,272.0,267.0,270.0,728000.0,540.0
2012-10-25,270,273.0,268.0,273.0,835000.0,546.0
2012-10-26,274,274.0,270.0,272.0,543000.0,544.0
2012-10-29,273,274.0,272.0,274.0,472000.0,548.0
2012-10-30,273,274.0,269.0,269.0,968000.0,538.0
2012-10-31,272,273.0,269.0,269.0,934000.0,538.0
2012-11-01,267,267.0,264.0,266.0,457000.0,532.0
2012-11-02,268,270.0,268.0,269.0,400000.0,538.0
2012-11-05,269,269.0,265.0,266.0,507000.0,532.0
2012-11-06,266,266.0,259.0,260.0,770000.0,520.0
2012-11-07,259,259.0,256.0,258.0,668000.0,516.0
2012-11-08,257,258.0,252.0,253.0,391000.0,506.0
2012-11-09,251,252.0,248.0,250.0,645000.0,500.0
2012-11-12,250,251.0,246.0,246.0,550000.0,492.0
2012-11-13,246,248.0,242.0,245.0,622000.0,490.0
2012-11-14,246,252.0,244.0,251.0,463000.0,502.0
2012-11-15,252,255.0,248.0,254.0,641000.0,508.0
2012-11-16,256,258.0,256.0,258.0,627000.0,516.0
2012-11-19,261,263.0,259.0,261.0,388000.0,522.0
2012-11-20,263,264.0,257.0,259.0,619000.0,518.0
2012-11-21,260,262.0,258.0,262.0,577000.0,524.0
2012-11-22,264,265.0,262.0,265.0,504000.0,530.0
2012-11-26,266,268.0,266.0,266.0,591000.0,532.0
2012-11-27,263,268.0,261.0,266.0,789000.0,532.0
2012-11-28,266,266.0,263.0,263.0,352000.0,526.0
2012-11-29,263,266.0,262.0,264.0,769000.0,528.0
2012-11-30,266,268.0,264.0,265.0,426000.0,530.0
2012-12-03,266,267.0,262.0,266.0,565000.0,532.0
2012-12-04,265,267.0,263.0,266.0,522000.0,532.0
2012-12-05,263,266.0,263.0,265.0,509000.0,530.0
2012-12-06,265,265.0,262.0,263.0,808000.0,526.0
2012-12-07,263,265.0,262.0,263.0,419000.0,526.0
2012-12-10,269,274.0,267.0,269.0,1342000.0,538.0
2012-12-11,270,274.0,269.0,273.0,1260000.0,546.0
2012-12-12,275,275.0,272.0,274.0,937000.0,548.0
2012-12-13,275,275.0,273.0,275.0,766000.0,550.0
2012-12-14,275,276.0,269.0,271.0,3473000.0,542.0
2012-12-17,273,273.0,270.0,271.0,728000.0,542.0
2012-12-18,275,288.0,273.0,288.0,2662000.0,576.0
2012-12-19,292,297.0,287.0,291.0,1670000.0,582.0
2012-12-20,283,287.0,280.0,282.0,1588000.0,564.0
2012-12-21,286,287.0,274.0,280.0,1510000.0,560.0
2012-12-25,288,305.0,285.0,303.0,5095000.0,606.0
2012-12-26,311,315.0,305.0,315.0,3042000.0,630.0
2012-12-27,319,319.0,309.0,312.0,2110000.0,624.0
2012-12-28,315,316.0,307.0,312.0,1950000.0,624.0
2013-01-04,320,321.0,313.0,317.0,2229000.0,634.0
2013-01-07,315,349.0,311.0,332.0,5724000.0,664.0
2013-01-08,334,335.0,314.0,327.0,3240000.0,654.0
2013-01-09,328,365.0,326.0,353.0,6043000.0,706.0
2013-01-10,351,352.0,341.0,346.0,2198000.0,692.0
2013-01-11,348,356.0,344.0,353.0,3136000.0,706.0
2013-01-15,359,359.0,353.0,353.0,1915000.0,706.0
2013-01-16,355,356.0,345.0,346.0,2239000.0,692.0
2013-01-17,346,352.0,337.0,341.0,2241000.0,682.0
2013-01-18,347,354.0,343.0,354.0,1939000.0,708.0
2013-01-21,354,357.0,350.0,350.0,1550000.0,700.0
2013-01-22,350,350.0,341.0,345.0,1893000.0,690.0
2013-01-23,340,342.0,330.0,330.0,2080000.0,660.0
2013-01-24,330,342.0,330.0,342.0,1880000.0,684.0
2013-01-25,346,346.0,339.0,343.0,1738000.0,686.0
2013-01-28,360,372.0,356.0,358.0,11496000.0,716.0
2013-01-29,353,363.0,344.0,345.0,6379000.0,690.0
2013-01-30,348,352.0,342.0,352.0,1970000.0,704.0
2013-01-31,348,351.0,340.0,349.0,1836000.0,698.0
2013-02-01,352,352.0,344.0,346.0,1247000.0,692.0
2013-02-04,346,349.0,343.0,345.0,1149000.0,690.0
2013-02-05,342,348.0,327.0,330.0,2396000.0,660.0
2013-02-06,338,340.0,332.0,339.0,1640000.0,678.0
2013-02-07,336,340.0,328.0,331.0,2022000.0,662.0
2013-02-08,323,328.0,315.0,316.0,2395000.0,632.0
2013-02-12,326,328.0,321.0,323.0,1362000.0,646.0
2013-02-13,319,322.0,315.0,316.0,1614000.0,632.0
2013-02-14,314,321.0,309.0,320.0,1475000.0,640.0
2013-02-15,317,317.0,301.0,312.0,1870000.0,624.0
2013-02-18,314,323.0,314.0,322.0,1253000.0,644.0
2013-02-19,322,327.0,321.0,324.0,864000.0,648.0
2013-02-20,329,329.0,323.0,328.0,764000.0,656.0
2013-02-21,327,335.0,326.0,327.0,1269000.0,654.0
2013-02-22,326,336.0,323.0,336.0,1538000.0,672.0
2013-02-25,340,345.0,336.0,345.0,1647000.0,690.0
2013-02-26,335,344.0,334.0,338.0,1502000.0,676.0
2013-02-27,340,341.0,332.0,334.0,784000.0,668.0
2013-02-28,340,355.0,340.0,351.0,3024000.0,702.0
2013-03-01,351,357.0,348.0,354.0,1853000.0,708.0
2013-03-04,360,371.0,359.0,364.0,2786000.0,728.0
2013-03-05,367,367.0,355.0,357.0,1093000.0,714.0
2013-03-06,360,363.0,355.0,360.0,1017000.0,720.0
2013-03-07,364,364.0,352.0,354.0,1344000.0,708.0
2013-03-08,356,361.0,354.0,360.0,4477000.0,720.0
2013-03-11,364,425.0,360.0,406.0,8434000.0,812.0
2013-03-12,419,419.0,386.0,395.0,4543000.0,790.0
2013-03-13,386,412.0,386.0,404.0,3450000.0,808.0
2013-03-14,416,462.0,413.0,458.0,8580000.0,916.0
2013-03-15,450,538.0,450.0,527.0,12366000.0,1054.0
2013-03-18,521,590.0,514.0,537.0,12847000.0,1074.0
2013-03-19,540,558.0,514.0,540.0,6383000.0,1080.0
2013-03-21,540,569.0,517.0,563.0,7298000.0,1126.0
2013-03-22,550,555.0,519.0,519.0,5373000.0,1038.0
2013-03-25,528,543.0,520.0,537.0,4257000.0,1074.0
2013-03-26,517,528.0,508.0,514.0,3634000.0,1028.0
2013-03-27,520,551.0,518.0,538.0,4065000.0,1076.0
2013-03-28,546,554.0,521.0,535.0,4220000.0,1070.0
2013-03-29,531,545.0,512.0,535.0,3813000.0,1070.0
2013-04-01,525,535.0,491.0,492.0,4357000.0,984.0
2013-04-02,477,539.0,459.0,526.0,7834000.0,1052.0
2013-04-03,533,547.0,518.0,536.0,4278000.0,1072.0
2013-04-04,522,566.0,517.0,566.0,6250000.0,1132.0
2013-04-05,623,666.0,595.0,642.0,11785000.0,1284.0
2013-04-08,675,706.0,661.0,688.0,8617000.0,1376.0
2013-04-09,700,704.0,655.0,670.0,6777000.0,1340.0
2013-04-10,671,686.0,657.0,667.0,4097000.0,1334.0
2013-04-11,680,738.0,670.0,701.0,9631000.0,1402.0
2013-04-12,701,701.0,675.0,685.0,4363000.0,1370.0
2013-04-15,680,695.0,667.0,671.0,2493000.0,1342.0
2013-04-16,661,689.0,644.0,679.0,3891000.0,1358.0
2013-04-17,685,710.0,675.0,710.0,3382000.0,1420.0
2013-04-18,717,810.0,698.0,743.0,16649000.0,1486.0
2013-04-19,788,789.0,750.0,760.0,6710000.0,1520.0
2013-04-22,775,787.0,760.0,768.0,5174000.0,1536.0
2013-04-23,764,799.0,760.0,790.0,4739000.0,1580.0
2013-04-24,793,797.0,762.0,780.0,5483000.0,1560.0
2013-04-25,772,782.0,730.0,775.0,3817000.0,1550.0
2013-04-26,773,773.0,743.0,750.0,2363000.0,1500.0
2013-04-30,735,770.0,735.0,752.0,2185000.0,1504.0
2013-05-01,748,778.0,744.0,765.0,2775000.0,1530.0
2013-05-02,757,761.0,735.0,745.0,2660000.0,1490.0
2013-05-07,760,765.0,750.0,761.0,2351000.0,1522.0
2013-05-08,759,765.0,745.0,748.0,2575000.0,1496.0
2013-05-09,745,750.0,717.0,722.0,2300000.0,1444.0
2013-05-10,737,745.0,722.0,738.0,2393000.0,1476.0
2013-05-13,735,736.0,708.0,722.0,2056000.0,1444.0
2013-05-14,710,723.0,697.0,702.0,2448000.0,1404.0
2013-05-15,696,705.0,649.0,668.0,3548000.0,1336.0
2013-05-16,653,698.0,638.0,681.0,3397000.0,1362.0
2013-05-17,667,725.0,661.0,718.0,3198000.0,1436.0
2013-05-20,726,740.0,703.0,706.0,2088000.0,1412.0
2013-05-21,695,699.0,671.0,676.0,1645000.0,1352.0
2013-05-22,668,702.0,655.0,681.0,2297000.0,1362.0
2013-05-23,689,693.0,601.0,601.0,3533000.0,1202.0
2013-05-24,623,648.0,585.0,615.0,3245000.0,1230.0
2013-05-27,585,638.0,582.0,621.0,2585000.0,1242.0
2013-05-28,621,630.0,583.0,595.0,2389000.0,1190.0
2013-05-29,600,647.0,586.0,637.0,4944000.0,1274.0
2013-05-30,607,614.0,578.0,583.0,2925000.0,1166.0
2013-05-31,592,615.0,579.0,593.0,2068000.0,1186.0
2013-06-03,572,601.0,563.0,571.0,2325000.0,1142.0
2013-06-04,570,610.0,555.0,606.0,2530000.0,1212.0
2013-06-05,601,628.0,575.0,575.0,2297000.0,1150.0
2013-06-06,576,588.0,547.0,549.0,3142000.0,1098.0
2013-06-07,539,588.0,525.0,568.0,3635000.0,1136.0
2013-06-10,594,617.0,588.0,611.0,1866000.0,1222.0
2013-06-11,613,623.0,587.0,592.0,1737000.0,1184.0
2013-06-12,578,604.0,570.0,602.0,1100000.0,1204.0
2013-06-13,580,587.0,544.0,552.0,2436000.0,1104.0
2013-06-14,567,584.0,558.0,566.0,4066000.0,1132.0
2013-06-17,559,586.0,557.0,582.0,1279000.0,1164.0
2013-06-18,583,608.0,582.0,598.0,1379000.0,1196.0
2013-06-19,607,613.0,578.0,588.0,1454000.0,1176.0
2013-06-20,578,605.0,578.0,592.0,1507000.0,1184.0
2013-06-21,562,592.0,553.0,587.0,1908000.0,1174.0
2013-06-24,600,622.0,593.0,603.0,1640000.0,1206.0
2013-06-25,602,613.0,576.0,591.0,1701000.0,1182.0
2013-06-26,602,603.0,558.0,559.0,1990000.0,1118.0
2013-06-27,565,572.0,539.0,572.0,1860000.0,1144.0
2013-06-28,576,615.0,576.0,614.0,2214000.0,1228.0
2013-07-01,621,656.0,607.0,653.0,2934000.0,1306.0
2013-07-02,653,667.0,644.0,667.0,1662000.0,1334.0
2013-07-03,657,658.0,636.0,648.0,1817000.0,1296.0
2013-07-04,649,688.0,643.0,679.0,2749000.0,1358.0
2013-07-05,690,693.0,672.0,690.0,1557000.0,1380.0
2013-07-08,698,714.0,679.0,679.0,2102000.0,1358.0
2013-07-09,685,694.0,676.0,690.0,1117000.0,1380.0
2013-07-10,684,710.0,682.0,689.0,1649000.0,1378.0
2013-07-11,683,705.0,683.0,703.0,1104000.0,1406.0
2013-07-12,710,714.0,697.0,700.0,1712000.0,1400.0
2013-07-16,707,717.0,700.0,714.0,1457000.0,1428.0
2013-07-17,710,710.0,695.0,703.0,1353000.0,1406.0
2013-07-18,703,704.0,691.0,701.0,1561000.0,1402.0
2013-07-19,702,707.0,675.0,694.0,1574000.0,1388.0
2013-07-22,695,701.0,683.0,694.0,1584000.0,1388.0
2013-07-23,685,695.0,679.0,685.0,1061000.0,1370.0
2013-07-24,680,688.0,674.0,679.0,959000.0,1358.0
2013-07-25,683,683.0,661.0,665.0,973000.0,1330.0
2013-07-26,655,672.0,647.0,655.0,1218000.0,1310.0
2013-07-29,636,640.0,609.0,611.0,1571000.0,1222.0
2013-07-30,601,647.0,601.0,640.0,1448000.0,1280.0
2013-07-31,622,627.0,608.0,610.0,1231000.0,1220.0
2013-08-01,610,644.0,607.0,644.0,1156000.0,1288.0
2013-08-02,659,698.0,659.0,694.0,2189000.0,1388.0
2013-08-05,690,705.0,678.0,680.0,1168000.0,1360.0
2013-08-06,686,695.0,671.0,694.0,955000.0,1388.0
2013-08-07,674,680.0,651.0,653.0,1505000.0,1306.0
2013-08-08,647,670.0,639.0,642.0,922000.0,1284.0
2013-08-09,649,661.0,632.0,635.0,1530000.0,1270.0
2013-08-12,625,646.0,620.0,629.0,1029000.0,1258.0
2013-08-13,639,656.0,636.0,656.0,897000.0,1312.0
2013-08-14,661,669.0,644.0,668.0,1091000.0,1336.0
2013-08-15,652,663.0,644.0,646.0,766000.0,1292.0
2013-08-16,628,650.0,628.0,644.0,510000.0,1288.0
2013-08-19,645,662.0,635.0,660.0,814000.0,1320.0
2013-08-20,650,675.0,642.0,644.0,1608000.0,1288.0
2013-08-21,653,654.0,627.0,638.0,928000.0,1276.0
2013-08-22,634,649.0,629.0,641.0,837000.0,1282.0
2013-08-23,653,662.0,646.0,655.0,1109000.0,1310.0
2013-08-26,655,670.0,655.0,667.0,901000.0,1334.0
2013-08-27,668,670.0,654.0,655.0,698000.0,1310.0
2013-08-28,635,642.0,633.0,637.0,967000.0,1274.0
2013-08-29,635,652.0,634.0,652.0,1013000.0,1304.0
2013-08-30,658,666.0,655.0,658.0,1193000.0,1316.0
2013-09-02,668,695.0,666.0,693.0,1435000.0,1386.0
2013-09-03,700,703.0,687.0,701.0,1575000.0,1402.0
2013-09-04,701,717.0,697.0,715.0,1698000.0,1430.0
2013-09-05,712,714.0,696.0,704.0,927000.0,1408.0
2013-09-06,712,714.0,667.0,675.0,1817000.0,1350.0
2013-09-09,740,774.0,716.0,765.0,7829000.0,1530.0
2013-09-10,758,765.0,743.0,758.0,2878000.0,1516.0
2013-09-11,765,765.0,740.0,748.0,1959000.0,1496.0
2013-09-12,749,751.0,735.0,742.0,867000.0,1484.0
2013-09-13,743,763.0,738.0,756.0,3028000.0,1512.0
2013-09-17,760,764.0,751.0,752.0,818000.0,1504.0
2013-09-18,757,766.0,749.0,750.0,1436000.0,1500.0
2013-09-19,765,778.0,757.0,776.0,1874000.0,1552.0
2013-09-20,779,779.0,767.0,777.0,1271000.0,1554.0
2013-09-24,760,771.0,748.0,767.0,1440000.0,1534.0
2013-09-25,777,777.0,748.0,748.0,1331000.0,1496.0
2013-09-26,745,784.0,744.0,782.0,1957000.0,1564.0
2013-09-27,774,781.0,763.0,777.0,1048000.0,1554.0
2013-09-30,757,777.0,756.0,767.0,797000.0,1534.0
2013-10-01,768,771.0,750.0,754.0,1094000.0,1508.0
2013-10-02,757,763.0,720.0,725.0,1671000.0,1450.0
2013-10-03,720,728.0,712.0,714.0,1212000.0,1428.0
2013-10-04,707,710.0,684.0,700.0,1366000.0,1400.0
2013-10-07,705,711.0,688.0,689.0,939000.0,1378.0
2013-10-08,680,707.0,680.0,705.0,907000.0,1410.0
2013-10-09,695,708.0,688.0,704.0,1114000.0,1408.0
2013-10-10,710,714.0,703.0,712.0,774000.0,1424.0
2013-10-11,729,743.0,726.0,742.0,2079000.0,1484.0
2013-10-15,756,759.0,732.0,742.0,1173000.0,1484.0
2013-10-16,742,749.0,729.0,733.0,884000.0,1466.0
2013-10-17,750,750.0,727.0,737.0,778000.0,1474.0
2013-10-18,738,745.0,733.0,743.0,867000.0,1486.0
2013-10-21,743,752.0,742.0,751.0,764000.0,1502.0
2013-10-22,743,754.0,741.0,747.0,646000.0,1494.0
2013-10-23,751,753.0,719.0,719.0,1170000.0,1438.0
2013-10-24,717,732.0,715.0,730.0,926000.0,1460.0
2013-10-25,722,724.0,700.0,702.0,1414000.0,1404.0
2013-10-28,703,707.0,698.0,704.0,775000.0,1408.0
2013-10-29,704,705.0,693.0,698.0,958000.0,1396.0
2013-10-30,696,704.0,695.0,697.0,1183000.0,1394.0
2013-10-31,694,695.0,669.0,672.0,1516000.0,1344.0
2013-11-01,666,668.0,644.0,652.0,1552000.0,1304.0
2013-11-05,662,672.0,657.0,663.0,1465000.0,1326.0
2013-11-06,656,683.0,655.0,680.0,1054000.0,1360.0
2013-11-07,680,692.0,675.0,676.0,1271000.0,1352.0
2013-11-08,666,674.0,663.0,666.0,887000.0,1332.0
2013-11-11,676,678.0,658.0,660.0,1008000.0,1320.0
2013-11-12,660,686.0,657.0,686.0,1259000.0,1372.0
2013-11-13,681,687.0,671.0,676.0,1100000.0,1352.0
2013-11-14,684,709.0,680.0,703.0,1710000.0,1406.0
2013-11-15,708,723.0,706.0,720.0,1878000.0,1440.0
2013-11-18,734,737.0,721.0,733.0,1763000.0,1466.0
2013-11-19,734,742.0,726.0,736.0,1584000.0,1472.0
2013-11-20,740,745.0,733.0,733.0,1563000.0,1466.0
2013-11-21,739,748.0,729.0,735.0,2018000.0,1470.0
2013-11-22,743,749.0,721.0,721.0,1818000.0,1442.0
2013-11-25,733,736.0,718.0,721.0,1075000.0,1442.0
2013-11-26,707,713.0,695.0,696.0,1716000.0,1392.0
2013-11-27,692,695.0,684.0,687.0,1326000.0,1374.0
2013-11-28,694,705.0,693.0,705.0,1113000.0,1410.0
2013-11-29,697,709.0,695.0,705.0,987000.0,1410.0
2013-12-02,705,712.0,703.0,710.0,750000.0,1420.0
2013-12-03,719,723.0,712.0,718.0,1115000.0,1436.0
2013-12-04,704,708.0,693.0,698.0,1068000.0,1396.0
2013-12-05,701,702.0,676.0,676.0,1605000.0,1352.0
2013-12-06,670,686.0,670.0,684.0,1129000.0,1368.0
2013-12-09,699,711.0,692.0,710.0,1210000.0,1420.0
2013-12-10,710,710.0,701.0,703.0,734000.0,1406.0
2013-12-11,697,705.0,683.0,688.0,1343000.0,1376.0
2013-12-12,683,693.0,683.0,689.0,1028000.0,1378.0
2013-12-13,675,683.0,662.0,673.0,4057000.0,1346.0
2013-12-16,676,682.0,669.0,669.0,1099000.0,1338.0
2013-12-17,671,679.0,660.0,662.0,1530000.0,1324.0
2013-12-18,663,677.0,663.0,672.0,1628000.0,1344.0
2013-12-19,680,689.0,677.0,689.0,1825000.0,1378.0
2013-12-20,679,687.0,673.0,675.0,1215000.0,1350.0
2013-12-24,680,681.0,666.0,669.0,1418000.0,1338.0
2013-12-25,665,676.0,663.0,675.0,1442000.0,1350.0
2013-12-26,682,695.0,680.0,688.0,1102000.0,1376.0
2013-12-27,692,694.0,681.0,686.0,977000.0,1372.0
2013-12-30,688,698.0,684.0,695.0,1469000.0,1390.0
2014-01-06,691,694.0,679.0,681.0,2086000.0,1362.0
2014-01-07,678,680.0,666.0,670.0,2159000.0,1340.0
2014-01-08,673,677.0,666.0,674.0,1319000.0,1348.0
2014-01-09,671,674.0,666.0,669.0,1287000.0,1338.0
2014-01-10,665,674.0,662.0,672.0,2226000.0,1344.0
2014-01-14,660,660.0,646.0,648.0,2669000.0,1296.0
2014-01-15,651,665.0,650.0,664.0,1305000.0,1328.0
2014-01-16,664,671.0,657.0,657.0,1283000.0,1314.0
2014-01-17,660,671.0,656.0,670.0,1629000.0,1340.0
2014-01-20,668,669.0,660.0,664.0,1231000.0,1328.0
2014-01-21,667,669.0,662.0,663.0,1066000.0,1326.0
2014-01-22,662,666.0,657.0,665.0,1778000.0,1330.0
2014-01-23,659,663.0,651.0,653.0,2681000.0,1306.0
2014-01-24,645,650.0,641.0,644.0,2563000.0,1288.0
2014-01-27,614,619.0,607.0,610.0,4539000.0,1220.0
2014-01-28,594,619.0,593.0,612.0,8364000.0,1224.0
2014-01-29,611,634.0,609.0,633.0,6648000.0,1266.0
2014-01-30,616,628.0,607.0,628.0,2357000.0,1256.0
2014-01-31,630,632.0,605.0,616.0,1456000.0,1232.0
2014-02-03,604,607.0,590.0,592.0,1359000.0,1184.0
2014-02-04,572,598.0,568.0,580.0,2865000.0,1160.0
2014-02-05,590,593.0,572.0,584.0,1718000.0,1168.0
2014-02-06,584,596.0,584.0,589.0,1122000.0,1178.0
2014-02-07,596,609.0,594.0,604.0,1293000.0,1208.0
2014-02-10,619,619.0,606.0,613.0,900000.0,1226.0
2014-02-12,614,618.0,609.0,615.0,1086000.0,1230.0
2014-02-13,614,614.0,592.0,595.0,898000.0,1190.0
2014-02-14,592,597.0,576.0,579.0,1883000.0,1158.0
2014-02-17,577,585.0,564.0,582.0,1222000.0,1164.0
2014-02-18,590,605.0,582.0,598.0,1869000.0,1196.0
2014-02-19,588,598.0,585.0,588.0,939000.0,1176.0
2014-02-20,584,590.0,571.0,572.0,1368000.0,1144.0
2014-02-21,575,601.0,575.0,599.0,1391000.0,1198.0
2014-02-24,590,603.0,586.0,592.0,1031000.0,1184.0
2014-02-25,601,618.0,596.0,618.0,1502000.0,1236.0
2014-02-26,608,615.0,605.0,607.0,907000.0,1214.0
2014-02-27,611,612.0,599.0,603.0,1133000.0,1206.0
2014-02-28,606,607.0,592.0,595.0,616000.0,1190.0
2014-03-03,585,587.0,576.0,583.0,872000.0,1166.0
2014-03-04,580,592.0,580.0,591.0,770000.0,1182.0
2014-03-05,597,603.0,596.0,601.0,865000.0,1202.0
2014-03-06,594,610.0,594.0,601.0,1367000.0,1202.0
2014-03-07,605,608.0,592.0,598.0,1483000.0,1196.0
2014-03-10,602,607.0,597.0,599.0,933000.0,1198.0
2014-03-11,600,606.0,597.0,605.0,794000.0,1210.0
2014-03-12,595,599.0,576.0,577.0,1359000.0,1154.0
2014-03-13,585,587.0,577.0,582.0,867000.0,1164.0
2014-03-14,560,567.0,544.0,545.0,3413000.0,1090.0
2014-03-17,547,551.0,535.0,540.0,1026000.0,1080.0
2014-03-18,548,551.0,542.0,543.0,909000.0,1086.0
2014-03-19,549,551.0,521.0,528.0,1841000.0,1056.0
2014-03-20,529,533.0,509.0,513.0,1574000.0,1026.0
2014-03-24,520,548.0,520.0,543.0,1973000.0,1086.0
2014-03-25,541,549.0,535.0,535.0,1342000.0,1070.0
2014-03-26,533,536.0,517.0,520.0,1420000.0,1040.0
2014-03-27,513,537.0,507.0,534.0,1295000.0,1068.0
2014-03-28,529,549.0,529.0,545.0,1213000.0,1090.0
2014-03-31,545,548.0,525.0,530.0,1427000.0,1060.0
2014-04-01,525,527.0,517.0,523.0,1052000.0,1046.0
2014-04-02,526,539.0,521.0,534.0,1289000.0,1068.0
2014-04-03,537,540.0,526.0,528.0,1060000.0,1056.0
2014-04-04,528,544.0,528.0,541.0,1413000.0,1082.0
2014-04-07,534,537.0,529.0,532.0,956000.0,1064.0
2014-04-08,531,531.0,514.0,516.0,1272000.0,1032.0
2014-04-09,515,517.0,501.0,501.0,1075000.0,1002.0
2014-04-10,509,511.0,487.0,494.0,1231000.0,988.0
2014-04-11,486,500.0,480.0,493.0,2436000.0,986.0
2014-04-14,485,485.0,458.0,459.0,2631000.0,918.0
2014-04-15,461,462.0,452.0,456.0,1564000.0,912.0
2014-04-16,456,471.0,456.0,471.0,1729000.0,942.0
2014-04-17,471,476.0,468.0,471.0,920000.0,942.0
2014-04-18,471,475.0,470.0,473.0,656000.0,946.0
2014-04-21,476,486.0,471.0,471.0,900000.0,942.0
2014-04-22,470,476.0,463.0,463.0,664000.0,926.0
2014-04-23,463,473.0,463.0,470.0,636000.0,940.0
2014-04-24,471,474.0,464.0,467.0,676000.0,934.0
2014-04-25,466,473.0,461.0,464.0,518000.0,928.0
2014-04-28,461,463.0,449.0,457.0,664000.0,914.0
2014-04-30,460,462.0,455.0,457.0,662000.0,914.0
2014-05-01,459,468.0,457.0,467.0,994000.0,934.0
2014-05-02,465,480.0,465.0,471.0,1098000.0,942.0
2014-05-07,463,466.0,449.0,449.0,1241000.0,898.0
2014-05-08,453,461.0,450.0,456.0,680000.0,912.0
2014-05-09,452,457.0,450.0,454.0,771000.0,908.0
2014-05-12,453,456.0,447.0,448.0,570000.0,896.0
2014-05-13,455,473.0,454.0,468.0,1602000.0,936.0
2014-05-14,465,474.0,465.0,469.0,551000.0,938.0
2014-05-15,464,464.0,457.0,462.0,440000.0,924.0
2014-05-16,456,457.0,450.0,455.0,727000.0,910.0
2014-05-19,457,457.0,446.0,446.0,758000.0,892.0
2014-05-20,449,459.0,448.0,455.0,673000.0,910.0
2014-05-21,451,456.0,447.0,456.0,564000.0,912.0
2014-05-22,458,477.0,456.0,476.0,969000.0,952.0
2014-05-23,479,489.0,478.0,484.0,919000.0,968.0
2014-05-26,487,495.0,486.0,494.0,750000.0,988.0
2014-05-27,495,499.0,493.0,496.0,771000.0,992.0
2014-05-28,493,497.0,491.0,493.0,499000.0,986.0
2014-05-29,494,505.0,493.0,504.0,715000.0,1008.0
2014-05-30,505,510.0,498.0,501.0,844000.0,1002.0
2014-06-02,506,520.0,506.0,518.0,990000.0,1036.0
2014-06-03,520,524.0,515.0,518.0,844000.0,1036.0
2014-06-04,518,518.0,511.0,513.0,534000.0,1026.0
2014-06-05,518,520.0,502.0,509.0,951000.0,1018.0
2014-06-06,511,515.0,508.0,513.0,753000.0,1026.0
2014-06-09,513,518.0,512.0,512.0,699000.0,1024.0
2014-06-10,509,522.0,506.0,509.0,1427000.0,1018.0
2014-06-11,511,514.0,508.0,509.0,480000.0,1018.0
2014-06-12,499,500.0,486.0,493.0,1377000.0,986.0
2014-06-13,487,502.0,486.0,502.0,1771000.0,1004.0
2014-06-16,501,505.0,490.0,492.0,884000.0,984.0
2014-06-17,492,493.0,478.0,481.0,1368000.0,962.0
2014-06-18,483,485.0,479.0,482.0,604000.0,964.0
2014-06-19,484,492.0,484.0,491.0,888000.0,982.0
2014-06-20,492,503.0,490.0,496.0,1245000.0,992.0
2014-06-23,497,501.0,494.0,500.0,839000.0,1000.0
2014-06-24,499,502.0,495.0,499.0,566000.0,998.0
2014-06-25,495,500.0,491.0,491.0,898000.0,982.0
2014-06-26,491,494.0,483.0,484.0,971000.0,968.0
2014-06-27,483,485.0,473.0,474.0,934000.0,948.0
2014-06-30,473,478.0,473.0,478.0,691000.0,956.0
2014-07-01,475,482.0,474.0,480.0,1093000.0,960.0
2014-07-02,485,487.0,480.0,481.0,572000.0,962.0
2014-07-03,483,484.0,476.0,478.0,582000.0,956.0
2014-07-04,483,489.0,481.0,488.0,786000.0,976.0
2014-07-07,486,489.0,485.0,485.0,533000.0,970.0
2014-07-08,483,483.0,476.0,477.0,689000.0,954.0
2014-07-09,474,476.0,472.0,473.0,551000.0,946.0
2014-07-10,474,476.0,472.0,473.0,448000.0,946.0
2014-07-11,471,472.0,466.0,470.0,832000.0,940.0
2014-07-14,467,480.0,467.0,480.0,513000.0,960.0
2014-07-15,477,484.0,477.0,482.0,535000.0,964.0
2014-07-16,478,479.0,471.0,472.0,656000.0,944.0
2014-07-17,473,475.0,469.0,470.0,622000.0,940.0
2014-07-18,465,465.0,456.0,461.0,1078000.0,922.0
2014-07-22,461,467.0,461.0,464.0,475000.0,928.0
2014-07-23,464,475.0,462.0,470.0,874000.0,940.0
2014-07-24,471,474.0,466.0,468.0,735000.0,936.0
2014-07-25,476,478.0,471.0,476.0,1025000.0,952.0
2014-07-28,478,485.0,475.0,484.0,1030000.0,968.0
2014-07-29,490,493.0,487.0,493.0,1162000.0,986.0
2014-07-30,494,494.0,489.0,492.0,874000.0,984.0
2014-07-31,488,497.0,488.0,490.0,910000.0,980.0
2014-08-01,484,488.0,480.0,480.0,854000.0,960.0
2014-08-04,476,481.0,475.0,478.0,560000.0,956.0
2014-08-05,478,480.0,470.0,471.0,656000.0,942.0
2014-08-06,471,471.0,461.0,462.0,928000.0,924.0
2014-08-07,460,468.0,455.0,467.0,801000.0,934.0
2014-08-08,460,462.0,451.0,452.0,1408000.0,904.0
2014-08-11,464,471.0,460.0,467.0,794000.0,934.0
2014-08-12,467,468.0,461.0,461.0,489000.0,922.0
2014-08-13,458,466.0,458.0,460.0,559000.0,920.0
2014-08-14,462,464.0,460.0,461.0,651000.0,922.0
2014-08-15,462,468.0,461.0,466.0,515000.0,932.0
2014-08-18,470,471.0,462.0,462.0,519000.0,924.0
2014-08-19,469,473.0,466.0,471.0,752000.0,942.0
2014-08-20,475,501.0,475.0,497.0,3221000.0,994.0
2014-08-21,500,505.0,495.0,502.0,1685000.0,1004.0
2014-08-22,503,504.0,488.0,492.0,1086000.0,984.0
2014-08-25,497,497.0,489.0,494.0,714000.0,988.0
2014-08-26,497,497.0,488.0,489.0,734000.0,978.0
2014-08-27,489,494.0,483.0,485.0,828000.0,970.0
2014-08-28,482,485.0,480.0,484.0,582000.0,968.0
2014-08-29,480,485.0,477.0,482.0,689000.0,964.0
2014-09-01,488,489.0,483.0,486.0,588000.0,972.0
2014-09-02,490,501.0,490.0,498.0,952000.0,996.0
2014-09-03,502,503.0,493.0,493.0,725000.0,986.0
2014-09-04,490,491.0,487.0,488.0,548000.0,976.0
2014-09-05,508,514.0,501.0,504.0,3034000.0,1008.0
2014-09-08,504,510.0,503.0,507.0,883000.0,1014.0
2014-09-09,510,510.0,499.0,500.0,774000.0,1000.0
2014-09-10,497,500.0,493.0,496.0,882000.0,992.0
2014-09-11,499,501.0,496.0,499.0,643000.0,998.0
2014-09-12,495,505.0,495.0,502.0,2263000.0,1004.0
2014-09-16,493,498.0,481.0,484.0,1958000.0,968.0
2014-09-17,489,489.0,472.0,473.0,1999000.0,946.0
2014-09-18,474,481.0,474.0,478.0,1456000.0,956.0
2014-09-19,478,481.0,477.0,480.0,1119000.0,960.0
2014-09-22,479,480.0,471.0,473.0,979000.0,946.0
2014-09-24,472,475.0,470.0,475.0,1241000.0,950.0
2014-09-25,475,477.0,471.0,473.0,1246000.0,946.0
2014-09-26,469,470.0,464.0,467.0,2073000.0,934.0
2014-09-29,470,473.0,467.0,473.0,914000.0,946.0
2014-09-30,470,470.0,461.0,462.0,1384000.0,924.0
2014-10-01,460,462.0,454.0,454.0,1479000.0,908.0
2014-10-02,451,454.0,445.0,445.0,1634000.0,890.0
2014-10-03,444,449.0,444.0,449.0,1031000.0,898.0
2014-10-06,451,455.0,449.0,453.0,894000.0,906.0
2014-10-07,450,458.0,446.0,447.0,1467000.0,894.0
2014-10-08,442,442.0,433.0,436.0,1488000.0,872.0
2014-10-09,441,441.0,434.0,435.0,1103000.0,870.0
2014-10-10,431,436.0,428.0,431.0,1580000.0,862.0
2014-10-14,420,428.0,420.0,421.0,1154000.0,842.0
2014-10-15,421,425.0,420.0,425.0,1001000.0,850.0
2014-10-16,415,417.0,405.0,407.0,1634000.0,814.0
2014-10-17,407,409.0,400.0,401.0,1202000.0,802.0
2014-10-20,408,414.0,405.0,413.0,1515000.0,826.0
2014-10-21,415,416.0,398.0,400.0,1762000.0,800.0
2014-10-22,403,417.0,403.0,415.0,1091000.0,830.0
2014-10-23,409,412.0,406.0,408.0,761000.0,816.0
2014-10-24,414,415.0,410.0,414.0,735000.0,828.0
2014-10-27,417,421.0,415.0,420.0,635000.0,840.0
2014-10-28,413,421.0,413.0,420.0,594000.0,840.0
2014-10-29,421,431.0,421.0,428.0,827000.0,856.0
2014-10-30,430,438.0,430.0,435.0,1227000.0,870.0
2014-10-31,441,467.0,438.0,466.0,2612000.0,932.0
2014-11-04,491,494.0,475.0,478.0,4074000.0,956.0
2014-11-05,478,480.0,471.0,476.0,1713000.0,952.0
2014-11-06,472,478.0,459.0,460.0,1269000.0,920.0
2014-11-07,466,469.0,462.0,466.0,853000.0,932.0
2014-11-10,462,469.0,461.0,465.0,819000.0,930.0
2014-11-11,463,470.0,462.0,468.0,925000.0,936.0
2014-11-12,469,476.0,464.0,466.0,1561000.0,932.0
2014-11-13,466,469.0,463.0,468.0,785000.0,936.0
2014-11-14,466,468.0,460.0,466.0,2206000.0,932.0
2014-11-17,464,466.0,447.0,448.0,1388000.0,896.0
2014-11-18,448,457.0,448.0,454.0,990000.0,908.0
2014-11-19,455,470.0,455.0,467.0,2232000.0,934.0
2014-11-20,470,471.0,463.0,467.0,695000.0,934.0
2014-11-21,464,476.0,461.0,476.0,1213000.0,952.0
2014-11-25,478,479.0,471.0,473.0,830000.0,946.0
2014-11-26,469,477.0,469.0,475.0,847000.0,950.0
2014-11-27,473,476.0,465.0,466.0,560000.0,932.0
2014-11-28,471,478.0,471.0,478.0,677000.0,956.0
2014-12-01,474,480.0,474.0,478.0,635000.0,956.0
2014-12-02,474,481.0,473.0,480.0,647000.0,960.0
2014-12-03,479,483.0,475.0,476.0,1066000.0,952.0
2014-12-04,480,482.0,476.0,482.0,590000.0,964.0
2014-12-05,476,482.0,475.0,478.0,658000.0,956.0
2014-12-08,477,482.0,477.0,479.0,599000.0,958.0
2014-12-09,475,480.0,475.0,479.0,542000.0,958.0
2014-12-10,475,476.0,470.0,473.0,838000.0,946.0
2014-12-11,471,474.0,467.0,473.0,631000.0,946.0
2014-12-12,476,476.0,470.0,472.0,1937000.0,944.0
2014-12-15,470,476.0,466.0,470.0,1031000.0,940.0
2014-12-16,462,465.0,452.0,453.0,1454000.0,906.0
2014-12-17,450,457.0,449.0,455.0,1175000.0,910.0
2014-12-18,466,475.0,463.0,468.0,1524000.0,936.0
2014-12-19,480,482.0,473.0,482.0,1324000.0,964.0
2014-12-22,482,493.0,481.0,492.0,1893000.0,984.0
2014-12-24,508,541.0,505.0,535.0,6872000.0,1070.0
2014-12-25,540,546.0,525.0,533.0,3281000.0,1066.0
2014-12-26,534,543.0,533.0,540.0,1726000.0,1080.0
2014-12-29,537,542.0,525.0,529.0,1605000.0,1058.0
2014-12-30,533,538.0,531.0,532.0,1140000.0,1064.0
2015-01-05,531,542.0,525.0,539.0,1118000.0,1078.0
2015-01-06,531,531.0,515.0,516.0,1734000.0,1032.0
2015-01-07,518,526.0,518.0,523.0,1293000.0,1046.0
2015-01-08,529,534.0,522.0,524.0,1142000.0,1048.0
2015-01-09,528,530.0,520.0,523.0,1463000.0,1046.0
2015-01-13,516,517.0,503.0,513.0,1430000.0,1026.0
2015-01-14,510,517.0,510.0,511.0,1366000.0,1022.0
2015-01-15,512,516.0,507.0,514.0,1714000.0,1028.0
2015-01-16,507,514.0,503.0,513.0,2167000.0,1026.0
2015-01-19,517,517.0,507.0,513.0,1771000.0,1026.0
2015-01-20,517,530.0,515.0,527.0,1344000.0,1054.0
2015-01-21,527,527.0,514.0,519.0,2347000.0,1038.0
2015-01-22,526,526.0,514.0,517.0,1535000.0,1034.0
2015-01-23,520,522.0,512.0,514.0,1248000.0,1028.0
2015-01-26,513,513.0,502.0,509.0,2648000.0,1018.0
2015-01-27,513,516.0,511.0,516.0,5077000.0,1032.0
2015-01-28,508,512.0,505.0,507.0,3338000.0,1014.0
2015-01-29,506,506.0,497.0,500.0,1162000.0,1000.0
2015-01-30,512,550.0,511.0,548.0,5437000.0,1096.0
2015-02-02,544,555.0,541.0,546.0,1947000.0,1092.0
2015-02-03,549,550.0,534.0,538.0,2036000.0,1076.0
2015-02-04,541,545.0,534.0,539.0,1075000.0,1078.0
2015-02-05,536,538.0,527.0,530.0,1159000.0,1060.0
2015-02-06,532,536.0,530.0,533.0,510000.0,1066.0
2015-02-09,536,539.0,531.0,539.0,876000.0,1078.0
2015-02-10,539,539.0,534.0,537.0,721000.0,1074.0
2015-02-12,541,546.0,539.0,543.0,1122000.0,1086.0
2015-02-13,538,543.0,530.0,535.0,972000.0,1070.0
2015-02-16,533,539.0,533.0,536.0,574000.0,1072.0
2015-02-17,536,536.0,531.0,532.0,587000.0,1064.0
2015-02-18,537,537.0,531.0,537.0,921000.0,1074.0
2015-02-19,533,564.0,533.0,561.0,2151000.0,1122.0
2015-02-20,561,563.0,552.0,556.0,1384000.0,1112.0
2015-02-23,558,563.0,556.0,562.0,1086000.0,1124.0
2015-02-24,570,585.0,567.0,585.0,2690000.0,1170.0
2015-02-25,594,595.0,582.0,589.0,1845000.0,1178.0
2015-02-26,594,603.0,586.0,601.0,1926000.0,1202.0
2015-02-27,602,604.0,574.0,576.0,1599000.0,1152.0
2015-03-02,590,595.0,576.0,580.0,1209000.0,1160.0
2015-03-03,582,584.0,566.0,571.0,902000.0,1142.0
2015-03-04,566,571.0,556.0,569.0,962000.0,1138.0
2015-03-05,562,577.0,562.0,574.0,880000.0,1148.0
2015-03-06,577,581.0,572.0,579.0,929000.0,1158.0
2015-03-09,571,578.0,570.0,571.0,638000.0,1142.0
2015-03-10,571,574.0,555.0,558.0,1094000.0,1116.0
2015-03-11,551,561.0,551.0,553.0,868000.0,1106.0
2015-03-12,563,564.0,552.0,557.0,936000.0,1114.0
2015-03-13,555,563.0,532.0,555.0,3734000.0,1110.0
2015-03-16,559,581.0,557.0,577.0,2076000.0,1154.0
2015-03-17,583,586.0,570.0,571.0,861000.0,1142.0
2015-03-18,566,570.0,561.0,566.0,871000.0,1132.0
2015-03-19,564,569.0,560.0,562.0,619000.0,1124.0
2015-03-20,562,565.0,556.0,563.0,600000.0,1126.0
2015-03-23,560,568.0,559.0,560.0,731000.0,1120.0
2015-03-24,557,557.0,546.0,547.0,1338000.0,1094.0
2015-03-25,547,549.0,536.0,538.0,1324000.0,1076.0
2015-03-26,531,534.0,526.0,528.0,1226000.0,1056.0
2015-03-27,528,533.0,512.0,516.0,1755000.0,1032.0
2015-03-30,521,524.0,518.0,520.0,1033000.0,1040.0
2015-03-31,523,526.0,510.0,510.0,1628000.0,1020.0
2015-04-01,507,516.0,506.0,509.0,1486000.0,1018.0
2015-04-02,512,525.0,512.0,517.0,983000.0,1034.0
2015-04-03,514,517.0,512.0,516.0,504000.0,1032.0
2015-04-06,517,517.0,512.0,513.0,525000.0,1026.0
2015-04-07,513,529.0,513.0,519.0,1178000.0,1038.0
2015-04-08,520,522.0,515.0,519.0,897000.0,1038.0
2015-04-09,519,521.0,515.0,518.0,586000.0,1036.0
2015-04-10,517,519.0,510.0,512.0,1769000.0,1024.0
2015-04-13,512,512.0,505.0,507.0,1021000.0,1014.0
2015-04-14,505,510.0,502.0,505.0,907000.0,1010.0
2015-04-15,508,508.0,502.0,502.0,930000.0,1004.0
2015-04-16,502,504.0,497.0,502.0,1548000.0,1004.0
2015-04-17,503,506.0,500.0,501.0,965000.0,1002.0
2015-04-20,502,503.0,496.0,498.0,1177000.0,996.0
2015-04-21,498,502.0,493.0,496.0,1272000.0,992.0
2015-04-22,510,528.0,505.0,523.0,3604000.0,1046.0
2015-04-23,526,526.0,516.0,519.0,1692000.0,1038.0
2015-04-24,524,542.0,524.0,528.0,2812000.0,1056.0
2015-04-27,524,528.0,520.0,520.0,1071000.0,1040.0
2015-04-28,527,538.0,526.0,527.0,1377000.0,1054.0
2015-04-30,520,522.0,510.0,512.0,1292000.0,1024.0
2015-05-01,511,517.0,506.0,512.0,1227000.0,1024.0
2015-05-07,514,521.0,509.0,511.0,1095000.0,1022.0
2015-05-08,509,513.0,509.0,511.0,998000.0,1022.0
2015-05-11,519,523.0,514.0,516.0,842000.0,1032.0
2015-05-12,514,519.0,511.0,518.0,734000.0,1036.0
2015-05-13,517,521.0,516.0,519.0,647000.0,1038.0
2015-05-14,517,518.0,511.0,513.0,710000.0,1026.0
2015-05-15,517,520.0,512.0,515.0,620000.0,1030.0
2015-05-18,514,517.0,513.0,517.0,416000.0,1034.0
2015-05-19,519,524.0,518.0,519.0,839000.0,1038.0
2015-05-20,519,531.0,519.0,531.0,1214000.0,1062.0
2015-05-21,530,531.0,520.0,522.0,853000.0,1044.0
2015-05-22,522,524.0,520.0,522.0,741000.0,1044.0
2015-05-25,523,525.0,520.0,523.0,494000.0,1046.0
2015-05-26,523,523.0,520.0,522.0,608000.0,1044.0
2015-05-27,520,525.0,519.0,524.0,561000.0,1048.0
2015-05-28,526,529.0,518.0,522.0,702000.0,1044.0
2015-05-29,518,526.0,518.0,520.0,833000.0,1040.0
2015-06-01,524,524.0,519.0,523.0,454000.0,1046.0
2015-06-02,523,524.0,520.0,521.0,591000.0,1042.0
2015-06-03,521,528.0,519.0,525.0,787000.0,1050.0
2015-06-04,530,546.0,529.0,542.0,2443000.0,1084.0
2015-06-05,543,545.0,537.0,543.0,1198000.0,1086.0
2015-06-08,544,553.0,544.0,552.0,1453000.0,1104.0
2015-06-09,549,549.0,536.0,544.0,1414000.0,1088.0
2015-06-10,550,550.0,535.0,540.0,707000.0,1080.0
2015-06-11,548,549.0,544.0,549.0,967000.0,1098.0
2015-06-12,569,575.0,547.0,555.0,3935000.0,1110.0
2015-06-15,550,550.0,542.0,544.0,718000.0,1088.0
2015-06-16,544,544.0,537.0,539.0,647000.0,1078.0
2015-06-17,537,537.0,528.0,532.0,908000.0,1064.0
2015-06-18,532,532.0,517.0,517.0,888000.0,1034.0
2015-06-19,521,521.0,510.0,516.0,1164000.0,1032.0
2015-06-22,521,523.0,516.0,521.0,757000.0,1042.0
2015-06-23,523,533.0,522.0,530.0,884000.0,1060.0
2015-06-24,533,534.0,527.0,529.0,789000.0,1058.0
2015-06-25,527,527.0,519.0,521.0,859000.0,1042.0
2015-06-26,520,522.0,517.0,521.0,639000.0,1042.0
2015-06-29,501,514.0,501.0,505.0,1295000.0,1010.0
2015-06-30,510,512.0,507.0,509.0,909000.0,1018.0
2015-07-01,512,516.0,508.0,512.0,825000.0,1024.0
2015-07-02,518,524.0,516.0,517.0,927000.0,1034.0
2015-07-03,523,523.0,517.0,521.0,761000.0,1042.0
2015-07-06,513,515.0,507.0,509.0,923000.0,1018.0
2015-07-07,513,518.0,510.0,517.0,577000.0,1034.0
2015-07-08,517,517.0,500.0,501.0,1084000.0,1002.0
2015-07-09,495,500.0,476.0,500.0,1841000.0,1000.0
2015-07-10,498,503.0,494.0,499.0,1179000.0,998.0
2015-07-13,502,506.0,498.0,503.0,775000.0,1006.0
2015-07-14,506,514.0,506.0,509.0,937000.0,1018.0
2015-07-15,506,513.0,502.0,506.0,804000.0,1012.0
2015-07-16,505,506.0,499.0,504.0,847000.0,1008.0
2015-07-17,502,508.0,502.0,507.0,656000.0,1014.0
2015-07-21,509,512.0,507.0,512.0,499000.0,1024.0
2015-07-22,509,514.0,505.0,507.0,631000.0,1014.0
2015-07-23,510,514.0,509.0,514.0,505000.0,1028.0
2015-07-24,510,514.0,507.0,510.0,739000.0,1020.0
2015-07-27,506,507.0,501.0,503.0,662000.0,1006.0
2015-07-28,501,509.0,500.0,508.0,639000.0,1016.0
2015-07-29,512,512.0,503.0,510.0,557000.0,1020.0
2015-07-30,510,520.0,507.0,519.0,906000.0,1038.0
2015-07-31,520,525.0,519.0,522.0,737000.0,1044.0
2015-08-03,522,523.0,519.0,521.0,423000.0,1042.0
2015-08-04,517,522.0,512.0,520.0,673000.0,1040.0
2015-08-05,523,538.0,522.0,536.0,1250000.0,1072.0
2015-08-06,538,548.0,531.0,543.0,1248000.0,1086.0
2015-08-07,545,545.0,535.0,537.0,681000.0,1074.0
2015-08-10,534,543.0,531.0,542.0,649000.0,1084.0
2015-08-11,548,549.0,535.0,535.0,773000.0,1070.0
2015-08-12,535,535.0,526.0,527.0,569000.0,1054.0
2015-08-13,533,541.0,529.0,540.0,797000.0,1080.0
2015-08-14,533,545.0,533.0,542.0,892000.0,1084.0
2015-08-17,541,549.0,539.0,547.0,637000.0,1094.0
2015-08-18,545,554.0,545.0,548.0,1189000.0,1096.0
2015-08-19,548,548.0,538.0,538.0,647000.0,1076.0
2015-08-20,543,543.0,535.0,536.0,516000.0,1072.0
2015-08-21,525,527.0,509.0,515.0,1196000.0,1030.0
2015-08-24,500,508.0,484.0,485.0,1298000.0,970.0
2015-08-25,471,495.0,460.0,466.0,1782000.0,932.0
2015-08-26,464,485.0,464.0,485.0,1537000.0,970.0
2015-08-27,496,499.0,480.0,489.0,1894000.0,978.0
2015-08-28,496,499.0,492.0,496.0,795000.0,992.0
2015-08-31,496,497.0,488.0,496.0,617000.0,992.0
2015-09-01,491,493.0,474.0,474.0,1005000.0,948.0
2015-09-02,463,481.0,463.0,469.0,1000000.0,938.0
2015-09-03,476,481.0,468.0,470.0,792000.0,940.0
2015-09-04,471,474.0,463.0,468.0,1092000.0,936.0
2015-09-07,468,484.0,462.0,480.0,1214000.0,960.0
2015-09-08,481,484.0,468.0,468.0,792000.0,936.0
2015-09-09,484,503.0,481.0,501.0,1502000.0,1002.0
2015-09-10,487,503.0,484.0,500.0,997000.0,1000.0
2015-09-11,506,514.0,501.0,511.0,2264000.0,1022.0
2015-09-14,516,530.0,511.0,522.0,1341000.0,1044.0
2015-09-15,518,527.0,517.0,520.0,1012000.0,1040.0
2015-09-16,520,527.0,519.0,525.0,698000.0,1050.0
2015-09-17,526,529.0,512.0,515.0,1150000.0,1030.0
2015-09-18,515,519.0,507.0,511.0,626000.0,1022.0
2015-09-24,500,514.0,500.0,509.0,555000.0,1018.0
2015-09-25,513,520.0,509.0,520.0,1182000.0,1040.0
2015-09-28,520,529.0,516.0,524.0,902000.0,1048.0
2015-09-29,521,521.0,508.0,511.0,1032000.0,1022.0
2015-09-30,516,525.0,509.0,522.0,1118000.0,1044.0
2015-10-01,525,532.0,521.0,523.0,1202000.0,1046.0
2015-10-02,522,532.0,519.0,532.0,956000.0,1064.0
2015-10-05,537,544.0,531.0,540.0,909000.0,1080.0
2015-10-06,538,543.0,533.0,538.0,1387000.0,1076.0
2015-10-07,540,548.0,538.0,547.0,1368000.0,1094.0
2015-10-08,543,546.0,538.0,542.0,1022000.0,1084.0
2015-10-09,545,557.0,543.0,557.0,1675000.0,1114.0
2015-10-13,557,565.0,556.0,563.0,1164000.0,1126.0
2015-10-14,561,567.0,557.0,562.0,1042000.0,1124.0
2015-10-15,560,567.0,556.0,562.0,728000.0,1124.0
2015-10-16,562,570.0,559.0,561.0,1064000.0,1122.0
2015-10-19,563,578.0,561.0,573.0,1359000.0,1146.0
2015-10-20,576,579.0,569.0,570.0,526000.0,1140.0
2015-10-21,565,572.0,561.0,567.0,1018000.0,1134.0
2015-10-22,560,563.0,547.0,550.0,1101000.0,1100.0
2015-10-23,562,566.0,555.0,565.0,964000.0,1130.0
2015-10-26,574,574.0,558.0,558.0,744000.0,1116.0
2015-10-27,557,560.0,555.0,559.0,697000.0,1118.0
2015-10-28,559,566.0,558.0,563.0,776000.0,1126.0
2015-10-29,568,570.0,557.0,559.0,1939000.0,1118.0
2015-10-30,559,567.0,556.0,564.0,827000.0,1128.0
2015-11-02,554,558.0,548.0,552.0,675000.0,1104.0
2015-11-04,560,561.0,544.0,546.0,695000.0,1092.0
2015-11-05,546,556.0,546.0,555.0,411000.0,1110.0
2015-11-06,555,561.0,553.0,559.0,420000.0,1118.0
2015-11-09,562,572.0,562.0,569.0,782000.0,1138.0
2015-11-10,561,571.0,561.0,569.0,494000.0,1138.0
2015-11-11,567,573.0,566.0,572.0,514000.0,1144.0
2015-11-12,570,573.0,566.0,570.0,414000.0,1140.0
2015-11-13,568,575.0,564.0,573.0,620000.0,1146.0
2015-11-16,565,566.0,561.0,562.0,480000.0,1124.0
2015-11-17,569,578.0,564.0,576.0,812000.0,1152.0
2015-11-18,580,584.0,565.0,565.0,1044000.0,1130.0
2015-11-19,574,581.0,569.0,575.0,580000.0,1150.0
2015-11-20,571,572.0,565.0,571.0,461000.0,1142.0
2015-11-24,572,583.0,570.0,581.0,490000.0,1162.0
2015-11-25,584,584.0,578.0,582.0,551000.0,1164.0
2015-11-26,585,590.0,585.0,587.0,593000.0,1174.0
2015-11-27,590,590.0,583.0,585.0,550000.0,1170.0
2015-11-30,583,585.0,577.0,581.0,589000.0,1162.0
2015-12-01,581,592.0,581.0,592.0,666000.0,1184.0
2015-12-02,594,595.0,588.0,591.0,761000.0,1182.0
2015-12-03,590,590.0,585.0,588.0,393000.0,1176.0
2015-12-04,582,583.0,573.0,574.0,676000.0,1148.0
2015-12-07,574,582.0,574.0,577.0,479000.0,1154.0
2015-12-08,576,579.0,572.0,577.0,471000.0,1154.0
2015-12-09,572,573.0,563.0,566.0,888000.0,1132.0
2015-12-10,561,566.0,559.0,561.0,659000.0,1122.0
2015-12-11,556,564.0,555.0,560.0,1694000.0,1120.0
2015-12-14,550,567.0,541.0,564.0,1424000.0,1128.0
2015-12-15,561,561.0,547.0,548.0,742000.0,1096.0
2015-12-16,556,564.0,553.0,564.0,645000.0,1128.0
2015-12-17,568,585.0,568.0,582.0,1175000.0,1164.0
2015-12-18,582,592.0,570.0,571.0,1245000.0,1142.0
2015-12-21,571,575.0,561.0,574.0,613000.0,1148.0
2015-12-22,576,577.0,570.0,572.0,355000.0,1144.0
2015-12-24,574,577.0,564.0,566.0,319000.0,1132.0
2015-12-25,563,564.0,553.0,556.0,635000.0,1112.0
2015-12-28,562,568.0,559.0,568.0,372000.0,1136.0
2015-12-29,588,608.0,585.0,608.0,2396000.0,1216.0
2015-12-30,614,625.0,608.0,619.0,2064000.0,1238.0
2016-01-04,625,628.0,606.0,608.0,1919000.0,1216.0
2016-01-05,605,620.0,604.0,620.0,1391000.0,1240.0
2016-01-06,623,627.0,607.0,618.0,1333000.0,1236.0
2016-01-07,615,624.0,608.0,615.0,1277000.0,1230.0
2016-01-08,605,617.0,605.0,610.0,1599000.0,1220.0
2016-01-12,603,613.0,592.0,599.0,1802000.0,1198.0
2016-01-13,600,611.0,600.0,609.0,1283000.0,1218.0
2016-01-14,597,599.0,581.0,593.0,1609000.0,1186.0
2016-01-15,600,601.0,580.0,587.0,1338000.0,1174.0
2016-01-18,574,582.0,563.0,579.0,1968000.0,1158.0
2016-01-19,577,604.0,575.0,603.0,3130000.0,1206.0
2016-01-20,605,606.0,583.0,585.0,2446000.0,1170.0
2016-01-21,579,588.0,553.0,553.0,2912000.0,1106.0
2016-01-22,572,572.0,549.0,568.0,3066000.0,1136.0
2016-01-25,564,573.0,556.0,565.0,3506000.0,1130.0
2016-01-26,559,571.0,556.0,564.0,5488000.0,1128.0
2016-01-27,563,563.0,549.0,557.0,4088000.0,1114.0
2016-01-28,557,557.0,547.0,552.0,1286000.0,1104.0
2016-01-29,553,575.0,549.0,573.0,2087000.0,1146.0
2016-02-01,580,591.0,579.0,588.0,1709000.0,1176.0
2016-02-02,586,605.0,585.0,595.0,1691000.0,1190.0
2016-02-03,586,587.0,576.0,584.0,1036000.0,1168.0
2016-02-04,577,578.0,560.0,562.0,899000.0,1124.0
2016-02-05,552,553.0,529.0,537.0,1544000.0,1074.0
2016-02-08,534,553.0,532.0,549.0,920000.0,1098.0
2016-02-09,539,539.0,522.0,527.0,1225000.0,1054.0
2016-02-10,531,535.0,506.0,515.0,1481000.0,1030.0
2016-02-12,499,504.0,484.0,493.0,2223000.0,986.0
2016-02-15,505,527.0,505.0,521.0,1413000.0,1042.0
2016-02-16,512,530.0,512.0,516.0,1202000.0,1032.0
2016-02-17,522,524.0,503.0,509.0,1340000.0,1018.0
2016-02-18,519,526.0,514.0,523.0,1032000.0,1046.0
2016-02-19,518,522.0,512.0,517.0,736000.0,1034.0
2016-02-22,513,526.0,512.0,521.0,958000.0,1042.0
2016-02-23,526,531.0,507.0,509.0,1232000.0,1018.0
2016-02-24,506,523.0,505.0,519.0,759000.0,1038.0
2016-02-25,514,527.0,514.0,521.0,546000.0,1042.0
2016-02-26,522,526.0,511.0,511.0,518000.0,1022.0
2016-02-29,515,520.0,507.0,508.0,726000.0,1016.0
2016-03-01,508,514.0,503.0,512.0,1117000.0,1024.0
2016-03-02,517,520.0,510.0,516.0,929000.0,1032.0
2016-03-03,506,520.0,506.0,517.0,1149000.0,1034.0
2016-03-04,512,520.0,508.0,518.0,772000.0,1036.0
2016-03-07,518,523.0,515.0,520.0,787000.0,1040.0
2016-03-08,523,523.0,505.0,512.0,1201000.0,1024.0
2016-03-09,505,507.0,497.0,502.0,1135000.0,1004.0
2016-03-10,505,507.0,495.0,503.0,1281000.0,1006.0
2016-03-11,503,514.0,499.0,511.0,2458000.0,1022.0
2016-03-14,515,517.0,481.0,483.0,5478000.0,966.0
2016-03-15,483,502.0,483.0,496.0,2693000.0,992.0
2016-03-16,492,495.0,489.0,490.0,671000.0,980.0
2016-03-17,494,504.0,493.0,497.0,1134000.0,994.0
2016-03-18,495,502.0,492.0,502.0,1165000.0,1004.0
2016-03-22,506,514.0,506.0,514.0,1324000.0,1028.0
2016-03-23,513,523.0,510.0,521.0,1136000.0,1042.0
2016-03-24,519,524.0,517.0,521.0,760000.0,1042.0
2016-03-25,522,534.0,520.0,533.0,1130000.0,1066.0
2016-03-28,534,540.0,527.0,534.0,862000.0,1068.0
2016-03-29,527,527.0,520.0,523.0,1419000.0,1046.0
2016-03-30,524,525.0,512.0,512.0,999000.0,1024.0
2016-03-31,514,517.0,510.0,510.0,934000.0,1020.0
2016-04-01,510,511.0,497.0,498.0,1037000.0,996.0
2016-04-04,494,504.0,488.0,499.0,962000.0,998.0
2016-04-05,503,507.0,485.0,486.0,1066000.0,972.0
2016-04-06,478,486.0,473.0,481.0,840000.0,962.0
2016-04-07,482,490.0,481.0,482.0,803000.0,964.0
2016-04-08,479,495.0,475.0,489.0,1170000.0,978.0
2016-04-11,487,488.0,480.0,484.0,698000.0,968.0
2016-04-12,490,504.0,488.0,498.0,937000.0,996.0
2016-04-13,501,507.0,497.0,507.0,703000.0,1014.0
2016-04-14,510,517.0,507.0,517.0,709000.0,1034.0
2016-04-15,515,519.0,512.0,514.0,765000.0,1028.0
2016-04-18,504,508.0,498.0,498.0,732000.0,996.0
2016-04-19,512,515.0,506.0,515.0,791000.0,1030.0
2016-04-20,495,498.0,478.0,480.0,4637000.0,960.0
2016-04-21,479,482.0,473.0,480.0,2270000.0,960.0
2016-04-22,478,480.0,473.0,480.0,1826000.0,960.0
2016-04-25,484,484.0,475.0,476.0,1128000.0,952.0
2016-04-26,479,479.0,470.0,476.0,1297000.0,952.0
2016-04-27,478,479.0,473.0,478.0,869000.0,956.0
2016-04-28,479,480.0,466.0,466.0,1599000.0,932.0
2016-05-02,459,459.0,442.0,443.0,1475000.0,886.0
2016-05-06,444,444.0,433.0,437.0,1440000.0,874.0
2016-05-09,439,448.0,438.0,446.0,898000.0,892.0
2016-05-10,446,453.0,444.0,452.0,1137000.0,904.0
2016-05-11,453,456.0,445.0,446.0,1067000.0,892.0
2016-05-12,446,450.0,444.0,450.0,681000.0,900.0
2016-05-13,455,455.0,441.0,441.0,1167000.0,882.0
2016-05-16,441,445.0,433.0,433.0,880000.0,866.0
2016-05-17,439,444.0,436.0,443.0,721000.0,886.0
2016-05-18,442,452.0,440.0,445.0,1049000.0,890.0
2016-05-19,451,453.0,447.0,451.0,747000.0,902.0
2016-05-20,449,453.0,446.0,453.0,511000.0,906.0
2016-05-23,450,462.0,448.0,460.0,890000.0,920.0
2016-05-24,458,462.0,456.0,458.0,981000.0,916.0
2016-05-25,463,471.0,462.0,464.0,843000.0,928.0
2016-05-26,468,471.0,466.0,466.0,479000.0,932.0
2016-05-27,469,469.0,463.0,466.0,417000.0,932.0
2016-05-30,466,474.0,466.0,474.0,776000.0,948.0
2016-05-31,474,477.0,470.0,475.0,645000.0,950.0
2016-06-01,469,470.0,464.0,466.0,655000.0,932.0
2016-06-02,466,466.0,454.0,457.0,821000.0,914.0
2016-06-03,457,460.0,455.0,460.0,495000.0,920.0
2016-06-06,454,462.0,452.0,460.0,621000.0,920.0
2016-06-07,462,463.0,452.0,454.0,840000.0,908.0
2016-06-08,455,458.0,453.0,457.0,481000.0,914.0
2016-06-09,453,457.0,451.0,454.0,396000.0,908.0
2016-06-10,454,456.0,451.0,455.0,1269000.0,910.0
2016-06-13,459,468.0,455.0,462.0,1454000.0,924.0
2016-06-14,465,465.0,448.0,453.0,1123000.0,906.0
2016-06-15,450,457.0,447.0,455.0,682000.0,910.0
2016-06-16,458,458.0,440.0,442.0,715000.0,884.0
2016-06-17,447,450.0,438.0,441.0,1044000.0,882.0
2016-06-20,444,465.0,444.0,465.0,1062000.0,930.0
2016-06-21,461,468.0,460.0,466.0,619000.0,932.0
2016-06-22,468,470.0,463.0,466.0,728000.0,932.0
2016-06-23,469,469.0,462.0,466.0,379000.0,932.0
2016-06-24,470,471.0,428.0,432.0,1159000.0,864.0
2016-06-27,437,441.0,433.0,441.0,695000.0,882.0
2016-06-28,433,448.0,430.0,441.0,619000.0,882.0
2016-06-29,445,449.0,439.0,446.0,790000.0,892.0
2016-06-30,452,465.0,452.0,463.0,850000.0,926.0
2016-07-01,468,472.0,463.0,465.0,764000.0,930.0
2016-07-04,459,470.0,459.0,470.0,448000.0,940.0
2016-07-05,468,468.0,460.0,462.0,336000.0,924.0
2016-07-06,456,462.0,450.0,462.0,784000.0,924.0
2016-07-07,461,463.0,458.0,462.0,525000.0,924.0
2016-07-08,461,466.0,451.0,453.0,1234000.0,906.0
2016-07-11,461,475.0,459.0,472.0,1065000.0,944.0
2016-07-12,475,478.0,466.0,469.0,853000.0,938.0
2016-07-13,475,475.0,462.0,466.0,703000.0,932.0
2016-07-14,466,477.0,465.0,477.0,734000.0,954.0
2016-07-15,475,477.0,464.0,466.0,514000.0,932.0
2016-07-19,470,478.0,465.0,476.0,510000.0,952.0
2016-07-20,476,476.0,470.0,472.0,519000.0,944.0
2016-07-21,477,478.0,473.0,475.0,381000.0,950.0
2016-07-22,468,472.0,468.0,471.0,318000.0,942.0
2016-07-25,469,478.0,468.0,476.0,550000.0,952.0
2016-07-26,473,476.0,469.0,469.0,544000.0,938.0
2016-07-27,925,936.0,908.0,915.0,533000.0,915.0
2016-07-28,911,927.0,896.0,925.0,488900.0,925.0
2016-07-29,918,936.0,901.0,920.0,617700.0,920.0
2016-08-01,920,935.0,902.0,930.0,442900.0,930.0
2016-08-02,925,937.0,920.0,926.0,424900.0,926.0
2016-08-03,907,909.0,880.0,882.0,582400.0,882.0
2016-08-04,886,891.0,866.0,881.0,428700.0,881.0
2016-08-05,877,899.0,877.0,897.0,416900.0,897.0
2016-08-08,900,913.0,888.0,898.0,290400.0,898.0
2016-08-09,904,924.0,902.0,921.0,332800.0,921.0
2016-08-10,915,922.0,909.0,914.0,346300.0,914.0
2016-08-12,927,940.0,921.0,938.0,473600.0,938.0
2016-08-15,938,939.0,931.0,932.0,157900.0,932.0
2016-08-16,937,939.0,917.0,920.0,324800.0,920.0
2016-08-17,918,924.0,907.0,917.0,263100.0,917.0
2016-08-18,912,918.0,903.0,908.0,312900.0,908.0
2016-08-19,916,917.0,899.0,903.0,180700.0,903.0
2016-08-22,916,931.0,914.0,926.0,240200.0,926.0
2016-08-23,913,925.0,909.0,912.0,280100.0,912.0
2016-08-24,901,928.0,901.0,920.0,307400.0,920.0
2016-08-25,926,930.0,921.0,928.0,467000.0,928.0
2016-08-26,929,929.0,901.0,912.0,478900.0,912.0
2016-08-29,919,927.0,912.0,925.0,340100.0,925.0
2016-08-30,927,963.0,924.0,961.0,676100.0,961.0
2016-08-31,960,960.0,927.0,932.0,354400.0,932.0
2016-09-01,923,941.0,918.0,935.0,405700.0,935.0
2016-09-02,960,987.0,953.0,983.0,1134500.0,983.0
2016-09-05,984,984.0,971.0,975.0,456900.0,975.0
2016-09-06,981,983.0,974.0,977.0,392500.0,977.0
2016-09-07,975,983.0,964.0,981.0,313900.0,981.0
2016-09-08,978,985.0,976.0,984.0,263600.0,984.0
2016-09-09,975,983.0,960.0,968.0,592500.0,968.0
2016-09-12,977,992.0,975.0,990.0,541000.0,990.0
2016-09-13,994,1003.0,985.0,999.0,435900.0,999.0
2016-09-14,984,984.0,958.0,966.0,454100.0,966.0
2016-09-15,974,987.0,967.0,979.0,426800.0,979.0
2016-09-16,984,988.0,978.0,982.0,300000.0,982.0
2016-09-20,976,989.0,968.0,980.0,276100.0,980.0
2016-09-21,980,1001.0,972.0,1000.0,415600.0,1000.0
2016-09-23,1003,1003.0,979.0,981.0,449400.0,981.0
2016-09-26,993,1002.0,981.0,983.0,372200.0,983.0
2016-09-27,974,977.0,955.0,974.0,447500.0,974.0
2016-09-28,963,968.0,951.0,953.0,244900.0,953.0
2016-09-29,960,974.0,959.0,964.0,279800.0,964.0
2016-09-30,949,949.0,935.0,943.0,355000.0,943.0
2016-10-03,958,961.0,944.0,948.0,266800.0,948.0
2016-10-04,946,948.0,939.0,944.0,277500.0,944.0
2016-10-05,946,946.0,939.0,940.0,257200.0,940.0
2016-10-06,945,957.0,940.0,955.0,307600.0,955.0
2016-10-07,961,965.0,953.0,962.0,330700.0,962.0
2016-10-11,970,973.0,959.0,966.0,294300.0,966.0
2016-10-12,961,963.0,951.0,951.0,193800.0,951.0
2016-10-13,959,959.0,944.0,946.0,146100.0,946.0
2016-10-14,944,954.0,941.0,941.0,474100.0,941.0
2016-10-17,942,955.0,942.0,949.0,265200.0,949.0
2016-10-18,949,960.0,945.0,960.0,163600.0,960.0
2016-10-19,955,959.0,949.0,959.0,186800.0,959.0
2016-10-20,956,980.0,956.0,980.0,379700.0,980.0
2016-10-21,985,990.0,980.0,984.0,281800.0,984.0
2016-10-24,985,992.0,980.0,990.0,168800.0,990.0
2016-10-25,992,998.0,983.0,998.0,228700.0,998.0
2016-10-26,995,998.0,990.0,998.0,188700.0,998.0
2016-10-27,999,1005.0,992.0,1000.0,188600.0,1000.0
2016-10-28,1009,1012.0,1002.0,1010.0,267400.0,1010.0
2016-10-31,1004,1010.0,998.0,999.0,138700.0,999.0
2016-11-01,1003,1037.0,1001.0,1028.0,388400.0,1028.0
2016-11-02,1031,1034.0,1019.0,1024.0,265100.0,1024.0
2016-11-04,1021,1027.0,1010.0,1024.0,291300.0,1024.0
2016-11-07,1029,1070.0,1029.0,1065.0,438100.0,1065.0
2016-11-08,1067,1076.0,1060.0,1070.0,362000.0,1070.0
2016-11-09,1077,1082.0,1000.0,1003.0,583200.0,1003.0
2016-11-10,1071,1080.0,1051.0,1070.0,364900.0,1070.0
2016-11-11,1082,1087.0,1072.0,1077.0,453100.0,1077.0
2016-11-14,1077,1098.0,1074.0,1098.0,271600.0,1098.0
2016-11-15,1096,1096.0,1085.0,1095.0,216200.0,1095.0
2016-11-16,1100,1125.0,1100.0,1119.0,371800.0,1119.0
2016-11-17,1118,1124.0,1106.0,1113.0,292900.0,1113.0
2016-11-18,1120,1145.0,1116.0,1138.0,510300.0,1138.0
2016-11-21,1149,1150.0,1140.0,1146.0,244900.0,1146.0
2016-11-22,1147,1147.0,1125.0,1131.0,395000.0,1131.0
2016-11-24,1148,1166.0,1140.0,1157.0,348900.0,1157.0
2016-11-25,1158,1164.0,1152.0,1158.0,281600.0,1158.0
2016-11-28,1160,1163.0,1149.0,1159.0,209200.0,1159.0
2016-11-29,1152,1165.0,1145.0,1146.0,457600.0,1146.0
2016-11-30,1155,1186.0,1151.0,1177.0,432500.0,1177.0
2016-12-01,1187,1196.0,1178.0,1183.0,307200.0,1183.0
2016-12-02,1167,1196.0,1167.0,1192.0,353900.0,1192.0
2016-12-05,1192,1192.0,1169.0,1173.0,281800.0,1173.0
2016-12-06,1195,1195.0,1172.0,1177.0,400100.0,1177.0
2016-12-07,1174,1183.0,1171.0,1176.0,278200.0,1176.0
2016-12-08,1191,1195.0,1175.0,1182.0,303400.0,1182.0
2016-12-09,1188,1200.0,1178.0,1197.0,851100.0,1197.0
2016-12-12,1205,1215.0,1190.0,1198.0,340900.0,1198.0
2016-12-13,1202,1207.0,1193.0,1204.0,237700.0,1204.0
2016-12-14,1212,1232.0,1209.0,1225.0,428000.0,1225.0
2016-12-15,1218,1226.0,1196.0,1203.0,333900.0,1203.0
2016-12-16,1207,1207.0,1172.0,1180.0,760100.0,1180.0
2016-12-19,1187,1193.0,1162.0,1167.0,371100.0,1167.0
2016-12-20,1163,1185.0,1161.0,1183.0,323000.0,1183.0
2016-12-21,1183,1183.0,1171.0,1175.0,276800.0,1175.0
2016-12-22,1175,1178.0,1165.0,1172.0,192500.0,1172.0
2016-12-26,1169,1179.0,1165.0,1170.0,204400.0,1170.0
2016-12-27,1167,1169.0,1158.0,1159.0,259600.0,1159.0
2016-12-28,1158,1174.0,1141.0,1174.0,258000.0,1174.0
2016-12-29,1170,1178.0,1157.0,1162.0,259900.0,1162.0
2016-12-30,1152,1161.0,1144.0,1152.0,219800.0,1152.0
2017-01-04,1161,1170.0,1145.0,1163.0,353200.0,1163.0
