Date,Open,High,Low,Close,Volume,Adj Close
2008-10-20,3680,3930,3610,3890,2359500,3890
2008-10-21,4040,4110,4010,4080,2322500,4080
2008-10-22,3930,4010,3730,3730,2333300,3730
2008-10-23,3650,3730,3480,3680,3813900,3680
2008-10-24,3650,3650,3300,3320,2902400,3320
2008-10-27,3370,3480,3330,3370,4433100,3370
2008-10-28,3270,3430,3230,3290,3444300,3290
2008-10-29,3490,3790,2790,3410,7212400,3410
2008-10-30,3530,3760,3320,3760,2980700,3760
2008-10-31,3860,3900,3640,3680,2823200,3680
2008-11-04,3740,3830,3570,3790,1842000,3790
2008-11-05,3800,3890,3640,3770,1695100,3770
2008-11-06,3720,3980,3670,3840,3429300,3840
2008-11-07,3840,3870,3610,3780,2658200,3780
2008-11-10,3830,4010,3790,3990,2487700,3990
2008-11-11,3950,4100,3930,4020,1943400,4020
2008-11-12,3980,4110,3970,4050,1695500,4050
2008-11-13,3980,4040,3950,3970,2862000,3970
2008-11-14,4120,4340,4080,4250,3157100,4250
2008-11-17,4250,4360,4130,4350,2533800,4350
2008-11-18,4330,4380,4290,4350,2122600,4350
2008-11-19,4350,4440,4330,4430,2497000,4430
2008-11-20,4360,4440,4270,4270,2182700,4270
2008-11-21,4180,4430,4160,4370,2382000,4370
2008-11-25,4460,4600,4420,4600,2483600,4600
2008-11-26,4600,4700,4470,4470,2704300,4470
2008-11-27,4490,4560,4380,4420,1800000,4420
2008-11-28,4420,4450,4390,4430,1080200,4430
2008-12-01,4430,4450,4330,4330,1478700,4330
2008-12-02,4280,4290,4220,4230,1620100,4230
2008-12-03,4240,4280,4210,4240,1167000,4240
2008-12-04,4250,4270,4180,4210,1643700,4210
2008-12-05,4210,4280,4200,4230,1048600,4230
2008-12-08,4240,4400,4210,4390,1234700,4390
2008-12-09,4340,4350,4210,4220,1595300,4220
2008-12-10,4230,4420,4230,4420,1410800,4420
2008-12-11,4430,4530,4360,4530,1448800,4530
2008-12-12,4470,4590,4440,4460,3765300,4460
2008-12-15,4560,4680,4530,4660,1334700,4660
2008-12-16,4660,4660,4590,4640,1261900,4640
2008-12-17,4680,4700,4540,4590,1670200,4590
2008-12-18,4490,4570,4420,4470,1801300,4470
2008-12-19,4420,4490,4390,4400,1317600,4400
2008-12-22,4330,4330,4230,4280,1316200,4280
2008-12-24,4180,4390,4150,4360,1005500,4360
2008-12-25,4360,4430,4360,4420,294200,4420
2008-12-26,4460,4500,4440,4480,277400,4480
2008-12-29,4480,4520,4430,4510,442500,4510
2008-12-30,4460,4600,4440,4600,409000,4600
2009-01-05,4700,4700,4560,4570,295100,4570
2009-01-06,4610,4620,4470,4480,839100,4480
2009-01-07,4480,4480,4340,4370,1276900,4370
2009-01-08,4320,4450,4300,4380,711400,4380
2009-01-09,4430,4460,4360,4400,1046200,4400
2009-01-13,4360,4360,4180,4180,1307200,4180
2009-01-14,4130,4150,4040,4060,1195700,4060
2009-01-15,3930,3960,3850,3880,2003400,3880
2009-01-16,3930,3960,3830,3920,1762800,3920
2009-01-19,3960,3960,3860,3880,676200,3880
2009-01-20,3810,3830,3660,3750,1733900,3750
2009-01-21,3650,3730,3550,3630,2096600,3630
2009-01-22,3630,3690,3520,3620,1978600,3620
2009-01-23,3610,3730,3540,3710,1642300,3710
2009-01-26,3660,3730,3630,3680,1256100,3680
2009-01-27,3730,3780,3690,3720,1143300,3720
2009-01-28,3750,3910,3730,3860,1380400,3860
2009-01-29,3960,4010,3830,3890,1796200,3890
2009-01-30,3840,3870,3760,3820,945200,3820
2009-02-02,3730,3790,3710,3750,1075400,3750
2009-02-03,3760,3810,3640,3670,873100,3670
2009-02-04,3720,3790,3680,3770,1239100,3770
2009-02-05,3570,3700,3470,3700,2533600,3700
2009-02-06,3650,3680,3530,3560,1824900,3560
2009-02-09,3550,3590,3360,3370,1418600,3370
2009-02-10,3460,3520,3450,3480,1142300,3480
2009-02-12,3390,3490,3360,3400,1679000,3400
2009-02-13,3500,3630,3500,3600,2230800,3600
2009-02-16,3550,3640,3480,3570,1465500,3570
2009-02-17,3560,3630,3540,3610,661700,3610
2009-02-18,3560,3600,3440,3440,1192800,3440
2009-02-19,3520,3550,3450,3470,1108200,3470
2009-02-20,3420,3470,3360,3360,1337100,3360
2009-02-23,3320,3390,3300,3350,920000,3350
2009-02-24,3270,3300,3230,3270,872000,3270
2009-02-25,3320,3340,3190,3320,923000,3320
2009-02-26,3350,3440,3340,3400,1150100,3400
2009-02-27,3360,3420,3300,3390,1217800,3390
2009-03-02,3240,3290,3220,3240,1053200,3240
2009-03-03,3160,3250,3120,3210,893600,3210
2009-03-04,3120,3220,3100,3180,1597200,3180
2009-03-05,3150,3210,3140,3190,1181600,3190
2009-03-06,3180,3200,3120,3140,1075400,3140
2009-03-09,3140,3180,3120,3130,854200,3130
2009-03-10,3160,3200,3120,3130,601500,3130
2009-03-11,3240,3280,3210,3280,835400,3280
2009-03-12,3250,3350,3250,3290,1128700,3290
2009-03-13,3450,3480,3380,3470,3691100,3470
2009-03-16,3420,3590,3410,3560,1219300,3560
2009-03-17,3610,3670,3550,3640,949100,3640
2009-03-18,3690,3740,3650,3740,1085600,3740
2009-03-19,3750,3820,3720,3760,952700,3760
2009-03-23,3720,3830,3690,3780,985300,3780
2009-03-24,3830,3880,3780,3880,1832500,3880
2009-03-25,3850,3880,3810,3830,1332200,3830
2009-03-26,3780,3790,3690,3760,1162100,3760
2009-03-27,3810,3810,3670,3700,1127000,3700
2009-03-30,3780,3810,3630,3630,1217200,3630
2009-03-31,3680,3760,3580,3630,1248500,3630
2009-04-01,3480,3630,3420,3630,1005900,3630
2009-04-02,3590,3760,3590,3750,1116600,3750
2009-04-03,3710,3740,3610,3640,1289000,3640
2009-04-06,3670,3790,3650,3790,1126400,3790
2009-04-07,3740,3810,3740,3770,822100,3770
2009-04-08,3810,3880,3780,3800,1413200,3800
2009-04-09,3820,3820,3740,3790,890600,3790
2009-04-10,3890,3890,3730,3750,1641400,3750
2009-04-13,3750,3760,3660,3670,595600,3670
2009-04-14,3750,3790,3670,3750,1030700,3750
2009-04-15,3820,3850,3760,3840,797800,3840
2009-04-16,3870,3890,3730,3750,1123400,3750
2009-04-17,3800,3880,3760,3780,711700,3780
2009-04-20,3730,3810,3730,3750,538900,3750
2009-04-21,3670,3750,3660,3700,701700,3700
2009-04-22,3750,3780,3670,3680,1283800,3680
2009-04-23,3660,3660,3580,3650,1157000,3650
2009-04-24,3580,3600,3470,3520,1365700,3520
2009-04-27,3540,3560,3450,3500,797400,3500
2009-04-28,3450,3520,3430,3430,1006600,3430
2009-04-30,3560,3640,3560,3640,1364400,3640
2009-05-01,3640,3670,3570,3640,730100,3640
2009-05-07,3670,3710,3430,3470,2406300,3470
2009-05-08,3520,3620,3480,3580,2404700,3580
2009-05-11,3580,3940,3580,3940,2801600,3940
2009-05-12,3890,3930,3760,3800,1357000,3800
2009-05-13,3820,3900,3820,3860,866300,3860
2009-05-14,3780,3830,3760,3800,861600,3800
2009-05-15,3770,3860,3760,3790,696100,3790
2009-05-18,3790,3820,3710,3760,1003400,3760
2009-05-19,3850,3940,3840,3890,1124500,3890
2009-05-20,3940,3980,3910,3960,782300,3960
2009-05-21,3910,3920,3850,3880,711300,3880
2009-05-22,3890,3960,3860,3940,886600,3940
2009-05-25,3960,4070,3960,4020,1024100,4020
2009-05-26,4030,4040,3900,3980,917300,3980
2009-05-27,4050,4100,4020,4100,1109100,4100
2009-05-28,4090,4100,4020,4030,678200,4030
2009-05-29,3980,4020,3920,3960,969900,3960
2009-06-01,3910,3920,3850,3880,1294300,3880
2009-06-02,3910,3920,3830,3860,1037900,3860
2009-06-03,3850,3890,3840,3870,699900,3870
2009-06-04,3860,3880,3830,3860,725500,3860
2009-06-05,3910,3910,3770,3790,1311200,3790
2009-06-08,3800,3880,3790,3840,614000,3840
2009-06-09,3850,3860,3800,3850,665600,3850
2009-06-10,3850,3920,3830,3920,697100,3920
2009-06-11,3860,3860,3790,3790,922000,3790
2009-06-12,3840,3880,3810,3880,3763800,3880
2009-06-15,3880,3980,3830,3950,1119600,3950
2009-06-16,3900,3930,3860,3890,1250800,3890
2009-06-17,3900,3920,3850,3880,678300,3880
2009-06-18,3860,3890,3840,3850,695300,3850
2009-06-19,3910,3940,3870,3900,1056600,3900
2009-06-22,3920,4000,3920,3980,863300,3980
2009-06-23,3930,3950,3880,3920,1132200,3920
2009-06-24,3890,3930,3820,3840,1229800,3840
2009-06-25,3850,3950,3840,3920,993100,3920
2009-06-26,3920,3920,3850,3920,715900,3920
2009-06-29,3920,3940,3890,3910,719200,3910
2009-06-30,3920,3960,3900,3920,955900,3920
2009-07-01,3950,4060,3920,3970,1023900,3970
2009-07-02,4020,4040,3960,4010,1288500,4010
2009-07-03,3970,4010,3960,3970,992100,3970
2009-07-06,3970,3980,3910,3930,552400,3930
2009-07-07,3960,4040,3950,4020,722900,4020
2009-07-08,3980,4020,3950,3950,785000,3950
2009-07-09,3960,4010,3950,3990,950900,3990
2009-07-10,4080,4130,4030,4070,2441200,4070
2009-07-13,4080,4120,3990,4000,770600,4000
2009-07-14,4010,4020,3900,3920,1048000,3920
2009-07-15,3970,4000,3900,3920,904900,3920
2009-07-16,3990,4010,3960,3980,862500,3980
2009-07-17,4000,4010,3950,3970,355700,3970
2009-07-21,4040,4070,3970,4020,686500,4020
2009-07-22,4020,4040,3960,4010,737500,4010
2009-07-23,3980,4030,3980,3990,610100,3990
2009-07-24,4010,4070,3980,4050,809800,4050
2009-07-27,4090,4170,4080,4130,994700,4130
2009-07-28,4160,4170,4040,4040,908500,4040
2009-07-29,4050,4140,4050,4070,746500,4070
2009-07-30,4110,4120,4020,4060,554000,4060
2009-07-31,4100,4100,4030,4050,830600,4050
2009-08-03,4080,4090,4020,4040,666400,4040
2009-08-04,4050,4120,4050,4060,1033000,4060
2009-08-05,4100,4150,4080,4090,853100,4090
2009-08-06,4090,4190,4080,4140,692900,4140
2009-08-07,4130,4170,4110,4170,630000,4170
2009-08-10,4240,4240,4150,4160,700700,4160
2009-08-11,4170,4260,4170,4260,576900,4260
2009-08-12,4210,4210,4120,4150,942400,4150
2009-08-13,4190,4210,4130,4180,640200,4180
2009-08-14,4210,4210,4130,4140,1187700,4140
2009-08-17,4150,4150,4030,4040,610900,4040
2009-08-18,4080,4130,4050,4120,574500,4120
2009-08-19,4090,4100,4030,4050,997800,4050
2009-08-20,4050,4140,4040,4130,505700,4130
2009-08-21,4060,4060,4000,4020,988200,4020
2009-08-24,4120,4180,4100,4160,616700,4160
2009-08-25,4060,4120,4040,4060,777500,4060
2009-08-26,4040,4090,4030,4080,967800,4080
2009-08-27,4070,4080,4040,4050,359200,4050
2009-08-28,4080,4130,4060,4120,551300,4120
2009-08-31,4210,4370,4160,4200,1346000,4200
2009-09-01,4200,4240,4160,4160,554800,4160
2009-09-02,4190,4190,4100,4170,891200,4170
2009-09-03,4170,4180,4120,4120,587000,4120
2009-09-04,4170,4170,4070,4070,623000,4070
2009-09-07,4100,4120,4070,4100,461800,4100
2009-09-08,4080,4140,4080,4130,298700,4130
2009-09-09,4140,4190,4110,4160,581000,4160
2009-09-10,4200,4420,4190,4360,1691500,4360
2009-09-11,4380,4380,4270,4340,3292900,4340
2009-09-14,4350,4350,4230,4280,788800,4280
2009-09-15,4320,4320,4280,4290,591300,4290
2009-09-16,4320,4370,4260,4270,662600,4270
2009-09-17,4280,4390,4280,4380,896300,4380
2009-09-18,4390,4430,4340,4380,699200,4380
2009-09-24,4480,4600,4470,4520,1313600,4520
2009-09-25,4520,4520,4370,4390,901100,4390
2009-09-28,4310,4460,4280,4380,815300,4380
2009-09-29,4390,4550,4340,4530,1136900,4530
2009-09-30,4480,4530,4430,4520,898000,4520
2009-10-01,4520,4640,4490,4600,1259400,4600
2009-10-02,4550,4580,4480,4480,1298300,4480
2009-10-05,4470,4530,4360,4400,926200,4400
2009-10-06,4380,4410,4290,4390,949300,4390
2009-10-07,4320,4340,4270,4270,1482900,4270
2009-10-08,4320,4320,4240,4290,824000,4290
2009-10-09,4300,4310,4210,4310,1889900,4310
2009-10-13,4270,4290,4220,4250,635100,4250
2009-10-14,4320,4350,4260,4280,818700,4280
2009-10-15,4320,4370,4290,4310,834500,4310
2009-10-16,4270,4360,4250,4300,833400,4300
2009-10-19,4310,4360,4290,4340,547100,4340
2009-10-20,4380,4400,4350,4370,368300,4370
2009-10-21,4320,4380,4310,4310,478900,4310
2009-10-22,4280,4330,4270,4310,661000,4310
2009-10-23,4270,4340,4270,4320,510700,4320
2009-10-26,4280,4370,4260,4340,516900,4340
2009-10-27,4300,4320,4260,4260,672400,4260
2009-10-28,4240,4260,4200,4220,783500,4220
2009-10-29,4180,4190,4060,4060,1116100,4060
2009-10-30,4110,4270,4110,4250,1448300,4250
2009-11-02,4200,4220,4100,4180,1168800,4180
2009-11-04,4230,4240,4100,4180,673800,4180
2009-11-05,4130,4180,4100,4100,785600,4100
2009-11-06,4150,4190,4120,4150,560500,4150
2009-11-09,4210,4340,4210,4300,1037300,4300
2009-11-10,4310,4330,4220,4220,701300,4220
2009-11-11,4200,4270,4160,4170,765200,4170
2009-11-12,4240,4250,4180,4200,717100,4200
2009-11-13,4210,4260,4180,4180,943800,4180
2009-11-16,4230,4250,4190,4220,326500,4220
2009-11-17,4270,4320,4250,4270,860700,4270
2009-11-18,4290,4340,4250,4250,1101900,4250
2009-11-19,4270,4270,4200,4240,693400,4240
2009-11-20,4190,4220,4160,4210,566500,4210
2009-11-24,4180,4190,4110,4120,882100,4120
2009-11-25,4170,4190,4110,4170,878700,4170
2009-11-26,4070,4110,4040,4070,979000,4070
2009-11-27,4010,4050,3960,3960,1242500,3960
2009-11-30,4000,4050,3940,4040,1040000,4040
2009-12-01,4050,4170,4020,4120,1492300,4120
2009-12-02,4140,4150,4080,4110,750100,4110
2009-12-03,4160,4300,4140,4300,1024800,4300
2009-12-04,4300,4320,4270,4310,702000,4310
2009-12-07,4330,4350,4270,4310,641500,4310
2009-12-08,4330,4410,4310,4380,986200,4380
2009-12-09,4370,4370,4320,4330,640400,4330
2009-12-10,4340,4380,4310,4310,752600,4310
2009-12-11,4380,4380,4320,4370,2825900,4370
2009-12-14,4390,4400,4330,4380,583200,4380
2009-12-15,4320,4350,4300,4320,519600,4320
2009-12-16,4380,4400,4320,4350,671400,4350
2009-12-17,4330,4410,4320,4320,747500,4320
2009-12-18,4370,4400,4310,4390,700100,4390
2009-12-21,4390,4430,4380,4410,463100,4410
2009-12-22,4420,4470,4340,4470,692800,4470
2009-12-24,4340,4410,4340,4390,1170800,4390
2009-12-25,4360,4380,4330,4360,414400,4360
2009-12-28,4370,4420,4350,4420,427200,4420
2009-12-29,4470,4510,4410,4500,1133200,4500
2009-12-30,4520,4520,4420,4420,571400,4420
2010-01-04,4410,4465,4405,4460,321800,4460
2010-01-05,4530,4540,4440,4460,782300,4460
2010-01-06,4465,4490,4415,4470,550700,4470
2010-01-07,4445,4450,4375,4430,671000,4430
2010-01-08,4480,4480,4345,4360,1950700,4360
2010-01-12,4420,4470,4395,4450,745400,4450
2010-01-13,4385,4435,4350,4350,729000,4350
2010-01-14,4310,4380,4305,4345,881600,4345
2010-01-15,4310,4325,4270,4310,1188000,4310
2010-01-18,4250,4275,4220,4265,1155400,4265
2010-01-19,4215,4255,4205,4245,747100,4245
2010-01-20,4250,4290,4235,4245,491500,4245
2010-01-21,4200,4270,4190,4270,1319900,4270
2010-01-22,4290,4290,4205,4215,1393700,4215
2010-01-25,4190,4200,4160,4180,1033100,4180
2010-01-26,4170,4200,4155,4165,838500,4165
2010-01-27,4145,4170,4120,4125,675900,4125
2010-01-28,4165,4180,4090,4180,924500,4180
2010-01-29,4095,4110,4035,4045,1355200,4045
2010-02-01,4075,4075,4020,4060,902100,4060
2010-02-02,4090,4090,4040,4080,639100,4080
2010-02-03,4135,4180,4115,4155,669400,4155
2010-02-04,4185,4210,4120,4135,784000,4135
2010-02-05,4045,4065,4010,4020,905500,4020
2010-02-08,4025,4045,4000,4025,474600,4025
2010-02-09,3990,4070,3965,4055,826800,4055
2010-02-10,4085,4090,4025,4050,799400,4050
2010-02-12,4090,4090,4035,4065,819100,4065
2010-02-15,4040,4080,4040,4045,306400,4045
2010-02-16,4040,4055,4030,4030,278500,4030
2010-02-17,4075,4130,4065,4115,498300,4115
2010-02-18,4115,4130,4075,4105,427500,4105
2010-02-19,4100,4110,4015,4015,541000,4015
2010-02-22,4120,4180,4105,4130,729900,4130
2010-02-23,4080,4110,4075,4090,421300,4090
2010-02-24,4045,4060,4005,4035,795600,4035
2010-02-25,4045,4065,4025,4025,492200,4025
2010-02-26,4015,4105,4015,4080,915400,4080
2010-03-01,4090,4110,4065,4080,300600,4080
2010-03-02,4110,4120,4085,4120,384300,4120
2010-03-03,4145,4185,4120,4160,819900,4160
2010-03-04,4195,4195,4100,4105,632500,4105
2010-03-05,4150,4235,4140,4190,940300,4190
2010-03-08,4240,4240,4160,4175,905300,4175
2010-03-09,4150,4165,4120,4150,749700,4150
2010-03-10,4120,4150,4115,4115,489300,4115
2010-03-11,4120,4135,4070,4105,768000,4105
2010-03-12,4145,4220,4115,4210,4144800,4210
2010-03-15,4240,4240,4200,4210,450900,4210
2010-03-16,4190,4245,4185,4220,613300,4220
2010-03-17,4230,4255,4160,4185,955700,4185
2010-03-18,4130,4145,4105,4130,1057200,4130
2010-03-19,4115,4140,4115,4140,562500,4140
2010-03-23,4090,4115,4085,4095,752000,4095
2010-03-24,4130,4180,4110,4120,682700,4120
2010-03-25,4100,4110,4010,4030,1611000,4030
2010-03-26,4060,4095,4035,4095,1206100,4095
2010-03-29,4030,4045,4010,4025,884700,4025
2010-03-30,4025,4090,4005,4085,967800,4085
2010-03-31,4075,4105,4060,4090,776900,4090
2010-04-01,4140,4145,4095,4140,1363900,4140
2010-04-02,4100,4135,4065,4065,1304500,4065
2010-04-05,4110,4125,4090,4110,560300,4110
2010-04-06,4140,4150,4120,4145,844500,4145
2010-04-07,4120,4130,4085,4085,1461000,4085
2010-04-08,4035,4070,4035,4060,1560400,4060
2010-04-09,4030,4055,4000,4005,3108800,4005
2010-04-12,4010,4035,4005,4010,1600400,4010
2010-04-13,4010,4030,4005,4030,905100,4030
2010-04-14,4050,4065,4035,4045,592500,4045
2010-04-15,4095,4110,4065,4085,1033600,4085
2010-04-16,4095,4095,4060,4065,989900,4065
2010-04-19,4035,4045,4020,4030,761800,4030
2010-04-20,4045,4090,4035,4080,751700,4080
2010-04-21,4105,4115,4085,4090,634800,4090
2010-04-22,4115,4140,4060,4075,966900,4075
2010-04-23,4090,4100,4070,4075,812900,4075
2010-04-26,4080,4120,4075,4115,566600,4115
2010-04-27,4100,4115,4075,4095,515900,4095
2010-04-28,4025,4035,4015,4015,1190800,4015
2010-04-30,4035,4105,4035,4090,829600,4090
2010-05-06,4015,4030,4010,4020,1187800,4020
2010-05-07,3980,3995,3855,3875,1826600,3875
2010-05-10,3870,3950,3850,3910,1389900,3910
2010-05-11,3920,4010,3915,3955,1712400,3955
2010-05-12,4025,4035,3980,4015,1203400,4015
2010-05-13,4055,4115,4045,4105,920900,4105
2010-05-14,4065,4090,4040,4060,1196900,4060
2010-05-17,4020,4050,3975,4040,1161400,4040
2010-05-18,4110,4165,4105,4135,1924600,4135
2010-05-19,4065,4105,4060,4085,1010700,4085
2010-05-20,4095,4135,4070,4080,929800,4080
2010-05-21,4000,4030,3960,3980,1781100,3980
2010-05-24,3945,3985,3920,3965,963800,3965
2010-05-25,3910,3915,3835,3855,1244500,3855
2010-05-26,3925,3955,3845,3845,1494400,3845
2010-05-27,3825,3900,3790,3875,1083300,3875
2010-05-28,3910,3945,3865,3930,1583400,3930
2010-05-31,3900,3920,3870,3900,789500,3900
2010-06-01,3885,3910,3800,3890,595400,3890
2010-06-02,3930,4005,3910,3960,1195600,3960
2010-06-03,4015,4040,3980,3990,872300,3990
2010-06-04,3920,3935,3885,3910,1306700,3910
2010-06-07,3840,3870,3810,3830,908900,3830
2010-06-08,3800,3855,3785,3840,988500,3840
2010-06-09,3865,3955,3840,3935,1847700,3935
2010-06-10,3970,3995,3965,3975,789400,3975
2010-06-11,4035,4035,3950,3995,4100700,3995
2010-06-14,4025,4055,4005,4045,616800,4045
2010-06-15,4005,4010,3975,4000,690200,4000
2010-06-16,4070,4085,4045,4075,659400,4075
2010-06-17,4035,4075,4015,4050,636600,4050
2010-06-18,4030,4050,4015,4035,650000,4035
2010-06-21,4105,4160,4095,4145,956700,4145
2010-06-22,4105,4105,4065,4080,756800,4080
2010-06-23,4030,4040,4000,4020,650400,4020
2010-06-24,4025,4085,4025,4040,526600,4040
2010-06-25,3970,4010,3960,4005,839600,4005
2010-06-28,4015,4020,3960,3970,356400,3970
2010-06-29,3980,4040,3975,3990,761300,3990
2010-06-30,3935,3980,3890,3955,1013600,3955
2010-07-01,3925,3935,3900,3925,849000,3925
2010-07-02,3930,3940,3875,3895,862900,3895
2010-07-05,3905,3970,3900,3960,514600,3960
2010-07-06,3930,3990,3905,3975,825600,3975
2010-07-07,3980,3990,3945,3990,656100,3990
2010-07-08,4075,4090,4060,4090,930600,4090
2010-07-09,4140,4145,4100,4130,1299500,4130
2010-07-12,4135,4140,4115,4120,610400,4120
2010-07-13,4130,4170,4125,4140,817100,4140
2010-07-14,4200,4210,4185,4190,851600,4190
2010-07-15,4150,4225,4145,4200,1094600,4200
2010-07-16,4200,4205,4095,4105,1056000,4105
2010-07-20,4060,4110,4050,4080,808700,4080
2010-07-21,4100,4100,4040,4075,673700,4075
2010-07-22,4050,4065,4020,4050,1011500,4050
2010-07-23,4090,4100,4050,4080,845900,4080
2010-07-26,4075,4075,4035,4050,699100,4050
2010-07-27,4050,4050,4005,4040,862300,4040
2010-07-28,4050,4100,4050,4090,1005200,4090
2010-07-29,4050,4055,4025,4035,711900,4035
2010-07-30,4030,4030,3945,3965,1093600,3965
2010-08-02,4010,4020,3965,3980,478200,3980
2010-08-03,4050,4050,4000,4040,714000,4040
2010-08-04,4020,4055,4010,4045,842600,4045
2010-08-05,4070,4085,4050,4060,1148200,4060
2010-08-06,4000,4010,3965,3985,905700,3985
2010-08-09,3945,3980,3940,3980,586000,3980
2010-08-10,4015,4030,3965,3980,639000,3980
2010-08-11,3930,3950,3885,3895,826000,3895
2010-08-12,3840,3905,3820,3875,864200,3875
2010-08-13,3860,3940,3835,3915,1305400,3915
2010-08-16,3855,3930,3855,3900,528600,3900
2010-08-17,3855,3915,3855,3895,481900,3895
2010-08-18,3940,3940,3865,3885,637100,3885
2010-08-19,3885,3905,3865,3880,824800,3880
2010-08-20,3840,3865,3815,3820,739700,3820
2010-08-23,3820,3845,3785,3805,697800,3805
2010-08-24,3780,3800,3725,3735,1026300,3735
2010-08-25,3700,3720,3635,3670,1184600,3670
2010-08-26,3685,3690,3655,3685,1136500,3685
2010-08-27,3645,3705,3640,3700,901800,3700
2010-08-30,3755,3780,3720,3750,728200,3750
2010-08-31,3705,3715,3650,3655,775500,3655
2010-09-01,3665,3710,3640,3705,817800,3705
2010-09-02,3770,3860,3750,3850,1402100,3850
2010-09-03,3875,3880,3815,3835,641900,3835
2010-09-06,3855,3875,3815,3850,588300,3850
2010-09-07,3810,3825,3790,3815,830300,3815
2010-09-08,3785,3790,3715,3730,979800,3730
2010-09-09,3770,3775,3725,3740,602700,3740
2010-09-10,3720,3760,3700,3725,2872900,3725
2010-09-13,3750,3765,3705,3710,1081700,3710
2010-09-14,3710,3740,3705,3725,807200,3725
2010-09-15,3725,3870,3715,3845,1659300,3845
2010-09-16,3845,3875,3790,3800,990900,3800
2010-09-17,3840,3850,3820,3835,777000,3835
2010-09-21,3875,3875,3810,3825,522900,3825
2010-09-22,3830,3850,3820,3830,656100,3830
2010-09-24,3825,3825,3750,3785,1292800,3785
2010-09-27,3820,3845,3805,3830,743600,3830
2010-09-28,3840,3860,3785,3805,583000,3805
2010-09-29,3805,3855,3805,3835,964200,3835
2010-09-30,3835,3850,3770,3770,989800,3770
2010-10-01,3795,3820,3770,3780,1009300,3780
2010-10-04,3780,3800,3725,3735,1091800,3735
2010-10-05,3740,3775,3700,3760,1230900,3760
2010-10-06,3805,3815,3775,3805,1173300,3805
2010-10-07,3810,3840,3770,3785,931900,3785
2010-10-08,3795,3875,3790,3845,2003200,3845
2010-10-12,3895,3905,3825,3825,1277900,3825
2010-10-13,3890,3895,3780,3785,1066400,3785
2010-10-14,3845,3875,3790,3830,1117100,3830
2010-10-15,3795,3800,3760,3765,1009500,3765
2010-10-18,3785,3800,3760,3775,593700,3775
2010-10-19,3795,3840,3785,3840,789700,3840
2010-10-20,3795,3805,3740,3750,1215400,3750
2010-10-21,3790,3805,3740,3760,1189600,3760
2010-10-22,3770,3790,3745,3770,606700,3770
2010-10-25,3760,3790,3745,3750,658400,3750
2010-10-26,3760,3775,3710,3725,753100,3725
2010-10-27,3745,3750,3685,3720,1046800,3720
2010-10-28,3705,3730,3685,3700,1500900,3700
2010-10-29,3690,3700,3655,3655,1121700,3655
2010-11-01,3630,3685,3620,3645,878000,3645
2010-11-02,3645,3670,3630,3655,853200,3655
2010-11-04,3685,3700,3655,3670,927600,3670
2010-11-05,3735,3775,3710,3710,1251200,3710
2010-11-08,3745,3750,3715,3730,573300,3730
2010-11-09,3700,3735,3670,3690,1214100,3690
2010-11-10,3715,3800,3710,3770,1433600,3770
2010-11-11,3755,3755,3660,3675,2314400,3675
2010-11-12,3640,3705,3640,3650,1700100,3650
2010-11-15,3670,3715,3665,3710,812600,3710
2010-11-16,3730,3760,3715,3730,1527600,3730
2010-11-17,3665,3695,3655,3685,674500,3685
2010-11-18,3695,3760,3685,3745,1079000,3745
2010-11-19,3785,3785,3750,3765,732400,3765
2010-11-22,3800,3800,3765,3775,665200,3775
2010-11-24,3735,3775,3710,3735,616400,3735
2010-11-25,3750,3760,3720,3720,745700,3720
2010-11-26,3710,3735,3710,3730,406200,3730
2010-11-29,3720,3780,3715,3765,683600,3765
2010-11-30,3770,3780,3725,3725,852900,3725
2010-12-01,3740,3765,3725,3760,695400,3760
2010-12-02,3795,3795,3755,3760,930000,3760
2010-12-03,3795,3830,3770,3780,847400,3780
2010-12-06,3780,3790,3755,3775,596900,3775
2010-12-07,3770,3825,3755,3815,1147800,3815
2010-12-08,3850,3870,3840,3850,1125900,3850
2010-12-09,3865,3870,3845,3860,609100,3860
2010-12-10,3920,3920,3840,3855,3921300,3855
2010-12-13,3860,3880,3840,3875,619500,3875
2010-12-14,3835,3870,3835,3855,684300,3855
2010-12-15,3880,3885,3860,3860,574600,3860
2010-12-16,3885,3885,3850,3865,395400,3865
2010-12-17,3845,3895,3840,3885,931000,3885
2010-12-20,3885,3885,3845,3850,653700,3850
2010-12-21,3865,3900,3850,3890,673100,3890
2010-12-22,3860,3870,3850,3860,636400,3860
2010-12-24,3850,3855,3840,3845,386100,3845
2010-12-27,3840,3880,3840,3875,479700,3875
2010-12-28,3875,3875,3840,3840,405100,3840
2010-12-29,3840,3875,3825,3875,473600,3875
2010-12-30,3850,3865,3840,3845,675600,3845
2011-01-04,3885,3885,3855,3860,619100,3860
2011-01-05,3860,3860,3805,3815,834000,3815
2011-01-06,3860,3885,3850,3880,687600,3880
2011-01-07,3865,3870,3840,3845,636300,3845
2011-01-11,3850,3875,3845,3855,817400,3855
2011-01-12,3875,3880,3835,3850,742800,3850
2011-01-13,3870,3900,3855,3855,741100,3855
2011-01-14,3800,3850,3800,3820,1868100,3820
2011-01-17,3850,3855,3820,3820,462400,3820
2011-01-18,3810,3850,3810,3825,574500,3825
2011-01-19,3850,3850,3825,3825,416000,3825
2011-01-20,3810,3820,3795,3820,505700,3820
2011-01-21,3840,3895,3830,3875,2097200,3875
2011-01-24,3885,3925,3865,3915,1286000,3915
2011-01-25,3910,3925,3865,3920,1210100,3920
2011-01-26,3925,3960,3920,3950,1021000,3950
2011-01-27,3990,3995,3960,3970,968000,3970
2011-01-28,3945,3955,3870,3905,1173300,3905
2011-01-31,3865,3895,3865,3870,643200,3870
2011-02-01,3890,3895,3860,3870,659800,3870
2011-02-02,3915,3955,3910,3915,672900,3915
2011-02-03,3910,3930,3890,3930,551400,3930
2011-02-04,3970,3990,3950,3950,1245000,3950
2011-02-07,3995,3995,3945,3960,676300,3960
2011-02-08,3975,4060,3970,4025,1011300,4025
2011-02-09,4075,4170,4070,4155,1449800,4155
2011-02-10,4125,4130,4075,4075,1188200,4075
2011-02-14,4105,4120,4080,4085,506400,4085
2011-02-15,4100,4115,4080,4090,718900,4090
2011-02-16,4105,4140,4105,4120,737700,4120
2011-02-17,4135,4135,4100,4105,765200,4105
2011-02-18,4095,4125,4090,4105,810100,4105
2011-02-21,4055,4090,4045,4075,559500,4075
2011-02-22,4020,4075,4020,4065,776700,4065
2011-02-23,4100,4165,4090,4135,2122200,4135
2011-02-24,4125,4130,4095,4105,1091800,4105
2011-02-25,4100,4100,4045,4065,1445900,4065
2011-02-28,4060,4125,4055,4115,1265700,4115
2011-03-01,4135,4200,4120,4170,961200,4170
2011-03-02,4125,4160,4080,4085,839400,4085
2011-03-03,4110,4145,4100,4125,535100,4125
2011-03-04,4175,4230,4165,4185,815900,4185
2011-03-07,4175,4180,4120,4125,904800,4125
2011-03-08,4140,4180,4135,4150,702000,4150
2011-03-09,4195,4210,4175,4175,547600,4175
2011-03-10,4150,4160,4115,4120,583600,4120
2011-03-11,4065,4105,4050,4050,3609200,4050
2011-03-14,3970,3995,3855,3955,1578100,3955
2011-03-15,3750,3965,3425,3920,3141100,3920
2011-03-16,3785,3795,3580,3690,3857400,3690
2011-03-17,3550,3670,3505,3625,2874500,3625
2011-03-18,3650,3710,3600,3625,1892000,3625
2011-03-22,3750,3915,3750,3915,2579200,3915
2011-03-23,3980,3985,3740,3760,2141700,3760
2011-03-24,3785,3815,3755,3770,1103300,3770
2011-03-25,3830,3850,3785,3820,1148800,3820
2011-03-28,3840,3845,3800,3820,924100,3820
2011-03-29,3800,3830,3780,3805,1601800,3805
2011-03-30,3810,3890,3795,3890,857300,3890
2011-03-31,3900,3905,3835,3865,1207000,3865
2011-04-01,3895,3925,3815,3815,953100,3815
2011-04-04,3835,3860,3810,3810,518600,3810
2011-04-05,3810,3845,3780,3790,934800,3790
2011-04-06,3840,3870,3810,3810,1297900,3810
2011-04-07,3865,3920,3850,3900,1916600,3900
2011-04-08,3905,4005,3875,3960,2680800,3960
2011-04-11,3980,4045,3975,4030,1328000,4030
2011-04-12,3970,4035,3950,4015,1267400,4015
2011-04-13,4015,4040,4005,4030,1000200,4030
2011-04-14,4025,4040,3995,4025,993500,4025
2011-04-15,3985,3990,3935,3945,1169100,3945
2011-04-18,3945,3980,3930,3950,736300,3950
2011-04-19,3910,3940,3905,3925,722400,3925
2011-04-20,3970,4020,3965,3995,1114800,3995
2011-04-21,4030,4035,3985,3995,469500,3995
2011-04-22,3965,4020,3965,3965,504000,3965
2011-04-25,3965,4015,3945,3955,572600,3955
2011-04-26,3930,3940,3890,3910,779400,3910
2011-04-27,3945,3995,3940,3960,632600,3960
2011-04-28,3980,4025,3945,4015,1047600,4015
2011-05-02,4085,4145,4080,4145,901800,4145
2011-05-06,4105,4125,4085,4100,870100,4100
2011-05-09,4100,4125,4090,4100,663900,4100
2011-05-10,4100,4135,4030,4085,866600,4085
2011-05-11,4130,4130,4085,4095,589100,4095
2011-05-12,3980,4030,3960,3960,838800,3960
2011-05-13,3965,3970,3870,3910,1280000,3910
2011-05-16,3865,3895,3860,3870,539100,3870
2011-05-17,3835,3860,3800,3840,911100,3840
2011-05-18,3845,3905,3845,3870,609900,3870
2011-05-19,3860,3870,3825,3840,547700,3840
2011-05-20,3860,3900,3840,3850,496000,3850
2011-05-23,3850,3875,3830,3830,763500,3830
2011-05-24,3835,3890,3835,3860,601600,3860
2011-05-25,3850,3855,3810,3810,317700,3810
2011-05-26,3835,3870,3835,3850,736200,3850
2011-05-27,3825,3850,3815,3835,847500,3835
2011-05-30,3800,3810,3760,3775,1061300,3775
2011-05-31,3770,3845,3760,3845,1081900,3845
2011-06-01,3820,3820,3760,3780,1542800,3780
2011-06-02,3715,3760,3715,3740,1351100,3740
2011-06-03,3725,3785,3725,3745,915700,3745
2011-06-06,3725,3745,3670,3680,696000,3680
2011-06-07,3690,3725,3685,3720,754500,3720
2011-06-08,3730,3765,3710,3755,609500,3755
2011-06-09,3755,3785,3730,3770,775900,3770
2011-06-10,3840,3890,3800,3820,3427800,3820
2011-06-13,3800,3815,3760,3780,385700,3780
2011-06-14,3795,3900,3790,3865,704500,3865
2011-06-15,3845,3860,3800,3825,726600,3825
2011-06-16,3755,3765,3710,3720,1119600,3720
2011-06-17,3755,3755,3660,3685,1063800,3685
2011-06-20,3710,3740,3700,3720,539500,3720
2011-06-21,3765,3805,3755,3790,956800,3790
2011-06-22,3790,3860,3775,3840,887600,3840
2011-06-23,3820,3865,3805,3815,676600,3815
2011-06-24,3805,3830,3745,3755,1034300,3755
2011-06-27,3725,3755,3720,3725,543000,3725
2011-06-28,3780,3810,3770,3770,566200,3770
2011-06-29,3845,3850,3795,3830,526500,3830
2011-06-30,3855,3875,3840,3845,607900,3845
2011-07-01,3830,3830,3790,3800,758100,3800
2011-07-04,3845,3850,3790,3810,516000,3810
2011-07-05,3780,3840,3780,3820,352500,3820
2011-07-06,3850,3865,3810,3845,857100,3845
2011-07-07,3835,3925,3825,3895,789100,3895
2011-07-08,3965,3965,3880,3900,1103200,3900
2011-07-11,3900,3900,3820,3850,1100100,3850
2011-07-12,3805,3835,3795,3825,741800,3825
2011-07-13,3800,3820,3785,3805,907900,3805
2011-07-14,3785,3800,3760,3780,783300,3780
2011-07-15,3780,3815,3780,3810,477300,3810
2011-07-19,3815,3820,3795,3800,389200,3800
2011-07-20,3850,3870,3835,3865,723400,3865
2011-07-21,3890,3900,3860,3880,969700,3880
2011-07-22,3925,3950,3910,3935,613000,3935
2011-07-25,3895,3895,3865,3880,378600,3880
2011-07-26,3880,3935,3865,3905,524300,3905
2011-07-27,3900,3975,3875,3975,1205500,3975
2011-07-28,3920,3920,3845,3865,628300,3865
2011-07-29,3875,3915,3845,3855,563300,3855
2011-08-01,3870,3955,3870,3925,802000,3925
2011-08-02,3915,3920,3885,3910,505200,3910
2011-08-03,3840,3865,3830,3845,665600,3845
2011-08-04,3870,3925,3840,3880,1174700,3880
2011-08-05,3800,3810,3690,3710,1631600,3710
2011-08-08,3675,3710,3670,3680,896600,3680
2011-08-09,3570,3590,3545,3590,1355000,3590
2011-08-10,3590,3605,3550,3590,1243800,3590
2011-08-11,3515,3610,3490,3605,1193900,3605
2011-08-12,3585,3595,3470,3490,2312800,3490
2011-08-15,3495,3545,3475,3515,1464400,3515
2011-08-16,3510,3540,3510,3535,835100,3535
2011-08-17,3500,3550,3490,3535,715800,3535
2011-08-18,3505,3525,3495,3505,979200,3505
2011-08-19,3435,3545,3435,3510,1081700,3510
2011-08-22,3505,3550,3485,3525,1092900,3525
2011-08-23,3525,3575,3525,3560,1162300,3560
2011-08-24,3580,3585,3545,3550,1114900,3550
2011-08-25,3570,3590,3540,3545,756700,3545
2011-08-26,3550,3570,3535,3550,670900,3550
2011-08-29,3545,3560,3495,3510,1102800,3510
2011-08-30,3555,3580,3515,3530,1237200,3530
2011-08-31,3510,3540,3505,3540,584800,3540
2011-09-01,3580,3580,3520,3525,728700,3525
2011-09-02,3520,3545,3510,3530,951000,3530
2011-09-05,3525,3555,3515,3550,639700,3550
2011-09-06,3565,3600,3560,3585,1325200,3585
2011-09-07,3600,3605,3545,3555,861700,3555
2011-09-08,3580,3595,3555,3560,388600,3560
2011-09-09,3535,3590,3530,3570,2784100,3570
2011-09-12,3515,3530,3490,3500,928000,3500
2011-09-13,3500,3510,3480,3495,838900,3495
2011-09-14,3500,3530,3495,3505,584300,3505
2011-09-15,3545,3555,3500,3520,535300,3520
2011-09-16,3550,3565,3535,3545,481400,3545
2011-09-20,3525,3530,3505,3510,549800,3510
2011-09-21,3535,3585,3520,3555,681700,3555
2011-09-22,3510,3575,3500,3570,933500,3570
2011-09-26,3580,3615,3530,3580,1298700,3580
2011-09-27,3595,3655,3575,3655,860100,3655
2011-09-28,3675,3730,3660,3715,752800,3715
2011-09-29,3680,3745,3675,3740,658400,3740
2011-09-30,3740,3765,3715,3750,712500,3750
2011-10-03,3725,3795,3710,3780,931300,3780
2011-10-04,3765,3805,3755,3795,1167000,3795
2011-10-05,3800,3820,3755,3795,1155100,3795
2011-10-06,3800,3830,3715,3740,1043100,3740
2011-10-07,3755,3765,3705,3720,556700,3720
2011-10-11,3725,3725,3660,3695,1030800,3695
2011-10-12,3685,3725,3665,3690,619000,3690
2011-10-13,3730,3730,3670,3685,642700,3685
2011-10-14,3670,3710,3650,3700,1139800,3700
2011-10-17,3795,3825,3775,3780,658900,3780
2011-10-18,3775,3780,3720,3730,423600,3730
2011-10-19,3790,3820,3785,3800,617800,3800
2011-10-20,3770,3770,3710,3750,623300,3750
2011-10-21,3755,3755,3710,3730,392100,3730
2011-10-24,3760,3785,3740,3760,607600,3760
2011-10-25,3735,3740,3690,3700,543400,3700
2011-10-26,3660,3665,3630,3640,522800,3640
2011-10-27,3635,3710,3625,3685,677300,3685
2011-10-28,3755,3795,3735,3790,1392100,3790
2011-10-31,3755,3820,3710,3750,794200,3750
2011-11-01,3705,3750,3685,3735,424900,3735
2011-11-02,3700,3705,3655,3665,677300,3665
2011-11-04,3725,3725,3620,3630,810400,3630
2011-11-07,3625,3625,3600,3605,400100,3605
2011-11-08,3590,3620,3560,3570,645900,3570
2011-11-09,3620,3665,3590,3630,617900,3630
2011-11-10,3655,3700,3625,3625,1148800,3625
2011-11-11,3645,3665,3575,3595,966700,3595
2011-11-14,3615,3620,3550,3560,803100,3560
2011-11-15,3540,3570,3540,3570,351600,3570
2011-11-16,3585,3615,3580,3610,536300,3610
2011-11-17,3595,3600,3545,3585,526300,3585
2011-11-18,3545,3560,3520,3535,679600,3535
2011-11-21,3520,3540,3495,3520,608200,3520
2011-11-22,3505,3545,3485,3490,754700,3490
2011-11-24,3485,3495,3445,3465,608000,3465
2011-11-25,3430,3435,3390,3410,946600,3410
2011-11-28,3455,3475,3415,3465,507100,3465
2011-11-29,3480,3500,3450,3500,535300,3500
2011-11-30,3450,3485,3430,3445,927700,3445
2011-12-01,3490,3515,3445,3455,932000,3455
2011-12-02,3450,3510,3450,3500,564800,3500
2011-12-05,3500,3540,3500,3535,309900,3535
2011-12-06,3515,3545,3465,3535,1076100,3535
2011-12-07,3565,3565,3515,3550,731600,3550
2011-12-08,3520,3580,3515,3570,792700,3570
2011-12-09,3505,3535,3465,3475,3883900,3475
2011-12-12,3500,3515,3480,3485,679900,3485
2011-12-13,3490,3495,3450,3480,673100,3480
2011-12-14,3475,3480,3445,3460,832100,3460
2011-12-15,3445,3485,3445,3480,910900,3480
2011-12-16,3500,3510,3460,3465,833800,3465
2011-12-19,3455,3475,3430,3455,602800,3455
2011-12-20,3485,3530,3475,3530,523800,3530
2011-12-21,3555,3570,3535,3550,562900,3550
2011-12-22,3530,3555,3520,3545,488700,3545
2011-12-26,3600,3605,3570,3575,383700,3575
2011-12-27,3530,3565,3525,3545,280200,3545
2011-12-28,3570,3595,3550,3570,604900,3570
2011-12-29,3550,3550,3505,3535,261900,3535
2011-12-30,3560,3560,3530,3550,316800,3550
2012-01-04,3590,3610,3545,3550,399200,3550
2012-01-05,3525,3535,3510,3515,288300,3515
2012-01-06,3480,3485,3440,3440,1070100,3440
2012-01-10,3435,3435,3390,3400,1258200,3400
2012-01-11,3415,3445,3395,3445,938500,3445
2012-01-12,3410,3440,3395,3435,545400,3435
2012-01-13,3485,3520,3475,3510,1670100,3510
2012-01-16,3490,3495,3460,3475,367500,3475
2012-01-17,3500,3515,3485,3505,355000,3505
2012-01-18,3490,3555,3475,3520,579300,3520
2012-01-19,3515,3565,3510,3520,590000,3520
2012-01-20,3590,3590,3515,3535,714500,3535
2012-01-23,3500,3510,3490,3490,401100,3490
2012-01-24,3490,3500,3470,3495,512800,3495
2012-01-25,3525,3560,3515,3540,414100,3540
2012-01-26,3530,3560,3525,3560,331000,3560
2012-01-27,3565,3570,3525,3560,740200,3560
2012-01-30,3555,3555,3525,3545,343900,3545
2012-01-31,3555,3565,3540,3565,605700,3565
2012-02-01,3575,3600,3570,3575,463000,3575
2012-02-02,3595,3595,3560,3580,446700,3580
2012-02-03,3565,3585,3540,3540,423000,3540
2012-02-06,3575,3605,3540,3595,864800,3595
2012-02-07,3575,3640,3575,3610,713400,3610
2012-02-08,3635,3640,3575,3585,609400,3585
2012-02-09,3565,3575,3510,3520,906800,3520
2012-02-10,3555,3590,3550,3570,1308900,3570
2012-02-13,3550,3585,3530,3565,535200,3565
2012-02-14,3570,3630,3560,3600,696600,3600
2012-02-15,3625,3675,3595,3650,788800,3650
2012-02-16,3670,3675,3625,3640,554500,3640
2012-02-17,3680,3710,3660,3685,705500,3685
2012-02-20,3745,3760,3710,3730,652400,3730
2012-02-21,3710,3750,3705,3720,737700,3720
2012-02-22,3770,3845,3760,3805,1234700,3805
2012-02-23,3800,3810,3770,3805,826300,3805
2012-02-24,3815,3825,3785,3815,778300,3815
2012-02-27,3815,3815,3765,3775,878400,3775
2012-02-28,3795,3860,3775,3860,705000,3860
2012-02-29,3870,3915,3840,3855,977800,3855
2012-03-01,3880,3920,3825,3865,902200,3865
2012-03-02,3895,3910,3870,3900,742700,3900
2012-03-05,3900,3950,3895,3910,735000,3910
2012-03-06,3935,3950,3885,3950,907600,3950
2012-03-07,3930,4000,3910,3925,980700,3925
2012-03-08,3970,3975,3930,3965,788500,3965
2012-03-09,4030,4075,3980,4030,3471700,4030
2012-03-12,4055,4055,3995,3995,701300,3995
2012-03-13,3990,4055,3990,4015,850200,4015
2012-03-14,4080,4085,4025,4025,575200,4025
2012-03-15,4065,4105,4030,4035,875900,4035
2012-03-16,4035,4065,4015,4025,547200,4025
2012-03-19,4045,4065,4030,4035,415600,4035
2012-03-21,4015,4045,4005,4025,683200,4025
2012-03-22,4040,4065,4020,4065,682900,4065
2012-03-23,4020,4060,4015,4030,679600,4030
2012-03-26,4040,4065,4010,4020,421000,4020
2012-03-27,4090,4190,4085,4185,1098500,4185
2012-03-28,4080,4085,4030,4080,764300,4080
2012-03-29,4095,4125,4035,4060,790000,4060
2012-03-30,4050,4075,4035,4050,639600,4050
2012-04-02,4040,4040,3970,3980,934000,3980
2012-04-03,3980,4020,3970,4005,506100,4005
2012-04-04,4000,4020,3955,3955,789200,3955
2012-04-05,3950,3985,3910,3925,771600,3925
2012-04-06,3910,3930,3890,3900,541700,3900
2012-04-09,3850,3900,3830,3870,599700,3870
2012-04-10,3900,3900,3860,3890,507600,3890
2012-04-11,3840,3870,3825,3855,719500,3855
2012-04-12,3860,3885,3840,3855,438600,3855
2012-04-13,3920,3985,3905,3965,2641800,3965
2012-04-16,3905,3925,3870,3885,661300,3885
2012-04-17,3910,3925,3880,3900,488800,3900
2012-04-18,3935,3955,3910,3945,535000,3945
2012-04-19,3895,3925,3885,3900,542700,3900
2012-04-20,3895,3920,3895,3895,446600,3895
2012-04-23,3890,3930,3890,3900,403000,3900
2012-04-24,3850,3855,3815,3825,598600,3825
2012-04-25,3870,3900,3865,3885,552800,3885
2012-04-26,3920,3940,3880,3890,516900,3890
2012-04-27,3860,3890,3785,3800,1426900,3800
2012-05-01,3800,3840,3785,3805,471400,3805
2012-05-02,3820,3825,3785,3795,398700,3795
2012-05-07,3680,3745,3665,3735,780000,3735
2012-05-08,3725,3740,3500,3600,1236200,3600
2012-05-09,3625,3680,3610,3615,1142800,3615
2012-05-10,3660,3660,3560,3560,793000,3560
2012-05-11,3595,3635,3570,3575,1193800,3575
2012-05-14,3600,3635,3575,3580,587800,3580
2012-05-15,3570,3640,3550,3600,836300,3600
2012-05-16,3575,3605,3570,3595,714400,3595
2012-05-17,3585,3610,3545,3565,866000,3565
2012-05-18,3520,3545,3505,3510,691700,3510
2012-05-21,3545,3545,3500,3505,473600,3505
2012-05-22,3535,3565,3505,3515,476200,3515
2012-05-23,3495,3505,3455,3470,718500,3470
2012-05-24,3480,3515,3470,3490,693800,3490
2012-05-25,3510,3545,3480,3525,608100,3525
2012-05-28,3520,3545,3505,3515,491600,3515
2012-05-29,3505,3515,3475,3495,598600,3495
2012-05-30,3475,3490,3460,3485,587300,3485
2012-05-31,3455,3480,3435,3465,1075500,3465
2012-06-01,3455,3460,3410,3435,920000,3435
2012-06-04,3395,3425,3390,3420,1372000,3420
2012-06-05,3450,3490,3400,3470,1049200,3470
2012-06-06,3460,3500,3440,3460,1396000,3460
2012-06-07,3495,3515,3455,3505,716500,3505
2012-06-08,3480,3485,3385,3405,3429300,3405
2012-06-11,3475,3475,3405,3415,811200,3415
2012-06-12,3355,3385,3325,3335,1266000,3335
2012-06-13,3355,3390,3355,3365,993900,3365
2012-06-14,3350,3380,3340,3350,1073300,3350
2012-06-15,3355,3370,3330,3335,563600,3335
2012-06-18,3380,3400,3350,3380,612300,3380
2012-06-19,3370,3400,3365,3385,786100,3385
2012-06-20,3400,3480,3400,3480,927000,3480
2012-06-21,3485,3520,3465,3475,750700,3475
2012-06-22,3450,3500,3445,3480,610900,3480
2012-06-25,3480,3495,3445,3450,485100,3450
2012-06-26,3420,3480,3420,3455,754900,3455
2012-06-27,3465,3560,3455,3560,890600,3560
2012-06-28,3590,3625,3570,3610,705400,3610
2012-06-29,3595,3670,3580,3645,839600,3645
2012-07-02,3690,3690,3630,3645,379200,3645
2012-07-03,3665,3715,3665,3685,546200,3685
2012-07-04,3735,3750,3700,3710,709500,3710
2012-07-05,3715,3755,3700,3700,444400,3700
2012-07-06,3690,3725,3650,3675,533300,3675
2012-07-09,3640,3735,3640,3710,486500,3710
2012-07-10,3775,3785,3730,3735,763800,3735
2012-07-11,3765,3790,3740,3765,766200,3765
2012-07-12,3730,3755,3695,3700,803500,3700
2012-07-13,3680,3725,3680,3695,861300,3695
2012-07-17,3705,3745,3700,3705,750200,3705
2012-07-18,3715,3735,3685,3690,766800,3690
2012-07-19,3700,3760,3695,3710,699400,3710
2012-07-20,3730,3750,3715,3715,837800,3715
2012-07-23,3685,3735,3670,3705,626400,3705
2012-07-24,3740,3740,3680,3695,577300,3695
2012-07-25,3650,3670,3625,3650,712000,3650
2012-07-26,3660,3665,3580,3605,713700,3605
2012-07-27,3640,3670,3615,3645,704700,3645
2012-07-30,3650,3660,3605,3650,715300,3650
2012-07-31,3625,3660,3605,3640,931800,3640
2012-08-01,3620,3700,3620,3670,514700,3670
2012-08-02,3675,3725,3670,3670,494300,3670
2012-08-03,3620,3640,3600,3605,453600,3605
2012-08-06,3625,3685,3625,3670,424500,3670
2012-08-07,3675,3735,3675,3725,390400,3725
2012-08-08,3770,3815,3765,3790,742800,3790
2012-08-09,3805,3855,3785,3830,773800,3830
2012-08-10,3790,3790,3735,3770,704500,3770
2012-08-13,3770,3790,3765,3765,256600,3765
2012-08-14,3775,3850,3775,3845,620600,3845
2012-08-15,3865,3885,3830,3855,515100,3855
2012-08-16,3870,3870,3835,3865,563900,3865
2012-08-17,3860,3895,3850,3875,559400,3875
2012-08-20,3890,3930,3875,3905,404900,3905
2012-08-21,3910,3925,3900,3910,344300,3910
2012-08-22,3890,3910,3850,3910,500500,3910
2012-08-23,3895,3940,3885,3930,648900,3930
2012-08-24,3875,3925,3860,3915,330200,3915
2012-08-27,3945,3945,3910,3930,389300,3930
2012-08-28,3965,3990,3925,3940,748500,3940
2012-08-29,3960,3985,3945,3965,515300,3965
2012-08-30,3950,3995,3940,3995,518000,3995
2012-08-31,3945,3985,3935,3955,634400,3955
2012-09-03,3925,3975,3905,3930,554000,3930
2012-09-04,3920,3920,3880,3895,633500,3895
2012-09-05,3870,3910,3860,3860,675000,3860
2012-09-06,3855,3855,3825,3850,533100,3850
2012-09-07,3895,3915,3870,3895,734800,3895
2012-09-10,3910,3935,3910,3930,443300,3930
2012-09-11,3925,3930,3885,3900,462400,3900
2012-09-12,3925,4005,3915,3995,843900,3995
2012-09-13,3975,4000,3950,3985,454700,3985
2012-09-14,4000,4025,3960,3975,2264500,3975
2012-09-18,4010,4065,4005,4010,833200,4010
2012-09-19,4015,4025,3945,3960,1184000,3960
2012-09-20,3950,3990,3930,3940,1269400,3940
2012-09-21,3960,4030,3960,4000,780400,4000
2012-09-24,3965,4025,3965,4020,716300,4020
2012-09-25,3980,4065,3980,4060,955400,4060
2012-09-26,4055,4090,4040,4045,895000,4045
2012-09-27,4045,4125,4035,4115,718500,4115
2012-09-28,4110,4110,4040,4070,1008000,4070
2012-10-01,4020,4070,4000,4065,641100,4065
2012-10-02,4070,4075,4020,4030,1206900,4030
2012-10-03,4035,4035,3960,3985,893600,3985
2012-10-04,4000,4015,3980,3985,632700,3985
2012-10-05,3990,4010,3970,3995,764600,3995
2012-10-09,3995,4030,3955,3980,1090200,3980
2012-10-10,3955,3970,3870,3900,802700,3900
2012-10-11,3875,3920,3860,3880,693700,3880
2012-10-12,3945,4000,3945,3985,1484000,3985
2012-10-15,3960,4010,3950,3990,757200,3990
2012-10-16,3990,4010,3965,3990,655900,3990
2012-10-17,4020,4050,4000,4015,1000300,4015
2012-10-18,4050,4130,4050,4115,878400,4115
2012-10-19,4090,4125,4080,4105,492400,4105
2012-10-22,4060,4145,4060,4130,410200,4130
2012-10-23,4160,4170,4115,4155,553700,4155
2012-10-24,4095,4140,4075,4110,730800,4110
2012-10-25,4125,4150,4110,4145,633900,4145
2012-10-26,4160,4170,4085,4090,730800,4090
2012-10-29,4140,4160,4090,4100,937900,4100
2012-10-30,4095,4115,4030,4040,1172200,4040
2012-10-31,4050,4100,4045,4065,663100,4065
2012-11-01,4115,4125,4075,4105,520100,4105
2012-11-02,4155,4180,4135,4150,628300,4150
2012-11-05,4115,4145,4080,4090,488300,4090
2012-11-06,4095,4115,4050,4055,363800,4055
2012-11-07,4080,4090,4000,4030,951800,4030
2012-11-08,4000,4015,3950,3975,503500,3975
2012-11-09,3935,4025,3930,4015,691800,4015
2012-11-12,4000,4005,3965,3965,440100,3965
2012-11-13,4005,4015,3935,3955,513700,3955
2012-11-14,3955,3980,3930,3970,389200,3970
2012-11-15,4000,4025,3965,4025,668800,4025
2012-11-16,4025,4070,3990,4005,806300,4005
2012-11-19,4045,4080,4025,4065,575100,4065
2012-11-20,4095,4140,4085,4110,769600,4110
2012-11-21,4140,4140,4080,4120,629400,4120
2012-11-22,4170,4185,4130,4150,670000,4150
2012-11-26,4190,4190,4110,4115,688500,4115
2012-11-27,4150,4185,4145,4155,579300,4155
2012-11-28,4115,4160,4115,4120,593900,4120
2012-11-29,4150,4195,4140,4185,671300,4185
2012-11-30,4200,4265,4195,4220,888400,4220
2012-12-03,4235,4260,4210,4215,462600,4215
2012-12-04,4195,4245,4190,4215,425400,4215
2012-12-05,4185,4250,4180,4215,635000,4215
2012-12-06,4235,4265,4200,4220,633300,4220
2012-12-07,4235,4235,4210,4210,477100,4210
2012-12-10,4250,4280,4225,4250,545100,4250
2012-12-11,4230,4265,4220,4265,505600,4265
2012-12-12,4265,4270,4210,4225,812800,4225
2012-12-13,4270,4270,4210,4225,849200,4225
2012-12-14,4210,4225,4155,4180,3213200,4180
2012-12-17,4230,4240,4125,4130,1140700,4130
2012-12-18,4150,4215,4140,4185,788600,4185
2012-12-19,4215,4255,4180,4255,965400,4255
2012-12-20,4230,4285,4220,4230,1558200,4230
2012-12-21,4260,4290,4185,4185,1196500,4185
2012-12-25,4245,4245,4200,4230,546700,4230
2012-12-26,4255,4260,4215,4260,628300,4260
2012-12-27,4265,4330,4260,4310,743000,4310
2012-12-28,4345,4360,4320,4335,795100,4335
2013-01-04,4365,4390,4345,4355,800500,4355
2013-01-07,4375,4415,4370,4370,688400,4370
2013-01-08,4350,4420,4340,4375,760300,4375
2013-01-09,4320,4425,4305,4400,848200,4400
2013-01-10,4425,4440,4405,4440,635100,4440
2013-01-11,4455,4500,4430,4490,1554000,4490
2013-01-15,4515,4590,4505,4550,576500,4550
2013-01-16,4540,4555,4440,4450,1121600,4450
2013-01-17,4450,4460,4370,4440,1039900,4440
2013-01-18,4505,4505,4465,4495,1122800,4495
2013-01-21,4510,4515,4420,4420,981000,4420
2013-01-22,4410,4460,4365,4405,899500,4405
2013-01-23,4395,4395,4310,4310,1064400,4310
2013-01-24,4300,4375,4295,4365,645700,4365
2013-01-25,4440,4510,4425,4510,854900,4510
2013-01-28,4550,4565,4425,4430,499000,4430
2013-01-29,4395,4540,4390,4500,958300,4500
2013-01-30,4495,4570,4455,4570,750800,4570
2013-01-31,4535,4595,4495,4560,601300,4560
2013-02-01,4580,4600,4565,4590,564200,4590
2013-02-04,4575,4600,4530,4550,364000,4550
2013-02-05,4490,4530,4460,4460,699300,4460
2013-02-06,4535,4750,4505,4730,1438300,4730
2013-02-07,4610,4715,4555,4600,1109200,4600
2013-02-08,4460,4540,4440,4480,1527100,4480
2013-02-12,4575,4615,4535,4570,797500,4570
2013-02-13,4545,4580,4505,4515,644500,4515
2013-02-14,4515,4570,4500,4545,767500,4545
2013-02-15,4535,4545,4470,4490,786200,4490
2013-02-18,4550,4640,4540,4620,608600,4620
2013-02-19,4575,4635,4570,4605,450300,4605
2013-02-20,4680,4700,4625,4695,633600,4695
2013-02-21,4660,4695,4600,4600,487100,4600
2013-02-22,4610,4750,4605,4740,722600,4740
2013-02-25,4850,4860,4765,4830,622200,4830
2013-02-26,4685,4765,4675,4685,864900,4685
2013-02-27,4705,4720,4630,4630,484100,4630
2013-02-28,4660,4760,4650,4760,966400,4760
2013-03-01,4705,4820,4690,4790,586200,4790
2013-03-04,4810,4850,4785,4830,887100,4830
2013-03-05,4815,4830,4760,4795,418000,4795
2013-03-06,4830,4895,4800,4890,744200,4890
2013-03-07,4930,5080,4930,5010,1157900,5010
2013-03-08,5050,5090,4990,5030,3922800,5030
2013-03-11,5090,5090,4950,4970,766700,4970
2013-03-12,5020,5070,4995,5020,774100,5020
2013-03-13,4995,5060,4995,5010,541100,5010
2013-03-14,5040,5060,4990,5050,771600,5050
2013-03-15,5070,5120,5040,5070,933800,5070
2013-03-18,4975,5050,4935,4935,731900,4935
2013-03-19,4995,5020,4975,5000,733400,5000
2013-03-21,5080,5080,4975,5000,982200,5000
2013-03-22,5000,5040,4905,4905,1385800,4905
2013-03-25,4995,5010,4935,4965,965300,4965
2013-03-26,4940,5010,4935,4970,1012200,4970
2013-03-27,4905,4910,4845,4895,725000,4895
2013-03-28,4860,4895,4785,4845,1156400,4845
2013-03-29,4875,4885,4830,4850,535900,4850
2013-04-01,4820,4830,4745,4750,1076200,4750
2013-04-02,4775,4775,4620,4640,786400,4640
2013-04-03,4730,4815,4680,4730,1068100,4730
2013-04-04,4680,4870,4660,4870,1566200,4870
2013-04-05,5000,5030,4805,4825,1849800,4825
2013-04-08,4930,4955,4840,4900,1154700,4900
2013-04-09,4950,4965,4890,4905,1187900,4905
2013-04-10,4930,4965,4900,4955,1363300,4955
2013-04-11,4960,5050,4950,5050,1572900,5050
2013-04-12,5300,5310,5030,5050,2552000,5050
2013-04-15,5020,5170,5010,5120,1654900,5120
2013-04-16,5050,5240,5030,5210,1462100,5210
2013-04-17,5180,5220,5160,5190,712300,5190
2013-04-18,5200,5270,5150,5200,1077900,5200
2013-04-19,5180,5260,5130,5170,812600,5170
2013-04-22,5300,5310,5230,5250,655300,5250
2013-04-23,5210,5420,5180,5370,1065600,5370
2013-04-24,5460,5460,5330,5380,686300,5380
2013-04-25,5370,5460,5370,5460,630700,5460
2013-04-26,5470,5490,5400,5460,647800,5460
2013-04-30,5460,5500,5430,5440,652400,5440
2013-05-01,5410,5520,5360,5490,549400,5490
2013-05-02,5410,5420,5350,5390,816400,5390
2013-05-07,5540,5580,5480,5570,784200,5570
2013-05-08,5530,5590,5520,5560,807700,5560
2013-05-09,5600,5660,5490,5530,731700,5530
2013-05-10,5730,5750,5660,5690,1258400,5690
2013-05-13,5650,5730,5640,5660,805600,5660
2013-05-14,5690,5750,5550,5570,826400,5570
2013-05-15,5640,5700,5570,5640,1091000,5640
2013-05-16,5600,5620,5450,5480,1210800,5480
2013-05-17,5490,5570,5460,5550,1327700,5550
2013-05-20,5550,5630,5540,5570,775600,5570
2013-05-21,5500,5590,5490,5580,690300,5580
2013-05-22,5570,5580,5510,5520,1189900,5520
2013-05-23,5600,5770,5330,5330,2058500,5330
2013-05-24,5390,5410,5070,5260,1842200,5260
2013-05-27,5090,5330,5080,5290,1050400,5290
2013-05-28,5190,5310,5120,5210,1148300,5210
2013-05-29,5310,5350,5220,5270,1153500,5270
2013-05-30,5130,5220,5060,5080,1474400,5080
2013-05-31,5170,5250,5110,5170,1191800,5170
2013-06-03,5170,5170,5020,5020,950700,5020
2013-06-04,5030,5140,4970,5100,1005100,5100
2013-06-05,5100,5250,5040,5040,1253500,5040
2013-06-06,5060,5180,5040,5070,1754500,5070
2013-06-07,5020,5160,4945,5060,1852900,5060
2013-06-10,5150,5230,5130,5190,804600,5190
2013-06-11,5240,5310,5160,5230,1156800,5230
2013-06-12,5120,5170,5050,5160,1087500,5160
2013-06-13,5060,5080,4805,4810,2029600,4810
2013-06-14,4880,5070,4880,5000,3233400,5000
2013-06-17,4950,5130,4945,5120,837600,5120
2013-06-18,5070,5150,5030,5080,748700,5080
2013-06-19,5200,5200,5090,5140,572200,5140
2013-06-20,5040,5090,4995,5060,1198100,5060
2013-06-21,4975,5220,4950,5200,1178600,5200
2013-06-24,5290,5290,5110,5120,513600,5120
2013-06-25,5150,5200,5030,5150,898200,5150
2013-06-26,5190,5200,5040,5080,569600,5080
2013-06-27,5120,5230,5070,5220,902100,5220
2013-06-28,5270,5440,5250,5400,912700,5400
2013-07-01,5430,5460,5320,5450,523100,5450
2013-07-02,5500,5540,5420,5500,614800,5500
2013-07-03,5490,5510,5450,5470,537500,5470
2013-07-04,5440,5510,5400,5490,367100,5490
2013-07-05,5520,5560,5500,5540,739900,5540
2013-07-08,5570,5590,5430,5430,696100,5430
2013-07-09,5500,5600,5460,5600,706700,5600
2013-07-10,5600,5630,5480,5510,869100,5510
2013-07-11,5480,5610,5470,5600,704900,5600
2013-07-12,5580,5660,5550,5620,1175300,5620
2013-07-16,5680,5720,5650,5690,713000,5690
2013-07-17,5660,5690,5610,5680,462900,5680
2013-07-18,5700,5840,5690,5800,1119700,5800
2013-07-19,5850,5870,5650,5700,1531800,5700
2013-07-22,5760,5800,5660,5800,965600,5800
2013-07-23,5770,5880,5740,5850,627000,5850
2013-07-24,5840,5860,5780,5800,495700,5800
2013-07-25,5730,5770,5680,5720,598800,5720
2013-07-26,5630,5700,5610,5630,598100,5630
2013-07-29,5560,5570,5430,5430,706700,5430
2013-07-30,5410,5520,5390,5510,921300,5510
2013-07-31,5440,5460,5350,5400,782200,5400
2013-08-01,5410,5540,5390,5540,590000,5540
2013-08-02,5620,5840,5610,5840,1056300,5840
2013-08-05,5750,5800,5710,5740,442100,5740
2013-08-06,5690,5820,5610,5810,612800,5810
2013-08-07,5610,5740,5560,5570,768100,5570
2013-08-08,5770,5870,5580,5600,886600,5600
2013-08-09,5580,5590,5490,5560,1084900,5560
2013-08-12,5550,5610,5500,5590,492500,5590
2013-08-13,5690,5760,5640,5750,586000,5750
2013-08-14,5790,5850,5740,5850,914900,5850
2013-08-15,5770,5800,5680,5730,781900,5730
2013-08-16,5640,5780,5630,5740,600800,5740
2013-08-19,5720,5760,5670,5760,331000,5760
2013-08-20,5690,5750,5590,5590,802900,5590
2013-08-21,5650,5710,5570,5670,724100,5670
2013-08-22,5670,5670,5550,5610,542500,5610
2013-08-23,5710,5750,5640,5700,658600,5700
2013-08-26,5720,5730,5670,5690,377900,5690
2013-08-27,5630,5700,5620,5630,362200,5630
2013-08-28,5530,5620,5500,5600,502500,5600
2013-08-29,5670,5680,5620,5660,557900,5660
2013-08-30,5660,5660,5570,5630,699000,5630
2013-09-02,5700,5740,5640,5700,423600,5700
2013-09-03,5760,5850,5750,5790,702300,5790
2013-09-04,5730,5830,5730,5830,554900,5830
2013-09-05,5890,5930,5810,5930,1053200,5930
2013-09-06,5970,5970,5840,5910,810200,5910
2013-09-09,6110,6150,6050,6120,1186500,6120
2013-09-10,6220,6290,6190,6270,1153400,6270
2013-09-11,6220,6240,6090,6120,918000,6120
2013-09-12,6070,6150,6070,6090,569600,6090
2013-09-13,6050,6150,6030,6110,2258000,6110
2013-09-17,6140,6160,6070,6080,389000,6080
2013-09-18,6090,6170,6060,6080,822300,6080
2013-09-19,6200,6230,6120,6220,814300,6220
2013-09-20,6230,6260,6200,6220,586500,6220
2013-09-24,6190,6270,6170,6230,530700,6230
2013-09-25,6190,6240,6180,6200,631200,6200
2013-09-26,6190,6300,6110,6300,655300,6300
2013-09-27,6300,6310,6250,6290,597800,6290
2013-09-30,6190,6220,6050,6140,953500,6140
2013-10-01,6130,6220,6070,6110,896900,6110
2013-10-02,6110,6150,5810,5830,2015600,5830
2013-10-03,5890,5930,5830,5830,952200,5830
2013-10-04,5780,5880,5780,5810,886300,5810
2013-10-07,5810,5850,5720,5720,704200,5720
2013-10-08,5700,5770,5700,5710,725500,5710
2013-10-09,5710,5850,5700,5830,694600,5830
2013-10-10,5840,5900,5800,5900,438900,5900
2013-10-11,6020,6050,5970,6010,1567600,6010
2013-10-15,6040,6040,5960,5980,727000,5980
2013-10-16,5990,6030,5940,6000,567400,6000
2013-10-17,6100,6150,6060,6100,514000,6100
2013-10-18,6100,6160,6080,6110,405900,6110
2013-10-21,6160,6220,6140,6170,493700,6170
2013-10-22,6170,6180,6110,6140,402300,6140
2013-10-23,6200,6210,6020,6020,544200,6020
2013-10-24,6010,6030,5900,6010,753300,6010
2013-10-25,5970,5990,5780,5790,1108100,5790
2013-10-28,5880,5930,5830,5920,648500,5920
2013-10-29,5850,5940,5840,5890,648500,5890
2013-10-30,5940,6020,5910,5980,913300,5980
2013-10-31,5980,6000,5890,5900,742000,5900
2013-11-01,5950,5960,5840,5860,539800,5860
2013-11-05,5900,5950,5870,5920,537600,5920
2013-11-06,5860,6020,5860,6010,472200,6010
2013-11-07,5920,6000,5900,5900,554300,5900
2013-11-08,5830,5970,5820,5950,717100,5950
2013-11-11,6080,6100,6020,6060,583700,6060
2013-11-12,6070,6190,6050,6190,931900,6190
2013-11-13,6190,6190,6110,6160,563300,6160
2013-11-14,6190,6350,6180,6260,1341800,6260
2013-11-15,6300,6340,6240,6260,1412100,6260
2013-11-18,6290,6310,6240,6270,664000,6270
2013-11-19,6210,6280,6200,6220,502100,6220
2013-11-20,6280,6320,6200,6210,527400,6210
2013-11-21,6290,6400,6280,6380,936500,6380
2013-11-22,6390,6410,6270,6330,1159000,6330
2013-11-25,6360,6410,6360,6400,678600,6400
2013-11-26,6310,6370,6280,6300,584700,6300
2013-11-27,6200,6260,6190,6240,614200,6240
2013-11-28,6300,6350,6290,6350,761000,6350
2013-11-29,6330,6340,6220,6320,698000,6320
2013-12-02,6310,6350,6300,6330,400900,6330
2013-12-03,6400,6430,6330,6380,1038500,6380
2013-12-04,6180,6230,6100,6120,1384700,6120
2013-12-05,6070,6150,5930,5930,1322900,5930
2013-12-06,5920,6020,5920,5990,908900,5990
2013-12-09,6130,6150,6060,6140,929000,6140
2013-12-10,6110,6130,6060,6090,664600,6090
2013-12-11,6020,6060,5970,6040,702100,6040
2013-12-12,6010,6030,5970,6000,724500,6000
2013-12-13,5990,6090,5950,6050,3083900,6050
2013-12-16,6090,6120,5910,5910,651200,5910
2013-12-17,5990,6000,5940,5970,562000,5970
2013-12-18,6000,6060,5970,6050,1381900,6050
2013-12-19,6130,6200,6120,6190,1425300,6190
2013-12-20,6100,6150,6080,6140,893700,6140
2013-12-24,6150,6250,6150,6170,1061100,6170
2013-12-25,6170,6210,6160,6210,758200,6210
2013-12-26,6250,6290,6220,6260,654100,6260
2013-12-27,6300,6320,6230,6280,621400,6280
2013-12-30,6310,6350,6290,6340,683600,6340
2014-01-06,6270,6300,6150,6180,1226600,6180
2014-01-07,6120,6150,6030,6040,1282300,6040
2014-01-08,6060,6130,6050,6110,694700,6110
2014-01-09,6060,6080,6000,6070,876000,6070
2014-01-10,6010,6050,5940,6030,1887800,6030
2014-01-14,5960,5980,5869,5890,1265500,5890
2014-01-15,5979,5995,5903,5974,977300,5974
2014-01-16,5988,6023,5920,5937,673300,5937
2014-01-17,5911,5920,5852,5893,1043600,5893
2014-01-20,5905,5905,5836,5881,593400,5881
2014-01-21,5941,6018,5915,5942,699200,5942
2014-01-22,5905,5999,5851,5987,1057300,5987
2014-01-23,6042,6074,5957,5961,844500,5961
2014-01-24,5908,5914,5815,5867,1092400,5867
2014-01-27,5724,5779,5687,5738,856900,5738
2014-01-28,5740,5775,5711,5714,711700,5714
2014-01-29,5792,5916,5792,5916,850000,5916
2014-01-30,5818,5857,5752,5810,1037400,5810
2014-01-31,5885,5897,5755,5830,981900,5830
2014-02-03,5735,5824,5702,5706,604800,5706
2014-02-04,5630,5630,5395,5399,1125700,5399
2014-02-05,5410,5522,5370,5508,980600,5508
2014-02-06,5508,5542,5404,5409,684600,5409
2014-02-07,5475,5555,5444,5489,581800,5489
2014-02-10,5634,5634,5548,5610,429600,5610
2014-02-12,5645,5690,5561,5569,809900,5569
2014-02-13,5521,5644,5509,5525,688500,5525
2014-02-14,5532,5600,5391,5402,1244400,5402
2014-02-17,5420,5484,5374,5440,453800,5440
2014-02-18,5514,5609,5432,5579,857500,5579
2014-02-19,5507,5664,5501,5658,678100,5658
2014-02-20,5659,5665,5553,5572,760900,5572
2014-02-21,5620,5825,5605,5806,963600,5806
2014-02-24,5732,5853,5671,5746,660900,5746
2014-02-25,5846,5885,5798,5850,724200,5850
2014-02-26,5751,5841,5748,5796,507500,5796
2014-02-27,5748,5858,5722,5804,459700,5804
2014-02-28,5704,5759,5690,5737,937000,5737
2014-03-03,5716,5755,5670,5746,640900,5746
2014-03-04,5705,5747,5691,5726,584200,5726
2014-03-05,5749,5796,5721,5737,726200,5737
2014-03-06,5753,5853,5709,5820,626000,5820
2014-03-07,5865,5907,5829,5889,518300,5889
2014-03-10,5863,5899,5808,5851,473500,5851
2014-03-11,5863,5896,5822,5881,453700,5881
2014-03-12,5793,5820,5733,5735,647300,5735
2014-03-13,5786,5799,5732,5749,471300,5749
2014-03-14,5649,5659,5510,5532,2510000,5532
2014-03-17,5491,5550,5471,5510,526800,5510
2014-03-18,5562,5589,5530,5546,474200,5546
2014-03-19,5597,5722,5562,5645,669700,5645
2014-03-20,5712,5712,5544,5554,742300,5554
2014-03-24,5638,5749,5604,5722,1218000,5722
2014-03-25,5792,5890,5758,5792,1042800,5792
2014-03-26,5881,5881,5715,5729,1255000,5729
2014-03-27,5691,5899,5652,5880,1309400,5880
2014-03-28,5812,5945,5796,5896,908700,5896
2014-03-31,5962,5969,5842,5946,966300,5946
2014-04-01,5932,5945,5836,5841,1019900,5841
2014-04-02,5869,5936,5845,5862,1010700,5862
2014-04-03,5900,5920,5859,5878,816800,5878
2014-04-04,5864,5942,5850,5924,427000,5924
2014-04-07,5837,5901,5817,5847,614400,5847
2014-04-08,5871,5934,5841,5909,874400,5909
2014-04-09,5830,5852,5738,5764,899600,5764
2014-04-10,5858,5860,5711,5761,784400,5761
2014-04-11,5559,5638,5554,5605,1909600,5605
2014-04-14,5598,5663,5598,5616,543600,5616
2014-04-15,5705,5718,5650,5689,438300,5689
2014-04-16,5789,5879,5752,5865,718700,5865
2014-04-17,5799,5940,5780,5913,821900,5913
2014-04-18,5943,5975,5892,5957,615400,5957
2014-04-21,5970,6007,5947,5953,442700,5953
2014-04-22,5991,5991,5890,5890,449600,5890
2014-04-23,5941,5941,5882,5928,394500,5928
2014-04-24,5910,5928,5816,5839,554200,5839
2014-04-25,5860,5931,5820,5874,421500,5874
2014-04-28,5857,5865,5822,5856,343800,5856
2014-04-30,5893,5929,5834,5883,536700,5883
2014-05-01,5915,5988,5883,5961,642300,5961
2014-05-02,5914,5931,5840,5856,688900,5856
2014-05-07,5779,5854,5743,5747,1108300,5747
2014-05-08,5748,5888,5740,5879,590100,5879
2014-05-09,5966,6068,5955,6029,1119300,6029
2014-05-12,6000,6088,6000,6021,544700,6021
2014-05-13,6090,6122,6077,6100,697300,6100
2014-05-14,6100,6163,6091,6154,483100,6154
2014-05-15,6121,6146,6062,6114,397500,6114
2014-05-16,6025,6080,6020,6068,521700,6068
2014-05-19,6087,6100,6030,6032,419900,6032
2014-05-20,6100,6175,6053,6155,556900,6155
2014-05-21,6102,6165,6102,6127,578900,6127
2014-05-22,6170,6197,6133,6185,658800,6185
2014-05-23,6197,6241,6168,6213,509300,6213
2014-05-26,6249,6262,6200,6259,388500,6259
2014-05-27,6251,6346,6244,6273,671200,6273
2014-05-28,6270,6298,6248,6254,508200,6254
2014-05-29,6205,6239,6187,6227,369800,6227
2014-05-30,6198,6249,6189,6196,975700,6196
2014-06-02,6258,6351,6257,6330,682600,6330
2014-06-03,6360,6393,6320,6353,641200,6353
2014-06-04,6343,6417,6334,6415,742100,6415
2014-06-05,6445,6449,6392,6444,690000,6444
2014-06-06,6450,6492,6449,6470,801100,6470
2014-06-09,6498,6502,6405,6407,455000,6407
2014-06-10,6426,6465,6364,6378,464600,6378
2014-06-11,6380,6433,6360,6430,553500,6430
2014-06-12,6390,6395,6334,6355,522700,6355
2014-06-13,6240,6375,6223,6360,1678300,6360
2014-06-16,6284,6360,6155,6174,1327700,6174
2014-06-17,6175,6210,6149,6155,1174100,6155
2014-06-18,6197,6245,6166,6204,726400,6204
2014-06-19,6229,6338,6200,6304,938200,6304
2014-06-20,6233,6321,6233,6276,606600,6276
2014-06-23,6347,6347,6261,6278,539100,6278
2014-06-24,6276,6291,6240,6264,455100,6264
2014-06-25,6229,6270,6214,6224,369100,6224
2014-06-26,6256,6268,6208,6236,437200,6236
2014-06-27,6210,6226,6098,6132,716000,6132
2014-06-30,6160,6196,6137,6190,547700,6190
2014-07-01,6155,6287,6150,6245,682000,6245
2014-07-02,6265,6341,6265,6297,589800,6297
2014-07-03,6285,6295,6211,6223,607200,6223
2014-07-04,6289,6289,6217,6238,344400,6238
2014-07-07,6238,6254,6200,6202,408900,6202
2014-07-08,6172,6248,6130,6222,605600,6222
2014-07-09,6167,6207,6153,6200,468800,6200
2014-07-10,6210,6253,6161,6210,544800,6210
2014-07-11,6134,6241,6130,6209,666300,6209
2014-07-14,6201,6210,6151,6197,471400,6197
2014-07-15,6180,6244,6172,6229,429300,6229
2014-07-16,6229,6292,6227,6282,548300,6282
2014-07-17,6295,6300,6257,6272,297000,6272
2014-07-18,6172,6199,6136,6182,598700,6182
2014-07-22,6222,6302,6197,6260,650400,6260
2014-07-23,6270,6287,6258,6267,388400,6267
2014-07-24,6299,6317,6234,6254,581100,6254
2014-07-25,6282,6345,6272,6336,341700,6336
2014-07-28,6326,6398,6321,6381,311500,6381
2014-07-29,6400,6427,6377,6417,465800,6417
2014-07-30,6391,6443,6391,6432,388900,6432
2014-07-31,6445,6456,6333,6338,801100,6338
2014-08-01,6338,6414,6329,6369,635300,6369
2014-08-04,6369,6369,6301,6303,569800,6303
2014-08-05,6403,6405,6297,6311,577600,6311
2014-08-06,6281,6310,6206,6229,565000,6229
2014-08-07,6205,6400,6202,6391,887800,6391
2014-08-08,6360,6434,6210,6231,1465800,6231
2014-08-11,6388,6450,6354,6443,636900,6443
2014-08-12,6435,6495,6406,6422,493800,6422
2014-08-13,6421,6464,6410,6451,377900,6451
2014-08-14,6485,6493,6451,6466,351700,6466
2014-08-15,6484,6488,6454,6470,213000,6470
2014-08-18,6440,6454,6402,6422,375900,6422
2014-08-19,6483,6484,6425,6429,478400,6429
2014-08-20,6416,6448,6410,6435,283800,6435
2014-08-21,6450,6468,6415,6428,364500,6428
2014-08-22,6424,6455,6397,6403,501100,6403
2014-08-25,6448,6448,6397,6425,502200,6425
2014-08-26,6413,6432,6390,6397,293700,6397
2014-08-27,6399,6426,6333,6363,543600,6363
2014-08-28,6335,6344,6298,6341,416000,6341
2014-08-29,6352,6388,6307,6359,555000,6359
2014-09-01,6344,6372,6325,6356,213300,6356
2014-09-02,6380,6436,6339,6423,452700,6423
2014-09-03,6466,6474,6398,6405,505600,6405
2014-09-04,6362,6375,6334,6356,512500,6356
2014-09-05,6442,6442,6323,6340,498800,6340
2014-09-08,6309,6379,6256,6300,671900,6300
2014-09-09,6308,6328,6258,6265,506900,6265
2014-09-10,6252,6285,6203,6239,743600,6239
2014-09-11,6260,6269,6207,6239,605300,6239
2014-09-12,6239,6319,6211,6302,2324000,6302
2014-09-16,6307,6380,6306,6353,716200,6353
2014-09-17,6383,6418,6375,6378,588900,6378
2014-09-18,6454,6489,6431,6465,950100,6465
2014-09-19,6489,6498,6451,6456,881200,6456
2014-09-22,6435,6533,6431,6525,697000,6525
2014-09-24,6506,6585,6506,6541,658000,6541
2014-09-25,6580,6640,6580,6607,724900,6607
2014-09-26,6447,6549,6431,6505,721700,6505
2014-09-29,6516,6573,6487,6567,458800,6567
2014-09-30,6558,6567,6478,6533,533900,6533
2014-10-01,6512,6585,6484,6514,450500,6514
2014-10-02,6432,6488,6383,6387,706300,6387
2014-10-03,6343,6387,6304,6369,610700,6369
2014-10-06,6409,6433,6380,6394,570400,6394
2014-10-07,6335,6393,6326,6355,721100,6355
2014-10-08,6284,6345,6260,6325,899100,6325
2014-10-09,6350,6357,6230,6254,931000,6254
2014-10-10,6246,6258,6193,6232,1576700,6232
2014-10-14,6101,6187,6097,6112,1387200,6112
2014-10-15,6109,6109,6013,6040,1322000,6040
2014-10-16,5870,5922,5854,5873,1284000,5873
2014-10-17,5870,5881,5764,5785,1142200,5785
2014-10-20,5895,5985,5839,5948,1261600,5948
2014-10-21,5980,5980,5813,5827,815600,5827
2014-10-22,5901,6012,5901,6008,1062500,6008
2014-10-23,5958,6054,5958,6035,940900,6035
2014-10-24,6105,6140,6093,6138,801200,6138
2014-10-27,6166,6225,6158,6205,545700,6205
2014-10-28,6160,6216,6146,6188,608200,6188
2014-10-29,6229,6300,6211,6264,669700,6264
2014-10-30,6309,6399,6266,6351,1579600,6351
2014-10-31,6451,6841,6451,6751,2197300,6751
2014-11-04,7100,7120,6909,6930,2359500,6930
2014-11-05,6900,6993,6879,6972,1257600,6972
2014-11-06,6998,7058,6917,6954,1121300,6954
2014-11-07,7038,7038,6958,7004,849400,7004
2014-11-10,6950,6980,6864,6919,844600,6919
2014-11-11,7000,7099,6942,7089,825500,7089
2014-11-12,7100,7178,7040,7057,1048100,7057
2014-11-13,7095,7158,7045,7152,583000,7152
2014-11-14,7247,7247,7082,7163,1813200,7163
2014-11-17,7083,7114,6762,6789,1311900,6789
2014-11-18,6902,6953,6864,6953,782400,6953
2014-11-19,6941,6984,6890,6903,952100,6903
2014-11-20,6977,6988,6838,6849,820000,6849
2014-11-21,6796,6873,6733,6840,830300,6840
2014-11-25,6940,6940,6755,6763,762500,6763
2014-11-26,6752,6786,6735,6759,801300,6759
2014-11-27,6731,6785,6711,6742,446800,6742
2014-11-28,6793,6883,6788,6864,514700,6864
2014-12-01,6831,6894,6830,6873,447400,6873
2014-12-02,6810,6905,6808,6887,589000,6887
2014-12-03,6977,6977,6887,6906,1038200,6906
2014-12-04,6961,6985,6902,6917,789200,6917
2014-12-05,6836,6907,6836,6866,1011500,6866
2014-12-08,6872,6962,6825,6956,1586000,6956
2014-12-09,6959,7041,6930,7024,1426300,7024
2014-12-10,6883,6959,6747,6792,1740300,6792
2014-12-11,6714,6784,6700,6733,1058600,6733
2014-12-12,6769,6845,6727,6780,2270000,6780
2014-12-15,6640,6761,6631,6709,677600,6709
2014-12-16,6648,6686,6594,6613,1142100,6613
2014-12-17,6640,6667,6594,6610,1096100,6610
2014-12-18,6734,6847,6704,6847,1102600,6847
2014-12-19,6947,6997,6917,6987,1011000,6987
2014-12-22,7040,7040,6985,7020,696400,7020
2014-12-24,7100,7116,7058,7099,730500,7099
2014-12-25,7058,7112,7058,7102,385400,7102
2014-12-26,7061,7126,7061,7109,387300,7109
2014-12-29,7158,7159,6998,7056,628400,7056
2014-12-30,7057,7073,6942,6945,645200,6945
2015-01-05,6869,6914,6812,6848,706500,6848
2015-01-06,6748,6786,6611,6612,1363900,6612
2015-01-07,6583,6612,6530,6559,1085800,6559
2015-01-08,6601,6666,6588,6650,894500,6650
2015-01-09,6755,6764,6601,6662,1145200,6662
2015-01-13,6661,6685,6541,6683,810300,6683
2015-01-14,6605,6695,6567,6578,842400,6578
2015-01-15,6631,6756,6604,6755,748700,6755
2015-01-16,6611,6666,6534,6666,1051100,6666
2015-01-19,6712,6768,6679,6766,627200,6766
2015-01-20,6789,6885,6773,6875,616000,6875
2015-01-21,6850,6872,6795,6860,673200,6860
2015-01-22,6845,6850,6752,6823,593500,6823
2015-01-23,6871,6882,6826,6868,403400,6868
2015-01-26,6746,6777,6702,6767,736100,6767
2015-01-27,6867,6868,6727,6856,748200,6856
2015-01-28,6806,6889,6796,6850,764400,6850
2015-01-29,6758,6882,6754,6784,767000,6784
2015-01-30,6872,6908,6826,6874,846300,6874
2015-02-02,6843,6884,6821,6848,433500,6848
2015-02-03,6882,6930,6821,6850,838000,6850
2015-02-04,6978,7033,6935,7007,973900,7007
2015-02-05,6995,7005,6905,6930,665000,6930
2015-02-06,7030,7050,6965,7015,514700,7015
2015-02-09,7048,7099,6957,6994,742800,6994
2015-02-10,7047,7075,6933,7000,760300,7000
2015-02-12,7130,7180,7033,7130,725100,7130
2015-02-13,7038,7081,7016,7031,936600,7031
2015-02-16,7044,7079,7007,7071,531900,7071
2015-02-17,7062,7124,7045,7096,669700,7096
2015-02-18,7183,7270,7182,7233,860900,7233
2015-02-19,7224,7294,7221,7267,630000,7267
2015-02-20,7295,7298,7238,7296,667400,7296
2015-02-23,7380,7380,7303,7330,571200,7330
2015-02-24,7330,7388,7316,7380,697300,7380
2015-02-25,7426,7430,7328,7344,594200,7344
2015-02-26,7370,7434,7349,7429,470300,7429
2015-02-27,7477,7483,7406,7447,884300,7447
2015-03-02,7486,7519,7430,7465,583600,7465
2015-03-03,7506,7506,7420,7446,441900,7446
2015-03-04,7393,7430,7365,7406,440200,7406
2015-03-05,7462,7462,7401,7440,555900,7440
2015-03-06,7450,7592,7426,7592,679300,7592
2015-03-09,7593,7628,7493,7595,796400,7595
2015-03-10,7606,7632,7416,7497,1093900,7497
2015-03-11,7465,7544,7425,7499,693700,7499
2015-03-12,7545,7595,7513,7574,530600,7574
2015-03-13,7677,7677,7524,7648,2189000,7648
2015-03-16,7640,7709,7596,7647,672400,7647
2015-03-17,7727,7765,7667,7762,627800,7762
2015-03-18,7735,7864,7717,7862,881400,7862
2015-03-19,7831,7944,7811,7926,938300,7926
2015-03-20,7976,8135,7890,8135,1084700,8135
2015-03-23,8150,8242,8143,8203,783200,8203
2015-03-24,8205,8247,8162,8196,810700,8196
2015-03-25,8205,8237,8107,8227,765300,8227
2015-03-26,8200,8226,8113,8157,675800,8157
2015-03-27,8100,8318,7994,8104,1151300,8104
2015-03-30,8120,8129,8033,8086,624100,8086
2015-03-31,8096,8179,7983,8025,1276000,8025
2015-04-01,8001,8086,7857,7945,1234100,7945
2015-04-02,7945,8100,7940,8050,846700,8050
2015-04-03,8052,8163,8050,8110,438100,8110
2015-04-06,8050,8140,8044,8125,377300,8125
2015-04-07,8157,8212,8117,8197,749100,8197
2015-04-08,8242,8377,8159,8347,1059600,8347
2015-04-09,8422,8553,8399,8550,1220000,8550
2015-04-10,8550,8621,8482,8601,1683100,8601
2015-04-13,8602,8657,8576,8633,1015000,8633
2015-04-14,8554,8714,8551,8671,826400,8671
2015-04-15,8635,8728,8614,8686,1048300,8686
2015-04-16,8702,8754,8636,8749,1141500,8749
2015-04-17,8700,8724,8629,8667,1452200,8667
2015-04-20,8560,8681,8485,8581,872900,8581
2015-04-21,8662,8787,8584,8787,1080300,8787
2015-04-22,8811,9041,8784,9022,1340300,9022
2015-04-23,9005,9029,8941,8971,1151200,8971
2015-04-24,8901,8950,8595,8611,1705600,8611
2015-04-27,8630,8699,8597,8631,867400,8631
2015-04-28,8720,8735,8640,8670,1024600,8670
2015-04-30,8694,8720,8492,8492,1461500,8492
2015-05-01,8515,8541,8452,8532,574100,8532
2015-05-07,8489,8518,8382,8389,870800,8389
2015-05-08,8389,8535,8383,8499,831000,8499
2015-05-11,8649,8699,8499,8695,783900,8695
2015-05-12,8400,8497,8179,8240,1488200,8240
2015-05-13,8225,8365,8141,8311,1164800,8311
2015-05-14,8325,8389,8277,8316,844200,8316
2015-05-15,8330,8380,8285,8348,614300,8348
2015-05-18,8347,8368,8310,8344,581400,8344
2015-05-19,8358,8416,8302,8382,743600,8382
2015-05-20,8480,8572,8462,8495,750300,8495
2015-05-21,8523,8600,8500,8543,461000,8543
2015-05-22,8580,8580,8418,8470,544500,8470
2015-05-25,8439,8488,8408,8453,557300,8453
2015-05-26,8452,8559,8452,8538,538400,8538
2015-05-27,8565,8619,8519,8568,633600,8568
2015-05-28,8600,8600,8455,8490,701400,8490
2015-05-29,8470,8529,8311,8311,1270100,8311
2015-06-01,8293,8358,8268,8331,516300,8331
2015-06-02,8309,8375,8291,8339,501000,8339
2015-06-03,8261,8360,8240,8359,592000,8359
2015-06-04,8406,8416,8272,8310,584300,8310
2015-06-05,8251,8318,8231,8297,440500,8297
2015-06-08,8346,8367,8253,8274,538400,8274
2015-06-09,8200,8244,8134,8134,657000,8134
2015-06-10,8134,8228,8114,8127,583100,8127
2015-06-11,8213,8311,8210,8310,578600,8310
2015-06-12,8327,8330,8216,8265,1485700,8265
2015-06-15,8166,8272,8160,8258,529400,8258
2015-06-16,8165,8220,8087,8126,628300,8126
2015-06-17,8144,8161,8040,8059,637600,8059
2015-06-18,8095,8123,7954,7972,702400,7972
2015-06-19,8051,8072,7961,8010,614000,8010
2015-06-22,8010,8131,7996,8096,629300,8096
2015-06-23,8130,8277,8107,8277,737500,8277
2015-06-24,8277,8300,8178,8237,788400,8237
2015-06-25,8280,8280,8206,8236,369500,8236
2015-06-26,8218,8257,8171,8238,402100,8238
2015-06-29,8088,8119,7901,7904,942200,7904
2015-06-30,7950,7957,7893,7945,700700,7945
2015-07-01,7906,7967,7885,7905,637400,7905
2015-07-02,8031,8130,7993,8113,707700,8113
2015-07-03,8125,8196,8084,8194,504200,8194
2015-07-06,7999,8138,7956,7994,752000,7994
2015-07-07,8104,8147,8059,8127,442200,8127
2015-07-08,8102,8165,7907,7908,806100,7908
2015-07-09,7741,7926,7680,7926,988500,7926
2015-07-10,7966,8124,7929,7972,1268400,7972
2015-07-13,8060,8088,7991,8056,675300,8056
2015-07-14,8175,8189,8130,8168,714200,8168
2015-07-15,8230,8238,8117,8190,613700,8190
2015-07-16,8290,8290,8177,8283,475500,8283
2015-07-17,8330,8373,8303,8323,335800,8323
2015-07-21,8419,8439,8350,8419,605000,8419
2015-07-22,8383,8408,8312,8325,388000,8325
2015-07-23,8399,8435,8352,8405,429500,8405
2015-07-24,8399,8445,8330,8362,354500,8362
2015-07-27,8358,8390,8274,8333,396200,8333
2015-07-28,8288,8431,8247,8361,633200,8361
2015-07-29,8381,8425,8372,8400,607000,8400
2015-07-30,8445,8510,8390,8426,958700,8426
2015-07-31,8411,8500,8320,8358,638500,8358
2015-08-03,8280,8309,8171,8309,573100,8309
2015-08-04,8282,8342,8188,8327,634900,8327
2015-08-05,8278,8410,8278,8375,695700,8375
2015-08-06,8429,8449,8310,8324,877700,8324
2015-08-07,8331,8409,8250,8390,616000,8390
2015-08-10,8329,8442,8281,8427,791600,8427
2015-08-11,8490,8490,8257,8321,783200,8321
2015-08-12,8250,8320,8086,8101,709400,8101
2015-08-13,8070,8204,8021,8177,677100,8177
2015-08-14,8175,8205,8102,8164,565700,8164
2015-08-17,8210,8222,8122,8157,406600,8157
2015-08-18,8155,8155,8080,8100,378200,8100
2015-08-19,8100,8135,8039,8042,509600,8042
2015-08-20,8012,8094,7958,7962,470800,7962
2015-08-21,7858,7888,7780,7780,814700,7780
2015-08-24,7650,7785,7428,7473,1224600,7473
2015-08-25,7255,7599,7156,7288,1752500,7288
2015-08-26,7214,7420,7165,7397,1290200,7397
2015-08-27,7490,7609,7444,7546,710300,7546
2015-08-28,7696,7723,7584,7712,681600,7712
2015-08-31,7696,7765,7616,7763,606800,7763
2015-09-01,7758,7787,7505,7505,648400,7505
2015-09-02,7355,7628,7350,7437,718600,7437
2015-09-03,7566,7615,7425,7434,401600,7434
2015-09-04,7499,7500,7252,7346,589500,7346
2015-09-07,7350,7547,7287,7509,871800,7509
2015-09-08,7547,7561,7250,7250,874700,7250
2015-09-09,7500,7728,7406,7728,1066000,7728
2015-09-10,7449,7614,7402,7592,716600,7592
2015-09-11,7588,7742,7564,7637,2104400,7637
2015-09-14,7716,7716,7543,7562,530500,7562
2015-09-15,7590,7765,7590,7680,592900,7680
2015-09-16,7755,7798,7656,7700,452700,7700
2015-09-17,7727,7757,7598,7735,561300,7735
2015-09-18,7651,7736,7373,7495,983200,7495
2015-09-24,7292,7381,7269,7277,1114300,7277
2015-09-25,7278,7389,7264,7380,968000,7380
2015-09-28,7345,7408,7203,7280,922900,7280
2015-09-29,7180,7198,7057,7079,942900,7079
2015-09-30,7159,7199,7038,7169,858600,7169
2015-10-01,7210,7250,7108,7157,897200,7157
2015-10-02,7080,7196,7064,7193,587800,7193
2015-10-05,7260,7337,7212,7303,391700,7303
2015-10-06,7404,7418,7236,7312,829900,7312
2015-10-07,7330,7360,7155,7282,1203900,7282
2015-10-08,7320,7339,7231,7288,864300,7288
2015-10-09,7397,7492,7300,7488,1435200,7488
2015-10-13,7467,7528,7404,7494,993600,7494
2015-10-14,7471,7510,7406,7434,973700,7434
2015-10-15,7449,7590,7399,7559,678200,7559
2015-10-16,7612,7710,7547,7612,645100,7612
2015-10-19,7644,7683,7582,7595,658700,7595
2015-10-20,7683,7689,7621,7633,541200,7633
2015-10-21,7610,7754,7570,7722,610800,7722
2015-10-22,7710,7736,7629,7671,484700,7671
2015-10-23,7820,7918,7811,7886,890700,7886
2015-10-26,7952,8087,7926,7948,826500,7948
2015-10-27,8000,8069,7840,7863,909500,7863
2015-10-28,7885,7963,7855,7916,798800,7916
2015-10-29,8009,8048,7896,7979,1777800,7979
2015-10-30,8009,8178,7930,8117,1166900,8117
2015-11-02,7944,8016,7855,7903,781600,7903
2015-11-04,8103,8115,8018,8018,836900,8018
2015-11-05,8080,8139,8008,8065,789700,8065
2015-11-06,8077,8174,8041,8122,663800,8122
2015-11-09,8121,8190,8065,8150,985000,8150
2015-11-10,7920,8134,7920,8111,836600,8111
2015-11-11,8080,8165,8061,8138,1024600,8138
2015-11-12,8108,8195,8108,8155,967900,8155
2015-11-13,8100,8128,8052,8107,983000,8107
2015-11-16,8003,8120,8000,8098,659600,8098
2015-11-17,8199,8264,8129,8202,878700,8202
2015-11-18,8283,8410,8256,8278,904300,8278
2015-11-19,8382,8410,8279,8288,1159300,8288
2015-11-20,8275,8385,8218,8385,818200,8385
2015-11-24,8356,8399,8311,8384,574500,8384
2015-11-25,8320,8405,8320,8396,662100,8396
2015-11-26,8455,8486,8426,8446,598000,8446
2015-11-27,8489,8490,8379,8439,640000,8439
2015-11-30,8410,8475,8392,8437,985200,8437
2015-12-01,8460,8537,8426,8536,795300,8536
2015-12-02,8545,8588,8516,8551,664600,8551
2015-12-03,8571,8582,8498,8549,565600,8549
2015-12-04,8400,8506,8362,8411,1009100,8411
2015-12-07,8500,8538,8468,8505,533500,8505
2015-12-08,8505,8557,8460,8472,548400,8472
2015-12-09,8466,8515,8352,8384,646300,8384
2015-12-10,8300,8344,8189,8189,988100,8189
2015-12-11,7889,8175,7889,8119,3028800,8119
2015-12-14,7989,8114,7969,8089,842500,8089
2015-12-15,8036,8105,7970,7970,827300,7970
2015-12-16,8045,8139,8022,8138,649300,8138
2015-12-17,8286,8359,8174,8306,976800,8306
2015-12-18,8298,8630,8185,8185,1256200,8185
2015-12-21,8181,8217,8055,8140,773700,8140
2015-12-22,8104,8192,8061,8132,717400,8132
2015-12-24,8266,8270,8120,8129,467100,8129
2015-12-25,8151,8208,8116,8137,299900,8137
2015-12-28,8193,8215,8057,8111,358400,8111
2015-12-29,8106,8212,8106,8205,370100,8205
2015-12-30,8266,8298,8195,8240,358400,8240
2016-01-04,8168,8217,8009,8027,843600,8027
2016-01-05,8038,8044,7925,7998,693100,7998
2016-01-06,7988,8002,7835,7902,911200,7902
2016-01-07,7880,7915,7776,7807,1100600,7807
2016-01-08,7713,7904,7713,7802,1679500,7802
2016-01-12,7734,7796,7631,7672,1834000,7672
2016-01-13,7720,7788,7651,7749,2001000,7749
2016-01-14,7536,7580,7459,7554,2010000,7554
2016-01-15,7688,7765,7629,7663,1211300,7663
2016-01-18,7528,7697,7494,7663,1026200,7663
2016-01-19,7654,7740,7576,7655,1133300,7655
2016-01-20,7675,7719,7492,7509,1129500,7509
2016-01-21,7564,7647,7307,7314,1033200,7314
2016-01-22,7542,7733,7509,7719,1083500,7719
2016-01-25,7800,7875,7727,7860,938800,7860
2016-01-26,7763,7836,7734,7778,750100,7778
2016-01-27,7924,8013,7871,7982,986000,7982
2016-01-28,7950,8158,7930,8089,1363200,8089
2016-01-29,8190,8430,8006,8315,1651200,8315
2016-02-01,8368,8478,8335,8450,1095100,8450
2016-02-02,8334,8499,8332,8485,707400,8485
2016-02-03,8365,8563,8350,8519,1188800,8519
2016-02-04,8448,8507,8388,8438,979000,8438
2016-02-05,8193,8292,8134,8253,975900,8253
2016-02-08,8235,8444,8227,8408,760000,8408
2016-02-09,8128,8207,8003,8047,1133200,8047
2016-02-10,8021,8023,7700,7758,1067900,7758
2016-02-12,7851,7980,7655,7712,2334200,7712
2016-02-15,7886,8245,7849,8197,1378400,8197
2016-02-16,8011,8297,8011,8162,868700,8162
2016-02-17,8049,8158,7880,7997,1122700,7997
2016-02-18,8100,8108,7923,7937,1172300,7937
2016-02-19,7909,7989,7832,7968,878100,7968
2016-02-22,7945,8188,7920,8120,644200,8120
2016-02-23,8116,8188,8004,8063,670100,8063
2016-02-24,8000,8132,7965,8079,602400,8079
2016-02-25,8080,8229,8069,8204,745500,8204
2016-02-26,8217,8305,8201,8201,774300,8201
2016-02-29,8228,8266,8039,8039,1142700,8039
2016-03-01,8063,8285,8054,8222,872400,8222
2016-03-02,8457,8570,8362,8522,951900,8522
2016-03-03,8530,8631,8423,8616,648400,8616
2016-03-04,8590,8611,8504,8575,535400,8575
2016-03-07,8613,8615,8504,8540,795200,8540
2016-03-08,8488,8521,8273,8340,1106100,8340
2016-03-09,8287,8376,8216,8332,792900,8332
2016-03-10,8419,8507,8416,8463,584000,8463
2016-03-11,8313,8515,8250,8447,2011800,8447
2016-03-14,8552,8585,8436,8466,582500,8466
2016-03-15,8500,8540,8408,8453,572500,8453
2016-03-16,8365,8442,8322,8386,606900,8386
2016-03-17,8467,8547,8336,8399,603500,8399
2016-03-18,8390,8390,8274,8326,613000,8326
2016-03-22,8454,8534,8377,8520,624500,8520
2016-03-23,8550,8620,8536,8570,620400,8570
2016-03-24,8613,8735,8582,8694,781200,8694
2016-03-25,8700,8728,8602,8655,578700,8655
2016-03-28,8739,8781,8686,8765,591700,8765
2016-03-29,8605,8695,8556,8634,725400,8634
2016-03-30,8639,8639,8542,8548,669300,8548
2016-03-31,8534,8539,8366,8366,1042500,8366
2016-04-01,8312,8337,8102,8132,1015300,8132
2016-04-04,8121,8197,8065,8121,644600,8121
2016-04-05,8071,8098,7854,7907,1044100,7907
2016-04-06,7972,7995,7847,7872,628500,7872
2016-04-07,7897,7948,7832,7906,644600,7906
2016-04-08,7827,8088,7795,7981,1049300,7981
2016-04-11,7971,8029,7884,7994,680000,7994
2016-04-12,8047,8145,7978,8021,631400,8021
2016-04-13,8031,8140,8003,8123,582900,8123
2016-04-14,8235,8339,8131,8339,810100,8339
2016-04-15,8223,8371,8203,8290,719300,8290
2016-04-18,8095,8160,8030,8060,910800,8060
2016-04-19,8247,8360,8190,8288,845900,8288
2016-04-20,8406,8444,8307,8371,730300,8371
2016-04-21,8521,8521,8357,8477,881100,8477
2016-04-22,8489,8644,8471,8644,1098500,8644
2016-04-25,8630,8687,8593,8682,737800,8682
2016-04-26,8700,8754,8639,8741,747300,8741
2016-04-27,8800,8830,8648,8682,1063100,8682
2016-04-28,8750,8787,8268,8445,1169500,8445
2016-05-02,8145,8245,8143,8214,773100,8214
2016-05-06,8273,8340,8215,8307,914500,8307
2016-05-09,8407,8414,8318,8390,483200,8390
2016-05-10,8397,8547,8389,8484,1049800,8484
2016-05-11,8597,8609,8421,8513,610300,8513
2016-05-12,8390,8519,8353,8500,545900,8500
2016-05-13,8630,8645,8529,8592,1243800,8592
2016-05-16,8603,8653,8513,8558,558400,8558
2016-05-17,8640,8709,8544,8698,672100,8698
2016-05-18,8670,8715,8500,8573,767300,8573
2016-05-19,8660,8660,8519,8592,430300,8592
2016-05-20,8598,8655,8557,8649,553200,8649
2016-05-23,8625,8625,8504,8566,424200,8566
2016-05-24,8545,8545,8411,8428,642600,8428
2016-05-25,8550,8597,8540,8557,470500,8557
2016-05-26,8665,8676,8524,8543,442400,8543
2016-05-27,8578,8595,8510,8559,295800,8559
2016-05-30,8599,8688,8563,8668,374000,8668
2016-05-31,8600,8705,8583,8685,632100,8685
2016-06-01,8535,8649,8490,8519,605800,8519
2016-06-02,8480,8517,8291,8322,628800,8322
2016-06-03,8333,8398,8280,8383,432200,8383
2016-06-06,8278,8348,8261,8332,429500,8332
2016-06-07,8326,8333,8236,8275,600900,8275
2016-06-08,8300,8353,8250,8352,484200,8352
2016-06-09,8305,8337,8229,8263,473000,8263
2016-06-10,8255,8287,8185,8279,1384900,8279
2016-06-13,8101,8129,7960,7960,724000,7960
2016-06-14,7994,7994,7816,7870,802300,7870
2016-06-15,7869,7890,7792,7834,561900,7834
2016-06-16,7829,7851,7631,7645,683600,7645
2016-06-17,7738,7835,7674,7715,744700,7715
2016-06-20,7840,7874,7794,7818,728400,7818
2016-06-21,7817,7933,7733,7914,555100,7914
2016-06-22,7850,7861,7765,7813,504300,7813
2016-06-23,7852,7860,7726,7772,388000,7772
2016-06-24,7780,7799,7167,7183,1089300,7183
2016-06-27,7328,7538,7251,7527,927300,7527
2016-06-28,7390,7630,7358,7576,672800,7576
2016-06-29,7669,7672,7524,7621,804400,7621
2016-06-30,7570,7612,7551,7553,1104400,7553
2016-07-01,7552,7572,7498,7539,738900,7539
2016-07-04,7435,7559,7435,7533,594200,7533
2016-07-05,7507,7585,7504,7569,564000,7569
2016-07-06,7500,7541,7392,7476,864100,7476
2016-07-07,7517,7524,7406,7428,573200,7428
2016-07-08,7502,7624,7416,7443,1345800,7443
2016-07-11,7662,7706,7597,7662,659200,7662
2016-07-12,7786,7844,7753,7793,819700,7793
2016-07-13,8000,8014,7772,7793,938800,7793
2016-07-14,7853,7997,7844,7964,694700,7964
2016-07-15,7940,7993,7770,7795,865100,7795
2016-07-19,7769,7954,7765,7945,582500,7945
2016-07-20,7896,7947,7877,7947,736600,7947
2016-07-21,8050,8050,7945,7972,506900,7972
2016-07-22,7981,7981,7798,7836,539900,7836
2016-07-25,7835,7939,7827,7860,378600,7860
2016-07-26,7820,7849,7728,7772,578200,7772
2016-07-27,7819,7945,7785,7824,727900,7824
2016-07-28,7758,7790,7684,7712,400300,7712
2016-07-29,7655,7778,7551,7759,802800,7759
2016-08-01,7636,7903,7618,7901,842400,7901
2016-08-02,7800,7919,7778,7876,741100,7876
2016-08-03,7665,7807,7665,7729,818000,7729
2016-08-04,7718,7746,7487,7556,1246500,7556
2016-08-05,7504,7585,7471,7511,871500,7511
2016-08-08,7568,7732,7535,7730,611200,7730
2016-08-09,7729,7777,7666,7688,565800,7688
2016-08-10,7677,7727,7571,7681,682400,7681
2016-08-12,7770,7849,7722,7840,698300,7840
2016-08-15,7850,7863,7736,7772,288700,7772
2016-08-16,7840,7845,7680,7680,672200,7680
2016-08-17,7712,7761,7682,7731,490500,7731
2016-08-18,7705,7730,7550,7566,644600,7566
2016-08-19,7590,7616,7432,7456,463900,7456
2016-08-22,7483,7552,7462,7534,417500,7534
2016-08-23,7491,7649,7476,7560,567100,7560
2016-08-24,7571,7705,7571,7682,671600,7682
2016-08-25,7707,7787,7700,7727,1170700,7727
2016-08-26,7690,7694,7500,7621,1094700,7621
2016-08-29,7771,7839,7717,7819,790700,7819
2016-08-30,7849,7859,7777,7804,586600,7804
2016-08-31,7862,7868,7775,7852,569900,7852
2016-09-01,7887,7939,7851,7904,648000,7904
2016-09-02,7921,7977,7857,7899,719500,7899
2016-09-05,7979,7980,7813,7846,508300,7846
2016-09-06,7899,7945,7861,7904,496900,7904
2016-09-07,7857,7871,7782,7846,724900,7846
2016-09-08,7861,7890,7797,7849,537900,7849
2016-09-09,7948,7965,7824,7876,1397200,7876
2016-09-12,7840,7849,7677,7725,614900,7725
2016-09-13,7804,7845,7757,7822,478100,7822
2016-09-14,7755,7799,7706,7720,590900,7720
2016-09-15,7660,7675,7550,7573,807600,7573
2016-09-16,7630,7689,7582,7677,783700,7677
2016-09-20,7610,7694,7562,7596,740200,7596
2016-09-21,7557,7678,7515,7657,1049300,7657
2016-09-23,7625,7653,7558,7562,979000,7562
2016-09-26,7583,7593,7492,7511,742700,7511
2016-09-27,7456,7610,7393,7606,763200,7606
2016-09-28,7437,7519,7431,7495,673800,7495
2016-09-29,7507,7622,7465,7595,825800,7595
2016-09-30,7551,7556,7491,7508,892600,7508
2016-10-03,7536,7636,7536,7620,603900,7620
2016-10-04,7644,7669,7581,7669,576100,7669
2016-10-05,7675,7675,7590,7625,501500,7625
2016-10-06,7639,7649,7603,7629,466200,7629
2016-10-07,7566,7591,7519,7527,538700,7527
2016-10-11,7524,7584,7515,7566,541900,7566
2016-10-12,7521,7575,7505,7534,476500,7534
2016-10-13,7599,7606,7507,7525,458000,7525
2016-10-14,7487,7540,7461,7509,938700,7509
2016-10-17,7496,7554,7483,7526,467200,7526
2016-10-18,7488,7517,7419,7438,829500,7438
2016-10-19,7438,7466,7417,7454,550900,7454
2016-10-20,7487,7599,7485,7599,747700,7599
2016-10-21,7615,7627,7558,7590,527000,7590
2016-10-24,7633,7653,7591,7643,389100,7643
2016-10-25,7672,7707,7636,7653,519600,7653
2016-10-26,7663,7708,7642,7706,431700,7706
2016-10-27,7731,7744,7648,7675,401100,7675
2016-10-28,7734,7760,7620,7639,947400,7639
2016-10-31,7600,7658,7555,7583,604700,7583
2016-11-01,7579,7664,7554,7637,453600,7637
2016-11-02,7619,7694,7585,7643,649400,7643
2016-11-04,7653,7654,7478,7540,1002700,7540
2016-11-07,7689,7689,7612,7669,912500,7669
2016-11-08,7706,7733,7669,7715,577200,7715
2016-11-09,7750,7828,7293,7349,1439200,7349
2016-11-10,7830,7900,7745,7814,1562000,7814
2016-11-11,7921,7921,7767,7834,1394900,7834
2016-11-14,7889,7982,7853,7935,918600,7935
2016-11-15,7927,7977,7867,7945,898100,7945
2016-11-16,8020,8103,8003,8073,904800,8073
2016-11-17,8047,8125,8034,8085,720000,8085
2016-11-18,8185,8185,8064,8075,915600,8075
2016-11-21,8082,8116,8050,8104,551500,8104
2016-11-22,8104,8159,8064,8116,601600,8116
2016-11-24,8199,8272,8148,8223,657200,8223
2016-11-25,8228,8285,8198,8275,622300,8275
2016-11-28,8200,8269,8190,8267,524600,8267
2016-11-29,8242,8295,8230,8291,724100,8291
2016-11-30,8309,8365,8292,8319,758900,8319
2016-12-01,8433,8460,8297,8333,1089100,8333
2016-12-02,8224,8293,8202,8266,716300,8266
2016-12-05,8266,8276,8123,8133,724700,8133
2016-12-06,8200,8210,8054,8057,913900,8057
2016-12-07,8170,8188,8115,8159,729700,8159
2016-12-08,8278,8278,8168,8225,712300,8225
2016-12-09,8207,8344,8171,8295,1661700,8295
2016-12-12,8368,8495,8323,8452,829700,8452
2016-12-13,8463,8538,8438,8529,513500,8529
2016-12-14,8521,8543,8463,8482,707000,8482
2016-12-15,8491,8540,8453,8466,612900,8466
2016-12-16,8540,8540,8451,8505,812200,8505
2016-12-19,8504,8514,8463,8503,439300,8503
2016-12-20,8499,8583,8451,8554,483700,8554
2016-12-21,8593,8620,8524,8564,529300,8564
2016-12-22,8552,8580,8508,8578,416400,8578
2016-12-26,8612,8616,8568,8582,407100,8582
2016-12-27,8582,8604,8548,8588,466300,8588
2016-12-28,8614,8630,8564,8615,524600,8615
2016-12-29,8616,8618,8486,8554,539800,8554
2016-12-30,8491,8575,8479,8548,460100,8548
2017-01-04,8550,8592,8412,8520,1212900,8520
